5_Car_Accident_Car_Crash_5_866
47
246 109 51 64 0.7567288 
355 83 71 61 0.56884056 
384 223 46 47 0.2567157 
485 86 35 44 0.22411896 
66 92 60 79 0.15404886 
702 439 40 44 0.12499496 
739 9 56 54 0.08758741 
468 106 84 114 0.08630665 
454 304 89 114 0.070183605 
376 81 42 42 0.0679416 
626 136 33 42 0.057555877 
452 89 45 64 0.049367055 
671 174 18 22 0.043652322 
801 0 41 47 0.040613916 
643 153 13 18 0.03525594 
438 51 85 110 0.034936655 
333 91 64 61 0.034811508 
363 103 40 43 0.033287793 
371 214 42 45 0.033112574 
438 312 77 72 0.029983586 
665 163 26 29 0.029494064 
404 85 54 64 0.029388094 
333 122 52 56 0.028966544 
465 390 36 38 0.028857995 
503 123 79 106 0.028381621 
437 113 48 67 0.028306453 
72 227 43 56 0.02777052 
112 84 50 64 0.027086213 
501 87 27 34 0.026904225 
731 206 24 30 0.026444307 
464 71 50 65 0.024678342 
7 253 28 39 0.024312904 
780 6 47 53 0.023610372 
383 200 42 42 0.023566565 
250 65 57 67 0.023548732 
630 451 68 65 0.023387436 
646 481 64 64 0.02335577 
194 349 48 71 0.02316557 
118 180 54 66 0.022896005 
605 419 48 55 0.022502145 
685 272 52 58 0.021872127 
229 86 51 70 0.021520443 
707 282 32 36 0.02109686 
512 89 17 23 0.020627288 
295 93 33 42 0.020212786 
235 137 34 40 0.020126518 
305 175 39 54 0.020076498 
