5_Car_Accident_Car_Crash_5_773
30
325 411 17 22 0.91843873 
394 425 17 22 0.91804504 
686 439 15 18 0.8772045 
630 444 14 17 0.8458605 
550 426 16 21 0.80284756 
465 434 16 20 0.5142096 
720 478 12 16 0.116755016 
3 452 25 31 0.10712635 
493 472 8 10 0.09939637 
658 297 12 16 0.059161164 
731 448 16 18 0.05635472 
514 285 12 14 0.051193066 
583 450 11 14 0.048144482 
570 409 14 19 0.036446378 
604 449 11 15 0.030152613 
491 475 9 11 0.02725461 
653 447 10 13 0.026938584 
670 374 12 15 0.026355145 
937 468 23 33 0.024762431 
379 434 15 17 0.024180466 
1005 188 15 19 0.023768295 
727 443 14 19 0.02230783 
299 460 11 16 0.02173558 
614 454 11 12 0.021505278 
531 436 11 13 0.021306623 
655 373 9 12 0.021046827 
712 483 13 16 0.020899804 
633 549 9 12 0.020884227 
757 447 16 23 0.020734483 
399 449 23 29 0.020026848 
