5_Car_Accident_Car_Crash_5_94
83
247 348 28 41 0.5330077 
517 291 12 15 0.4709573 
625 302 8 9 0.1963675 
265 355 29 34 0.16609149 
550 300 8 10 0.15471464 
629 302 7 10 0.13282989 
583 304 7 8 0.11918601 
454 308 10 13 0.09439451 
625 297 8 10 0.0700164 
589 317 8 10 0.06593013 
651 335 11 14 0.06444382 
607 311 8 9 0.06377554 
585 310 9 12 0.055105533 
524 286 12 15 0.05186556 
609 296 8 9 0.051650375 
535 278 9 11 0.050024796 
589 279 8 10 0.048958052 
576 287 8 10 0.048871286 
534 284 9 12 0.048402287 
545 295 10 12 0.04796859 
586 278 7 10 0.04738162 
748 513 91 99 0.042091858 
574 327 8 11 0.04206382 
569 295 8 10 0.039087165 
617 252 10 11 0.037483245 
549 286 9 10 0.0364471 
449 310 8 11 0.035158705 
441 271 94 117 0.03496287 
645 222 12 15 0.033300225 
93 325 22 28 0.03294293 
437 308 34 45 0.032602515 
544 285 9 12 0.03254363 
577 302 7 10 0.032521546 
234 355 32 40 0.032414865 
609 304 8 10 0.031869106 
574 295 8 10 0.03164833 
533 181 11 12 0.031542253 
764 342 17 19 0.030355647 
570 327 7 10 0.03034977 
582 108 9 10 0.029546801 
543 279 9 10 0.02932741 
608 327 8 9 0.029085224 
460 309 9 12 0.029018585 
653 367 9 12 0.028413896 
478 182 12 14 0.027519505 
514 287 10 14 0.027267208 
620 248 9 11 0.027216863 
560 263 8 9 0.02717384 
616 360 8 11 0.027133524 
606 246 9 11 0.027060563 
254 329 12 15 0.026978614 
601 264 8 9 0.026688663 
568 310 9 10 0.02637652 
606 318 8 10 0.026314076 
482 310 9 10 0.026302032 
615 303 6 9 0.026219541 
527 280 10 12 0.025729768 
449 383 27 31 0.025550112 
591 285 8 10 0.025431158 
567 302 9 10 0.024710925 
647 269 10 12 0.023373386 
584 272 9 10 0.022610983 
808 364 24 36 0.022529285 
560 279 8 10 0.022442006 
544 271 8 9 0.022275075 
629 296 7 10 0.022212163 
577 280 7 9 0.02199767 
367 318 9 11 0.021941828 
56 268 10 13 0.021926612 
245 358 17 24 0.021865506 
930 249 13 17 0.021368941 
590 272 8 10 0.021177012 
57 165 8 11 0.021174293 
526 387 14 17 0.021161232 
631 276 8 12 0.020923248 
197 350 15 19 0.020823909 
602 247 9 10 0.020814983 
311 303 8 10 0.020569969 
847 552 48 55 0.020460898 
613 309 8 10 0.020291323 
591 303 8 9 0.020211618 
801 245 13 18 0.02015963 
569 287 7 9 0.020037191 
