5_Car_Accident_Car_Crash_5_38
96
0 228 22 33 0.90013504 
832 234 11 13 0.56206477 
777 238 11 14 0.51542693 
324 92 46 40 0.49807525 
941 245 11 13 0.46508396 
69 269 14 19 0.46432123 
440 125 25 27 0.19841999 
915 237 9 13 0.18150257 
358 97 46 51 0.1285258 
888 243 9 11 0.1076061 
367 118 33 40 0.09363646 
705 434 115 120 0.09120586 
525 430 17 22 0.06868835 
339 99 47 52 0.067653194 
428 122 42 50 0.06680219 
797 279 13 18 0.06604959 
893 238 11 14 0.06466619 
777 262 18 20 0.064014465 
427 419 28 37 0.057344727 
306 72 49 48 0.051425185 
855 301 12 17 0.04937726 
427 125 27 31 0.047921643 
402 113 24 31 0.046871196 
963 289 20 20 0.045349315 
37 451 30 35 0.04390648 
428 137 15 18 0.043165654 
862 247 10 12 0.04234906 
878 238 11 14 0.0423446 
304 56 42 38 0.042092923 
902 271 8 10 0.040094953 
102 262 40 51 0.03934984 
110 194 12 16 0.03885852 
669 207 127 143 0.038393296 
373 108 49 57 0.038128693 
879 220 12 14 0.038092706 
128 203 11 14 0.037221618 
308 434 246 196 0.036310267 
898 219 12 13 0.03564632 
924 235 11 13 0.035290528 
913 232 10 13 0.033492565 
392 97 28 39 0.031506788 
66 259 22 26 0.03125188 
798 311 17 23 0.031003224 
536 437 28 33 0.030824436 
305 95 42 50 0.030533606 
318 116 54 68 0.030073717 
813 412 73 88 0.029856663 
377 126 19 24 0.02972645 
894 251 11 13 0.029589878 
421 153 44 63 0.02852381 
917 232 11 13 0.02821809 
775 249 21 27 0.028003732 
877 134 31 41 0.027904287 
886 333 9 13 0.027903082 
424 136 27 32 0.027899183 
884 219 14 16 0.027882252 
808 238 9 11 0.027631046 
495 120 14 17 0.027370837 
895 215 12 13 0.027365698 
428 373 13 14 0.027083095 
916 242 10 12 0.026877249 
866 324 15 21 0.02660748 
871 234 13 16 0.025966424 
439 401 42 56 0.02567191 
837 242 12 14 0.025351297 
572 377 37 54 0.02490532 
788 245 11 13 0.024831606 
774 234 18 23 0.024762467 
830 224 12 15 0.024739532 
133 203 12 15 0.024596345 
451 116 26 32 0.024436163 
886 226 12 14 0.024324384 
68 255 14 17 0.024044264 
506 431 18 23 0.023899563 
417 409 48 57 0.023461597 
414 115 24 30 0.023321066 
499 147 15 18 0.023268903 
862 221 11 16 0.023200408 
937 239 12 14 0.023174584 
401 393 87 104 0.023162834 
494 424 26 32 0.02312306 
500 429 15 19 0.022935674 
347 121 37 46 0.02288193 
844 229 10 14 0.02285495 
876 226 13 16 0.02240102 
911 328 10 12 0.022038449 
513 427 27 32 0.022017814 
428 153 27 38 0.021495748 
773 250 14 19 0.021469455 
937 250 12 13 0.021406133 
574 114 46 51 0.021278998 
401 173 45 70 0.021089204 
491 431 17 22 0.021071233 
463 113 24 31 0.020929907 
36 250 14 17 0.020609565 
407 426 28 35 0.020539239 
