5_Car_Accident_Accident_5_34
52
762 65 25 32 0.99143934 
691 51 18 24 0.95984185 
607 61 21 28 0.9467914 
526 69 14 19 0.81713086 
94 76 12 15 0.15200362 
448 242 35 46 0.11911378 
635 9 15 16 0.08886481 
564 4 17 20 0.080602296 
702 34 39 48 0.07262421 
69 189 373 425 0.06474428 
717 54 27 34 0.060171697 
526 95 9 11 0.056845296 
651 74 12 14 0.048124075 
41 64 19 28 0.047169305 
217 273 220 257 0.045899216 
710 24 31 33 0.044280462 
610 2 16 18 0.043792672 
982 7 15 18 0.042434778 
710 58 13 16 0.041635513 
985 3 25 30 0.038207404 
612 56 12 15 0.035394635 
679 37 8 10 0.03472469 
643 3 15 16 0.034136456 
1005 236 12 16 0.033313088 
886 5 22 31 0.03311237 
359 71 9 11 0.03119175 
247 116 45 58 0.030906912 
892 1 12 12 0.030280374 
157 33 12 15 0.028847026 
619 34 13 15 0.028257614 
836 58 18 21 0.027574271 
888 4 12 15 0.027502459 
563 211 103 136 0.026187252 
620 3 14 16 0.025673874 
453 238 18 26 0.025529496 
1000 244 11 14 0.024401318 
708 64 14 18 0.02418229 
706 52 24 29 0.02393749 
760 35 12 14 0.023908492 
990 70 25 42 0.023682084 
218 254 482 471 0.023410365 
717 56 15 18 0.02280077 
422 255 48 63 0.02264702 
737 73 14 19 0.022645172 
644 69 21 25 0.022315186 
729 63 22 32 0.021715809 
972 7 16 18 0.021623513 
878 26 14 19 0.021569205 
530 62 14 19 0.021123791 
651 82 16 19 0.020577552 
408 57 11 13 0.02016885 
151 34 13 16 0.020049065 
