5_Car_Accident_Accident_5_234
459
657 487 21 27 0.9685158 
450 338 17 21 0.8429837 
581 537 17 21 0.7429009 
472 329 17 19 0.7397158 
885 289 12 14 0.71558666 
808 235 10 13 0.70853215 
867 352 15 18 0.671325 
421 508 17 22 0.63796186 
417 402 18 20 0.60760015 
812 235 12 13 0.4977549 
806 315 18 20 0.4896207 
775 232 10 13 0.40249872 
800 257 13 16 0.38058856 
347 427 16 19 0.35646293 
852 191 13 18 0.35426122 
270 390 17 20 0.35316205 
226 410 15 17 0.342901 
430 588 23 32 0.34050843 
380 318 10 14 0.3391189 
355 377 18 21 0.32094017 
598 564 20 28 0.31094974 
18 574 25 27 0.30852693 
414 316 11 14 0.307197 
728 42 12 14 0.27325243 
410 347 13 16 0.27177477 
467 180 12 16 0.27146563 
242 384 16 21 0.2635898 
163 421 20 29 0.25777975 
199 394 14 17 0.2418732 
783 293 13 18 0.22892421 
820 235 10 12 0.2033132 
496 167 8 10 0.17807908 
343 335 11 13 0.17501076 
913 107 11 13 0.16942057 
868 268 13 17 0.16780116 
560 150 8 9 0.1659196 
791 103 10 11 0.16347305 
782 208 9 11 0.16166689 
822 545 43 48 0.14799334 
595 551 24 29 0.14696516 
774 192 8 11 0.13734524 
178 424 21 28 0.1343274 
792 187 11 13 0.13422264 
552 169 10 12 0.1312219 
341 286 11 13 0.13064243 
757 220 10 14 0.12663132 
321 433 18 21 0.1261977 
205 401 12 16 0.121585675 
770 173 8 11 0.120081 
73 563 24 30 0.11908896 
352 414 25 33 0.11670619 
324 327 10 12 0.11663405 
425 271 10 14 0.11373734 
649 161 8 10 0.11255979 
585 127 9 11 0.11180189 
873 347 14 20 0.11107872 
774 276 16 19 0.108595595 
275 398 16 19 0.10706287 
855 236 10 14 0.10682931 
588 540 24 27 0.104957424 
339 372 12 15 0.10484611 
405 352 17 18 0.10364071 
501 166 8 11 0.10188799 
407 340 14 18 0.100945584 
894 348 15 17 0.10032118 
340 345 13 18 0.0935393 
802 645 24 30 0.09258907 
239 378 16 19 0.09257243 
121 478 21 34 0.09223211 
246 418 13 17 0.08891898 
870 260 14 17 0.08753691 
439 168 10 13 0.08582859 
761 204 9 12 0.08368174 
797 205 10 12 0.082154766 
367 327 12 14 0.08195223 
83 450 18 21 0.0817963 
496 162 8 9 0.08125744 
382 438 15 23 0.08115928 
666 127 7 9 0.080237456 
663 428 43 45 0.08004257 
560 145 7 9 0.07956348 
356 363 15 19 0.07944021 
350 278 9 12 0.07922838 
356 309 11 14 0.077654056 
641 127 7 9 0.07259324 
375 360 11 13 0.07233996 
377 313 10 12 0.07230375 
810 77 9 11 0.07181283 
69 563 17 22 0.070229925 
420 430 17 21 0.06967861 
730 491 39 51 0.06922919 
814 277 10 14 0.06695307 
330 406 13 16 0.06644089 
672 114 6 9 0.06632951 
822 530 31 44 0.066170566 
397 349 12 15 0.06543398 
769 190 9 12 0.06520877 
490 168 8 9 0.06394959 
502 161 7 9 0.06365073 
360 293 9 12 0.06331416 
359 273 10 12 0.06327361 
768 155 9 12 0.06297851 
422 372 12 14 0.062517464 
806 278 11 13 0.062125765 
581 158 8 10 0.06189517 
783 84 9 12 0.060755953 
338 353 14 18 0.060618617 
765 113 8 10 0.06026145 
771 648 28 32 0.060023874 
264 560 24 32 0.05915541 
305 480 19 24 0.059038814 
190 395 13 16 0.058407158 
413 322 12 15 0.058241397 
798 210 11 15 0.058238838 
773 181 9 12 0.058151856 
552 144 7 9 0.058058877 
213 403 11 16 0.05795988 
126 476 13 20 0.057801716 
797 562 16 22 0.057123996 
804 537 13 19 0.057068907 
795 524 23 40 0.056958083 
415 377 12 16 0.056929894 
426 500 18 23 0.056838706 
334 348 14 17 0.056241225 
413 286 9 12 0.055746548 
749 332 16 18 0.055072144 
239 391 15 20 0.05410787 
768 150 8 12 0.05407547 
417 406 24 32 0.053957347 
625 127 6 8 0.05350686 
135 539 27 30 0.053211685 
88 456 20 20 0.053060096 
576 143 7 9 0.05267978 
771 265 16 18 0.05226234 
626 175 9 12 0.052209176 
792 196 12 14 0.052022688 
646 126 8 9 0.051772825 
368 348 9 12 0.051361814 
546 150 8 10 0.05136091 
846 216 9 12 0.050856784 
859 368 13 17 0.05071608 
145 416 16 20 0.05036928 
777 213 10 13 0.05033859 
855 185 10 13 0.04985864 
544 145 7 9 0.049408287 
375 322 10 15 0.04939931 
400 354 12 15 0.04900105 
812 259 12 17 0.048919506 
867 291 12 14 0.048020646 
777 101 8 11 0.0473488 
518 184 8 11 0.04726456 
204 381 11 13 0.046734132 
753 215 9 13 0.04671459 
751 120 8 10 0.046689227 
860 236 11 15 0.0460074 
804 515 37 49 0.04594223 
122 441 18 24 0.045684133 
338 363 14 18 0.04567843 
798 173 10 11 0.04564494 
334 312 10 11 0.04525074 
784 103 9 12 0.04495432 
608 164 10 12 0.044766128 
618 625 27 47 0.044628855 
789 85 10 12 0.044162184 
421 378 12 15 0.04413362 
370 422 23 33 0.043470643 
341 378 12 16 0.043431778 
354 465 17 20 0.04340359 
22 562 28 33 0.043259803 
186 421 17 20 0.043203473 
405 290 11 14 0.04311926 
850 236 10 15 0.04308971 
768 230 11 15 0.043086495 
720 354 15 17 0.04287038 
429 342 12 14 0.04279521 
753 79 6 9 0.042793605 
593 533 16 20 0.042635035 
550 150 8 11 0.04243104 
767 198 9 11 0.04232768 
679 118 7 9 0.04221047 
778 87 8 10 0.04173243 
876 333 12 15 0.041709583 
400 287 11 12 0.041403353 
862 111 11 11 0.04139838 
788 342 25 29 0.041374654 
682 126 8 11 0.04127015 
846 176 8 10 0.0412528 
768 136 7 9 0.041001517 
769 259 13 17 0.040669713 
263 388 15 18 0.04066028 
320 328 11 16 0.040161222 
791 203 11 14 0.039955545 
899 353 14 18 0.039909843 
395 315 13 16 0.039708465 
445 168 8 11 0.039673414 
783 190 9 12 0.039560948 
778 207 9 12 0.039342884 
455 168 7 9 0.039288595 
102 482 27 37 0.03887938 
275 380 16 19 0.03874934 
803 263 15 18 0.038730744 
711 528 27 37 0.03850263 
486 362 16 22 0.038303524 
121 424 20 26 0.03814565 
411 332 14 17 0.03771195 
796 320 19 21 0.037666567 
904 285 10 13 0.037614126 
393 347 11 15 0.037602752 
260 449 22 25 0.037553497 
409 325 9 13 0.037360214 
464 176 11 14 0.0372631 
513 184 9 11 0.037165303 
350 327 9 12 0.03690561 
840 176 10 12 0.03687845 
794 181 13 15 0.036855303 
809 72 9 11 0.036573548 
790 210 11 15 0.036490075 
262 567 43 53 0.036207825 
795 548 24 38 0.035911586 
686 80 7 9 0.03585137 
779 272 23 28 0.035716537 
53 433 21 27 0.03570279 
799 168 8 10 0.035628498 
618 127 7 9 0.03557094 
336 291 10 14 0.035303198 
337 366 21 25 0.035220895 
697 112 7 9 0.03521991 
747 491 39 55 0.03491744 
426 367 16 19 0.034646094 
856 112 10 12 0.03457936 
92 490 38 50 0.034373533 
745 56 9 12 0.034334887 
147 421 24 29 0.034214288 
820 177 187 228 0.034020904 
821 182 8 10 0.033763953 
792 174 9 11 0.03343278 
845 159 8 11 0.033396035 
372 332 11 15 0.03337263 
744 135 8 10 0.03336869 
241 474 24 30 0.033342708 
833 197 9 11 0.03330327 
687 62 8 11 0.03318719 
759 103 7 9 0.033015955 
731 250 12 18 0.032923307 
408 402 14 19 0.032765176 
810 83 13 15 0.032596275 
837 197 9 12 0.03258304 
613 159 11 13 0.032396454 
863 105 10 10 0.032324906 
346 340 11 16 0.032315534 
870 243 15 17 0.032074213 
398 244 11 13 0.03196855 
427 279 15 18 0.0318188 
795 101 11 13 0.03178729 
583 142 8 10 0.03176056 
806 241 12 16 0.031738326 
545 157 8 9 0.031676404 
577 151 8 10 0.031620696 
547 576 42 45 0.03140998 
251 385 13 19 0.031317636 
528 174 8 11 0.031291645 
602 160 9 11 0.031221518 
866 283 14 17 0.031178726 
847 181 9 11 0.03108805 
351 372 15 20 0.03105806 
753 104 7 9 0.030923309 
790 354 15 22 0.03083164 
12 576 18 24 0.030780641 
250 411 15 20 0.030704157 
331 322 13 15 0.030664254 
788 290 24 29 0.030407347 
229 396 14 18 0.030321432 
396 324 13 16 0.030245852 
544 193 8 9 0.030069986 
434 168 9 11 0.030022047 
520 159 7 9 0.030011704 
542 489 15 20 0.029858924 
544 173 10 14 0.029798655 
833 192 8 10 0.029589811 
179 491 38 47 0.029394737 
728 95 7 9 0.029238418 
601 541 16 19 0.029224658 
670 127 7 10 0.029144427 
629 614 25 37 0.028987544 
774 137 8 9 0.02893569 
608 568 17 24 0.028796861 
712 39 9 10 0.028771153 
77 447 17 21 0.028712213 
275 408 15 21 0.02863005 
356 356 13 18 0.028586984 
430 264 9 12 0.028505879 
797 389 11 16 0.028460428 
360 407 26 36 0.028359948 
490 161 7 9 0.028260171 
642 552 13 17 0.028057162 
204 408 14 19 0.027930902 
270 410 13 18 0.027866451 
567 144 6 9 0.0276441 
768 180 9 12 0.02764278 
872 252 17 20 0.027619801 
377 272 9 12 0.027548986 
772 155 11 13 0.027534895 
760 191 8 11 0.027525978 
421 175 8 10 0.027516473 
772 167 9 12 0.027429689 
388 302 11 13 0.027359106 
839 265 12 16 0.02732827 
759 224 12 18 0.027076626 
425 398 17 23 0.026906323 
873 96 8 10 0.026846895 
422 340 12 16 0.026782371 
347 346 13 18 0.026614575 
798 158 8 11 0.02660124 
726 246 13 17 0.026575118 
65 482 17 26 0.026563928 
697 47 8 10 0.026556807 
704 55 8 10 0.026551906 
571 523 15 19 0.026491735 
366 339 13 18 0.0264752 
234 411 14 19 0.026404293 
793 151 8 10 0.026298387 
863 298 12 16 0.026239164 
719 507 37 46 0.026210709 
773 656 15 22 0.02615158 
878 96 9 11 0.026133353 
863 134 9 11 0.025996814 
117 446 17 21 0.02597456 
245 213 27 33 0.025951697 
635 535 21 27 0.025906384 
420 331 13 16 0.02587074 
136 420 24 30 0.025837092 
308 227 12 13 0.02582908 
791 191 19 25 0.025785666 
375 302 10 11 0.025673138 
776 143 8 10 0.025670266 
502 171 8 11 0.02562688 
334 301 10 11 0.025540423 
265 444 18 19 0.025477832 
299 413 13 17 0.025409989 
112 414 21 26 0.025361272 
194 426 15 19 0.025330793 
425 265 9 12 0.025298238 
390 325 11 14 0.02504497 
838 191 9 12 0.025020657 
400 271 8 11 0.024984438 
626 111 7 10 0.02498029 
457 330 19 25 0.024944115 
760 167 8 10 0.024927257 
798 86 12 14 0.02491223 
36 591 27 38 0.02484081 
744 120 8 9 0.024810905 
527 159 7 9 0.024746245 
428 356 13 16 0.02473928 
752 183 8 10 0.024697028 
364 272 10 12 0.02441783 
596 525 15 17 0.024407957 
416 278 10 13 0.024392763 
360 286 10 13 0.024390375 
590 131 8 10 0.024193173 
774 220 13 17 0.024137188 
587 237 23 27 0.024128094 
865 254 11 14 0.024105769 
746 79 7 9 0.024063645 
581 152 8 10 0.024018316 
560 564 42 45 0.02397955 
635 547 22 28 0.023916468 
772 255 12 15 0.023890508 
707 506 31 42 0.023842711 
131 476 24 38 0.023822194 
761 118 9 11 0.023778554 
350 473 13 18 0.02377404 
774 71 8 10 0.023593033 
821 520 15 23 0.023584334 
427 378 13 16 0.0235558 
874 205 14 15 0.02354227 
58 426 17 20 0.023374671 
631 119 8 11 0.023362065 
752 124 7 10 0.02333092 
912 95 10 12 0.02326566 
360 331 11 14 0.023253376 
665 164 9 11 0.023235235 
799 79 9 11 0.023232946 
886 261 12 15 0.023221971 
763 662 28 34 0.023195427 
865 260 12 17 0.023191769 
196 419 16 20 0.02317172 
336 333 11 15 0.023135845 
577 135 8 10 0.023066897 
803 323 18 23 0.023047801 
695 136 7 9 0.023019193 
812 521 15 23 0.022997996 
895 268 11 13 0.022985624 
782 198 10 12 0.022960965 
211 419 14 19 0.022915429 
728 102 8 10 0.022863576 
780 150 8 10 0.022830602 
781 91 11 14 0.022790255 
230 375 12 15 0.022763716 
409 316 10 15 0.022757974 
884 346 14 20 0.022700407 
760 127 7 9 0.0226881 
713 70 8 10 0.02265276 
805 88 14 18 0.022575323 
998 688 14 16 0.022565147 
663 628 26 34 0.022471542 
779 520 24 39 0.02246707 
649 470 38 46 0.022446964 
752 206 9 13 0.022441737 
837 206 9 12 0.022425232 
582 552 40 45 0.022416286 
353 304 18 23 0.022397405 
36 559 23 32 0.022291146 
37 521 26 33 0.022241982 
812 252 13 16 0.022183988 
793 329 25 31 0.022154078 
220 397 15 18 0.022115435 
429 495 14 17 0.022082722 
460 404 15 20 0.022014363 
205 418 13 19 0.021981198 
725 36 19 24 0.0219476 
774 150 10 11 0.02180657 
747 518 25 33 0.021762908 
791 94 11 14 0.021719497 
655 127 7 9 0.021701893 
251 451 25 31 0.021688174 
758 80 7 9 0.021686459 
374 590 11 17 0.021681372 
457 182 8 11 0.021679278 
672 95 7 10 0.021563219 
862 125 11 12 0.021522542 
656 451 33 38 0.02137344 
813 241 14 16 0.021351982 
62 560 16 22 0.021198321 
197 409 16 20 0.021193564 
703 582 38 55 0.021175291 
632 126 7 10 0.021095542 
485 190 11 13 0.021068197 
687 134 8 10 0.021050952 
566 150 7 9 0.0210359 
796 276 13 17 0.021024464 
749 59 10 12 0.021005679 
720 45 9 12 0.020996373 
185 397 12 14 0.020977065 
811 534 13 21 0.020960804 
868 299 13 17 0.020960787 
776 79 8 9 0.020945141 
346 283 12 14 0.020799195 
928 112 10 12 0.020734388 
158 429 16 23 0.020661345 
31 541 28 34 0.020650681 
744 191 9 12 0.020649653 
231 389 12 15 0.020529151 
840 214 9 12 0.02052589 
830 246 10 13 0.02040313 
437 268 14 17 0.020319277 
354 323 100 116 0.020152975 
728 88 6 8 0.020070966 
879 102 10 11 0.020052167 
760 159 8 10 0.020051511 
