5_Car_Accident_Accident_5_244
97
839 202 26 37 0.981605 
648 204 21 29 0.9803728 
997 183 27 67 0.9367607 
799 194 20 27 0.93298304 
468 301 28 30 0.9043528 
707 186 20 27 0.8889006 
918 186 16 28 0.8495433 
490 210 22 26 0.6850795 
636 313 41 43 0.6109402 
569 186 16 21 0.5187286 
507 206 17 22 0.43492597 
487 586 58 53 0.3212183 
762 208 15 20 0.27758121 
597 192 23 27 0.2671885 
856 205 32 34 0.19919969 
722 187 16 23 0.18171622 
914 219 15 22 0.18114467 
622 315 34 43 0.17864105 
572 190 21 28 0.16252618 
247 277 37 46 0.13832496 
612 185 16 25 0.12761182 
765 200 21 27 0.1193548 
765 219 27 34 0.119061686 
546 289 17 25 0.117688365 
477 557 65 54 0.105466634 
491 222 17 19 0.10390078 
894 201 16 24 0.096360825 
962 201 34 50 0.07509508 
461 304 21 23 0.07243381 
148 0 16 14 0.0610016 
878 206 23 30 0.06066013 
663 206 18 23 0.06026188 
221 301 25 38 0.056379247 
628 183 15 21 0.053163018 
21 199 11 12 0.044418514 
413 338 47 53 0.043817475 
834 185 21 33 0.04245552 
978 103 13 18 0.041504126 
265 276 15 21 0.039637752 
710 214 15 20 0.03956171 
479 290 25 36 0.038434006 
472 266 12 14 0.037704837 
41 124 11 13 0.037015975 
750 203 12 17 0.036549386 
151 325 97 134 0.03409625 
897 194 16 24 0.033938102 
586 187 26 31 0.0337123 
614 300 27 43 0.03357513 
764 215 15 22 0.031735994 
179 205 11 14 0.031659577 
489 579 91 82 0.031459067 
594 547 65 62 0.03136612 
233 298 45 49 0.030530212 
28 205 11 14 0.030225845 
556 214 21 28 0.02928054 
756 196 13 17 0.029215515 
69 195 43 61 0.02901169 
494 221 26 31 0.028592851 
59 119 15 20 0.028225668 
509 225 15 16 0.028073126 
956 195 27 44 0.027743261 
141 180 52 70 0.027719386 
567 199 22 31 0.027240392 
499 206 18 23 0.02720424 
702 10 35 42 0.0269846 
751 198 10 14 0.026973037 
755 186 14 18 0.026555633 
970 107 9 13 0.026539888 
264 272 11 15 0.026539572 
758 222 43 59 0.026184822 
884 193 22 34 0.025450567 
740 200 15 19 0.025427531 
940 100 12 15 0.025368117 
893 141 10 13 0.025357813 
537 294 30 40 0.025191363 
340 365 441 463 0.025144173 
229 232 13 18 0.025041359 
775 200 17 21 0.02455073 
937 187 15 20 0.024317605 
552 219 12 17 0.02402082 
486 551 40 34 0.023932243 
621 182 12 19 0.023887862 
643 185 15 19 0.023738984 
655 303 32 47 0.023054812 
176 175 10 12 0.022801882 
493 231 14 17 0.02277552 
499 540 67 49 0.022687895 
667 187 15 18 0.022107232 
767 225 15 22 0.021975016 
635 186 15 19 0.021807043 
927 189 18 23 0.021720143 
714 209 17 22 0.021394718 
841 195 18 28 0.021332083 
746 199 203 231 0.020767206 
232 284 29 39 0.020648612 
515 232 15 18 0.020505233 
512 173 10 13 0.02047476 
