5_Car_Accident_Accident_5_982
37
321 240 45 62 0.9985184 
733 202 45 57 0.9975969 
474 226 42 56 0.98225963 
612 212 13 17 0.33746096 
903 88 29 35 0.075613484 
422 392 24 35 0.052571908 
726 516 87 140 0.05160861 
565 499 18 24 0.040911283 
812 133 14 17 0.040666573 
835 133 16 22 0.03762834 
727 570 50 79 0.03709854 
835 334 18 21 0.034990624 
832 202 14 19 0.034504265 
808 345 46 48 0.034333356 
401 226 24 30 0.032819804 
988 90 14 19 0.032688834 
826 336 30 34 0.031849716 
861 43 11 13 0.030109622 
653 184 12 15 0.029345755 
814 116 13 16 0.028124416 
382 368 23 34 0.027938122 
41 152 458 465 0.027456006 
982 68 12 15 0.026730035 
415 260 13 17 0.024504798 
861 12 10 13 0.02410978 
644 304 96 114 0.023794994 
905 79 45 55 0.02312745 
686 230 31 39 0.023072941 
101 269 96 109 0.023032326 
836 235 17 25 0.022584943 
659 323 58 73 0.022504048 
983 84 23 31 0.022384865 
812 123 14 16 0.020718357 
356 193 46 58 0.02026538 
311 117 13 17 0.020209553 
818 112 16 19 0.020078165 
826 354 18 23 0.020055484 
