5_Car_Accident_Car_Crash_5_574
314
778 150 28 39 0.99277884 
746 143 25 35 0.9605444 
734 490 16 19 0.56349975 
207 135 32 42 0.55564225 
134 171 13 15 0.510528 
353 164 16 21 0.50312346 
92 166 12 15 0.40086067 
413 140 23 30 0.34801844 
733 149 31 33 0.30654413 
11 153 14 18 0.25003695 
54 137 14 17 0.21992326 
25 140 9 12 0.17462836 
692 478 16 19 0.17433363 
629 484 12 15 0.16803622 
934 375 11 13 0.15128192 
674 635 43 55 0.12773044 
732 494 23 27 0.115334906 
36 196 34 51 0.11364528 
112 142 11 14 0.109708406 
255 674 10 14 0.108547404 
744 443 14 17 0.10783154 
777 306 15 20 0.10742513 
566 457 48 55 0.1072896 
311 719 8 11 0.10371165 
921 335 8 11 0.09258811 
702 523 13 15 0.08858658 
664 487 11 14 0.08732987 
787 385 12 15 0.08594149 
342 714 11 13 0.08278186 
189 142 41 39 0.08166924 
306 748 11 13 0.08118678 
726 457 12 14 0.08042063 
708 405 11 16 0.07837998 
871 358 10 11 0.07470949 
816 365 10 13 0.07297839 
791 412 11 14 0.07225078 
173 128 27 41 0.072201945 
6 154 22 29 0.07074661 
813 432 11 13 0.06833536 
320 695 8 10 0.06786494 
879 415 9 10 0.06658932 
570 535 26 33 0.06563083 
813 480 9 10 0.064279765 
724 474 16 19 0.06391911 
981 593 12 15 0.063786 
294 149 10 13 0.06340167 
725 479 22 25 0.06280667 
889 372 11 15 0.06224562 
862 372 11 13 0.062192675 
719 499 13 16 0.060413722 
98 165 11 13 0.059152137 
902 380 11 14 0.058601566 
990 702 9 12 0.058100637 
424 137 18 22 0.05787574 
938 302 9 11 0.056654554 
910 592 10 13 0.0566464 
877 357 9 11 0.05563348 
929 405 10 13 0.054869656 
128 167 20 25 0.054317836 
741 417 14 17 0.054071378 
64 85 8 10 0.053097248 
292 703 12 14 0.052253965 
49 141 11 14 0.05165605 
759 148 24 36 0.050852507 
785 372 12 14 0.050823167 
51 172 13 18 0.04844406 
739 540 12 15 0.047816794 
786 508 12 13 0.04779311 
919 366 9 11 0.047703277 
531 567 15 19 0.04667414 
892 612 14 18 0.04663599 
806 432 15 18 0.04558694 
544 654 10 12 0.044702023 
321 717 11 15 0.044176675 
377 157 24 29 0.043817353 
335 715 12 14 0.042766735 
888 397 9 11 0.04271906 
59 157 12 13 0.04246238 
738 533 12 16 0.04242356 
489 196 11 15 0.042007893 
873 412 9 11 0.04174226 
874 683 14 22 0.0412635 
877 352 10 12 0.040971126 
237 682 12 17 0.04083907 
6 134 9 12 0.04081606 
822 499 9 12 0.040792283 
559 629 10 11 0.040764492 
817 407 8 10 0.04071855 
138 95 7 10 0.0407161 
799 487 12 15 0.040397514 
678 474 13 15 0.04033161 
406 181 30 38 0.040197607 
159 111 11 14 0.039958965 
590 631 10 12 0.03959619 
342 167 15 20 0.03899781 
731 471 12 15 0.03895029 
687 475 14 17 0.0385416 
525 632 13 14 0.038187414 
770 539 29 33 0.037707478 
694 471 13 18 0.03749446 
893 376 12 15 0.037318833 
625 478 21 25 0.03730995 
667 490 11 15 0.03730839 
526 559 26 31 0.037242483 
871 407 8 11 0.03704722 
256 639 10 12 0.03682275 
358 292 30 34 0.036597256 
864 430 9 10 0.036354024 
704 577 13 16 0.036353253 
847 348 11 12 0.036303475 
840 476 11 13 0.03598892 
63 80 8 10 0.035447884 
916 413 9 11 0.035386924 
695 457 14 16 0.03536563 
479 643 10 12 0.035345294 
739 504 16 21 0.035273947 
888 521 8 9 0.03519992 
893 716 15 19 0.034949575 
76 181 9 12 0.034834567 
54 166 10 14 0.034770023 
13 141 11 13 0.03465791 
61 135 12 15 0.034182426 
781 375 20 24 0.03410171 
736 404 10 15 0.03360361 
889 367 9 12 0.033600684 
42 176 22 31 0.03331982 
805 484 11 14 0.03320133 
918 406 8 12 0.032780413 
687 502 11 14 0.032743845 
60 143 13 17 0.03269712 
914 334 9 11 0.03260899 
304 735 11 12 0.032186497 
878 341 9 12 0.032111023 
740 425 14 17 0.032005567 
997 422 9 10 0.03185809 
913 405 9 12 0.03172845 
832 310 10 13 0.031659313 
869 365 10 13 0.03135639 
1008 416 8 10 0.031326428 
406 483 14 16 0.031080067 
455 533 26 35 0.031052107 
957 302 8 11 0.030758811 
422 671 9 11 0.030672582 
342 249 97 130 0.030671733 
549 368 35 51 0.03058222 
837 372 10 12 0.030463729 
704 331 12 15 0.030395433 
624 556 24 26 0.030355545 
305 724 10 11 0.030347649 
839 365 11 14 0.03027548 
555 342 28 40 0.029897695 
663 479 20 25 0.029839424 
887 359 9 11 0.02982364 
854 420 10 11 0.029805329 
822 307 11 14 0.029768316 
93 111 9 11 0.029539222 
60 163 12 14 0.029438563 
742 404 13 15 0.029418554 
66 141 11 13 0.029349878 
747 508 12 17 0.029265203 
708 516 13 16 0.029245945 
163 120 28 43 0.029098447 
51 194 13 19 0.028961662 
34 273 49 65 0.028844828 
723 492 22 26 0.028817225 
964 697 14 18 0.028775191 
1002 316 9 13 0.028480738 
760 502 13 15 0.028439287 
592 466 34 39 0.02830859 
334 679 9 11 0.028252227 
609 469 28 32 0.027758664 
56 95 8 9 0.027706817 
894 397 9 12 0.02750331 
864 405 10 13 0.027448509 
732 544 18 21 0.027245225 
407 146 15 19 0.027071148 
880 420 9 11 0.02696395 
323 723 11 13 0.026826795 
737 485 22 28 0.02673314 
705 458 15 19 0.026721636 
90 160 21 25 0.026709748 
950 344 9 11 0.02665608 
47 147 11 13 0.026640484 
681 467 24 28 0.026572527 
562 451 37 39 0.026520565 
10 168 15 22 0.026429249 
731 460 10 13 0.026425997 
961 367 10 12 0.026219226 
105 193 24 30 0.026168862 
736 412 12 16 0.026090195 
680 503 11 14 0.026087252 
317 491 12 15 0.025788056 
692 463 23 28 0.025726749 
6 139 12 14 0.025638679 
228 667 13 16 0.025631703 
687 493 13 15 0.025601158 
243 658 15 17 0.025534919 
932 399 13 15 0.02533209 
344 178 171 213 0.025237352 
601 642 13 15 0.02517035 
246 675 13 16 0.02492245 
823 493 11 14 0.02486001 
737 417 24 27 0.02483142 
671 476 13 15 0.024729835 
903 350 10 12 0.024693957 
646 498 13 18 0.024692314 
56 197 25 38 0.024685599 
499 642 16 17 0.024673797 
312 660 9 12 0.024622655 
747 539 14 17 0.024294956 
403 474 25 30 0.024165468 
703 407 13 18 0.024056902 
861 336 9 11 0.024008665 
845 364 11 15 0.023989605 
821 371 10 12 0.023982385 
848 290 11 14 0.023959665 
413 122 11 15 0.02390043 
118 136 9 12 0.023848362 
903 550 9 10 0.023844728 
1008 419 10 12 0.023839837 
692 490 14 16 0.023799641 
832 375 8 10 0.023792839 
942 333 9 11 0.023764612 
549 639 11 13 0.023656987 
704 428 13 16 0.023563137 
854 342 11 12 0.023468051 
740 432 22 26 0.02346539 
65 127 9 11 0.023427013 
653 593 16 18 0.023376154 
672 470 13 14 0.023331104 
593 547 25 27 0.02332366 
451 130 14 20 0.023301607 
580 543 28 30 0.023298437 
519 637 12 15 0.023296013 
319 689 8 11 0.023178563 
804 491 12 16 0.023054495 
747 353 12 15 0.02302044 
93 118 10 12 0.022971412 
815 360 10 12 0.022946004 
599 637 23 27 0.022942154 
887 723 15 17 0.022939902 
767 524 26 31 0.022926707 
798 388 9 13 0.022839054 
935 390 11 13 0.022809692 
653 492 22 28 0.022748822 
245 626 10 12 0.022732507 
918 294 8 9 0.022730587 
552 135 9 10 0.022716248 
916 398 10 13 0.022708613 
833 366 9 13 0.022669729 
894 392 9 12 0.022632975 
895 334 9 12 0.022607416 
599 638 11 14 0.022598919 
1014 350 9 12 0.022590464 
21 147 12 15 0.022570593 
805 297 15 17 0.02256034 
620 474 16 21 0.02252297 
511 196 10 13 0.022509653 
5 129 9 11 0.022494568 
869 532 13 16 0.022494001 
116 115 9 12 0.022386555 
47 166 11 15 0.02233893 
685 460 15 16 0.022152308 
288 708 12 14 0.022108236 
326 712 10 13 0.022055352 
533 471 16 19 0.021997297 
668 498 11 14 0.0219833 
224 140 17 26 0.021968469 
689 568 25 32 0.02188658 
719 546 13 16 0.02187601 
677 483 13 15 0.021822046 
937 333 9 11 0.021808285 
900 375 11 14 0.021738775 
690 568 14 18 0.02164329 
945 327 9 12 0.02162437 
510 640 10 13 0.021576734 
709 399 9 14 0.021534989 
545 640 10 12 0.021501534 
265 467 22 26 0.021452798 
673 472 24 29 0.021447716 
283 141 14 16 0.02142475 
344 733 11 13 0.021423956 
369 482 18 22 0.021398168 
864 412 9 12 0.021362659 
806 423 10 12 0.021359885 
911 303 9 11 0.021341218 
411 189 35 44 0.021327456 
645 456 17 20 0.021269366 
304 236 12 16 0.021223957 
751 383 10 12 0.021216396 
887 439 8 10 0.021066213 
373 161 17 22 0.02100401 
39 135 8 11 0.020949919 
333 309 46 71 0.020937609 
646 423 11 12 0.02090143 
829 396 11 14 0.020822916 
691 126 23 32 0.020820482 
1000 311 10 12 0.020755393 
866 358 9 10 0.020743188 
936 309 9 10 0.020720989 
862 423 10 12 0.020703714 
119 62 9 11 0.020687383 
756 513 16 19 0.02051187 
886 422 9 11 0.020446274 
407 139 39 46 0.020415429 
786 411 11 15 0.020396814 
295 171 10 13 0.02029278 
280 136 10 13 0.02024743 
293 654 10 11 0.02012907 
17 155 13 17 0.02011395 
458 120 21 28 0.020059768 
687 417 13 16 0.02003765 
37 164 14 17 0.020023592 
820 663 10 13 0.020023517 
