5_Car_Accident_Accident_5_448
1069
292 390 15 19 0.9852873 
51 437 18 23 0.9836115 
925 558 25 30 0.9811312 
230 373 13 17 0.97177505 
88 393 14 19 0.96919125 
804 432 15 26 0.95258045 
982 238 9 12 0.8787506 
866 231 9 13 0.8490245 
702 406 16 22 0.83200204 
192 450 15 20 0.83028764 
299 541 25 33 0.811603 
926 262 10 11 0.80744195 
136 348 12 14 0.76862836 
312 259 9 12 0.76559365 
251 617 32 30 0.7471432 
302 277 9 12 0.7214716 
890 407 17 27 0.6867422 
981 318 12 14 0.6865033 
181 324 11 14 0.6505148 
14 340 13 16 0.6409491 
198 286 9 12 0.5931942 
157 428 16 18 0.5682402 
741 473 13 21 0.56484324 
174 283 8 11 0.4723392 
336 264 10 12 0.4483911 
225 264 9 12 0.42772046 
295 214 8 10 0.42404363 
336 237 9 12 0.4191506 
391 440 14 17 0.41291085 
967 242 10 13 0.39905694 
174 365 13 15 0.39813325 
374 229 8 11 0.3971171 
357 174 9 12 0.39445028 
127 433 13 18 0.391692 
412 144 10 12 0.3868482 
644 438 22 26 0.3699511 
358 247 9 10 0.35953835 
231 293 8 12 0.35109192 
389 204 8 11 0.3369366 
150 313 10 14 0.33502162 
261 347 13 17 0.32967255 
928 333 13 17 0.32586086 
308 458 13 18 0.3257673 
309 371 13 17 0.32059532 
271 293 10 13 0.3194375 
67 391 11 14 0.31663755 
113 262 10 12 0.30697256 
214 343 14 18 0.28346092 
317 261 10 13 0.28337723 
874 198 8 11 0.28216788 
54 311 9 13 0.2767998 
194 264 9 12 0.2745704 
407 198 8 10 0.2642874 
55 341 11 14 0.26169947 
429 238 8 11 0.2569561 
176 260 9 13 0.24132065 
183 238 8 10 0.23567417 
930 196 8 11 0.23448943 
336 199 8 10 0.2343065 
917 279 10 12 0.23317617 
295 262 8 10 0.23228484 
910 202 7 9 0.23162383 
386 198 8 11 0.23113783 
200 306 10 13 0.22542262 
262 264 8 11 0.22306259 
897 414 18 23 0.22068311 
279 239 8 9 0.21984798 
816 189 10 11 0.21272072 
174 344 11 13 0.21097903 
757 452 22 32 0.206699 
840 199 8 10 0.20244399 
143 331 9 12 0.20239231 
324 269 9 12 0.20056032 
221 341 13 17 0.20023625 
888 201 7 9 0.19807298 
385 176 8 10 0.1953149 
63 298 9 12 0.1933363 
224 224 8 10 0.19208094 
149 272 8 10 0.19108884 
936 213 10 13 0.19072098 
349 223 8 11 0.18944237 
270 286 9 12 0.18637556 
157 310 11 14 0.18540958 
270 260 9 11 0.18452416 
165 239 9 12 0.18346463 
812 531 34 38 0.18109952 
199 334 12 16 0.17916094 
225 294 10 12 0.17851095 
112 223 9 11 0.17722125 
201 356 10 13 0.17625804 
469 189 10 12 0.17515196 
354 246 8 11 0.17408675 
169 378 13 17 0.17334026 
183 396 11 15 0.17249587 
10 362 13 17 0.17161249 
838 428 11 16 0.17113675 
162 231 8 9 0.16895615 
46 381 11 14 0.16736129 
402 236 8 11 0.16726634 
874 205 9 12 0.16583095 
310 307 10 12 0.16486752 
411 284 9 12 0.16377123 
185 216 7 9 0.16352154 
228 333 12 16 0.15753277 
369 230 9 11 0.15479966 
453 222 10 12 0.1545427 
68 401 13 16 0.153631 
405 231 10 13 0.15125509 
193 287 8 10 0.15101373 
598 477 24 28 0.15079144 
1002 206 8 10 0.15034758 
830 200 9 12 0.14999995 
303 238 9 10 0.14818406 
965 284 11 14 0.1462588 
941 209 8 10 0.14581041 
109 239 10 12 0.14496714 
265 288 8 11 0.14493385 
852 269 13 15 0.14475769 
933 287 9 12 0.14404888 
141 353 13 16 0.14327115 
137 229 8 11 0.14177011 
303 330 12 17 0.1416332 
887 205 7 10 0.14162073 
377 193 8 10 0.14075825 
984 222 9 11 0.14068998 
809 192 9 11 0.13840835 
607 472 24 28 0.13744041 
129 302 9 12 0.13703193 
382 260 10 12 0.13676833 
944 271 9 12 0.13630357 
71 327 11 14 0.13461013 
360 297 8 10 0.13398437 
111 397 8 12 0.13385738 
807 197 11 13 0.13380687 
446 239 9 11 0.13346942 
240 619 53 45 0.13100182 
158 437 16 24 0.1303946 
257 269 8 11 0.1300702 
171 370 14 17 0.12797387 
367 239 8 11 0.12771834 
335 206 8 10 0.12630278 
182 254 9 11 0.12573393 
384 241 8 10 0.12484618 
402 192 7 10 0.12428565 
184 247 8 10 0.12342256 
51 380 12 14 0.12249241 
408 193 8 10 0.12128698 
344 396 9 13 0.12016584 
344 336 10 13 0.11953491 
61 402 12 17 0.11944679 
93 294 9 12 0.119200416 
294 285 10 12 0.11866859 
927 238 10 10 0.11864837 
212 412 13 17 0.11852826 
52 375 11 12 0.11764042 
145 294 9 11 0.117270306 
205 432 14 19 0.11665567 
385 256 9 12 0.11504091 
159 329 12 15 0.114666425 
854 199 9 11 0.11444054 
409 204 8 10 0.11384597 
254 302 11 13 0.1132537 
995 293 9 13 0.1130991 
297 210 9 10 0.11305951 
195 421 15 17 0.11293946 
77 342 11 15 0.11258823 
889 231 9 13 0.11210028 
238 239 7 10 0.11206385 
592 484 20 22 0.111601084 
342 200 8 9 0.11086288 
375 214 7 9 0.11046503 
110 303 9 11 0.11035659 
982 233 10 12 0.11031184 
161 239 9 12 0.10995985 
28 362 11 14 0.10950599 
353 206 9 10 0.10932028 
926 230 9 11 0.10845216 
103 280 8 11 0.10800079 
878 198 8 11 0.10744374 
201 232 7 10 0.10682546 
223 318 12 15 0.10633024 
271 207 9 10 0.105642475 
339 239 10 13 0.10481859 
699 398 16 23 0.1045937 
199 280 9 11 0.10400165 
938 207 8 11 0.10363637 
879 212 8 11 0.10350466 
311 206 8 10 0.10333972 
2 440 13 20 0.10320123 
54 300 9 12 0.10266476 
824 199 11 14 0.10182478 
73 345 10 14 0.10134528 
352 215 8 10 0.10085112 
160 362 13 17 0.100581646 
205 303 10 13 0.10044521 
106 303 8 10 0.10041459 
792 184 8 12 0.09993641 
289 222 8 11 0.09990442 
968 267 9 12 0.09986639 
451 365 14 17 0.09949733 
340 267 9 12 0.0981647 
255 223 8 11 0.09780048 
196 269 10 12 0.09732276 
962 284 9 12 0.095845915 
223 246 8 9 0.09566664 
54 322 12 14 0.09555049 
360 239 9 12 0.095159486 
227 324 13 17 0.0948371 
414 189 8 10 0.09453976 
263 225 7 10 0.094455265 
329 214 8 9 0.09432897 
54 404 13 16 0.09381856 
161 244 8 10 0.09294402 
815 236 11 15 0.09220637 
118 268 10 14 0.09171827 
286 437 15 19 0.09154759 
886 214 8 11 0.091196746 
276 337 11 16 0.09096807 
291 434 14 19 0.090900265 
344 279 8 11 0.09080215 
29 383 10 12 0.09077408 
292 293 10 14 0.089720346 
408 173 7 10 0.08912251 
200 237 7 9 0.0890407 
232 239 7 10 0.08902121 
192 216 7 10 0.08870087 
87 341 11 15 0.088503435 
302 208 9 10 0.08844071 
383 192 8 10 0.08840678 
292 301 10 12 0.088225015 
216 323 10 13 0.08813063 
121 341 8 11 0.08802144 
25 358 9 12 0.087729536 
921 230 8 10 0.08726226 
944 287 10 12 0.086952254 
128 240 8 10 0.08661954 
311 201 9 10 0.086496994 
199 215 8 9 0.08592767 
182 451 16 18 0.085699454 
204 337 13 17 0.08546655 
350 228 8 11 0.08518661 
190 246 8 11 0.08515386 
904 204 9 11 0.08458697 
191 425 13 15 0.084438846 
375 371 13 14 0.084006295 
145 287 9 11 0.083861254 
129 246 8 10 0.08362666 
924 307 12 15 0.0834547 
631 448 21 29 0.08279325 
223 285 11 13 0.082183115 
934 219 9 12 0.082170084 
43 358 11 14 0.08191875 
73 374 11 13 0.08175704 
744 463 20 28 0.081364475 
272 332 10 16 0.080171116 
413 206 8 10 0.08010324 
301 431 13 17 0.07979371 
244 330 12 16 0.07947311 
137 224 8 10 0.07895576 
333 420 12 15 0.07883152 
846 458 14 19 0.07870325 
981 331 12 17 0.07824284 
967 303 8 11 0.07818047 
927 287 11 14 0.07787807 
449 220 10 12 0.07783824 
196 427 21 27 0.07735706 
230 352 12 18 0.077214696 
299 465 14 21 0.07705772 
382 390 14 19 0.07690162 
940 252 9 11 0.07689467 
205 416 15 18 0.07680046 
267 348 13 19 0.07643171 
327 192 8 11 0.07552524 
296 237 8 11 0.07538658 
184 233 8 10 0.07536758 
223 279 10 12 0.0752794 
365 182 7 9 0.07493045 
325 277 9 11 0.074538015 
206 348 12 17 0.07434955 
660 365 11 14 0.07410379 
151 300 9 11 0.07396449 
182 280 8 10 0.073727354 
975 333 12 16 0.073636346 
316 256 10 12 0.07343573 
432 167 7 9 0.07342893 
336 368 10 13 0.07257429 
272 281 9 11 0.07235092 
446 200 8 10 0.07167406 
711 410 16 20 0.07159659 
116 229 9 11 0.070913784 
150 262 7 10 0.07070845 
797 185 8 10 0.07048121 
173 357 14 17 0.07045562 
873 211 10 12 0.07034039 
462 198 10 11 0.07022637 
310 238 8 10 0.07003489 
181 302 11 14 0.069631055 
98 325 9 12 0.06957106 
272 213 8 10 0.06955901 
228 268 9 11 0.06924869 
856 264 11 14 0.068852104 
213 293 9 12 0.06877138 
966 232 8 10 0.06824716 
328 198 8 10 0.06811862 
977 323 12 14 0.06809922 
334 426 13 15 0.06800729 
287 186 7 9 0.067858286 
301 213 9 10 0.06781947 
389 255 9 11 0.06766659 
368 199 7 10 0.067513905 
848 205 9 11 0.06721773 
141 230 8 11 0.06708615 
147 355 12 15 0.0664658 
60 310 11 13 0.066390656 
57 297 8 11 0.06621443 
442 237 8 12 0.06608372 
129 295 8 10 0.06594021 
376 207 7 10 0.06587333 
273 199 9 11 0.065788455 
92 341 12 16 0.065666415 
392 149 7 9 0.065608844 
341 365 10 14 0.06539024 
330 208 8 9 0.06510808 
208 292 9 11 0.06499473 
249 255 8 10 0.06426847 
145 264 7 9 0.0642398 
134 247 9 10 0.064028844 
20 347 11 14 0.063721776 
378 363 14 17 0.06367023 
201 208 7 9 0.063669965 
87 364 9 13 0.0635354 
170 280 10 12 0.06344037 
916 322 12 16 0.0634397 
587 400 13 17 0.06293903 
210 432 16 21 0.06271371 
240 262 9 10 0.062696815 
840 202 9 12 0.06204442 
312 183 8 10 0.06192869 
169 343 9 13 0.061803456 
238 331 10 16 0.06175428 
298 357 12 15 0.061490584 
948 292 9 12 0.061467197 
308 434 12 15 0.06137807 
239 230 8 9 0.061038423 
303 308 12 13 0.060497332 
357 169 8 10 0.060459338 
295 340 12 15 0.060321867 
517 402 11 13 0.06027649 
439 168 7 9 0.05962704 
814 440 17 20 0.05953044 
407 379 13 15 0.05952176 
833 516 15 16 0.0594331 
49 309 10 13 0.059375774 
600 418 13 16 0.059049416 
918 237 11 13 0.059027914 
207 460 12 15 0.058896486 
404 197 7 10 0.058504697 
145 315 11 14 0.058472298 
148 332 11 14 0.05844823 
41 383 10 13 0.058401693 
293 471 17 22 0.058338713 
368 191 8 10 0.058319278 
228 344 13 19 0.058023278 
144 237 7 10 0.057952236 
277 300 9 12 0.05785838 
152 239 7 10 0.057562206 
334 214 7 10 0.057470154 
61 324 11 14 0.057352822 
991 270 9 11 0.057190973 
262 330 13 17 0.057006534 
358 206 8 11 0.056987848 
296 269 9 12 0.056644306 
320 246 10 11 0.056160484 
368 223 9 11 0.05598766 
415 185 8 10 0.055777594 
249 222 9 12 0.055665646 
176 330 12 16 0.05566137 
933 193 7 9 0.05558709 
999 223 10 12 0.05548011 
249 215 9 10 0.055343367 
303 231 8 11 0.055142887 
370 215 7 10 0.05513704 
135 286 8 11 0.055050418 
129 252 9 11 0.05504399 
296 232 8 10 0.05487533 
182 294 10 12 0.054683365 
992 200 6 8 0.05467008 
517 299 11 12 0.05449378 
424 215 8 10 0.054386094 
961 318 8 10 0.054313987 
410 147 8 11 0.054170903 
413 281 9 12 0.05394185 
294 308 11 12 0.053751446 
110 427 15 20 0.053704485 
188 326 10 14 0.05335607 
206 387 13 16 0.053325284 
223 215 7 9 0.053231906 
231 288 8 11 0.053226434 
847 199 8 11 0.053020734 
426 284 9 11 0.05281087 
277 279 9 11 0.05258325 
231 254 8 10 0.052473925 
254 277 8 10 0.052462216 
458 198 8 11 0.052202027 
919 269 12 13 0.052178875 
337 255 10 12 0.05200194 
191 330 11 15 0.05190271 
967 318 8 10 0.051795635 
814 229 11 15 0.051695295 
847 255 9 11 0.05167224 
862 213 10 12 0.051452246 
352 200 8 10 0.051312163 
59 318 11 13 0.05113242 
351 309 9 11 0.051020455 
119 274 10 12 0.0510047 
358 214 7 9 0.050843235 
928 222 9 12 0.05078298 
73 284 10 13 0.050737776 
238 286 10 11 0.050607 
334 390 11 13 0.050531372 
933 309 9 13 0.050458413 
73 277 11 13 0.050367806 
54 335 12 14 0.0501534 
301 453 16 20 0.049893733 
445 426 13 18 0.04975487 
380 266 12 15 0.049642917 
308 337 13 17 0.04942699 
876 246 9 13 0.04937344 
873 326 10 12 0.049182404 
182 285 9 11 0.04914714 
179 341 11 14 0.04913013 
366 244 9 11 0.049009126 
213 287 9 12 0.048875555 
254 254 8 10 0.048743002 
849 273 11 15 0.048018117 
336 300 10 12 0.04778662 
133 264 9 11 0.047647577 
408 223 8 10 0.047621444 
116 433 17 20 0.047268584 
273 191 7 8 0.047152996 
152 206 7 10 0.04708851 
394 468 15 17 0.046955783 
936 247 9 12 0.046888348 
429 232 9 12 0.046822473 
374 224 9 11 0.046747144 
296 347 11 14 0.046713967 
408 169 7 9 0.04663463 
170 347 11 14 0.046583068 
915 283 9 12 0.04655998 
287 269 8 11 0.046552073 
449 270 10 13 0.04652136 
326 246 9 12 0.046456363 
225 240 8 10 0.046329834 
144 278 9 11 0.046169683 
812 194 12 15 0.046096347 
288 288 11 13 0.046072457 
916 314 14 17 0.046061173 
121 349 11 14 0.046048038 
327 418 12 15 0.04597978 
920 207 8 10 0.045975555 
233 207 8 9 0.04597178 
118 257 8 10 0.04563084 
935 270 9 11 0.04555614 
916 241 13 15 0.04552333 
176 222 7 9 0.04526566 
887 221 9 11 0.045119844 
112 392 8 11 0.045045897 
430 197 8 11 0.045011513 
136 333 10 12 0.04489448 
967 291 10 12 0.04464889 
305 199 9 10 0.044642318 
191 291 10 12 0.04462125 
280 190 8 9 0.044599302 
383 329 9 11 0.04459401 
87 336 9 12 0.044263195 
128 264 9 11 0.044180177 
14 317 8 11 0.043975763 
224 192 8 8 0.04391951 
175 267 9 11 0.043811474 
932 327 11 15 0.043811034 
249 277 9 11 0.043805756 
391 239 9 10 0.043720894 
434 362 13 17 0.043711476 
272 230 8 10 0.04366744 
381 356 12 14 0.043652724 
216 277 8 11 0.043560065 
764 445 14 18 0.043525655 
958 254 9 12 0.043382924 
993 288 10 12 0.04332724 
343 319 9 12 0.043312754 
855 193 7 9 0.043291353 
992 216 7 9 0.043167725 
111 319 9 12 0.04315699 
685 485 13 15 0.043093514 
385 168 7 9 0.043089963 
895 205 8 10 0.04301375 
368 206 7 10 0.042975523 
976 243 9 12 0.042909194 
373 432 14 16 0.042743433 
985 200 7 8 0.042600114 
896 348 13 18 0.042565588 
384 150 7 9 0.042556163 
349 280 8 11 0.04251406 
216 255 7 10 0.04250771 
453 376 15 19 0.042488135 
359 199 8 11 0.042403653 
164 325 10 15 0.042390823 
143 245 7 10 0.042367995 
217 224 7 10 0.04225217 
76 333 10 12 0.04220019 
855 300 11 15 0.04211121 
414 360 16 17 0.04210234 
603 356 13 15 0.041965034 
423 190 7 10 0.04176696 
206 231 8 10 0.041597106 
60 333 12 14 0.04151048 
374 159 7 9 0.0414596 
917 290 13 15 0.04139041 
281 408 15 17 0.041301638 
218 435 14 19 0.041133568 
22 362 12 16 0.041037966 
407 357 11 13 0.041034665 
164 359 12 15 0.0410257 
130 289 8 10 0.0409989 
185 220 7 10 0.040983617 
290 216 8 10 0.040898573 
314 376 14 17 0.04084211 
127 348 10 14 0.040826943 
271 223 8 10 0.04081769 
963 244 8 12 0.040816303 
177 293 10 12 0.040739276 
646 258 14 17 0.04071971 
264 246 7 9 0.040630735 
106 242 11 14 0.04057917 
116 395 10 13 0.04057295 
0 645 9 15 0.040567845 
77 310 10 13 0.04052022 
112 216 8 11 0.040382583 
873 194 8 10 0.040312182 
274 238 8 10 0.040311612 
304 224 7 9 0.04025289 
839 194 8 10 0.040019482 
973 262 9 12 0.03997611 
597 570 15 20 0.039900865 
94 267 9 13 0.039861903 
264 279 9 11 0.039861463 
62 383 12 14 0.03983923 
257 190 8 9 0.039622236 
426 167 8 10 0.039554175 
360 231 9 11 0.039531354 
280 245 8 9 0.039451644 
390 356 12 14 0.039449655 
87 301 9 11 0.039372124 
89 268 9 12 0.03909448 
48 348 10 13 0.038972337 
79 396 12 16 0.038961247 
274 632 40 45 0.03893276 
87 427 13 17 0.038735308 
377 152 6 7 0.038721234 
208 269 10 12 0.038540855 
336 333 9 11 0.038272344 
1000 200 7 9 0.03812861 
927 277 9 11 0.037961066 
374 378 12 14 0.03784604 
960 222 9 11 0.037533972 
961 228 9 13 0.03750383 
966 310 9 11 0.037379146 
443 142 8 11 0.037374914 
312 189 8 10 0.03733424 
375 197 8 10 0.037328687 
353 168 8 10 0.037222367 
318 184 7 9 0.037165657 
422 184 8 10 0.03713749 
177 240 8 10 0.037125092 
125 268 10 12 0.03710713 
934 276 11 13 0.037019327 
283 425 16 20 0.03701489 
904 237 8 12 0.036986556 
216 199 7 8 0.036934584 
326 381 11 13 0.036925722 
70 301 9 11 0.036860347 
102 295 9 11 0.036762785 
294 330 14 18 0.03675454 
457 173 9 13 0.036754236 
391 167 7 9 0.03668075 
929 215 9 11 0.03664416 
68 380 14 17 0.036643956 
920 255 11 13 0.036611445 
1012 369 13 20 0.03659838 
891 398 16 21 0.03653097 
7 383 10 14 0.03652039 
375 246 8 11 0.036498237 
389 180 8 11 0.036439087 
300 336 14 18 0.036341924 
336 394 11 14 0.036245562 
229 311 10 13 0.036211766 
263 190 7 9 0.036155924 
276 285 9 12 0.03611623 
375 237 9 11 0.036113262 
168 215 6 8 0.036079347 
622 266 13 17 0.03606147 
957 356 12 15 0.03595134 
324 264 10 12 0.035889875 
736 438 11 14 0.03588741 
86 359 10 12 0.035861634 
587 457 22 26 0.03582848 
78 302 10 13 0.035804927 
95 331 11 15 0.035751585 
247 262 8 10 0.03572563 
918 302 14 17 0.035692032 
104 308 10 11 0.03558741 
249 271 8 11 0.03547357 
857 228 11 14 0.035441168 
854 254 9 13 0.035420753 
231 191 7 9 0.035376843 
987 333 11 15 0.035371594 
0 388 10 17 0.035359252 
102 267 10 14 0.035113394 
304 256 9 11 0.03509638 
715 482 14 18 0.03501659 
240 270 9 11 0.034965117 
579 582 10 14 0.034863524 
113 257 9 11 0.034843016 
217 229 7 10 0.034760095 
255 247 8 11 0.03460738 
78 316 10 12 0.034586083 
342 401 10 14 0.034584135 
290 445 23 25 0.034530696 
207 466 14 17 0.034501247 
301 314 13 15 0.034494452 
272 248 7 8 0.034385484 
237 292 9 12 0.034342147 
869 224 11 14 0.034338605 
49 342 10 14 0.034146424 
38 435 12 17 0.034114107 
185 210 7 8 0.03411323 
162 225 6 9 0.03407795 
327 167 7 10 0.03402529 
398 357 9 13 0.034017768 
400 150 7 9 0.03400403 
132 306 11 15 0.034002107 
399 286 7 10 0.03399277 
892 235 10 14 0.033985402 
287 245 8 11 0.033948973 
390 246 9 10 0.033914987 
198 247 8 10 0.033892687 
911 244 11 13 0.033877853 
171 384 13 18 0.03383922 
229 224 8 10 0.03375301 
406 418 13 17 0.033715576 
239 214 8 10 0.033705827 
492 405 12 14 0.0336487 
334 193 8 10 0.033624753 
369 159 8 9 0.033446472 
49 303 9 12 0.03343393 
285 522 38 47 0.03343287 
489 272 15 18 0.033332076 
306 277 10 13 0.033201788 
151 256 7 10 0.033195984 
820 229 9 14 0.033040144 
393 231 9 11 0.03296521 
945 229 9 12 0.03295537 
290 263 8 12 0.03289427 
328 230 8 10 0.032732986 
587 471 23 27 0.032673664 
224 255 8 11 0.032636303 
987 398 16 23 0.032572925 
769 463 14 21 0.032535218 
959 332 9 12 0.03252708 
970 284 12 15 0.032487795 
49 315 12 14 0.032478333 
341 357 11 15 0.032462426 
933 316 10 11 0.032334946 
893 262 11 13 0.032280937 
162 446 14 20 0.03219888 
366 177 7 10 0.03218487 
177 246 7 10 0.032155365 
904 246 9 12 0.032128807 
999 263 8 11 0.032034416 
932 238 8 11 0.032020193 
218 214 7 10 0.032010686 
342 205 8 10 0.031981695 
999 211 9 12 0.031967606 
102 319 10 12 0.031958744 
176 305 11 15 0.031951703 
213 300 10 13 0.031946417 
109 401 10 14 0.03185388 
855 213 10 13 0.03184405 
668 526 24 34 0.031834204 
839 222 9 13 0.031831864 
277 254 9 12 0.031810194 
213 451 13 17 0.03173059 
215 263 8 11 0.031718627 
102 397 11 14 0.031676013 
429 334 9 12 0.03157087 
237 206 9 10 0.03154755 
217 207 7 9 0.031527232 
198 414 14 18 0.031524613 
1005 352 14 19 0.031521413 
949 277 9 11 0.03148725 
354 303 9 11 0.03148498 
864 226 17 21 0.031377483 
343 230 9 12 0.0313745 
328 222 8 10 0.03132938 
754 446 18 20 0.031315416 
318 206 7 9 0.031285454 
240 278 10 12 0.031243548 
369 143 8 9 0.031224802 
399 327 10 12 0.031188335 
42 310 10 13 0.03115786 
282 186 7 8 0.030956993 
1000 377 21 33 0.030938227 
143 360 12 15 0.030921243 
909 252 11 15 0.030857662 
119 244 9 11 0.030845659 
118 302 9 11 0.030811312 
319 239 8 10 0.030753879 
279 443 13 16 0.030669237 
251 323 13 16 0.030658579 
827 510 25 28 0.030652724 
888 262 10 12 0.030641934 
148 324 13 16 0.03063013 
215 407 12 16 0.030598434 
961 303 10 12 0.030588962 
431 159 7 10 0.03058057 
334 222 9 10 0.030564541 
425 158 8 10 0.030505568 
425 243 9 11 0.030505368 
460 221 10 14 0.03049171 
282 270 8 11 0.030487249 
156 324 19 24 0.03044791 
327 285 9 11 0.030432789 
663 359 11 15 0.03041852 
311 214 8 8 0.030264145 
931 261 11 13 0.030249288 
317 334 10 13 0.030238722 
763 468 16 24 0.03022722 
333 404 14 16 0.03020769 
853 221 11 14 0.03016589 
557 425 13 17 0.030123835 
102 365 13 15 0.03011736 
492 262 11 12 0.030105842 
352 168 17 24 0.03008329 
97 256 8 11 0.030066747 
926 205 8 11 0.030038923 
453 255 9 11 0.030003557 
336 174 7 10 0.029947085 
925 363 10 14 0.029892582 
309 442 14 19 0.02988562 
110 277 9 12 0.029757945 
68 295 10 12 0.029724656 
902 259 12 15 0.029683903 
174 456 15 19 0.029664256 
85 453 11 13 0.029602952 
214 270 8 10 0.029538589 
614 265 14 17 0.029530725 
347 394 12 16 0.029446099 
191 306 12 15 0.029414892 
345 311 9 12 0.029396841 
383 213 8 10 0.029315406 
177 320 19 22 0.029281734 
202 439 16 22 0.02924512 
252 331 13 17 0.029215422 
210 262 9 11 0.029129382 
153 232 6 9 0.029123439 
102 261 9 13 0.029101117 
199 222 8 10 0.028991781 
951 355 11 15 0.028872404 
841 238 8 12 0.028808217 
152 245 7 9 0.028754696 
503 223 49 61 0.028754061 
406 319 8 11 0.02874577 
922 257 19 22 0.02874285 
376 328 9 11 0.028706511 
304 244 9 11 0.028610988 
785 188 11 14 0.028566519 
294 221 8 11 0.028524894 
134 294 8 10 0.028470263 
961 270 8 10 0.028444229 
820 185 9 11 0.028443368 
443 361 20 29 0.02843451 
402 174 8 10 0.028312977 
334 383 9 11 0.028303955 
963 238 9 13 0.028274678 
8 347 13 16 0.028170384 
470 219 13 15 0.028089313 
336 326 8 11 0.027817845 
1005 224 9 11 0.027742626 
404 327 10 11 0.027736679 
314 366 13 17 0.027734779 
430 243 9 11 0.027674785 
984 269 10 13 0.027637258 
119 309 9 12 0.027617533 
889 277 10 13 0.027525816 
439 172 7 9 0.027469097 
351 191 9 10 0.027462732 
358 150 7 9 0.02723564 
441 184 9 11 0.027201805 
112 209 7 9 0.027190125 
29 555 17 19 0.027119895 
651 265 17 22 0.026991619 
991 222 8 11 0.02686023 
75 377 13 18 0.026842387 
620 452 24 32 0.02680935 
320 231 8 9 0.026808772 
137 281 8 10 0.026794465 
96 311 9 11 0.026784401 
115 421 15 20 0.026739087 
240 223 9 11 0.02672684 
854 284 11 13 0.026720181 
97 278 8 11 0.026711972 
232 246 7 10 0.026699057 
326 294 9 11 0.0266668 
424 152 9 10 0.026585579 
401 205 8 11 0.026553428 
96 319 10 12 0.0265368 
137 327 10 13 0.026536392 
195 327 14 16 0.026526751 
467 445 12 14 0.026466629 
981 261 9 11 0.026465006 
279 365 11 15 0.026460685 
841 244 8 11 0.026423482 
231 230 7 9 0.026377827 
28 325 9 12 0.026359001 
942 222 10 11 0.026300104 
167 224 7 9 0.026264878 
736 468 14 23 0.026241818 
390 191 7 10 0.0262093 
354 151 7 9 0.02617272 
195 280 19 23 0.026154652 
871 331 11 13 0.026152179 
63 418 12 15 0.02613567 
359 264 8 11 0.026125252 
301 363 13 18 0.026102839 
13 389 9 13 0.026098602 
959 216 8 11 0.026057828 
976 256 8 10 0.026051752 
408 138 18 23 0.025970023 
353 295 8 11 0.0259695 
41 382 20 24 0.025964433 
932 229 9 12 0.02592211 
426 197 8 10 0.02591423 
335 285 10 11 0.025891762 
820 252 9 12 0.025889754 
191 232 8 9 0.02587287 
755 470 17 21 0.025808556 
650 252 17 20 0.025722148 
876 230 9 12 0.025691109 
206 326 12 15 0.025683112 
397 351 9 12 0.025665 
255 199 8 10 0.02565327 
187 389 14 18 0.025629073 
959 261 9 12 0.025585936 
86 309 8 12 0.02557162 
538 467 17 20 0.025565961 
308 255 18 22 0.025516082 
112 296 9 11 0.025505863 
345 160 7 9 0.02549329 
238 255 8 11 0.025489964 
28 370 12 16 0.025450762 
943 326 11 14 0.025433157 
254 207 8 10 0.025395568 
320 190 8 10 0.025363542 
949 229 10 13 0.025334826 
410 182 8 11 0.02532413 
467 193 13 14 0.02531336 
442 199 9 11 0.025252847 
253 453 12 17 0.025243694 
460 350 11 14 0.025221327 
999 192 8 10 0.025140304 
272 186 6 7 0.02510785 
480 184 64 78 0.025046812 
352 252 9 11 0.025036098 
402 145 7 9 0.025003042 
350 159 7 9 0.024972394 
244 617 19 25 0.024963088 
848 221 10 14 0.024948005 
381 453 12 15 0.024932453 
53 386 12 16 0.024917137 
819 244 10 13 0.024868794 
399 159 8 10 0.024805771 
968 253 9 11 0.024705615 
206 207 7 9 0.024657853 
128 335 8 11 0.024648985 
80 453 11 14 0.024607202 
450 426 14 20 0.024599582 
135 237 9 11 0.024568824 
408 361 13 16 0.024565686 
28 347 12 16 0.024502045 
376 255 8 10 0.024482774 
304 191 8 9 0.024473391 
794 469 19 21 0.024467045 
250 247 8 11 0.024420671 
344 164 7 9 0.024416892 
255 351 13 17 0.024348836 
352 240 8 11 0.02431192 
596 653 13 18 0.024228785 
328 174 7 9 0.024211315 
384 145 8 9 0.024192823 
53 367 12 13 0.024153084 
407 369 21 25 0.02413881 
307 396 14 19 0.0241335 
326 371 11 14 0.02410135 
255 240 9 9 0.024009354 
298 272 18 23 0.024006538 
410 537 22 31 0.023986043 
144 255 9 10 0.02398474 
972 290 11 14 0.023984315 
238 245 8 10 0.02390838 
248 228 8 9 0.023872867 
1015 244 9 13 0.023745272 
222 257 18 24 0.023730982 
254 341 14 18 0.023719024 
595 661 16 18 0.023711327 
431 192 8 10 0.023577768 
451 276 11 13 0.02355975 
811 223 13 15 0.023535475 
96 286 9 13 0.02350573 
124 421 13 19 0.023455553 
72 310 10 12 0.023441566 
278 232 8 10 0.023432795 
344 216 9 10 0.023371844 
926 356 12 15 0.023362767 
902 295 12 14 0.023354594 
1000 237 8 11 0.023331104 
60 277 10 13 0.023305975 
67 410 13 16 0.023300527 
80 368 10 12 0.023293987 
278 261 9 12 0.023258742 
440 232 10 12 0.023248259 
49 313 19 24 0.023209423 
725 402 12 19 0.023168318 
265 255 7 10 0.023138888 
382 437 12 14 0.023113687 
257 286 8 12 0.023011945 
455 356 13 16 0.02300257 
914 416 14 20 0.02300231 
408 159 8 9 0.022981219 
880 407 20 27 0.022974303 
320 200 8 10 0.022961736 
192 339 11 15 0.022959568 
93 365 10 13 0.022952678 
993 298 10 14 0.022944437 
763 437 13 15 0.022900006 
329 238 8 11 0.022879101 
279 308 10 13 0.022877362 
192 278 9 11 0.022872956 
603 424 17 18 0.022858772 
264 186 7 9 0.022837687 
869 345 13 16 0.022809787 
10 334 11 16 0.022801299 
910 222 9 11 0.022799587 
950 263 9 12 0.02276445 
295 544 18 23 0.022763582 
159 339 11 14 0.022751031 
811 184 19 23 0.022729618 
433 172 7 9 0.022636414 
163 317 11 15 0.022585548 
0 382 9 15 0.022577748 
117 414 12 14 0.022496676 
368 326 9 12 0.022478372 
429 151 8 11 0.022468062 
403 444 11 13 0.02244699 
893 492 25 29 0.022394435 
871 279 9 11 0.0223361 
278 417 16 21 0.022331322 
878 193 7 9 0.022289796 
943 263 10 13 0.022225743 
978 232 19 23 0.022221109 
991 389 20 30 0.02220856 
29 338 12 17 0.022199294 
338 421 12 16 0.022189876 
333 233 19 23 0.022012299 
716 395 15 21 0.022008553 
375 144 6 8 0.02199018 
293 316 13 15 0.02198872 
517 309 12 15 0.02196599 
305 183 7 9 0.021949949 
160 215 7 9 0.02192059 
306 408 15 21 0.021902679 
24 351 18 25 0.021882763 
247 294 9 12 0.021875808 
392 284 9 10 0.021831326 
415 159 8 9 0.021825155 
118 239 9 12 0.021804491 
844 237 11 14 0.021804247 
903 231 9 12 0.021755522 
643 666 15 14 0.021749677 
339 433 11 14 0.021728802 
86 371 11 14 0.021703858 
238 201 9 10 0.021631094 
248 207 9 10 0.021607019 
311 344 11 16 0.021577448 
119 316 10 13 0.021551311 
400 167 7 10 0.021508593 
177 216 7 9 0.021476561 
323 342 13 15 0.02146394 
317 144 9 11 0.021458866 
382 223 8 10 0.02143742 
377 175 7 9 0.02143621 
976 231 11 12 0.021407591 
256 185 8 10 0.02140195 
911 331 11 14 0.021400282 
703 517 13 14 0.021398244 
500 405 10 12 0.02132871 
376 167 7 9 0.021300245 
920 211 9 12 0.021299602 
422 355 25 27 0.021298917 
253 317 12 15 0.02127306 
636 441 18 23 0.021268666 
881 311 9 12 0.021263452 
289 229 8 10 0.021257479 
318 339 12 17 0.021238994 
606 268 14 16 0.021233344 
351 262 10 12 0.021228336 
143 214 8 9 0.021199599 
452 237 10 13 0.021136874 
990 275 10 12 0.02113545 
67 428 12 15 0.02112351 
179 370 12 17 0.021024238 
961 328 8 11 0.021007165 
23 387 12 14 0.020999208 
343 192 8 9 0.020954547 
71 317 10 13 0.020895774 
462 204 11 13 0.020890329 
328 387 11 15 0.020888586 
996 316 11 14 0.020864904 
966 326 9 12 0.020855714 
145 208 7 10 0.020854244 
141 224 8 9 0.020854108 
48 323 11 14 0.020822508 
313 452 15 21 0.02080636 
998 268 9 11 0.020796418 
842 253 9 13 0.020784663 
914 308 11 14 0.0207272 
786 183 9 12 0.020690337 
474 411 16 18 0.020680232 
409 213 8 11 0.020673003 
69 341 20 24 0.020660365 
972 301 10 13 0.020540351 
861 412 14 17 0.020535858 
401 320 9 12 0.020522296 
223 208 7 9 0.0205096 
452 262 10 13 0.020492926 
103 389 11 14 0.020466847 
942 309 10 13 0.020433942 
446 227 12 15 0.020408912 
414 137 9 10 0.020357544 
36 339 11 14 0.020347431 
365 294 8 11 0.020339027 
270 359 13 19 0.02033866 
100 451 15 18 0.020321101 
464 182 10 13 0.020305851 
697 509 25 29 0.0202926 
473 263 9 11 0.020286065 
702 482 26 26 0.020277312 
175 320 13 15 0.020269807 
650 538 30 29 0.020253295 
388 268 12 16 0.020246815 
342 294 9 12 0.02021565 
217 192 7 9 0.02020971 
360 189 8 10 0.020185456 
78 272 9 12 0.020163981 
308 327 12 16 0.020150365 
54 335 18 23 0.02011684 
388 447 16 18 0.020110833 
393 160 7 10 0.020098612 
1015 221 8 11 0.020096896 
377 393 13 17 0.020088866 
