5_Car_Accident_Accident_5_948
32
664 141 23 27 0.5002974 
695 286 13 19 0.11334783 
341 286 23 28 0.10686462 
278 238 490 529 0.087976746 
687 184 11 12 0.08377707 
10 170 25 32 0.064613156 
20 177 16 19 0.06155202 
656 182 10 11 0.059493944 
636 134 9 11 0.040425915 
692 188 9 11 0.03998859 
682 189 8 11 0.03458163 
715 164 11 13 0.029749809 
682 183 9 12 0.029699799 
647 165 10 14 0.029560745 
655 141 11 15 0.028919335 
652 156 12 17 0.028050827 
151 243 80 117 0.027808635 
533 362 26 30 0.027324516 
702 277 12 15 0.026855057 
524 414 46 54 0.026652876 
654 149 12 17 0.025747983 
631 127 10 11 0.025657484 
266 309 17 22 0.025589295 
708 286 12 15 0.02515179 
260 310 15 20 0.024546448 
656 136 37 48 0.024058735 
703 161 10 13 0.023860736 
700 368 34 44 0.023250274 
507 432 26 30 0.022959905 
256 310 10 13 0.022542797 
635 191 13 15 0.021871017 
710 126 12 14 0.021712882 
