5_Car_Accident_Car_Crash_5_279
61
339 6 33 36 0.9899856 
663 349 28 39 0.55503345 
967 444 13 15 0.12897518 
267 505 89 117 0.11078426 
249 18 24 30 0.086197086 
170 262 85 109 0.074549295 
210 251 94 106 0.0727421 
104 185 34 51 0.071505755 
2 340 13 18 0.05524008 
718 251 14 19 0.051012747 
701 254 37 51 0.04978764 
659 322 15 21 0.049418814 
717 248 25 30 0.047117084 
468 407 54 74 0.039260726 
463 138 110 136 0.039139025 
408 161 67 79 0.039018977 
319 32 10 12 0.03869694 
234 284 96 108 0.038160484 
994 470 27 45 0.03790997 
667 368 20 28 0.036594212 
790 357 15 15 0.03602671 
963 438 22 27 0.034693904 
19 278 64 69 0.03265304 
748 316 11 14 0.032410488 
346 32 19 23 0.03233662 
655 331 30 37 0.032286674 
534 76 13 15 0.031157698 
105 176 58 75 0.03098834 
708 266 16 21 0.030428585 
767 304 55 60 0.029145068 
171 646 25 35 0.029143814 
11 242 26 34 0.028951198 
775 360 33 38 0.028521314 
54 191 31 38 0.027773468 
438 154 176 207 0.026817081 
763 342 52 63 0.026715402 
260 268 67 77 0.026647199 
235 434 37 39 0.025992058 
420 135 107 124 0.025863985 
716 301 48 66 0.024865199 
620 209 31 34 0.02452631 
645 313 25 34 0.024305709 
0 335 22 31 0.024211284 
728 382 11 14 0.024197811 
285 107 18 20 0.024151294 
92 146 96 124 0.023943463 
729 250 15 18 0.023896404 
710 268 49 66 0.02302957 
915 477 29 38 0.022724623 
740 414 15 16 0.022449205 
882 389 51 65 0.02242484 
696 268 27 34 0.02231875 
793 362 15 17 0.022308098 
734 291 49 62 0.02205223 
659 336 16 21 0.021812873 
176 649 10 16 0.021605795 
152 152 103 125 0.021337394 
469 367 93 98 0.021269495 
683 271 26 32 0.021066353 
672 346 19 26 0.020388933 
176 248 59 78 0.020254958 
