5_Car_Accident_Accident_5_202
53
990 73 19 23 0.86202973 
822 76 15 20 0.7812388 
743 90 17 19 0.5979753 
898 84 14 18 0.51898545 
760 83 13 17 0.46205717 
923 71 27 34 0.44955704 
399 349 23 27 0.17645669 
793 80 8 10 0.14602913 
966 150 10 13 0.14402255 
969 68 15 19 0.13974535 
727 206 106 128 0.087436944 
712 86 9 11 0.07654249 
417 -4 367 465 0.07055775 
570 105 8 9 0.06393548 
862 261 10 14 0.063752264 
-1 405 24 36 0.061149165 
750 84 20 22 0.05622144 
789 99 14 16 0.052195493 
696 93 8 10 0.04884302 
573 108 8 10 0.04791073 
971 77 15 19 0.045979094 
964 144 11 14 0.043661427 
936 79 15 20 0.043490645 
975 65 21 27 0.04227544 
918 79 15 18 0.04214631 
474 168 30 35 0.040363632 
567 126 10 13 0.03869161 
8 106 27 38 0.03757493 
705 88 8 10 0.037281115 
566 120 9 11 0.03438998 
989 87 17 20 0.033314385 
960 141 12 14 0.031422704 
498 171 196 259 0.031233622 
729 89 8 11 0.031047001 
925 94 23 30 0.029451901 
828 71 11 15 0.029184047 
314 111 16 21 0.026173016 
917 60 10 12 0.026165893 
883 101 11 13 0.025884235 
809 94 10 14 0.025531944 
296 144 431 422 0.024113068 
941 48 15 18 0.023953259 
794 84 12 14 0.023901442 
724 278 13 16 0.023163864 
973 62 39 49 0.022404388 
958 145 22 28 0.02182354 
549 134 10 14 0.021810696 
860 95 16 17 0.021476403 
562 119 9 11 0.020756295 
856 197 52 73 0.020603003 
555 215 62 57 0.020503767 
928 142 11 12 0.020389419 
481 235 20 16 0.020078186 
