5_Car_Accident_Accident_5_287
50
850 35 16 20 0.97304904 
895 65 14 18 0.21333337 
84 188 13 18 0.21050292 
381 96 8 10 0.090693705 
31 190 24 33 0.083441116 
158 138 10 14 0.07963024 
684 117 10 12 0.06514375 
659 129 45 57 0.062401753 
303 201 14 21 0.057115298 
222 210 22 33 0.056861855 
150 159 10 14 0.052450813 
460 -8 123 146 0.044710793 
405 152 14 16 0.044044204 
439 6 10 12 0.042987972 
911 45 13 16 0.042779393 
366 175 12 15 0.041458227 
394 165 14 15 0.040578794 
825 110 9 12 0.038551025 
925 25 14 17 0.03556606 
389 127 10 12 0.034258027 
685 112 10 12 0.033127215 
856 167 41 59 0.031950418 
156 50 74 116 0.030830236 
159 39 443 454 0.03014115 
887 61 11 16 0.02966966 
401 550 10 11 0.029479478 
415 131 11 13 0.028771091 
680 101 9 9 0.028593676 
154 134 8 11 0.027969394 
736 100 8 10 0.027839525 
476 32 10 13 0.027633725 
782 92 12 15 0.027374895 
782 137 12 14 0.025893355 
759 118 9 10 0.02587603 
397 156 13 15 0.025488978 
191 197 10 12 0.025137888 
750 117 9 11 0.025009261 
34 -10 208 227 0.02462582 
817 54 8 10 0.024406279 
152 120 9 12 0.024206175 
750 111 8 11 0.02342121 
361 176 11 12 0.021665175 
150 125 9 12 0.021662364 
888 28 11 14 0.021569612 
359 165 26 31 0.02119191 
99 226 16 21 0.020640152 
27 178 39 52 0.020500539 
197 196 10 12 0.020444036 
831 155 14 17 0.020266317 
879 39 10 12 0.020154625 
