5_Car_Accident_Car_Crash_5_868
18
306 208 50 63 0.99925536 
438 281 45 55 0.8304582 
218 152 29 29 0.1693538 
228 226 61 52 0.14289011 
232 244 36 32 0.07742045 
912 182 37 35 0.07215495 
244 235 32 30 0.04537211 
406 49 426 443 0.041370448 
235 141 15 19 0.030776082 
245 147 13 16 0.027718645 
168 118 428 497 0.02721526 
262 230 30 39 0.027098052 
455 296 19 26 0.023901675 
255 228 53 63 0.02384388 
-13 -27 195 231 0.0219288 
267 238 17 22 0.021554394 
601 -20 418 489 0.020561919 
892 170 59 57 0.020352945 
