5_Car_Accident_Accident_5_203
54
787 289 21 31 0.90552306 
621 236 11 14 0.72573453 
582 264 14 16 0.082938775 
455 297 9 11 0.07821669 
487 211 9 11 0.07815529 
713 300 9 12 0.076209076 
791 287 13 17 0.07459359 
91 190 14 17 0.071566954 
126 201 13 15 0.06396509 
617 231 10 13 0.06337622 
964 171 11 12 0.051052973 
384 9 446 518 0.0468209 
1009 344 14 19 0.044383004 
462 301 10 11 0.040030994 
722 273 7 9 0.039872497 
589 236 10 12 0.03907761 
697 284 9 11 0.03440359 
423 233 8 10 0.034268904 
990 7 10 11 0.034077063 
957 372 9 12 0.033033166 
717 296 9 11 0.032893352 
116 178 13 15 0.031623207 
523 272 13 14 0.03129328 
1013 187 9 14 0.030828537 
98 194 13 16 0.030579548 
469 300 9 12 0.030412259 
3 204 22 29 0.03039546 
700 279 10 11 0.029418036 
629 231 10 14 0.028871695 
673 208 9 12 0.028680127 
414 285 8 11 0.027836299 
605 236 11 13 0.027445631 
621 230 18 23 0.027268862 
628 256 13 14 0.026835972 
760 311 9 11 0.026022138 
666 279 7 10 0.025619796 
712 277 8 10 0.024957871 
587 261 11 14 0.023918077 
596 237 11 13 0.023241434 
725 271 7 10 0.023202175 
720 277 7 10 0.022764772 
71 60 27 29 0.022675293 
432 236 8 9 0.022151561 
791 280 11 14 0.022022212 
118 196 14 16 0.021862358 
767 104 7 8 0.021843804 
441 280 9 12 0.021660656 
93 184 12 15 0.021536369 
632 222 10 12 0.021515723 
876 422 9 10 0.021507144 
985 13 10 12 0.021392098 
969 376 38 55 0.021068765 
423 262 9 12 0.020965708 
752 252 10 12 0.020371486 
