5_Car_Accident_Car_Crash_5_451
47
684 157 22 27 0.4058024 
784 133 9 12 0.3019382 
452 257 29 34 0.2532178 
322 144 8 11 0.21624242 
865 125 11 13 0.12405588 
105 358 143 132 0.1126407 
684 150 16 22 0.10520515 
633 137 9 11 0.0965699 
700 148 16 20 0.08606465 
908 189 10 12 0.06474389 
870 129 12 14 0.06095493 
124 386 88 73 0.058538765 
635 139 11 12 0.05607949 
954 154 18 19 0.053675134 
752 190 8 10 0.044909775 
571 205 13 14 0.043759607 
1006 161 16 20 0.039682318 
695 160 18 20 0.03885323 
802 183 8 11 0.037597883 
74 362 40 47 0.037122786 
800 188 10 12 0.03709878 
964 161 15 18 0.03690785 
51 322 223 220 0.0343272 
951 157 29 33 0.03376093 
842 143 8 10 0.032489315 
648 217 45 57 0.032458454 
865 121 9 12 0.031571385 
814 149 7 9 0.030408774 
710 182 12 15 0.030262256 
992 157 9 12 0.029540751 
936 157 11 14 0.028598081 
459 245 43 46 0.02821543 
908 192 13 17 0.0273659 
806 187 9 12 0.026680367 
952 151 44 53 0.025141181 
514 341 65 58 0.025046574 
787 157 13 17 0.024874924 
876 126 11 14 0.024112277 
458 253 17 19 0.02386731 
830 183 8 11 0.023757441 
690 167 26 28 0.023713956 
911 223 39 57 0.023508444 
463 238 11 13 0.023197247 
997 154 27 32 0.021398287 
90 350 31 43 0.021020588 
440 261 32 36 0.020985875 
872 205 9 10 0.020280896 
