5_Car_Accident_Accident_5_66
42
21 239 32 40 0.9942774 
948 227 18 22 0.34865403 
648 159 18 22 0.30170274 
257 237 18 20 0.18082789 
683 203 37 39 0.14242801 
746 131 33 36 0.09407635 
799 271 44 61 0.07785769 
1 149 15 19 0.062478457 
457 143 10 11 0.05296901 
225 235 13 15 0.04619026 
202 167 16 19 0.04593365 
417 161 48 57 0.040557325 
815 167 34 38 0.040081624 
592 142 10 12 0.038456682 
733 116 50 59 0.03813016 
715 83 378 433 0.036616057 
398 193 26 32 0.03399833 
151 137 12 14 0.032853954 
842 182 36 41 0.030423224 
405 136 9 12 0.029328618 
701 248 60 62 0.027897056 
172 139 11 14 0.02779776 
184 151 11 14 0.027641682 
908 245 14 16 0.027390407 
806 246 45 63 0.02701023 
175 184 24 29 0.026965978 
685 212 15 17 0.026873108 
252 235 31 32 0.025879815 
802 189 13 17 0.025768314 
923 226 15 17 0.025360996 
828 226 41 52 0.024900233 
817 291 32 49 0.024807401 
461 142 14 16 0.023582451 
654 140 22 27 0.02311761 
607 142 8 10 0.022374641 
759 140 19 24 0.02169833 
714 107 51 61 0.021536203 
309 89 107 119 0.021466438 
663 141 12 16 0.02108277 
790 149 47 56 0.020917099 
19 227 27 35 0.02015851 
352 193 35 37 0.02005735 
