5_Car_Accident_Accident_5_777
102
759 148 14 19 0.9683631 
826 152 14 18 0.930147 
500 142 25 29 0.91971993 
634 148 18 22 0.8454505 
795 149 11 15 0.70485044 
726 166 14 17 0.5738458 
853 197 14 19 0.47510013 
597 167 13 15 0.41879436 
181 284 25 26 0.2755757 
549 158 13 16 0.18367964 
118 316 22 28 0.16709231 
949 170 14 15 0.14514694 
889 161 15 17 0.13995752 
886 202 14 18 0.12593605 
383 240 11 13 0.124656156 
379 223 11 13 0.11726371 
603 170 12 16 0.11651806 
403 257 16 19 0.09335446 
891 178 16 19 0.08376795 
167 293 12 16 0.07915473 
944 170 12 14 0.07410353 
367 244 9 11 0.073970646 
628 170 16 19 0.073441684 
173 285 21 27 0.06993784 
141 280 27 29 0.06137627 
984 212 14 16 0.060002014 
540 171 16 20 0.055965234 
978 254 16 21 0.05589974 
524 147 15 19 0.05190217 
512 148 16 22 0.05003341 
982 230 12 14 0.046567 
628 157 23 24 0.046507146 
527 151 20 24 0.04329209 
374 246 9 11 0.04242357 
140 84 252 308 0.040780526 
903 212 12 14 0.04075174 
658 171 22 29 0.04050684 
909 211 12 14 0.040408064 
538 157 21 25 0.036896154 
976 230 12 15 0.034596473 
723 168 23 27 0.0345331 
889 195 16 20 0.03417944 
877 239 18 21 0.033516366 
887 169 14 18 0.03330136 
866 211 15 19 0.0332416 
242 267 12 15 0.03166618 
400 230 9 12 0.031476766 
400 252 12 15 0.031008387 
26 206 8 11 0.03035663 
910 162 11 16 0.029815506 
364 172 9 11 0.029748008 
899 161 13 16 0.02950131 
862 165 11 14 0.028759537 
918 155 11 16 0.028447896 
388 243 9 12 0.028225837 
870 179 11 14 0.028065091 
887 186 14 16 0.02769398 
186 288 42 48 0.02759524 
925 156 11 14 0.02687014 
771 147 14 16 0.02625124 
360 168 9 11 0.026071737 
405 232 9 10 0.025511552 
897 201 22 28 0.025365312 
928 235 13 15 0.025039388 
99 294 15 19 0.024994522 
887 221 13 14 0.02495295 
918 150 10 14 0.024927935 
897 171 15 18 0.024767604 
861 209 13 18 0.024725452 
836 173 13 16 0.024515048 
678 159 15 17 0.024371447 
781 148 12 16 0.02430595 
974 239 26 33 0.023962364 
190 279 29 35 0.023617793 
521 148 372 456 0.023442488 
257 273 16 20 0.023153255 
962 221 43 58 0.023115048 
751 153 14 19 0.023088928 
345 175 9 12 0.022983098 
955 167 12 15 0.022948766 
401 266 12 17 0.022948246 
740 163 13 17 0.022732213 
956 178 13 15 0.022699902 
154 282 16 19 0.022580726 
902 207 25 32 0.022520093 
833 153 12 17 0.022273405 
405 247 14 16 0.022154985 
353 191 9 10 0.022093095 
350 252 10 12 0.021679768 
980 212 22 27 0.021362664 
930 254 27 31 0.021342937 
388 269 11 14 0.021238305 
1014 252 11 18 0.021040725 
391 228 9 13 0.02085303 
400 235 10 13 0.02069742 
880 163 11 15 0.020677777 
835 185 14 18 0.02067473 
360 246 9 11 0.020652203 
635 175 223 303 0.020439653 
879 202 15 19 0.02033535 
137 288 39 43 0.020292489 
169 302 46 52 0.020039778 
