5_Car_Accident_Accident_5_607
34
244 29 24 30 0.6970764 
107 17 24 31 0.24558993 
468 381 52 64 0.1715358 
76 38 31 34 0.1537936 
534 410 61 77 0.107198745 
217 0 19 19 0.09983241 
339 477 75 58 0.07343109 
431 386 49 62 0.07247579 
509 391 58 78 0.053715404 
489 389 53 69 0.051662307 
238 42 15 18 0.03953291 
119 32 27 39 0.038510785 
691 153 61 87 0.037518546 
326 459 70 59 0.036080427 
555 404 99 85 0.034775898 
94 23 48 64 0.034526035 
440 39 114 142 0.0306843 
21 -56 460 481 0.029430075 
427 396 29 49 0.028839197 
446 -1 440 514 0.027876405 
335 437 31 27 0.027644603 
206 -1 24 22 0.027112273 
653 117 105 148 0.026856907 
489 400 33 42 0.025173657 
597 405 67 49 0.023326889 
7 134 43 79 0.02325299 
203 52 14 18 0.022863287 
254 34 16 21 0.022754673 
453 383 38 49 0.022549622 
510 375 41 56 0.022304343 
460 384 103 102 0.021694262 
410 400 67 71 0.020711074 
622 -37 438 522 0.020658022 
186 0 16 13 0.020298079 
