5_Car_Accident_Accident_5_77
188
885 57 28 35 0.99978584 
757 33 26 34 0.999345 
627 60 23 31 0.9990922 
654 59 22 30 0.99883014 
574 65 24 33 0.9987116 
930 48 37 46 0.99786574 
812 53 25 32 0.997414 
717 65 24 32 0.99670035 
377 61 22 28 0.9914888 
693 69 23 30 0.9861704 
290 77 21 27 0.9851967 
231 68 20 26 0.9825507 
437 54 23 29 0.9672122 
539 77 20 26 0.96700704 
489 67 20 26 0.9663549 
185 78 21 24 0.9562413 
113 89 19 24 0.95350325 
588 43 20 26 0.93553424 
517 37 19 22 0.92182535 
982 47 18 25 0.92100346 
710 8 14 17 0.9193143 
445 83 23 27 0.90446204 
391 0 12 12 0.727683 
739 25 12 15 0.66156906 
903 57 25 34 0.49547696 
80 57 22 41 0.4433658 
658 461 129 132 0.4294676 
733 367 183 196 0.4075002 
793 22 13 15 0.400938 
794 54 19 23 0.37375474 
873 60 11 15 0.37161955 
77 220 438 488 0.33422863 
679 27 11 14 0.27853268 
475 0 11 12 0.24938832 
995 267 18 21 0.23556863 
919 53 28 39 0.2313579 
706 64 23 32 0.20450224 
716 32 14 18 0.1677659 
559 347 25 32 0.16613431 
440 69 24 30 0.16029286 
638 29 12 16 0.15694252 
737 50 14 19 0.14257209 
655 438 33 40 0.1296497 
206 3 13 13 0.11153444 
326 76 12 16 0.107743695 
290 101 16 20 0.10317773 
161 369 258 320 0.099634565 
965 44 23 29 0.09793732 
563 0 16 18 0.09499506 
32 9 12 15 0.09341987 
481 38 16 20 0.091483 
771 90 24 28 0.089312695 
615 0 11 11 0.08138631 
525 2 17 19 0.08062729 
790 27 19 26 0.07530321 
700 44 23 29 0.07528591 
376 27 10 13 0.07522894 
315 180 15 19 0.07314448 
189 95 16 18 0.07124261 
686 0 9 10 0.067875125 
172 13 15 20 0.06731371 
7 127 45 70 0.06468804 
3 0 12 14 0.062858135 
380 24 10 13 0.058338404 
71 8 28 39 0.057293613 
709 34 20 25 0.057080638 
71 290 127 159 0.056897614 
389 6 14 17 0.056120068 
319 0 10 9 0.055914268 
672 26 13 15 0.05390284 
26 51 24 39 0.053319864 
686 417 155 156 0.05212799 
563 8 18 23 0.051069476 
450 93 23 31 0.050166532 
872 53 23 30 0.04809649 
639 11 12 15 0.047627836 
637 62 24 31 0.047439598 
168 100 11 13 0.047144547 
16 43 25 39 0.04465468 
511 4 25 26 0.044474322 
1 34 37 61 0.0440495 
318 77 13 17 0.043965798 
860 495 121 126 0.04345744 
309 178 15 19 0.043320335 
2 37 23 37 0.04279076 
413 45 13 18 0.042640347 
325 26 17 22 0.042208124 
426 214 24 34 0.041773155 
882 45 14 16 0.04137485 
676 434 28 37 0.040916555 
915 53 13 18 0.039795306 
639 19 13 19 0.03935461 
766 22 13 17 0.03917576 
747 68 15 20 0.03894316 
393 64 16 20 0.038759425 
573 239 349 445 0.03825082 
532 6 16 20 0.038156796 
609 57 16 22 0.037972152 
655 364 30 37 0.037891906 
389 -3 20 20 0.03718969 
185 137 40 53 0.036646403 
765 64 15 18 0.035402555 
324 0 10 11 0.035382718 
66 64 31 38 0.03440533 
0 108 10 18 0.033981245 
580 315 11 14 0.033894226 
652 1 12 11 0.033553474 
439 84 17 21 0.033201102 
323 4 13 14 0.033196386 
722 28 14 20 0.032984633 
747 39 26 33 0.032741927 
724 264 41 44 0.032382555 
677 3 14 16 0.032329887 
700 37 16 20 0.03218461 
569 17 14 20 0.03189948 
262 158 15 17 0.03188431 
685 77 25 32 0.031864665 
991 269 25 35 0.031085115 
611 407 22 32 0.030892907 
729 342 31 35 0.03012521 
538 10 16 20 0.030118326 
737 67 22 28 0.02963644 
246 97 14 16 0.029624294 
467 227 14 19 0.029299807 
-1 151 24 58 0.029229648 
55 8 46 61 0.029018627 
547 227 12 15 0.028951244 
502 9 16 20 0.028838864 
548 0 23 24 0.028598081 
792 38 20 28 0.028372845 
993 12 14 17 0.028229259 
442 45 16 19 0.02808309 
591 26 13 17 0.027651323 
947 46 30 38 0.027542835 
699 326 27 31 0.027314354 
310 43 15 18 0.027241576 
150 116 13 17 0.026730489 
592 57 23 30 0.026414607 
869 71 15 21 0.026230937 
431 62 15 22 0.025852086 
612 334 15 18 0.025846027 
458 223 27 33 0.025461895 
262 59 14 17 0.025260232 
987 9 22 27 0.025221618 
812 0 12 11 0.02502658 
775 30 21 31 0.024688506 
663 2 13 16 0.02459058 
660 216 17 23 0.024414998 
806 372 177 246 0.024037678 
802 55 22 25 0.023968749 
228 98 14 18 0.02363987 
620 15 12 14 0.02353267 
550 0 15 14 0.023295581 
636 419 31 34 0.023273138 
585 65 25 32 0.023207119 
36 187 195 281 0.023075685 
243 3 11 13 0.023000574 
674 23 19 24 0.02296065 
429 210 40 50 0.022821885 
403 39 23 28 0.022665953 
644 5 13 15 0.02254641 
159 0 13 11 0.02252315 
137 78 9 11 0.022463173 
237 0 14 13 0.022462178 
916 99 17 22 0.022332208 
412 257 362 473 0.022213904 
223 93 12 16 0.022125902 
807 18 11 16 0.02208563 
944 330 28 38 0.022084514 
156 110 13 15 0.022064084 
682 457 12 17 0.021859305 
205 104 14 18 0.02182856 
76 133 53 68 0.021794708 
684 400 27 38 0.021658672 
729 55 21 27 0.021585552 
985 336 16 22 0.021548918 
688 423 29 45 0.021518564 
817 426 119 141 0.021172026 
186 99 24 25 0.02108227 
395 8 14 16 0.02086668 
20 22 15 18 0.02082692 
450 53 15 20 0.020768462 
710 348 36 37 0.0204868 
14 48 40 63 0.020436838 
420 193 41 51 0.020417826 
699 27 15 17 0.02031484 
183 37 11 14 0.020156194 
645 351 34 38 0.020148944 
