5_Car_Accident_Car_Crash_5_51
91
771 268 20 23 0.92892236 
517 235 13 15 0.60842216 
708 255 17 21 0.32692495 
758 229 12 15 0.25210863 
271 237 14 17 0.1616407 
746 273 13 18 0.1231152 
626 682 17 20 0.1216405 
748 299 15 20 0.10718022 
833 246 10 14 0.08742609 
632 309 11 15 0.08694906 
46 138 366 473 0.08326666 
946 256 37 46 0.07592948 
759 291 10 13 0.07434023 
724 272 15 16 0.07352819 
374 472 189 220 0.07238873 
846 289 24 26 0.06589396 
695 278 11 14 0.06439442 
673 303 26 33 0.061308615 
713 260 20 25 0.057784628 
485 230 10 12 0.048718408 
644 693 11 13 0.046095453 
274 248 14 18 0.044440836 
701 275 12 15 0.044076633 
875 684 11 13 0.04072317 
837 251 11 15 0.038908325 
733 266 21 26 0.038697418 
807 312 9 12 0.03861171 
62 231 204 265 0.038592737 
176 246 8 10 0.038504213 
774 254 12 14 0.038410176 
767 303 10 13 0.038117822 
528 265 31 38 0.0379972 
638 691 11 14 0.03770404 
785 363 14 17 0.03735409 
588 658 16 21 0.037337873 
508 513 59 70 0.03636717 
402 335 28 30 0.03552923 
264 235 12 14 0.035467945 
791 335 10 14 0.035445865 
812 326 10 13 0.034536194 
751 303 20 27 0.034126867 
536 234 11 14 0.032877393 
847 276 13 15 0.032320518 
153 236 10 12 0.032313216 
970 269 27 35 0.031322796 
702 251 16 21 0.031287957 
703 264 14 20 0.030772896 
244 247 11 12 0.030144185 
776 260 18 21 0.029875468 
263 231 23 27 0.029161444 
192 248 8 8 0.028829316 
256 229 42 54 0.028780669 
986 243 36 52 0.027857227 
263 245 11 12 0.02763503 
296 343 342 435 0.02701909 
950 413 57 61 0.02700644 
627 86 23 29 0.026736243 
503 97 51 52 0.026498292 
256 247 9 12 0.02580741 
583 656 28 33 0.024869882 
679 378 53 66 0.024502667 
275 256 13 17 0.02437779 
247 259 8 11 0.024330111 
234 357 23 27 0.024208043 
270 244 23 31 0.02367903 
555 271 36 41 0.023666257 
510 235 23 25 0.023657707 
243 164 27 39 0.023641286 
129 231 9 11 0.023603393 
256 238 9 11 0.023216413 
751 330 15 18 0.023083955 
246 253 9 12 0.022890234 
627 668 15 20 0.022746678 
675 316 17 22 0.022714017 
249 163 39 52 0.022713007 
708 245 16 21 0.022624526 
832 240 10 13 0.022272028 
947 275 43 53 0.022271737 
764 308 12 16 0.021872217 
246 214 9 11 0.021800112 
962 246 38 50 0.021728616 
512 229 15 17 0.021707319 
720 676 9 12 0.021683738 
797 315 13 17 0.021151712 
983 264 29 37 0.020896897 
540 228 12 16 0.020768393 
846 283 16 19 0.020675393 
548 227 13 16 0.020636877 
460 330 35 37 0.020371122 
736 428 16 18 0.020358538 
595 219 13 16 0.020314315 
