5_Car_Accident_Accident_5_641
71
92 266 30 34 0.9545221 
183 236 14 18 0.13323103 
837 95 20 28 0.09469603 
625 157 18 22 0.09186744 
304 246 9 12 0.09032863 
838 240 121 152 0.079607844 
143 235 11 13 0.07558472 
502 144 26 31 0.06914518 
29 316 43 46 0.06840067 
938 152 17 21 0.065745614 
950 182 12 14 0.06014168 
845 95 16 20 0.057050705 
560 147 33 39 0.055780403 
699 416 16 18 0.050520595 
579 198 14 17 0.04948569 
290 277 15 18 0.04718468 
45 312 33 35 0.04619452 
822 82 13 17 0.045287844 
800 108 11 15 0.04491993 
-2 435 131 137 0.04329974 
492 406 14 17 0.040953998 
100 243 11 13 0.040807325 
556 206 10 12 0.040648762 
105 264 23 28 0.037010036 
354 348 37 49 0.035976984 
605 346 14 18 0.0344817 
764 177 184 208 0.034171548 
629 279 11 14 0.033686288 
632 154 15 19 0.03233086 
1013 153 10 17 0.030619603 
863 97 12 17 0.030389035 
804 105 15 19 0.03006426 
116 260 15 19 0.029804597 
735 404 13 15 0.028900199 
206 253 11 14 0.02747668 
616 292 11 14 0.02714134 
956 176 11 13 0.026576154 
835 83 15 19 0.026040588 
941 404 12 14 0.024990622 
146 245 28 34 0.024769144 
171 241 14 18 0.024447236 
199 251 11 14 0.024443602 
529 315 13 16 0.024439378 
195 243 13 16 0.024219606 
158 241 24 30 0.024161123 
722 421 14 17 0.024010517 
621 181 14 18 0.023571102 
308 250 11 14 0.023274595 
185 232 21 26 0.022886295 
92 262 18 22 0.022698116 
907 389 22 27 0.02261183 
176 246 24 35 0.022252064 
693 130 24 29 0.022122743 
625 278 10 13 0.021979876 
394 266 12 16 0.021965483 
173 234 21 26 0.02188141 
618 166 27 33 0.021784788 
325 277 14 16 0.021642162 
853 112 13 16 0.021478834 
780 107 13 15 0.021277225 
832 208 54 66 0.021163741 
95 239 11 14 0.02112188 
799 219 13 18 0.021050677 
446 396 9 11 0.020963367 
825 87 22 31 0.020927543 
1005 198 13 16 0.020827124 
496 272 27 31 0.020704294 
494 391 45 49 0.020443272 
816 91 11 16 0.020303395 
606 321 12 14 0.020131374 
615 142 42 48 0.02006862 
