5_Car_Accident_Car_Crash_5_365
64
275 161 37 36 0.9900682 
930 143 17 20 0.38815942 
827 194 15 17 0.35749468 
222 122 13 15 0.2650107 
923 181 28 30 0.18597957 
914 146 26 33 0.17727111 
513 352 58 79 0.13807221 
935 155 27 28 0.11750013 
688 33 9 11 0.08063877 
703 18 11 14 0.07986145 
228 119 11 13 0.07398822 
661 26 9 11 0.0662219 
603 10 19 22 0.06377128 
221 165 11 15 0.06110103 
575 0 20 18 0.054312713 
667 298 23 25 0.051348645 
207 383 35 33 0.050738122 
821 195 26 27 0.05045743 
924 164 32 35 0.04943084 
693 36 10 13 0.049381357 
489 352 107 126 0.043463007 
756 476 12 13 0.042602018 
586 34 16 21 0.04157466 
700 290 43 51 0.04122426 
231 114 8 10 0.040747657 
843 531 20 19 0.039360296 
541 0 11 11 0.03669355 
770 259 55 71 0.03577085 
619 2 14 15 0.034266524 
288 117 12 16 0.03393859 
534 -1 12 11 0.033739742 
937 168 21 22 0.033158436 
749 447 12 13 0.031492334 
722 22 8 11 0.029770778 
677 66 385 466 0.029630624 
830 580 22 30 0.029629031 
613 18 15 20 0.028760042 
203 385 57 48 0.028109485 
213 148 13 17 0.027967513 
687 302 43 48 0.027650874 
617 44 27 33 0.027101016 
897 221 26 30 0.026154077 
700 38 12 14 0.026132237 
220 145 13 17 0.025657631 
912 154 13 19 0.025575345 
217 119 12 15 0.025340447 
837 613 14 21 0.024419194 
566 0 17 17 0.024223419 
611 3 17 17 0.02368678 
448 313 50 55 0.023360401 
527 -1 13 11 0.02282081 
695 309 14 18 0.022219019 
935 177 22 24 0.021849254 
727 438 13 14 0.021689616 
584 2 19 19 0.021230333 
204 150 13 17 0.021158848 
559 652 11 12 0.020991776 
225 128 16 17 0.020311952 
697 20 11 13 0.020281158 
277 199 15 17 0.020149177 
587 20 26 31 0.020134676 
691 34 22 27 0.020076264 
207 149 23 31 0.020025734 
917 184 19 22 0.020021696 
