48_Parachutist_Paratrooper_Parachutist_Paratrooper_48_1015
185
858 317 54 58 0.9969842 
342 211 26 30 0.9967049 
93 124 44 64 0.996007 
326 385 36 42 0.98757696 
850 209 22 25 0.9849888 
628 347 36 42 0.9838049 
218 403 34 40 0.97999656 
455 222 23 28 0.97477764 
956 314 26 35 0.95655996 
554 357 36 41 0.95379037 
632 209 21 26 0.94784194 
982 301 39 51 0.9421257 
177 371 37 43 0.91917145 
468 363 32 38 0.9026063 
679 345 39 52 0.8952057 
966 190 22 27 0.888188 
708 225 18 22 0.8670733 
278 259 21 27 0.85830325 
961 454 30 35 0.8199493 
236 271 24 27 0.8137785 
223 245 20 23 0.7948391 
570 224 17 22 0.79262 
927 319 29 42 0.72539836 
761 212 19 23 0.71878415 
787 215 15 21 0.71244335 
545 238 20 22 0.70673716 
453 355 16 22 0.63333577 
795 328 34 37 0.56668603 
763 414 28 39 0.47477773 
3 280 16 22 0.45540383 
426 364 23 29 0.45382294 
783 356 33 37 0.42640796 
225 294 13 17 0.3388887 
521 338 28 33 0.32507077 
462 447 30 39 0.3143119 
601 247 14 16 0.2634789 
845 337 24 34 0.20446129 
749 248 13 16 0.1823142 
462 351 24 32 0.16064316 
513 238 17 20 0.158537 
495 541 34 38 0.15311334 
425 252 11 13 0.13645822 
741 234 11 13 0.12395646 
229 251 24 29 0.119694084 
266 355 17 20 0.114577875 
441 531 31 33 0.1065858 
332 318 26 27 0.101795085 
237 255 26 32 0.101249926 
190 384 41 47 0.09193286 
1006 393 18 23 0.08434691 
374 403 14 18 0.08164913 
940 316 34 47 0.080441855 
628 330 14 18 0.077708654 
4 421 40 68 0.074437246 
463 373 24 34 0.07066129 
246 248 23 28 0.06991188 
571 324 14 18 0.06963512 
429 301 9 11 0.066140905 
0 283 21 36 0.06400602 
457 351 16 19 0.06359163 
440 341 11 12 0.062127974 
684 328 17 20 0.060887136 
570 326 26 28 0.059726667 
460 462 25 36 0.057123713 
570 361 35 38 0.05557818 
471 349 14 19 0.055324603 
191 313 11 14 0.05390098 
643 308 13 14 0.051930282 
550 233 12 14 0.051607408 
154 406 23 31 0.050622225 
702 348 31 40 0.05024495 
438 242 13 18 0.049250707 
867 274 15 19 0.048529863 
429 246 12 16 0.0454836 
436 359 23 31 0.04508347 
667 352 30 38 0.044096734 
577 228 17 22 0.044061974 
422 368 16 22 0.043017972 
400 389 11 14 0.041516628 
851 290 30 40 0.04137891 
443 225 24 30 0.040796053 
944 303 30 37 0.040747248 
483 365 28 32 0.040676165 
229 275 23 29 0.0403892 
268 255 23 30 0.039239854 
921 306 30 39 0.038445383 
839 342 18 24 0.03771968 
412 263 10 12 0.037213758 
469 335 11 13 0.03681247 
673 333 30 44 0.03628762 
456 341 11 14 0.035626087 
536 342 38 47 0.034206074 
859 279 26 36 0.03395206 
628 318 12 15 0.033579305 
330 328 17 19 0.03326293 
880 308 48 60 0.032619677 
536 363 27 35 0.03202884 
817 335 18 23 0.0317017 
564 328 20 22 0.031651605 
755 249 13 16 0.031550013 
627 326 26 32 0.031540297 
581 262 10 13 0.031399738 
382 376 14 19 0.030876298 
444 544 19 21 0.030824814 
69 393 29 31 0.030662797 
978 196 17 22 0.030347845 
624 337 27 41 0.030331817 
559 341 34 41 0.030170893 
552 246 17 21 0.030077362 
975 462 18 22 0.029856546 
323 331 25 27 0.029742088 
481 290 15 18 0.02969695 
792 362 37 37 0.029475575 
995 176 23 30 0.029388374 
510 245 14 21 0.029293615 
817 276 9 12 0.029039849 
470 341 12 14 0.028955761 
412 371 14 18 0.028367484 
434 230 21 27 0.028253553 
721 227 14 18 0.028202046 
622 216 17 20 0.027865948 
993 573 32 64 0.027846597 
274 358 16 19 0.027665764 
986 288 16 19 0.027431404 
578 222 13 18 0.027417008 
982 182 25 31 0.027213972 
496 347 13 14 0.026448568 
444 336 11 13 0.026343241 
996 392 26 35 0.026308909 
907 320 33 45 0.02609509 
737 235 10 14 0.025881005 
543 244 16 23 0.025813477 
6 404 56 63 0.025307821 
374 349 12 15 0.025089985 
985 462 14 20 0.025033994 
250 264 23 32 0.024813125 
965 305 28 41 0.024615321 
955 304 17 24 0.024430616 
462 341 12 14 0.024426674 
466 444 21 25 0.024296612 
699 319 29 28 0.02403864 
307 254 11 14 0.024034817 
751 211 12 16 0.02403434 
457 339 21 27 0.024013149 
398 340 10 12 0.023922103 
707 238 16 19 0.023898829 
536 340 17 19 0.023848612 
427 380 17 22 0.023741012 
624 324 14 19 0.023724863 
738 230 20 25 0.023611747 
414 461 40 50 0.023589516 
624 202 22 29 0.023467822 
426 416 25 30 0.023389528 
258 362 25 27 0.023202818 
404 300 10 15 0.023126917 
517 233 11 14 0.023122193 
425 335 9 11 0.022481821 
692 318 13 16 0.02240242 
816 270 10 12 0.022312237 
442 247 15 20 0.02226369 
15 438 56 71 0.022142375 
612 378 22 33 0.022097541 
228 284 15 18 0.021894295 
864 268 24 31 0.021705588 
938 266 13 15 0.02168287 
951 291 15 17 0.0216629 
751 215 20 27 0.021650365 
459 366 16 23 0.021642787 
436 413 13 16 0.021596663 
863 267 15 21 0.0215259 
933 298 28 32 0.021492066 
641 423 17 20 0.021248529 
783 183 9 11 0.02123908 
408 267 11 13 0.021215435 
447 358 16 24 0.020995023 
554 226 21 27 0.020972487 
724 516 42 61 0.020817269 
423 442 18 21 0.020531135 
780 359 18 26 0.020496298 
582 486 52 61 0.020452863 
580 328 27 29 0.02027101 
874 219 16 19 0.020212892 
58 388 48 49 0.020145115 
325 392 17 25 0.020035872 
251 333 14 16 0.02001184 
