48_Parachutist_Paratrooper_Parachutist_Paratrooper_48_652
37
342 93 124 175 0.99963427 
616 565 101 98 0.53480077 
265 940 134 146 0.5194595 
243 459 378 482 0.15943801 
503 560 24 38 0.14547412 
352 635 36 40 0.13657542 
573 577 121 116 0.06511032 
406 445 103 106 0.05184364 
313 571 17 22 0.046091612 
580 610 68 70 0.045420036 
292 562 17 21 0.041652072 
237 309 64 49 0.041429307 
268 590 13 17 0.039116375 
371 1142 14 16 0.036679234 
585 368 32 38 0.03467252 
545 324 35 45 0.031792793 
587 640 36 39 0.029820222 
364 1144 23 29 0.029270077 
299 566 18 23 0.02856607 
275 445 34 35 0.027809812 
305 604 15 16 0.027091296 
433 335 24 29 0.026913578 
349 654 117 112 0.026813934 
570 343 42 58 0.026184632 
451 638 34 33 0.025199251 
591 389 51 61 0.024533583 
365 1170 15 20 0.024042629 
410 350 26 38 0.023465864 
421 340 29 40 0.022878414 
490 553 43 53 0.022766264 
344 683 36 47 0.02260336 
261 588 14 17 0.022569414 
221 1237 200 270 0.022443881 
496 1054 23 26 0.022012526 
388 983 16 19 0.02048908 
373 321 33 34 0.020326551 
575 376 25 34 0.020061184 
