48_Parachutist_Paratrooper_Parachutist_Paratrooper_48_439
44
625 134 140 199 0.99896467 
148 50 49 63 0.9982476 
375 193 22 27 0.3814352 
7 41 28 41 0.10430382 
141 194 37 43 0.054216746 
195 223 37 44 0.052173764 
240 242 35 40 0.05126506 
384 200 17 20 0.048589304 
471 213 11 14 0.04607603 
858 151 13 16 0.04295863 
396 204 11 15 0.042219184 
366 202 13 17 0.036662765 
462 190 11 14 0.03515548 
489 37 9 11 0.03206198 
413 205 12 14 0.030334221 
332 209 17 19 0.029509641 
55 21 409 527 0.02918603 
429 179 11 16 0.028087048 
356 204 14 18 0.027964994 
463 241 11 14 0.026695216 
217 229 43 53 0.026589071 
403 277 15 20 0.025264286 
376 184 11 14 0.025204955 
415 267 12 15 0.025147857 
444 179 14 15 0.02487387 
375 188 15 20 0.024780883 
472 45 10 13 0.024475485 
439 213 11 13 0.024401486 
475 179 13 15 0.024185037 
654 528 13 18 0.024174903 
453 189 12 17 0.024170011 
445 106 12 15 0.023850553 
469 205 14 16 0.023845747 
-1 42 45 72 0.023739293 
404 246 10 12 0.023497064 
408 207 12 14 0.022640476 
1006 139 16 23 0.022521447 
469 188 13 16 0.021885421 
411 578 26 28 0.021788703 
438 180 12 14 0.021679197 
441 274 30 34 0.021464756 
393 275 26 33 0.021275457 
19 38 28 38 0.02038757 
972 281 44 61 0.020009585 
