48_Parachutist_Paratrooper_Parachutist_Paratrooper_48_678
27
648 296 58 83 0.9983719 
336 322 44 70 0.98553663 
578 247 53 74 0.13753054 
872 413 13 17 0.10384586 
901 391 58 84 0.09445602 
901 301 14 16 0.0772817 
655 -2 390 448 0.06837555 
579 319 16 21 0.06388426 
908 327 17 19 0.047525447 
857 287 9 12 0.04422525 
861 291 11 13 0.042139743 
839 279 12 14 0.04121457 
252 274 75 129 0.038099114 
843 284 11 13 0.034378666 
916 355 16 19 0.033766925 
316 91 31 41 0.031123377 
535 225 83 108 0.030712232 
899 281 12 15 0.028540766 
916 350 12 15 0.027121168 
508 238 70 87 0.026487185 
204 268 95 136 0.025832592 
593 254 73 95 0.025217464 
621 288 58 84 0.024459057 
856 387 13 16 0.022274883 
795 690 115 111 0.022203542 
879 300 10 13 0.021733886 
851 303 13 16 0.021690467 
