48_Parachutist_Paratrooper_Parachutist_Paratrooper_48_72
203
93 324 29 35 0.99840003 
170 292 31 34 0.9952815 
255 276 26 33 0.99376386 
18 308 21 27 0.99005973 
613 327 24 28 0.98411626 
707 283 15 19 0.9697945 
56 321 22 25 0.9676238 
763 303 17 20 0.9606008 
336 282 21 27 0.921428 
862 300 15 18 0.8579889 
482 295 22 26 0.77843654 
457 305 18 24 0.7594748 
956 309 11 12 0.7435891 
992 318 12 14 0.5243687 
401 285 23 30 0.42498395 
975 310 9 11 0.41867602 
809 295 10 13 0.3793591 
566 287 17 22 0.3513773 
811 299 11 14 0.3432934 
805 321 11 15 0.319933 
194 296 26 32 0.31816095 
629 292 14 18 0.29191074 
538 289 13 17 0.28925565 
826 320 10 12 0.27539304 
792 301 9 13 0.25670618 
1012 304 9 12 0.24964151 
840 298 11 14 0.24017921 
234 298 15 19 0.2312352 
607 293 11 15 0.22590676 
934 332 11 14 0.22354266 
781 326 15 20 0.21245421 
935 298 11 13 0.20365845 
566 273 14 17 0.19849786 
934 326 10 13 0.18627338 
266 282 24 33 0.17235442 
749 298 11 14 0.17194001 
349 296 21 29 0.1517665 
627 285 14 17 0.14768949 
924 342 10 12 0.14602031 
461 297 24 29 0.14126688 
380 244 23 37 0.12919992 
605 298 14 18 0.12744689 
975 304 9 11 0.12545295 
775 329 12 17 0.11888939 
948 324 11 14 0.11504511 
984 341 9 12 0.11450952 
5 308 23 29 0.11448424 
927 302 10 12 0.11056762 
799 319 11 16 0.10765613 
969 309 9 11 0.10735104 
226 295 27 30 0.10503817 
132 328 18 22 0.09766123 
877 302 10 13 0.09295708 
686 301 12 15 0.09206933 
991 303 8 10 0.08996833 
273 292 23 29 0.08987106 
212 281 27 30 0.0890233 
758 331 13 15 0.086487256 
636 297 12 16 0.086148635 
920 336 10 11 0.07952807 
822 308 12 14 0.07840933 
995 361 12 15 0.0774438 
777 269 8 11 0.07546746 
765 330 12 16 0.07206285 
827 307 14 16 0.07137792 
516 324 12 15 0.070326604 
791 318 10 14 0.069442675 
992 312 10 11 0.0681933 
46 306 14 17 0.067640774 
702 310 11 14 0.067500606 
459 284 12 15 0.06703445 
0 321 9 16 0.06476763 
864 327 10 15 0.064015895 
904 340 9 12 0.06392741 
967 304 9 11 0.063885696 
897 304 7 11 0.06367818 
847 325 13 15 0.063412756 
984 347 10 12 0.06241581 
419 286 15 21 0.062011555 
799 295 9 12 0.061760433 
941 295 8 12 0.060921844 
571 272 10 12 0.059681933 
838 325 10 13 0.057984624 
423 357 11 15 0.05617166 
428 285 15 17 0.054914515 
905 316 11 14 0.053931095 
138 326 13 17 0.05234569 
742 309 12 17 0.05230058 
905 335 10 12 0.05174664 
238 287 25 31 0.051553752 
796 299 12 16 0.050709516 
576 289 15 21 0.049537122 
488 288 25 29 0.049500957 
988 332 11 14 0.047435116 
645 417 38 50 0.04737466 
361 335 23 32 0.0463716 
623 296 14 18 0.04499737 
904 227 10 12 0.044691477 
909 341 10 12 0.043563597 
739 359 12 14 0.04323801 
976 297 8 10 0.043042086 
1005 356 14 17 0.04172795 
382 73 120 182 0.041444007 
125 335 24 29 0.04123323 
852 317 11 14 0.04093615 
821 360 12 17 0.040837757 
815 304 12 16 0.04058934 
926 335 11 13 0.03988924 
608 8 10 12 0.039567295 
983 301 8 11 0.039556082 
752 334 12 15 0.038648494 
951 315 13 15 0.038058724 
669 312 9 11 0.037981432 
787 324 12 16 0.037692294 
928 296 10 12 0.03768835 
511 428 9 12 0.03749992 
919 344 13 15 0.037453853 
831 303 12 14 0.037401233 
904 311 10 12 0.03665015 
922 303 9 11 0.036430478 
668 316 11 14 0.034914125 
624 280 11 14 0.034492914 
823 313 18 22 0.034238245 
988 348 10 13 0.034222417 
952 304 18 23 0.03416616 
816 277 8 10 0.033880822 
813 317 11 15 0.033807512 
511 302 12 16 0.032453034 
907 322 13 15 0.03213882 
599 291 14 17 0.03203062 
954 305 9 12 0.03139501 
955 325 12 14 0.031206958 
968 297 8 10 0.03085169 
612 8 12 13 0.030549552 
805 303 14 19 0.030301588 
691 288 15 19 0.030110883 
941 309 10 12 0.029731316 
820 302 12 16 0.029675974 
1008 284 10 13 0.029568352 
685 290 15 20 0.02941191 
40 526 14 16 0.028520597 
426 315 15 18 0.028149243 
231 469 22 26 0.02814357 
908 312 12 14 0.027743852 
477 375 11 12 0.027594542 
1014 282 10 14 0.027359169 
832 311 19 25 0.026978679 
748 293 19 25 0.026662292 
933 320 10 13 0.026583457 
843 308 14 17 0.02644489 
561 276 13 18 0.02639717 
514 307 13 15 0.026186217 
823 350 12 14 0.025929617 
785 174 22 26 0.025887867 
75 537 13 17 0.025763543 
682 284 10 16 0.025373805 
547 347 12 16 0.025179999 
750 287 11 16 0.025058243 
997 311 9 12 0.025008006 
346 114 53 73 0.02488986 
936 289 8 10 0.024774803 
718 304 12 16 0.024635326 
643 300 11 15 0.024607383 
541 280 10 13 0.024583347 
609 313 24 30 0.024349496 
644 330 13 18 0.02422407 
37 360 24 29 0.023904841 
998 339 11 14 0.023845604 
473 285 20 19 0.023513792 
800 287 10 12 0.02340207 
925 363 11 13 0.023234846 
384 253 28 38 0.023135876 
808 290 9 12 0.023036484 
901 304 8 10 0.02295215 
351 535 14 18 0.022855075 
747 306 13 17 0.02263253 
920 366 9 12 0.02254065 
732 283 11 15 0.022514997 
806 276 9 11 0.022457324 
805 272 9 11 0.022424005 
980 370 12 14 0.022327311 
1007 324 9 11 0.022158507 
943 319 10 13 0.02208041 
693 309 13 15 0.021984354 
695 315 13 16 0.021945296 
876 325 11 14 0.021942291 
800 271 8 11 0.02192087 
707 305 12 17 0.021701802 
107 332 27 33 0.021657743 
560 289 15 19 0.0214361 
377 317 16 18 0.021373399 
210 300 17 20 0.021357203 
664 313 10 11 0.02133976 
504 274 13 17 0.021171922 
836 303 15 18 0.021153167 
724 301 12 15 0.020997465 
960 295 8 10 0.020993419 
971 304 20 23 0.020986233 
1013 315 12 15 0.020374758 
797 306 12 16 0.020343278 
221 276 35 44 0.020274675 
636 303 15 18 0.020186558 
832 284 10 12 0.020027587 
