27_Spa_Spa_27_768
130
336 267 53 75 0.9993055 
191 333 51 84 0.99872917 
566 244 57 84 0.99768734 
739 320 51 79 0.99485284 
967 307 8 10 0.20560557 
229 337 51 67 0.17527786 
54 357 11 13 0.15042499 
964 327 8 11 0.14429222 
904 342 8 10 0.14044678 
957 320 9 10 0.12508339 
895 295 7 9 0.11887068 
898 321 8 10 0.10368152 
885 304 9 11 0.0804945 
927 321 8 9 0.07945914 
943 360 9 12 0.07942456 
880 310 9 10 0.07883937 
883 342 10 12 0.078394115 
949 404 11 14 0.07071335 
968 344 9 9 0.07018263 
895 398 8 9 0.06921558 
882 280 8 9 0.06858829 
390 792 10 11 0.06824657 
839 550 106 160 0.06417589 
20 382 11 12 0.061182212 
882 347 9 12 0.059233975 
973 343 9 10 0.058735594 
864 272 8 9 0.0586825 
854 296 7 9 0.056065664 
857 366 10 11 0.05594773 
944 384 9 10 0.054025494 
885 336 8 10 0.053828016 
910 285 10 11 0.051923387 
926 334 8 12 0.05096261 
959 344 9 10 0.050360773 
977 321 8 9 0.050347775 
76 374 12 14 0.049894862 
880 285 9 11 0.048405387 
937 333 9 11 0.04602165 
68 408 9 11 0.04509193 
895 302 9 10 0.044925686 
847 303 9 10 0.044761393 
757 290 11 14 0.0414832 
864 278 9 10 0.040912762 
901 318 9 11 0.040548418 
843 305 7 9 0.040173322 
954 326 10 12 0.039324332 
920 320 8 10 0.039255884 
210 347 49 62 0.038969766 
22 387 10 12 0.03882683 
9 390 9 12 0.03871358 
897 349 8 11 0.037804343 
872 288 8 10 0.03720842 
877 327 8 9 0.036572274 
952 332 10 11 0.035789967 
26 398 10 12 0.035472903 
984 304 8 10 0.035070315 
53 363 13 15 0.034921207 
73 419 11 13 0.03451191 
935 328 9 9 0.034304533 
757 280 8 10 0.033198982 
949 358 10 11 0.033134475 
984 309 8 10 0.03309008 
904 310 8 10 0.032705266 
885 286 8 10 0.03244299 
980 387 10 11 0.032256592 
951 311 8 9 0.031483848 
877 319 9 11 0.031417366 
895 277 8 10 0.030483656 
869 272 8 9 0.030188784 
929 326 7 9 0.029976632 
948 383 10 11 0.029851342 
879 293 7 9 0.029523743 
966 382 9 11 0.029216545 
17 376 8 9 0.029051764 
910 334 8 11 0.028954836 
857 287 8 9 0.028887609 
911 327 8 11 0.028543267 
896 336 8 9 0.028538533 
921 335 8 11 0.028197518 
881 335 8 10 0.028175684 
840 288 7 9 0.0278244 
959 329 12 13 0.027794344 
942 388 11 13 0.02739487 
838 345 8 11 0.027059628 
887 359 8 11 0.026642304 
976 326 9 10 0.026388748 
941 319 9 10 0.025809646 
25 405 10 12 0.025772719 
981 335 9 10 0.025603598 
969 350 9 10 0.025580958 
54 370 11 13 0.02520426 
935 353 8 9 0.025110122 
929 303 9 12 0.024923792 
65 412 10 13 0.024907341 
721 285 8 10 0.024647372 
13 388 11 14 0.024358964 
880 405 10 12 0.024292625 
957 350 10 12 0.02406392 
69 414 10 13 0.024062429 
825 742 146 210 0.023953158 
1009 309 11 12 0.023825366 
897 343 8 12 0.023741327 
845 307 10 12 0.023621202 
0 366 7 12 0.02357097 
903 346 10 12 0.02329507 
871 293 10 10 0.023044541 
861 311 9 11 0.022868674 
755 285 10 14 0.022859527 
15 421 10 12 0.02267689 
864 343 9 10 0.02254555 
999 373 11 13 0.022006275 
874 368 8 9 0.021980597 
911 305 8 9 0.021761755 
863 335 8 9 0.021364175 
20 377 10 11 0.021150026 
782 281 9 10 0.02111287 
124 387 11 13 0.02104254 
887 319 8 11 0.021024529 
982 342 8 11 0.02100467 
921 327 7 9 0.020782374 
969 357 10 12 0.020711266 
991 304 10 11 0.020681532 
940 328 9 10 0.02067929 
895 289 7 9 0.020576207 
44 413 11 12 0.020429317 
864 295 8 10 0.020216545 
921 341 9 11 0.0200877 
856 310 9 10 0.020050827 
1002 326 9 11 0.020046052 
960 311 9 10 0.020016266 
