27_Spa_Spa_27_851
61
860 157 34 48 0.992706 
451 143 28 43 0.99188316 
722 144 32 45 0.9374402 
475 352 22 32 0.70457387 
12 41 64 134 0.5840629 
745 144 33 38 0.20594133 
447 132 25 35 0.17641044 
546 337 15 18 0.14957993 
497 294 20 23 0.13773482 
267 275 14 15 0.10467501 
911 139 25 40 0.09231056 
529 336 14 19 0.08630659 
448 370 12 14 0.06816049 
480 140 25 37 0.06016045 
544 345 14 18 0.046524763 
20 230 42 51 0.046511147 
49 285 16 24 0.04148388 
181 353 14 16 0.040211305 
959 269 12 17 0.039694022 
448 132 13 24 0.0392704 
260 269 13 17 0.03897475 
1007 416 9 12 0.03861005 
148 335 16 19 0.037972055 
266 330 12 15 0.03608474 
1015 367 7 12 0.0353062 
185 388 11 15 0.033586476 
531 342 15 21 0.03293686 
232 303 27 32 0.031749092 
360 252 10 12 0.030586412 
140 330 19 21 0.030116118 
636 265 406 476 0.029323032 
905 151 28 43 0.027862614 
722 191 23 31 0.027338337 
516 324 11 14 0.027178913 
439 216 10 12 0.027105054 
211 301 12 16 0.027076423 
428 147 10 13 0.02590554 
675 430 35 42 0.025308698 
120 145 8 10 0.02504646 
33 85 35 67 0.024685483 
397 371 12 14 0.023625437 
425 142 9 12 0.0234802 
75 315 19 22 0.023463583 
116 396 14 18 0.022734024 
119 306 23 26 0.022636183 
429 372 10 12 0.022581564 
963 276 12 15 0.022371318 
128 387 52 60 0.022285158 
371 263 7 11 0.022107773 
329 231 9 10 0.021939388 
350 279 9 10 0.021863539 
2 23 56 97 0.021785099 
450 123 17 23 0.021149606 
124 261 13 17 0.021006513 
876 138 30 42 0.02090371 
429 190 10 12 0.02084407 
721 138 19 29 0.020754525 
515 331 13 17 0.020393668 
493 305 24 30 0.020353332 
477 350 15 19 0.020299677 
192 367 24 27 0.020204468 
