55_Sports_Coach_Trainer_sportcoaching_55_218
59
731 72 51 49 0.9767908 
892 200 75 93 0.5576589 
742 164 18 27 0.3725549 
653 218 42 34 0.26536614 
189 307 17 21 0.22689678 
640 197 22 34 0.2160449 
607 333 49 59 0.1875987 
149 306 26 36 0.15069824 
787 122 47 68 0.10720586 
838 261 103 117 0.06107823 
638 208 45 53 0.05331859 
859 300 68 66 0.05160279 
609 232 32 51 0.049912803 
316 123 13 15 0.048260458 
386 79 8 10 0.04670928 
225 251 10 13 0.046104357 
687 263 29 29 0.044816405 
858 222 99 114 0.0442604 
752 168 18 23 0.043553457 
88 9 9 11 0.043356206 
524 219 96 100 0.043219306 
337 127 10 11 0.040354375 
304 168 9 11 0.038089212 
764 70 36 44 0.03772392 
96 23 10 12 0.03689146 
781 115 75 116 0.036733527 
657 218 23 24 0.034918875 
746 77 56 63 0.03482298 
621 316 33 57 0.03423913 
159 148 8 11 0.0319839 
274 7 9 11 0.0309887 
185 236 12 14 0.030219326 
653 225 56 48 0.02942923 
287 128 8 10 0.029109737 
336 133 11 14 0.028789079 
249 206 9 11 0.028649988 
120 198 11 14 0.025210481 
137 206 11 13 0.02509583 
753 176 23 31 0.024916636 
488 87 7 10 0.024811922 
294 104 8 10 0.024280783 
769 106 56 67 0.023811597 
846 170 100 114 0.02360171 
489 243 97 103 0.022482498 
282 127 8 10 0.022248091 
279 222 8 10 0.022160256 
297 145 7 10 0.021913715 
761 170 15 19 0.021443335 
312 142 11 13 0.021365725 
317 86 8 11 0.021185305 
190 303 27 33 0.021167457 
182 214 7 9 0.021108424 
318 160 10 13 0.021061096 
385 84 9 13 0.020993518 
636 272 17 19 0.020706238 
128 189 11 13 0.020555379 
327 192 10 12 0.020497274 
417 49 7 10 0.020437123 
845 79 24 27 0.020295 
