55_Sports_Coach_Trainer_sportcoaching_55_721
26
285 339 468 581 0.9999982 
213 149 23 29 0.062009353 
989 487 15 19 0.038500987 
989 1 14 13 0.035743587 
68 256 18 23 0.03426955 
267 165 15 21 0.031230437 
31 236 12 15 0.026300801 
934 51 16 19 0.02574376 
925 1 11 11 0.025611337 
254 771 57 72 0.025437392 
45 438 14 19 0.024034051 
982 0 13 11 0.024021672 
931 58 15 18 0.02398319 
304 132 14 17 0.02390008 
227 166 30 39 0.023736598 
224 152 29 32 0.023349892 
316 13 12 14 0.023028607 
296 23 9 11 0.022811584 
369 109 12 16 0.022580307 
989 81 14 16 0.022037063 
935 28 12 14 0.021149857 
310 61 12 15 0.02105485 
109 -21 469 492 0.020713134 
935 47 13 14 0.020603094 
244 7 13 16 0.02011633 
11 246 12 15 0.020048024 
