55_Sports_Coach_Trainer_sportcoaching_55_122
279
57 370 37 46 0.9982451 
812 273 31 35 0.99798054 
871 393 36 46 0.99721235 
345 287 26 34 0.9969559 
99 279 31 37 0.9956671 
25 218 26 32 0.99555063 
36 171 30 36 0.9906749 
864 300 31 40 0.9880244 
565 298 27 36 0.9876638 
724 372 39 48 0.9845005 
180 279 29 33 0.98153585 
259 271 27 32 0.98027337 
19 252 30 35 0.97896224 
966 222 33 38 0.9567067 
529 291 22 29 0.95562303 
631 267 24 29 0.91911316 
384 266 22 28 0.86127824 
738 274 27 35 0.83672 
619 175 16 20 0.80828696 
768 262 29 43 0.78511 
457 309 25 31 0.72714275 
693 279 25 36 0.70734465 
360 244 22 31 0.68822837 
806 183 14 20 0.6229587 
670 301 24 30 0.6190798 
707 174 15 20 0.61629033 
118 272 26 31 0.58696806 
134 193 18 26 0.56186587 
604 257 22 28 0.5228301 
742 239 22 28 0.5142873 
806 322 36 49 0.49809727 
684 257 14 19 0.49057725 
781 319 22 31 0.4670672 
467 241 17 21 0.45826003 
374 204 14 18 0.43391088 
525 261 22 26 0.3839946 
288 274 14 19 0.37298957 
180 179 10 14 0.34147093 
621 212 23 29 0.32557243 
879 164 14 17 0.31584376 
772 192 17 21 0.29626223 
310 212 14 21 0.28822213 
419 278 16 22 0.28716242 
360 212 10 12 0.2759066 
740 323 22 27 0.2688995 
326 213 14 19 0.26508263 
587 198 16 22 0.26282173 
551 178 12 16 0.24553345 
537 183 10 13 0.24543028 
835 207 22 26 0.2243874 
433 276 20 27 0.21770473 
449 249 15 19 0.205215 
211 191 16 22 0.18537082 
463 234 16 19 0.18537056 
170 265 24 31 0.17844707 
541 181 10 14 0.1639869 
328 191 14 18 0.15669855 
458 322 18 24 0.15427338 
367 206 13 16 0.13632664 
220 192 21 26 0.13500448 
329 180 12 14 0.13093804 
285 196 15 17 0.12815318 
427 279 16 22 0.1259521 
847 178 11 15 0.1256981 
284 206 19 24 0.12381361 
124 200 17 21 0.12331927 
248 260 23 30 0.11736658 
832 252 13 18 0.11610897 
565 194 10 15 0.11301161 
271 186 14 20 0.10684901 
565 179 10 13 0.10402715 
832 190 13 16 0.10255584 
504 234 14 18 0.10088113 
634 217 16 23 0.09957181 
691 192 17 22 0.09567604 
838 220 17 22 0.095327094 
340 233 15 20 0.09359023 
625 225 24 31 0.08999456 
694 182 22 28 0.08640689 
174 185 12 17 0.08412945 
830 257 25 32 0.0837059 
566 208 15 21 0.082663275 
596 294 21 29 0.0813509 
832 194 23 30 0.0791617 
228 198 17 24 0.07796171 
581 298 24 33 0.07476289 
699 276 17 22 0.06882685 
678 279 14 18 0.06744243 
462 165 41 58 0.06484862 
245 258 17 22 0.06314339 
569 216 15 20 0.0631155 
778 198 15 22 0.061966725 
540 292 23 29 0.06172072 
530 189 15 20 0.061542228 
169 187 12 16 0.061470818 
399 462 11 13 0.061293762 
667 216 17 19 0.060437266 
301 182 9 13 0.058547135 
659 257 13 17 0.058428507 
948 178 14 17 0.05832127 
185 233 25 32 0.05709067 
593 195 15 20 0.056822132 
519 241 12 15 0.056295462 
398 305 13 17 0.055401627 
315 204 16 20 0.054868415 
420 218 15 20 0.054515973 
670 286 29 35 0.05355656 
477 271 15 21 0.053310566 
44 281 22 28 0.05307365 
274 190 18 21 0.053064708 
388 202 12 16 0.052881744 
557 176 10 14 0.052628983 
710 352 26 38 0.052479144 
378 198 15 19 0.052400324 
341 258 14 18 0.051641803 
276 183 11 15 0.051261958 
783 306 14 21 0.04890509 
372 260 25 31 0.047535684 
427 151 16 24 0.04732243 
324 203 16 21 0.046919998 
340 265 21 26 0.04681568 
700 299 15 23 0.04574011 
507 257 14 19 0.045344695 
732 223 14 18 0.04520569 
404 269 20 29 0.04371523 
654 290 29 32 0.043454427 
688 262 23 32 0.043427955 
227 188 15 20 0.043161977 
765 188 15 22 0.042324793 
263 214 20 31 0.0417614 
288 281 20 27 0.041627154 
731 218 40 52 0.04137161 
559 236 11 14 0.04134947 
733 181 14 17 0.041045614 
213 184 13 17 0.040942654 
558 187 12 16 0.040652502 
491 227 13 17 0.04064342 
753 328 15 21 0.04049189 
318 249 15 19 0.03935323 
831 162 13 15 0.039145906 
470 248 21 29 0.039030984 
842 197 23 29 0.03894802 
437 269 14 18 0.038754042 
892 179 15 19 0.03866093 
518 180 10 13 0.038426958 
352 206 12 15 0.037935056 
299 205 20 29 0.03770843 
387 231 14 19 0.037645224 
742 315 16 20 0.03758522 
166 195 13 17 0.037481446 
463 247 15 20 0.037267346 
571 204 13 19 0.037137166 
310 205 13 19 0.03711726 
175 175 17 23 0.03668446 
807 175 11 14 0.036326703 
404 316 14 17 0.036298104 
300 187 13 19 0.036294825 
770 308 34 49 0.035876658 
704 167 10 13 0.03562614 
665 385 18 21 0.035488766 
511 181 9 15 0.035440892 
883 174 16 22 0.0353521 
876 225 34 47 0.035351828 
383 230 13 16 0.03520104 
849 569 44 36 0.0351227 
727 242 43 55 0.035100844 
555 292 25 32 0.03505451 
569 243 17 21 0.03487182 
932 343 22 32 0.034550108 
706 343 24 33 0.03422886 
363 473 11 13 0.033026922 
544 177 9 12 0.032942366 
834 247 25 30 0.032882933 
216 464 10 12 0.03271884 
699 199 16 20 0.032708693 
448 281 15 20 0.032590505 
733 223 24 32 0.032313064 
287 246 24 32 0.03226162 
509 188 11 16 0.032107685 
290 55 15 18 0.03189337 
91 206 24 26 0.031197153 
812 173 11 15 0.030889397 
694 179 14 18 0.030809646 
486 219 13 17 0.030473234 
146 215 16 22 0.030080337 
472 173 26 32 0.030073076 
263 292 17 22 0.02999354 
485 233 13 17 0.029899191 
467 179 15 19 0.029786745 
429 206 22 29 0.029773094 
656 171 10 12 0.029700844 
701 217 12 17 0.029383749 
274 206 23 32 0.029275486 
673 314 18 22 0.029193023 
173 192 11 16 0.0291758 
313 212 24 29 0.02914716 
172 259 17 21 0.029092452 
700 209 14 18 0.028910974 
839 180 12 17 0.028826438 
680 273 25 32 0.02851462 
786 195 12 17 0.028415227 
357 207 19 24 0.028021103 
124 215 14 20 0.027834924 
360 217 13 17 0.027768344 
454 236 13 16 0.027586715 
343 272 24 31 0.027057733 
360 179 11 14 0.026937637 
159 484 11 13 0.026850747 
192 470 10 12 0.026693165 
572 233 16 18 0.02659105 
456 133 82 120 0.026480196 
869 254 14 21 0.026235325 
536 177 19 24 0.026170133 
234 194 14 20 0.02616456 
889 163 13 18 0.026149813 
529 268 23 32 0.026062476 
947 264 24 29 0.025964914 
844 184 14 19 0.025864061 
537 177 9 12 0.02584742 
721 259 38 50 0.025794001 
145 195 14 19 0.025605023 
445 212 12 18 0.025590621 
558 209 14 20 0.025513092 
597 278 23 31 0.025503779 
474 238 12 16 0.025397854 
462 182 22 29 0.025397288 
330 254 23 30 0.025086155 
396 201 12 18 0.024804873 
183 471 9 10 0.024716504 
237 188 11 15 0.024553014 
961 377 32 41 0.024359664 
237 208 14 19 0.024128681 
556 489 14 16 0.024101648 
293 189 13 18 0.023783732 
940 222 24 30 0.02376848 
412 223 15 19 0.0237156 
1005 167 11 15 0.023687243 
872 163 14 17 0.023604656 
726 220 14 20 0.023545204 
157 203 14 19 0.023434825 
861 240 23 33 0.023372388 
331 224 15 20 0.02335945 
813 181 21 26 0.02325129 
641 218 14 20 0.023247885 
862 204 12 16 0.02295166 
316 254 20 29 0.022930829 
703 275 25 36 0.02289991 
308 196 12 15 0.02287404 
616 216 15 21 0.022659877 
817 346 20 26 0.022626234 
499 150 14 20 0.022585211 
394 261 14 18 0.022381527 
739 318 36 47 0.022381088 
182 326 31 44 0.022257559 
580 232 14 18 0.022193843 
386 209 14 18 0.02215311 
298 225 14 19 0.022067474 
776 288 24 33 0.021928139 
163 282 24 32 0.021793444 
321 227 23 28 0.021674119 
941 228 16 17 0.021612812 
558 228 13 17 0.021593602 
0 197 13 17 0.0214902 
572 188 10 15 0.021406783 
439 265 22 32 0.0211208 
746 252 17 21 0.0210678 
483 209 15 19 0.021014133 
68 176 17 23 0.020920245 
727 186 14 18 0.020815965 
130 203 18 24 0.020744948 
373 217 13 15 0.020666238 
406 219 13 21 0.020653684 
370 244 27 34 0.020477284 
414 213 13 18 0.020464128 
821 561 42 35 0.020436341 
348 245 22 29 0.0204065 
237 249 14 20 0.020232106 
689 251 16 22 0.020049151 
310 281 21 33 0.02003111 
