55_Sports_Coach_Trainer_sportcoaching_55_620
17
470 143 47 59 0.9897171 
428 98 44 62 0.14036132 
438 103 24 37 0.12588036 
428 159 44 68 0.11613201 
360 62 101 137 0.088804126 
13 223 413 469 0.07037803 
399 81 65 88 0.049257405 
561 235 414 479 0.04383811 
455 154 50 68 0.042900946 
321 80 115 163 0.038339168 
653 85 11 13 0.037623465 
443 101 15 19 0.03613143 
449 100 34 51 0.03602887 
387 123 80 123 0.03506547 
34 292 283 259 0.024074819 
410 29 66 102 0.022343565 
629 79 17 19 0.021469137 
