55_Sports_Coach_Trainer_sportcoaching_55_764
18
554 76 64 81 0.999607 
774 12 70 92 0.999366 
121 85 72 90 0.99902797 
340 94 70 94 0.99769396 
89 22 54 71 0.29856312 
453 135 48 53 0.17999153 
981 289 42 64 0.09916908 
153 25 62 79 0.07977134 
933 250 32 52 0.048914578 
107 12 73 94 0.04758607 
967 215 55 68 0.032490533 
424 71 28 38 0.031552374 
278 171 31 33 0.030341199 
972 252 49 82 0.028770795 
134 42 75 103 0.023867644 
77 77 23 33 0.022174917 
971 316 36 40 0.021212503 
471 140 52 65 0.021017872 
