55_Sports_Coach_Trainer_sportcoaching_55_770
24
620 18 52 61 0.99652064 
707 93 39 41 0.110690586 
81 356 8 10 0.070286125 
5 351 8 10 0.062425137 
213 350 9 11 0.058972467 
53 355 8 10 0.051444683 
121 358 9 11 0.0474257 
49 356 9 10 0.0458271 
7 357 8 9 0.043802068 
679 190 61 58 0.042303436 
503 151 64 50 0.040081166 
413 278 41 37 0.037773095 
348 271 12 13 0.035158 
693 105 59 57 0.034786027 
25 350 7 8 0.034434218 
482 166 68 62 0.032197542 
961 333 9 11 0.031550575 
175 349 8 10 0.030759776 
182 359 8 10 0.030724982 
2 344 8 10 0.029690497 
104 302 10 14 0.0276724 
22 345 7 10 0.026487796 
19 343 7 10 0.025358278 
695 70 42 52 0.02480083 
