55_Sports_Coach_Trainer_sportcoaching_55_786
24
550 252 105 140 0.99995637 
717 265 102 127 0.9999517 
474 120 98 134 0.99990535 
362 268 97 133 0.9998129 
751 152 9 11 0.26336488 
335 214 381 489 0.07376237 
621 301 88 115 0.07132297 
846 461 94 124 0.06478039 
659 302 60 76 0.06105292 
371 438 44 62 0.05510239 
638 348 88 99 0.05190411 
286 467 24 31 0.038343836 
27 146 31 35 0.034054346 
214 194 12 14 0.033525445 
699 174 23 30 0.030057905 
692 162 11 14 0.029822415 
703 179 13 17 0.028650926 
427 163 16 22 0.02839313 
898 287 95 106 0.027940229 
815 409 62 76 0.024062308 
158 189 11 14 0.023978723 
764 156 24 30 0.022880903 
747 151 9 11 0.021370485 
428 156 14 17 0.021030016 
