55_Sports_Coach_Trainer_sportcoaching_55_569
102
890 36 51 62 0.9995952 
182 78 55 85 0.9989717 
340 46 45 60 0.9986455 
733 190 57 77 0.99767476 
251 255 42 54 0.98972577 
912 199 42 55 0.9739885 
378 247 20 30 0.9399006 
591 21 21 27 0.89006245 
61 246 20 26 0.81383735 
37 252 13 16 0.7682779 
445 -10 110 96 0.7446974 
630 73 13 17 0.74295855 
49 141 26 33 0.6788941 
700 17 16 24 0.55454683 
104 241 20 26 0.27803656 
665 84 11 15 0.25774297 
632 31 9 11 0.2329116 
89 237 9 13 0.22294106 
1 235 9 12 0.1461593 
592 89 13 15 0.11511331 
706 19 21 26 0.10650409 
324 263 27 31 0.101028025 
43 297 16 19 0.08456161 
30 233 11 12 0.082634956 
937 -5 46 44 0.082114674 
563 81 13 17 0.08055707 
68 274 10 13 0.07805789 
367 243 37 47 0.07783794 
5 236 10 11 0.075916454 
70 232 9 12 0.07587242 
722 60 16 20 0.07272814 
21 247 9 11 0.0705628 
134 238 11 13 0.06911443 
9 255 9 11 0.06514737 
5 275 9 13 0.064348616 
7 269 9 11 0.06412442 
25 235 9 11 0.061481766 
93 244 12 15 0.06079393 
636 30 10 12 0.059210934 
9 261 10 13 0.05627105 
92 269 9 11 0.055672362 
65 231 9 11 0.05520841 
78 260 9 13 0.05512371 
12 252 11 12 0.05395948 
508 225 139 127 0.052439015 
15 248 9 11 0.05235118 
577 98 11 13 0.051662225 
36 237 10 12 0.05152248 
63 267 13 17 0.05036653 
28 317 11 12 0.048603933 
462 56 248 287 0.048386574 
47 231 7 9 0.046542384 
1 271 8 12 0.046507496 
14 236 8 10 0.04583402 
157 292 15 21 0.04442074 
94 238 21 27 0.044157412 
68 235 12 15 0.041619707 
109 119 25 35 0.04125652 
626 28 10 12 0.039258894 
566 29 10 13 0.037883908 
78 231 8 10 0.037825156 
683 0 11 11 0.037763927 
596 16 15 19 0.037355643 
42 247 12 15 0.037190575 
86 263 10 13 0.036085777 
132 262 11 13 0.035872925 
584 23 12 16 0.035844095 
129 268 11 13 0.0357323 
12 267 10 12 0.035496306 
0 308 9 15 0.034630984 
88 253 9 12 0.034386337 
647 29 10 12 0.034124617 
94 100 42 57 0.034075353 
652 48 11 12 0.033760205 
54 270 10 14 0.032133896 
0 254 8 11 0.03055965 
182 271 11 13 0.0294924 
929 271 37 42 0.029364971 
92 262 11 13 0.029337015 
112 245 16 21 0.028284129 
38 232 9 12 0.02771035 
47 269 13 14 0.027155776 
41 255 15 18 0.027132683 
695 13 14 21 0.026889997 
129 238 11 14 0.026766423 
23 261 10 12 0.02574258 
75 252 10 14 0.025380487 
743 24 14 17 0.023633776 
46 237 10 12 0.023153227 
44 126 27 35 0.022723144 
92 233 11 12 0.022086363 
140 235 10 13 0.021727527 
132 115 13 19 0.02162334 
114 236 15 19 0.021489538 
78 266 11 14 0.020981347 
55 238 10 13 0.020685073 
32 247 10 13 0.020557433 
645 66 14 17 0.020518001 
8 248 9 12 0.020429002 
591 6 11 12 0.02013938 
0 261 8 12 0.020060724 
47 275 14 17 0.020003391 
