55_Sports_Coach_Trainer_sportcoaching_55_774
153
443 170 26 34 0.99940705 
846 59 56 81 0.99929106 
793 272 61 86 0.9982206 
750 122 62 83 0.99605006 
475 197 27 35 0.9937358 
603 146 27 33 0.9934366 
660 102 23 29 0.99326706 
125 263 42 53 0.9712811 
518 296 40 45 0.9620484 
329 78 20 22 0.91848683 
381 72 14 19 0.8969419 
363 178 24 30 0.7772527 
384 6 11 13 0.65926635 
488 171 17 20 0.6102604 
420 42 12 13 0.5802089 
388 11 12 15 0.5689059 
420 107 14 19 0.40322235 
540 160 22 27 0.3819663 
341 98 23 30 0.332147 
410 13 9 12 0.32297483 
673 13 9 11 0.27161616 
367 46 10 12 0.22150433 
321 18 11 14 0.20145558 
491 121 17 19 0.17062637 
413 73 11 17 0.1687589 
344 6 12 12 0.15788843 
361 164 16 19 0.1459246 
372 22 13 16 0.13978572 
413 60 10 13 0.13417189 
493 154 14 17 0.12061269 
376 52 9 11 0.10844501 
352 99 17 23 0.107390955 
546 159 14 17 0.09905143 
166 269 11 16 0.098909386 
374 46 10 13 0.09176383 
406 88 13 17 0.08330477 
448 126 11 13 0.077962145 
416 31 9 11 0.07040525 
542 142 12 15 0.06498024 
330 88 23 32 0.064125665 
365 194 19 23 0.061749708 
397 209 17 22 0.061724752 
375 179 16 21 0.060813423 
406 69 20 27 0.05912611 
532 140 11 14 0.05828731 
413 52 12 14 0.05790371 
382 54 7 10 0.05575772 
585 150 23 31 0.05573538 
348 173 39 47 0.05565801 
408 20 10 12 0.0539087 
445 324 34 33 0.053249482 
416 102 11 16 0.052600212 
374 15 10 13 0.052490763 
391 53 9 11 0.052097745 
359 69 13 17 0.051479805 
425 114 13 16 0.050837062 
413 8 10 12 0.05058893 
538 146 23 30 0.04968451 
455 315 33 32 0.048760943 
363 158 13 15 0.046333324 
160 282 26 31 0.04494578 
587 141 13 18 0.04480597 
365 72 14 17 0.042130332 
359 13 9 11 0.041095104 
167 289 15 20 0.041083798 
880 0 36 47 0.040836733 
361 106 15 21 0.039410196 
528 147 11 14 0.039034087 
348 12 10 12 0.03853938 
365 63 11 14 0.036723256 
431 0 11 10 0.03651419 
425 15 10 12 0.03646511 
407 71 12 15 0.0364589 
455 0 11 10 0.036105096 
413 22 8 10 0.035815928 
469 137 23 26 0.035523333 
374 39 11 14 0.035207376 
325 84 17 23 0.034657348 
343 2 12 11 0.0343721 
363 127 18 23 0.03417915 
354 166 26 32 0.03358956 
480 180 26 33 0.033507604 
367 82 13 16 0.033006825 
320 98 13 19 0.031958245 
421 32 10 12 0.031665526 
408 55 11 14 0.031641033 
586 148 11 16 0.03161839 
348 94 16 22 0.031167343 
424 1 11 10 0.030901415 
677 8 11 13 0.030261688 
380 18 13 17 0.030257637 
371 128 14 20 0.02982003 
428 20 12 14 0.029533563 
402 83 20 27 0.029303955 
357 22 10 12 0.029275497 
329 101 25 35 0.029087659 
976 5 28 32 0.028373662 
444 6 12 12 0.028308203 
375 78 12 18 0.02830756 
392 48 9 11 0.028289681 
467 309 26 30 0.028171767 
156 266 26 38 0.028089728 
985 -4 36 50 0.028087933 
354 92 17 21 0.027960423 
444 126 20 24 0.027478084 
326 133 16 24 0.02711763 
15 413 12 16 0.026946723 
380 27 11 14 0.026876487 
348 61 13 15 0.026432008 
526 133 20 25 0.026400896 
403 206 11 15 0.025774527 
335 20 10 13 0.025357107 
361 45 12 15 0.025171783 
358 51 12 14 0.024869349 
552 168 16 20 0.02476758 
397 20 10 13 0.024703786 
427 43 11 14 0.024188003 
319 13 18 25 0.024108306 
765 73 25 31 0.024001392 
340 0 20 23 0.023929447 
506 210 14 18 0.023890877 
947 0 46 50 0.023852553 
375 59 11 13 0.023802903 
638 1 14 15 0.023457063 
971 47 49 65 0.023375135 
429 165 13 18 0.02314906 
581 138 21 29 0.023006804 
350 68 14 17 0.022851348 
429 122 11 15 0.02281773 
351 111 27 32 0.022718873 
419 46 14 17 0.022665644 
535 137 21 26 0.022643838 
557 129 15 19 0.022616288 
324 106 11 17 0.022581361 
394 13 11 13 0.022533763 
438 118 10 13 0.022470204 
418 72 13 18 0.022359543 
416 0 11 10 0.022056617 
354 146 18 20 0.022037597 
585 132 13 16 0.022034392 
342 19 9 11 0.021781214 
541 134 13 16 0.021522487 
539 170 18 24 0.021153362 
351 28 13 15 0.020911066 
546 148 12 15 0.020839324 
352 22 10 12 0.020761836 
528 155 11 15 0.020731816 
533 156 13 16 0.020335544 
530 144 21 27 0.020335117 
425 172 23 31 0.020321183 
407 165 12 16 0.020182915 
357 60 23 28 0.02017764 
383 62 10 14 0.020012964 
