55_Sports_Coach_Trainer_sportcoaching_55_181
19
264 91 27 33 0.9965084 
771 152 25 31 0.99486005 
410 142 20 23 0.44974932 
466 133 14 19 0.20227951 
406 157 24 24 0.1676701 
85 430 16 16 0.09970941 
706 269 39 36 0.03963459 
778 206 42 54 0.037779108 
595 33 343 426 0.034250785 
254 96 17 23 0.03318381 
274 86 16 25 0.030103114 
885 7 50 53 0.028389435 
320 194 11 16 0.026496962 
664 282 51 58 0.024876935 
371 164 16 20 0.023885295 
257 403 14 16 0.023729697 
416 157 26 27 0.021899287 
1001 476 10 14 0.021880277 
426 146 14 20 0.021668546 
