55_Sports_Coach_Trainer_sportcoaching_55_867
40
507 265 35 41 0.9990061 
390 258 33 40 0.99597186 
233 285 23 26 0.97925663 
806 254 18 27 0.9467403 
560 287 24 30 0.92528164 
712 286 27 32 0.82706517 
54 306 26 29 0.79326284 
1011 314 12 22 0.28328758 
691 288 22 30 0.1897948 
978 378 15 19 0.16625494 
683 291 17 24 0.13802454 
46 309 16 23 0.11135253 
700 291 19 23 0.08642965 
221 336 16 19 0.076905474 
640 298 11 15 0.06549646 
742 403 13 15 0.059159145 
592 391 16 18 0.0486152 
138 424 13 17 0.045738026 
228 250 11 13 0.041241296 
585 424 9 11 0.036079664 
72 306 16 22 0.034123126 
65 300 20 24 0.03169728 
461 435 52 61 0.031545557 
997 296 11 14 0.03137689 
635 248 20 28 0.02983501 
122 424 15 18 0.027932774 
608 416 9 11 0.026565675 
719 414 13 16 0.025677431 
41 294 28 36 0.024827316 
746 410 13 16 0.024368608 
91 418 18 22 0.024338495 
552 289 16 21 0.022909418 
739 396 24 27 0.022227138 
239 381 10 13 0.021023838 
158 398 32 46 0.020864028 
142 413 11 15 0.02083081 
207 390 44 55 0.020750528 
39 304 16 22 0.020632189 
224 287 16 20 0.020302419 
221 316 12 16 0.020148508 
