55_Sports_Coach_Trainer_sportcoaching_55_643
106
6 295 27 32 0.9973236 
506 217 16 22 0.99307865 
421 267 14 20 0.9609371 
783 211 19 25 0.9388289 
295 257 21 29 0.9382841 
473 234 15 23 0.9375812 
667 259 14 18 0.92002887 
429 244 15 18 0.83644617 
597 255 15 21 0.62413114 
945 225 16 24 0.5260423 
861 249 13 18 0.4297528 
621 258 16 21 0.42375672 
649 255 15 19 0.37944734 
691 262 13 16 0.35972098 
550 271 14 19 0.3119066 
526 258 14 18 0.20401841 
277 246 15 19 0.18814284 
918 225 14 20 0.13758199 
578 258 18 25 0.12742718 
965 299 16 21 0.12166274 
866 250 14 18 0.09895182 
555 266 15 20 0.09670873 
333 279 12 15 0.09635518 
521 259 12 18 0.093628824 
856 245 13 17 0.09164698 
636 255 20 25 0.08667222 
368 218 12 18 0.085425586 
892 287 15 21 0.0826195 
877 251 13 18 0.079073615 
762 244 15 17 0.0786463 
645 262 17 21 0.07817513 
884 250 11 18 0.07582237 
875 290 13 17 0.07478099 
946 213 16 23 0.06719702 
564 260 14 19 0.06714327 
444 250 12 17 0.06572147 
697 372 13 15 0.061194245 
700 232 14 18 0.06106258 
783 290 12 16 0.053108066 
636 306 23 27 0.05220559 
585 263 17 21 0.046400648 
614 262 15 20 0.045646314 
615 282 13 17 0.04500094 
425 259 18 23 0.044957515 
280 246 23 27 0.044544343 
542 273 16 18 0.040683143 
691 269 16 20 0.040668726 
787 285 13 16 0.03990442 
378 218 15 21 0.03883427 
372 213 13 19 0.038480673 
908 221 22 29 0.038161904 
628 255 13 19 0.037849877 
892 217 24 30 0.034126498 
854 235 12 16 0.033487003 
912 226 12 18 0.03334536 
531 263 16 20 0.033223026 
661 254 14 21 0.031176586 
708 340 13 17 0.030570546 
694 336 20 28 0.030413149 
697 261 14 17 0.030172294 
366 350 8 12 0.029894117 
675 263 14 19 0.029788276 
963 227 16 20 0.029650994 
652 248 13 18 0.029383065 
708 281 13 17 0.029329114 
575 253 14 19 0.029315675 
687 296 14 17 0.028782872 
923 221 16 21 0.028746499 
650 273 15 17 0.028746074 
70 271 17 22 0.028340429 
433 239 15 18 0.028238485 
589 253 17 23 0.028081998 
530 254 15 19 0.027996391 
342 356 10 12 0.02771303 
921 230 17 20 0.027339121 
563 269 16 21 0.027197326 
617 264 21 28 0.026241016 
573 269 15 20 0.026146747 
767 218 12 16 0.025953246 
932 219 15 19 0.025811493 
428 331 17 19 0.025706438 
464 228 14 19 0.025701078 
1 317 23 33 0.02553367 
847 259 13 16 0.024855357 
970 293 16 20 0.024839373 
717 298 11 14 0.024736473 
390 270 12 16 0.024697157 
797 222 15 21 0.02462123 
854 254 14 19 0.02361985 
700 274 15 20 0.023182478 
505 267 15 19 0.023153627 
801 262 11 15 0.023127044 
534 273 14 16 0.022589201 
535 226 12 17 0.022320567 
424 248 13 19 0.02224377 
446 272 12 18 0.022217104 
663 320 14 19 0.02203878 
435 247 19 24 0.021999013 
648 308 16 19 0.021885721 
424 291 16 20 0.021365926 
550 261 15 20 0.020966671 
651 281 15 19 0.020947589 
860 265 14 17 0.020866798 
876 297 13 17 0.020827066 
405 282 11 15 0.02049308 
793 217 15 20 0.020464882 
