55_Sports_Coach_Trainer_sportcoaching_55_263
23
317 33 73 98 0.99659413 
156 150 12 16 0.21559304 
515 187 45 54 0.0927112 
265 104 28 31 0.072409384 
154 161 23 27 0.04650426 
126 99 14 19 0.041872747 
147 115 12 15 0.035702776 
142 262 12 16 0.034700155 
244 133 9 13 0.033240993 
150 150 20 26 0.0296653 
117 218 15 21 0.027485887 
158 300 12 13 0.026805382 
104 187 10 13 0.025097942 
262 106 42 52 0.02491986 
116 205 22 27 0.023346676 
106 183 9 12 0.02331793 
280 112 15 18 0.023196254 
116 104 25 31 0.023190765 
94 199 9 11 0.022727976 
235 108 13 16 0.022031382 
204 181 12 13 0.021493128 
74 245 12 15 0.02076332 
131 104 15 19 0.020189313 
