55_Sports_Coach_Trainer_sportcoaching_55_380
37
858 1 43 53 0.89796245 
574 289 22 27 0.88694483 
27 194 30 32 0.7665557 
464 175 55 50 0.7636691 
459 172 36 39 0.28380552 
455 472 14 18 0.25566387 
613 43 89 132 0.1409397 
603 328 17 20 0.12433261 
596 420 13 17 0.11036815 
452 183 32 45 0.105042115 
211 219 17 23 0.07765877 
433 169 24 31 0.057655178 
430 161 61 55 0.046724513 
827 -4 42 57 0.046321575 
572 477 17 22 0.04227373 
624 455 9 12 0.04136594 
464 171 21 26 0.039153513 
683 119 96 124 0.035792116 
599 324 15 19 0.034733042 
461 404 12 16 0.032857757 
398 156 65 55 0.03205361 
462 499 11 12 0.031662002 
583 360 11 13 0.029879449 
218 213 15 21 0.029237267 
648 97 101 120 0.02913706 
512 496 11 13 0.028176991 
519 483 11 13 0.026013566 
503 470 8 11 0.024668923 
19 180 30 39 0.02361191 
527 483 9 12 0.023228267 
31 234 28 31 0.022451516 
502 465 7 10 0.022009887 
646 94 14 16 0.021872452 
533 485 10 13 0.020855151 
521 465 7 10 0.0204068 
489 279 25 33 0.020382574 
11 130 18 23 0.020118989 
