38_Tennis_Tennis_38_535
210
505 471 23 29 0.9904546 
514 422 22 29 0.9888797 
862 324 22 27 0.98652714 
431 446 24 33 0.9862325 
579 304 22 29 0.9758755 
243 287 18 23 0.9709989 
134 456 21 26 0.95712256 
206 433 21 26 0.95522106 
356 308 22 29 0.95158154 
173 277 18 23 0.94813424 
713 318 20 26 0.94761217 
762 426 22 28 0.94108 
460 421 23 31 0.93706983 
397 321 19 22 0.9368436 
480 316 19 23 0.92732716 
641 312 21 26 0.922171 
778 308 22 27 0.92208934 
465 265 21 25 0.921604 
657 463 19 26 0.91853607 
232 319 20 26 0.9159146 
46 448 23 31 0.9151068 
369 407 21 25 0.9112408 
322 383 20 26 0.88436586 
193 341 19 23 0.88134015 
707 418 17 22 0.8783741 
596 424 21 25 0.8748514 
375 450 23 27 0.8519493 
142 413 21 27 0.8518624 
289 291 15 22 0.8368889 
421 315 20 28 0.8340536 
146 306 18 24 0.8160982 
551 469 20 25 0.8071906 
613 395 15 17 0.80289495 
508 307 21 27 0.7956378 
897 490 21 25 0.72837013 
434 415 20 27 0.7261644 
647 423 19 25 0.7256873 
288 455 23 30 0.7218784 
163 252 12 14 0.6607653 
677 411 11 14 0.59874755 
330 452 16 21 0.5527654 
408 317 22 28 0.5200219 
230 275 11 14 0.49490863 
170 455 15 18 0.34709993 
790 251 14 16 0.3251887 
256 316 17 22 0.32462573 
906 268 13 18 0.30300796 
344 430 11 15 0.25844178 
197 278 12 18 0.25526604 
820 479 17 20 0.23347826 
304 304 13 18 0.23139209 
71 217 13 20 0.2158184 
132 269 11 13 0.21015266 
532 396 14 18 0.20870945 
363 294 10 13 0.1929459 
184 310 13 16 0.16599415 
453 416 21 27 0.16468915 
160 248 11 15 0.1608945 
650 414 13 16 0.15702526 
109 221 11 17 0.15264636 
551 242 11 15 0.15245603 
336 358 12 15 0.14568517 
565 415 20 25 0.13607018 
75 212 13 18 0.13506971 
640 257 13 16 0.13278489 
650 388 13 16 0.124103285 
812 464 28 32 0.120165125 
271 581 27 29 0.1171987 
549 369 13 17 0.11649288 
896 477 29 32 0.10587514 
301 408 14 18 0.10503952 
665 259 11 13 0.10270799 
594 411 16 19 0.10083862 
272 240 11 13 0.097055756 
96 159 9 11 0.09098943 
709 408 15 19 0.090070345 
379 292 12 15 0.08826611 
374 501 13 17 0.08652512 
273 387 23 31 0.08581157 
527 399 16 21 0.084564775 
686 468 14 20 0.07636285 
244 411 22 29 0.07518796 
600 284 14 16 0.074582756 
449 282 13 16 0.07440434 
415 201 10 12 0.07002416 
591 417 21 26 0.06954037 
366 514 24 29 0.067963 
506 200 9 11 0.066082686 
357 299 15 19 0.06245431 
647 536 12 18 0.062137797 
196 324 15 19 0.061718415 
764 247 12 16 0.058434136 
838 263 12 17 0.0584147 
133 414 19 24 0.058117732 
237 276 12 15 0.057948004 
630 249 11 14 0.053524904 
54 127 9 11 0.05282251 
351 307 16 23 0.051430535 
680 276 15 18 0.051336695 
265 388 18 23 0.05091905 
294 273 13 16 0.05052238 
443 301 12 16 0.050458938 
245 279 12 15 0.049825158 
191 325 25 31 0.049426556 
839 570 32 31 0.04587344 
363 504 15 21 0.04515636 
184 411 13 16 0.045120955 
469 380 14 18 0.04365173 
330 249 13 16 0.043520633 
671 165 10 13 0.041840203 
368 311 17 25 0.04148452 
319 434 13 19 0.04093565 
338 449 15 20 0.04092298 
862 510 11 14 0.040658437 
334 435 14 18 0.040406972 
577 412 21 26 0.04021791 
235 312 15 19 0.0392933 
601 548 16 18 0.038250934 
699 529 29 29 0.03814154 
164 314 14 19 0.037733443 
324 443 14 17 0.03709453 
296 296 19 25 0.036874823 
152 249 13 17 0.036568217 
373 398 13 16 0.03632747 
77 397 12 14 0.03573375 
869 311 12 13 0.035524134 
680 366 13 17 0.035087965 
290 446 18 21 0.03460312 
496 419 14 19 0.034530755 
677 448 14 17 0.03417413 
63 159 8 10 0.034087002 
360 290 21 27 0.03367519 
374 444 15 19 0.03313252 
57 158 8 10 0.03277061 
453 561 26 32 0.03237427 
128 164 9 11 0.0317044 
373 289 22 30 0.031440396 
392 308 35 44 0.03136729 
601 288 17 22 0.031142032 
420 310 16 19 0.030947533 
33 149 9 12 0.030505622 
279 293 16 22 0.030435978 
645 404 15 18 0.030235218 
773 403 30 32 0.03000963 
184 278 17 24 0.029957514 
205 292 12 17 0.029947488 
317 247 8 11 0.029288646 
658 425 13 19 0.028905032 
515 415 15 18 0.02864361 
763 410 29 36 0.028640205 
589 548 30 29 0.028079355 
666 426 15 18 0.028011763 
170 253 10 13 0.027837943 
252 417 24 30 0.027836716 
557 417 16 21 0.027609147 
155 302 13 16 0.027529038 
211 293 13 17 0.02730093 
142 406 12 17 0.027109783 
48 141 8 10 0.027054073 
894 582 36 37 0.026729718 
289 395 20 28 0.02658383 
772 294 35 44 0.026491059 
281 506 27 29 0.026439594 
662 269 21 29 0.02629401 
602 410 16 20 0.025954928 
380 322 14 20 0.025947623 
700 292 39 48 0.025506375 
334 358 20 25 0.025503665 
34 142 9 12 0.025325742 
604 400 20 24 0.025317483 
589 296 21 28 0.025266716 
50 133 8 11 0.02526088 
812 460 18 19 0.025021147 
62 143 9 11 0.024962028 
269 426 13 16 0.024612404 
227 272 19 25 0.024209654 
216 387 12 16 0.024094153 
415 128 9 10 0.023849199 
455 245 11 14 0.02383464 
536 400 16 21 0.023663353 
893 483 17 22 0.02360758 
372 505 22 28 0.023598019 
56 143 8 10 0.023504265 
470 423 18 25 0.023409368 
125 417 23 30 0.02314514 
714 530 16 19 0.0229236 
626 428 14 20 0.022784024 
265 321 14 19 0.022229256 
466 414 16 19 0.022104943 
788 493 11 13 0.02199421 
131 443 17 20 0.021649783 
903 264 11 16 0.021593835 
550 461 16 22 0.021553995 
112 244 10 15 0.021494774 
646 151 8 10 0.021273408 
501 418 23 29 0.021243103 
454 431 16 21 0.021148002 
792 255 16 19 0.02111641 
434 301 20 26 0.021088896 
113 164 9 10 0.02091756 
739 263 15 22 0.020860218 
519 399 12 16 0.020838642 
159 282 13 17 0.020749433 
624 251 14 19 0.020583438 
431 319 16 23 0.02050049 
758 246 20 25 0.0203403 
548 424 14 20 0.020302678 
407 379 13 19 0.020194616 
203 421 14 17 0.0201604 
325 581 35 34 0.020002054 
