38_Tennis_Tennis_38_501
42
565 93 116 143 0.9998883 
219 409 61 82 0.9940023 
158 592 68 91 0.98690677 
888 460 76 106 0.9798147 
959 709 20 23 0.19738884 
23 44 398 534 0.19452518 
298 788 15 18 0.06877872 
4 409 31 49 0.062149588 
281 756 42 54 0.061793193 
83 404 27 32 0.055216372 
198 781 24 29 0.049350306 
102 412 45 54 0.048056 
3 437 34 53 0.047953397 
588 -83 368 469 0.042513136 
342 414 15 15 0.041528754 
36 550 18 22 0.04133196 
161 519 62 61 0.041024942 
282 771 17 21 0.03972769 
202 326 19 20 0.03962942 
173 501 61 57 0.038382526 
283 767 27 31 0.037652154 
133 324 14 18 0.03647865 
926 748 13 15 0.03459543 
405 327 17 21 0.03296866 
629 -16 227 300 0.032199334 
982 419 16 18 0.031179182 
367 344 26 33 0.02904903 
75 340 25 34 0.028803546 
292 777 25 29 0.028799277 
348 372 15 16 0.028688747 
667 2 125 154 0.027775435 
943 773 13 15 0.025994604 
118 451 95 116 0.025324233 
499 221 365 505 0.024496183 
221 395 14 17 0.023653809 
147 532 91 98 0.023583263 
194 595 41 52 0.023323191 
18 406 48 76 0.022903752 
302 764 11 14 0.022663554 
374 745 29 40 0.021942196 
100 402 97 121 0.02104249 
956 589 57 74 0.020738779 
