35_Basketball_basketballgame_ball_35_82
880
284 253 49 61 0.99611014 
438 192 46 60 0.994964 
770 407 22 27 0.9853758 
604 412 17 21 0.9849363 
141 228 13 17 0.9735492 
704 311 21 27 0.9717112 
650 405 19 26 0.9632271 
800 406 20 28 0.95829177 
110 370 16 19 0.9343103 
151 200 14 18 0.8998441 
28 206 13 16 0.89084584 
77 205 12 16 0.8809683 
33 374 15 19 0.87707716 
250 168 14 17 0.82762283 
113 211 14 18 0.8229 
99 233 14 18 0.8216248 
48 176 12 16 0.80149424 
756 275 13 17 0.7437221 
437 134 12 15 0.73356545 
10 287 14 19 0.72446376 
30 117 11 14 0.7198843 
192 156 12 16 0.7172253 
654 249 13 17 0.7122315 
648 320 14 19 0.70818084 
494 118 11 13 0.69604063 
537 37 10 12 0.6897214 
518 87 15 19 0.68679273 
184 248 12 16 0.6793766 
746 153 14 19 0.67447346 
154 305 12 17 0.6706248 
798 208 13 17 0.6686505 
207 262 10 13 0.6541864 
741 327 14 17 0.6541577 
647 217 13 16 0.64790773 
48 221 13 16 0.6353562 
633 375 15 18 0.61989194 
44 95 10 13 0.5983544 
174 228 12 15 0.58546656 
609 216 12 16 0.5775824 
34 141 14 16 0.559743 
192 119 12 15 0.548474 
495 97 13 16 0.53585047 
152 109 11 13 0.53082985 
53 367 13 18 0.5227723 
28 24 10 13 0.5124389 
391 138 12 16 0.50723666 
294 198 12 15 0.5016917 
629 148 12 15 0.5010309 
12 63 12 14 0.4986006 
765 222 12 14 0.49356622 
40 161 11 15 0.48389387 
162 43 10 12 0.46945325 
989 0 41 66 0.45576203 
639 195 13 17 0.45269984 
563 412 18 23 0.44737616 
614 172 12 15 0.44615453 
32 289 14 18 0.4459273 
65 110 11 15 0.4446747 
100 34 11 14 0.43233567 
166 102 10 12 0.41671127 
51 74 11 14 0.41420358 
708 187 16 18 0.4045438 
240 241 13 15 0.40149468 
618 398 13 16 0.3945632 
594 227 13 15 0.3886879 
637 237 13 15 0.38795787 
223 180 14 18 0.38740987 
106 298 13 17 0.38688707 
606 193 13 16 0.38544595 
55 44 13 15 0.3836365 
141 266 14 18 0.379394 
514 179 15 19 0.37861928 
93 140 10 13 0.37179998 
115 165 12 14 0.3664009 
89 317 12 15 0.36522973 
340 520 22 25 0.34547397 
439 153 12 17 0.34407946 
154 408 49 53 0.34112123 
753 122 12 14 0.33703783 
693 139 13 15 0.32738787 
733 306 14 16 0.32450238 
86 95 10 14 0.32226834 
220 149 11 14 0.31729236 
260 143 11 14 0.31572798 
171 275 13 16 0.31137684 
208 294 14 19 0.3051695 
91 210 13 16 0.3006095 
197 54 11 13 0.29940787 
125 106 10 13 0.29781082 
85 182 13 17 0.29521966 
343 223 11 14 0.294987 
145 162 15 18 0.28625265 
685 141 11 14 0.28580838 
723 125 12 15 0.28556547 
782 28 11 13 0.2823205 
268 5 11 14 0.28216562 
235 105 13 16 0.2757566 
397 102 11 14 0.27318782 
603 143 11 14 0.2725394 
706 256 13 16 0.27122205 
553 182 14 16 0.27067223 
689 219 12 16 0.2622135 
655 385 16 20 0.2621587 
685 117 11 14 0.26090643 
727 212 12 16 0.25800994 
291 204 15 19 0.25792247 
680 190 13 16 0.2518199 
676 320 16 19 0.24652502 
675 409 13 17 0.24580747 
246 191 10 12 0.24471383 
780 405 23 30 0.24107519 
77 403 11 15 0.23492986 
199 98 11 13 0.23486245 
0 141 9 14 0.23104228 
44 261 11 13 0.22450359 
108 78 12 14 0.2201743 
36 135 12 15 0.21888003 
735 144 10 13 0.21342388 
786 382 15 17 0.20848466 
102 333 10 15 0.20472288 
425 125 10 12 0.20469019 
238 120 14 17 0.20179282 
174 282 11 15 0.20076612 
141 45 9 11 0.19910695 
197 186 11 14 0.19824986 
270 165 11 14 0.19531986 
250 228 11 13 0.19498418 
102 258 15 19 0.19464734 
742 271 10 12 0.19456251 
670 290 15 20 0.19169778 
37 325 13 16 0.18931454 
401 154 13 16 0.18926772 
737 114 11 14 0.1886466 
132 71 10 13 0.18788287 
121 143 9 12 0.18736641 
634 366 16 19 0.18694912 
183 3 9 10 0.18511195 
62 136 11 13 0.18431605 
629 213 12 15 0.17685981 
193 306 12 16 0.17404766 
29 73 12 15 0.1729261 
570 125 9 11 0.1728977 
224 66 13 15 0.17250298 
44 26 11 14 0.16560692 
5 132 12 15 0.1650102 
733 181 11 14 0.15754911 
223 22 10 13 0.15706515 
840 106 12 15 0.15588182 
725 100 11 14 0.15570012 
645 174 10 14 0.15500316 
204 139 11 14 0.15027979 
123 213 11 14 0.14971338 
750 39 10 12 0.14914477 
14 387 14 17 0.1484931 
672 153 12 15 0.14576569 
88 134 11 14 0.14390348 
678 374 17 21 0.14225656 
767 38 11 12 0.14108238 
778 360 15 17 0.1410788 
243 124 13 16 0.13975318 
803 275 11 15 0.13874388 
128 133 11 13 0.13835901 
571 172 12 15 0.13726439 
777 279 10 12 0.1372184 
68 162 14 18 0.13569927 
621 230 11 15 0.13456988 
102 148 11 13 0.1317319 
782 245 14 16 0.13126071 
103 118 9 12 0.12991348 
119 339 14 18 0.12987731 
208 86 9 11 0.12977992 
676 148 13 15 0.12896171 
768 134 12 15 0.12808163 
203 94 11 13 0.12688376 
88 73 12 15 0.12679256 
5 80 11 13 0.12563984 
843 226 14 20 0.12496229 
396 208 14 17 0.12403665 
404 119 10 13 0.12370053 
103 188 13 18 0.12365078 
590 21 12 15 0.12361276 
683 232 14 17 0.12311402 
10 193 14 18 0.122623935 
102 389 10 13 0.1190809 
469 116 10 12 0.11834974 
69 338 13 16 0.11653122 
605 128 10 11 0.114555456 
12 134 10 13 0.112276934 
80 125 9 12 0.11199747 
11 109 14 16 0.1102597 
157 165 13 17 0.10983303 
53 214 13 17 0.10810941 
550 128 9 10 0.10668159 
1 379 11 17 0.10556205 
150 326 9 11 0.10268587 
660 164 12 14 0.1018371 
604 244 15 19 0.1015059 
627 36 16 19 0.10075249 
224 271 10 13 0.10024475 
7 242 11 14 0.09990356 
55 3 12 14 0.09966299 
110 124 10 14 0.098429516 
124 141 11 13 0.09827433 
590 27 13 17 0.09762407 
158 337 14 17 0.096673265 
157 427 29 36 0.09648352 
148 140 14 17 0.09585074 
612 299 15 17 0.09505514 
631 297 13 15 0.09462664 
784 386 19 23 0.094451874 
782 92 14 15 0.093098484 
763 244 15 17 0.09268485 
93 75 11 14 0.09162261 
169 315 11 14 0.09154294 
121 283 10 14 0.091327675 
744 78 10 13 0.091063194 
489 117 11 13 0.091010205 
510 111 11 14 0.09067547 
44 2 12 15 0.09035018 
240 85 9 12 0.090107284 
174 337 14 17 0.089782596 
678 122 13 16 0.08943561 
691 176 12 17 0.08751612 
739 282 13 17 0.08694365 
590 15 11 14 0.086169645 
739 50 12 14 0.08616309 
741 225 13 16 0.08599722 
253 62 10 13 0.08512429 
3 187 14 19 0.08512192 
645 155 10 12 0.08492872 
718 214 12 15 0.08392052 
801 93 10 14 0.08318054 
688 172 11 15 0.082933165 
221 164 13 15 0.082796164 
647 343 14 18 0.08089749 
204 217 13 16 0.07929108 
662 141 11 14 0.07912985 
63 170 12 15 0.076147676 
601 132 9 11 0.07603199 
226 171 15 18 0.07325565 
610 332 16 19 0.07316556 
693 248 14 18 0.0722601 
116 53 9 11 0.07219295 
231 101 12 16 0.07169472 
604 239 13 14 0.07146977 
631 126 9 11 0.0714566 
63 105 11 13 0.071331516 
164 335 12 15 0.071023025 
637 306 13 16 0.07036069 
23 69 11 13 0.069735445 
68 104 10 12 0.069540404 
627 164 12 15 0.06945309 
248 60 11 14 0.06937339 
23 402 13 17 0.06924159 
263 68 10 14 0.06903986 
533 126 9 12 0.06857486 
642 544 13 17 0.06791069 
67 140 11 14 0.06779442 
143 140 12 15 0.06746682 
780 335 16 20 0.067332014 
720 103 10 12 0.0665582 
73 263 9 12 0.06630116 
7 159 10 14 0.0656387 
774 113 12 14 0.065342195 
652 393 21 25 0.065132886 
184 300 11 14 0.06494543 
84 193 14 19 0.06487318 
812 236 11 15 0.06441151 
123 188 15 18 0.06329868 
56 134 11 13 0.063040055 
223 94 11 15 0.06290298 
527 59 13 15 0.062829375 
666 406 19 24 0.062611215 
380 6 10 11 0.06254021 
145 12 8 11 0.062509164 
85 127 11 13 0.062426735 
143 52 9 11 0.06140487 
40 347 12 16 0.06127339 
262 196 13 16 0.061001208 
287 209 13 16 0.06091383 
797 335 15 21 0.0600664 
469 70 12 15 0.059074517 
676 130 14 16 0.058504697 
99 40 14 17 0.058186222 
54 125 11 13 0.05784777 
748 386 15 19 0.057734456 
86 243 11 14 0.057565287 
663 170 12 15 0.057525694 
104 122 11 15 0.057460744 
61 148 13 15 0.05719209 
725 281 12 15 0.056976806 
96 145 11 14 0.056703467 
460 155 14 16 0.056689527 
205 277 11 15 0.05628601 
134 261 15 19 0.056102138 
560 40 9 11 0.056044795 
643 222 15 19 0.054996304 
791 394 20 27 0.054972526 
148 332 12 14 0.054527592 
629 134 11 12 0.054173924 
591 179 12 16 0.054006252 
676 396 14 18 0.05393822 
28 179 14 16 0.05384084 
786 331 16 20 0.053652108 
209 125 11 13 0.05326254 
56 23 9 11 0.05321162 
582 404 14 18 0.052921202 
789 326 12 15 0.052152295 
459 98 12 14 0.05204415 
108 395 10 13 0.051131837 
189 203 14 16 0.050865497 
87 61 10 12 0.050406996 
196 236 14 17 0.050336264 
125 308 14 17 0.050092254 
455 153 13 17 0.049851738 
160 102 11 14 0.04975042 
684 133 14 17 0.049700856 
705 398 19 22 0.049659904 
36 339 14 17 0.049479716 
20 396 13 17 0.049431995 
465 38 10 14 0.04923977 
238 210 14 17 0.049133163 
115 186 17 19 0.04912834 
145 272 14 18 0.04898717 
636 149 12 16 0.048935544 
732 125 12 14 0.048837055 
177 115 10 13 0.048789106 
587 332 10 12 0.048646 
915 635 41 37 0.0485565 
745 186 12 14 0.04847691 
670 315 16 22 0.048446015 
15 339 12 15 0.048387095 
206 205 11 14 0.04830151 
106 185 19 23 0.048233096 
625 157 11 13 0.048070155 
187 21 10 13 0.047875572 
0 228 7 13 0.047623806 
744 393 19 27 0.04760293 
97 332 10 14 0.046932068 
685 248 15 20 0.046787463 
58 209 14 19 0.046566382 
779 283 12 14 0.046543486 
726 236 10 12 0.046528228 
103 184 11 14 0.046388995 
812 188 11 15 0.046067584 
388 174 23 27 0.046042673 
14 281 18 26 0.045902003 
828 284 10 12 0.04589862 
1 128 9 13 0.045818668 
246 92 11 13 0.045597315 
93 124 12 13 0.045591485 
523 163 13 15 0.04554003 
13 102 10 12 0.04550065 
625 143 12 15 0.045310136 
71 301 9 15 0.04502369 
183 148 13 17 0.044876304 
614 325 21 26 0.04486813 
93 286 10 13 0.044731863 
98 386 10 14 0.04462296 
685 167 11 13 0.044599947 
487 159 9 11 0.04457594 
673 125 11 14 0.04437092 
2 372 18 27 0.044340305 
122 434 15 19 0.044117678 
75 307 12 15 0.04406545 
231 289 12 15 0.043939058 
240 190 11 14 0.043904778 
271 159 13 16 0.043774474 
596 234 13 16 0.043564722 
145 261 16 19 0.043531068 
623 128 10 11 0.043512717 
55 149 12 15 0.04350984 
489 98 12 15 0.04344423 
627 323 14 20 0.043231867 
79 181 13 17 0.04320931 
118 117 11 14 0.043021906 
549 249 15 20 0.042932626 
463 112 11 13 0.042797327 
711 210 13 17 0.04269165 
708 203 14 16 0.04241953 
76 262 10 12 0.042402938 
40 369 16 22 0.042282164 
245 87 10 13 0.042261485 
620 298 12 16 0.042244736 
152 29 10 12 0.04217226 
51 268 12 16 0.04206703 
166 325 11 12 0.04203022 
194 150 14 17 0.041863862 
132 192 12 17 0.04154901 
270 177 13 15 0.04141795 
727 96 11 13 0.041231506 
630 170 11 14 0.04120584 
111 130 10 14 0.04098639 
703 230 11 15 0.040885255 
30 338 13 18 0.040787645 
134 140 10 13 0.040741008 
60 23 10 11 0.040626865 
686 101 10 12 0.04061676 
230 147 14 16 0.04058918 
788 156 11 14 0.040576737 
111 47 10 12 0.040515352 
188 14 10 13 0.040451434 
789 150 9 12 0.04037351 
742 182 12 15 0.040195532 
636 360 12 15 0.040137783 
770 184 14 18 0.039955404 
410 193 12 16 0.039810795 
737 47 10 13 0.03980827 
239 249 14 16 0.03966276 
548 167 22 26 0.039512873 
391 378 44 54 0.039493058 
87 274 11 15 0.03946733 
90 186 14 19 0.039415285 
152 315 11 13 0.039353896 
703 146 12 13 0.039229896 
220 154 13 17 0.03918813 
686 111 12 15 0.03917677 
109 148 11 14 0.039147936 
773 243 12 16 0.039143503 
109 324 13 14 0.039108723 
227 387 16 22 0.038794767 
51 260 11 15 0.038612068 
621 166 11 14 0.038585804 
111 159 12 14 0.038538672 
149 339 13 17 0.038465116 
0 110 9 13 0.038464762 
527 159 9 11 0.03835747 
216 165 11 15 0.03832804 
90 323 12 15 0.038105283 
710 144 11 13 0.038099155 
248 67 12 14 0.03804291 
667 179 13 16 0.038027033 
668 215 15 18 0.03800004 
251 192 11 13 0.037989374 
691 116 12 14 0.03791381 
239 33 9 11 0.03789959 
765 238 13 16 0.037810344 
598 248 15 19 0.03777382 
558 216 14 19 0.0376685 
63 188 12 15 0.037547637 
159 326 9 11 0.03743831 
588 170 14 17 0.03714277 
70 148 11 14 0.037132837 
633 120 9 12 0.036982615 
1 292 10 15 0.036939748 
40 256 18 23 0.036749214 
208 402 17 21 0.036702562 
140 444 12 14 0.03661421 
148 135 13 15 0.036499888 
873 35 25 32 0.036494266 
722 194 14 17 0.036469277 
141 146 14 16 0.03633916 
40 24 10 13 0.036199465 
204 319 13 15 0.03614776 
4 21 9 12 0.036111765 
602 331 10 13 0.036081966 
678 247 15 20 0.03606166 
531 55 12 13 0.03560709 
514 115 12 14 0.035569284 
774 229 11 14 0.035532713 
251 84 12 14 0.035449922 
0 194 11 17 0.035382137 
716 143 12 14 0.03522602 
188 3 9 12 0.035090614 
381 411 30 37 0.034984797 
596 290 11 14 0.034920044 
393 97 19 23 0.034826495 
182 141 10 14 0.034595724 
517 166 14 18 0.034333616 
96 259 12 16 0.03426093 
7 114 14 15 0.034251444 
196 203 12 15 0.0342488 
150 121 13 15 0.033962373 
772 335 16 22 0.03391613 
699 134 12 16 0.03390505 
789 221 12 13 0.03365878 
668 266 14 16 0.03351752 
61 194 14 17 0.03347726 
545 126 9 13 0.03338685 
271 236 12 17 0.033268005 
132 107 11 12 0.033266235 
231 115 14 17 0.033251107 
808 231 10 14 0.032983072 
133 126 11 14 0.032983072 
749 270 14 18 0.03295186 
787 228 12 13 0.032900266 
608 180 11 15 0.032868195 
692 123 13 16 0.032847147 
148 8 10 12 0.03280381 
254 195 11 14 0.032769542 
767 244 21 24 0.03275549 
251 125 11 14 0.03261525 
767 115 11 14 0.032611158 
580 425 447 441 0.032485753 
127 56 8 11 0.032469444 
503 165 13 15 0.03240559 
11 126 12 14 0.03238962 
246 99 11 15 0.032349527 
709 109 11 14 0.03232753 
459 83 13 17 0.032264523 
391 106 14 17 0.03226198 
51 375 15 20 0.03216216 
654 85 11 12 0.032131348 
582 128 9 10 0.032115143 
79 349 11 15 0.03206106 
238 128 16 18 0.03204609 
12 55 14 16 0.03203166 
251 272 13 17 0.031902153 
610 400 17 22 0.031841226 
192 182 12 15 0.031810947 
215 379 27 36 0.031774715 
246 55 11 14 0.03174364 
725 303 14 18 0.031661924 
479 116 9 12 0.03159009 
78 253 10 14 0.03147351 
178 4 10 12 0.031469047 
154 145 14 17 0.031318456 
714 190 16 19 0.031267185 
212 85 9 11 0.031265933 
131 242 14 18 0.03125119 
564 165 12 16 0.031241758 
774 237 11 15 0.031209406 
26 267 13 19 0.031197123 
700 203 14 17 0.031094173 
732 93 10 13 0.031081606 
157 224 13 17 0.031070836 
719 120 12 15 0.03089311 
891 399 49 62 0.03075482 
392 186 24 29 0.030739428 
198 133 12 14 0.03071363 
621 193 12 16 0.030687656 
554 162 16 19 0.030666202 
180 282 12 16 0.030627148 
629 539 9 13 0.030550286 
725 2 11 13 0.030492283 
183 117 10 13 0.030474648 
124 334 11 15 0.030440373 
487 112 11 14 0.030391045 
757 205 12 14 0.030378478 
783 158 11 14 0.030373687 
643 191 12 16 0.03032934 
151 37 9 12 0.030312348 
781 228 13 15 0.030309321 
204 282 14 19 0.030293433 
402 366 26 34 0.030241592 
741 211 14 16 0.030199584 
214 80 9 12 0.030192008 
33 208 13 17 0.030078106 
92 274 12 15 0.030035038 
212 38 10 11 0.029973997 
178 419 30 37 0.029963462 
534 33 18 21 0.02995045 
749 83 12 15 0.029863045 
680 113 19 23 0.029829359 
746 221 13 15 0.029781811 
173 109 11 14 0.029762296 
107 332 14 18 0.029761003 
573 255 15 20 0.029519735 
96 421 12 15 0.029430218 
639 199 19 23 0.029407352 
70 120 12 15 0.02935096 
356 34 26 29 0.029231858 
76 340 10 13 0.029193249 
724 186 13 17 0.029178722 
261 170 12 15 0.029161947 
33 187 13 16 0.029077534 
21 37 12 13 0.029071292 
655 158 10 12 0.02905533 
78 355 14 20 0.028996801 
632 551 10 14 0.028977543 
639 250 13 16 0.028917104 
778 392 22 28 0.028875668 
25 19 17 22 0.028755566 
556 227 15 18 0.028704327 
613 127 10 12 0.028682444 
580 138 13 16 0.028667234 
88 85 10 13 0.028651927 
676 137 20 23 0.028638626 
652 172 12 15 0.02861397 
838 220 14 21 0.028567499 
216 19 11 14 0.028521104 
70 273 12 19 0.028484263 
548 163 16 19 0.028403513 
807 142 11 15 0.02837413 
86 310 14 16 0.028343871 
37 76 10 13 0.028337888 
676 308 15 19 0.028284442 
491 113 18 23 0.028274404 
88 291 10 12 0.028262895 
132 306 13 16 0.028255438 
72 398 13 17 0.028228207 
701 114 11 14 0.02817995 
669 187 14 16 0.028134383 
184 294 20 25 0.028111978 
786 85 13 15 0.028072413 
254 66 11 15 0.027951838 
128 61 9 11 0.02792728 
8 101 11 12 0.027911281 
124 278 10 14 0.027892532 
135 147 11 14 0.027837666 
97 118 10 12 0.02782191 
60 203 14 18 0.027743498 
562 405 16 20 0.027698329 
275 180 11 13 0.027673544 
168 227 12 15 0.027665814 
76 268 10 14 0.027618095 
778 108 14 16 0.027564375 
192 184 19 23 0.027479304 
550 212 14 17 0.027457299 
129 23 8 11 0.027409503 
484 201 15 21 0.02738925 
183 210 13 16 0.027353803 
74 157 14 18 0.027352806 
247 222 13 15 0.027284771 
229 29 10 13 0.027268216 
400 121 12 15 0.02723768 
240 90 13 15 0.027233485 
54 205 12 16 0.027216414 
205 147 12 15 0.027189905 
137 40 9 11 0.027156333 
631 84 12 15 0.027121319 
54 102 10 13 0.02709903 
582 164 14 17 0.027094513 
693 322 13 18 0.027056197 
189 194 14 17 0.02701989 
243 106 12 15 0.026941177 
16 42 11 13 0.026931366 
105 304 11 15 0.026890764 
757 109 10 12 0.026890216 
82 205 17 22 0.026824694 
595 264 15 19 0.026785119 
589 16 21 26 0.02677605 
100 414 11 16 0.026718618 
335 225 15 17 0.026717948 
47 274 12 16 0.026700892 
7 93 11 13 0.026654746 
713 182 15 17 0.02664723 
755 150 13 16 0.026644241 
693 273 13 16 0.02653542 
239 258 12 14 0.02651847 
206 6 11 13 0.026486289 
542 163 14 18 0.026381098 
4 171 15 18 0.02637263 
223 308 22 27 0.02634502 
779 237 14 18 0.026306255 
61 120 13 17 0.02625691 
69 178 13 17 0.026255997 
78 242 14 17 0.026236435 
252 74 12 16 0.026201032 
238 80 10 12 0.026180565 
174 39 9 11 0.026116682 
636 211 14 17 0.026104242 
559 396 13 19 0.026078252 
194 58 11 14 0.026063237 
57 363 14 18 0.026013078 
197 168 12 16 0.025992546 
158 123 11 13 0.025965303 
100 380 13 17 0.02596435 
45 140 10 13 0.025962334 
230 45 12 15 0.025949834 
389 114 12 16 0.025938736 
428 121 11 13 0.025926517 
238 53 10 13 0.025884757 
693 297 14 18 0.025880428 
528 130 12 15 0.02585743 
414 117 9 12 0.025816895 
448 52 12 15 0.02578957 
894 628 75 56 0.025789106 
420 179 11 15 0.025766663 
478 157 12 15 0.025765574 
818 92 13 16 0.025756035 
192 101 10 12 0.025734244 
566 206 13 15 0.025722817 
155 115 12 15 0.02572146 
110 59 13 14 0.025694368 
305 155 15 18 0.025677398 
726 76 9 13 0.025647787 
784 393 37 43 0.02561837 
680 164 10 13 0.025617585 
734 144 19 24 0.02561169 
631 382 14 18 0.025580896 
534 149 10 12 0.025492424 
208 39 9 11 0.025261156 
60 238 11 15 0.0252245 
554 256 16 19 0.025173448 
720 282 12 16 0.025171423 
197 212 14 16 0.025155343 
777 28 11 13 0.025138149 
101 73 18 22 0.025135277 
784 222 11 13 0.025099996 
234 284 16 19 0.025059612 
88 329 11 15 0.025059545 
668 543 11 14 0.025057383 
493 77 10 12 0.025046831 
639 176 13 16 0.024971722 
660 315 15 19 0.02491928 
200 49 10 13 0.024916248 
125 116 11 14 0.024883427 
413 166 12 16 0.024858551 
71 60 10 12 0.024858061 
799 281 12 14 0.024843108 
831 238 9 12 0.024826422 
706 235 13 16 0.02481776 
655 195 11 15 0.02470588 
38 169 12 16 0.024664124 
614 235 11 15 0.024593003 
735 107 19 23 0.024573201 
600 188 12 16 0.024554601 
202 53 10 12 0.024552763 
142 437 28 33 0.024552124 
181 46 12 14 0.024521258 
97 348 10 14 0.024515629 
636 406 21 28 0.024447573 
201 400 27 34 0.02444462 
493 109 13 16 0.024355914 
788 345 15 19 0.024316315 
615 160 10 12 0.024191305 
142 70 10 13 0.024141625 
111 338 12 17 0.024130322 
221 242 13 17 0.024087539 
63 333 13 17 0.02406495 
61 385 12 17 0.024035908 
677 181 14 17 0.024001008 
685 224 18 22 0.023959335 
253 246 10 11 0.023939684 
168 29 9 11 0.02390824 
758 323 11 15 0.023903817 
234 272 23 28 0.023852274 
273 222 9 12 0.023810027 
6 294 15 19 0.02380551 
191 19 90 125 0.023767322 
759 139 11 15 0.023746854 
298 208 14 17 0.023740634 
230 147 23 26 0.02372394 
624 57 23 26 0.023687435 
644 97 13 15 0.023679879 
124 235 12 18 0.023616804 
0 299 10 14 0.023605252 
175 141 10 13 0.023579651 
521 54 11 13 0.023579296 
41 90 17 21 0.023519766 
621 43 24 28 0.023499787 
0 443 7 12 0.02335629 
10 236 13 16 0.023352526 
204 256 18 23 0.023284368 
10 162 13 16 0.023282763 
510 171 17 21 0.023083972 
164 116 12 15 0.02307672 
574 167 12 16 0.023050403 
196 68 11 15 0.023040697 
216 243 12 17 0.022952499 
550 235 14 17 0.02295228 
80 12 10 13 0.022923904 
680 171 11 15 0.022904476 
30 273 23 29 0.02285495 
127 326 10 13 0.022853246 
46 262 20 27 0.022837704 
112 142 11 13 0.022823928 
545 132 10 13 0.02280745 
19 363 14 17 0.022748234 
514 55 102 119 0.022712972 
149 155 19 24 0.022707073 
360 449 23 29 0.022672037 
223 87 10 12 0.022662213 
838 241 12 16 0.022558574 
128 268 10 13 0.022523394 
21 332 11 16 0.0224552 
215 30 10 11 0.022429308 
226 274 14 16 0.022407752 
359 124 11 14 0.022403127 
21 379 13 18 0.022387067 
384 117 11 15 0.022300443 
0 181 13 19 0.022237888 
703 193 14 17 0.022224598 
529 63 16 19 0.022222595 
599 69 10 13 0.022221636 
174 302 10 13 0.022123432 
528 150 10 12 0.02212094 
54 636 12 13 0.022097362 
203 12 14 17 0.022070548 
133 63 10 12 0.022068148 
134 357 11 15 0.022053199 
389 557 12 17 0.022044022 
149 220 12 16 0.02204251 
144 340 12 14 0.022008799 
664 548 12 14 0.021994825 
129 28 8 11 0.02197757 
0 233 11 16 0.021965826 
57 117 10 14 0.021925144 
137 233 13 18 0.02187934 
784 148 10 12 0.021859128 
521 171 13 18 0.021851772 
611 188 13 17 0.021834811 
36 125 11 13 0.021812338 
756 85 11 14 0.021800905 
58 39 12 14 0.02179808 
278 221 12 13 0.021744676 
759 318 11 13 0.021733332 
136 447 27 31 0.02171133 
455 117 10 12 0.021681953 
594 164 14 17 0.021667296 
444 127 11 13 0.021666104 
115 122 12 15 0.021626998 
738 302 14 17 0.021602398 
17 61 12 14 0.021584176 
165 132 11 13 0.021551365 
45 377 12 19 0.021499187 
421 120 20 24 0.021496683 
733 218 13 17 0.021430898 
626 187 13 16 0.02140446 
180 220 13 16 0.021378811 
0 203 8 14 0.021352734 
210 211 12 17 0.021274053 
814 778 14 16 0.021250546 
116 260 11 15 0.021219397 
92 194 14 17 0.021216184 
231 209 13 18 0.021158412 
829 80 89 123 0.021155326 
829 785 31 30 0.021100761 
475 85 12 15 0.021099184 
676 265 13 16 0.021073546 
277 227 15 19 0.021054147 
53 82 11 13 0.021037595 
925 632 15 18 0.021029226 
162 320 21 25 0.021026386 
117 58 11 14 0.021021217 
175 44 9 12 0.020968098 
661 266 14 16 0.020889746 
204 181 12 15 0.020871948 
133 30 9 11 0.020827133 
573 120 9 12 0.020822123 
142 75 11 13 0.020816686 
1 15 9 13 0.02080321 
623 138 20 24 0.020779705 
81 98 11 15 0.020765942 
35 48 14 17 0.020703696 
262 83 11 14 0.020670386 
197 288 18 25 0.020651164 
52 10 13 15 0.02062966 
677 384 17 22 0.020623585 
748 204 14 16 0.020618558 
86 447 10 14 0.020615341 
592 50 12 15 0.020614909 
0 254 11 16 0.020603858 
60 155 13 16 0.020596577 
469 82 14 17 0.02058848 
142 122 11 14 0.020557944 
637 315 13 18 0.0205486 
662 135 11 13 0.020527309 
843 224 23 31 0.020517554 
393 159 23 25 0.020502592 
223 52 10 12 0.020474095 
578 253 16 19 0.020463573 
197 315 13 16 0.020408504 
575 42 12 15 0.020357084 
165 140 12 15 0.020334767 
414 175 13 18 0.020334385 
0 267 11 16 0.02033061 
126 261 11 15 0.020328445 
206 119 11 13 0.020316785 
385 139 13 17 0.020315435 
575 131 11 14 0.020300511 
679 287 20 26 0.020300131 
112 166 19 23 0.02028555 
55 236 11 15 0.020240426 
755 211 21 24 0.020233171 
616 405 20 25 0.020231958 
681 102 10 12 0.020230291 
488 76 10 12 0.020198852 
647 244 13 17 0.0201841 
149 105 18 22 0.02018341 
565 256 15 19 0.020180363 
278 126 13 17 0.020162493 
798 229 10 13 0.020142255 
273 171 13 17 0.020126184 
789 51 14 17 0.020099044 
766 78 11 12 0.020099023 
641 372 14 17 0.020058747 
102 223 12 15 0.020015158 
740 231 13 17 0.020005718 
