35_Basketball_basketballgame_ball_35_216
687
370 169 19 23 0.7519618 
483 210 14 19 0.7399916 
45 448 9 11 0.40760523 
119 432 7 11 0.3611591 
709 407 7 10 0.3483281 
294 394 10 13 0.3440566 
640 422 7 8 0.31330195 
103 393 7 10 0.31014934 
2 365 7 11 0.23452869 
553 486 8 10 0.22651817 
1013 431 8 12 0.1888798 
94 376 7 9 0.18466869 
229 416 8 9 0.18440452 
984 415 7 8 0.1839141 
67 415 7 9 0.18309608 
786 480 7 10 0.18248768 
1010 436 8 11 0.16609736 
7 360 7 9 0.16355349 
73 375 7 9 0.15095417 
97 413 7 10 0.14028472 
47 383 6 8 0.13713445 
46 408 7 9 0.1328331 
375 430 8 11 0.12841204 
29 352 8 10 0.12679629 
65 407 7 10 0.1258885 
120 391 7 8 0.12580632 
215 441 6 9 0.12084219 
143 398 6 9 0.11726369 
718 488 9 10 0.11599498 
24 398 7 8 0.11312809 
341 355 11 13 0.11278109 
637 492 8 11 0.10936732 
31 382 7 9 0.108938105 
663 415 8 11 0.10555634 
6 364 7 11 0.10410452 
789 478 8 11 0.10339657 
984 422 7 8 0.098928556 
83 358 7 9 0.09516039 
49 337 6 8 0.09477576 
38 329 7 9 0.09396612 
193 416 7 9 0.09213611 
87 433 6 9 0.09212749 
240 391 7 9 0.09135126 
984 381 7 10 0.09072232 
231 374 7 9 0.09014435 
113 409 7 9 0.089665726 
1002 408 7 10 0.08775992 
58 400 7 9 0.08659069 
169 446 8 10 0.08520973 
319 455 6 9 0.0851055 
46 358 7 10 0.083399154 
887 342 8 10 0.083088994 
694 426 7 9 0.08218884 
69 351 8 10 0.08217094 
536 408 6 9 0.08213667 
129 437 8 9 0.08069552 
681 495 7 9 0.08033476 
1009 385 9 11 0.07865136 
355 407 6 8 0.078268155 
103 415 8 11 0.077792436 
415 464 6 8 0.07722764 
64 369 6 9 0.077134445 
878 385 7 8 0.07501766 
211 440 7 9 0.07421792 
42 359 7 9 0.07375273 
919 399 8 11 0.07313132 
193 422 7 8 0.07311344 
248 343 8 10 0.07306598 
55 336 7 9 0.07244683 
242 440 6 8 0.07081104 
864 480 7 9 0.07079776 
944 397 8 9 0.07074649 
10 391 7 9 0.07071824 
42 390 8 10 0.070171915 
557 484 8 10 0.07006495 
177 423 6 9 0.06971408 
14 303 8 10 0.06967985 
889 361 8 10 0.06884749 
82 432 7 8 0.06796121 
96 409 7 10 0.067462154 
867 414 7 9 0.06721751 
198 414 7 9 0.067130215 
488 -91 503 552 0.06581262 
175 383 8 10 0.065419875 
297 318 10 10 0.06534263 
66 420 7 9 0.06525366 
24 423 7 9 0.06497694 
43 383 6 8 0.06486358 
829 416 8 11 0.064008415 
968 415 7 9 0.06370879 
103 352 7 9 0.063444115 
546 487 9 11 0.06336714 
593 479 8 10 0.06331381 
863 485 8 10 0.063115455 
199 431 7 9 0.062268477 
9 337 7 10 0.06219854 
88 437 6 9 0.06193818 
634 490 8 10 0.060355093 
87 353 6 8 0.060283985 
23 263 7 9 0.06018817 
120 325 9 10 0.0596117 
552 505 10 11 0.05955634 
877 390 8 10 0.05949801 
33 287 6 8 0.05917882 
645 421 7 9 0.05912587 
65 373 6 9 0.059024718 
558 425 7 9 0.058729284 
974 400 7 10 0.058486044 
966 367 8 11 0.057977863 
23 415 8 11 0.05788232 
394 455 7 8 0.057568025 
25 393 7 10 0.057099335 
912 423 7 9 0.056433786 
550 462 8 10 0.056169257 
376 424 8 10 0.054545276 
157 431 8 10 0.05449402 
722 360 7 10 0.05389599 
71 422 6 9 0.05348617 
40 377 8 9 0.05334688 
1015 423 8 12 0.053235594 
99 391 8 10 0.05286194 
462 124 23 30 0.05280708 
136 448 8 10 0.05254878 
39 302 6 8 0.052475777 
35 328 6 9 0.05236344 
591 501 8 10 0.052346803 
663 420 8 10 0.05164068 
568 480 8 9 0.051453024 
1005 413 8 10 0.051139694 
79 376 7 9 0.05082266 
151 352 8 9 0.05057521 
114 343 7 9 0.0504545 
98 310 7 10 0.05013485 
97 352 7 8 0.049991474 
375 163 25 34 0.049854882 
1009 502 8 10 0.04979941 
216 376 7 9 0.049399737 
158 421 7 10 0.049296185 
70 408 7 9 0.048732642 
1001 326 8 10 0.04815128 
664 408 8 9 0.047625817 
854 382 7 10 0.047488384 
255 400 8 9 0.047472898 
240 367 8 9 0.047394127 
48 272 7 9 0.04686488 
32 377 6 9 0.046617858 
313 -64 388 506 0.046260312 
139 399 6 8 0.046226006 
410 465 7 8 0.045948938 
115 432 8 10 0.04588666 
118 343 6 8 0.045271028 
41 414 7 8 0.044847354 
814 479 7 10 0.044825744 
943 376 7 9 0.044789728 
442 471 6 8 0.04470022 
98 464 8 10 0.044612657 
854 375 7 9 0.04454996 
577 487 8 11 0.044472996 
560 447 8 10 0.044315703 
809 471 7 9 0.044247422 
9 385 8 10 0.044140305 
535 477 8 10 0.044054653 
358 406 7 9 0.043751676 
98 447 8 10 0.043266732 
134 432 7 9 0.043238387 
185 438 7 9 0.043166164 
968 422 7 9 0.04304169 
689 478 8 9 0.043014728 
678 438 8 10 0.042858914 
39 297 7 8 0.042688046 
574 400 9 10 0.042536538 
426 471 6 8 0.042513903 
543 478 8 11 0.042348623 
894 470 8 9 0.041790638 
278 415 8 10 0.041568995 
153 382 8 10 0.041560683 
471 472 8 10 0.041429896 
1000 421 9 10 0.041318495 
632 408 6 9 0.04131617 
39 334 8 10 0.041264724 
193 400 7 9 0.041096006 
799 438 7 9 0.041060414 
695 478 6 8 0.04102699 
200 352 7 9 0.040959485 
962 464 6 8 0.040954415 
1002 414 7 9 0.040940836 
934 480 7 9 0.040935013 
176 416 6 8 0.040858176 
106 421 7 9 0.040824383 
61 400 8 9 0.040694963 
143 358 7 9 0.04060743 
344 392 8 11 0.040515907 
529 487 8 11 0.040501416 
825 440 6 8 0.04046018 
885 479 8 11 0.040443122 
79 409 8 9 0.040414426 
641 399 7 8 0.04039338 
247 440 6 9 0.040363945 
158 416 7 10 0.04030749 
49 341 7 10 0.040168073 
122 456 7 10 0.040118527 
1015 443 8 12 0.040080108 
602 351 9 10 0.04004725 
369 415 8 10 0.04003636 
79 414 7 9 0.040022746 
392 448 7 10 0.03984517 
952 359 7 9 0.039778642 
240 385 7 9 0.03964108 
121 464 7 8 0.039617497 
570 398 8 10 0.039613597 
590 439 7 9 0.039546095 
120 385 7 9 0.03951035 
32 302 8 9 0.03932869 
14 384 7 10 0.039259866 
55 342 7 9 0.039045177 
176 344 7 9 0.03900069 
1008 319 8 10 0.03898591 
714 391 7 9 0.038967513 
478 127 13 21 0.038940113 
765 471 8 10 0.03885844 
814 455 7 10 0.03874962 
168 441 7 9 0.03873019 
14 336 7 9 0.038688354 
954 383 7 9 0.038472366 
166 329 7 9 0.038379073 
230 352 9 10 0.0381823 
73 336 7 8 0.0380707 
24 367 6 8 0.03806058 
905 480 7 9 0.037907183 
422 456 7 8 0.037880205 
486 477 8 11 0.037724335 
263 360 8 9 0.037701588 
631 374 8 9 0.03764495 
241 398 7 9 0.03760078 
127 454 8 10 0.037592415 
670 479 7 10 0.03751672 
478 495 7 8 0.03750138 
40 342 7 9 0.037486263 
767 486 7 9 0.03738926 
347 455 6 9 0.037376177 
778 480 7 9 0.03725339 
207 392 7 9 0.037237573 
398 455 8 9 0.037231907 
928 430 8 10 0.037215263 
177 429 6 9 0.037120078 
663 495 7 9 0.03693328 
944 495 7 9 0.036888137 
798 433 7 9 0.036737498 
582 471 7 10 0.03662919 
65 328 7 8 0.03654899 
82 353 8 9 0.036534388 
90 375 7 9 0.036453262 
1008 497 8 11 0.03644556 
352 455 7 9 0.036406767 
830 455 7 10 0.03636787 
930 480 7 9 0.0362912 
312 371 9 12 0.03626421 
154 422 8 10 0.036199726 
95 433 8 9 0.036052812 
911 480 6 8 0.035923194 
585 445 8 10 0.03585481 
116 437 7 10 0.035732046 
130 416 6 8 0.03564841 
446 381 9 11 0.03564621 
961 479 7 10 0.035447534 
937 375 7 9 0.03544477 
102 305 8 9 0.035429757 
285 311 8 9 0.03538508 
441 496 7 8 0.03536248 
731 510 7 10 0.035311226 
936 382 8 10 0.035307873 
209 376 6 9 0.035170645 
936 449 7 10 0.03503569 
142 448 7 9 0.0350336 
48 353 6 8 0.03496728 
398 463 7 8 0.03485574 
785 367 7 9 0.034820717 
610 494 8 11 0.034799546 
658 497 6 9 0.034759484 
15 270 7 9 0.03455848 
905 406 6 9 0.034490597 
294 430 11 13 0.03439394 
26 357 8 10 0.0342328 
32 343 7 9 0.034216225 
870 409 8 10 0.03414185 
41 396 8 10 0.03406361 
210 456 7 9 0.03404301 
614 399 7 9 0.03402629 
26 382 9 10 0.033968855 
102 439 7 9 0.033959173 
370 438 8 10 0.033954266 
842 446 8 10 0.03389679 
498 84 33 34 0.033836868 
343 472 7 8 0.033757918 
911 417 7 8 0.033756044 
159 389 7 9 0.0335665 
703 496 7 8 0.033537842 
177 454 7 9 0.033316303 
246 366 7 9 0.033275615 
863 438 8 10 0.03326546 
841 432 7 9 0.03320468 
623 504 9 10 0.033055514 
98 455 7 10 0.032994967 
337 350 11 14 0.032965053 
374 408 8 10 0.03280797 
373 414 9 10 0.03280689 
855 408 7 9 0.03274617 
554 423 8 10 0.032678146 
15 398 8 9 0.03263557 
865 409 8 10 0.032509807 
689 472 7 11 0.032493427 
386 447 7 9 0.032415424 
598 477 9 12 0.032414656 
1 336 7 10 0.032368306 
551 491 8 10 0.032326322 
517 165 16 19 0.032215785 
529 479 8 10 0.032146104 
997 455 9 10 0.032137353 
783 439 8 10 0.032074273 
143 326 8 10 0.03206128 
1005 408 8 10 0.032012325 
102 446 7 9 0.03189535 
871 438 7 10 0.03184252 
143 394 8 9 0.03178566 
360 456 7 9 0.03178169 
766 477 7 10 0.03175297 
225 392 6 9 0.031752236 
232 369 8 9 0.03172324 
559 408 7 8 0.031668283 
577 470 8 10 0.031658083 
158 384 7 10 0.03156606 
686 365 8 10 0.03154294 
747 439 7 9 0.031459067 
575 374 8 10 0.031441752 
895 383 7 10 0.031400204 
184 433 7 8 0.031259757 
198 409 8 9 0.031237725 
551 405 7 9 0.031111645 
97 358 7 9 0.030909503 
978 486 7 10 0.030781765 
175 389 8 10 0.03075526 
744 384 7 9 0.030673236 
17 423 7 9 0.030569317 
432 471 6 8 0.030513056 
368 463 6 8 0.030510558 
585 440 8 10 0.03040704 
374 436 8 10 0.030345628 
278 367 8 10 0.030316884 
696 503 7 9 0.030310884 
606 471 8 10 0.030251468 
575 422 7 9 0.030213412 
80 424 6 8 0.030209 
249 348 9 11 0.030171918 
64 335 7 8 0.030115515 
405 449 8 9 0.030093348 
1002 321 8 9 0.02999333 
601 471 9 11 0.029953972 
975 357 8 10 0.029946117 
977 471 7 9 0.029939841 
602 421 7 10 0.02988901 
47 377 8 9 0.029832648 
58 304 7 9 0.0296867 
657 502 7 10 0.029674057 
279 390 8 10 0.029634537 
839 486 7 9 0.029433796 
1014 501 7 11 0.029395647 
39 280 7 9 0.029340489 
193 408 7 9 0.029326169 
665 472 7 9 0.029285107 
336 417 7 9 0.029270986 
261 302 9 11 0.029214555 
485 452 8 11 0.029182408 
55 423 8 10 0.029089516 
645 416 8 11 0.029080212 
73 431 7 9 0.029049587 
223 457 6 8 0.029037567 
649 406 7 9 0.028909296 
54 382 8 9 0.028854273 
96 381 7 9 0.028820679 
870 335 7 9 0.02870033 
811 477 7 10 0.02861515 
38 311 8 10 0.02858975 
719 390 7 9 0.028586427 
974 405 8 10 0.028431788 
570 462 8 11 0.02841063 
25 375 8 9 0.028391091 
152 464 7 9 0.028287638 
34 334 7 9 0.028240163 
753 494 7 9 0.028218215 
41 365 9 10 0.028209914 
45 398 8 9 0.028192388 
863 432 8 10 0.028085167 
216 456 7 9 0.02802129 
880 358 7 10 0.028000357 
130 449 7 9 0.0279966 
367 390 7 9 0.02798107 
384 397 8 10 0.02785687 
576 480 8 9 0.027785884 
958 383 8 10 0.027736867 
982 478 9 11 0.027696908 
1 406 7 9 0.027687313 
601 416 8 10 0.027642304 
833 512 9 11 0.027609928 
281 359 7 8 0.027574154 
813 461 8 10 0.02754661 
50 318 8 10 0.02750006 
197 514 10 13 0.027474679 
984 409 7 10 0.027467977 
615 463 7 9 0.0274644 
400 449 8 9 0.027393699 
348 357 9 11 0.027359048 
447 470 6 9 0.027320141 
56 310 7 9 0.027285859 
601 464 7 9 0.027272599 
623 424 6 9 0.027266724 
272 352 8 9 0.027247006 
632 414 7 9 0.027237024 
486 448 9 11 0.0272157 
247 360 8 9 0.027160713 
254 350 8 9 0.027156718 
303 376 8 10 0.027096128 
881 513 8 10 0.027060438 
249 416 6 8 0.0270385 
1015 407 7 10 0.027004633 
998 448 9 10 0.026999164 
24 296 7 9 0.026960948 
574 455 7 9 0.026874918 
880 352 6 9 0.026861167 
82 438 7 8 0.026849324 
643 94 35 39 0.026846621 
232 391 7 8 0.026837735 
871 464 7 9 0.026820138 
90 415 7 9 0.02681425 
550 399 9 11 0.026807884 
101 455 8 11 0.026718302 
479 467 9 12 0.026683178 
723 422 7 9 0.026676293 
479 447 9 11 0.02666251 
959 335 8 9 0.026611382 
154 407 7 9 0.026606115 
698 496 6 9 0.02660081 
682 389 7 10 0.026447142 
409 469 7 8 0.026423873 
24 281 6 8 0.026402306 
73 381 7 9 0.026356675 
879 397 7 10 0.026311155 
870 478 8 10 0.026297478 
441 465 6 8 0.02629036 
670 400 7 9 0.0262876 
626 416 7 9 0.026255984 
557 508 9 12 0.0261956 
151 375 8 10 0.026194938 
111 392 8 9 0.026135232 
720 384 7 9 0.026116233 
168 366 8 9 0.026112523 
918 471 8 10 0.026086817 
79 381 7 9 0.026043285 
681 367 8 10 0.026014442 
78 335 7 9 0.025972774 
502 189 16 24 0.025935182 
152 470 7 9 0.025885608 
909 319 9 11 0.02588079 
144 352 7 10 0.02577247 
752 489 7 8 0.025737585 
1 340 8 11 0.025727874 
576 492 9 11 0.025724059 
863 513 8 10 0.025721753 
866 334 7 9 0.025719073 
671 485 7 10 0.025555694 
192 431 7 9 0.025521498 
465 480 7 9 0.02550034 
695 375 9 11 0.025462812 
65 446 7 10 0.025434563 
33 281 7 9 0.02539833 
576 448 7 9 0.025360305 
727 359 7 9 0.025349703 
904 400 7 9 0.025330678 
686 495 7 9 0.025286827 
889 408 7 10 0.025285227 
569 423 7 10 0.025217611 
321 278 17 20 0.025211738 
110 456 8 10 0.025144111 
117 414 8 9 0.02512873 
58 406 7 9 0.025115184 
344 431 6 9 0.02500647 
866 328 7 10 0.024975318 
14 320 8 10 0.024928255 
352 431 7 9 0.024928184 
266 415 6 9 0.024916817 
470 476 8 10 0.024749095 
460 373 11 12 0.024730226 
969 407 7 9 0.02469508 
194 470 8 10 0.024694014 
169 376 7 9 0.024672141 
545 400 7 9 0.024652796 
473 488 8 10 0.02455878 
647 400 7 8 0.024518115 
39 441 9 10 0.024510384 
858 487 8 10 0.024497902 
690 430 9 11 0.024495175 
793 432 8 9 0.024435319 
974 352 9 11 0.024381286 
976 416 7 9 0.024374131 
858 438 7 9 0.024333904 
789 484 8 10 0.024294507 
263 335 8 9 0.024290795 
581 487 8 9 0.024267621 
249 399 7 10 0.0242532 
474 493 8 10 0.0241418 
385 470 7 9 0.024127139 
1000 392 7 9 0.024125196 
872 471 7 9 0.024075497 
385 439 7 9 0.024066223 
306 407 8 10 0.024048798 
384 392 8 10 0.02402327 
869 485 9 11 0.0240216 
232 383 7 9 0.024009151 
272 335 8 10 0.02398128 
839 464 8 10 0.023939757 
682 20 415 522 0.023913302 
215 352 7 8 0.023881245 
110 422 8 9 0.023824412 
102 384 7 9 0.023820508 
453 500 8 12 0.02380795 
944 454 7 8 0.023783125 
484 199 21 28 0.02371662 
103 433 7 9 0.02371459 
137 393 7 9 0.023611031 
31 391 7 10 0.023585597 
810 462 8 10 0.023559365 
33 296 7 9 0.023555556 
832 497 7 8 0.023529094 
721 377 7 9 0.02347094 
970 400 8 9 0.02345737 
916 454 10 12 0.023437696 
545 456 8 11 0.023315094 
666 488 7 9 0.023278097 
857 432 8 10 0.023135774 
741 463 9 11 0.023123685 
966 479 7 10 0.02311493 
272 375 7 9 0.02309956 
590 431 9 10 0.023039052 
183 463 8 9 0.022999855 
1008 425 17 24 0.022948122 
737 464 8 10 0.0228692 
896 409 7 9 0.022764964 
902 441 7 9 0.022704696 
534 487 8 11 0.0226876 
115 426 18 23 0.02264915 
815 484 8 10 0.022619931 
906 423 7 9 0.022567512 
58 368 7 9 0.022537924 
969 328 7 10 0.022493973 
606 422 8 10 0.022474319 
176 349 7 9 0.022447906 
978 383 7 10 0.022436013 
991 416 7 8 0.022427488 
993 335 8 10 0.022425553 
934 464 7 9 0.022424141 
741 502 7 9 0.022423841 
903 485 8 9 0.02238782 
56 375 7 9 0.02237229 
383 361 8 10 0.022361008 
352 111 22 29 0.02236036 
694 473 7 9 0.022246178 
871 432 8 10 0.022241144 
910 344 7 8 0.022179015 
373 171 39 51 0.022173075 
585 431 8 9 0.02216537 
353 382 8 10 0.022149365 
762 439 7 9 0.022124603 
224 383 6 9 0.02209826 
11 309 8 10 0.022035727 
553 389 8 10 0.022007456 
255 328 8 10 0.021993626 
859 479 7 9 0.02199051 
263 399 7 9 0.02198635 
481 478 9 11 0.021975838 
873 398 8 9 0.021967934 
225 368 7 9 0.021962916 
977 318 7 9 0.021944303 
158 408 7 9 0.021943765 
233 470 8 10 0.021905968 
791 472 6 8 0.021886768 
112 414 8 10 0.02185013 
890 389 8 10 0.021831276 
122 367 7 9 0.021797983 
913 302 7 9 0.021740578 
543 406 7 9 0.021728395 
464 485 7 10 0.021727338 
810 448 6 8 0.021642838 
600 512 9 12 0.021624299 
48 294 8 9 0.021618601 
735 369 6 9 0.021615846 
173 449 8 9 0.021606939 
425 372 8 11 0.021602286 
241 360 7 9 0.02159061 
890 496 8 10 0.02158512 
225 397 8 10 0.021573283 
272 312 8 10 0.02151468 
738 503 7 9 0.021514568 
616 489 7 9 0.021508558 
367 152 27 34 0.021475887 
917 448 9 11 0.021461982 
919 479 7 9 0.02143368 
930 374 7 9 0.021424295 
891 471 7 10 0.021403354 
55 351 7 9 0.021385746 
535 392 7 10 0.021385178 
589 446 8 10 0.021356832 
881 483 8 11 0.02131629 
623 431 7 9 0.021299345 
63 303 8 10 0.021294208 
946 489 7 9 0.021291481 
687 384 8 9 0.021265605 
193 392 7 8 0.021264939 
353 424 7 9 0.021235755 
842 438 8 11 0.021224884 
105 358 6 9 0.021213826 
125 463 8 10 0.021181786 
888 337 8 9 0.021171061 
279 352 8 9 0.021159502 
393 463 6 8 0.021119239 
247 336 8 9 0.02111502 
857 494 8 10 0.02111021 
374 374 9 10 0.021096896 
635 422 7 9 0.021063033 
569 367 8 10 0.021030532 
671 510 7 9 0.021025792 
178 499 9 11 0.020989712 
881 336 6 9 0.02098876 
105 365 7 9 0.020988142 
281 383 8 10 0.020986049 
680 488 8 9 0.020984871 
590 510 9 12 0.020974342 
679 374 7 9 0.02097307 
441 478 9 10 0.020921318 
585 391 8 10 0.020919219 
288 487 8 11 0.020917676 
370 373 8 10 0.020917555 
569 456 8 9 0.02091214 
785 473 7 8 0.020907808 
385 465 7 9 0.020893956 
16 375 7 9 0.020870283 
392 414 7 9 0.020843098 
826 454 8 11 0.020816091 
609 489 7 10 0.020806525 
584 423 7 10 0.020797575 
217 381 7 9 0.020788068 
826 496 7 9 0.02076657 
49 424 8 10 0.02076496 
9 397 8 10 0.020756604 
297 486 8 11 0.020743633 
454 496 8 11 0.020732021 
855 414 7 9 0.020726437 
777 438 8 10 0.020708041 
87 367 7 9 0.020661542 
583 479 7 10 0.020648168 
273 368 7 10 0.020642951 
703 502 7 9 0.020621544 
340 343 12 14 0.020607064 
263 366 8 9 0.02056535 
153 437 8 9 0.020565128 
902 350 8 11 0.020564953 
1002 375 7 9 0.020550855 
666 477 8 11 0.020543167 
249 422 6 8 0.020507323 
519 486 8 10 0.020497628 
735 510 7 11 0.020475693 
515 471 7 9 0.020408802 
255 405 7 10 0.02037792 
613 492 9 11 0.020371241 
248 327 7 9 0.020348908 
886 447 7 9 0.020331468 
16 367 7 8 0.020330055 
57 256 8 10 0.020327784 
894 388 8 11 0.020295534 
497 495 7 9 0.02025225 
802 359 8 10 0.020210767 
225 340 7 9 0.020170506 
960 421 8 10 0.020146608 
49 289 7 9 0.020139296 
928 406 7 9 0.020100968 
343 416 8 10 0.020093005 
912 496 7 9 0.020083107 
138 359 7 9 0.020065613 
898 376 7 8 0.020017978 
