35_Basketball_playingbasketball_35_251
24
431 113 100 151 0.9979963 
168 932 23 29 0.16609968 
264 1199 24 31 0.0890173 
-26 -130 434 448 0.07622271 
274 939 18 20 0.058949914 
163 878 16 17 0.04541503 
-45 176 439 516 0.037219107 
114 878 13 15 0.031042496 
105 918 17 22 0.02854197 
127 281 25 27 0.026994875 
93 884 10 12 0.026394885 
446 597 9 10 0.026092313 
455 611 16 20 0.023822172 
363 276 30 35 0.02332349 
980 1060 11 15 0.022552593 
855 604 10 12 0.022436595 
775 1049 8 9 0.022146001 
807 1064 10 12 0.02123392 
857 19 17 20 0.02120207 
58 895 16 17 0.020983117 
27 933 16 20 0.020408425 
161 909 16 18 0.020312129 
913 0 27 28 0.020269137 
133 879 14 15 0.020060217 
