35_Basketball_playingbasketball_35_449
40
340 157 97 123 0.9998276 
723 265 56 103 0.9012331 
197 479 110 160 0.16017267 
784 981 25 29 0.11159095 
619 1270 27 31 0.07933675 
3 1310 18 21 0.055829935 
489 1328 19 22 0.0516695 
358 949 378 502 0.04008345 
754 1316 16 17 0.036681157 
546 1300 16 18 0.035697676 
981 1312 9 11 0.03499309 
524 -1 20 19 0.034904182 
782 299 91 118 0.032334704 
741 285 91 118 0.031754564 
92 1308 16 18 0.03095959 
531 1323 14 15 0.029926443 
200 1102 29 34 0.028877715 
453 1301 12 14 0.028668448 
557 1300 16 19 0.027998986 
741 1305 17 17 0.027898582 
811 1301 12 14 0.027539505 
541 1325 12 15 0.026142376 
574 1319 12 15 0.025015825 
981 1317 10 12 0.024833636 
498 1301 16 17 0.024708202 
964 1304 12 14 0.024333812 
122 188 27 27 0.023905352 
770 1298 15 17 0.023836706 
992 1300 9 11 0.023542916 
435 1219 215 202 0.02338231 
630 1278 27 31 0.022764502 
919 1304 9 10 0.0221199 
212 844 28 31 0.021852389 
644 1290 14 17 0.021770963 
542 1331 14 16 0.020958813 
1006 1308 11 12 0.020818692 
654 1299 14 17 0.020666342 
747 1301 15 17 0.020361582 
747 1308 17 19 0.020281827 
281 179 99 127 0.020054735 
