35_Basketball_basketballgame_ball_35_391
45
208 56 81 111 0.998623 
701 88 85 116 0.9984816 
537 78 83 109 0.9982101 
372 98 77 106 0.9952254 
900 593 45 52 0.2235693 
987 125 28 36 0.20159975 
477 342 54 60 0.13921846 
757 38 13 17 0.08222496 
479 66 17 21 0.076648004 
988 248 23 33 0.066421025 
873 163 17 20 0.060184374 
996 89 14 17 0.056480173 
514 60 13 17 0.054926597 
988 638 12 17 0.054390557 
870 605 44 54 0.047874678 
863 614 26 41 0.046596605 
23 209 34 40 0.045659993 
935 137 45 57 0.04409347 
129 157 38 48 0.044080455 
973 246 31 38 0.04312756 
0 394 12 22 0.039246757 
953 230 40 60 0.037699766 
557 366 69 83 0.03763382 
253 445 63 67 0.037114713 
1005 90 15 19 0.033187248 
938 158 27 38 0.03308125 
976 631 23 30 0.031090345 
148 48 17 22 0.03025998 
151 98 29 38 0.029681472 
60 241 16 21 0.028733067 
123 174 24 36 0.027093166 
294 100 11 16 0.026866661 
413 351 60 72 0.02618249 
281 527 147 212 0.02598941 
1001 133 18 25 0.0258237 
455 142 10 15 0.025638014 
985 174 17 23 0.024117498 
397 68 29 35 0.022827927 
956 129 17 22 0.021577872 
93 134 12 15 0.021567032 
1001 254 22 35 0.021268006 
17 377 15 19 0.021077376 
1011 96 13 18 0.021019097 
589 49 15 17 0.020788517 
941 175 17 21 0.020065917 
