35_Basketball_Basketball_35_801
23
642 276 15 21 0.86247784 
922 252 16 21 0.32889023 
515 214 32 34 0.18447366 
509 311 47 60 0.11636839 
909 247 46 57 0.0816052 
563 325 54 60 0.07901627 
603 354 17 22 0.07786872 
840 496 206 204 0.07025873 
889 231 11 15 0.05144184 
309 94 9 10 0.04919494 
1012 323 10 16 0.039633267 
325 99 10 14 0.038338356 
320 102 10 13 0.031711888 
635 276 26 34 0.030335344 
592 344 29 34 0.029636351 
321 96 8 11 0.026650699 
519 321 13 18 0.026094085 
632 278 43 55 0.02364062 
312 104 10 12 0.023002889 
914 255 26 32 0.021988414 
148 195 42 47 0.021940771 
593 375 16 20 0.020773174 
920 238 67 77 0.020677641 
