35_Basketball_basketballgame_ball_35_681
44
457 32 89 118 0.9993326 
925 500 22 29 0.6563805 
962 449 18 21 0.23766916 
721 546 18 23 0.15773752 
938 463 16 20 0.15485558 
252 274 31 42 0.13701648 
213 252 24 29 0.11915699 
115 218 29 37 0.10044462 
240 315 33 40 0.09714004 
288 410 18 21 0.082369946 
1009 465 16 25 0.081193924 
994 508 18 24 0.065619 
135 379 25 28 0.05049176 
273 353 28 32 0.046605546 
170 421 24 29 0.04529255 
950 447 40 51 0.04394399 
897 450 16 20 0.0424947 
480 -38 433 513 0.04213494 
-14 87 405 441 0.036896605 
123 170 375 432 0.03664623 
601 356 29 35 0.036542296 
84 373 18 22 0.035225198 
127 286 28 34 0.03408429 
138 393 18 22 0.034064595 
171 409 22 28 0.032406084 
941 455 23 28 0.031154832 
210 392 17 21 0.030774659 
132 398 20 28 0.030462654 
304 277 32 34 0.029885136 
708 416 55 68 0.02947796 
714 409 87 108 0.02927699 
718 368 31 44 0.027763914 
875 602 23 30 0.02719229 
989 498 18 25 0.02652846 
122 302 45 58 0.025021112 
713 529 14 17 0.024523713 
866 126 83 112 0.023779664 
113 362 17 20 0.023071695 
283 392 27 33 0.022139998 
881 146 53 68 0.021471689 
785 422 97 123 0.021172477 
71 270 32 39 0.021113506 
0 577 19 38 0.02068275 
0 373 22 35 0.02008648 
