35_Basketball_playingbasketball_35_876
295
462 103 83 117 0.9987527 
65 103 73 112 0.9789588 
897 462 18 21 0.95837617 
858 487 18 23 0.9491627 
887 513 21 26 0.9440494 
932 416 15 19 0.93771195 
731 525 22 27 0.92866844 
710 501 23 28 0.92754513 
657 503 22 29 0.9242593 
264 530 22 27 0.90611434 
207 528 21 25 0.9007183 
966 345 17 20 0.8972936 
772 500 20 25 0.8840333 
956 506 20 24 0.88363487 
883 403 17 22 0.8650798 
866 449 17 21 0.8319003 
923 490 15 21 0.82682544 
963 449 15 19 0.78703207 
801 505 21 27 0.76681995 
954 401 14 18 0.74981046 
889 322 17 19 0.7138897 
135 465 17 20 0.7069799 
930 452 16 20 0.68887866 
849 424 18 22 0.6829552 
980 520 20 24 0.6549183 
955 316 15 18 0.636216 
334 70 13 17 0.608185 
930 521 17 21 0.60566485 
816 257 13 18 0.59944034 
210 490 17 21 0.5987095 
233 179 12 16 0.59527737 
908 269 13 15 0.5049497 
679 181 12 15 0.5033396 
914 429 16 19 0.4864765 
1003 418 15 18 0.4449913 
991 434 15 17 0.42488673 
663 258 14 17 0.4105135 
244 80 12 17 0.38915482 
158 483 15 21 0.388866 
812 290 14 17 0.38881424 
285 177 12 16 0.3746432 
827 479 15 20 0.34691247 
725 182 11 14 0.33107656 
864 266 13 16 0.3193658 
287 81 13 16 0.2931053 
256 203 13 16 0.29068878 
715 252 14 18 0.28474006 
235 226 14 18 0.28239465 
100 472 20 26 0.28216016 
632 185 15 19 0.25476742 
329 150 11 15 0.24707973 
90 467 16 21 0.24539816 
209 241 15 19 0.2398255 
287 618 15 19 0.21102567 
725 230 12 15 0.19310558 
1000 554 15 20 0.19070312 
996 380 12 17 0.18981871 
945 221 15 19 0.1856145 
844 314 13 17 0.12989938 
813 313 14 18 0.12683189 
739 397 52 56 0.12240916 
627 245 13 17 0.11956787 
280 145 12 14 0.11566877 
849 363 15 18 0.11519659 
999 178 13 17 0.1133618 
285 495 16 20 0.1070528 
946 341 14 19 0.10211704 
886 257 15 18 0.10106958 
732 321 13 16 0.100559674 
822 452 12 15 0.09255334 
189 157 13 15 0.09132987 
270 476 13 16 0.091229066 
981 219 12 16 0.09120382 
278 657 13 15 0.08678646 
683 233 14 16 0.08549856 
781 207 11 14 0.08499946 
260 578 14 18 0.08125972 
139 480 14 19 0.080667265 
982 419 12 15 0.07963782 
837 465 13 16 0.07314892 
1012 506 11 18 0.07092802 
299 203 13 18 0.07063324 
927 289 14 18 0.06527685 
731 611 12 15 0.064307354 
846 340 14 19 0.06239895 
768 184 11 13 0.060091555 
423 12 13 16 0.06002124 
196 547 12 16 0.059054766 
649 241 15 19 0.05522207 
983 465 14 17 0.055072423 
1008 341 12 15 0.05315246 
770 258 14 15 0.050666586 
890 252 15 18 0.05025649 
253 530 12 16 0.050084166 
768 251 13 17 0.04859227 
586 178 14 17 0.048531987 
803 518 17 21 0.0480404 
890 499 16 19 0.047979526 
241 594 15 18 0.047868654 
163 480 13 16 0.04697396 
326 98 14 17 0.04556546 
370 18 17 20 0.045452982 
831 467 12 16 0.045137145 
916 352 13 18 0.044855483 
150 482 14 19 0.044200502 
892 492 15 18 0.044016626 
242 556 17 19 0.043923512 
794 490 14 18 0.043687977 
787 283 13 18 0.043571535 
186 97 27 31 0.043273594 
297 197 13 15 0.042784434 
805 529 15 19 0.042494357 
782 283 13 16 0.042307004 
869 305 15 19 0.042116337 
315 172 13 15 0.04176396 
950 450 12 16 0.04174676 
900 454 14 18 0.041664094 
770 246 12 14 0.0414887 
316 561 13 17 0.041281007 
93 478 16 21 0.040971477 
286 644 12 13 0.040363945 
302 579 15 19 0.0398713 
991 402 11 15 0.039695166 
674 560 18 23 0.03969472 
1005 357 14 16 0.038968317 
970 512 20 25 0.038614944 
774 282 13 16 0.03774669 
198 477 11 13 0.03695973 
677 242 12 15 0.03586837 
268 571 13 16 0.035861615 
807 313 13 18 0.035450898 
830 459 12 16 0.035247013 
251 106 11 15 0.03481159 
282 174 11 15 0.03431144 
238 560 15 18 0.034148503 
959 455 14 18 0.034077216 
972 405 12 15 0.034062225 
891 585 19 21 0.033139367 
248 525 13 16 0.03309643 
315 178 14 18 0.032879498 
957 474 12 15 0.03286947 
266 687 21 26 0.03279113 
236 498 12 17 0.03270353 
733 215 9 10 0.03268714 
780 496 20 27 0.03233681 
380 159 10 12 0.03231973 
293 122 13 17 0.03213203 
702 281 13 17 0.032095507 
843 467 12 16 0.03204308 
917 422 13 16 0.031868067 
964 404 11 15 0.031447414 
958 434 12 14 0.031355526 
992 483 12 15 0.031120969 
669 228 12 15 0.03089144 
205 474 12 15 0.03056201 
929 495 14 18 0.030560488 
701 244 11 14 0.030425142 
243 198 12 14 0.030314146 
954 149 12 15 0.03019377 
278 189 12 14 0.029970227 
994 426 18 23 0.029730024 
900 377 17 20 0.02967305 
679 230 13 16 0.02965345 
671 243 11 15 0.029611329 
285 569 16 18 0.02957481 
207 485 15 19 0.02953642 
408 166 10 13 0.029350013 
817 309 14 18 0.029287154 
190 615 11 14 0.029135397 
296 165 11 14 0.029025344 
197 539 14 18 0.028818786 
992 384 13 18 0.028721677 
254 524 23 29 0.028612778 
188 369 28 35 0.028534805 
980 426 14 17 0.028481571 
708 235 11 13 0.028457487 
993 490 13 17 0.02839791 
741 586 16 19 0.028376266 
891 376 16 19 0.02803222 
838 309 14 18 0.027959658 
989 473 13 18 0.027748128 
899 443 13 17 0.027589373 
861 502 16 21 0.027510794 
277 196 13 15 0.027444154 
198 86 26 32 0.027425209 
197 596 16 18 0.027212588 
868 314 16 19 0.02717645 
940 378 13 16 0.026958121 
892 235 14 17 0.026932728 
294 516 14 16 0.026863094 
287 636 14 16 0.0265 
936 182 11 13 0.026234787 
939 451 13 18 0.026200619 
935 228 11 14 0.025890967 
862 291 12 16 0.025806678 
309 572 14 21 0.025728973 
721 181 18 22 0.025694093 
787 270 12 14 0.025646206 
939 517 13 18 0.02563654 
692 229 13 15 0.025595663 
148 476 12 17 0.025582382 
310 555 15 18 0.02553883 
291 576 16 20 0.025531257 
788 234 14 16 0.025508543 
837 452 11 14 0.025446445 
867 271 14 17 0.025399413 
990 375 13 16 0.025390444 
325 563 13 18 0.025104277 
980 371 13 17 0.025063315 
907 372 15 18 0.025016133 
376 165 11 13 0.02500748 
329 10 24 28 0.025002325 
925 329 14 18 0.024845676 
939 193 107 134 0.024824781 
853 252 12 14 0.024784513 
902 289 13 18 0.02472188 
171 484 13 17 0.024436863 
324 594 14 16 0.024396528 
299 524 12 15 0.024339395 
254 593 13 18 0.024274684 
645 225 12 16 0.024231454 
891 243 15 19 0.024172299 
99 485 17 23 0.02394284 
297 210 13 17 0.023613824 
340 125 12 15 0.023610948 
195 575 16 20 0.023598732 
812 605 14 16 0.023588968 
668 566 17 22 0.02352343 
956 516 17 22 0.023212261 
861 464 14 17 0.023079509 
820 337 15 19 0.022941248 
327 624 14 19 0.022920778 
298 233 14 17 0.022746772 
885 377 14 17 0.022718424 
932 397 12 15 0.022610046 
244 570 13 16 0.022598134 
973 173 13 17 0.022563048 
956 199 12 15 0.022534983 
961 320 13 17 0.022504328 
212 470 11 12 0.022478241 
981 402 12 16 0.022432216 
149 153 12 16 0.022395324 
287 123 13 16 0.022379417 
645 246 15 21 0.022370864 
342 174 13 15 0.022345277 
291 565 15 19 0.022153301 
703 421 65 65 0.022147806 
902 437 11 15 0.022140302 
1008 512 14 19 0.022121064 
340 99 14 17 0.021796346 
290 642 14 16 0.021762375 
291 172 12 16 0.0217331 
973 377 13 17 0.021611938 
942 270 12 14 0.021533923 
935 248 14 18 0.02151139 
634 238 20 26 0.021498535 
341 166 12 14 0.021489248 
187 520 15 18 0.021464355 
932 405 12 15 0.021457637 
276 164 10 13 0.021410719 
924 425 14 18 0.021399213 
814 457 12 17 0.021389287 
134 487 15 18 0.021380993 
780 322 12 16 0.02131113 
721 585 17 22 0.021302197 
759 211 10 14 0.02118309 
662 468 14 17 0.021165455 
1011 413 12 17 0.021161301 
702 236 11 14 0.02114578 
213 564 13 17 0.021135816 
260 591 14 19 0.021054626 
965 428 11 14 0.02104011 
181 514 16 21 0.02103657 
926 402 14 16 0.02101069 
341 115 13 15 0.020982554 
989 453 12 14 0.020901043 
189 569 17 23 0.020883942 
834 475 15 20 0.020821 
855 467 11 15 0.02080002 
118 513 14 20 0.020798508 
251 562 14 17 0.02069892 
771 268 12 15 0.020668248 
796 314 13 18 0.020654734 
989 413 11 15 0.02065134 
202 601 15 17 0.020578308 
1011 345 12 17 0.020560306 
886 292 13 17 0.02039433 
280 649 19 24 0.020373954 
157 494 14 19 0.020372646 
341 540 11 13 0.020271674 
178 586 15 19 0.02025365 
343 596 13 16 0.020129833 
212 477 13 14 0.020111311 
231 463 10 12 0.020058924 
350 131 15 17 0.020052144 
