35_Basketball_Basketball_35_185
73
293 436 59 64 0.9948602 
717 469 63 89 0.9764698 
607 720 21 28 0.9741381 
458 637 44 56 0.45120052 
598 766 11 15 0.16179879 
559 746 13 17 0.14452617 
593 748 12 14 0.1115032 
650 445 50 57 0.1032507 
631 763 14 16 0.0883287 
564 764 15 19 0.066450074 
591 742 12 15 0.06605722 
448 156 12 15 0.060535546 
527 699 14 19 0.059746403 
553 744 23 31 0.059147015 
992 734 9 12 0.05245474 
674 442 31 35 0.052050013 
592 72 450 421 0.051045258 
949 520 8 10 0.043097395 
692 465 111 129 0.041926347 
716 488 40 55 0.041635 
-31 -21 416 485 0.03913528 
677 24 9 10 0.038840562 
420 722 25 32 0.036687344 
479 644 36 45 0.03581421 
629 739 13 16 0.03476784 
506 668 15 22 0.03387542 
678 0 8 9 0.03374792 
699 818 24 32 0.033388723 
705 8 9 9 0.032773703 
403 633 357 483 0.032306165 
497 654 24 38 0.031945582 
1002 623 8 10 0.030169524 
635 738 12 15 0.030010635 
427 730 15 18 0.029840985 
622 740 21 25 0.02902972 
375 760 10 11 0.027228348 
45 653 8 11 0.027190465 
945 524 9 10 0.027180288 
602 463 31 33 0.02696141 
656 28 9 12 0.026947878 
629 731 15 18 0.026939664 
589 743 20 24 0.026260141 
550 716 14 18 0.026017483 
584 660 11 15 0.025823487 
554 463 22 25 0.0257958 
694 15 8 9 0.025669977 
609 443 42 54 0.025164953 
452 153 425 453 0.02490334 
710 8 9 10 0.024653394 
634 749 13 15 0.023799442 
657 441 85 96 0.023671806 
22 696 8 10 0.02347764 
661 59 9 11 0.023411734 
595 756 14 17 0.023404714 
705 13 9 10 0.023246666 
157 605 9 11 0.022921953 
960 536 8 9 0.022657668 
606 656 13 17 0.021563672 
688 24 8 9 0.021459008 
592 510 11 12 0.021413408 
583 737 13 17 0.021157894 
458 598 9 11 0.020598684 
709 12 10 11 0.020546842 
719 5 12 12 0.020349486 
21 732 10 12 0.02030948 
682 712 8 11 0.02030094 
655 495 32 34 0.0202969 
445 159 17 21 0.020209586 
728 478 34 43 0.020198248 
705 31 9 12 0.020143285 
974 510 7 10 0.020100676 
1000 704 8 11 0.020073771 
135 683 9 13 0.020003615 
