35_Basketball_Basketball_35_457
943
609 137 42 54 0.8792791 
169 401 15 18 0.54346687 
247 390 9 12 0.5428681 
184 358 9 11 0.46793115 
408 336 7 9 0.46278223 
153 296 7 9 0.44610938 
164 420 13 17 0.4157208 
940 319 12 15 0.41097724 
19 275 14 16 0.40604693 
158 367 8 11 0.39008945 
211 401 14 15 0.38836253 
377 328 7 10 0.36590838 
127 269 8 10 0.36223218 
144 334 7 8 0.34923935 
41 350 10 13 0.34614483 
80 344 8 11 0.289036 
62 431 11 15 0.27133104 
56 420 11 14 0.263991 
87 359 8 10 0.25379246 
289 335 8 11 0.24850205 
264 303 9 11 0.24807137 
192 367 8 11 0.24102463 
359 319 8 9 0.22978333 
167 271 7 9 0.22585225 
206 386 9 13 0.22460143 
81 255 8 10 0.22237511 
49 378 11 14 0.21648204 
127 381 10 13 0.21518306 
113 270 9 11 0.20920628 
280 288 8 9 0.20856042 
56 254 9 11 0.20059079 
109 397 9 12 0.19980638 
473 320 7 8 0.19645452 
113 334 8 10 0.19442299 
183 351 9 10 0.19373077 
69 271 8 11 0.1929795 
16 390 11 14 0.1877666 
119 406 13 16 0.18424334 
182 303 7 10 0.1829258 
58 259 9 12 0.1791641 
22 199 7 9 0.17837228 
167 389 11 12 0.1750275 
60 415 11 14 0.17385006 
71 398 14 16 0.17241721 
424 349 8 9 0.17211717 
239 312 7 10 0.17032538 
87 230 7 8 0.16978802 
5 410 14 17 0.1693212 
137 286 8 10 0.16809066 
80 308 8 9 0.16771299 
22 245 7 9 0.16727881 
207 334 7 11 0.1670599 
54 248 8 9 0.16604353 
128 369 7 10 0.16547254 
507 335 7 9 0.16327338 
31 260 8 11 0.16270617 
168 316 8 10 0.16043852 
184 364 10 12 0.15975326 
125 310 8 10 0.15734783 
465 368 7 9 0.15732266 
64 304 8 11 0.15562665 
127 374 9 10 0.15536003 
86 278 8 9 0.15459436 
521 328 7 9 0.15128791 
438 327 8 10 0.14961037 
885 361 9 11 0.14439069 
158 297 7 10 0.14263459 
48 247 8 9 0.14178063 
400 318 8 10 0.13562083 
337 310 7 9 0.13481335 
113 264 6 8 0.13427213 
0 350 6 11 0.13403274 
177 302 7 10 0.13363895 
37 191 7 10 0.1335181 
25 215 8 10 0.1331932 
290 328 7 9 0.13250662 
0 283 7 13 0.13222745 
113 357 9 13 0.13179412 
79 206 8 9 0.12943833 
244 367 8 11 0.12787776 
96 288 7 10 0.12716278 
81 231 7 9 0.12628156 
122 302 7 9 0.12549537 
449 391 7 9 0.12547612 
159 342 8 11 0.12430541 
25 221 8 10 0.12358307 
254 327 8 10 0.1218932 
320 336 7 8 0.12155141 
200 264 7 8 0.12105195 
40 223 7 8 0.12064637 
415 288 7 9 0.12018289 
359 325 8 11 0.11960683 
320 303 8 9 0.1194272 
118 357 9 11 0.11881282 
38 311 9 12 0.118654996 
875 489 34 39 0.116344854 
40 344 10 12 0.116249576 
469 368 7 10 0.1161762 
272 360 7 9 0.115348 
318 320 8 10 0.11516199 
124 409 12 14 0.11456156 
374 309 8 10 0.11428933 
122 254 7 9 0.11416727 
64 276 9 12 0.11387738 
233 312 8 10 0.11376044 
156 402 12 17 0.112578854 
257 374 9 11 0.11242322 
470 351 7 9 0.1119353 
2 198 8 11 0.11192441 
94 382 8 10 0.111235306 
112 224 7 9 0.11093302 
254 272 7 8 0.11091088 
283 374 7 10 0.1105272 
118 270 8 10 0.10934946 
37 365 10 11 0.108337596 
1 414 9 14 0.10818079 
126 295 8 9 0.107820354 
311 295 7 9 0.1071841 
152 350 8 9 0.10529567 
347 452 13 15 0.104999065 
160 426 13 16 0.1039238 
305 286 7 9 0.10379612 
174 382 9 11 0.10345873 
193 311 7 9 0.10332761 
142 280 8 10 0.10292775 
57 224 7 8 0.10268075 
487 312 7 8 0.10224469 
488 341 7 9 0.10198736 
48 215 7 8 0.10146263 
134 382 8 11 0.10099239 
96 271 8 10 0.10057542 
73 233 7 8 0.100471154 
327 303 6 8 0.10028443 
207 365 9 10 0.10019361 
63 224 6 8 0.100124255 
210 360 7 9 0.09949268 
17 192 7 9 0.09817649 
7 240 8 10 0.09766507 
927 203 28 27 0.09755765 
213 359 7 9 0.09735831 
132 413 10 13 0.097122535 
513 360 7 9 0.09697486 
182 297 7 9 0.095793575 
208 312 7 9 0.0957426 
49 208 7 9 0.09564099 
241 278 7 10 0.09535284 
113 229 6 9 0.095061526 
201 303 7 9 0.09452795 
136 294 7 10 0.09434643 
441 302 7 9 0.09373821 
455 391 7 10 0.09368041 
433 312 6 8 0.0936079 
0 334 7 11 0.09352825 
97 308 8 10 0.09295774 
160 336 8 11 0.09249351 
263 343 7 9 0.09245629 
39 255 9 10 0.091789074 
142 286 7 10 0.09164565 
126 400 10 12 0.09123093 
474 385 7 8 0.09089671 
98 264 7 9 0.09084441 
166 408 15 18 0.090826094 
370 287 7 9 0.0906107 
486 361 8 9 0.08967849 
263 279 7 9 0.08911777 
201 381 11 14 0.08886633 
434 328 8 9 0.08872902 
32 366 8 10 0.08860791 
482 359 8 9 0.08793948 
11 356 8 11 0.087314904 
1 279 8 13 0.08638245 
23 206 7 9 0.08622187 
35 316 10 12 0.08614232 
440 359 8 9 0.08588306 
70 382 9 11 0.0857197 
118 335 7 10 0.084652744 
446 287 8 8 0.08412727 
393 352 7 8 0.08408157 
319 326 7 9 0.083979785 
31 221 7 9 0.08385619 
199 374 8 10 0.08370236 
184 412 11 14 0.083541185 
434 391 7 10 0.082623184 
449 374 8 11 0.08251854 
438 391 7 10 0.08219511 
528 350 8 10 0.081898004 
337 304 7 9 0.08155375 
191 273 6 8 0.08131602 
38 327 8 9 0.08116168 
432 383 6 9 0.08024649 
312 341 7 9 0.0802241 
246 374 8 11 0.08010869 
79 201 7 9 0.079055384 
889 545 13 16 0.078621924 
424 318 6 8 0.078448914 
527 397 7 9 0.078411564 
177 296 7 9 0.07838302 
48 241 6 8 0.078306064 
230 293 8 11 0.07814136 
328 357 8 10 0.07798238 
57 214 6 8 0.07778727 
111 274 10 13 0.07769942 
215 312 7 10 0.07758709 
224 287 7 9 0.0773907 
498 352 6 8 0.0771002 
328 285 6 9 0.077054836 
447 303 6 7 0.0770117 
29 216 7 10 0.07648171 
442 298 6 8 0.07637398 
152 269 7 9 0.07615485 
377 367 7 9 0.07566852 
416 304 7 9 0.07564987 
441 321 6 8 0.07505869 
379 350 7 10 0.074941404 
375 304 7 10 0.07488639 
478 384 7 9 0.07427099 
81 248 8 9 0.07416967 
201 317 8 11 0.0736981 
368 343 8 10 0.07338143 
413 423 8 10 0.07320028 
21 396 10 13 0.073177285 
343 303 8 10 0.07292299 
422 382 8 10 0.07266106 
128 225 7 8 0.07213981 
448 321 6 7 0.071892194 
145 295 8 11 0.071840726 
207 316 8 10 0.071786135 
490 399 7 8 0.07170405 
313 326 7 10 0.07169209 
28 278 10 13 0.071561515 
225 303 8 9 0.071518615 
30 283 10 13 0.070933275 
46 355 9 11 0.070782915 
74 207 6 9 0.07052605 
54 318 9 11 0.07023114 
217 279 7 9 0.06992855 
162 271 7 9 0.06972345 
423 312 6 9 0.0696555 
487 365 8 10 0.06957819 
87 272 7 10 0.06945834 
56 426 12 16 0.06930733 
497 328 6 8 0.06914133 
138 281 8 10 0.06889484 
313 337 6 8 0.06868452 
409 407 9 13 0.06837539 
417 310 8 9 0.068249814 
382 352 7 9 0.06797102 
247 319 7 9 0.06788713 
119 352 9 11 0.06781458 
422 375 8 10 0.067759626 
232 289 7 9 0.066894144 
239 273 7 8 0.066733114 
466 351 7 9 0.06666958 
145 301 8 9 0.06655197 
97 224 7 9 0.066535465 
88 287 9 10 0.06648303 
96 377 8 10 0.06639184 
8 223 7 10 0.06637386 
96 304 7 10 0.0663549 
328 336 6 8 0.066059075 
519 391 8 9 0.06554392 
64 209 7 8 0.06547078 
255 334 7 10 0.06523482 
112 341 8 11 0.06519874 
208 296 7 9 0.06501398 
239 406 11 15 0.064833716 
257 256 7 8 0.0647683 
310 288 7 9 0.06457167 
184 309 7 9 0.064293854 
128 248 7 9 0.06422479 
169 385 10 12 0.06381705 
503 401 7 9 0.06351813 
432 295 6 8 0.06338664 
56 209 7 9 0.06334092 
355 319 7 9 0.063246086 
506 304 7 8 0.06314091 
916 311 14 17 0.06293902 
40 333 8 10 0.062681 
417 350 7 10 0.06266546 
152 358 9 11 0.06252658 
352 311 7 9 0.062390003 
321 279 7 10 0.06237947 
80 292 7 11 0.062193394 
318 310 8 9 0.06214811 
5 276 9 13 0.062057354 
118 364 9 12 0.06196516 
479 303 7 8 0.061934523 
16 223 7 9 0.06139877 
270 309 7 9 0.061284594 
306 342 6 8 0.061195843 
293 335 7 10 0.06110949 
278 279 7 9 0.06096043 
322 351 7 10 0.060889505 
214 391 10 13 0.06088839 
121 390 9 11 0.06076517 
121 249 8 9 0.06062152 
0 254 6 12 0.060304224 
170 302 7 8 0.06012396 
199 287 6 9 0.059952814 
954 303 9 11 0.0591156 
376 295 7 8 0.05878218 
175 337 8 9 0.05872063 
498 319 5 7 0.058037937 
512 383 8 9 0.05799894 
374 288 7 8 0.057998613 
481 353 7 8 0.057801634 
218 430 9 12 0.057744402 
136 247 6 9 0.057741977 
39 231 7 9 0.057538304 
535 382 7 9 0.057170242 
398 351 7 8 0.057148486 
314 303 7 9 0.057146657 
455 335 7 9 0.05703642 
1011 444 10 14 0.056996465 
141 357 9 11 0.05691947 
112 350 8 11 0.05686343 
199 369 8 9 0.056652833 
56 396 9 12 0.05665179 
315 311 6 8 0.056564413 
230 412 10 13 0.05640129 
111 209 6 8 0.056270547 
433 332 9 10 0.05614968 
193 317 7 9 0.05614452 
239 303 7 9 0.055977754 
18 245 7 9 0.055877265 
474 303 7 8 0.055867948 
242 396 10 14 0.055854186 
110 414 12 14 0.05577483 
125 303 8 10 0.0556244 
45 343 8 11 0.055363834 
481 336 7 9 0.05533912 
201 296 6 9 0.055264752 
177 287 7 9 0.055184495 
215 317 7 9 0.05518058 
418 382 7 10 0.054923277 
82 225 6 8 0.054801073 
102 310 8 10 0.054676387 
273 272 8 9 0.054482624 
510 305 7 8 0.05439222 
422 390 7 9 0.054378394 
218 397 11 15 0.05414285 
177 374 9 12 0.053996548 
336 440 12 15 0.053836707 
382 367 7 9 0.053821288 
136 349 10 13 0.053527713 
118 399 11 12 0.053481746 
34 295 10 11 0.0534443 
46 311 8 10 0.05339617 
247 280 7 8 0.053269707 
181 371 10 12 0.053077918 
122 297 8 10 0.05290806 
256 280 7 8 0.052768704 
522 333 7 9 0.05263172 
224 310 9 10 0.05253289 
169 256 7 9 0.05247561 
260 379 9 12 0.05244828 
142 342 10 11 0.05237495 
422 304 6 8 0.0523045 
209 420 10 13 0.05223103 
457 342 7 10 0.052220177 
96 239 6 9 0.052008238 
240 350 7 9 0.051982656 
256 352 8 10 0.05188303 
110 405 11 14 0.051858608 
221 411 13 15 0.051716473 
126 253 8 9 0.051633548 
168 337 8 10 0.051494613 
191 277 6 9 0.051363256 
64 214 7 8 0.05108722 
73 349 8 10 0.051008545 
218 403 13 15 0.050958943 
77 392 11 12 0.05092392 
65 230 6 9 0.05087313 
200 269 8 9 0.050835237 
400 313 7 9 0.05063004 
994 328 8 10 0.050032083 
79 414 10 13 0.049813878 
42 216 7 9 0.04980731 
271 295 8 9 0.04976059 
473 389 8 10 0.049529422 
177 342 7 9 0.049522214 
212 383 9 11 0.04950067 
293 327 7 9 0.049021438 
230 358 9 11 0.048912026 
95 246 7 10 0.04878787 
113 329 8 10 0.0487517 
473 325 7 9 0.0485391 
381 374 7 10 0.048377052 
72 237 7 9 0.04825596 
92 387 11 13 0.048184454 
185 278 8 10 0.04804773 
129 229 8 10 0.048040316 
142 349 10 12 0.047865614 
337 366 8 11 0.047781754 
32 311 11 13 0.047749445 
753 220 42 37 0.047302183 
487 337 7 10 0.047000587 
456 305 6 7 0.04682084 
207 265 6 9 0.04681099 
528 344 8 10 0.04668068 
377 383 7 10 0.046677854 
87 304 8 10 0.046602283 
226 294 8 10 0.04653538 
371 304 7 9 0.046511523 
497 359 7 9 0.046498183 
471 344 7 8 0.04646975 
215 272 8 10 0.046466257 
131 405 11 15 0.046360355 
249 272 8 9 0.046343744 
70 304 8 11 0.04612421 
250 327 8 10 0.04609016 
449 327 7 10 0.04590854 
391 336 7 8 0.045888733 
369 311 7 9 0.04579748 
186 272 7 9 0.04565955 
190 346 7 9 0.045645468 
536 360 8 10 0.045385476 
264 273 6 8 0.045228418 
103 262 7 9 0.045108687 
326 352 8 10 0.04509265 
88 226 6 8 0.045089204 
210 409 15 18 0.045060635 
125 357 7 10 0.045037985 
136 240 6 8 0.04503427 
384 391 7 9 0.044818487 
183 345 8 10 0.044648375 
72 326 9 12 0.04432276 
506 340 8 10 0.04416927 
200 405 9 12 0.044122867 
503 376 7 9 0.044043716 
423 368 7 9 0.044003144 
15 168 7 9 0.043969117 
279 272 7 9 0.04356679 
247 384 9 11 0.043473966 
463 313 6 7 0.043323506 
393 319 7 9 0.04326818 
168 297 7 9 0.04320826 
463 343 7 9 0.043104365 
391 305 6 9 0.042877316 
72 332 9 11 0.042717345 
214 365 8 11 0.04263984 
32 231 8 10 0.04250261 
180 404 11 15 0.042262305 
416 343 7 10 0.042192202 
257 357 7 8 0.042006124 
326 281 7 9 0.041881807 
120 264 8 10 0.041641407 
505 311 7 9 0.04156946 
406 365 9 11 0.04151698 
457 311 6 8 0.04138993 
82 359 9 12 0.041224476 
400 288 7 9 0.041172385 
439 384 7 9 0.04110678 
167 264 7 9 0.04106174 
152 288 6 9 0.04106052 
64 200 7 8 0.040999047 
62 391 10 12 0.040944804 
256 342 8 9 0.040911302 
232 344 8 9 0.04078014 
145 271 7 9 0.04069264 
430 350 7 9 0.040595617 
1 239 8 10 0.040469404 
405 320 8 9 0.040419392 
438 397 7 9 0.04039909 
225 366 8 11 0.040364135 
384 304 8 9 0.04033753 
479 319 6 9 0.040255293 
103 303 7 9 0.04016817 
160 254 7 9 0.04008648 
256 286 7 8 0.040078994 
947 324 9 12 0.04005182 
529 359 7 10 0.040007714 
517 385 8 9 0.039905194 
104 277 9 11 0.039830543 
554 350 10 12 0.039815214 
392 311 6 9 0.039799362 
126 316 10 13 0.039655328 
206 375 8 10 0.039629523 
193 305 7 9 0.039609972 
152 265 7 9 0.03956135 
541 359 8 11 0.039428324 
258 309 8 10 0.03938041 
360 314 8 10 0.039365433 
104 294 7 9 0.039224576 
71 215 7 9 0.039176263 
256 368 9 12 0.039155416 
161 313 7 8 0.039111618 
206 303 8 9 0.039040584 
234 273 7 8 0.03902117 
369 335 7 9 0.03894695 
57 311 8 10 0.03891561 
34 184 7 9 0.038900934 
510 341 7 9 0.038883623 
213 420 12 14 0.038834404 
539 470 23 27 0.038832135 
504 319 6 8 0.038616702 
111 214 7 8 0.038282085 
74 344 8 11 0.0382498 
247 351 8 10 0.038009193 
256 320 8 10 0.03800574 
24 404 10 14 0.03794066 
39 197 7 9 0.037928388 
173 428 13 15 0.037910827 
136 343 10 11 0.037903786 
274 278 7 9 0.03781479 
151 279 8 10 0.037719358 
66 184 7 9 0.037695892 
223 328 8 10 0.037644032 
139 335 7 9 0.037625898 
48 316 8 11 0.03755794 
206 327 10 12 0.03749274 
367 360 8 11 0.037297744 
359 366 7 10 0.037285015 
18 174 7 10 0.037106987 
215 327 8 11 0.03710162 
153 255 7 8 0.03707558 
321 298 8 9 0.03698524 
314 319 8 10 0.036933444 
489 327 7 9 0.03692238 
449 368 8 9 0.036922026 
102 288 8 10 0.03679976 
200 311 8 10 0.03677249 
1008 389 11 15 0.03671227 
441 352 7 9 0.036558807 
21 382 11 13 0.03625496 
158 398 19 24 0.036213867 
542 305 7 9 0.03612214 
447 383 7 8 0.03612209 
417 389 8 10 0.03602607 
120 373 9 11 0.035965547 
72 223 7 9 0.035921857 
455 373 7 10 0.03578661 
488 318 6 8 0.035734907 
160 287 7 10 0.035661817 
32 301 9 11 0.035616387 
377 358 8 10 0.035574734 
216 254 7 8 0.03556603 
281 256 6 8 0.035531748 
214 296 7 8 0.035507508 
278 359 8 10 0.035355687 
406 360 9 11 0.035320133 
57 229 8 9 0.03531476 
473 313 7 7 0.035084333 
366 445 15 17 0.03506867 
87 395 11 15 0.03503652 
80 237 8 10 0.03503124 
246 296 8 10 0.03499341 
284 289 8 9 0.034982257 
119 341 9 11 0.0349466 
358 376 7 8 0.034814697 
487 297 7 7 0.034769513 
38 301 8 10 0.0347266 
104 223 7 10 0.03470538 
133 318 9 12 0.034656435 
269 344 8 10 0.034638233 
288 270 7 9 0.03462142 
287 294 8 9 0.034557916 
85 260 8 10 0.03444538 
304 365 7 9 0.034426957 
401 305 7 9 0.034425516 
295 297 7 8 0.034425117 
473 337 7 9 0.034379706 
341 367 8 11 0.034312375 
450 334 7 9 0.034246616 
167 276 8 10 0.034233607 
262 368 10 12 0.034094803 
74 202 7 8 0.034027517 
174 241 7 8 0.033918798 
305 337 7 9 0.0338657 
248 256 7 8 0.033857524 
60 256 8 11 0.033845223 
287 393 8 10 0.03381517 
86 248 7 9 0.033663295 
189 349 9 11 0.033658843 
306 327 7 10 0.033637416 
487 302 6 7 0.033627965 
25 255 8 10 0.03355409 
17 291 10 13 0.03353593 
93 326 8 10 0.03351822 
456 369 7 9 0.033480693 
327 380 9 11 0.033477128 
926 396 9 10 0.033368617 
134 418 10 14 0.03335636 
232 350 7 8 0.03323883 
0 355 6 11 0.0331738 
126 341 9 11 0.033046737 
105 214 7 9 0.032939762 
62 396 12 15 0.032918375 
464 372 7 9 0.032913104 
297 279 9 11 0.03284777 
1008 335 8 10 0.032761537 
31 238 8 10 0.03270885 
521 398 8 10 0.03266791 
413 335 7 10 0.032664064 
7 397 11 13 0.032476235 
22 333 8 10 0.03247501 
87 389 10 12 0.03244588 
240 316 8 10 0.032400995 
135 254 8 9 0.03228092 
218 286 7 9 0.032277435 
356 422 10 12 0.03227661 
17 240 7 10 0.032272186 
18 205 8 10 0.032191124 
125 387 11 13 0.03215876 
112 318 7 10 0.0321471 
42 248 8 10 0.032111496 
153 345 9 11 0.032042067 
208 271 7 9 0.032022897 
381 327 8 10 0.031991754 
87 351 8 10 0.031930648 
84 414 10 13 0.031906668 
391 326 8 9 0.031778656 
496 400 7 9 0.0317199 
38 184 7 9 0.0316922 
88 238 7 9 0.031605463 
443 287 7 8 0.031537276 
269 365 9 11 0.03139591 
178 349 9 11 0.03135451 
170 239 7 8 0.03132586 
543 342 7 10 0.03129318 
536 397 7 11 0.03123075 
495 312 7 8 0.031222427 
368 264 7 8 0.031205213 
266 298 7 9 0.03120371 
440 344 7 9 0.031129258 
513 400 7 9 0.031105421 
383 296 7 8 0.031051677 
136 326 8 10 0.031006174 
558 352 10 15 0.030981956 
229 387 10 13 0.030904114 
56 284 8 11 0.030825805 
16 262 9 11 0.030772759 
336 287 6 9 0.030766191 
412 412 9 12 0.03071385 
424 336 7 9 0.030705946 
329 364 8 12 0.030690663 
883 542 25 29 0.03066548 
33 360 9 11 0.030665226 
409 304 7 9 0.030660452 
536 336 7 9 0.030427944 
414 443 10 12 0.030403482 
520 313 6 8 0.030374244 
438 332 8 11 0.0302887 
240 295 8 10 0.030258127 
337 372 9 12 0.03020436 
465 287 7 8 0.030188385 
24 261 9 12 0.030156434 
359 332 8 10 0.030137017 
185 254 8 10 0.030061241 
337 281 7 8 0.029989861 
495 383 7 9 0.029971963 
47 223 7 9 0.02984893 
17 283 11 14 0.029827772 
263 350 7 10 0.02981519 
777 216 33 42 0.029799387 
466 359 8 9 0.029753651 
263 286 7 8 0.029743005 
520 318 7 9 0.02970599 
6 203 9 11 0.029701421 
454 328 7 9 0.029655619 
191 254 6 9 0.029642915 
384 311 8 9 0.029622426 
488 376 7 8 0.0296036 
410 288 8 9 0.02957945 
102 382 8 10 0.029538894 
24 174 7 9 0.029532058 
90 214 7 9 0.02946191 
463 398 7 9 0.029437058 
225 372 8 10 0.029371863 
214 373 9 11 0.029316382 
382 358 8 10 0.029310338 
513 328 6 8 0.029227944 
376 345 7 9 0.029113242 
122 382 9 13 0.029026808 
870 421 9 11 0.0289985 
69 410 13 15 0.028955534 
215 303 8 9 0.028946294 
152 400 12 15 0.02893106 
31 175 6 8 0.028913707 
49 184 7 8 0.028912513 
528 366 7 9 0.028843284 
327 296 6 9 0.028775303 
41 396 11 13 0.02877029 
16 228 8 10 0.028742362 
512 353 7 8 0.028728437 
447 359 7 9 0.028724143 
329 310 7 9 0.028692087 
342 309 8 10 0.028685613 
56 280 8 10 0.028685255 
134 263 7 10 0.028684843 
104 390 10 12 0.02865216 
247 285 8 9 0.028638726 
391 356 7 10 0.028622229 
37 278 8 11 0.028574573 
349 304 7 10 0.028489336 
240 285 8 10 0.02848459 
513 320 6 8 0.028461726 
103 200 7 8 0.028436469 
91 396 12 15 0.028381957 
84 343 8 11 0.02835623 
439 312 7 8 0.0283484 
25 169 7 9 0.028338442 
392 344 7 9 0.028331738 
463 392 8 10 0.02829099 
136 302 7 9 0.028224738 
502 352 8 9 0.028211983 
415 293 7 9 0.028157096 
81 272 9 10 0.02814949 
128 323 10 11 0.028148305 
112 257 8 9 0.028128939 
935 540 35 34 0.02807974 
135 310 8 10 0.027989507 
497 377 7 8 0.027894989 
222 391 10 12 0.027725149 
519 360 7 10 0.027724776 
471 372 7 9 0.027593369 
225 358 8 10 0.027553614 
157 360 9 11 0.027472168 
487 352 7 8 0.027427664 
0 310 9 12 0.027424986 
376 320 8 10 0.027414557 
401 344 6 9 0.027362114 
341 372 9 11 0.027348004 
150 290 17 23 0.02726901 
306 294 7 9 0.027173383 
164 387 21 27 0.027154025 
48 200 7 9 0.027138017 
105 208 8 9 0.027066413 
101 376 7 10 0.026936514 
456 319 6 8 0.026894363 
125 432 14 16 0.026873115 
1016 310 8 13 0.02675984 
271 350 7 10 0.026759425 
65 238 7 9 0.026749894 
153 231 7 8 0.02673728 
418 375 8 10 0.026644234 
1008 342 8 11 0.02664171 
0 341 7 14 0.0266367 
40 238 8 9 0.026618397 
159 248 7 9 0.02654992 
15 310 9 11 0.026543882 
1007 382 10 15 0.026487712 
251 389 11 13 0.026412226 
223 272 6 9 0.02639127 
469 358 8 9 0.02638484 
370 294 7 9 0.026360236 
239 261 6 9 0.026328692 
264 358 7 8 0.026322104 
343 263 7 9 0.026296342 
162 316 7 10 0.026273733 
234 279 8 9 0.026269414 
478 391 7 9 0.026252337 
31 208 7 9 0.026216956 
418 317 7 10 0.026209781 
210 277 7 9 0.026196374 
154 238 7 9 0.02614022 
368 365 7 10 0.025895473 
150 318 8 10 0.02586036 
431 346 7 8 0.025842179 
511 310 7 9 0.025821973 
384 344 7 9 0.025727179 
117 429 16 18 0.025682932 
64 190 8 9 0.0256664 
455 271 8 9 0.025624068 
644 70 49 59 0.025623897 
247 313 7 8 0.02559936 
95 174 8 10 0.025585975 
230 420 11 15 0.025570905 
126 337 8 9 0.025553243 
188 418 11 14 0.02554954 
465 318 6 9 0.025520755 
144 264 8 9 0.02551837 
33 196 8 10 0.02545196 
285 368 9 11 0.025355676 
447 296 6 8 0.025346585 
194 287 7 9 0.025274241 
385 319 7 10 0.025249245 
39 261 8 10 0.02524781 
47 334 8 10 0.025233593 
249 342 8 9 0.025228234 
481 311 6 8 0.025161514 
345 270 7 9 0.025156585 
360 360 9 11 0.025101196 
7 192 7 9 0.024918048 
426 297 7 8 0.024861354 
88 292 9 11 0.024802994 
353 278 7 9 0.024672244 
353 375 8 9 0.024607847 
495 390 7 9 0.02459972 
142 241 7 8 0.024563681 
345 287 7 9 0.024539584 
247 249 7 7 0.024504432 
921 391 10 12 0.024461644 
360 343 8 9 0.02444978 
494 344 7 8 0.02442977 
489 393 7 9 0.024403213 
215 264 7 9 0.024402177 
96 208 7 8 0.024345998 
334 335 7 9 0.0243116 
47 327 8 11 0.024264885 
0 245 8 11 0.024251994 
402 360 8 10 0.024244249 
528 374 8 9 0.024220081 
7 254 8 11 0.024219226 
203 383 19 24 0.024138367 
40 207 7 9 0.024124647 
429 423 9 11 0.024093736 
262 256 7 8 0.024058603 
296 302 8 9 0.024051055 
888 420 10 12 0.024039391 
39 371 14 16 0.024038626 
392 384 6 9 0.024025923 
526 334 7 9 0.023981214 
96 230 6 8 0.023974651 
42 269 8 11 0.023944799 
96 276 8 11 0.02390442 
201 325 10 13 0.023894299 
239 360 9 12 0.02388385 
16 217 7 9 0.023868112 
153 248 7 9 0.023865711 
320 271 7 9 0.023844482 
94 335 9 11 0.02380293 
351 287 7 9 0.02376024 
881 468 11 14 0.023748396 
88 207 7 9 0.023720061 
353 335 7 9 0.023719132 
889 491 18 21 0.02370849 
383 272 6 8 0.023690123 
943 364 9 12 0.02367184 
345 296 7 8 0.023618452 
432 272 7 8 0.023613203 
240 382 9 10 0.023519251 
503 328 7 8 0.023505557 
71 357 9 12 0.023500308 
339 256 7 8 0.023464154 
287 264 7 9 0.023411201 
48 252 8 10 0.023376472 
128 289 9 10 0.0233627 
334 360 8 10 0.023362277 
405 328 19 25 0.023359375 
71 309 8 9 0.023255425 
345 335 7 9 0.02317724 
62 404 14 15 0.023162121 
354 366 7 10 0.02314948 
72 286 10 12 0.023041815 
95 255 8 11 0.02302278 
96 215 7 9 0.02300911 
400 324 7 9 0.02289403 
153 370 10 12 0.02288865 
182 287 8 9 0.022873756 
10 216 7 9 0.022787945 
56 404 9 12 0.022712685 
682 344 241 258 0.022631807 
432 289 6 8 0.022619378 
424 407 8 10 0.022618761 
23 328 7 10 0.022601828 
531 384 7 9 0.022596445 
706 126 41 52 0.022477366 
71 185 7 8 0.022376236 
996 437 12 16 0.02236292 
525 327 7 9 0.022343956 
134 375 8 10 0.0223324 
440 365 8 9 0.022300197 
111 296 8 9 0.02229932 
167 287 7 10 0.022244414 
456 350 7 9 0.022221321 
328 328 7 9 0.022220334 
104 316 8 11 0.022216659 
335 329 7 9 0.022169843 
365 318 7 10 0.022164965 
93 424 14 18 0.022060804 
130 240 6 8 0.022042722 
949 334 10 13 0.022007497 
70 390 12 14 0.022005228 
505 383 8 9 0.021984048 
142 382 8 11 0.021971839 
392 287 7 9 0.021959139 
481 296 7 8 0.02195581 
295 373 9 12 0.021942237 
322 285 7 9 0.02193836 
536 376 7 10 0.0218185 
408 278 7 8 0.021785373 
135 225 6 8 0.021757886 
112 302 8 9 0.021750966 
46 368 11 12 0.021708135 
337 315 7 10 0.021706147 
496 288 7 8 0.021691319 
314 280 7 9 0.0216694 
535 342 7 10 0.021598114 
110 392 9 11 0.02159057 
79 214 7 9 0.021446967 
22 194 8 8 0.021424426 
183 262 8 9 0.02138809 
43 371 18 22 0.021381035 
150 326 8 11 0.021377858 
320 341 8 10 0.021351676 
301 280 8 10 0.021351652 
495 334 7 10 0.021343525 
243 391 9 12 0.021333758 
279 352 8 9 0.021325454 
153 361 19 23 0.021321712 
535 319 7 9 0.021317553 
287 421 9 11 0.0213046 
937 365 10 12 0.021249393 
55 242 8 8 0.021247383 
181 352 19 24 0.021234186 
56 411 19 23 0.021218702 
106 403 10 13 0.02116428 
81 191 6 7 0.021152385 
173 319 8 10 0.021121725 
674 460 17 20 0.021069247 
222 280 7 9 0.021016784 
8 390 11 14 0.021010866 
78 317 10 12 0.020955717 
408 272 7 8 0.020929417 
464 384 8 9 0.02088641 
23 410 10 15 0.02083808 
72 319 8 10 0.020822799 
16 183 8 10 0.020812418 
304 303 7 10 0.020803109 
6 309 9 11 0.020797916 
1003 439 21 27 0.020664992 
153 223 7 8 0.020641102 
225 334 8 10 0.020593045 
298 285 9 10 0.020588882 
261 389 10 11 0.020578666 
2 194 8 10 0.020536218 
430 376 8 10 0.020516241 
991 368 9 12 0.02046344 
407 327 7 9 0.020446738 
2 223 7 10 0.020442108 
72 263 8 10 0.020373853 
997 327 8 11 0.020267883 
360 273 8 9 0.020213164 
47 231 7 9 0.020150192 
416 327 7 9 0.020145165 
503 360 7 9 0.020125275 
409 351 8 10 0.020119516 
544 349 8 11 0.020115579 
160 327 8 10 0.020076564 
38 414 11 14 0.020053586 
375 279 6 9 0.0200508 
1004 383 21 29 0.020013826 
