35_Basketball_basketballgame_ball_35_290
498
908 136 32 39 0.99887615 
641 120 32 45 0.9958112 
474 177 32 45 0.9919574 
410 257 40 44 0.98840815 
59 203 18 23 0.8942849 
142 327 12 16 0.8930153 
4 315 12 16 0.8216501 
5 238 9 12 0.55034673 
535 231 24 35 0.53652406 
153 310 9 10 0.45618007 
428 360 13 18 0.4056338 
137 301 9 12 0.38333952 
9 269 9 10 0.38173124 
33 231 10 13 0.36060038 
32 267 9 11 0.34559047 
160 350 11 15 0.32672977 
52 284 9 12 0.30985355 
2 231 8 13 0.23968749 
46 195 8 10 0.23502891 
111 223 7 9 0.22973777 
158 230 8 10 0.21941698 
418 356 21 28 0.21016943 
5 225 8 11 0.20907862 
14 206 10 13 0.1862942 
216 323 10 15 0.18181887 
199 269 11 13 0.17048322 
37 222 12 15 0.16843778 
129 208 8 11 0.16310029 
22 207 8 11 0.15015703 
103 213 8 10 0.14298557 
13 198 9 11 0.1420745 
201 261 9 12 0.14093916 
161 295 8 10 0.13546804 
421 215 8 10 0.1345175 
124 285 8 12 0.13395678 
23 192 8 11 0.13008331 
207 335 8 11 0.1277104 
198 222 7 9 0.12661046 
127 212 8 11 0.12529276 
64 189 9 10 0.12119617 
58 238 8 11 0.1171916 
762 275 28 32 0.11653957 
113 230 7 9 0.1163182 
123 341 13 15 0.116280794 
222 198 8 9 0.11547996 
413 348 15 18 0.11121702 
42 192 8 10 0.110280074 
369 221 8 9 0.10886665 
159 303 9 12 0.10767783 
30 245 12 15 0.10487572 
30 173 9 11 0.104649074 
224 270 9 12 0.10264213 
559 190 13 16 0.10221676 
589 192 9 12 0.10190739 
35 264 10 12 0.098599665 
200 255 10 11 0.096511275 
55 157 8 9 0.09385093 
281 232 6 8 0.09135843 
60 373 14 18 0.09038937 
133 207 8 10 0.08862952 
461 317 14 16 0.08428562 
167 287 8 11 0.083849244 
437 209 9 11 0.08327499 
129 231 7 9 0.08051452 
122 276 9 12 0.079784356 
231 269 9 13 0.079756804 
8 181 8 10 0.079066455 
47 325 12 16 0.07848929 
65 183 8 11 0.07795251 
593 303 8 10 0.07736926 
248 239 8 10 0.07607585 
88 175 6 9 0.07565645 
112 240 9 11 0.07466066 
218 257 6 8 0.07392185 
169 308 8 10 0.07286119 
145 260 8 11 0.07281131 
253 215 8 10 0.07244068 
621 328 9 10 0.07235966 
129 188 7 10 0.07185364 
39 154 7 8 0.07113867 
175 247 7 9 0.071043156 
162 247 8 10 0.07066057 
88 197 8 10 0.070331655 
166 304 9 10 0.069990896 
80 191 7 10 0.06989567 
184 268 9 11 0.06906562 
215 279 8 10 0.06891024 
263 257 8 10 0.06889152 
280 217 7 8 0.06822524 
296 240 7 9 0.067929044 
144 255 9 12 0.06764531 
110 182 7 9 0.06678495 
7 192 8 10 0.06590613 
96 198 8 10 0.065680794 
120 240 8 10 0.06556273 
230 332 10 12 0.065135345 
232 256 7 8 0.06433952 
283 302 29 28 0.06370586 
183 240 7 9 0.062841445 
57 135 7 9 0.06242402 
407 357 24 31 0.062388506 
152 247 6 8 0.062223673 
450 219 14 17 0.062001634 
845 336 8 10 0.06149664 
397 282 49 49 0.061333045 
122 216 7 8 0.061087262 
269 287 12 15 0.060484335 
1 192 7 10 0.06018761 
222 292 7 10 0.05971617 
24 263 10 12 0.059627548 
451 215 11 13 0.05959787 
207 278 8 11 0.059537936 
102 209 8 10 0.05942398 
222 288 8 9 0.058749784 
202 239 7 9 0.058678105 
48 280 11 14 0.05821363 
284 407 34 39 0.05815182 
598 303 8 9 0.057961233 
23 151 7 9 0.057959687 
578 331 10 13 0.057861377 
646 288 10 10 0.05778977 
271 249 8 9 0.05756859 
33 168 7 10 0.05719054 
400 259 13 18 0.057086058 
607 311 7 9 0.056702193 
162 253 8 10 0.056675136 
217 285 8 10 0.056669936 
222 194 8 9 0.05663446 
17 192 8 10 0.056346558 
360 239 9 11 0.055913955 
124 291 10 14 0.05537971 
408 224 8 10 0.055136677 
70 176 7 10 0.05469821 
10 204 10 13 0.05455148 
39 169 7 9 0.054398898 
41 301 9 10 0.054234862 
14 287 9 10 0.053304117 
152 315 9 11 0.053144637 
190 254 7 10 0.052995622 
33 223 9 13 0.05282247 
287 239 7 9 0.052794155 
0 150 8 12 0.052573644 
865 336 9 12 0.052562136 
266 209 7 8 0.052538026 
119 232 7 8 0.051866755 
259 257 7 10 0.050618958 
619 350 10 12 0.05025995 
137 168 7 9 0.050195172 
54 191 9 10 0.049517445 
136 239 7 9 0.049279206 
38 173 8 10 0.049223583 
127 223 7 9 0.049051456 
215 348 10 13 0.048687674 
125 272 8 11 0.048116576 
823 329 9 11 0.04796905 
158 224 8 11 0.04787121 
167 246 7 10 0.0478438 
250 192 7 9 0.047837 
127 169 7 8 0.047707163 
303 224 7 9 0.0473089 
186 255 8 10 0.047195606 
149 255 8 10 0.047127847 
106 221 8 10 0.04701208 
217 261 7 9 0.046847887 
206 239 7 9 0.046818413 
352 215 7 9 0.046682347 
224 256 6 8 0.0465245 
216 239 7 9 0.046243902 
152 239 7 10 0.04544839 
254 193 7 9 0.0454339 
120 207 7 10 0.04535115 
7 255 9 12 0.04529095 
31 214 8 12 0.04494085 
175 280 9 10 0.04444688 
207 233 7 8 0.04418915 
68 310 10 12 0.044047404 
119 345 12 15 0.043996144 
0 286 7 12 0.043968596 
31 192 8 10 0.043903355 
120 223 7 8 0.04366013 
112 198 8 10 0.043647546 
111 217 7 10 0.043418795 
894 446 11 16 0.04331133 
272 215 7 9 0.04312418 
62 213 12 16 0.042833257 
80 196 8 11 0.04278996 
111 260 9 11 0.04210591 
111 191 8 10 0.04180583 
159 238 8 9 0.041458264 
11 262 11 14 0.04107052 
21 335 10 12 0.04104781 
232 263 8 11 0.04085061 
158 278 8 10 0.04084047 
270 207 7 10 0.040798616 
48 128 6 9 0.040570527 
23 230 9 11 0.040053595 
407 207 7 9 0.039979625 
639 270 10 13 0.039900288 
107 182 6 9 0.03965923 
272 254 8 10 0.039533217 
248 286 8 10 0.03900222 
217 271 8 11 0.03893243 
137 246 8 9 0.03882241 
598 297 9 10 0.03872847 
31 180 9 10 0.0385915 
144 241 8 8 0.038581204 
134 232 7 9 0.03846683 
119 288 11 16 0.038296044 
353 238 9 11 0.038140066 
177 269 8 9 0.038074087 
104 231 7 9 0.038052257 
112 206 8 10 0.037938543 
201 247 8 9 0.037899032 
48 294 9 12 0.03737577 
53 292 10 13 0.03737441 
190 270 9 11 0.03726155 
406 356 14 19 0.037235647 
579 100 454 527 0.036955062 
128 239 7 10 0.036855664 
327 223 9 10 0.036715396 
398 224 7 10 0.03649587 
10 112 8 11 0.036342822 
176 241 8 9 0.036188476 
14 85 8 9 0.036056843 
136 253 8 12 0.036001183 
135 200 7 9 0.035808433 
304 193 7 10 0.035805486 
282 237 7 9 0.035599377 
399 257 25 33 0.035545975 
222 207 8 9 0.035470616 
224 329 11 15 0.035309557 
699 196 35 35 0.035229053 
23 223 8 10 0.03520022 
173 310 8 11 0.035163328 
24 144 7 9 0.03496329 
161 145 6 9 0.034928057 
436 390 11 13 0.03468087 
265 222 7 9 0.03450825 
102 199 7 10 0.0343175 
165 292 9 12 0.034083933 
439 220 10 12 0.03407697 
288 222 7 8 0.033975814 
228 327 11 13 0.033777602 
238 277 8 9 0.03371186 
64 316 11 13 0.033677023 
238 262 8 9 0.033676215 
337 239 7 9 0.033410575 
463 345 12 14 0.033401757 
365 238 8 11 0.033380706 
393 228 9 10 0.03329087 
830 210 10 13 0.033182904 
551 190 13 16 0.032677893 
951 131 12 16 0.03244363 
888 454 10 14 0.03234915 
130 256 8 9 0.0323156 
154 224 8 10 0.03220666 
392 223 8 10 0.032187928 
345 210 6 8 0.031995825 
779 257 14 16 0.03192599 
42 128 7 8 0.03191935 
121 167 7 9 0.031895574 
640 289 11 11 0.031867843 
191 249 7 9 0.031832457 
169 183 7 8 0.031687476 
14 255 9 12 0.031547543 
434 361 13 18 0.031534035 
224 275 8 12 0.031504616 
344 231 8 9 0.031287346 
183 216 7 9 0.031271063 
24 181 8 10 0.031243853 
45 301 9 11 0.031055702 
220 320 11 14 0.031035127 
231 238 6 9 0.030935677 
80 300 11 14 0.030888552 
829 332 9 11 0.030760808 
304 229 7 9 0.030604107 
192 284 9 12 0.030452332 
281 222 7 9 0.030353231 
183 277 8 10 0.030238958 
143 246 8 10 0.030170046 
430 354 21 28 0.030140677 
414 200 7 9 0.030132405 
641 317 8 10 0.030087003 
456 362 13 17 0.030021979 
885 258 16 17 0.029934717 
63 103 7 8 0.029883817 
373 216 8 10 0.029757299 
111 176 6 8 0.029750993 
297 216 7 8 0.029716937 
194 200 7 8 0.02971353 
97 384 10 12 0.029712146 
97 206 8 11 0.029632742 
49 253 9 12 0.029630085 
255 209 7 9 0.029606447 
297 192 8 10 0.029480565 
136 262 7 10 0.029477611 
32 127 7 10 0.029343525 
236 332 11 16 0.029303474 
41 135 7 8 0.029296223 
57 183 7 10 0.02916125 
297 223 8 9 0.02901832 
25 168 8 10 0.028851068 
264 192 8 9 0.028823908 
274 232 6 9 0.02877811 
176 191 8 9 0.028703874 
451 283 11 14 0.028655894 
766 230 14 17 0.028482048 
15 224 10 11 0.028426932 
615 311 9 10 0.028386299 
383 248 7 10 0.028361775 
421 210 8 9 0.028241588 
311 214 7 9 0.0282247 
28 207 9 11 0.02819696 
37 277 11 14 0.028190924 
346 213 8 10 0.02808012 
81 175 8 9 0.027875897 
168 241 7 9 0.027809827 
46 167 7 9 0.027721314 
540 78 14 16 0.027622284 
839 329 8 11 0.02760872 
17 159 7 9 0.027604282 
291 293 19 18 0.02757684 
192 182 7 9 0.027524399 
332 300 14 19 0.027428694 
192 276 9 12 0.027296105 
230 349 9 12 0.027270572 
29 196 8 10 0.0272388 
1 213 8 11 0.02715985 
194 217 8 9 0.027020607 
10 81 8 10 0.026978899 
447 238 11 14 0.026978767 
64 377 15 18 0.026960373 
161 288 8 11 0.026940465 
158 272 8 11 0.02687336 
568 319 9 12 0.026844906 
712 190 36 37 0.026827103 
421 218 11 12 0.026737636 
115 159 6 9 0.026700394 
358 216 7 9 0.026630474 
321 229 8 10 0.02659912 
168 264 8 9 0.026596453 
224 247 7 9 0.02652308 
193 232 8 9 0.026445786 
457 307 22 27 0.026434422 
199 232 8 9 0.02643337 
633 289 9 10 0.02635582 
593 335 9 11 0.02635042 
225 240 7 9 0.026348636 
287 208 7 8 0.026237434 
361 222 7 9 0.026229382 
105 177 7 9 0.026227567 
47 260 10 13 0.026224645 
104 238 8 10 0.026204938 
841 340 10 12 0.026081333 
104 255 9 11 0.026000092 
519 366 11 13 0.02599944 
139 172 8 10 0.02594541 
376 237 9 11 0.025916606 
158 317 9 11 0.025911743 
16 134 8 10 0.025877748 
0 230 16 24 0.025877267 
55 232 9 12 0.025816606 
198 183 7 9 0.025699668 
183 193 7 9 0.025609257 
556 237 12 16 0.025515612 
88 143 6 9 0.025501776 
9 286 8 12 0.025487013 
96 232 10 11 0.025481248 
321 225 8 9 0.025480134 
248 244 8 11 0.025412766 
130 201 7 9 0.025403762 
488 142 24 33 0.02538039 
457 349 28 32 0.02535357 
288 233 7 9 0.025351373 
243 239 7 10 0.025348859 
481 285 46 56 0.025342898 
547 54 12 14 0.025271386 
48 205 10 11 0.025244396 
818 328 8 11 0.02520891 
230 285 8 10 0.025201663 
308 289 15 19 0.025075888 
15 167 8 10 0.02494644 
66 176 8 10 0.024936715 
0 432 10 13 0.024875399 
15 230 10 12 0.024799107 
361 233 8 9 0.024721902 
48 134 7 8 0.024695834 
385 216 7 8 0.02463378 
69 181 8 11 0.024593908 
592 308 9 10 0.024584267 
392 253 9 13 0.024463639 
445 348 11 12 0.024275398 
386 223 7 9 0.024241315 
53 261 108 139 0.024217786 
383 252 9 12 0.02415374 
387 307 47 45 0.024115868 
13 175 8 10 0.024063725 
295 231 7 9 0.024045529 
219 322 21 26 0.024044655 
12 238 9 11 0.023980297 
568 390 9 11 0.023938162 
178 198 7 9 0.023922252 
71 190 9 11 0.023888065 
598 328 9 11 0.023754708 
573 294 10 13 0.023747075 
79 166 8 9 0.023732238 
280 200 7 8 0.023678115 
23 158 7 8 0.023674356 
242 175 6 8 0.023625864 
311 193 7 9 0.023607332 
201 335 10 12 0.023556042 
254 241 8 10 0.02350501 
155 348 11 15 0.023427188 
126 337 10 12 0.02336231 
206 216 8 9 0.023334099 
410 332 26 29 0.023209434 
24 128 7 9 0.02318196 
609 238 9 9 0.023101766 
546 235 15 22 0.023031354 
25 309 9 12 0.022855986 
996 480 17 18 0.022851551 
46 213 11 14 0.022634616 
242 246 7 10 0.022629945 
87 182 7 9 0.02259877 
216 167 7 9 0.022588843 
296 244 8 10 0.022555199 
585 76 9 11 0.02252594 
287 217 7 9 0.02250982 
281 207 7 9 0.022493016 
312 198 7 9 0.022442497 
460 367 14 18 0.022417016 
218 246 7 9 0.022402758 
390 276 12 18 0.022401514 
225 264 7 10 0.022294763 
473 164 10 12 0.02219365 
565 239 11 13 0.022150658 
2 241 9 14 0.022121012 
921 286 10 12 0.022020314 
532 225 18 24 0.022012185 
40 120 8 9 0.021942468 
79 292 12 15 0.021908727 
272 200 8 10 0.021899525 
328 215 7 8 0.021795359 
112 150 7 9 0.021790871 
221 348 10 13 0.02177177 
119 160 7 8 0.021750307 
343 239 7 9 0.021682322 
61 135 7 8 0.021653412 
346 191 7 9 0.0215964 
239 257 7 9 0.021536907 
69 234 13 17 0.021534806 
1014 199 8 12 0.021501504 
44 228 11 14 0.021368837 
13 277 9 12 0.02130327 
129 298 10 14 0.021288011 
166 317 9 11 0.021252856 
230 338 11 15 0.0212345 
129 -35 402 459 0.021179527 
70 300 11 14 0.021164205 
339 282 15 22 0.021127006 
320 214 7 8 0.021097286 
399 361 14 21 0.021077463 
208 302 9 11 0.021065993 
272 168 7 9 0.021050772 
63 276 10 13 0.021011172 
168 280 8 11 0.020983214 
63 270 10 13 0.020971084 
325 307 16 18 0.020964682 
246 232 8 10 0.020949937 
416 207 8 9 0.020878144 
39 207 10 11 0.020831011 
255 269 9 12 0.020821605 
143 222 8 10 0.020779297 
14 182 8 10 0.020760095 
322 300 28 29 0.020664297 
413 316 28 31 0.02065069 
405 366 16 23 0.020632073 
24 251 10 13 0.020601537 
433 213 10 12 0.02059547 
375 232 9 11 0.020589676 
134 190 7 9 0.020544078 
223 332 21 28 0.020531826 
30 232 18 23 0.020482546 
72 143 7 9 0.020434843 
145 144 7 9 0.020432642 
37 310 11 12 0.020416228 
198 200 7 9 0.020400947 
351 220 8 10 0.02035754 
607 285 9 10 0.020323616 
215 312 8 11 0.020223923 
56 242 12 14 0.020165905 
296 210 6 7 0.020126935 
176 223 7 9 0.02012127 
134 213 9 10 0.020115023 
232 232 8 10 0.020097343 
236 270 9 11 0.02006512 
168 207 7 9 0.020060927 
62 302 9 12 0.020025583 
