35_Basketball_playingbasketball_35_219
125
242 682 105 117 0.9995995 
926 860 70 92 0.9978531 
699 1047 69 86 0.9978102 
464 958 67 82 0.99720144 
811 945 77 103 0.99204963 
582 859 34 49 0.98025906 
687 919 24 40 0.98021704 
830 885 24 30 0.26679462 
630 30 12 18 0.20891151 
236 435 12 15 0.19291516 
227 450 11 14 0.14247057 
323 430 15 19 0.13820595 
615 139 14 17 0.12904999 
708 91 56 73 0.12250542 
615 147 14 17 0.10718893 
761 153 25 31 0.097645864 
212 468 13 18 0.09667387 
483 95 16 19 0.084811315 
994 230 15 20 0.08026693 
404 340 15 19 0.07365373 
333 398 23 29 0.07224196 
204 422 14 17 0.07092946 
598 148 362 494 0.0697425 
462 304 9 12 0.069522075 
175 494 10 12 0.069347955 
382 415 17 22 0.06772066 
700 19 360 474 0.06553414 
230 466 14 19 0.063318215 
332 393 17 21 0.060880616 
198 425 14 17 0.059112538 
449 49 364 456 0.05887369 
446 403 13 18 0.05884505 
483 232 17 20 0.058406387 
268 520 16 19 0.055074025 
440 373 13 17 0.053830177 
286 431 13 17 0.0534928 
737 887 55 57 0.05105688 
475 94 18 23 0.047934834 
221 473 15 20 0.045062188 
499 11 12 15 0.044865645 
602 123 13 17 0.044780143 
310 371 14 19 0.04440664 
210 499 12 16 0.043542795 
265 402 13 16 0.041229676 
327 454 13 16 0.03990523 
364 377 15 19 0.03875105 
223 298 11 14 0.037815545 
339 388 15 17 0.037325792 
301 348 13 16 0.036636785 
287 406 13 16 0.03568141 
216 445 9 12 0.03533733 
985 1066 40 51 0.033626363 
337 408 24 30 0.033096552 
590 103 10 12 0.033012886 
776 328 23 31 0.032795586 
398 402 16 21 0.032572463 
478 360 13 16 0.032199334 
468 97 16 21 0.031899013 
762 870 33 31 0.03144194 
342 424 15 19 0.031227274 
331 433 14 18 0.030622931 
179 371 14 19 0.030589476 
278 485 13 19 0.030546213 
481 338 11 16 0.030266326 
607 140 14 16 0.03007149 
192 502 12 15 0.029902272 
300 167 100 95 0.029858775 
372 344 17 19 0.029692568 
777 914 87 116 0.029543836 
828 37 16 21 0.0291232 
807 7 12 14 0.028474934 
254 411 14 18 0.028149633 
795 14 12 14 0.027782293 
263 396 13 16 0.027709521 
819 892 31 38 0.027533252 
227 476 15 20 0.026821692 
345 386 15 17 0.026490826 
206 401 11 14 0.02648583 
212 461 12 16 0.026373878 
355 343 15 17 0.02636522 
269 441 13 16 0.026025996 
242 460 14 18 0.025821812 
276 392 13 17 0.025229722 
151 -11 421 517 0.025109168 
358 366 23 26 0.024733424 
358 402 14 18 0.024715994 
328 403 15 19 0.024668818 
701 69 90 118 0.02461343 
249 355 15 19 0.024493277 
614 230 24 30 0.024422381 
160 523 10 13 0.024301264 
650 520 32 42 0.023870168 
296 489 14 18 0.023777924 
750 881 35 39 0.023303084 
477 83 25 32 0.02318242 
312 433 14 18 0.023138484 
505 248 10 12 0.023008531 
724 866 104 114 0.023006827 
259 575 16 20 0.022909878 
147 491 11 14 0.022860764 
340 431 15 19 0.022621756 
773 23 14 18 0.022308119 
193 423 12 15 0.022306882 
234 279 9 12 0.02223074 
234 425 20 25 0.022210972 
232 431 12 15 0.022040172 
878 253 11 13 0.022000374 
379 394 14 18 0.021722738 
356 575 16 22 0.021668863 
214 452 11 13 0.021533618 
405 381 10 13 0.021471074 
532 80 130 157 0.0213914 
300 364 16 20 0.021341685 
204 415 15 16 0.021157593 
836 899 35 40 0.020863568 
292 476 23 30 0.020672733 
229 385 15 18 0.020557458 
180 420 12 14 0.020518105 
277 434 14 17 0.020349618 
417 1158 42 45 0.020282347 
282 308 420 522 0.020103114 
743 151 29 34 0.020079732 
328 387 14 17 0.020050026 
610 151 20 23 0.020044792 
233 458 21 27 0.020035282 
