35_Basketball_playingbasketball_35_431
19
446 148 47 62 0.94221723 
144 121 27 39 0.8454668 
470 46 68 82 0.8148385 
797 99 28 35 0.265222 
348 416 15 22 0.06827809 
436 57 53 67 0.05645692 
834 115 17 22 0.053358532 
496 55 83 102 0.045189053 
355 417 14 21 0.041579664 
342 416 14 21 0.0331855 
390 491 28 35 0.03140112 
540 66 50 74 0.02947011 
379 471 42 48 0.027158394 
378 487 27 35 0.026755247 
444 439 31 32 0.026289914 
785 93 28 32 0.025787847 
438 63 31 42 0.023564741 
530 510 25 39 0.021710668 
479 25 165 217 0.02001579 
