35_Basketball_playingbasketball_35_362
373
889 427 15 19 0.96129024 
16 524 11 14 0.8905915 
536 403 24 28 0.866058 
47 522 9 12 0.80591375 
206 487 11 14 0.784463 
704 465 13 16 0.70899034 
475 386 19 22 0.7071224 
621 371 20 24 0.7037594 
71 525 11 14 0.6980106 
69 470 9 11 0.48753983 
23 495 10 12 0.4858325 
96 528 9 11 0.4589827 
184 520 10 11 0.44569415 
168 520 10 11 0.4393405 
262 526 9 12 0.42063314 
151 494 9 11 0.40259913 
221 502 9 12 0.27503538 
48 478 9 11 0.2515486 
627 433 17 20 0.23499098 
88 478 9 10 0.22337493 
141 523 9 12 0.21014799 
92 479 9 10 0.20138292 
53 572 9 12 0.19899742 
118 470 8 10 0.18739158 
362 504 8 11 0.18676688 
302 479 8 9 0.18499717 
241 525 8 10 0.18134302 
85 548 10 13 0.17566736 
46 501 10 12 0.1747621 
24 454 8 9 0.1683009 
184 502 8 10 0.1633557 
113 470 8 10 0.16258839 
136 487 8 9 0.15937532 
102 494 9 11 0.15499318 
49 465 8 9 0.15274623 
292 525 10 12 0.15242578 
53 504 9 11 0.14998683 
119 487 7 10 0.14911363 
245 525 8 10 0.14753842 
1 483 8 14 0.1447196 
41 502 10 12 0.14432183 
221 536 10 12 0.14192559 
239 519 8 11 0.140918 
183 497 7 9 0.1391061 
312 519 8 11 0.13283658 
578 261 16 19 0.13162807 
279 517 8 10 0.13125372 
884 457 27 32 0.12707356 
494 536 8 10 0.12560755 
118 524 8 11 0.12445228 
376 528 7 9 0.12374957 
365 507 8 11 0.1233471 
334 488 9 10 0.12191575 
70 475 10 12 0.120654434 
293 504 9 11 0.11902755 
497 234 17 19 0.11781845 
304 517 7 9 0.11704315 
46 495 8 11 0.11538627 
617 428 28 33 0.11294893 
47 470 9 11 0.11023839 
77 573 9 13 0.10933553 
156 494 9 11 0.10838878 
288 502 9 11 0.10424823 
234 493 10 13 0.101765096 
299 481 7 9 0.10149318 
539 482 13 16 0.10053591 
158 533 11 14 0.09921263 
385 496 8 10 0.097636186 
183 511 9 11 0.095924914 
71 566 10 11 0.09577304 
296 485 8 10 0.09509822 
80 480 8 9 0.09156262 
597 411 22 27 0.09015115 
916 433 28 42 0.090024 
202 492 8 10 0.0896529 
191 480 8 10 0.08776207 
236 512 9 11 0.08766115 
217 509 10 12 0.08709402 
280 502 8 10 0.085683964 
160 527 9 11 0.0842082 
394 528 8 10 0.08373695 
318 520 9 11 0.08308005 
70 542 9 12 0.0826225 
238 548 15 18 0.082412966 
177 495 7 9 0.08237512 
29 455 8 9 0.08221215 
29 493 8 11 0.08015449 
113 520 9 12 0.07996233 
95 485 8 10 0.07906101 
176 538 12 14 0.07723642 
277 535 10 12 0.076901376 
231 526 8 10 0.07653976 
186 480 8 10 0.075972155 
188 523 9 12 0.074129455 
286 496 7 9 0.07170679 
197 468 8 11 0.071054064 
224 528 9 11 0.07068362 
149 500 10 13 0.070535205 
320 538 7 9 0.07038163 
192 469 10 11 0.06987936 
49 485 9 12 0.06948484 
295 519 9 11 0.06886343 
383 500 9 11 0.06861202 
71 501 9 11 0.06857449 
127 445 9 10 0.06798982 
127 472 8 10 0.067740865 
973 501 10 13 0.06715709 
305 536 9 11 0.06654951 
153 489 7 10 0.066528104 
63 560 9 12 0.06579823 
390 496 8 9 0.06545153 
224 463 9 10 0.06515133 
52 479 9 11 0.06491821 
470 537 8 9 0.064852364 
172 524 9 11 0.06383232 
401 502 8 10 0.06365476 
138 520 9 11 0.06336679 
295 509 9 10 0.061945096 
170 503 9 10 0.06165186 
353 522 7 9 0.061488673 
265 522 9 12 0.060807157 
501 535 8 10 0.060412228 
80 543 9 11 0.0591099 
104 489 8 9 0.058500916 
19 519 11 14 0.058425635 
41 494 9 11 0.058006797 
32 462 10 11 0.05628854 
493 540 8 11 0.056140654 
89 473 8 9 0.05609279 
505 517 9 11 0.055824134 
240 466 7 9 0.054940015 
76 567 9 11 0.054927763 
925 439 12 17 0.054886635 
69 465 8 11 0.054829534 
175 509 8 10 0.054189123 
247 453 9 10 0.0530916 
478 511 7 9 0.05278941 
192 496 7 9 0.052697595 
957 501 9 13 0.052428897 
111 487 8 9 0.052240815 
118 464 8 10 0.051921453 
31 488 9 11 0.051428653 
174 503 9 11 0.050117794 
393 534 8 9 0.050084665 
121 492 8 10 0.050082643 
360 527 7 9 0.0494377 
93 474 8 9 0.0488019 
604 416 28 30 0.047656957 
369 487 7 9 0.047506556 
319 471 7 9 0.04712361 
96 539 10 12 0.046841145 
37 542 11 13 0.046777263 
150 538 12 15 0.046753872 
40 507 9 11 0.04669763 
368 528 8 9 0.04667359 
311 537 9 11 0.045800637 
6 511 9 11 0.04568376 
282 497 8 9 0.045405213 
213 492 9 12 0.04513071 
254 472 8 9 0.04497942 
106 470 8 10 0.044349108 
928 501 11 15 0.044142663 
51 520 10 13 0.044068087 
367 535 8 10 0.044040747 
4 479 10 14 0.044038698 
198 464 8 10 0.043668512 
279 511 8 11 0.043255195 
146 509 9 11 0.043092966 
166 539 9 13 0.041886773 
151 479 6 9 0.04188549 
336 480 7 9 0.041813392 
175 472 7 9 0.04178067 
920 440 12 15 0.04136718 
478 525 8 9 0.04134286 
341 486 8 10 0.04105251 
936 485 10 14 0.04093492 
924 445 15 23 0.040916923 
118 478 8 9 0.04066454 
192 485 7 9 0.040152527 
352 479 8 10 0.04013634 
143 479 8 9 0.03966858 
503 524 8 11 0.039533 
394 542 8 10 0.039470844 
311 488 8 9 0.039362546 
42 524 9 11 0.039352812 
897 432 41 54 0.03897642 
17 461 9 12 0.03890303 
383 533 7 10 0.03880621 
137 481 7 9 0.038343437 
656 482 13 17 0.0383264 
80 484 9 11 0.03805184 
358 486 8 9 0.037875377 
239 470 7 9 0.037867438 
257 495 8 9 0.037416913 
397 543 8 10 0.037154656 
420 495 8 10 0.03709831 
17 455 8 10 0.036753826 
80 579 10 12 0.036640268 
38 487 8 11 0.0364102 
230 465 8 10 0.03619253 
288 520 9 11 0.03612947 
223 518 9 10 0.035899535 
1012 469 9 12 0.035717502 
399 496 8 10 0.03564099 
303 474 8 8 0.034994137 
226 566 14 16 0.03450768 
375 533 8 11 0.034353357 
174 549 12 14 0.03420466 
114 454 8 10 0.034142323 
249 572 13 15 0.034064535 
133 534 9 12 0.033980686 
474 520 8 10 0.033963643 
457 463 9 11 0.03374655 
465 535 7 10 0.033417992 
265 563 11 14 0.03339574 
100 500 10 12 0.033308562 
8 547 9 12 0.033235792 
112 449 8 10 0.033206336 
65 543 8 11 0.033182997 
358 480 8 9 0.03313105 
99 532 9 13 0.033086393 
199 525 9 11 0.033036575 
238 532 11 13 0.03298877 
39 549 11 13 0.032934804 
574 399 10 13 0.03289694 
983 502 8 11 0.032794 
330 508 8 11 0.032519456 
216 515 10 12 0.032323122 
21 462 9 12 0.03209493 
101 509 10 12 0.031903192 
167 472 8 8 0.03186657 
165 565 11 13 0.031829365 
110 574 10 11 0.03181535 
326 524 8 11 0.031447433 
62 503 9 11 0.031419154 
233 518 8 11 0.031156098 
118 455 7 9 0.03098894 
38 464 8 11 0.030972738 
180 514 19 23 0.030891068 
167 549 11 14 0.030601846 
309 494 9 10 0.030563565 
375 480 9 9 0.030263765 
172 555 11 13 0.030206513 
158 488 8 10 0.030152146 
345 508 8 10 0.030118013 
447 544 7 9 0.02994055 
160 472 8 9 0.029928457 
336 8 76 81 0.02982586 
45 550 11 13 0.029600125 
161 519 9 11 0.02923643 
273 540 11 12 0.029106956 
217 527 9 12 0.028935336 
216 497 19 24 0.028928183 
160 478 8 9 0.028808473 
957 487 8 10 0.028725939 
222 496 10 13 0.028660187 
344 481 8 9 0.028626416 
456 541 8 10 0.028545206 
229 535 10 12 0.028514542 
287 0 113 118 0.028426258 
271 519 8 11 0.028312389 
185 485 7 9 0.028245937 
74 531 11 13 0.028193474 
368 539 9 11 0.028086944 
167 558 11 13 0.027893772 
61 507 9 12 0.027871517 
69 560 10 12 0.027798515 
477 376 30 33 0.02772898 
229 539 11 14 0.02763719 
167 487 8 9 0.02734971 
86 555 9 12 0.027227085 
222 545 12 15 0.026946822 
116 323 14 15 0.026846778 
85 516 9 12 0.026824906 
168 495 7 9 0.026726965 
314 471 8 9 0.026716536 
41 469 8 11 0.026583092 
608 261 401 512 0.02644368 
432 527 8 10 0.026393715 
472 364 27 36 0.026327603 
159 561 9 11 0.026294017 
52 470 9 10 0.026262032 
52 549 11 13 0.026164576 
113 464 8 11 0.026118964 
254 477 7 10 0.026053756 
262 501 8 10 0.026042972 
456 511 7 10 0.025872055 
29 448 8 10 0.02568094 
535 262 10 11 0.0256289 
367 519 7 9 0.025389686 
249 479 9 10 0.025357213 
44 519 17 22 0.025241593 
509 510 8 11 0.02522111 
540 552 16 20 0.025206026 
215 470 10 11 0.025145307 
362 533 8 10 0.025061484 
327 542 8 10 0.02505177 
1 509 8 12 0.025003197 
352 544 8 10 0.024958836 
253 454 8 10 0.024751194 
405 503 9 10 0.024702998 
77 519 10 12 0.024465933 
232 488 9 12 0.024439774 
42 478 8 11 0.024423543 
947 0 34 22 0.024080506 
332 503 9 11 0.02406054 
611 433 16 19 0.024008103 
8 516 9 13 0.024006953 
401 509 9 11 0.023972515 
350 504 9 10 0.023961935 
330 488 9 11 0.023821143 
112 561 8 10 0.023812717 
790 494 7 9 0.023807852 
147 488 19 24 0.023766572 
56 559 10 12 0.023685383 
302 504 9 11 0.023412999 
997 486 12 17 0.023312075 
197 480 9 10 0.023296427 
71 508 10 12 0.023267226 
147 495 9 11 0.023254668 
378 502 8 10 0.023160178 
208 470 8 10 0.023103818 
274 510 8 11 0.02297965 
232 22 210 216 0.022915797 
441 544 7 9 0.02285012 
360 497 7 8 0.02284094 
86 464 8 9 0.022774177 
261 496 7 9 0.022761557 
101 584 10 11 0.02266995 
497 325 19 21 0.02262291 
230 498 10 13 0.022474678 
588 421 27 30 0.02244956 
416 500 9 11 0.022422984 
149 565 10 12 0.02239652 
448 580 8 12 0.022389373 
992 477 8 10 0.02234809 
229 550 24 29 0.022235828 
377 496 8 10 0.022046713 
132 539 11 13 0.021954326 
243 542 14 16 0.021842001 
0 471 8 12 0.021807969 
256 488 7 10 0.021794394 
264 540 9 11 0.021742962 
510 85 11 15 0.021719655 
104 464 8 10 0.021701837 
335 518 8 11 0.021668233 
79 462 9 10 0.02163334 
126 526 10 12 0.021605672 
11 525 10 14 0.02152933 
721 544 9 11 0.021483669 
367 495 8 9 0.021466749 
129 476 8 9 0.02145265 
15 449 8 10 0.021439793 
474 524 8 11 0.0213453 
289 507 9 11 0.02116941 
0 548 8 12 0.021109264 
358 521 8 9 0.021049008 
1012 535 8 11 0.020983327 
506 239 14 18 0.020965414 
497 527 8 10 0.020885201 
8 463 9 11 0.020875629 
343 537 7 8 0.0208537 
368 481 8 9 0.020757612 
217 534 20 24 0.020645782 
135 518 20 24 0.020611105 
163 533 12 14 0.02043865 
602 541 16 20 0.020422952 
238 497 11 13 0.020405779 
111 565 10 12 0.020222604 
101 518 11 12 0.02019691 
32 520 9 10 0.020150468 
498 90 42 57 0.020101504 
87 483 9 11 0.020082314 
