35_Basketball_basketballgame_ball_35_254
44
15 143 72 95 0.9902535 
630 311 84 76 0.98139715 
457 711 64 76 0.64545023 
207 135 88 118 0.59584486 
313 259 51 77 0.5517341 
295 230 72 76 0.1708595 
353 182 86 111 0.14824903 
317 200 90 116 0.122627065 
621 124 98 139 0.12157057 
152 408 51 67 0.114246435 
257 459 108 139 0.108703785 
18 65 84 126 0.09711307 
273 170 110 134 0.0561312 
1005 360 19 37 0.0550931 
58 146 64 87 0.053651765 
233 157 105 124 0.04952349 
249 -5 101 106 0.04361672 
641 322 48 45 0.042546175 
478 738 103 124 0.038199443 
221 966 119 155 0.036093082 
44 173 43 59 0.03501957 
424 684 60 62 0.03425464 
564 115 102 154 0.03228885 
657 338 64 74 0.031782348 
363 153 68 90 0.030444851 
25 23 98 126 0.02995764 
679 467 50 55 0.029866999 
993 200 33 53 0.029694624 
159 392 77 95 0.029161338 
317 129 94 122 0.026126454 
373 166 105 98 0.02602032 
618 290 70 79 0.025120422 
466 703 43 52 0.024526818 
329 82 33 43 0.024082374 
487 705 59 76 0.0237323 
85 64 104 126 0.02332708 
156 115 95 133 0.023104047 
465 235 64 74 0.022640001 
350 170 190 219 0.021528993 
116 108 97 125 0.021226216 
53 89 101 124 0.021108544 
208 60 108 133 0.020974526 
465 739 70 82 0.02035834 
239 266 47 75 0.02002462 
