35_Basketball_playingbasketball_35_632
58
908 482 17 21 0.9577542 
126 442 20 25 0.81506294 
330 515 47 42 0.3750078 
721 486 14 17 0.31560066 
449 324 40 41 0.30146056 
452 455 31 40 0.29695362 
961 129 24 30 0.15552266 
31 508 8 10 0.15033758 
478 355 26 28 0.14849435 
139 491 11 13 0.1174904 
849 94 25 30 0.07944577 
888 39 24 28 0.07858816 
29 662 10 13 0.075699076 
929 122 43 49 0.071609095 
38 510 9 12 0.066429846 
647 281 7 10 0.0635154 
963 142 24 32 0.050817624 
0 650 11 15 0.050728764 
137 448 16 21 0.04838106 
929 118 30 33 0.046274744 
323 537 30 35 0.04547972 
891 484 24 31 0.03996048 
109 166 14 16 0.03848505 
471 338 32 32 0.03466859 
586 278 7 10 0.033360638 
206 328 9 12 0.032860283 
939 136 45 52 0.032277923 
23 540 12 15 0.030902077 
303 686 13 15 0.030472372 
135 497 12 15 0.03031024 
37 505 8 10 0.029554022 
935 123 14 18 0.029398458 
942 173 50 62 0.027974164 
294 709 22 31 0.027714826 
238 351 11 13 0.02769488 
720 480 11 15 0.027476767 
862 36 43 48 0.027328752 
38 514 12 14 0.025926186 
182 478 11 14 0.024604147 
893 222 49 68 0.024062535 
641 279 8 10 0.023967389 
585 284 8 11 0.023951879 
451 339 53 47 0.02361764 
822 85 34 36 0.023169592 
30 515 11 13 0.021799244 
220 349 11 13 0.021745978 
945 225 50 63 0.021407992 
833 83 40 48 0.021319563 
876 204 79 110 0.021058416 
981 242 14 18 0.021002384 
896 246 30 43 0.020976873 
688 318 8 9 0.020853389 
631 278 8 11 0.020761704 
717 495 14 17 0.02063214 
870 486 13 16 0.020372188 
560 285 8 11 0.020291202 
709 502 45 54 0.02025133 
328 555 32 30 0.020206714 
