35_Basketball_playingbasketball_35_405
65
824 296 16 22 0.7480522 
356 316 13 18 0.26263332 
583 312 11 13 0.25796536 
558 317 13 17 0.20032538 
549 308 10 14 0.13143013 
358 309 12 16 0.12681359 
349 319 13 18 0.112970226 
517 115 12 13 0.11048052 
580 318 15 19 0.11026814 
342 321 13 17 0.09398231 
563 322 13 16 0.08605202 
543 134 8 11 0.082517564 
334 315 15 19 0.07158395 
575 321 14 17 0.06313693 
499 184 18 20 0.06211105 
560 277 9 11 0.061788935 
566 293 8 12 0.057639617 
805 308 12 12 0.05355822 
550 315 12 16 0.053438768 
550 323 12 16 0.049632933 
559 144 8 11 0.04892085 
843 341 25 34 0.047503334 
574 271 9 11 0.04746087 
533 294 8 11 0.04565167 
833 304 14 18 0.04360719 
545 334 9 12 0.043281093 
811 305 15 17 0.040573932 
548 331 11 14 0.037206765 
361 323 13 15 0.035993565 
328 322 12 17 0.03574727 
828 361 27 29 0.034290068 
555 310 14 17 0.032669004 
492 271 10 11 0.031288825 
544 271 8 10 0.030218767 
530 287 8 10 0.029623814 
815 299 16 18 0.029523164 
567 271 9 12 0.027025746 
560 271 9 12 0.027010176 
502 310 8 11 0.026556227 
486 311 8 10 0.02648942 
545 314 11 16 0.026032016 
537 385 13 19 0.025509799 
544 303 12 15 0.025369117 
547 302 18 25 0.025283212 
895 222 168 280 0.024458801 
584 276 9 10 0.024237074 
835 293 14 19 0.024175435 
577 357 14 17 0.023858542 
589 278 9 10 0.0227737 
575 288 8 10 0.022746349 
749 245 11 12 0.022690168 
1008 482 13 21 0.022365063 
538 119 7 9 0.022047969 
568 167 9 11 0.022037249 
560 293 10 13 0.021850184 
565 276 10 12 0.021738209 
819 301 26 31 0.02161869 
470 221 11 13 0.021494072 
527 300 8 10 0.021368906 
547 339 13 16 0.021119004 
491 180 19 21 0.020984875 
511 265 8 10 0.020871876 
351 319 24 28 0.020617746 
558 308 21 27 0.020436957 
543 277 9 11 0.020097222 
