35_Basketball_playingbasketball_35_619
25
199 282 16 20 0.88088214 
609 282 14 18 0.78660876 
81 280 14 17 0.7473079 
575 261 15 26 0.66391194 
269 30 266 288 0.5511686 
780 284 15 18 0.17610425 
451 267 24 31 0.113943785 
813 228 13 16 0.08749883 
690 382 46 63 0.071169116 
576 266 23 30 0.07098713 
533 181 16 22 0.060739167 
720 -1 337 448 0.05971414 
784 290 14 17 0.058672763 
142 -57 360 469 0.046856776 
865 490 36 39 0.045419578 
346 -26 381 458 0.033470787 
99 624 43 55 0.032808363 
-31 -7 424 491 0.028100383 
704 316 20 31 0.02673782 
735 333 40 51 0.026348025 
711 313 24 30 0.024911435 
742 87 222 262 0.02265367 
669 275 14 19 0.020573266 
752 330 24 32 0.020484135 
528 194 12 15 0.020358838 
