35_Basketball_basketballgame_ball_35_412
23
656 157 69 96 0.99829966 
856 204 62 97 0.99572694 
66 200 59 66 0.7821987 
101 207 258 305 0.72267056 
0 241 11 22 0.11091088 
547 304 16 21 0.101581946 
86 2 44 42 0.07627474 
822 466 56 55 0.07022591 
213 22 55 68 0.063053295 
620 296 45 52 0.058371466 
3 786 30 34 0.04659382 
411 750 61 74 0.041408457 
833 485 59 60 0.040929224 
538 299 29 35 0.039265193 
843 514 52 37 0.037712276 
1012 492 12 20 0.03595961 
147 174 54 58 0.028226532 
1007 728 15 26 0.026377335 
70 8 60 65 0.025268506 
77 304 512 522 0.025033431 
619 220 46 62 0.023798116 
71 172 66 74 0.02222283 
845 468 40 37 0.02192616 
