35_Basketball_Basketball_35_361
78
164 249 26 36 0.9992661 
698 116 26 33 0.99906546 
651 252 27 34 0.99864346 
908 129 33 42 0.9985506 
71 163 27 33 0.99847 
870 236 30 36 0.99835265 
596 121 25 31 0.9982987 
517 243 26 33 0.9979315 
405 247 24 32 0.99662566 
162 129 25 30 0.9961249 
478 117 24 33 0.99353045 
775 240 29 35 0.9932893 
301 251 23 32 0.99324894 
364 129 26 35 0.99300426 
263 126 25 31 0.98749834 
826 115 24 29 0.94930255 
759 245 31 36 0.2237138 
168 226 13 16 0.22087657 
2 210 11 17 0.14880098 
870 365 13 15 0.116626926 
274 244 15 20 0.10943633 
386 446 11 13 0.08377777 
189 249 14 20 0.070306964 
382 221 12 14 0.0670022 
454 444 14 16 0.058841754 
386 196 17 20 0.058369868 
99 165 17 21 0.056697756 
565 461 12 15 0.054246068 
311 252 25 34 0.04601979 
183 385 15 19 0.04589335 
649 384 10 11 0.045777004 
487 468 14 18 0.043569352 
501 444 11 13 0.043497242 
822 235 14 17 0.042678986 
583 440 10 11 0.042601027 
748 413 11 11 0.041846205 
382 243 17 21 0.041112695 
766 427 14 17 0.04076794 
619 446 11 13 0.0375993 
275 220 13 17 0.035382662 
533 248 24 33 0.035316076 
386 121 12 17 0.034851763 
162 157 22 26 0.0347011 
964 297 15 19 0.034479152 
266 199 26 34 0.033306368 
719 396 12 15 0.032342587 
263 161 15 18 0.031236392 
527 187 27 32 0.03011671 
662 180 12 17 0.029222129 
26 208 16 20 0.028567377 
411 160 13 17 0.028554201 
163 168 18 21 0.028498517 
0 133 10 15 0.02842211 
831 388 10 13 0.027670186 
747 423 13 15 0.02743157 
729 421 12 15 0.02737513 
89 163 20 26 0.027202323 
172 243 26 34 0.027169118 
591 431 8 9 0.026927868 
45 170 15 18 0.024772858 
597 147 24 27 0.024200303 
268 230 23 32 0.024172273 
373 121 22 28 0.023610316 
744 407 10 12 0.023191554 
765 435 15 18 0.023096425 
317 226 16 20 0.022402277 
757 409 11 14 0.022336986 
896 124 28 39 0.02223529 
372 219 23 29 0.022151446 
840 406 9 12 0.021738235 
830 423 11 14 0.021725079 
261 238 23 29 0.021650571 
23 196 13 17 0.02163594 
363 196 17 20 0.021548232 
532 443 12 14 0.021532813 
372 245 15 18 0.020837445 
486 210 13 17 0.02069703 
266 214 25 35 0.020483263 
