35_Basketball_basketballgame_ball_35_662
163
757 1 28 35 0.9995764 
110 65 30 39 0.9993924 
116 112 31 38 0.99938214 
170 0 31 34 0.9992906 
288 133 30 39 0.9990736 
379 71 28 34 0.99891925 
307 96 33 38 0.99883777 
477 82 55 73 0.99871707 
795 123 58 70 0.99792945 
63 41 27 35 0.9977836 
709 82 31 38 0.99773693 
242 66 36 43 0.99751544 
363 139 31 37 0.9974681 
207 148 44 55 0.996992 
428 12 28 36 0.99679047 
597 51 49 61 0.99623364 
689 121 46 59 0.99479854 
555 33 28 35 0.9929102 
685 51 29 36 0.985495 
804 41 31 34 0.9852173 
280 0 30 31 0.9831645 
38 114 24 31 0.9823866 
65 103 42 54 0.98225296 
732 125 42 54 0.95969975 
227 122 33 38 0.9531484 
659 3 29 33 0.91617215 
1 173 22 32 0.8078454 
849 143 24 38 0.76193845 
493 -1 24 21 0.5883683 
272 6 29 34 0.4693688 
770 54 30 33 0.41913012 
523 59 32 39 0.36554754 
863 142 30 40 0.36065912 
623 2 22 27 0.25728133 
-1 -2 17 25 0.20814887 
349 121 26 31 0.1804962 
58 83 25 31 0.17999615 
164 136 26 36 0.17969103 
669 123 46 58 0.161538 
409 144 34 41 0.15088885 
196 94 25 28 0.14947487 
761 62 24 29 0.14230154 
356 130 28 35 0.1334334 
678 4 23 28 0.13253245 
581 0 23 24 0.122666605 
807 26 26 33 0.11921165 
396 189 25 37 0.10516691 
771 5 25 31 0.102805406 
840 75 38 50 0.101572774 
791 9 27 31 0.09214365 
435 90 28 40 0.090684675 
702 94 40 52 0.08560396 
278 21 28 31 0.084086694 
202 111 32 37 0.08388491 
65 0 21 20 0.08321424 
528 43 38 46 0.08077471 
751 68 22 27 0.07328089 
804 19 25 27 0.06795656 
654 119 41 60 0.06759817 
514 36 38 45 0.06748056 
785 1 24 29 0.06453648 
856 91 39 57 0.064089544 
853 70 31 35 0.06268406 
445 18 24 34 0.06232067 
22 65 27 36 0.06225466 
-1 85 11 21 0.06105521 
179 49 29 38 0.06092459 
530 1 31 30 0.06001282 
341 85 25 29 0.057817113 
816 25 16 19 0.057255827 
316 3 26 29 0.056345522 
865 65 20 20 0.056163467 
457 90 27 44 0.054717563 
2 267 26 36 0.053580098 
75 1 14 15 0.051263034 
701 9 16 20 0.05025568 
164 120 27 36 0.049735695 
339 3 17 20 0.048166316 
304 1 27 26 0.047808886 
264 41 22 29 0.047764827 
276 19 19 23 0.047082208 
212 118 35 37 0.04620356 
689 7 16 22 0.045578785 
650 60 23 31 0.045319993 
757 75 25 32 0.044512197 
538 8 17 20 0.044050205 
201 1 24 30 0.043818258 
330 142 24 31 0.04340879 
641 0 18 21 0.04133063 
810 2 17 17 0.041149653 
628 341 37 37 0.04106434 
268 15 19 24 0.040558808 
522 7 29 34 0.04053927 
635 5 26 29 0.03983414 
757 91 23 30 0.039807927 
862 109 42 64 0.039537292 
28 52 26 39 0.039236724 
54 112 33 39 0.039140154 
-3 170 37 50 0.039113723 
323 36 23 32 0.037461888 
285 110 22 26 0.037112135 
458 80 45 62 0.037042737 
875 150 27 39 0.034835257 
333 7 17 22 0.034827232 
887 313 22 38 0.03438528 
632 9 18 22 0.03375921 
321 -1 17 16 0.03349742 
291 116 32 42 0.032618184 
114 -1 19 14 0.032235384 
0 75 20 33 0.031777725 
786 15 19 23 0.031638697 
290 525 16 19 0.031455193 
381 50 15 18 0.030690782 
871 79 34 47 0.030370252 
543 0 21 20 0.030315183 
188 86 26 30 0.030295702 
290 14 27 34 0.029870862 
362 196 16 20 0.029824803 
681 29 24 29 0.029208563 
667 0 17 15 0.028567532 
232 142 33 44 0.028454477 
513 1 28 25 0.02795638 
210 0 27 30 0.0276384 
133 29 23 27 0.027334342 
460 19 14 21 0.027224937 
255 539 12 16 0.02705558 
119 561 13 17 0.026658254 
804 4 17 20 0.026440255 
277 34 26 31 0.02637854 
174 63 24 32 0.02631934 
339 114 27 34 0.026293492 
452 37 16 23 0.026189834 
622 11 27 35 0.026071995 
192 44 30 38 0.026038287 
225 -1 27 27 0.025856052 
393 168 41 52 0.024738634 
890 264 33 47 0.024310356 
670 11 24 32 0.024053197 
184 28 29 37 0.024047567 
38 63 26 35 0.023778157 
55 66 27 36 0.023777593 
82 525 15 16 0.023769643 
36 82 38 52 0.023750635 
357 297 52 65 0.023648115 
849 74 18 22 0.02355404 
472 52 25 30 0.02342027 
334 47 14 20 0.022832649 
930 0 30 30 0.022584261 
535 22 39 46 0.022568418 
858 0 17 19 0.022568343 
320 18 27 37 0.022363914 
790 47 29 36 0.02184198 
545 1 34 31 0.02158593 
747 137 39 48 0.021555673 
8 69 27 35 0.021422992 
639 61 25 37 0.021274393 
422 402 96 130 0.021015214 
349 104 25 32 0.02065219 
642 110 37 60 0.020622736 
382 102 25 30 0.020435026 
467 90 16 24 0.020410795 
904 540 29 32 0.0201935 
614 324 45 44 0.020051928 
