35_Basketball_basketballgame_ball_35_389
255
505 228 39 53 0.98035514 
622 588 17 23 0.95838755 
565 619 13 17 0.6557722 
322 613 11 14 0.6196861 
221 611 10 13 0.5573452 
85 621 10 12 0.53830767 
16 610 11 16 0.41763693 
641 577 22 29 0.4003404 
28 595 9 13 0.36155918 
500 584 11 13 0.3261992 
969 588 34 39 0.31125712 
136 586 9 12 0.3054052 
153 624 9 11 0.24370074 
635 581 19 28 0.22586618 
256 625 10 12 0.2154008 
136 565 9 11 0.20747192 
158 590 7 10 0.19685833 
567 593 12 16 0.17063287 
314 595 9 12 0.14945045 
570 569 12 17 0.121220335 
313 573 8 11 0.11697191 
303 557 8 11 0.10758467 
548 613 9 12 0.10631431 
185 592 8 11 0.103420004 
110 550 8 11 0.103277765 
9 597 11 15 0.10081333 
15 582 10 13 0.09324432 
805 303 22 30 0.0885661 
62 580 9 11 0.0824058 
589 573 13 15 0.07839321 
820 305 20 29 0.07731718 
916 405 10 13 0.07510119 
518 574 13 18 0.07408876 
151 604 10 13 0.07002669 
729 598 9 12 0.06725682 
560 597 10 14 0.06707043 
286 605 9 11 0.064936005 
262 614 8 11 0.06386246 
286 589 8 10 0.06358501 
683 621 11 14 0.0610356 
140 588 9 11 0.06091468 
867 588 13 19 0.06086902 
200 569 8 9 0.05859523 
606 594 11 15 0.05776595 
189 590 9 12 0.056201916 
319 567 8 11 0.055892095 
178 543 8 9 0.05498972 
317 591 9 13 0.0547984 
223 559 7 9 0.053257033 
700 570 11 15 0.05177828 
112 568 8 11 0.051518306 
14 587 11 15 0.05136537 
469 578 11 16 0.05099772 
675 573 13 16 0.050778538 
161 558 8 9 0.05045872 
201 512 8 9 0.049640194 
547 620 11 13 0.049615614 
166 559 8 10 0.048869193 
110 588 10 12 0.048823044 
883 625 13 15 0.048738927 
890 577 49 56 0.048195295 
555 544 11 13 0.048141535 
201 542 7 9 0.04764565 
934 599 25 36 0.04685041 
221 600 8 10 0.04590761 
349 604 9 12 0.045577064 
160 553 9 10 0.044948343 
8 600 18 28 0.044264752 
233 558 8 10 0.04413997 
141 566 8 10 0.043600738 
119 589 8 11 0.043343034 
145 542 8 10 0.04320244 
177 558 8 11 0.04320238 
342 560 9 11 0.04309202 
200 584 9 11 0.042791054 
660 587 14 19 0.042471606 
935 229 29 33 0.041878458 
903 435 12 13 0.041171085 
631 560 13 16 0.04113667 
209 528 7 8 0.04088902 
206 573 8 10 0.04047639 
440 571 11 14 0.040379014 
941 586 16 20 0.04018523 
380 618 13 14 0.040060066 
21 620 13 16 0.039770342 
908 437 10 14 0.039451834 
460 616 12 16 0.039008107 
583 573 13 16 0.038954414 
913 580 51 57 0.038909324 
166 566 8 10 0.03887098 
81 615 10 13 0.03850044 
216 559 7 9 0.038416807 
161 567 8 10 0.038261443 
542 590 10 13 0.03789333 
96 568 8 9 0.037718646 
238 550 8 11 0.03768324 
90 581 8 12 0.037319522 
295 572 9 11 0.036862634 
605 553 15 21 0.036192432 
200 537 8 8 0.03599656 
201 573 8 9 0.035708632 
191 584 8 10 0.035585545 
46 566 10 13 0.03555757 
748 572 10 13 0.035509072 
917 454 11 14 0.03484891 
684 615 10 13 0.034654867 
142 561 8 9 0.034569297 
701 595 14 18 0.03416106 
894 556 29 36 0.03410475 
110 555 8 10 0.03394565 
193 569 7 9 0.033798568 
192 574 7 9 0.03365963 
926 403 10 13 0.033659585 
385 590 8 10 0.033308502 
282 590 8 10 0.03317464 
157 598 10 13 0.03267949 
176 512 8 9 0.03254194 
640 621 18 19 0.032129463 
393 540 9 12 0.032032803 
153 584 8 11 0.03189837 
103 568 8 10 0.03187523 
758 600 10 12 0.031846575 
219 606 10 13 0.03170335 
281 584 8 11 0.031651467 
129 566 8 11 0.031391982 
582 525 9 11 0.031260576 
111 615 10 11 0.030907158 
389 603 10 14 0.030745089 
237 616 8 10 0.030702127 
129 512 8 11 0.030530373 
237 555 9 12 0.03015918 
262 600 8 9 0.030130552 
239 544 6 8 0.03007181 
562 614 11 13 0.030047398 
181 519 9 10 0.0299289 
1 556 10 16 0.029465277 
183 574 8 10 0.029452667 
905 559 97 99 0.02922181 
159 527 8 9 0.028962754 
217 553 7 8 0.028898472 
474 558 10 12 0.02887223 
546 522 106 123 0.028710589 
105 557 8 10 0.02844926 
316 571 9 12 0.028433438 
161 518 9 10 0.028323613 
258 617 8 10 0.028207377 
157 584 9 11 0.028204892 
119 567 8 11 0.028064083 
579 546 15 18 0.027948476 
94 620 10 12 0.02784977 
105 586 10 13 0.027798606 
183 567 8 10 0.027763743 
149 542 8 10 0.027489552 
567 527 13 14 0.026794707 
191 597 8 9 0.026773853 
285 624 10 12 0.026511032 
224 544 6 8 0.026385298 
158 572 9 11 0.02630925 
679 593 12 17 0.026282147 
262 560 8 9 0.026238605 
392 621 10 13 0.026181962 
607 615 13 16 0.025881512 
193 528 7 9 0.025869478 
181 558 8 10 0.025765603 
261 566 10 13 0.025756381 
200 518 8 9 0.025739122 
263 605 9 11 0.025632191 
193 608 9 11 0.02552769 
128 560 8 10 0.02552638 
938 586 26 37 0.025491606 
360 583 9 12 0.025255485 
226 581 8 10 0.025177525 
206 588 8 10 0.024907596 
206 542 7 9 0.024683626 
390 588 10 12 0.024600642 
286 599 9 11 0.024331734 
224 577 8 9 0.02424899 
562 572 10 14 0.024197103 
215 574 8 10 0.024184963 
477 562 11 15 0.024114387 
659 609 16 19 0.024089197 
153 573 9 11 0.024068734 
210 559 7 9 0.024047513 
288 570 10 13 0.024030492 
182 537 8 9 0.023971694 
547 590 11 13 0.023970991 
23 591 18 23 0.02393695 
949 571 25 33 0.023931123 
129 583 9 12 0.023913156 
444 588 10 13 0.023664283 
385 523 9 12 0.023624588 
137 551 8 10 0.02357061 
577 534 25 31 0.02349829 
104 542 9 11 0.023420043 
376 615 11 15 0.023369614 
453 540 9 12 0.023344213 
64 557 10 12 0.023126055 
161 512 9 10 0.023119407 
177 518 9 10 0.023012573 
375 564 9 12 0.022946272 
908 588 14 17 0.02286202 
177 608 8 10 0.022753801 
671 576 15 20 0.022724522 
525 565 9 13 0.022575703 
414 550 10 13 0.022484517 
37 230 10 14 0.022420403 
514 574 11 14 0.022251166 
511 579 12 16 0.022246705 
719 591 9 11 0.022233356 
487 589 11 13 0.022225495 
94 581 9 13 0.022132559 
312 614 11 13 0.022015363 
177 576 8 10 0.021948427 
487 571 10 13 0.021854851 
286 612 10 12 0.021786502 
271 620 9 11 0.021742316 
725 571 12 14 0.021737285 
146 621 8 11 0.021642212 
461 565 9 12 0.021626094 
433 575 10 13 0.021572487 
739 549 12 14 0.021532455 
396 619 11 14 0.021439873 
565 602 13 16 0.021387264 
142 572 9 11 0.021385573 
106 526 8 10 0.0213303 
165 512 9 10 0.021258067 
335 567 9 12 0.021210019 
397 587 10 14 0.021096576 
111 607 9 11 0.021072267 
151 559 8 10 0.02105732 
547 566 10 12 0.020925697 
235 553 8 10 0.020917313 
543 624 11 11 0.02091488 
664 586 21 28 0.020900616 
320 560 8 10 0.020891037 
702 628 11 12 0.02083613 
206 519 8 10 0.020788563 
37 599 10 12 0.020685788 
161 534 9 10 0.02058841 
670 620 13 15 0.02058125 
495 598 10 14 0.020498691 
321 403 27 33 0.02047024 
134 512 8 10 0.02044587 
215 527 7 9 0.020432122 
875 549 24 32 0.020292157 
327 567 9 11 0.020280056 
738 619 11 12 0.020253882 
224 520 8 9 0.020234788 
147 604 9 12 0.020202132 
177 582 8 10 0.020190699 
181 551 8 10 0.020173486 
205 511 9 10 0.020158341 
368 607 9 11 0.020149592 
182 511 8 10 0.020146523 
497 579 17 22 0.020132234 
