35_Basketball_playingbasketball_35_127
61
636 32 33 43 0.99928623 
318 56 29 38 0.9992586 
886 64 27 35 0.9985372 
531 165 37 46 0.9978801 
491 111 37 47 0.9969806 
597 186 48 62 0.9965635 
91 18 18 24 0.9659217 
15 62 16 20 0.8676942 
418 74 23 28 0.8533835 
851 3 26 29 0.83879983 
167 1 23 23 0.7016222 
1004 115 18 33 0.50328964 
736 16 55 66 0.12810114 
760 15 18 21 0.119167216 
458 138 25 35 0.11740937 
123 2 17 18 0.11451142 
820 12 23 30 0.09464069 
168 47 14 18 0.089835204 
406 138 22 29 0.074216954 
813 67 25 32 0.071839914 
461 195 25 37 0.052474782 
108 2 17 18 0.05043564 
126 123 10 13 0.048899733 
406 66 23 32 0.048050273 
834 19 15 20 0.04707149 
819 61 14 16 0.041650645 
412 67 36 47 0.041230664 
732 0 97 110 0.03788017 
899 134 31 39 0.036551066 
403 68 15 22 0.035906844 
163 33 25 33 0.035695706 
392 5 27 27 0.03441217 
680 14 25 30 0.033639804 
463 135 12 17 0.031234445 
403 2 24 23 0.030268503 
119 74 15 16 0.029506143 
843 10 25 35 0.02688653 
103 41 26 34 0.026757391 
816 67 15 18 0.026614703 
645 565 10 12 0.026137162 
347 208 24 27 0.025854891 
862 4 20 21 0.025728153 
205 345 511 493 0.025671985 
432 258 17 23 0.025619574 
760 53 208 238 0.025381334 
406 36 39 52 0.024876337 
740 36 14 19 0.024405543 
378 3 29 29 0.02411011 
158 1 17 19 0.02400836 
618 108 14 20 0.02388133 
402 15 17 20 0.023594925 
989 270 10 14 0.022732869 
307 140 31 28 0.02243138 
571 139 445 440 0.021875422 
694 49 14 19 0.021470316 
830 13 24 32 0.021462735 
192 25 13 16 0.021288613 
864 13 18 22 0.0211061 
776 66 16 20 0.020599026 
803 71 26 35 0.020307459 
566 173 30 36 0.020230893 
