35_Basketball_playingbasketball_35_283
49
660 351 120 93 0.94543624 
0 254 123 197 0.29535583 
233 6 33 35 0.10532064 
157 309 16 20 0.07213042 
372 909 15 20 0.05187541 
258 0 37 32 0.05086505 
1012 750 11 19 0.047881942 
741 1372 17 18 0.045815017 
671 372 40 33 0.04270078 
780 1374 15 16 0.04237342 
373 29 37 61 0.038909413 
109 1235 10 13 0.038148485 
152 1318 10 12 0.036595035 
430 1184 12 15 0.035694357 
437 957 11 15 0.03224384 
1012 799 12 19 0.031658232 
309 1369 16 16 0.030662743 
290 994 223 249 0.030607209 
866 1373 17 19 0.029979385 
36 637 10 13 0.029095655 
0 925 11 15 0.028931295 
443 15 13 12 0.028665971 
247 1373 9 11 0.028601304 
391 1370 13 14 0.028484017 
151 1324 11 13 0.028195916 
685 363 55 53 0.026640289 
0 979 12 21 0.026312511 
413 880 10 13 0.026096446 
218 1306 13 16 0.025692372 
260 1177 40 58 0.025132641 
110 1326 9 12 0.024748215 
425 1180 11 14 0.024671027 
382 1368 10 12 0.024538947 
128 1309 11 13 0.024185171 
132 1259 12 15 0.024038928 
702 386 72 77 0.023715481 
398 1371 12 14 0.02362025 
302 1370 13 14 0.02359401 
886 1384 11 13 0.023565708 
0 909 15 17 0.023398507 
755 558 24 39 0.02320945 
267 1179 18 20 0.022921085 
422 191 14 17 0.022101063 
382 822 10 11 0.021478912 
429 1373 14 14 0.02094892 
587 323 224 168 0.02079969 
462 341 13 15 0.020698633 
141 643 11 13 0.020591935 
58 982 14 18 0.020024255 
