35_Basketball_playingbasketball_35_156
21
391 446 117 79 0.9664582 
808 377 84 109 0.89353466 
895 437 58 62 0.18001996 
76 145 92 97 0.1160661 
149 119 57 71 0.079967014 
853 412 91 95 0.06953982 
412 454 59 48 0.03284106 
108 171 41 45 0.031389028 
351 399 175 163 0.030798258 
458 472 55 50 0.029572893 
108 111 67 72 0.027462794 
525 230 14 20 0.027093971 
410 387 90 113 0.026917366 
770 230 92 122 0.025869086 
76 606 18 23 0.024264429 
133 146 64 73 0.023615127 
475 327 20 21 0.02320022 
499 357 45 61 0.02156759 
470 329 16 17 0.021233285 
67 100 95 98 0.020900091 
520 215 10 13 0.02025516 
