35_Basketball_Basketball_35_327
56
84 163 28 35 0.9996904 
790 170 30 39 0.9988784 
540 155 26 32 0.99840456 
738 156 22 29 0.99737394 
969 183 30 38 0.99720675 
23 176 24 31 0.99715024 
829 147 26 35 0.9967505 
765 146 27 36 0.99635726 
916 142 37 52 0.9908948 
409 230 52 78 0.99078965 
385 174 22 29 0.98976773 
596 162 22 27 0.9871336 
665 155 26 28 0.9845495 
465 179 21 27 0.97871953 
185 183 19 23 0.9763293 
249 168 21 27 0.97505105 
435 162 20 25 0.97329867 
324 185 18 23 0.9583213 
491 176 17 22 0.95223504 
981 159 25 29 0.9414413 
635 170 21 27 0.9356039 
567 162 16 24 0.17386398 
748 156 25 30 0.15915206 
2 234 14 17 0.14376925 
268 144 16 18 0.12729834 
417 226 32 54 0.11510536 
1012 176 11 17 0.10558927 
510 191 11 12 0.08839724 
531 187 13 19 0.08639212 
249 237 14 17 0.08140156 
1014 137 10 15 0.058424022 
707 177 16 21 0.056930378 
566 178 15 21 0.054511484 
525 181 14 19 0.051447324 
524 418 16 17 0.048937365 
622 228 20 29 0.04756031 
14 241 13 16 0.047376167 
254 250 12 16 0.04135185 
487 183 17 21 0.038970422 
466 173 17 21 0.03580083 
738 290 16 16 0.03247961 
491 164 22 26 0.031175038 
142 171 14 19 0.030311648 
245 240 21 25 0.026698356 
243 227 15 17 0.025779674 
302 173 11 15 0.024250077 
593 255 10 15 0.023551146 
265 142 12 15 0.023526277 
703 329 12 16 0.023262197 
277 177 13 16 0.021918926 
228 202 15 20 0.021897243 
219 253 11 14 0.021381656 
498 183 14 18 0.021153066 
418 162 15 20 0.020878678 
437 221 26 47 0.020575276 
199 163 13 17 0.020115737 
