35_Basketball_Basketball_35_449
524
490 243 24 28 0.9315043 
81 413 9 13 0.9039923 
782 448 7 11 0.67477506 
982 410 10 12 0.57291925 
291 391 7 10 0.41868028 
801 470 8 11 0.37426946 
374 423 9 11 0.36421287 
906 417 8 10 0.35488638 
836 452 9 11 0.34764728 
765 459 9 12 0.34194264 
857 397 10 13 0.33342558 
759 472 8 11 0.31168544 
76 441 14 17 0.3019691 
151 421 10 12 0.2933757 
261 455 7 9 0.29118207 
169 455 7 10 0.2811417 
909 421 8 10 0.26724684 
102 401 9 11 0.26693973 
110 384 7 9 0.26185513 
112 462 8 11 0.21826938 
852 438 8 10 0.21306193 
128 437 10 12 0.20027934 
740 471 9 11 0.19841929 
156 423 9 11 0.19355047 
183 446 8 10 0.19211918 
144 421 10 13 0.19127914 
890 425 7 10 0.18862846 
160 388 9 10 0.18067764 
631 448 7 9 0.18025151 
144 446 9 12 0.17763491 
176 445 9 11 0.17464288 
983 453 8 9 0.17385335 
495 497 8 10 0.167809 
481 33 21 26 0.1651743 
173 454 8 11 0.15887916 
142 383 7 9 0.15348998 
53 445 10 12 0.15344447 
390 493 10 13 0.14850026 
241 447 8 10 0.14747244 
119 430 9 12 0.14482528 
18 422 9 11 0.14318414 
804 477 9 12 0.14000738 
25 399 8 10 0.13311486 
126 408 8 10 0.13115793 
125 422 8 11 0.12447679 
973 421 10 12 0.12420927 
98 431 8 10 0.123735145 
126 414 8 10 0.12241286 
431 495 8 10 0.11549577 
409 471 9 11 0.11543766 
956 456 9 11 0.114377655 
965 437 10 12 0.1140133 
678 477 9 12 0.1129272 
563 423 7 10 0.11220306 
144 452 8 10 0.11083468 
911 427 9 12 0.11065008 
111 405 8 10 0.11039843 
978 413 10 13 0.10732349 
800 465 9 11 0.10710299 
127 445 8 11 0.10690735 
177 441 8 10 0.10620222 
120 384 7 9 0.10520354 
128 431 10 13 0.0996773 
225 447 7 10 0.098762274 
69 428 9 11 0.09851265 
55 399 9 11 0.098262966 
255 433 8 9 0.097877376 
891 429 9 12 0.09763026 
774 494 9 11 0.09681206 
121 390 8 10 0.096234076 
223 462 7 9 0.09621316 
415 463 8 11 0.09090708 
835 449 8 11 0.08936094 
29 400 7 9 0.08812107 
777 472 8 9 0.087737754 
143 376 8 10 0.08692652 
823 478 10 12 0.08577282 
286 415 7 10 0.085755154 
57 439 9 12 0.08537775 
206 448 9 10 0.08431129 
50 451 12 14 0.08374222 
192 454 7 9 0.082885265 
200 408 7 9 0.08224405 
113 440 7 10 0.08211698 
799 493 8 10 0.081932046 
97 400 9 10 0.081525005 
144 407 8 10 0.08145876 
118 464 8 11 0.080780216 
231 433 7 9 0.07970566 
425 495 8 11 0.07959594 
138 384 8 9 0.0795572 
150 445 8 11 0.07672747 
218 462 7 9 0.07662598 
15 384 8 9 0.07648118 
169 415 8 9 0.074963026 
912 445 9 12 0.07482707 
144 415 10 12 0.07479129 
635 470 6 9 0.07292589 
14 391 9 11 0.070453286 
150 441 9 11 0.06980993 
7 414 8 10 0.06964029 
25 456 9 10 0.06915557 
64 430 9 11 0.06770872 
545 495 7 10 0.06667565 
973 438 11 13 0.06647376 
432 455 10 12 0.06611526 
118 437 9 11 0.065886065 
957 461 8 11 0.065883674 
562 451 10 12 0.065639 
736 474 10 12 0.06492467 
120 407 9 10 0.06434577 
111 445 8 10 0.06344432 
224 455 7 10 0.06341997 
685 475 11 13 0.06229984 
138 454 7 9 0.0622078 
430 159 20 32 0.06126841 
709 494 8 12 0.061178036 
30 454 9 10 0.060819034 
16 397 8 10 0.060729865 
312 486 8 11 0.060599525 
0 439 9 13 0.060356874 
671 398 13 17 0.06013555 
967 431 10 13 0.06002971 
105 456 9 11 0.05997144 
231 438 7 10 0.059608996 
0 382 7 10 0.059608363 
385 487 8 10 0.059398014 
224 415 8 9 0.05922272 
250 432 8 9 0.058599465 
143 389 8 10 0.058504038 
96 423 9 11 0.058502387 
182 441 8 10 0.058184013 
967 417 10 12 0.05743336 
168 448 8 10 0.057303835 
298 407 7 10 0.0568855 
520 501 7 10 0.05643247 
615 504 9 11 0.05625472 
120 399 8 10 0.055840254 
776 477 8 10 0.05525967 
842 502 9 11 0.05493468 
806 463 8 11 0.054906126 
5 422 8 11 0.054753136 
272 392 6 9 0.054658625 
159 445 9 10 0.054601934 
185 452 8 11 0.054304957 
478 494 7 10 0.054109763 
25 404 9 11 0.054057024 
72 487 10 11 0.053598087 
302 405 8 12 0.053581 
105 460 10 13 0.05335055 
96 436 9 11 0.05319926 
415 454 7 10 0.05312566 
207 408 7 9 0.053063534 
754 470 8 10 0.052858192 
616 471 7 10 0.052810363 
561 429 8 10 0.052637618 
215 423 8 11 0.05241485 
218 391 8 9 0.052361645 
269 424 8 10 0.051928587 
263 431 8 10 0.051759016 
23 416 9 10 0.05124341 
849 454 10 13 0.051174738 
78 449 13 15 0.051173985 
319 384 8 11 0.050922263 
158 427 9 11 0.05090207 
318 389 8 11 0.05072167 
161 454 8 10 0.05038447 
49 447 9 12 0.050315592 
972 430 10 11 0.05018357 
40 454 10 12 0.050037805 
191 438 7 10 0.04961069 
262 460 8 10 0.049566787 
62 445 10 13 0.049500998 
418 494 7 10 0.049302265 
456 493 8 11 0.049277846 
121 415 9 10 0.049061622 
83 438 11 14 0.048478544 
72 437 13 17 0.04812733 
623 479 6 8 0.047959846 
303 400 9 10 0.047929548 
514 486 7 10 0.047812775 
342 503 9 11 0.04769228 
781 470 8 11 0.04696971 
49 398 7 10 0.04694295 
168 430 9 10 0.046939306 
905 443 9 12 0.04684836 
676 375 11 14 0.04636992 
4 429 11 13 0.046277452 
992 436 11 13 0.04620121 
792 463 9 11 0.0461968 
887 486 10 12 0.046120517 
193 408 7 9 0.04605171 
144 400 8 10 0.045639124 
335 472 8 10 0.04560411 
120 446 8 10 0.04530865 
894 453 8 10 0.04505624 
303 385 7 9 0.045013398 
854 454 9 12 0.044929497 
168 473 7 9 0.044924587 
238 463 8 11 0.044812705 
90 486 10 12 0.044248614 
905 463 8 11 0.043964468 
767 488 9 11 0.043870483 
627 456 6 8 0.043802924 
775 488 10 12 0.043647427 
303 414 8 11 0.043581665 
256 449 8 10 0.04347923 
288 408 8 10 0.043458372 
594 431 6 9 0.042886462 
191 430 8 10 0.042817518 
854 444 8 12 0.04271531 
152 376 7 9 0.042624116 
632 464 7 10 0.042605255 
10 392 8 10 0.042556953 
617 477 6 8 0.04235451 
271 429 7 9 0.04233669 
217 456 7 9 0.04221379 
575 502 7 10 0.042163517 
879 414 8 9 0.042065166 
210 422 8 10 0.042040393 
753 463 8 10 0.041874737 
490 502 8 10 0.041809667 
854 460 8 10 0.04173101 
138 376 7 9 0.04048017 
151 453 7 9 0.040417634 
199 413 8 9 0.040251542 
103 438 8 10 0.040067874 
233 392 7 9 0.039960522 
201 447 9 11 0.03977542 
546 470 8 11 0.039490893 
84 409 10 12 0.03935118 
609 432 7 9 0.03934946 
135 401 8 9 0.039111186 
125 464 9 11 0.039054234 
142 426 10 12 0.039035402 
975 503 9 11 0.038927104 
882 468 9 13 0.03872922 
453 426 31 30 0.038604263 
512 480 7 10 0.03851306 
768 493 9 12 0.038475912 
338 501 9 11 0.038155675 
567 430 7 10 0.038034655 
630 453 8 10 0.037555326 
241 415 8 10 0.037454776 
136 423 8 11 0.03745297 
800 487 8 11 0.03732801 
329 462 8 10 0.03732302 
789 455 10 11 0.037099447 
585 455 7 10 0.037015133 
374 454 7 10 0.036965065 
184 407 8 10 0.03693541 
894 485 8 11 0.036917165 
191 423 8 11 0.036781102 
987 412 9 11 0.036758948 
16 426 11 14 0.03636778 
232 463 7 10 0.036228478 
842 508 8 11 0.036146767 
177 382 7 9 0.035997037 
857 511 9 12 0.035883963 
190 447 7 10 0.035738867 
209 415 8 9 0.035545204 
429 430 8 10 0.03547871 
329 476 10 12 0.035464395 
216 429 8 10 0.035362046 
105 446 8 10 0.03533644 
981 417 11 14 0.03531275 
975 443 11 14 0.035245735 
70 374 7 10 0.03510673 
793 470 9 11 0.03503179 
805 483 9 12 0.034931425 
22 384 8 9 0.034562085 
401 503 8 10 0.034370843 
673 477 10 12 0.03436248 
154 382 8 10 0.034308292 
1015 420 9 13 0.034222294 
863 451 9 12 0.03417914 
929 438 8 10 0.034079608 
193 400 7 9 0.034068014 
223 408 8 9 0.034007598 
886 492 10 12 0.033991735 
289 446 8 11 0.033855367 
314 391 8 9 0.03367682 
246 400 8 11 0.033629864 
678 461 9 11 0.033621777 
225 440 8 10 0.033571832 
138 500 11 13 0.03347181 
289 386 8 10 0.03328382 
407 476 9 10 0.033278428 
1 375 7 11 0.03327832 
17 376 7 9 0.033100486 
728 478 10 10 0.03309765 
199 462 7 9 0.03290496 
15 416 9 10 0.03289089 
829 478 10 12 0.032796703 
169 408 8 10 0.03270777 
1 388 7 11 0.03269089 
186 413 8 9 0.03267859 
312 479 10 13 0.032516178 
32 446 9 11 0.032284748 
175 430 8 10 0.0321633 
126 383 7 9 0.03214219 
145 440 9 12 0.032090973 
501 495 8 10 0.03207978 
731 411 11 13 0.032041427 
990 453 9 10 0.031983864 
401 480 8 9 0.031902514 
413 468 8 11 0.031847652 
766 477 7 10 0.03173774 
824 473 7 9 0.031689152 
479 487 8 10 0.031636253 
29 416 8 10 0.03157161 
128 400 7 9 0.031554174 
308 193 12 15 0.03152603 
397 487 9 11 0.031521186 
109 456 9 11 0.03145635 
168 422 9 10 0.03137159 
230 456 7 9 0.03130906 
66 424 10 12 0.031243255 
943 455 8 10 0.031155897 
684 355 13 15 0.031092364 
672 378 12 16 0.031014778 
850 432 9 12 0.030951941 
158 406 8 10 0.030734168 
319 397 8 10 0.030722253 
328 455 8 9 0.030553011 
88 492 11 14 0.03043726 
287 421 7 9 0.030371869 
78 409 18 22 0.03036355 
198 431 8 10 0.030316612 
514 494 8 11 0.030128922 
436 494 8 10 0.029838253 
313 385 9 10 0.029809507 
918 452 10 11 0.02951628 
609 454 6 8 0.029437212 
192 413 7 9 0.029197777 
164 390 8 10 0.029121997 
491 496 8 10 0.029003678 
29 438 10 13 0.028875588 
778 451 10 13 0.028781602 
199 438 9 11 0.028750477 
326 444 8 10 0.028749881 
600 486 8 10 0.028678477 
306 488 8 10 0.028570527 
640 455 8 10 0.02856039 
199 455 7 9 0.028528783 
94 485 11 13 0.028503507 
417 487 7 10 0.028463712 
1 491 14 18 0.02838716 
280 431 7 10 0.028338008 
199 382 7 9 0.02827984 
1 407 7 10 0.028240569 
861 510 8 11 0.028219055 
438 486 8 10 0.02819853 
208 400 6 9 0.028059278 
330 470 9 12 0.028055655 
39 391 8 9 0.02802644 
546 478 7 10 0.02796299 
320 408 8 9 0.027935144 
185 423 9 11 0.02786989 
176 400 8 11 0.027829796 
981 438 11 13 0.027706143 
76 486 9 12 0.027642524 
761 504 10 12 0.027578643 
101 422 9 11 0.02757629 
295 438 8 11 0.027537925 
514 500 8 11 0.027452074 
240 452 9 11 0.027442291 
817 496 9 11 0.027370559 
44 457 13 16 0.027344404 
320 436 11 13 0.027237436 
175 406 8 10 0.02719764 
886 477 9 13 0.027154407 
481 480 8 9 0.026822679 
242 399 8 11 0.026767122 
105 388 9 11 0.026758948 
175 461 7 9 0.026727304 
54 487 10 13 0.026680687 
511 468 8 10 0.026662182 
263 449 7 9 0.026607541 
390 462 9 11 0.026565773 
58 432 9 12 0.026524004 
432 527 10 11 0.02651692 
374 446 10 12 0.02645575 
217 398 8 10 0.026454443 
405 503 8 10 0.026390895 
378 405 9 11 0.026369866 
320 412 8 10 0.026358912 
391 456 9 10 0.026284317 
350 109 9 12 0.026275868 
224 430 7 10 0.026215563 
415 448 7 10 0.026106654 
23 391 8 9 0.026082685 
102 485 11 15 0.026065672 
518 496 8 10 0.026059898 
566 415 8 10 0.026056768 
39 398 8 9 0.026039636 
879 408 8 11 0.026017454 
872 406 9 11 0.025992287 
327 512 10 12 0.02589886 
44 447 20 24 0.025879271 
913 451 10 12 0.025842499 
66 375 7 10 0.025822025 
264 438 8 10 0.025806 
192 463 8 9 0.02579552 
422 479 9 11 0.02578303 
724 485 11 13 0.025758177 
533 415 11 15 0.025661387 
551 502 8 10 0.025622549 
128 377 7 8 0.02555137 
485 445 11 12 0.0253626 
287 385 17 24 0.025211552 
430 469 10 11 0.025146395 
137 388 9 10 0.0251291 
383 406 8 10 0.025117807 
895 481 8 11 0.025102125 
517 487 7 10 0.025059748 
38 448 9 11 0.025044074 
935 438 8 10 0.02502409 
836 460 10 12 0.024997763 
425 446 8 10 0.024983887 
961 415 9 11 0.024859803 
415 424 8 10 0.024782091 
781 487 8 10 0.024735384 
55 392 7 10 0.024728043 
304 192 10 14 0.024660766 
257 383 8 10 0.024649741 
55 377 8 10 0.024630966 
648 462 8 11 0.024539849 
168 459 8 10 0.024525646 
989 445 11 13 0.024504188 
411 453 8 10 0.024441274 
6 375 7 10 0.024439897 
585 481 7 9 0.024430249 
967 493 9 11 0.024350425 
366 406 7 9 0.024098873 
541 527 10 11 0.024090098 
303 391 7 9 0.024043 
561 438 9 10 0.02397505 
818 478 10 12 0.023918668 
641 489 8 9 0.023913605 
960 443 10 13 0.023901865 
380 104 15 20 0.02368263 
749 486 9 11 0.023674035 
214 416 7 9 0.02364049 
231 447 6 8 0.023618419 
3 413 8 12 0.023587612 
120 377 8 9 0.02353002 
158 376 9 9 0.023511795 
862 402 8 11 0.023412382 
422 406 8 10 0.02336379 
544 431 9 11 0.023326542 
705 488 8 10 0.023286782 
369 438 8 9 0.023238223 
882 423 7 10 0.023132674 
182 382 7 9 0.023091877 
818 485 9 11 0.023027167 
342 507 10 12 0.022937607 
909 439 9 12 0.022937138 
578 423 7 9 0.022930881 
8 383 7 9 0.022909395 
788 447 8 10 0.022743067 
464 502 7 9 0.022739481 
793 477 9 11 0.022691673 
63 477 12 13 0.022668496 
174 423 8 10 0.022379931 
893 493 8 12 0.022353962 
68 504 15 17 0.022338433 
151 407 8 10 0.022322912 
256 390 8 10 0.022263452 
294 386 8 10 0.022079833 
78 468 10 13 0.02199063 
271 396 7 10 0.02196425 
112 414 8 10 0.021841675 
385 500 9 11 0.021767277 
101 538 28 33 0.021657715 
135 463 9 11 0.021584446 
312 397 8 11 0.021487955 
339 126 16 19 0.021437429 
393 512 8 9 0.021382652 
540 532 12 14 0.021353029 
423 470 8 10 0.021287523 
608 449 7 9 0.021226576 
799 456 8 9 0.021197699 
885 464 10 11 0.021180158 
374 417 10 13 0.021160398 
894 447 8 11 0.021151964 
849 442 10 13 0.021092424 
114 431 9 11 0.021091487 
94 462 11 13 0.021074291 
326 415 9 10 0.020950133 
297 413 8 10 0.020945461 
143 462 9 11 0.020944968 
462 495 7 10 0.020920241 
735 450 11 15 0.02085301 
84 450 12 15 0.020847935 
288 440 8 10 0.020786913 
184 463 8 10 0.020749666 
752 477 10 11 0.020742342 
727 470 11 13 0.020717025 
583 485 7 9 0.020536467 
396 493 8 12 0.020522078 
367 398 7 11 0.020505192 
836 478 9 11 0.020501697 
680 471 10 14 0.020487979 
240 441 7 8 0.020455595 
889 447 9 12 0.02044908 
182 399 8 10 0.020448333 
481 512 7 8 0.020437248 
678 484 9 10 0.02041207 
641 511 8 9 0.020409575 
167 439 9 11 0.020400824 
294 395 9 12 0.020392805 
659 451 12 13 0.020390358 
240 390 8 10 0.02033003 
763 508 11 12 0.020316364 
325 438 9 13 0.020314323 
280 398 7 9 0.020311298 
135 415 8 10 0.020292394 
224 501 11 12 0.020260595 
216 449 7 9 0.02020376 
125 453 9 10 0.020191012 
765 471 8 10 0.02017377 
793 487 8 10 0.02009399 
342 495 9 11 0.020018108 
