35_Basketball_playingbasketball_35_417
55
365 18 47 54 0.99773514 
355 245 28 39 0.99149585 
284 256 32 49 0.99090564 
887 162 30 36 0.98113513 
214 248 27 48 0.9758647 
738 85 37 40 0.92285126 
183 51 24 28 0.9086711 
960 49 32 45 0.87613785 
50 63 29 37 0.8315292 
225 132 32 40 0.7887796 
311 55 28 35 0.7443512 
526 36 28 34 0.6898302 
52 198 23 30 0.6257837 
920 115 25 29 0.49455234 
244 60 27 32 0.39728287 
447 33 29 40 0.22911161 
174 301 39 50 0.1721012 
197 258 33 40 0.14898485 
157 64 41 50 0.08120793 
522 53 36 40 0.06743939 
162 69 25 32 0.067369774 
306 65 35 46 0.06067999 
455 29 38 52 0.05497228 
113 160 19 22 0.051898982 
95 228 29 30 0.04850707 
221 190 24 34 0.040747095 
258 273 25 31 0.038707465 
957 309 16 22 0.038015537 
185 252 30 43 0.037569925 
293 160 53 64 0.037170306 
58 54 30 35 0.036191255 
1002 118 21 33 0.035770953 
324 56 30 33 0.03505872 
68 46 26 28 0.033692963 
-10 466 184 244 0.03187792 
292 240 29 48 0.03128455 
884 177 28 33 0.029542148 
33 153 23 33 0.028729448 
169 52 41 49 0.028115686 
350 261 29 36 0.028107556 
142 70 24 32 0.02672418 
906 115 30 33 0.026018092 
313 44 20 25 0.025244754 
0 6 26 32 0.025078831 
35 134 24 35 0.024656579 
-56 373 343 418 0.024464147 
174 373 43 51 0.024324995 
116 127 21 27 0.023089746 
131 176 400 424 0.022750959 
108 165 17 21 0.022286393 
58 127 25 32 0.020708181 
473 40 41 55 0.020410093 
170 85 28 32 0.020401506 
305 263 17 26 0.020259773 
841 232 20 23 0.02018943 
