35_Basketball_Basketball_35_393
28
181 27 258 215 0.9110067 
757 164 43 64 0.52805895 
202 15 412 434 0.2561589 
783 94 49 58 0.19163099 
824 380 184 247 0.18304516 
-55 300 476 399 0.1530018 
533 677 13 17 0.08800096 
726 127 77 109 0.08480672 
271 170 400 400 0.08281935 
773 180 40 46 0.049412318 
794 197 31 37 0.04841387 
199 694 51 60 0.04739891 
813 98 37 43 0.039363123 
38 83 464 519 0.039044373 
782 97 27 42 0.034579292 
748 179 35 60 0.03185159 
56 615 23 32 0.031343188 
763 271 40 47 0.030412834 
781 266 51 75 0.028004743 
776 248 103 147 0.027163014 
140 354 366 479 0.026621476 
739 268 50 60 0.024907254 
579 684 28 32 0.024212465 
547 667 16 19 0.023581298 
690 93 92 135 0.02334471 
765 95 52 81 0.023031145 
701 109 187 235 0.02285841 
369 691 36 41 0.021520542 
