35_Basketball_playingbasketball_35_252
35
594 55 51 67 0.99907696 
101 10 49 67 0.99016106 
556 0 42 45 0.9857312 
480 67 46 71 0.97605884 
440 12 49 58 0.31440133 
1009 73 15 25 0.131232 
74 -2 30 26 0.079289794 
416 4 54 62 0.0771774 
420 17 27 36 0.058775 
359 204 45 71 0.055393603 
625 -1 35 33 0.05427395 
456 233 234 306 0.05297007 
512 44 28 43 0.04745684 
251 234 33 34 0.047376808 
498 16 43 50 0.042031128 
767 332 15 18 0.040119354 
659 19 182 237 0.038076177 
521 330 75 71 0.034812566 
583 0 30 31 0.032346833 
478 299 139 126 0.03100361 
342 58 53 62 0.029786602 
490 241 343 420 0.028387133 
378 146 50 69 0.028336344 
526 372 43 44 0.02786509 
514 -1 37 37 0.026657516 
445 3 35 40 0.025499234 
63 0 30 30 0.025203647 
434 408 58 59 0.023824478 
49 6 29 30 0.023393938 
440 235 50 61 0.022514384 
409 2 35 43 0.022365076 
329 109 39 41 0.022210265 
351 0 31 24 0.021781428 
616 9 46 50 0.021671806 
443 256 107 108 0.021128826 
