35_Basketball_Basketball_35_529
39
376 179 27 35 0.99917126 
764 236 32 37 0.99867177 
504 158 36 44 0.9983234 
563 175 32 41 0.9981546 
640 175 29 39 0.9978661 
697 214 30 39 0.99523133 
266 209 30 40 0.9948088 
437 166 32 42 0.9943229 
390 148 15 18 0.2197138 
313 219 16 21 0.21538752 
336 168 16 19 0.11052969 
361 161 24 31 0.10620112 
324 155 14 17 0.08976716 
310 177 24 31 0.08544533 
327 173 22 29 0.054418292 
376 159 23 26 0.051896438 
325 145 17 20 0.05130837 
326 151 24 25 0.04706248 
665 17 346 484 0.034962084 
355 163 17 23 0.034790687 
372 156 16 19 0.030596841 
318 139 16 18 0.029110856 
653 177 29 38 0.028548114 
344 184 24 31 0.027700905 
338 176 16 21 0.027590975 
335 181 22 30 0.027554061 
388 156 22 28 0.027373917 
587 249 344 381 0.026811551 
319 208 25 30 0.025688196 
337 155 17 18 0.025659472 
320 183 24 31 0.024567394 
594 283 28 37 0.02380918 
626 202 15 21 0.02279172 
234 228 14 18 0.022342777 
664 296 192 231 0.021953067 
325 198 27 32 0.021463735 
229 235 13 18 0.020193588 
365 177 25 35 0.020121984 
385 266 10 15 0.020010225 
