35_Basketball_Basketball_35_549
24
725 372 46 56 0.99788576 
690 380 29 45 0.26216072 
363 278 37 48 0.08072135 
-76 -60 519 380 0.07178115 
448 232 32 36 0.060035896 
603 970 26 33 0.05584869 
649 389 26 43 0.04026073 
735 981 29 47 0.039266538 
248 673 41 44 0.038135484 
699 373 28 42 0.036418628 
618 174 108 118 0.03513904 
436 268 34 40 0.032849435 
363 300 35 44 0.028730579 
317 354 47 72 0.027255014 
739 924 15 20 0.026295157 
538 234 17 19 0.025977599 
354 355 28 30 0.02452788 
421 276 37 40 0.023959326 
441 246 44 50 0.023611141 
421 314 62 73 0.023487723 
462 230 29 34 0.023264783 
210 840 14 17 0.022567187 
979 -8 45 62 0.021210833 
868 914 16 18 0.020334804 
