35_Basketball_Basketball_35_180
28
603 165 29 37 0.9996008 
384 193 27 36 0.9995857 
529 155 27 36 0.99900997 
218 173 30 38 0.9989623 
330 189 30 36 0.99883574 
282 187 33 42 0.9988213 
412 397 36 46 0.9986946 
473 218 32 41 0.99864286 
440 176 27 34 0.99850285 
685 164 28 38 0.99813557 
611 358 30 39 0.996309 
434 375 26 33 0.15944603 
472 133 13 17 0.05253786 
524 244 15 19 0.051850222 
491 130 12 15 0.044798702 
544 251 13 17 0.03456511 
516 232 12 14 0.03432521 
895 61 42 53 0.03281924 
950 102 25 28 0.028512983 
575 340 12 16 0.026977377 
290 213 26 31 0.025811462 
356 217 18 21 0.025628889 
355 359 20 29 0.025321236 
359 209 16 21 0.024828885 
490 103 28 36 0.023719544 
452 157 24 29 0.02275465 
127 56 13 17 0.022029892 
302 216 25 31 0.021958143 
