35_Basketball_basketballgame_ball_35_50
104
949 271 31 40 0.99939597 
276 167 25 32 0.99875665 
411 207 23 29 0.99639434 
586 126 36 46 0.9913584 
209 271 42 58 0.97844166 
774 336 40 41 0.40165204 
970 104 7 9 0.2295736 
943 103 6 9 0.14414461 
817 405 20 21 0.14113498 
997 110 8 9 0.13914026 
1006 75 12 15 0.12985761 
876 93 9 11 0.12787187 
1011 77 10 14 0.12260218 
871 112 7 10 0.122060046 
751 389 33 41 0.11419216 
958 120 7 9 0.09766673 
1000 74 10 14 0.09356366 
877 88 8 11 0.09312665 
845 83 10 12 0.0871021 
879 111 7 9 0.08636252 
929 116 9 11 0.08302578 
973 120 7 10 0.08290033 
771 68 10 13 0.08234045 
920 96 6 8 0.07886402 
889 94 8 11 0.074721575 
812 392 32 34 0.07393642 
583 63 29 39 0.071155414 
848 54 9 11 0.0658174 
960 103 7 9 0.06369218 
970 109 8 10 0.059108485 
861 96 9 11 0.056456473 
836 96 10 11 0.05486428 
842 80 8 11 0.054549005 
928 104 8 9 0.0544672 
858 102 9 10 0.052631866 
854 111 9 11 0.051646795 
854 117 8 10 0.05070188 
877 102 8 10 0.050430894 
954 119 8 10 0.050156496 
888 112 9 10 0.049452048 
959 126 9 10 0.048167836 
927 96 8 9 0.046359126 
936 103 7 9 0.04476121 
839 85 10 12 0.044004276 
1000 67 21 27 0.043437544 
993 104 10 12 0.043203425 
973 104 8 10 0.041810956 
166 372 44 39 0.036700994 
190 293 27 34 0.036458742 
937 96 7 9 0.036335204 
953 111 7 9 0.03302736 
915 95 6 9 0.03250337 
833 88 8 10 0.03247116 
992 120 9 11 0.032316282 
889 102 8 10 0.031917576 
847 49 9 11 0.03156956 
833 58 11 15 0.03092995 
966 134 8 10 0.03071349 
898 444 10 14 0.030113563 
171 46 25 27 0.029722447 
911 112 8 11 0.02972052 
848 70 8 10 0.029619455 
888 89 8 9 0.028463513 
174 51 12 16 0.027603999 
403 192 11 13 0.027355215 
543 153 26 36 0.027318904 
687 72 8 10 0.026976436 
24 86 9 12 0.026972659 
864 117 8 10 0.026837584 
1 90 9 13 0.026426163 
245 276 29 42 0.026188409 
264 107 423 492 0.026140561 
990 124 9 11 0.026129263 
395 256 25 30 0.025850248 
849 60 9 12 0.025806678 
182 305 26 32 0.025277384 
984 127 8 9 0.024922738 
952 105 7 8 0.024356214 
976 259 28 33 0.024262613 
969 126 8 10 0.024005957 
906 111 7 10 0.023936095 
958 112 8 9 0.02390652 
832 69 9 12 0.023820464 
657 48 7 10 0.02372628 
961 134 9 10 0.023580935 
191 319 32 35 0.02351237 
944 109 8 10 0.023402419 
832 79 7 9 0.023335 
1016 109 9 12 0.022330036 
1005 63 15 17 0.021881975 
1011 70 11 14 0.0217615 
904 78 7 10 0.020966727 
612 180 15 18 0.02096472 
836 55 10 13 0.02092357 
656 57 10 15 0.020855531 
798 384 34 36 0.020689212 
984 133 8 10 0.02067934 
400 205 23 31 0.020493126 
732 39 12 15 0.020455575 
686 77 8 11 0.02034998 
161 349 51 48 0.02025207 
931 111 10 11 0.020089967 
688 62 8 11 0.020079669 
261 207 25 33 0.020062964 
