35_Basketball_basketballgame_ball_35_309
41
778 65 172 227 0.9992112 
225 -1 69 73 0.9969747 
395 72 80 108 0.9963475 
132 55 65 106 0.9895014 
-9 516 75 156 0.87632847 
954 63 24 34 0.5383485 
987 93 21 26 0.3880247 
947 185 52 65 0.2562173 
936 47 41 54 0.12852506 
300 381 39 43 0.1200913 
682 68 25 32 0.11894081 
533 342 24 33 0.09863072 
914 5 24 29 0.08190177 
313 391 35 42 0.06473763 
686 65 17 20 0.06391897 
700 117 27 36 0.06349969 
680 122 27 36 0.059752874 
997 4 26 34 0.059275225 
707 115 18 22 0.050054748 
985 1 27 28 0.046222564 
894 461 45 38 0.04584139 
84 98 64 92 0.042103417 
119 -5 55 52 0.04132366 
883 454 82 63 0.04117276 
922 157 86 115 0.04003056 
934 41 31 37 0.039688315 
422 272 38 59 0.03640947 
107 82 69 103 0.03640468 
174 58 56 81 0.033714958 
637 168 44 58 0.03228609 
186 34 58 75 0.03209187 
973 -2 45 43 0.03102936 
676 100 45 56 0.029461494 
678 133 17 24 0.028220046 
331 409 17 21 0.027850645 
982 2 19 20 0.027033485 
959 181 31 35 0.025293881 
670 -4 90 122 0.023453763 
506 636 21 26 0.022376869 
400 101 12 16 0.022309877 
-6 131 50 74 0.02157005 
