35_Basketball_basketballgame_ball_35_479
1502
198 535 12 17 0.5982609 
107 616 24 34 0.54392 
79 517 12 15 0.44119927 
499 594 14 18 0.42345452 
359 523 10 12 0.40138143 
134 436 10 12 0.3947559 
158 445 9 11 0.32261437 
101 423 8 11 0.30553222 
231 597 20 28 0.2678455 
142 529 12 17 0.26765108 
93 478 10 14 0.2669171 
462 487 7 10 0.2664065 
389 503 10 13 0.26605156 
472 510 9 11 0.24991411 
83 521 13 16 0.24793279 
195 485 11 13 0.24726665 
30 537 15 18 0.24221338 
45 508 15 21 0.2396131 
982 189 8 10 0.23681188 
200 469 11 12 0.22892462 
148 510 9 12 0.22441237 
328 571 11 16 0.2208599 
523 557 12 15 0.21341872 
255 543 11 13 0.20925145 
541 503 8 11 0.20789011 
313 559 11 15 0.2047569 
270 577 11 16 0.20328066 
856 304 7 9 0.1967153 
21 510 13 16 0.19447753 
967 204 8 9 0.19374616 
889 280 7 9 0.19292803 
473 505 8 10 0.18755631 
513 511 8 10 0.18745434 
636 629 15 17 0.1807291 
48 429 8 10 0.1787107 
299 595 15 17 0.17706923 
870 285 8 10 0.174828 
870 280 7 10 0.17422184 
476 586 12 16 0.17322342 
978 189 7 10 0.17132168 
1001 302 9 11 0.1711927 
4 536 15 20 0.16879989 
336 248 8 9 0.16094102 
719 293 7 10 0.15477072 
102 428 10 13 0.15291332 
825 325 8 10 0.1520397 
316 556 12 15 0.14965746 
959 344 8 10 0.14637277 
936 207 8 9 0.14299555 
80 467 13 15 0.1406903 
937 177 8 10 0.13760214 
697 334 8 11 0.1370263 
960 310 9 11 0.13675661 
903 269 8 10 0.13644616 
184 253 7 9 0.13644558 
101 447 10 12 0.13411438 
87 475 11 15 0.1303492 
261 540 12 15 0.12688929 
878 262 8 9 0.12610008 
771 655 11 13 0.1254899 
502 539 10 14 0.12505068 
28 484 11 14 0.1246058 
1 294 8 11 0.124305435 
1001 191 8 10 0.12412664 
140 436 10 11 0.12391277 
724 558 11 14 0.120888256 
649 527 9 11 0.120835856 
212 503 11 13 0.12067007 
111 470 10 12 0.12065505 
910 228 8 10 0.11679414 
129 437 10 13 0.1155551 
144 485 9 12 0.11554996 
8 328 8 11 0.11484341 
887 239 7 9 0.11346439 
886 295 7 10 0.1122318 
921 287 8 10 0.11150917 
624 337 7 9 0.11093954 
79 438 10 11 0.11007237 
941 177 8 9 0.10892833 
760 303 6 8 0.10787112 
136 531 12 15 0.10778064 
86 463 11 13 0.106379054 
952 167 8 9 0.10456904 
29 508 11 15 0.10303866 
57 392 8 10 0.10260775 
436 518 11 13 0.10246002 
942 279 8 11 0.10177271 
906 247 7 9 0.10134393 
200 511 11 13 0.10079129 
254 510 12 14 0.1001408 
215 485 9 12 0.098728746 
891 352 7 9 0.09781102 
63 471 9 11 0.09778158 
152 246 8 11 0.09776144 
22 462 8 10 0.09678651 
462 585 22 28 0.09574072 
817 583 10 13 0.09566664 
78 490 11 15 0.09557095 
938 286 8 11 0.09522343 
46 462 8 10 0.0943911 
677 327 9 10 0.093958005 
953 343 8 10 0.093826525 
936 239 7 9 0.09346232 
990 269 11 14 0.09336124 
975 230 8 10 0.09327148 
468 524 11 15 0.09302499 
392 617 14 20 0.09262438 
631 634 14 17 0.092538744 
946 191 8 9 0.09249699 
517 511 7 10 0.09237566 
703 317 8 10 0.09227704 
580 526 11 14 0.09170911 
541 508 9 11 0.09168798 
794 295 7 9 0.09153866 
901 302 8 10 0.09115873 
968 191 8 9 0.09110292 
360 196 8 10 0.090930015 
662 281 8 9 0.0906564 
831 365 7 9 0.089828216 
563 624 16 21 0.08848124 
632 597 12 15 0.08783244 
984 168 7 9 0.08733845 
580 518 11 13 0.08677005 
358 278 8 10 0.08669145 
185 502 9 12 0.08661708 
879 650 13 17 0.0865007 
84 431 10 11 0.08623465 
359 222 8 9 0.08596419 
959 183 8 9 0.08554038 
839 277 7 9 0.08417739 
919 351 7 9 0.08371642 
646 598 9 11 0.08359361 
16 445 9 11 0.08287404 
992 358 8 10 0.082707144 
914 309 8 10 0.08219641 
42 462 8 11 0.081782654 
966 175 8 10 0.08146764 
337 525 9 11 0.08116533 
921 208 7 9 0.081000045 
394 246 8 10 0.08090047 
346 495 9 10 0.07976342 
128 280 7 10 0.079645775 
642 333 8 10 0.07934547 
78 578 14 18 0.079233974 
888 313 7 9 0.07922571 
129 285 8 9 0.07895067 
635 603 12 16 0.07830935 
322 238 8 10 0.078250356 
7 446 8 10 0.077929676 
615 518 10 13 0.0779095 
799 319 6 9 0.07774286 
423 476 9 11 0.07772366 
176 229 8 10 0.077718645 
1 556 10 16 0.07768624 
919 343 8 10 0.07753607 
714 295 7 9 0.076484755 
6 398 7 10 0.076118864 
961 175 8 10 0.07557253 
142 478 9 12 0.07536668 
858 376 8 10 0.07525139 
164 627 18 22 0.07504343 
905 209 8 9 0.07499071 
538 348 8 9 0.07450455 
21 454 9 12 0.074470416 
911 353 8 9 0.07446952 
840 272 7 10 0.07433797 
950 191 8 10 0.0742669 
516 515 10 13 0.07416602 
304 510 7 10 0.07384696 
383 280 7 8 0.07379153 
359 270 8 10 0.07366841 
952 184 8 9 0.07360147 
793 317 7 9 0.07294597 
173 618 14 20 0.072866805 
951 199 7 8 0.0727128 
319 552 11 13 0.072592415 
590 612 10 14 0.072445296 
195 478 12 14 0.07243236 
749 278 8 10 0.07239914 
701 336 8 11 0.072325654 
438 524 10 12 0.07196868 
215 480 10 12 0.071592785 
879 257 7 9 0.07150798 
694 270 7 9 0.071295 
369 206 7 10 0.071250476 
719 288 8 10 0.0709918 
167 192 7 10 0.0706679 
13 475 10 14 0.07035403 
158 255 9 11 0.07032654 
1005 334 8 10 0.070286766 
846 294 7 9 0.069732256 
927 185 7 9 0.06939757 
978 185 8 9 0.06912839 
641 327 8 10 0.06901393 
936 216 8 9 0.06874364 
175 518 10 13 0.06866096 
128 442 10 13 0.06853478 
670 537 8 10 0.068273455 
160 207 7 9 0.06826442 
792 367 9 12 0.06822176 
203 462 11 13 0.06793261 
386 507 10 14 0.06783711 
842 318 7 9 0.06750727 
799 286 7 9 0.06740158 
38 498 13 18 0.067361616 
87 483 11 14 0.06731772 
167 448 8 10 0.06665968 
471 514 11 15 0.06663111 
335 252 9 12 0.06662624 
274 573 12 15 0.065519586 
1 422 8 12 0.06522302 
681 289 7 8 0.06488311 
863 265 7 8 0.06465438 
441 265 8 10 0.06456566 
872 303 7 10 0.06444454 
976 175 8 9 0.0643781 
808 368 7 9 0.06435579 
24 369 7 8 0.0643496 
396 508 15 18 0.06424332 
959 222 7 10 0.06418525 
792 313 7 9 0.064007215 
399 272 7 9 0.06397174 
962 200 8 10 0.06362374 
793 288 7 8 0.0635491 
20 492 13 15 0.063386865 
935 182 8 9 0.06333842 
126 510 10 12 0.063131794 
597 597 13 18 0.06312923 
809 295 7 8 0.06310124 
918 368 8 11 0.06291251 
415 221 7 10 0.06280259 
766 327 7 9 0.06273526 
954 255 8 10 0.062453773 
95 417 9 11 0.062320866 
526 366 7 9 0.062185246 
73 491 10 14 0.061925158 
864 318 7 10 0.061570615 
728 303 7 9 0.06088284 
8 471 10 13 0.060861316 
825 335 7 10 0.060795702 
928 207 8 9 0.060735334 
336 271 8 10 0.06048617 
505 593 14 17 0.060453214 
945 232 7 9 0.06040728 
934 202 8 9 0.060322363 
111 487 10 13 0.060204428 
126 429 10 12 0.0601707 
768 288 7 9 0.06014048 
866 286 7 10 0.059943594 
360 500 9 11 0.059904784 
205 509 11 13 0.059781108 
970 335 9 11 0.05961726 
736 287 8 10 0.059486795 
943 238 7 9 0.059485152 
325 213 8 10 0.059474263 
831 288 6 9 0.059334822 
759 295 7 9 0.059198033 
906 230 7 9 0.05913256 
190 224 8 9 0.05883107 
457 492 8 11 0.058381714 
376 246 8 9 0.058337286 
211 212 12 15 0.058309782 
967 183 7 10 0.058303807 
23 557 12 15 0.058035616 
986 267 10 12 0.058008995 
369 631 17 19 0.057944525 
897 384 8 10 0.057936225 
798 367 7 10 0.057606325 
942 215 7 9 0.057295185 
782 350 8 9 0.057102535 
992 341 8 10 0.05698406 
512 505 8 10 0.056969445 
646 329 8 10 0.05692981 
861 374 8 10 0.056887507 
104 515 11 15 0.05682935 
943 182 7 9 0.05682103 
733 334 8 10 0.05664808 
793 353 7 9 0.056618944 
856 325 8 10 0.056523643 
125 424 8 10 0.056490794 
921 263 7 9 0.056226857 
631 278 7 9 0.056177 
1005 299 9 13 0.0560955 
926 165 7 10 0.056072257 
84 574 11 17 0.0559853 
631 644 12 14 0.05597589 
855 310 7 9 0.055845313 
153 252 9 12 0.05573582 
18 460 8 10 0.055733632 
117 469 10 13 0.055531453 
981 286 10 13 0.055481322 
74 445 9 11 0.055420883 
1001 320 8 11 0.05531618 
108 431 10 12 0.055293962 
895 311 8 10 0.05529142 
287 565 11 13 0.05526074 
697 311 8 9 0.055221226 
751 336 7 9 0.055160668 
605 601 13 18 0.05514157 
1001 196 9 10 0.05493739 
367 264 8 10 0.05489721 
1 446 8 11 0.054511372 
886 328 8 10 0.05447639 
881 296 8 10 0.054366324 
991 337 8 10 0.05427433 
58 335 7 9 0.054247778 
867 280 7 9 0.054146394 
863 238 7 10 0.054130577 
713 271 7 9 0.05395927 
267 586 14 19 0.053797342 
952 207 7 9 0.053648695 
937 279 8 10 0.05349943 
118 531 11 16 0.0534498 
166 277 8 10 0.053443007 
631 304 9 10 0.05336622 
881 327 7 11 0.05331982 
361 265 8 10 0.053300906 
18 401 8 10 0.05306224 
190 478 12 15 0.053028077 
872 295 7 9 0.05297144 
240 602 17 21 0.05290684 
848 272 7 10 0.052780587 
819 656 16 23 0.052775096 
266 240 8 10 0.05266766 
825 359 8 10 0.052639812 
959 167 8 9 0.052630816 
865 312 7 8 0.052567348 
124 529 15 18 0.052524593 
975 319 8 9 0.052369054 
1 586 17 20 0.05236217 
17 498 14 18 0.05233861 
698 329 8 10 0.052194707 
238 576 14 16 0.052129306 
984 199 7 9 0.052092023 
312 527 9 11 0.051919613 
854 272 8 10 0.05190717 
887 317 7 9 0.051794928 
991 200 7 8 0.051761325 
663 296 8 9 0.05168913 
376 287 7 10 0.05168585 
302 549 10 12 0.051684808 
399 277 8 9 0.051583264 
134 287 7 9 0.051568855 
711 334 9 11 0.05135043 
896 231 6 8 0.051229805 
351 596 11 18 0.051168684 
792 359 7 9 0.05113443 
415 197 8 10 0.050940912 
7 392 8 10 0.050842863 
912 199 7 9 0.050838724 
101 623 17 25 0.050555192 
941 208 9 9 0.050552566 
967 216 8 10 0.05054448 
653 612 11 13 0.050484147 
895 256 7 8 0.050430622 
126 198 8 10 0.05039612 
566 602 14 17 0.050391283 
928 272 8 10 0.050249044 
984 368 7 10 0.050199404 
293 601 18 22 0.050173268 
961 304 9 10 0.049951293 
639 320 7 10 0.04984861 
826 321 8 10 0.049748544 
657 285 8 10 0.049723767 
922 184 8 9 0.049620677 
842 295 7 9 0.049603205 
744 742 11 13 0.04939491 
745 303 7 9 0.049350068 
104 435 10 12 0.049138486 
847 311 7 9 0.048933674 
822 272 7 9 0.048811987 
888 284 8 10 0.04873533 
137 476 10 13 0.048579726 
192 472 9 11 0.048567396 
890 191 8 9 0.04839391 
409 264 7 9 0.048343576 
361 246 7 10 0.04796836 
841 312 8 9 0.047956817 
136 238 7 9 0.047897246 
889 359 8 9 0.047883876 
92 470 10 13 0.04782056 
927 277 9 10 0.047803137 
970 231 7 10 0.04774684 
380 604 15 18 0.04763473 
92 462 10 12 0.047595087 
503 517 11 13 0.047586422 
883 656 16 20 0.047510155 
949 142 8 9 0.047497164 
398 241 8 10 0.04742178 
903 382 7 9 0.047328502 
363 572 13 17 0.0472603 
799 280 8 10 0.047193095 
23 335 7 9 0.047064766 
921 165 9 11 0.047036488 
544 662 28 28 0.046982344 
945 350 7 9 0.046982 
649 531 10 13 0.046946015 
24 373 8 9 0.04694239 
393 432 8 11 0.04682267 
958 260 8 11 0.046805244 
32 500 12 18 0.04656262 
183 482 11 15 0.0465183 
664 621 10 16 0.046518277 
126 516 14 18 0.04649351 
800 390 8 11 0.046476286 
879 367 8 9 0.046462677 
149 504 11 13 0.046439126 
184 454 10 11 0.04636211 
267 539 11 14 0.046334594 
222 185 9 11 0.04626048 
834 273 7 8 0.046138167 
387 605 14 18 0.046030283 
393 240 9 10 0.045922607 
184 573 22 28 0.045869123 
201 279 8 9 0.045838516 
776 272 7 10 0.045789428 
952 161 8 9 0.045783482 
457 501 9 12 0.045769922 
199 527 12 15 0.0457261 
718 328 8 9 0.045597512 
905 240 6 9 0.04538794 
47 406 9 11 0.04536984 
669 620 11 15 0.0453084 
857 320 7 9 0.045232527 
400 200 7 9 0.04509651 
433 288 8 9 0.045047257 
25 429 8 11 0.045040835 
5 499 12 15 0.044966716 
913 304 8 11 0.044948652 
671 615 10 13 0.044915643 
681 294 7 9 0.044710144 
963 151 8 9 0.04469536 
310 232 7 10 0.044651873 
781 345 8 10 0.044604022 
359 610 13 20 0.04459947 
392 231 8 9 0.044586826 
381 577 11 15 0.0444812 
56 472 8 12 0.044385154 
177 182 8 8 0.04435978 
150 240 9 11 0.04433684 
612 596 11 14 0.04426764 
897 295 8 11 0.04418711 
874 263 8 9 0.04410055 
248 471 9 9 0.04407284 
687 225 7 10 0.044022452 
921 292 9 11 0.043996263 
334 262 8 11 0.043981537 
413 597 13 17 0.043888785 
710 317 7 10 0.043753233 
263 580 13 17 0.04362888 
73 440 8 11 0.043610163 
287 504 8 9 0.0435876 
666 542 9 11 0.043587353 
111 523 12 16 0.04355306 
241 181 8 10 0.043538548 
63 438 8 10 0.04347596 
63 303 6 8 0.043429796 
745 328 7 8 0.043428846 
542 349 6 9 0.043382652 
904 376 7 10 0.043261807 
998 160 8 10 0.043233708 
16 335 7 8 0.043158937 
872 191 7 8 0.043145973 
407 232 9 10 0.04311086 
330 255 7 10 0.042979576 
776 295 7 9 0.04296247 
338 199 7 9 0.042956416 
727 287 8 10 0.042881183 
40 468 10 13 0.042877022 
30 462 8 11 0.042858213 
966 303 8 10 0.042839147 
74 516 12 14 0.04282855 
895 390 7 9 0.042702537 
345 206 6 9 0.042653218 
288 558 9 12 0.04255859 
481 214 8 11 0.042472113 
244 579 12 15 0.042457942 
429 691 15 16 0.04245536 
62 482 13 17 0.04245469 
919 240 7 9 0.042451736 
735 293 9 11 0.04238496 
392 216 7 9 0.042380203 
414 475 11 13 0.042349778 
727 280 8 9 0.042310946 
746 272 7 10 0.042285867 
121 627 15 21 0.042240635 
255 278 7 9 0.042049587 
965 310 8 10 0.041999374 
344 230 9 10 0.041903168 
992 207 8 11 0.04189575 
162 277 7 11 0.04187348 
377 538 11 14 0.041856986 
640 280 7 9 0.041794557 
153 184 8 9 0.04173056 
146 525 13 18 0.041710448 
192 623 17 19 0.04160355 
840 367 7 9 0.041576162 
456 196 8 10 0.04141318 
641 342 9 11 0.041379593 
442 176 7 9 0.041377116 
826 342 7 9 0.041349337 
231 469 9 11 0.041340698 
906 352 8 10 0.041272797 
487 359 9 10 0.041173667 
895 224 7 9 0.04107345 
750 341 8 10 0.041063268 
374 229 7 9 0.040992253 
22 478 11 15 0.040988218 
657 271 7 8 0.040863514 
214 541 11 13 0.040826406 
673 272 7 8 0.040703125 
164 527 15 21 0.04066165 
91 524 11 15 0.04056324 
747 342 7 10 0.04054559 
250 540 11 15 0.04035663 
799 359 7 9 0.040195268 
342 253 9 11 0.040181283 
273 629 23 25 0.04016718 
880 301 7 10 0.040148854 
786 360 7 9 0.040136002 
873 214 8 10 0.040131785 
83 510 14 18 0.040110685 
254 520 14 16 0.040108852 
714 288 8 10 0.04010017 
750 272 8 10 0.040086098 
977 224 8 10 0.040049683 
822 143 8 11 0.040030625 
54 484 10 14 0.04002529 
46 413 10 12 0.039972614 
944 199 8 9 0.039947964 
215 701 25 31 0.039911963 
784 329 8 10 0.039888125 
145 254 7 10 0.03984687 
864 233 7 9 0.039816264 
841 327 8 9 0.03970772 
76 544 13 18 0.039702058 
929 201 7 9 0.03961701 
737 311 7 9 0.039589442 
45 468 10 13 0.039546438 
657 280 8 10 0.039531104 
870 661 11 14 0.03950598 
149 536 14 20 0.039499808 
992 150 7 9 0.03949064 
905 359 9 10 0.039485175 
125 501 11 13 0.039318826 
97 426 11 13 0.039293956 
960 161 8 9 0.039268285 
376 579 10 13 0.0391079 
7 415 8 10 0.039104585 
921 280 8 10 0.039101325 
135 293 7 9 0.03907433 
501 360 9 10 0.03906794 
556 620 17 21 0.03904211 
42 382 7 10 0.039028507 
905 199 8 9 0.03898152 
918 152 7 9 0.038964093 
118 486 10 13 0.03895091 
393 288 7 10 0.038934674 
689 271 9 10 0.03893437 
428 580 12 16 0.038905565 
581 589 14 19 0.038891483 
874 367 8 9 0.038844027 
713 329 8 10 0.03877494 
674 303 6 9 0.038679447 
657 263 7 9 0.03864266 
703 340 8 10 0.038627677 
259 509 12 13 0.038566686 
975 199 7 10 0.038560845 
814 313 7 8 0.038537294 
798 295 7 9 0.038512886 
377 224 7 10 0.038507964 
428 471 9 11 0.038404368 
705 265 7 9 0.038382683 
194 570 15 21 0.03836654 
486 209 7 8 0.03835732 
440 312 8 9 0.038322005 
224 270 7 9 0.038270168 
21 406 8 9 0.038200524 
330 643 16 21 0.038182564 
983 278 10 12 0.03813068 
278 485 9 11 0.038064003 
671 278 8 9 0.037882235 
367 384 8 11 0.03787967 
2 399 8 11 0.03786921 
157 246 7 9 0.037771534 
817 272 7 9 0.037740745 
1 501 10 15 0.037732385 
899 270 7 9 0.037676886 
463 502 7 10 0.03767322 
0 405 8 11 0.037621822 
646 581 9 12 0.037610017 
695 265 7 9 0.037587445 
376 254 8 10 0.037439827 
967 168 7 9 0.03728445 
413 310 7 10 0.03728293 
905 366 8 11 0.037278444 
568 368 7 9 0.03723686 
21 400 8 10 0.03721293 
856 381 8 10 0.037197515 
317 573 12 15 0.03718739 
720 279 8 10 0.037176326 
871 360 8 9 0.037141114 
499 311 7 10 0.037065517 
775 312 7 9 0.03704788 
646 603 9 13 0.037035014 
873 325 8 10 0.037025433 
514 198 8 10 0.036891956 
53 498 10 15 0.036863785 
754 232 6 8 0.036811117 
306 289 7 9 0.036768388 
829 341 7 9 0.036707718 
984 291 9 12 0.03666977 
311 518 8 11 0.036666382 
63 398 8 11 0.03665685 
104 492 10 12 0.036631033 
81 423 8 10 0.03656685 
424 579 10 15 0.036479447 
25 560 15 19 0.036477044 
889 232 7 8 0.03645538 
421 594 14 20 0.036382984 
1015 351 8 11 0.036347877 
394 602 20 28 0.03626866 
64 463 9 10 0.036231827 
38 477 11 13 0.03619515 
1 454 8 12 0.0361851 
591 602 12 16 0.036135226 
904 191 7 8 0.036096036 
6 455 8 11 0.036015537 
910 248 8 10 0.0359673 
387 677 25 29 0.03594391 
183 508 10 13 0.03593233 
178 611 18 24 0.035882063 
861 368 8 9 0.03588177 
416 429 9 12 0.0358446 
481 303 8 9 0.03581446 
17 287 8 10 0.03578638 
108 447 9 12 0.03578309 
129 220 9 12 0.03577831 
999 223 7 9 0.03577722 
999 415 8 10 0.03574836 
616 327 7 8 0.035722364 
848 277 7 9 0.035684705 
261 479 9 12 0.03556884 
247 485 10 14 0.035562597 
945 344 7 9 0.03555419 
360 579 10 14 0.035553988 
255 483 12 15 0.03552052 
873 201 6 9 0.035490774 
41 423 8 11 0.035468016 
302 583 12 17 0.03544086 
186 189 8 10 0.035350837 
629 606 16 20 0.035342354 
62 476 11 14 0.03532493 
41 377 8 9 0.035268284 
897 263 8 10 0.035262335 
205 524 11 15 0.035174053 
312 246 7 9 0.035138585 
145 239 8 10 0.03512099 
400 597 20 27 0.035117093 
903 168 8 9 0.03506862 
181 525 10 15 0.034982562 
433 198 8 10 0.034920625 
865 351 7 9 0.034866158 
23 327 7 9 0.03482907 
809 374 7 9 0.034675296 
829 337 8 9 0.034640934 
202 514 13 16 0.034634825 
858 239 7 9 0.034595754 
848 303 6 9 0.03458073 
825 376 8 10 0.034510493 
690 264 7 9 0.034507934 
921 190 7 9 0.034487862 
496 523 10 13 0.03444841 
935 262 7 8 0.034435168 
889 184 8 10 0.03440545 
336 278 8 10 0.03433588 
220 485 10 12 0.034315504 
799 336 8 9 0.034267183 
543 516 9 11 0.034243893 
334 532 10 12 0.03417558 
369 231 8 9 0.03415445 
416 216 7 9 0.034121286 
751 156 8 10 0.034097206 
687 288 7 9 0.034004703 
69 485 12 16 0.033929113 
925 293 9 11 0.033915576 
333 568 11 14 0.03389846 
855 277 8 9 0.03386407 
816 329 7 8 0.03386374 
993 406 7 10 0.03376711 
207 485 10 13 0.033753056 
633 256 6 8 0.03374745 
458 598 17 23 0.03373656 
623 255 7 9 0.03371641 
103 280 6 7 0.033679724 
825 351 7 9 0.03362844 
5 288 8 9 0.033600662 
359 217 8 9 0.033465073 
425 193 6 8 0.033463188 
73 453 10 12 0.033437163 
705 239 6 8 0.033339348 
742 359 7 10 0.033332046 
55 477 9 11 0.033278152 
462 491 8 11 0.033248544 
994 432 8 10 0.033214938 
953 286 9 11 0.03320515 
696 254 7 9 0.0331831 
847 289 7 9 0.03318223 
800 327 7 9 0.03316174 
634 321 8 9 0.03308915 
409 475 10 12 0.033059906 
424 246 7 9 0.033050958 
5 461 10 12 0.033034164 
44 494 13 17 0.032989375 
1016 389 8 12 0.032967716 
952 249 8 9 0.03296657 
567 588 22 30 0.032962017 
702 280 8 10 0.032944705 
952 174 8 10 0.03293878 
22 446 8 11 0.032912455 
165 255 8 11 0.03289578 
297 551 8 11 0.032889623 
919 200 7 9 0.032887574 
889 256 6 9 0.032877907 
721 264 7 9 0.032866642 
909 357 8 10 0.03286124 
95 452 10 12 0.032793473 
904 184 6 8 0.032750744 
888 263 7 9 0.03274392 
1004 325 9 11 0.032705568 
720 560 12 16 0.03270353 
69 399 9 11 0.03269979 
321 233 8 10 0.032646637 
701 327 8 10 0.03258201 
330 487 8 10 0.032580454 
274 485 9 11 0.032578066 
506 511 9 11 0.03256813 
895 184 7 9 0.032429613 
968 254 8 11 0.032345623 
47 476 10 13 0.032331783 
863 304 7 9 0.032318354 
245 175 8 10 0.03231187 
903 288 8 9 0.0322383 
272 216 7 8 0.0322141 
809 312 8 9 0.032193426 
912 253 6 9 0.032189988 
39 444 9 11 0.032164164 
24 424 8 11 0.03215594 
395 502 13 16 0.032131642 
934 256 8 10 0.032122377 
710 313 7 9 0.032121424 
841 361 7 9 0.03206786 
868 666 12 16 0.032021645 
922 270 7 9 0.03193522 
239 485 12 14 0.031920373 
158 463 9 11 0.031918474 
623 319 7 9 0.031905845 
321 209 9 10 0.03189156 
977 169 8 10 0.031873565 
334 665 13 17 0.031867616 
695 249 7 9 0.031845063 
847 360 8 10 0.031822518 
382 286 8 9 0.031726643 
624 605 12 16 0.03167908 
396 555 11 14 0.03165804 
87 415 8 10 0.031652424 
719 224 7 9 0.031586677 
654 619 13 16 0.03152214 
816 646 11 14 0.031517737 
992 351 9 11 0.031402063 
188 454 10 12 0.03137801 
807 287 7 9 0.0313693 
870 320 8 10 0.031365402 
1007 357 8 10 0.031336166 
310 238 8 10 0.031284694 
390 513 13 15 0.031267848 
175 501 9 11 0.031202877 
272 479 9 11 0.031196738 
991 213 9 10 0.03119404 
863 336 7 10 0.031186318 
138 183 6 9 0.031169696 
775 288 8 9 0.031168992 
263 592 13 17 0.031142421 
645 295 8 9 0.031127954 
999 165 7 9 0.03111488 
0 551 19 25 0.031114131 
689 303 6 9 0.031062186 
26 596 27 30 0.031050557 
960 217 7 8 0.03104317 
848 344 6 9 0.031002946 
928 335 8 10 0.030997537 
761 289 7 9 0.030986615 
913 192 7 9 0.030972423 
6 406 7 10 0.030963771 
281 503 9 11 0.0309562 
409 216 8 10 0.030903175 
482 209 7 10 0.030896483 
559 605 23 28 0.030866297 
684 224 6 9 0.03083289 
982 172 8 9 0.030821553 
858 367 7 10 0.030761983 
985 215 7 10 0.030757327 
31 302 8 9 0.030752271 
877 215 7 9 0.030736366 
808 358 8 10 0.030733844 
712 301 7 9 0.030729188 
967 341 10 11 0.030701306 
172 523 13 19 0.030698664 
472 359 9 10 0.03067405 
179 571 18 23 0.030671885 
146 246 8 11 0.030651748 
343 201 7 9 0.03064992 
377 215 7 9 0.030578068 
225 588 22 30 0.030562079 
938 374 7 9 0.030547576 
33 319 7 9 0.030444639 
455 592 14 20 0.030438775 
423 239 8 10 0.030431487 
911 158 8 9 0.030424586 
416 368 8 12 0.030419204 
539 595 13 17 0.030404896 
889 207 7 9 0.030377705 
262 223 8 10 0.030337112 
625 288 7 9 0.030323438 
952 311 9 10 0.030321363 
842 303 7 9 0.030319786 
338 230 7 10 0.030301461 
857 264 7 9 0.030291023 
871 311 7 9 0.030280119 
49 343 7 8 0.030255137 
662 335 9 11 0.030214617 
807 280 7 9 0.030200254 
56 294 7 9 0.030168358 
136 231 7 10 0.030075733 
784 288 6 8 0.030050792 
657 335 8 10 0.030038824 
887 245 8 10 0.030024229 
382 222 7 10 0.0300219 
475 612 15 18 0.029982582 
393 264 7 9 0.029965403 
970 327 8 9 0.029957045 
127 452 10 12 0.029956797 
889 384 7 9 0.029940484 
400 204 8 10 0.029936764 
270 492 11 13 0.029929886 
13 383 9 10 0.029887494 
975 216 8 9 0.029872123 
954 294 8 10 0.029848047 
184 240 7 9 0.029808562 
145 232 7 9 0.029804464 
952 349 8 10 0.0298043 
183 494 10 13 0.029723408 
470 580 21 26 0.029646503 
871 271 8 9 0.029641926 
888 365 7 10 0.029597385 
901 295 8 10 0.029550789 
225 231 8 9 0.029544827 
702 313 9 10 0.029517027 
857 288 7 9 0.029497372 
321 272 7 9 0.029487256 
61 541 13 17 0.029482353 
958 327 8 10 0.02947507 
882 729 32 34 0.029455159 
189 191 8 10 0.029403185 
798 352 8 9 0.029385049 
1015 356 9 12 0.02938365 
441 180 7 10 0.029383376 
448 280 8 9 0.029380918 
27 543 16 20 0.029371321 
816 278 7 8 0.029370468 
551 625 13 19 0.029318329 
793 301 8 9 0.029312894 
614 280 7 9 0.029297223 
184 158 8 9 0.029292397 
848 350 6 8 0.029210234 
423 587 12 16 0.029198188 
982 223 7 9 0.029179798 
807 343 7 8 0.0291619 
752 287 7 9 0.029125584 
670 667 11 13 0.029120313 
480 586 14 18 0.029118743 
479 352 8 10 0.029114282 
158 518 10 13 0.029114228 
935 221 8 9 0.02910436 
221 542 10 12 0.029082637 
728 326 8 10 0.029070063 
329 493 7 10 0.029051267 
494 599 15 17 0.029050728 
929 311 9 10 0.029041734 
736 280 7 8 0.028978623 
766 351 7 9 0.0289749 
634 326 8 9 0.0289543 
393 252 9 11 0.028937446 
657 303 7 9 0.02890958 
826 288 7 9 0.028841374 
625 272 7 10 0.028793612 
711 255 7 9 0.028783182 
961 269 8 10 0.02875474 
936 327 9 10 0.028718807 
897 376 7 9 0.028674694 
40 455 10 12 0.028673062 
910 208 7 10 0.028670363 
943 271 8 10 0.0286593 
945 168 8 8 0.028657421 
375 611 13 17 0.0286474 
981 421 8 11 0.028596243 
943 320 9 11 0.0285906 
455 280 7 9 0.028557954 
662 285 7 9 0.028557671 
920 257 7 9 0.028534947 
913 374 8 10 0.028534302 
620 517 10 14 0.028516576 
559 558 10 14 0.028488763 
576 357 7 9 0.028421108 
890 214 7 9 0.028378611 
91 516 12 16 0.028362023 
993 319 8 10 0.028348813 
777 303 7 8 0.028343389 
497 191 8 9 0.028326632 
944 223 7 9 0.028290162 
463 244 8 10 0.02822287 
367 619 23 27 0.028217116 
445 175 8 10 0.028188925 
986 206 7 10 0.028133778 
953 223 8 10 0.028118342 
648 271 7 9 0.028097073 
912 336 7 9 0.028074592 
368 239 7 10 0.028065484 
393 222 8 10 0.028058605 
355 524 10 13 0.028043551 
920 358 8 9 0.028002849 
726 344 7 9 0.027963405 
5 421 9 12 0.027962971 
912 368 8 10 0.027945796 
960 191 8 9 0.027942287 
556 630 16 20 0.027915776 
62 431 8 10 0.027915489 
17 320 8 10 0.02791444 
435 509 11 15 0.027868157 
873 374 9 10 0.027862092 
575 594 22 30 0.027852612 
143 177 7 9 0.027848521 
143 503 11 14 0.02782236 
174 494 9 11 0.027769363 
209 176 8 10 0.027723659 
82 326 7 9 0.027710434 
768 311 7 9 0.027679289 
648 230 7 9 0.027645508 
310 530 11 15 0.02764518 
432 310 7 10 0.027635233 
840 287 7 9 0.027630322 
937 160 7 9 0.027597615 
761 351 7 10 0.02755011 
144 199 7 9 0.027540332 
791 328 7 9 0.027488919 
25 303 8 9 0.02747199 
880 361 8 9 0.027460128 
484 580 11 17 0.027427696 
752 248 7 9 0.02740901 
983 372 9 11 0.027405871 
880 199 6 9 0.027382696 
753 319 7 9 0.027365373 
66 405 8 9 0.027357973 
456 149 9 10 0.027356964 
847 327 8 10 0.027352719 
31 439 9 11 0.027347744 
895 207 7 9 0.02729098 
814 663 13 21 0.027280537 
255 571 12 15 0.027269632 
943 374 9 11 0.027267354 
32 445 8 11 0.027239876 
893 280 8 9 0.027233193 
215 492 11 13 0.027229628 
680 256 7 9 0.027214766 
193 533 13 16 0.02720877 
192 197 8 11 0.027163446 
962 206 7 9 0.027158868 
930 239 7 9 0.027141567 
865 359 8 10 0.027138382 
72 521 14 17 0.027137697 
169 231 8 10 0.027119908 
393 613 23 30 0.027114334 
519 555 20 24 0.02708747 
65 455 210 211 0.027077982 
617 336 8 9 0.027054176 
39 335 8 10 0.027012559 
351 500 9 10 0.026993822 
713 279 8 9 0.026984932 
804 654 22 28 0.02697787 
57 318 7 9 0.026964225 
360 230 8 10 0.026961029 
791 334 7 10 0.026950298 
864 343 8 9 0.026940227 
937 291 8 11 0.026940178 
352 278 8 11 0.026937552 
631 273 7 9 0.026924144 
760 311 6 8 0.026913641 
928 256 8 10 0.026908586 
832 293 6 9 0.026906246 
497 540 11 14 0.02689732 
638 191 7 10 0.026890246 
833 278 7 9 0.026873706 
15 326 8 10 0.026790943 
320 255 7 9 0.026781658 
662 341 10 11 0.026766649 
727 321 7 9 0.026751434 
81 320 8 10 0.02671501 
960 145 8 8 0.026706511 
854 79 9 11 0.026657196 
397 546 11 15 0.026643973 
144 166 7 8 0.026629323 
393 278 8 10 0.026624694 
760 319 7 9 0.026610704 
921 215 7 9 0.026518151 
326 232 7 10 0.026514845 
322 651 24 28 0.026500873 
166 213 7 10 0.026485007 
152 190 7 10 0.02648099 
872 256 8 9 0.026471844 
359 173 8 10 0.026468871 
887 273 7 8 0.026425997 
454 603 14 20 0.026415631 
79 310 8 10 0.026397219 
435 581 11 15 0.026381165 
350 129 357 447 0.026378857 
943 263 8 10 0.026375793 
82 415 8 9 0.026368462 
367 199 8 10 0.026367933 
910 214 8 9 0.026318181 
132 525 13 17 0.026290083 
949 373 9 11 0.026288088 
826 663 16 21 0.026287124 
455 287 6 8 0.026243392 
379 281 7 9 0.02622724 
815 651 13 19 0.02621588 
34 398 7 10 0.026215328 
158 529 14 21 0.026173856 
689 240 6 8 0.026170474 
943 159 8 10 0.02615705 
1005 319 9 12 0.026124347 
105 469 10 13 0.02609876 
409 384 24 35 0.026093176 
133 483 12 15 0.02608175 
959 315 8 11 0.026080996 
343 225 8 10 0.026080579 
750 328 7 8 0.026062803 
182 541 10 14 0.02603292 
1 460 8 12 0.026028752 
52 607 21 31 0.025993293 
800 342 7 9 0.025984239 
62 335 7 9 0.025983801 
872 207 8 9 0.025968907 
871 246 7 9 0.025933567 
758 239 8 10 0.025916096 
30 469 10 12 0.025889428 
881 332 8 10 0.025882972 
728 295 7 10 0.025879158 
8 440 9 11 0.025856854 
180 517 10 13 0.025850514 
120 437 10 13 0.025792416 
1005 191 8 11 0.02579066 
374 342 9 11 0.025775582 
714 194 410 424 0.025764989 
976 359 7 9 0.025754457 
177 177 7 9 0.025741106 
385 272 6 9 0.025691789 
54 431 8 11 0.02568252 
904 334 8 11 0.025672281 
936 351 7 10 0.025658524 
448 640 38 36 0.025653578 
309 288 8 10 0.025652591 
2 327 8 11 0.025644142 
38 399 8 9 0.025626134 
470 553 13 19 0.025592977 
697 286 8 9 0.025556395 
991 184 7 9 0.025547316 
209 190 7 10 0.025541926 
48 484 10 13 0.025507066 
16 415 8 11 0.025503203 
878 374 8 10 0.025457587 
879 690 16 20 0.02544427 
57 446 9 11 0.025417347 
70 470 10 12 0.025412682 
973 339 8 11 0.025406508 
572 618 12 18 0.025387552 
114 174 8 11 0.025360571 
865 207 6 9 0.025358079 
895 287 7 9 0.025354724 
422 445 13 17 0.025293887 
407 237 8 10 0.025289211 
882 312 7 9 0.025281606 
384 167 8 10 0.025270153 
679 304 7 9 0.025225757 
183 184 8 9 0.02522297 
657 341 8 11 0.02522182 
666 536 9 11 0.025207127 
253 579 13 17 0.025194628 
697 279 7 9 0.025137175 
618 254 7 9 0.025135746 
717 333 7 9 0.025124 
828 324 8 10 0.025101874 
736 271 7 9 0.025092006 
720 350 9 10 0.025088819 
890 390 7 9 0.025061287 
261 571 14 17 0.025051126 
193 216 7 8 0.025050746 
473 224 7 10 0.024994392 
306 294 7 10 0.024987435 
39 512 14 20 0.024972718 
751 253 7 10 0.024966672 
568 627 23 31 0.024921495 
174 452 9 11 0.02491494 
822 671 13 17 0.024902217 
449 197 8 10 0.024899017 
815 295 7 8 0.024897182 
944 152 7 9 0.024881806 
135 455 10 12 0.02486461 
365 518 10 14 0.024849664 
841 333 7 9 0.024839902 
927 262 8 9 0.024817964 
985 341 8 10 0.024803372 
303 505 9 10 0.024791831 
565 585 16 21 0.024788072 
864 201 7 9 0.02476841 
726 270 8 10 0.02474978 
664 329 7 8 0.024712566 
226 167 7 9 0.024711022 
190 507 10 13 0.024691818 
936 368 7 10 0.024686016 
72 296 7 8 0.024648726 
589 619 13 16 0.02462462 
864 270 7 9 0.024570355 
385 498 18 23 0.024539584 
408 470 9 12 0.024539009 
1015 189 8 11 0.024535792 
40 391 7 9 0.024524149 
353 272 8 9 0.024505464 
477 358 8 10 0.024485212 
705 256 7 8 0.02447232 
213 533 12 15 0.02446835 
24 295 7 10 0.024460575 
410 222 8 9 0.02445753 
393 272 8 10 0.024381498 
68 546 15 19 0.024364112 
164 631 27 30 0.024363726 
467 611 17 18 0.02433875 
572 315 490 482 0.024328455 
233 224 8 11 0.02431338 
341 594 16 19 0.024311416 
102 522 12 16 0.024307266 
21 468 11 14 0.024262624 
289 311 7 9 0.024262398 
117 537 14 17 0.024261942 
985 336 8 11 0.024233744 
880 270 7 9 0.02423209 
617 302 7 10 0.024217939 
374 207 8 10 0.024217175 
966 271 8 10 0.024217118 
545 375 8 10 0.024154166 
143 491 10 13 0.024153339 
118 463 11 12 0.024132937 
826 365 8 9 0.024117867 
951 319 9 10 0.024095325 
30 454 9 11 0.024078337 
435 587 12 16 0.0240556 
655 328 8 9 0.024027526 
929 216 8 9 0.0240228 
688 255 8 9 0.024011327 
220 596 23 33 0.023998654 
808 351 9 11 0.02398822 
390 554 13 15 0.023930183 
855 255 7 8 0.023925405 
102 476 10 14 0.02392399 
350 232 7 9 0.023887511 
23 310 8 10 0.023877297 
855 360 8 9 0.023867523 
465 532 9 12 0.023838606 
559 578 13 18 0.023836413 
415 387 12 20 0.023799008 
398 521 14 16 0.023785414 
136 255 8 10 0.023785055 
7 320 9 11 0.023775855 
624 263 7 8 0.02377005 
664 263 7 9 0.023768956 
303 515 9 12 0.0237648 
36 601 24 30 0.02375852 
409 150 7 9 0.023726223 
944 304 8 9 0.023721708 
138 177 6 8 0.023720084 
925 288 8 10 0.02371781 
126 193 8 9 0.02371366 
816 334 8 10 0.023685412 
254 469 9 10 0.023676636 
74 207 7 9 0.023669563 
895 368 7 9 0.023655191 
238 470 8 10 0.02362668 
400 183 7 9 0.02362118 
616 311 6 9 0.023610823 
125 484 13 14 0.023570374 
968 368 8 10 0.023553507 
914 342 8 10 0.023534816 
431 279 8 10 0.023527805 
378 633 15 17 0.023522425 
135 326 7 9 0.023519566 
431 183 8 9 0.023493707 
347 598 20 25 0.0234528 
232 230 7 10 0.023432486 
96 439 10 12 0.023418909 
826 381 8 10 0.023418248 
624 597 10 14 0.02340914 
255 272 7 9 0.023409069 
902 78 8 10 0.023402676 
109 423 9 11 0.023394058 
230 287 8 10 0.023386715 
92 529 13 16 0.023360971 
212 569 13 17 0.023359088 
501 523 10 13 0.023339555 
848 263 7 9 0.023335941 
176 511 11 12 0.023325771 
895 239 7 9 0.0233083 
729 241 6 7 0.023296123 
223 548 12 15 0.023290534 
882 240 7 9 0.02325494 
958 295 8 10 0.023253765 
1014 300 8 13 0.023235343 
325 593 13 17 0.023221198 
457 310 7 10 0.023208477 
696 305 7 8 0.023202 
934 311 8 10 0.023201548 
20 535 19 24 0.023184568 
720 302 8 9 0.023143046 
23 439 8 11 0.02313865 
142 583 14 19 0.023115553 
140 471 11 13 0.02311488 
409 255 6 9 0.023108607 
776 264 7 9 0.023090733 
689 247 7 9 0.0230885 
414 571 11 14 0.023087617 
16 513 13 16 0.023072666 
431 193 7 9 0.023049679 
364 501 9 12 0.0230455 
17 563 23 28 0.023026438 
526 361 8 10 0.023016227 
975 246 9 11 0.023014588 
189 264 8 10 0.023010718 
480 150 8 10 0.022995166 
420 633 15 17 0.022993544 
75 563 15 19 0.022987712 
785 313 7 9 0.022972703 
63 341 7 9 0.022964625 
951 337 8 10 0.022948615 
15 420 9 11 0.02293912 
360 303 9 11 0.02291657 
398 224 7 9 0.022906328 
776 276 8 10 0.02290421 
415 380 10 14 0.022888133 
793 279 8 10 0.022881502 
798 313 7 9 0.02286201 
46 456 8 11 0.02284608 
253 534 13 15 0.022829682 
47 310 8 9 0.022810882 
510 701 11 13 0.022805844 
447 609 14 17 0.02279399 
439 564 11 14 0.022793913 
950 231 8 9 0.022766609 
201 255 8 10 0.022763023 
235 587 14 19 0.022758216 
71 462 9 11 0.02275781 
208 183 8 10 0.022751087 
71 577 15 19 0.022741493 
952 382 9 11 0.022728253 
581 609 13 19 0.022720722 
253 585 15 19 0.02270976 
809 272 7 8 0.022706797 
315 580 13 17 0.0226838 
41 406 8 10 0.022679212 
364 496 9 11 0.022633703 
737 262 7 10 0.022627512 
975 303 8 11 0.02261902 
399 265 8 9 0.022618223 
935 245 8 9 0.02260406 
769 279 7 10 0.02260384 
488 221 9 10 0.022588689 
142 208 7 9 0.022585558 
6 589 22 29 0.02256564 
608 320 7 9 0.022560572 
617 297 7 10 0.022554642 
817 288 7 9 0.02253884 
647 249 7 8 0.022484068 
449 287 8 9 0.02247891 
624 312 7 9 0.022450857 
783 295 7 10 0.022442939 
144 161 7 8 0.022440536 
306 586 14 19 0.022426704 
638 304 9 10 0.022424946 
765 367 10 12 0.022391371 
846 318 7 10 0.022361742 
920 159 9 12 0.022356093 
767 358 7 9 0.02235183 
313 223 6 8 0.022350943 
659 295 7 9 0.022349283 
141 454 10 12 0.022335604 
368 214 7 10 0.02232596 
134 498 11 15 0.022324614 
596 618 13 17 0.02232084 
825 304 7 8 0.022318952 
220 479 10 12 0.022310678 
310 580 11 16 0.022277148 
93 616 17 22 0.022234326 
554 641 18 19 0.022225657 
362 603 15 20 0.022223286 
359 614 22 26 0.022213504 
422 215 7 9 0.022189206 
832 255 7 9 0.022180082 
969 249 9 10 0.022177454 
814 375 8 9 0.022148188 
238 463 8 10 0.022124324 
256 263 7 9 0.022116363 
358 506 12 14 0.022114092 
727 309 8 10 0.02209198 
704 303 8 9 0.022084272 
336 240 8 10 0.02204987 
120 428 11 12 0.02204982 
769 293 7 9 0.022041298 
520 550 13 16 0.022033673 
813 351 8 10 0.022029273 
831 304 7 9 0.022002986 
206 570 12 18 0.021990169 
1000 351 8 10 0.021984633 
190 229 8 10 0.021983745 
484 555 12 16 0.021980522 
879 192 7 9 0.021977182 
458 262 8 10 0.021972558 
316 639 24 29 0.021957397 
306 261 8 11 0.021944353 
159 467 10 12 0.021943351 
402 541 12 15 0.021942994 
194 612 18 22 0.02193662 
88 335 6 9 0.021932289 
157 632 19 22 0.021924233 
496 351 8 9 0.021914909 
644 622 13 16 0.02190898 
880 222 7 10 0.021899426 
563 641 15 18 0.021887586 
104 272 7 9 0.021880016 
212 601 16 24 0.021869693 
64 327 7 10 0.021867927 
367 245 7 10 0.02186574 
86 320 7 9 0.021855451 
201 272 8 10 0.021835012 
949 367 9 11 0.02183434 
775 318 8 9 0.021815507 
248 534 11 15 0.0218038 
401 514 14 15 0.021798806 
340 666 14 17 0.021764647 
895 200 7 8 0.021751778 
537 497 8 10 0.021745255 
370 288 7 9 0.02173928 
87 422 8 11 0.021730386 
190 460 10 13 0.021726819 
376 240 7 10 0.02172507 
137 208 7 9 0.021724349 
415 280 8 9 0.021718299 
399 230 7 10 0.021716516 
790 271 7 9 0.021695009 
353 215 8 9 0.021694876 
172 447 10 12 0.021694707 
427 592 14 21 0.021685861 
414 577 12 16 0.021638833 
992 167 7 9 0.021610197 
454 650 50 47 0.021595456 
558 351 8 10 0.021574792 
722 345 7 9 0.021573361 
975 311 7 10 0.021568207 
754 295 7 9 0.021552129 
704 269 8 9 0.021538796 
934 272 8 9 0.02153744 
929 232 7 8 0.021532595 
293 558 9 11 0.021508599 
404 462 10 14 0.021475498 
905 160 9 10 0.021441177 
85 445 10 12 0.021439882 
966 159 7 9 0.021425841 
694 224 7 9 0.021422561 
586 592 20 27 0.02141704 
841 351 6 9 0.021399096 
114 623 28 37 0.021391105 
285 607 25 30 0.0213601 
279 534 9 11 0.021357732 
849 255 6 8 0.021349082 
665 256 7 9 0.021345166 
119 158 7 9 0.021340275 
101 500 11 13 0.021336269 
823 392 8 9 0.021331036 
657 256 7 9 0.021317642 
807 384 8 10 0.021299545 
206 207 20 25 0.021287376 
1 332 8 11 0.021280268 
263 471 9 10 0.021277249 
297 310 7 9 0.021270731 
725 264 9 9 0.021259889 
679 272 7 9 0.02125981 
951 326 9 9 0.021248233 
874 658 24 29 0.021245645 
312 206 7 10 0.021244034 
415 256 8 9 0.021229208 
291 565 12 14 0.021227876 
22 287 8 10 0.021223273 
298 597 22 28 0.021192461 
927 302 8 10 0.021188466 
232 465 9 10 0.021188151 
910 264 7 9 0.021183278 
641 287 7 9 0.021170784 
214 548 9 12 0.021138921 
873 653 12 16 0.021130713 
832 311 6 8 0.021093225 
720 247 6 8 0.021070682 
222 579 13 20 0.02102473 
743 286 8 10 0.021022066 
31 423 8 11 0.02101326 
923 729 38 36 0.021009626 
182 547 13 15 0.021004345 
786 318 6 8 0.020983675 
595 628 13 17 0.020977436 
752 303 7 9 0.020976996 
591 515 11 15 0.02095157 
719 271 9 9 0.020951554 
528 525 10 13 0.02092468 
489 620 28 31 0.020914039 
477 554 12 17 0.020913731 
720 366 10 11 0.020811165 
486 519 9 12 0.02080683 
720 311 8 9 0.020806054 
654 607 10 12 0.02079419 
36 483 11 14 0.020792602 
431 327 7 9 0.020716807 
679 646 11 15 0.020715464 
434 206 8 10 0.02069819 
905 253 8 9 0.020692913 
960 239 8 9 0.020686125 
42 428 8 10 0.020679511 
679 263 7 9 0.020670056 
270 526 10 13 0.020649422 
6 558 23 26 0.020633372 
190 480 18 22 0.020628083 
241 576 20 25 0.020595267 
77 486 21 25 0.020588394 
77 497 13 17 0.020566903 
184 471 10 13 0.020561246 
159 450 10 12 0.020520652 
688 278 7 9 0.020517306 
618 342 7 9 0.020515531 
813 642 24 31 0.020514505 
976 366 8 11 0.020500166 
83 583 14 18 0.020481873 
48 402 8 10 0.020477625 
361 239 8 10 0.020467017 
623 327 7 8 0.020444168 
191 287 8 9 0.020413678 
247 232 7 9 0.02039564 
531 555 12 16 0.020395437 
86 326 7 9 0.020392973 
914 153 7 9 0.02038336 
870 240 7 9 0.020377642 
353 190 7 9 0.020374035 
992 175 7 8 0.020363104 
98 610 16 23 0.020356981 
448 193 8 10 0.020351853 
893 358 8 10 0.02035172 
455 303 7 9 0.020347035 
381 565 13 17 0.020336494 
58 302 7 9 0.020303091 
672 247 7 9 0.020297762 
329 287 8 10 0.020280719 
672 264 7 9 0.02026975 
393 144 7 8 0.02024697 
355 593 14 20 0.02024225 
653 626 12 16 0.020240389 
478 246 8 9 0.0202227 
179 590 18 23 0.020218838 
136 247 7 9 0.020211343 
104 296 6 7 0.020210037 
642 633 12 16 0.020206073 
134 222 8 10 0.020195061 
712 264 7 9 0.020182155 
968 373 8 10 0.020179454 
296 304 8 10 0.02017105 
465 635 20 22 0.02017059 
102 485 11 14 0.020168535 
936 233 7 9 0.020165939 
358 528 12 15 0.020152936 
22 414 7 10 0.02014708 
414 510 12 15 0.020143276 
646 590 11 15 0.020118335 
162 191 7 10 0.020113956 
902 327 8 10 0.020105155 
220 713 27 32 0.020103475 
140 461 10 12 0.0200908 
998 406 9 11 0.020062288 
60 609 23 33 0.02000798 
383 240 7 10 0.020007072 
374 263 8 10 0.020003587 
