35_Basketball_basketballgame_ball_35_256
67
226 69 57 71 0.9982741 
935 357 43 54 0.99453294 
526 56 65 91 0.99451786 
869 329 41 49 0.9910864 
356 152 36 47 0.9893379 
887 375 38 47 0.98923033 
762 351 47 60 0.986214 
463 159 55 68 0.9824326 
922 121 31 39 0.97940105 
951 51 32 41 0.9756166 
984 342 36 51 0.9644619 
956 166 42 50 0.8830027 
778 114 32 41 0.8721373 
361 60 39 48 0.82390666 
737 152 36 41 0.7521527 
853 195 30 38 0.60235864 
425 21 28 34 0.59708315 
975 509 25 32 0.59014744 
723 245 39 47 0.528117 
282 134 30 46 0.509272 
756 326 41 48 0.47298965 
842 168 33 40 0.46904108 
437 105 39 52 0.25977927 
884 504 28 31 0.24004194 
916 5 31 36 0.17174284 
674 103 27 34 0.1696147 
1004 540 19 29 0.11147711 
875 348 43 55 0.10301478 
916 458 35 40 0.096957676 
894 502 32 38 0.08990909 
160 147 41 54 0.08809017 
545 14 36 47 0.08760097 
682 269 30 45 0.078744255 
243 116 47 60 0.070974186 
477 535 54 57 0.059888992 
233 139 41 53 0.05826411 
532 31 54 79 0.057233863 
418 29 37 47 0.05699094 
741 138 31 38 0.050866477 
393 255 31 41 0.049046483 
665 37 24 30 0.047451027 
548 229 92 118 0.043778587 
895 411 31 36 0.042675525 
998 542 17 22 0.04244419 
702 199 33 47 0.040715426 
875 592 39 52 0.038873862 
328 123 31 39 0.038655985 
668 110 39 51 0.038256302 
787 365 31 38 0.037803955 
1011 495 13 22 0.03735935 
986 527 26 33 0.035581723 
507 101 39 49 0.031320054 
123 679 19 20 0.0313011 
976 522 26 34 0.031271245 
261 137 35 43 0.030913536 
995 457 28 38 0.028916845 
-2 313 38 70 0.028705787 
117 664 28 39 0.027315978 
592 82 14 20 0.026410067 
664 2 27 29 0.024827274 
750 334 26 42 0.023968222 
315 182 39 56 0.022346474 
864 192 20 26 0.022316856 
773 262 48 60 0.022187943 
920 108 30 36 0.021631306 
865 432 43 51 0.02010279 
768 46 39 47 0.020074958 
