35_Basketball_basketballgame_ball_35_565
1108
786 470 25 35 0.9898066 
881 354 21 28 0.9858065 
579 423 17 23 0.985069 
533 449 16 20 0.9767641 
540 326 13 15 0.9718736 
800 427 21 28 0.9718212 
898 290 18 23 0.9614596 
517 434 15 20 0.9580379 
797 331 17 25 0.95095974 
614 343 14 18 0.94171447 
867 432 21 28 0.9384788 
828 229 12 15 0.93499994 
702 386 21 28 0.9257526 
876 459 21 29 0.9073462 
868 216 14 19 0.89708686 
963 282 18 22 0.8899896 
802 259 13 17 0.87980497 
780 384 20 25 0.85630566 
223 449 13 20 0.8529199 
404 415 12 15 0.8442501 
705 484 26 31 0.840923 
708 314 13 16 0.81952554 
590 474 20 27 0.81765765 
315 423 15 18 0.80706215 
733 308 14 19 0.7957907 
501 369 12 16 0.7653785 
443 415 12 16 0.7628878 
947 355 18 24 0.76103413 
915 255 12 15 0.75873685 
646 325 11 15 0.75481856 
172 454 16 19 0.748544 
660 308 12 16 0.7453819 
639 224 7 10 0.74477595 
567 310 11 15 0.74070156 
784 186 10 14 0.721789 
687 308 12 15 0.7187997 
763 250 12 16 0.70941836 
137 451 13 18 0.6958992 
519 338 12 15 0.6860074 
437 341 10 13 0.6700788 
551 434 15 19 0.6579612 
256 458 16 20 0.65246856 
792 317 13 17 0.6524089 
928 394 17 21 0.6379898 
956 245 13 16 0.6335064 
847 180 10 12 0.6182028 
400 341 10 13 0.61581695 
382 409 13 18 0.5999916 
549 280 9 11 0.59915936 
722 285 12 15 0.59886724 
939 234 13 17 0.5930712 
670 327 12 14 0.585195 
470 380 13 16 0.5650434 
856 251 13 18 0.55266654 
854 194 13 16 0.524091 
605 430 16 21 0.51326114 
275 460 15 20 0.50829154 
196 455 13 18 0.5079314 
817 277 14 17 0.49853048 
650 349 12 16 0.48581228 
978 266 13 16 0.4600764 
160 390 7 9 0.45412612 
547 367 12 15 0.4431637 
204 413 9 12 0.44072014 
491 398 13 17 0.43762574 
870 468 26 34 0.4242274 
660 290 13 16 0.40841657 
828 384 17 23 0.40133634 
636 304 9 12 0.39158568 
704 247 11 15 0.38539296 
382 390 13 17 0.37760413 
672 263 10 13 0.37621394 
688 491 27 39 0.3678941 
381 342 10 12 0.35854536 
133 435 10 13 0.35614374 
332 374 9 11 0.35400128 
676 496 29 40 0.33089373 
70 406 10 12 0.3301604 
457 310 9 12 0.32840273 
181 368 8 10 0.32720074 
868 486 16 21 0.32627714 
868 513 22 27 0.32616422 
501 422 13 16 0.32471302 
443 367 12 15 0.32386255 
842 277 12 15 0.3229313 
785 233 12 16 0.31815833 
718 251 10 12 0.31751055 
633 270 9 12 0.31396717 
515 356 12 15 0.31074035 
614 300 10 13 0.3035318 
464 349 10 13 0.2891846 
116 424 10 12 0.28397748 
424 452 12 15 0.28231597 
419 337 10 13 0.26983172 
700 349 15 18 0.268223 
378 343 9 12 0.26681376 
910 234 12 14 0.26134256 
99 452 12 15 0.2611655 
669 369 15 23 0.25980318 
817 210 11 16 0.25803807 
293 398 10 13 0.25157902 
469 451 16 20 0.24333638 
117 391 9 12 0.24314913 
426 311 8 10 0.24310757 
386 393 13 17 0.24087697 
255 372 9 10 0.23810433 
347 583 15 16 0.23772922 
197 430 10 12 0.23745552 
425 404 12 15 0.23415802 
455 391 11 14 0.23071319 
753 293 9 13 0.22567153 
793 322 16 21 0.21839727 
388 449 14 18 0.21767291 
480 422 12 15 0.21550205 
799 290 13 16 0.21295448 
189 414 8 11 0.21140242 
486 366 12 14 0.21044894 
309 451 15 19 0.21014507 
670 299 12 15 0.20908698 
306 465 15 19 0.2064574 
756 300 10 14 0.20272249 
760 465 16 21 0.1987781 
494 325 10 14 0.1973146 
339 358 8 11 0.19542725 
550 343 11 14 0.19042686 
662 256 8 11 0.18179229 
879 173 9 11 0.18112572 
870 443 23 30 0.17797147 
663 231 10 11 0.17691731 
565 349 11 14 0.17512387 
470 294 8 10 0.17290549 
729 478 22 33 0.17040844 
979 147 11 13 0.16895357 
939 484 16 19 0.16787936 
529 294 9 10 0.1668054 
240 396 9 11 0.16636217 
778 266 13 15 0.1648429 
820 207 11 14 0.16452008 
14 389 8 11 0.1635855 
889 250 11 15 0.16208887 
680 349 12 14 0.16204852 
830 372 15 17 0.16062352 
844 314 15 19 0.1589817 
752 445 13 17 0.15801746 
264 457 19 24 0.15698867 
463 343 10 13 0.1564886 
1 416 8 12 0.1507775 
352 326 7 10 0.15016557 
469 356 9 11 0.15011612 
313 351 8 10 0.15002865 
774 443 15 18 0.14994977 
335 446 20 25 0.14982098 
129 430 11 14 0.1495554 
532 252 9 11 0.14864631 
461 316 9 12 0.14856641 
87 404 10 11 0.14791507 
408 289 7 9 0.14727212 
719 485 25 34 0.14583205 
238 411 9 13 0.1440236 
566 340 10 13 0.14383611 
747 360 15 20 0.1434551 
750 287 10 12 0.1417158 
680 253 10 12 0.13953383 
200 407 11 14 0.13914196 
688 271 11 13 0.13712429 
198 381 8 10 0.13638918 
245 384 9 10 0.13634843 
850 435 15 20 0.13616018 
529 249 10 11 0.13524888 
708 249 12 15 0.13155508 
489 357 11 13 0.13140272 
669 230 9 11 0.1305305 
698 325 11 14 0.13022465 
184 388 8 10 0.1290713 
157 441 14 16 0.12837014 
619 397 14 17 0.1280419 
616 279 8 11 0.12626833 
198 376 8 10 0.12612249 
38 433 9 11 0.12404428 
494 411 14 17 0.12388138 
394 482 13 18 0.12338023 
703 208 8 10 0.123309895 
1009 195 9 13 0.123138055 
278 372 8 11 0.12197187 
447 287 8 10 0.121153966 
352 352 8 10 0.11953376 
916 162 12 15 0.11945326 
656 267 9 13 0.11906812 
70 436 10 11 0.11894151 
407 387 12 16 0.118628316 
216 429 11 13 0.11825164 
503 255 8 9 0.118173845 
391 308 8 11 0.118046105 
414 311 9 11 0.11574196 
657 237 10 12 0.11535106 
101 439 9 12 0.11517734 
182 374 8 9 0.11423379 
724 280 10 13 0.11398984 
425 315 11 14 0.11382817 
834 379 13 17 0.11293649 
83 491 13 18 0.11240923 
702 380 15 19 0.11197953 
112 395 9 11 0.11195071 
572 350 9 12 0.111542106 
685 230 10 12 0.11071632 
56 400 8 10 0.10856698 
237 472 15 22 0.108241566 
377 326 8 9 0.107407704 
612 308 11 15 0.106677204 
15 415 10 12 0.10611394 
960 249 15 17 0.10579355 
751 189 9 11 0.1057613 
976 197 11 13 0.10555521 
545 283 8 11 0.10490272 
992 199 10 12 0.10471813 
735 469 20 29 0.104655795 
501 301 11 14 0.102538966 
322 333 8 10 0.10217437 
76 404 10 12 0.10198494 
664 224 9 11 0.10193661 
494 366 13 16 0.10104532 
55 406 9 11 0.10062058 
661 278 11 14 0.10059267 
512 283 9 11 0.10028381 
65 407 8 11 0.10015417 
607 259 10 14 0.09937792 
1004 140 15 18 0.09901187 
495 255 8 11 0.09879893 
685 450 19 25 0.098553 
596 388 13 16 0.098435335 
770 468 25 32 0.09818308 
523 335 11 14 0.09796304 
619 294 13 15 0.097784266 
886 262 11 15 0.097383484 
605 396 12 15 0.09726681 
993 203 12 15 0.09724135 
249 408 9 12 0.097060174 
318 366 8 10 0.09684903 
657 262 9 13 0.09675399 
617 230 9 11 0.09608018 
280 464 15 19 0.09540221 
335 365 11 13 0.09420158 
358 373 11 14 0.0939503 
632 307 10 14 0.09372252 
780 343 16 20 0.09361529 
931 283 15 20 0.09304409 
595 342 11 14 0.09293532 
469 286 8 11 0.09211257 
592 346 12 16 0.091705844 
61 422 9 11 0.09131003 
681 220 9 12 0.09114545 
215 380 8 11 0.091129065 
502 296 9 11 0.09104125 
998 291 13 18 0.089653 
612 316 11 14 0.08915085 
582 268 10 11 0.08909381 
926 245 10 13 0.08903087 
357 379 11 14 0.08802948 
574 334 9 13 0.08737794 
669 461 17 23 0.087120704 
389 489 14 21 0.08628481 
509 363 12 16 0.08580584 
685 217 8 10 0.085059285 
787 214 12 15 0.08468475 
56 412 9 11 0.084146716 
772 546 25 29 0.084044464 
694 349 14 17 0.08363166 
365 402 13 17 0.083143674 
947 238 13 16 0.08235216 
511 352 11 13 0.08227151 
662 370 15 21 0.08174872 
481 295 8 11 0.078931496 
192 429 9 13 0.078782655 
341 364 10 12 0.07869981 
775 533 25 30 0.078439206 
606 334 11 14 0.07833486 
361 333 9 10 0.07825203 
866 410 14 18 0.078230105 
917 231 10 13 0.07815735 
359 357 8 10 0.07731937 
906 427 17 21 0.077032305 
698 139 15 21 0.076365694 
279 368 8 11 0.07631743 
405 511 25 29 0.07630493 
440 460 12 15 0.07577407 
71 401 10 12 0.07548729 
311 367 9 11 0.075263806 
235 458 14 17 0.074723594 
953 206 10 12 0.074180454 
385 304 8 10 0.07409771 
176 388 8 10 0.07391224 
353 321 8 10 0.07368215 
385 404 14 19 0.07347548 
319 358 8 9 0.07346458 
110 446 9 12 0.07319502 
346 443 15 21 0.07280687 
432 285 7 10 0.072743386 
351 374 11 14 0.07237887 
565 294 9 11 0.07200275 
666 305 12 16 0.07100024 
295 367 8 10 0.070867114 
63 412 9 12 0.07079258 
777 448 17 21 0.07078715 
623 254 9 11 0.07045906 
782 218 13 16 0.0700928 
577 264 9 12 0.069886856 
948 155 11 13 0.06963015 
142 474 14 18 0.069397874 
438 469 12 17 0.06939527 
718 345 12 15 0.06937779 
448 350 10 13 0.0685547 
848 186 12 16 0.06845126 
335 570 12 18 0.06839364 
787 184 10 12 0.06831211 
297 335 7 8 0.06789328 
878 236 11 15 0.06779332 
287 343 7 10 0.06772533 
700 290 11 14 0.06771765 
995 282 13 19 0.067526355 
512 256 7 8 0.06746069 
244 388 10 13 0.06740407 
926 292 13 18 0.06737705 
191 389 8 11 0.06711398 
447 324 8 11 0.066937074 
525 423 12 15 0.06672666 
676 459 15 21 0.06607383 
227 453 15 19 0.06605864 
526 317 10 12 0.06562842 
692 315 12 15 0.06560952 
831 213 10 13 0.06548159 
243 467 13 18 0.06538727 
453 442 13 19 0.06509945 
391 279 8 9 0.06495826 
274 374 8 10 0.06467637 
312 374 10 12 0.06446829 
849 194 12 15 0.06395266 
495 280 9 11 0.06376991 
495 261 8 10 0.063646644 
868 419 15 19 0.06341042 
568 336 11 12 0.06317754 
674 267 12 14 0.0629844 
906 438 16 21 0.06295794 
925 334 16 19 0.06282474 
402 232 7 9 0.062325463 
334 326 8 9 0.061972488 
264 336 7 9 0.061559565 
337 304 7 9 0.06125039 
536 287 8 11 0.061203092 
433 303 8 9 0.06093469 
184 429 11 13 0.06076457 
233 408 9 12 0.060740016 
663 503 30 42 0.060456723 
185 421 10 12 0.060138218 
1014 275 11 16 0.059841104 
957 206 10 12 0.059614103 
477 467 14 19 0.059534464 
444 426 13 17 0.05937057 
142 390 8 10 0.059309997 
536 270 9 11 0.05871641 
455 294 7 9 0.057892878 
324 447 22 26 0.05752621 
522 428 15 19 0.057464063 
355 411 12 16 0.05742785 
422 372 12 14 0.057348177 
472 310 9 13 0.05701543 
391 340 9 11 0.0569271 
328 326 7 11 0.056805868 
816 432 16 19 0.056683023 
504 285 9 10 0.056631938 
216 590 27 32 0.056548912 
305 367 8 10 0.05608714 
699 488 19 26 0.055896115 
88 392 8 9 0.055830635 
716 296 14 17 0.055812437 
950 292 13 18 0.055625606 
417 294 8 10 0.055564173 
343 303 7 9 0.055497948 
622 309 11 13 0.055471726 
588 228 11 14 0.05529782 
369 303 8 9 0.0551944 
599 433 15 19 0.055188093 
453 350 11 13 0.054488484 
167 389 8 10 0.05405818 
802 285 13 16 0.053895727 
55 439 7 10 0.053792655 
441 247 7 9 0.05370805 
820 289 13 16 0.05361215 
28 399 10 11 0.05354802 
591 221 10 13 0.05352461 
599 219 10 14 0.053298466 
247 344 8 8 0.053285155 
541 347 12 15 0.053193357 
516 348 12 15 0.053072426 
561 293 8 11 0.05280765 
820 472 16 23 0.05279597 
477 278 8 10 0.05275878 
490 254 9 11 0.052675102 
815 237 9 12 0.05266632 
749 447 20 26 0.052507557 
151 407 9 11 0.05247324 
591 302 11 12 0.052177723 
297 381 9 11 0.052057207 
871 508 15 18 0.05191847 
684 355 12 16 0.05179538 
462 303 8 10 0.05165623 
313 455 16 20 0.051458877 
561 355 12 15 0.051388696 
216 406 8 11 0.051226493 
618 406 17 23 0.05109974 
792 292 12 16 0.05104357 
192 384 8 10 0.051016983 
826 394 18 23 0.050692923 
101 472 10 13 0.05051329 
67 508 9 13 0.05015523 
241 344 7 9 0.05012533 
252 411 10 12 0.049920525 
574 550 11 14 0.04988334 
378 491 22 28 0.04987905 
288 402 11 13 0.049854115 
641 401 16 22 0.04974751 
387 520 18 20 0.049730748 
606 324 11 14 0.049481463 
748 461 21 29 0.049220312 
136 390 9 10 0.049147796 
415 289 6 9 0.04913358 
731 493 23 32 0.04909746 
992 392 21 30 0.0490971 
497 235 8 11 0.0490706 
296 374 8 11 0.049035385 
406 216 9 11 0.04902851 
727 224 9 12 0.048786346 
7 420 9 11 0.048777744 
742 214 10 12 0.0487719 
794 311 15 18 0.048736714 
455 405 12 15 0.048733994 
152 436 14 17 0.048665583 
191 407 8 12 0.04862596 
488 351 11 13 0.04822485 
397 470 12 18 0.048187155 
273 367 7 10 0.04818476 
429 372 12 15 0.04813017 
259 470 13 18 0.048041612 
712 278 9 12 0.047959898 
568 264 8 11 0.047678344 
710 300 13 15 0.04754542 
638 332 11 15 0.04747859 
451 410 14 17 0.047099754 
375 393 15 19 0.046712916 
796 217 13 16 0.046646148 
358 320 7 9 0.04664493 
754 329 15 17 0.046644155 
432 272 7 8 0.04662784 
431 279 8 11 0.046602197 
454 383 11 13 0.046367493 
700 493 30 41 0.0462921 
465 263 7 10 0.0461343 
525 312 10 12 0.0460771 
508 427 14 19 0.045962315 
275 443 13 16 0.045946095 
327 398 10 13 0.04584693 
760 473 20 29 0.045837622 
50 405 7 10 0.04576809 
742 473 20 31 0.045692325 
805 438 24 28 0.04561893 
881 262 11 15 0.04560956 
457 305 8 9 0.045578953 
358 405 12 16 0.04551032 
184 407 9 11 0.045331985 
296 358 9 10 0.045331813 
360 327 7 10 0.045248397 
265 359 7 10 0.0452013 
937 389 16 19 0.0451378 
775 392 17 21 0.04509289 
242 335 6 9 0.04508151 
641 324 11 15 0.045022808 
991 277 12 16 0.04493872 
249 351 9 9 0.044920694 
886 463 20 26 0.044905245 
476 612 33 37 0.04489789 
348 366 10 12 0.04489018 
988 442 20 22 0.04480999 
199 359 7 8 0.04461437 
402 215 8 11 0.04454388 
475 339 12 14 0.044542782 
361 366 10 14 0.044208784 
449 292 8 10 0.044195052 
638 387 13 15 0.044179432 
192 398 9 10 0.044127215 
600 262 9 13 0.044033047 
409 311 9 11 0.044028427 
580 334 11 13 0.044014484 
303 374 9 11 0.043994255 
868 489 25 30 0.043893557 
685 395 11 16 0.04386143 
922 504 18 23 0.04374553 
376 320 8 10 0.043647498 
750 280 10 13 0.04355332 
552 241 7 8 0.043546844 
496 270 8 9 0.043503806 
823 222 13 16 0.043492895 
1005 306 13 16 0.043458425 
686 344 11 14 0.04340919 
671 245 9 11 0.043232918 
788 450 12 17 0.043211468 
135 384 8 9 0.04317498 
451 434 14 18 0.043038353 
914 402 15 20 0.04290867 
750 218 10 14 0.04289584 
384 357 9 12 0.04288828 
858 269 12 15 0.04285574 
990 331 12 16 0.04283218 
303 335 7 9 0.042763148 
381 383 12 15 0.04264856 
491 524 14 19 0.042590912 
1012 192 10 13 0.04255748 
177 374 8 9 0.042491935 
345 327 8 9 0.042401813 
470 341 10 13 0.041945063 
111 384 8 9 0.04194162 
680 228 10 13 0.04183848 
118 492 12 15 0.041809186 
199 434 10 13 0.041749094 
344 334 7 9 0.041719344 
232 345 7 9 0.041679002 
646 509 10 14 0.04155825 
884 237 11 14 0.041405153 
317 351 8 10 0.041133657 
39 416 9 11 0.04110923 
380 348 10 12 0.04094057 
214 344 6 9 0.04093866 
479 373 11 14 0.04086179 
193 352 6 9 0.040695056 
374 309 8 10 0.040538598 
423 239 8 9 0.04051191 
273 319 6 8 0.040469427 
692 488 17 25 0.04041273 
611 416 16 23 0.040354963 
167 367 7 9 0.040296488 
491 503 12 16 0.0402763 
725 299 13 17 0.040154543 
190 422 9 12 0.040146224 
248 357 9 10 0.040092018 
796 393 15 20 0.039901093 
661 269 12 14 0.039884433 
247 428 13 15 0.039868552 
1002 401 17 23 0.039820798 
624 261 8 12 0.039809894 
190 435 10 13 0.039703693 
535 302 9 11 0.03963719 
669 237 9 12 0.03953543 
828 355 13 17 0.039495796 
119 384 9 11 0.039463736 
1006 221 10 13 0.03944411 
613 322 12 14 0.03943394 
558 362 12 16 0.03931411 
127 383 8 9 0.03921799 
256 556 26 33 0.03914804 
464 373 12 13 0.039079614 
526 529 54 59 0.0390384 
437 303 8 9 0.03898586 
460 389 12 14 0.03883543 
1001 362 12 17 0.038818296 
374 304 7 10 0.038798034 
905 483 15 21 0.03878505 
551 507 13 15 0.03856355 
698 207 8 11 0.038526326 
424 322 10 13 0.038453605 
934 487 16 22 0.038435232 
34 436 10 13 0.038308896 
29 405 9 10 0.038307216 
336 352 8 11 0.038290195 
462 444 13 18 0.038273785 
808 332 15 20 0.038183305 
745 284 11 13 0.03817369 
311 311 7 9 0.038166378 
163 442 14 17 0.0380682 
611 336 13 17 0.038015984 
209 351 6 9 0.038011353 
517 284 8 11 0.03795081 
210 344 7 10 0.037911996 
700 331 11 13 0.037829254 
788 519 17 23 0.03780864 
992 377 17 21 0.03767628 
735 229 10 14 0.037675466 
62 400 9 10 0.03761393 
65 438 9 12 0.037588306 
481 367 11 12 0.037571304 
302 381 8 11 0.037562802 
623 278 8 12 0.037500374 
750 348 15 18 0.03736783 
762 539 25 29 0.03731472 
424 246 9 11 0.037122343 
814 271 13 15 0.03706963 
472 280 9 10 0.037048187 
257 336 7 8 0.036904674 
292 441 13 16 0.03686073 
630 294 10 14 0.03685805 
423 418 13 15 0.036856104 
668 274 12 14 0.03678423 
333 379 10 12 0.036714684 
689 445 17 19 0.03666477 
513 260 8 10 0.036629792 
446 269 8 9 0.036588836 
775 454 23 27 0.036493767 
535 263 8 10 0.036381222 
595 403 16 19 0.036348026 
808 471 22 28 0.036322515 
446 264 7 10 0.0363049 
497 403 14 17 0.03615572 
980 203 12 14 0.03614823 
353 280 7 9 0.036129694 
205 436 10 12 0.03610489 
953 355 22 29 0.03609378 
326 332 7 10 0.036047313 
744 218 10 14 0.035960816 
705 310 13 16 0.03581553 
533 385 13 15 0.035770956 
572 216 9 11 0.035703544 
199 422 11 13 0.03555007 
254 344 7 8 0.035486657 
384 337 9 11 0.03545349 
382 325 8 10 0.03541581 
612 260 10 13 0.03539144 
402 475 14 18 0.035354696 
409 272 7 9 0.035275485 
518 255 8 9 0.035189014 
281 358 8 10 0.03514531 
908 418 16 20 0.034978386 
995 210 13 15 0.034821015 
215 352 7 8 0.03477393 
296 327 9 11 0.034745596 
927 275 13 17 0.034673583 
366 328 8 10 0.034562264 
137 493 11 15 0.034518663 
738 213 9 12 0.034464765 
655 371 14 18 0.034455 
532 541 33 32 0.034440607 
423 303 8 10 0.034339763 
696 135 12 15 0.034277305 
543 247 9 11 0.034169625 
432 348 11 13 0.034094945 
910 246 12 15 0.034093656 
576 244 9 11 0.034092467 
401 288 7 10 0.03408685 
20 413 10 12 0.03406681 
296 320 7 9 0.034006692 
663 245 9 11 0.033834927 
231 349 7 9 0.03380622 
281 352 7 9 0.03376896 
376 335 9 11 0.033716723 
966 151 11 13 0.03368899 
137 476 11 16 0.033612918 
637 263 9 12 0.033557314 
238 478 21 30 0.03354657 
160 359 7 9 0.03353525 
797 559 26 34 0.03350381 
947 407 15 19 0.033499375 
631 264 9 12 0.0334766 
441 240 7 9 0.03343184 
440 269 8 10 0.033419408 
465 280 7 10 0.033360746 
757 276 10 14 0.03334526 
442 317 9 12 0.033335567 
316 381 9 10 0.033311173 
949 322 15 20 0.03324587 
225 352 7 9 0.03322618 
501 231 9 11 0.03321503 
713 477 18 24 0.033203036 
399 386 12 18 0.03316686 
488 248 8 9 0.03307845 
369 309 8 10 0.033076048 
647 513 12 17 0.03296457 
724 247 11 13 0.032853037 
401 293 8 10 0.03284933 
386 309 8 10 0.032835335 
600 333 11 13 0.03278138 
471 300 9 11 0.03273945 
1012 280 13 20 0.03269526 
428 429 11 15 0.032689404 
754 339 14 18 0.03259417 
209 381 8 11 0.032437038 
614 255 9 12 0.032436132 
551 273 9 10 0.03240069 
714 309 13 16 0.03232749 
418 302 8 10 0.03225723 
351 406 12 16 0.032212373 
151 398 8 9 0.03221122 
413 371 13 16 0.032194335 
254 358 8 10 0.032172658 
244 398 9 10 0.03217163 
327 457 22 27 0.03216193 
199 367 7 10 0.032132994 
439 296 7 9 0.03206122 
463 323 9 12 0.031993955 
970 273 16 21 0.03198123 
193 358 7 9 0.031938992 
902 448 16 20 0.031933438 
1001 299 14 19 0.031908456 
360 342 9 10 0.031900946 
25 406 9 11 0.031895623 
441 287 7 9 0.031827327 
93 398 8 11 0.03182409 
829 206 10 13 0.031703915 
801 325 18 25 0.03164411 
903 206 9 13 0.03158147 
147 470 15 20 0.031574134 
639 317 10 14 0.03152633 
564 363 11 15 0.031385154 
205 419 10 12 0.031372994 
479 299 9 12 0.031291053 
312 344 7 9 0.031273354 
681 306 12 16 0.03121112 
593 394 12 17 0.031149644 
179 464 15 19 0.031138076 
477 347 11 14 0.031022497 
198 389 9 10 0.03102036 
957 466 14 17 0.031019872 
384 278 8 11 0.030934026 
478 224 8 10 0.030927753 
909 214 9 12 0.030872013 
366 357 9 10 0.03086932 
38 375 11 11 0.030832678 
778 183 9 12 0.030829314 
385 556 27 29 0.030814802 
803 387 12 16 0.030809281 
904 212 10 13 0.030807357 
424 271 7 9 0.030731712 
931 460 12 16 0.030726628 
965 501 10 13 0.030643117 
873 213 14 17 0.030618802 
321 294 7 9 0.030614894 
474 384 13 17 0.03056242 
135 411 10 12 0.030555343 
139 501 14 17 0.03053111 
220 421 11 13 0.030492129 
412 380 14 16 0.030488202 
685 491 13 19 0.030433688 
142 384 9 11 0.03042805 
572 504 11 13 0.030331606 
823 370 15 18 0.030329017 
966 205 10 13 0.030207867 
48 415 7 11 0.030170612 
441 264 7 10 0.030100241 
328 304 7 9 0.030055126 
411 476 14 16 0.030045994 
1000 219 10 13 0.030041827 
383 321 8 10 0.030019643 
430 231 9 10 0.02996108 
47 422 8 10 0.029910093 
366 296 7 10 0.029905487 
811 287 15 19 0.029894803 
217 358 8 9 0.029850628 
543 355 11 14 0.02975499 
296 303 6 8 0.029751873 
329 310 7 9 0.029731276 
1013 340 10 15 0.029629681 
488 231 9 10 0.02962221 
652 361 15 20 0.029560212 
345 -46 229 219 0.02951678 
526 323 11 14 0.029448891 
657 300 12 17 0.02942716 
665 217 8 10 0.029299006 
781 524 23 29 0.029290514 
458 394 12 15 0.029239332 
954 348 16 24 0.029212175 
571 302 11 14 0.029202055 
174 429 10 12 0.029181723 
102 408 9 10 0.029169958 
834 234 12 15 0.029142713 
634 463 17 22 0.029133683 
449 417 16 20 0.029049683 
600 325 12 14 0.028863514 
483 475 13 17 0.028607436 
398 304 8 9 0.028600136 
522 309 9 12 0.028521273 
610 435 17 23 0.02840598 
208 368 7 9 0.028404472 
364 371 11 13 0.028340785 
299 397 11 13 0.028194107 
712 238 9 12 0.028154919 
670 224 9 11 0.028072005 
169 384 9 10 0.027995922 
494 525 25 31 0.027992116 
104 397 8 11 0.027970325 
988 268 12 17 0.027911995 
998 254 12 15 0.0278791 
153 391 8 10 0.027865341 
298 496 22 30 0.027859425 
422 295 7 10 0.02783424 
607 247 9 9 0.027810689 
589 285 9 12 0.027751433 
669 357 12 18 0.027733067 
428 324 10 12 0.027716313 
184 361 7 9 0.027713656 
592 263 8 12 0.027699454 
351 263 7 9 0.027671864 
245 459 13 18 0.027648417 
760 450 22 27 0.027621083 
693 230 9 12 0.027554905 
802 316 14 16 0.027522847 
271 381 7 10 0.027498437 
999 267 11 14 0.027479496 
504 279 8 11 0.027475437 
665 325 11 13 0.027468035 
573 472 25 30 0.027463954 
194 375 8 10 0.027433788 
442 252 7 10 0.027376883 
600 245 8 10 0.027331084 
248 368 8 10 0.027272783 
54 429 9 12 0.027263839 
635 217 18 24 0.027235286 
536 279 9 10 0.02721552 
449 310 9 11 0.02708334 
443 475 12 16 0.027072698 
438 310 8 11 0.0270377 
790 298 13 17 0.026970817 
603 402 14 18 0.026942449 
710 342 12 15 0.026851906 
449 394 11 15 0.026837919 
545 274 18 22 0.026721532 
980 270 14 19 0.02671878 
143 374 8 9 0.026711179 
631 247 9 11 0.026576795 
341 499 23 30 0.026500892 
427 457 13 15 0.026486197 
405 348 10 12 0.02646136 
605 221 8 12 0.02643636 
183 435 12 14 0.026429845 
168 420 10 12 0.026414676 
477 246 8 10 0.026392872 
947 473 16 20 0.026389182 
566 371 11 16 0.026380373 
835 213 13 16 0.026371155 
472 335 10 13 0.026355976 
433 337 18 22 0.026339939 
926 140 100 129 0.026270544 
910 409 15 20 0.026214113 
988 158 10 12 0.026131501 
827 282 11 15 0.026120782 
629 466 16 22 0.026119364 
972 316 12 16 0.026060292 
829 300 12 17 0.0259984 
679 314 12 14 0.025997072 
813 382 23 28 0.025990447 
498 307 9 12 0.025976993 
526 300 10 13 0.02595574 
894 276 13 16 0.025903417 
711 215 8 10 0.025874697 
668 453 15 20 0.025804538 
639 506 23 30 0.025798535 
371 427 15 18 0.02579392 
179 444 15 18 0.025785007 
223 413 10 13 0.025751539 
1000 261 11 14 0.025733981 
69 442 11 15 0.025661381 
697 287 10 13 0.025656994 
48 430 9 12 0.025614154 
380 507 24 27 0.025589488 
63 382 9 11 0.025560545 
767 284 12 15 0.025486894 
931 495 15 22 0.025485441 
295 296 7 9 0.025484871 
599 239 8 11 0.025477018 
905 236 11 14 0.025453849 
207 390 8 10 0.025441999 
795 409 15 18 0.02534595 
730 441 17 20 0.02532894 
549 333 10 13 0.025250118 
189 444 12 16 0.025229815 
416 272 7 9 0.025229301 
917 150 10 12 0.025213273 
198 399 9 11 0.02518576 
632 331 12 16 0.025151514 
556 277 9 12 0.025131138 
848 259 11 13 0.025118694 
511 394 11 15 0.025100462 
374 400 17 23 0.025072763 
558 342 10 14 0.024990488 
461 456 15 18 0.024927188 
983 332 12 17 0.024842687 
240 359 8 10 0.024840932 
208 375 8 11 0.024834866 
636 274 10 13 0.024806038 
161 367 7 9 0.024796275 
287 367 8 10 0.024789039 
241 367 7 9 0.024781812 
935 189 103 127 0.024765093 
233 529 27 29 0.02475332 
214 433 12 15 0.02462874 
815 230 10 14 0.024608565 
831 259 11 14 0.024605224 
628 505 24 35 0.024594693 
445 452 12 16 0.024575295 
135 397 9 11 0.024469858 
604 421 15 20 0.02446927 
363 296 6 8 0.0243551 
427 398 12 14 0.024352817 
263 365 8 11 0.024339598 
425 251 8 12 0.024333373 
289 304 7 8 0.024311826 
336 343 8 9 0.024259837 
580 324 12 15 0.02424116 
1011 308 12 16 0.024225334 
249 329 6 8 0.024216779 
802 295 15 18 0.02419133 
623 400 18 26 0.024171164 
367 491 24 31 0.02415964 
639 508 13 18 0.024148028 
343 295 7 9 0.02408783 
944 337 22 32 0.02407063 
781 461 23 31 0.024058003 
473 223 9 11 0.024050632 
105 391 8 10 0.024041994 
223 375 8 10 0.024006974 
151 430 13 16 0.023997147 
934 241 13 15 0.023992352 
86 411 11 12 0.023969207 
662 291 19 22 0.023937592 
493 392 13 15 0.023853736 
861 518 18 22 0.02379505 
740 230 11 14 0.023769898 
537 329 11 15 0.023744754 
765 441 21 26 0.023736494 
495 321 9 11 0.023707854 
311 441 21 26 0.023602497 
755 285 12 16 0.023592997 
712 294 11 14 0.023551228 
625 248 8 11 0.023548683 
693 390 17 23 0.023488553 
157 448 14 18 0.02345919 
691 343 13 16 0.023455132 
559 271 8 10 0.023442639 
265 382 9 11 0.023421189 
526 381 12 15 0.023416651 
558 380 11 14 0.02340974 
56 444 8 10 0.02336726 
405 358 10 12 0.023359329 
584 285 9 12 0.023339877 
279 383 8 9 0.023328833 
558 301 9 13 0.023263553 
850 320 14 18 0.023254875 
448 305 8 9 0.023238406 
740 207 10 12 0.023236588 
713 501 18 23 0.023234025 
479 482 13 17 0.023233917 
433 337 9 10 0.02322902 
520 303 9 11 0.023178328 
265 342 7 9 0.023146586 
357 587 12 15 0.023095533 
286 351 8 9 0.0230347 
855 274 11 15 0.022994598 
246 336 7 8 0.022951234 
199 406 18 23 0.022946684 
21 431 10 11 0.022940692 
421 432 14 19 0.022939827 
427 354 13 16 0.022883229 
724 339 13 16 0.02284329 
802 401 15 19 0.02277834 
675 361 15 21 0.022753945 
573 365 11 14 0.022746364 
543 271 8 10 0.022732815 
348 493 24 29 0.02272229 
411 392 13 15 0.022712085 
1008 189 18 27 0.022707997 
478 254 7 10 0.022705454 
540 311 11 12 0.022700263 
446 334 9 12 0.022636577 
894 202 12 14 0.022618186 
302 445 15 18 0.022574907 
654 313 13 16 0.022565123 
490 541 26 32 0.022519078 
503 249 8 10 0.022477044 
173 415 9 11 0.022461921 
74 325 207 230 0.022400167 
668 489 26 35 0.02239806 
989 383 16 23 0.022387145 
724 475 15 23 0.022383086 
513 333 12 15 0.022378981 
142 406 10 12 0.022341246 
621 222 8 10 0.022329096 
777 219 11 15 0.0223082 
1013 417 11 16 0.022279074 
891 257 14 18 0.022264106 
937 197 11 14 0.022214066 
186 511 19 22 0.022181 
837 196 13 15 0.022164289 
476 506 15 18 0.02213649 
714 321 13 16 0.022127768 
943 329 13 21 0.022113793 
601 390 20 25 0.022099229 
77 423 9 11 0.022064866 
55 414 21 27 0.021985795 
631 496 41 55 0.021982212 
785 321 12 16 0.021898316 
71 423 10 12 0.021825287 
477 532 10 13 0.021796798 
536 309 10 12 0.021791155 
592 208 7 9 0.021778136 
824 197 10 13 0.02175619 
396 336 18 23 0.021742871 
845 203 11 14 0.021738542 
151 350 8 10 0.02172053 
312 317 7 10 0.021712443 
918 511 17 20 0.021684337 
168 396 8 10 0.02167866 
430 470 14 17 0.021618387 
993 193 9 11 0.021615544 
879 393 13 17 0.021602005 
367 287 7 9 0.021594197 
496 396 14 17 0.021594182 
677 418 15 19 0.021589784 
782 293 11 15 0.02156205 
936 401 21 26 0.021555148 
583 236 10 12 0.021554615 
968 260 12 15 0.021549776 
822 379 17 22 0.021519829 
632 239 9 11 0.021511942 
796 383 21 26 0.021509467 
463 363 11 14 0.021492692 
316 426 23 26 0.021440035 
757 226 13 16 0.021428969 
446 240 8 9 0.021393562 
838 320 15 18 0.021370942 
129 432 19 24 0.02135796 
408 372 11 13 0.021337537 
665 285 13 16 0.021293113 
816 244 11 14 0.02128819 
541 380 12 16 0.021273324 
781 183 17 22 0.021202378 
657 249 19 25 0.021192575 
924 258 12 16 0.02118368 
225 367 7 10 0.021164928 
328 368 10 12 0.021162909 
502 272 8 10 0.021148672 
846 218 12 14 0.021118565 
310 430 15 20 0.021072188 
63 444 9 12 0.021053173 
364 432 16 22 0.021004586 
974 192 11 13 0.02098195 
163 540 15 18 0.020966412 
593 217 8 11 0.02096101 
821 245 11 14 0.020929467 
287 319 7 9 0.020919513 
188 463 15 21 0.02090682 
356 534 14 16 0.020859133 
918 292 12 17 0.020857982 
159 394 8 11 0.020851694 
113 376 7 8 0.020828817 
713 270 10 12 0.020811265 
829 218 19 23 0.020791369 
304 304 6 8 0.02076977 
621 473 14 19 0.020763982 
536 319 12 14 0.020762611 
559 246 8 10 0.02074941 
553 302 10 12 0.020742876 
609 295 10 13 0.020741675 
391 348 10 12 0.020740997 
879 434 17 22 0.020737093 
675 295 11 15 0.020699969 
621 236 10 12 0.020699782 
277 396 11 13 0.020697063 
678 142 9 12 0.02069231 
301 358 8 10 0.020686163 
974 192 20 23 0.020662598 
341 411 13 15 0.02065111 
703 300 12 15 0.020638578 
261 414 9 10 0.020633064 
343 288 8 9 0.020631328 
230 375 7 10 0.020609323 
328 287 6 9 0.020590436 
281 311 7 9 0.02058648 
204 484 16 19 0.020585362 
792 336 14 20 0.020583045 
289 336 7 9 0.020557715 
459 410 12 15 0.020551002 
278 390 9 12 0.020549161 
537 524 37 39 0.020530103 
250 465 22 28 0.02050808 
919 223 10 14 0.020482836 
153 474 16 19 0.020477688 
119 407 9 10 0.020454375 
406 232 7 9 0.020441692 
168 428 11 13 0.020434115 
728 313 13 16 0.020429717 
326 434 24 29 0.020402687 
335 321 8 8 0.020367406 
561 308 10 15 0.02032524 
375 354 9 12 0.020314584 
241 375 8 10 0.020311877 
143 368 7 9 0.02030039 
441 324 10 11 0.020279754 
821 298 14 18 0.020257283 
518 261 9 12 0.020238714 
227 477 19 29 0.020229768 
271 351 7 9 0.020225171 
423 304 19 24 0.020220717 
613 492 40 54 0.020220568 
576 255 9 10 0.020184834 
637 295 10 14 0.020175293 
486 482 13 17 0.020172644 
411 420 11 14 0.02017176 
111 419 19 22 0.02011929 
288 382 8 11 0.020108143 
799 422 15 19 0.020065311 
838 204 12 14 0.020065086 
617 235 9 12 0.020058371 
813 300 14 18 0.020048311 
931 472 21 26 0.020036766 
