35_Basketball_basketballgame_ball_35_178
345
839 186 28 36 0.99705195 
454 380 30 35 0.9420184 
197 470 19 25 0.9343988 
86 395 24 30 0.8576579 
582 240 13 15 0.42648086 
301 486 18 20 0.34934762 
604 22 112 153 0.21258385 
830 679 7 10 0.2018177 
238 532 12 16 0.18298969 
522 385 32 46 0.16808861 
132 691 11 13 0.14547145 
182 708 11 13 0.1447538 
380 423 8 10 0.12895739 
1006 640 7 9 0.1281339 
345 25 125 152 0.12776771 
593 275 14 17 0.11779912 
561 694 8 9 0.114675365 
840 669 8 10 0.11333402 
393 702 8 9 0.11306611 
882 672 7 9 0.11110413 
144 685 9 12 0.10948484 
216 609 14 18 0.10139412 
902 673 7 9 0.099366955 
887 672 8 9 0.09838514 
542 661 8 10 0.09457763 
31 654 8 10 0.09071216 
861 654 8 9 0.08841496 
262 505 13 18 0.087967604 
896 672 8 10 0.08702797 
80 664 7 10 0.08387993 
296 493 22 29 0.083220005 
991 647 6 8 0.08109956 
113 668 9 11 0.07983968 
920 662 7 8 0.07835505 
110 683 9 11 0.077496655 
161 513 21 29 0.077291176 
495 650 10 13 0.076628916 
641 670 7 9 0.07335375 
626 226 16 18 0.07307617 
816 687 7 10 0.071242064 
689 386 28 27 0.07107559 
542 702 7 10 0.07011782 
313 58 100 127 0.06922877 
872 688 7 8 0.067685485 
649 689 6 8 0.06734199 
118 670 8 10 0.06724449 
616 688 7 9 0.066629596 
535 678 7 9 0.06609277 
26 673 8 10 0.06565748 
757 704 8 10 0.06503447 
601 696 8 9 0.06438495 
695 286 26 33 0.064382665 
487 678 7 10 0.06433944 
1003 640 7 8 0.06426973 
863 673 8 10 0.063422546 
566 694 8 9 0.06337123 
582 269 23 27 0.06336593 
375 427 10 13 0.06254892 
547 687 6 9 0.062296275 
632 679 7 8 0.06166863 
648 694 7 8 0.05971812 
664 674 7 8 0.058391992 
919 658 7 8 0.05792412 
550 679 7 9 0.056084998 
895 677 8 10 0.056065597 
961 647 7 9 0.055947173 
767 646 7 9 0.05536794 
855 687 8 10 0.055013698 
993 625 7 9 0.054278333 
798 687 7 9 0.051805023 
48 663 7 9 0.051630236 
118 685 8 10 0.05162647 
970 615 6 7 0.0506404 
865 705 8 10 0.05002903 
616 678 5 7 0.049798667 
635 673 6 8 0.049655266 
624 689 6 9 0.049425114 
426 676 7 9 0.04873211 
895 663 7 8 0.048257586 
120 678 8 11 0.0480083 
195 667 11 16 0.047677763 
550 687 7 9 0.04766888 
576 689 7 9 0.047633767 
434 688 7 10 0.04691921 
425 672 7 10 0.046429753 
617 695 7 8 0.046383396 
632 710 8 10 0.045109592 
402 673 7 8 0.044627022 
623 694 7 9 0.04444016 
974 647 7 9 0.04415514 
509 383 31 40 0.043727472 
432 693 7 9 0.043546334 
577 671 6 8 0.04340841 
893 648 8 9 0.042852823 
394 698 7 8 0.042683385 
465 703 8 10 0.042547688 
187 646 13 15 0.042328108 
632 694 7 8 0.04225045 
480 687 6 8 0.042186707 
560 669 8 10 0.04215884 
40 662 8 10 0.041905984 
571 266 15 16 0.041688193 
47 637 9 12 0.04156014 
456 694 7 9 0.041483067 
631 648 7 9 0.041444547 
792 687 8 9 0.04124409 
824 685 8 10 0.04110311 
397 431 8 10 0.040968806 
470 672 7 9 0.04034505 
889 665 7 8 0.040199254 
197 675 11 16 0.040144715 
561 665 8 9 0.040077742 
430 370 22 29 0.039360642 
656 688 7 8 0.03908937 
530 679 7 9 0.03896471 
983 638 7 9 0.038944773 
1008 631 7 9 0.038859516 
601 640 7 8 0.03884084 
495 686 8 9 0.03840585 
976 639 8 9 0.03818234 
239 685 11 16 0.037481092 
397 702 7 10 0.037441976 
1007 644 7 9 0.03727704 
846 671 7 10 0.037255913 
515 251 13 15 0.036925714 
381 435 12 16 0.03688314 
869 678 8 10 0.03659685 
416 689 7 8 0.036534987 
985 656 7 9 0.036400564 
448 679 7 9 0.03621934 
379 427 11 15 0.036178418 
393 431 9 11 0.036090683 
602 687 7 8 0.03602921 
244 537 13 19 0.03601521 
992 600 7 8 0.03592295 
567 664 6 8 0.035848487 
565 442 34 38 0.035816647 
815 671 7 9 0.03578506 
592 711 7 9 0.03567146 
968 647 7 8 0.0352612 
528 379 11 16 0.035218798 
576 639 6 8 0.035138942 
873 693 7 9 0.034816094 
429 703 8 10 0.034630023 
486 672 8 10 0.034613576 
607 688 8 9 0.03453144 
895 653 8 10 0.034515273 
398 696 7 9 0.034497686 
559 632 8 9 0.034429424 
490 685 7 9 0.03427205 
402 678 7 8 0.034269392 
992 606 7 8 0.034005154 
913 672 7 9 0.033924013 
117 664 9 10 0.03376652 
131 489 11 14 0.03375671 
506 374 26 34 0.033203863 
78 401 17 22 0.032974955 
601 680 6 8 0.032419767 
935 664 6 8 0.032269526 
889 677 8 10 0.032069568 
542 709 7 10 0.032040436 
55 640 9 11 0.031724613 
600 701 7 9 0.03165728 
627 648 7 9 0.03160605 
175 636 10 13 0.031579897 
785 687 8 9 0.031490434 
53 657 8 9 0.03130365 
538 695 7 9 0.031115254 
483 679 7 9 0.031032387 
106 685 9 11 0.030768182 
494 83 62 74 0.030762507 
427 429 13 15 0.030700041 
927 679 7 9 0.030630719 
591 664 7 8 0.030542573 
950 662 8 9 0.030356811 
368 696 6 8 0.030343397 
409 694 6 8 0.03019838 
726 439 30 35 0.029995127 
313 462 10 12 0.029947268 
928 671 7 8 0.029849898 
382 695 7 8 0.02984601 
106 680 9 11 0.029728346 
857 663 8 9 0.029717565 
408 678 7 8 0.029678829 
296 485 14 17 0.029658455 
567 260 26 29 0.02963221 
982 633 7 8 0.02957533 
66 663 8 10 0.029514445 
482 673 7 9 0.02944712 
152 640 45 53 0.029403228 
663 695 7 8 0.029297316 
292 502 23 32 0.029201169 
46 632 10 12 0.029183974 
560 648 8 11 0.029127074 
978 633 8 8 0.029098006 
945 664 8 9 0.029038131 
470 709 8 10 0.028963799 
164 508 15 20 0.028719181 
180 644 22 27 0.028504701 
591 671 6 8 0.028487563 
870 705 8 10 0.02840071 
128 584 8 10 0.028229633 
527 712 7 9 0.028220344 
607 672 7 8 0.028177328 
576 665 7 8 0.028081253 
409 689 6 8 0.028030727 
165 527 13 17 0.027610593 
793 681 6 8 0.027565923 
645 671 7 10 0.027558172 
810 681 6 8 0.027273137 
657 695 6 8 0.027111493 
179 637 14 16 0.026924418 
928 664 8 9 0.026895564 
816 681 7 9 0.026814401 
215 605 22 29 0.026710799 
375 663 7 8 0.026567027 
904 657 8 9 0.02653193 
536 674 7 9 0.02622406 
241 669 22 30 0.02620234 
73 688 7 9 0.026175315 
841 647 8 10 0.026156515 
568 689 8 10 0.026067825 
71 663 9 11 0.026043357 
914 661 7 8 0.02599187 
824 662 7 10 0.025926186 
920 680 8 9 0.025794921 
952 657 7 10 0.025731692 
618 664 7 8 0.0257118 
638 704 7 9 0.025682613 
991 642 7 9 0.025503812 
857 680 8 9 0.025496334 
657 702 7 9 0.025334429 
148 668 11 15 0.025316644 
165 644 27 30 0.02517488 
541 23 119 151 0.025128527 
927 640 8 10 0.025128262 
618 672 6 8 0.025121639 
466 30 100 114 0.025002804 
536 717 8 10 0.024883553 
727 490 28 40 0.024857493 
890 686 7 9 0.024853317 
385 670 6 7 0.024809407 
639 55 73 92 0.024632527 
542 696 8 9 0.024563681 
388 437 10 13 0.02454155 
617 701 7 9 0.024455901 
1009 678 8 12 0.024304016 
959 640 8 9 0.024289384 
197 647 10 12 0.02422584 
606 695 7 9 0.024225006 
359 669 8 9 0.024212172 
895 686 6 8 0.024117418 
1014 678 8 14 0.024093518 
489 703 8 9 0.023952268 
791 693 7 9 0.023897363 
147 683 11 17 0.023810666 
61 646 8 9 0.023809414 
762 688 6 8 0.023772413 
552 694 7 9 0.023743331 
1009 600 7 9 0.023738852 
752 649 7 8 0.02365659 
88 704 8 10 0.023620287 
811 687 7 9 0.023557434 
682 693 8 9 0.023534544 
442 711 7 9 0.02347745 
544 671 8 10 0.023459926 
569 266 47 46 0.023347553 
871 673 8 10 0.023334527 
464 689 7 10 0.02329137 
784 648 8 9 0.023270272 
799 681 7 9 0.023226516 
830 684 8 10 0.023126336 
167 518 25 28 0.023116231 
20 445 24 31 0.02306574 
585 679 7 9 0.0230438 
470 705 7 9 0.023000391 
953 639 6 8 0.022952778 
378 687 7 9 0.022902299 
463 694 7 9 0.022895185 
551 56 8 9 0.022872346 
882 676 8 10 0.022861227 
872 631 7 8 0.022860892 
987 648 7 8 0.022848874 
753 656 7 8 0.022848101 
657 680 7 8 0.022775156 
898 624 7 8 0.02259101 
1000 664 8 10 0.022548346 
545 679 8 9 0.022420105 
186 653 21 28 0.022353763 
656 655 8 10 0.022329355 
175 635 23 26 0.022313662 
999 625 8 9 0.022280026 
919 686 8 9 0.022225246 
830 526 11 17 0.022104023 
657 660 8 10 0.022089029 
582 688 8 9 0.022080256 
1000 629 8 9 0.02204248 
846 648 7 10 0.022034168 
785 679 7 9 0.022009334 
583 693 8 9 0.021985509 
785 712 7 10 0.021932062 
665 688 7 9 0.02190695 
626 655 6 7 0.021902323 
327 693 7 9 0.02184943 
1007 663 8 10 0.021848287 
846 161 15 19 0.021758597 
631 688 7 10 0.02167497 
842 170 16 21 0.021580106 
268 496 11 14 0.021578388 
22 629 13 14 0.021516897 
375 434 12 16 0.021449888 
205 646 9 12 0.02127903 
0 561 12 20 0.02121017 
442 719 7 9 0.021185366 
608 679 6 7 0.021161716 
767 641 8 10 0.02115764 
585 671 7 9 0.02113035 
337 695 7 10 0.021129316 
583 639 7 9 0.0211064 
231 692 11 13 0.021075796 
431 679 8 9 0.021040797 
1014 664 8 10 0.020906 
551 672 8 9 0.020877022 
969 641 6 8 0.020848533 
447 720 8 10 0.020824432 
928 617 7 9 0.020790933 
784 656 7 8 0.020765902 
192 473 15 21 0.020698978 
377 680 7 8 0.020662148 
633 705 8 10 0.020548651 
545 55 8 10 0.0204943 
343 73 14 22 0.020436037 
496 663 8 9 0.020421311 
475 376 16 21 0.020334529 
809 647 7 8 0.020333499 
851 687 8 10 0.02033204 
424 695 7 9 0.020313213 
622 664 7 9 0.020293301 
37 657 8 9 0.020262111 
423 688 8 9 0.020144572 
72 668 9 11 0.02014319 
191 660 13 18 0.020132767 
825 673 7 9 0.020107575 
944 639 7 8 0.020081215 
561 690 8 10 0.020013617 
