35_Basketball_basketballgame_ball_35_689
1149
315 317 16 21 0.97850263 
479 115 13 17 0.9677645 
580 63 13 16 0.95051396 
616 132 12 16 0.9447281 
268 45 13 16 0.9351684 
436 24 10 12 0.92171913 
613 11 11 13 0.91806394 
524 207 12 15 0.9169848 
689 235 13 17 0.91530055 
665 225 14 18 0.8939503 
135 134 13 16 0.892182 
350 15 11 14 0.8887333 
575 93 12 15 0.88246185 
244 60 11 14 0.8812849 
419 199 14 17 0.8720216 
447 174 13 16 0.85924244 
518 3 10 13 0.85605884 
100 46 10 14 0.85347486 
118 69 12 15 0.8504992 
579 133 10 13 0.8461638 
95 153 12 13 0.84507704 
615 70 12 16 0.84461933 
517 62 12 15 0.8390772 
742 18 9 13 0.83171165 
21 123 11 13 0.8205946 
173 0 10 11 0.8203342 
229 2 11 12 0.8168221 
341 137 13 15 0.81613123 
698 19 12 15 0.81541246 
323 99 11 15 0.8140288 
173 111 13 16 0.8091021 
723 183 13 15 0.8043503 
60 70 9 11 0.80256486 
84 15 10 13 0.80100286 
652 201 13 17 0.7957827 
352 103 12 15 0.7889818 
409 142 13 15 0.77676195 
550 92 12 14 0.771689 
653 103 12 14 0.7560412 
292 68 13 15 0.75076044 
476 142 11 15 0.74899375 
420 173 13 16 0.7487256 
581 193 12 15 0.74296397 
144 19 10 13 0.7422802 
67 145 12 16 0.7345931 
151 49 11 14 0.73203677 
726 144 11 14 0.724128 
870 130 12 15 0.72342116 
29 144 12 15 0.6956865 
448 200 14 17 0.6952801 
487 190 11 15 0.69391555 
514 190 12 14 0.6846118 
392 189 13 16 0.68396676 
945 140 11 15 0.6802802 
238 122 13 17 0.6791022 
490 86 11 15 0.6781213 
927 167 11 16 0.67461246 
444 79 11 15 0.67156154 
394 79 9 13 0.67008114 
909 97 14 16 0.66547 
212 85 12 15 0.6619076 
413 108 12 14 0.6617689 
468 220 12 14 0.65502596 
300 10 11 14 0.6531272 
554 218 12 16 0.632659 
552 195 11 15 0.6304919 
450 112 14 17 0.61114997 
938 71 10 13 0.59400874 
655 72 10 13 0.59333664 
19 93 9 12 0.59127945 
541 68 11 14 0.5822694 
382 136 13 17 0.5819751 
207 6 9 11 0.573328 
182 151 13 16 0.567431 
144 84 12 15 0.56319124 
313 131 13 16 0.5468749 
390 49 11 13 0.54374254 
967 37 13 15 0.5425629 
188 30 10 13 0.5423475 
77 43 10 11 0.537132 
436 141 12 15 0.5361258 
333 68 12 15 0.5329846 
370 13 12 15 0.5272673 
674 370 14 17 0.52286065 
486 54 10 13 0.51760197 
462 53 11 13 0.5017907 
699 173 12 15 0.49948594 
708 57 9 11 0.4891543 
143 78 11 14 0.48540336 
98 133 11 14 0.4836547 
595 11 10 13 0.47917986 
497 35 11 14 0.47869903 
237 152 12 16 0.47701597 
36 64 11 14 0.47494474 
631 195 12 17 0.47400478 
309 39 12 15 0.47035667 
592 216 13 17 0.4672526 
940 117 9 12 0.4647302 
960 189 11 14 0.4531675 
807 153 13 19 0.45140567 
690 577 16 20 0.450491 
515 30 11 14 0.44432718 
337 176 17 20 0.4415694 
883 175 11 14 0.43905333 
47 126 11 14 0.43574357 
116 22 10 13 0.42815965 
555 159 11 14 0.41226378 
269 95 12 14 0.4113134 
841 140 10 13 0.39677894 
521 91 11 13 0.39068583 
49 38 9 12 0.38557956 
63 19 9 12 0.3827561 
202 116 11 15 0.37851548 
294 95 13 16 0.37833238 
647 43 11 13 0.37475154 
869 197 16 19 0.37017635 
575 116 11 14 0.3699967 
387 115 12 14 0.35581088 
671 38 12 16 0.3544706 
551 11 10 13 0.3497426 
988 144 11 13 0.3441937 
772 144 10 12 0.33990315 
422 88 11 13 0.33733457 
623 102 11 14 0.33445653 
395 23 11 12 0.32341245 
0 87 7 11 0.32069156 
543 43 11 14 0.31999487 
129 53 9 11 0.3178995 
933 39 10 13 0.31664532 
219 118 12 15 0.30848846 
661 170 12 15 0.30501616 
674 44 13 15 0.30493867 
75 127 10 13 0.30335313 
206 254 15 18 0.30125177 
507 158 12 14 0.29407617 
950 22 9 11 0.2901013 
507 141 13 15 0.28795296 
6 73 8 10 0.28329578 
576 39 12 15 0.28232992 
89 117 11 13 0.28140602 
676 23 9 11 0.280787 
376 167 14 20 0.27346247 
462 23 12 13 0.27240837 
371 79 11 13 0.2646997 
606 257 15 17 0.26405978 
81 104 9 12 0.26316884 
983 108 10 13 0.25641865 
606 38 10 12 0.253692 
558 123 11 13 0.2499714 
271 160 14 18 0.24662384 
927 8 10 13 0.2464799 
394 6 13 14 0.24475649 
123 197 9 11 0.23942554 
4 15 9 12 0.23355766 
77 70 11 14 0.2213539 
596 167 9 12 0.2184799 
172 43 9 12 0.21727231 
896 134 9 12 0.21645634 
427 46 12 14 0.2049554 
288 61 13 16 0.20464732 
333 52 9 11 0.19344933 
802 86 12 15 0.19114336 
662 86 10 13 0.19014499 
431 149 12 14 0.1897387 
625 316 13 17 0.1850772 
301 162 15 18 0.18433239 
405 121 12 15 0.18311879 
944 23 9 11 0.18293148 
55 95 10 13 0.18203777 
480 1 10 10 0.17618863 
680 78 10 12 0.17445558 
454 35 12 14 0.17306384 
115 117 13 16 0.17162098 
110 30 11 12 0.17121273 
269 67 10 13 0.16623722 
97 93 10 12 0.16593838 
470 44 12 16 0.16326267 
945 27 9 12 0.16117005 
408 15 11 15 0.15882716 
435 99 12 14 0.15628557 
599 94 11 12 0.1562494 
966 31 12 15 0.1553113 
504 164 13 14 0.1551424 
974 83 12 15 0.15503041 
478 4 9 12 0.15485227 
598 233 17 20 0.15478985 
512 104 10 12 0.15360276 
928 39 10 12 0.15350054 
455 386 14 21 0.15286632 
894 93 11 12 0.15229464 
652 13 11 14 0.15139553 
709 216 14 17 0.15016568 
55 3 10 13 0.1495898 
264 70 11 14 0.14637618 
576 125 12 16 0.14600073 
567 4 10 12 0.14413461 
633 191 14 16 0.14294985 
339 166 15 17 0.14247157 
457 54 10 12 0.14196832 
142 71 11 14 0.14165522 
926 86 10 12 0.14097595 
148 16 11 13 0.14031899 
557 189 11 14 0.13997357 
886 183 15 19 0.1389963 
718 243 12 16 0.13815488 
597 141 11 13 0.13776588 
598 228 14 16 0.13561977 
75 52 12 15 0.13550106 
440 117 10 12 0.13481647 
998 22 9 11 0.13426569 
104 5 9 12 0.1324111 
635 442 11 14 0.13130304 
824 65 10 12 0.13129498 
62 94 11 13 0.12812385 
598 30 11 13 0.1258183 
944 163 10 14 0.12523817 
1014 45 9 14 0.12500112 
608 156 10 13 0.123493455 
983 61 12 15 0.12325683 
367 34 13 16 0.122031614 
445 228 11 14 0.12059609 
519 114 12 14 0.11909513 
920 53 9 10 0.11840939 
894 80 7 9 0.1176446 
326 263 13 16 0.117124 
85 109 10 12 0.11638742 
894 87 10 12 0.11577143 
14 38 9 12 0.11557299 
941 211 9 13 0.11519715 
327 10 12 15 0.11444541 
684 371 11 14 0.11426113 
724 221 11 15 0.113328226 
936 143 10 13 0.11321702 
937 111 10 12 0.112027526 
368 7 11 15 0.111053765 
614 38 10 12 0.110710956 
801 202 12 15 0.11041542 
957 280 8 10 0.1100714 
72 68 11 14 0.11005056 
428 223 11 15 0.1092158 
393 285 9 11 0.10785066 
534 14 10 12 0.10765269 
519 134 9 11 0.10652471 
333 7 12 14 0.105819315 
438 110 12 15 0.1049737 
769 190 9 11 0.104002744 
109 36 10 13 0.10385866 
879 85 8 10 0.10364051 
542 212 11 15 0.10351449 
2 19 9 14 0.102342114 
5 140 10 13 0.102324106 
540 49 13 16 0.10170453 
287 344 15 19 0.101698406 
1013 139 11 17 0.100849494 
438 195 13 17 0.10017325 
509 267 9 12 0.099703364 
951 88 10 13 0.09924185 
159 8 9 10 0.09753945 
487 183 13 17 0.0958965 
577 110 11 15 0.095030665 
654 5 12 14 0.09465105 
645 6 12 13 0.09429741 
717 158 11 14 0.09429677 
95 127 11 14 0.094026834 
276 111 13 17 0.09391732 
237 87 11 14 0.09348222 
653 248 15 21 0.09319601 
364 279 11 13 0.09193788 
17 89 10 12 0.09171737 
957 21 9 11 0.09116422 
68 92 9 13 0.08952849 
501 41 11 14 0.088734984 
517 146 13 17 0.088482626 
604 99 13 14 0.088207416 
888 79 8 9 0.087553404 
1006 104 13 16 0.087278865 
601 36 10 13 0.08692788 
406 43 11 14 0.08631741 
607 43 10 12 0.08618082 
73 60 11 13 0.08578438 
428 154 13 14 0.08576903 
973 101 13 16 0.08538698 
94 67 12 14 0.085155845 
28 753 16 16 0.08503484 
983 148 11 12 0.084961966 
432 107 11 13 0.08469516 
977 107 11 14 0.084483124 
612 156 11 13 0.08424714 
920 39 9 10 0.08417036 
551 302 12 15 0.08367711 
676 28 12 15 0.08318578 
622 29 11 12 0.08318009 
309 362 14 19 0.08290195 
959 38 11 15 0.08201087 
395 45 12 16 0.08197769 
696 196 12 15 0.08170635 
446 208 13 16 0.08079257 
909 119 10 13 0.08069994 
201 6 9 11 0.08040399 
582 199 12 16 0.0801327 
63 28 10 12 0.07949205 
702 76 13 15 0.0785839 
510 78 12 15 0.07825346 
271 144 22 25 0.07793463 
544 0 8 9 0.07759256 
904 56 8 10 0.07711927 
414 62 9 12 0.0769875 
592 28 10 13 0.076476656 
911 70 8 10 0.07626471 
104 1 8 8 0.076151155 
559 184 11 13 0.07591027 
135 62 10 13 0.0756895 
275 138 16 20 0.0756601 
95 100 10 12 0.07563125 
158 133 11 14 0.07494238 
403 163 12 16 0.07490572 
655 0 11 10 0.074791245 
648 69 11 14 0.07458318 
687 61 11 13 0.07439776 
112 91 11 14 0.074347764 
421 226 12 15 0.07307071 
723 213 11 14 0.073063545 
341 0 11 10 0.07278303 
407 190 11 13 0.07258606 
719 220 10 14 0.07251545 
159 0 8 8 0.0724509 
710 0 9 8 0.07232489 
605 31 11 14 0.072174765 
687 6 10 13 0.07207233 
561 1 8 9 0.071994975 
383 124 15 17 0.07151751 
397 215 14 18 0.07134823 
767 206 11 15 0.070171304 
473 1 9 10 0.06936584 
158 12 9 13 0.06933452 
283 131 11 14 0.0692716 
828 127 12 13 0.06904983 
633 46 10 14 0.06894044 
602 241 16 19 0.068821885 
136 1 9 9 0.06878291 
901 30 8 10 0.06872208 
357 61 11 14 0.06859426 
285 29 11 14 0.06843802 
424 157 11 14 0.068263724 
501 168 14 16 0.068006486 
2 78 9 13 0.067992836 
660 76 10 13 0.06774266 
731 148 9 12 0.06758017 
96 41 10 13 0.06753772 
904 61 10 13 0.067470536 
264 29 10 12 0.067184195 
742 -1 9 9 0.066959284 
430 94 11 14 0.06689497 
190 0 9 9 0.06681191 
137 4 10 12 0.06655931 
101 40 12 13 0.06609717 
144 103 11 14 0.06601163 
416 178 13 15 0.065625854 
104 30 10 12 0.06559735 
612 244 10 13 0.06522935 
385 45 12 16 0.06517256 
437 255 9 12 0.064925306 
310 28 12 16 0.06447482 
299 26 12 15 0.06430875 
671 149 11 13 0.064066954 
668 60 11 14 0.063788615 
985 5 10 11 0.06376402 
356 201 13 15 0.06365922 
637 247 12 14 0.06365878 
952 17 8 11 0.06295916 
544 181 11 13 0.06295528 
798 131 11 13 0.062882714 
367 18 11 13 0.061786793 
128 21 9 12 0.06175385 
558 4 9 13 0.061656106 
102 70 9 12 0.06132004 
0 27 7 13 0.06121939 
466 387 15 21 0.06108603 
405 100 13 17 0.06101741 
374 1 10 10 0.060573168 
336 252 11 14 0.060091715 
639 139 12 13 0.0597567 
548 130 11 14 0.05974665 
903 150 8 12 0.059604242 
637 12 9 13 0.059129164 
759 291 9 11 0.058613237 
550 125 11 14 0.058596224 
976 54 10 13 0.057825997 
359 180 13 17 0.057674244 
345 371 17 20 0.057593513 
431 59 11 12 0.05746719 
357 4 12 14 0.05703625 
46 33 9 12 0.056964155 
544 7 8 11 0.05674056 
429 37 11 13 0.056656886 
158 102 12 15 0.056546073 
644 85 12 13 0.05627467 
485 3 9 11 0.056251165 
567 172 9 12 0.056017946 
359 54 9 11 0.055682767 
397 100 13 16 0.055506762 
486 170 13 16 0.0554567 
632 6 10 14 0.055386446 
882 82 7 9 0.055318777 
389 92 12 14 0.05514229 
639 6 10 13 0.055129845 
358 76 12 15 0.055066314 
472 15 9 11 0.054961845 
911 40 8 11 0.054651625 
769 221 11 15 0.054555096 
436 46 11 13 0.05399924 
986 102 12 16 0.053925738 
941 62 9 11 0.053896893 
110 44 11 14 0.05373544 
523 4 10 13 0.053714454 
117 16 10 12 0.05366225 
230 129 13 17 0.053537652 
646 0 10 11 0.05336181 
769 184 10 12 0.05274884 
911 63 8 10 0.052690156 
118 46 10 13 0.052590106 
707 172 12 15 0.052435167 
749 249 13 16 0.052414842 
625 202 12 17 0.052383434 
767 197 9 13 0.052334044 
645 117 10 12 0.052312035 
952 108 9 11 0.05224205 
13 31 9 12 0.052160554 
477 13 9 11 0.05181653 
453 137 13 17 0.05164298 
937 104 9 10 0.051618915 
467 21 11 13 0.051554106 
486 209 13 16 0.05130304 
365 95 10 13 0.051031373 
700 377 13 16 0.05099262 
1006 70 12 14 0.050724007 
663 119 11 14 0.050722696 
565 241 13 17 0.050703917 
490 194 12 15 0.05067855 
412 189 12 15 0.050442018 
55 62 10 12 0.050422538 
125 37 10 12 0.05030304 
366 69 13 16 0.05029582 
305 36 12 16 0.050000727 
967 227 10 12 0.04999042 
904 118 10 13 0.04986289 
436 52 11 13 0.049648758 
894 60 10 13 0.049594633 
256 74 13 16 0.049576372 
21 99 9 12 0.049343605 
411 285 9 10 0.04930953 
988 66 10 14 0.04895468 
773 155 10 12 0.04894305 
583 184 12 15 0.048875753 
42 31 9 11 0.048799887 
969 286 8 9 0.048352778 
1011 93 10 15 0.04830022 
893 54 8 10 0.048201 
942 286 8 12 0.048163194 
876 181 19 24 0.048118684 
889 93 9 11 0.048102282 
413 123 12 15 0.048056886 
545 188 12 15 0.04773208 
269 113 15 18 0.04767738 
286 55 13 16 0.047544014 
343 90 11 14 0.047340896 
94 137 13 17 0.04729158 
310 22 11 14 0.04719419 
399 36 11 15 0.047058288 
896 339 11 13 0.047003552 
481 53 9 13 0.04695204 
616 165 10 13 0.046833716 
5 6 10 11 0.046784893 
112 15 9 12 0.04671275 
357 68 12 16 0.046660177 
557 58 11 14 0.04660939 
553 0 8 9 0.046540394 
231 116 16 19 0.046268214 
678 49 12 14 0.046055894 
332 257 12 17 0.045928247 
620 61 13 15 0.045754697 
698 585 15 19 0.045748595 
314 201 13 17 0.04564888 
944 91 10 13 0.045641128 
648 106 11 14 0.04559627 
993 21 9 11 0.045202337 
640 91 10 13 0.045119345 
983 92 11 13 0.04510314 
992 287 10 12 0.045086652 
514 1 10 11 0.044980075 
265 98 13 16 0.044935696 
543 126 12 15 0.044917822 
683 167 11 13 0.044796605 
917 69 9 11 0.044718873 
328 46 9 12 0.044516377 
234 4 12 14 0.044424307 
710 6 9 12 0.044095 
456 45 11 15 0.04401111 
417 90 11 14 0.043869954 
20 78 10 11 0.043645103 
940 36 11 14 0.043626446 
659 3 10 13 0.043601073 
998 285 10 12 0.04356387 
791 227 11 15 0.043495443 
928 90 9 13 0.04344549 
610 7 19 22 0.043372467 
334 154 14 18 0.043258727 
972 89 13 17 0.043218404 
910 104 11 13 0.043116115 
490 204 14 18 0.04296761 
874 126 13 16 0.042877015 
1007 30 9 11 0.04278122 
693 67 11 16 0.042746443 
670 191 13 16 0.04266914 
695 373 12 15 0.042509653 
373 124 10 15 0.04246801 
463 163 12 16 0.042459063 
158 67 11 14 0.04239534 
592 242 13 17 0.04239047 
760 199 8 12 0.042298272 
69 119 10 12 0.042151462 
413 225 14 18 0.041948657 
366 100 10 13 0.04184609 
463 171 13 16 0.04183973 
124 4 11 13 0.041824855 
367 0 10 11 0.04175306 
694 191 11 14 0.041737456 
830 94 10 14 0.041638415 
455 22 10 12 0.04158823 
523 145 13 17 0.041170232 
388 101 15 17 0.041092385 
216 19 11 14 0.040851578 
87 94 10 11 0.04082546 
648 18 13 15 0.040630896 
938 64 9 11 0.040516466 
56 12 10 13 0.040503144 
389 38 12 15 0.040341225 
536 8 9 10 0.040213753 
315 37 13 16 0.040211618 
406 -1 11 10 0.040077705 
565 206 10 13 0.040024336 
373 102 9 12 0.03999821 
515 182 14 17 0.039951395 
74 39 10 12 0.039939128 
468 179 11 15 0.039861046 
906 68 9 12 0.03970154 
944 17 9 10 0.03965289 
559 171 10 12 0.039515063 
552 118 11 14 0.039506227 
702 66 13 16 0.039499793 
669 68 12 15 0.03943823 
547 68 11 13 0.03943026 
597 21 11 13 0.039399203 
278 125 14 15 0.03938401 
598 88 11 13 0.03900992 
88 88 9 12 0.03895314 
126 0 10 10 0.03879947 
512 232 10 12 0.038763016 
137 69 10 12 0.03865504 
477 156 11 13 0.03861501 
118 130 13 15 0.038571477 
558 203 11 14 0.03854116 
549 248 15 18 0.0385045 
17 118 11 15 0.038444698 
726 294 8 11 0.03835444 
264 64 11 13 0.038250487 
87 122 12 15 0.03823471 
392 1 11 11 0.038036734 
788 151 11 13 0.03801087 
684 82 10 13 0.03799264 
494 171 11 14 0.037982058 
525 1 10 10 0.037919007 
999 27 11 12 0.037826072 
136 14 10 13 0.037776332 
592 20 11 14 0.037737787 
21 38 9 11 0.037720285 
183 53 10 11 0.03771195 
646 190 12 15 0.037550934 
34 142 12 14 0.037461255 
394 106 13 15 0.037420224 
411 114 13 15 0.03734039 
360 94 11 14 0.03726359 
397 93 12 15 0.03724964 
359 83 11 13 0.037222873 
405 171 12 16 0.03716525 
895 98 12 14 0.037122943 
818 68 9 12 0.037109103 
100 87 12 14 0.03706803 
396 280 9 12 0.03705751 
126 149 11 12 0.037015248 
442 139 14 17 0.036877815 
564 124 11 13 0.03684025 
981 56 11 13 0.036836892 
566 58 10 14 0.036731977 
453 221 11 13 0.036604274 
69 88 11 13 0.03655361 
590 258 12 16 0.036506776 
397 0 11 10 0.036395762 
333 183 15 17 0.03638551 
8 29 10 13 0.03627918 
579 98 11 15 0.036132526 
974 286 9 11 0.036125746 
192 5 10 12 0.036100682 
50 100 10 12 0.03605151 
120 0 11 11 0.035986066 
141 63 11 12 0.03591507 
551 60 11 15 0.03588629 
158 84 11 14 0.03583551 
962 67 13 15 0.035807636 
782 198 13 16 0.035777364 
355 19 11 14 0.035723522 
198 134 12 15 0.03566154 
69 101 9 11 0.035589635 
967 24 8 10 0.03556876 
165 86 11 14 0.03556617 
681 174 10 13 0.035507243 
434 19 17 21 0.035450157 
705 0 9 9 0.03527612 
952 38 10 13 0.03525328 
768 1 10 10 0.03520234 
446 104 13 16 0.03519829 
446 14 12 14 0.03514339 
307 13 11 13 0.03508352 
110 6 9 11 0.035075862 
55 88 10 11 0.034981836 
1008 1 9 9 0.034896944 
569 11 10 12 0.034875527 
168 3 11 12 0.034866445 
628 208 13 17 0.03486253 
627 106 11 14 0.034814745 
351 0 10 10 0.034798384 
444 20 11 14 0.03468699 
462 6 9 10 0.034589466 
615 31 10 12 0.03458771 
717 41 12 15 0.034521785 
1008 133 13 18 0.03448391 
221 14 10 12 0.034483373 
461 131 12 16 0.03446481 
424 151 11 13 0.03441499 
518 171 13 15 0.03439978 
413 245 11 14 0.034333367 
177 166 12 15 0.034327473 
253 54 10 13 0.034301415 
268 122 14 16 0.034285616 
572 172 12 14 0.034206063 
536 131 11 14 0.03420266 
992 45 11 12 0.034166068 
102 23 9 11 0.034133133 
556 244 14 17 0.034092117 
622 96 11 13 0.034071393 
426 196 13 17 0.03403951 
213 0 11 11 0.033992205 
829 61 11 14 0.03392266 
894 47 8 10 0.03385456 
996 140 11 15 0.033689298 
81 11 17 21 0.0336335 
239 55 13 17 0.03356399 
438 226 13 17 0.033475015 
460 107 11 16 0.03345766 
145 45 10 13 0.033450276 
599 248 15 20 0.033433735 
615 100 11 14 0.033403963 
543 207 11 14 0.033388887 
40 0 10 9 0.033375815 
385 95 10 12 0.033319645 
291 350 17 24 0.03331741 
511 23 9 12 0.03328058 
927 109 9 11 0.033260938 
437 61 10 12 0.03318927 
820 213 14 16 0.03316307 
656 166 13 16 0.03313316 
141 1 10 9 0.03297817 
630 21 11 14 0.032977827 
47 0 9 9 0.032887936 
302 110 12 15 0.032855105 
709 180 10 13 0.032846287 
656 178 12 16 0.0328029 
103 14 9 11 0.03247193 
940 121 12 14 0.032436676 
226 137 21 26 0.03235214 
169 -5 20 20 0.032306317 
605 282 11 14 0.0322256 
616 171 11 14 0.032198902 
215 16 10 12 0.03218097 
637 318 9 12 0.032166716 
109 150 9 12 0.03213541 
636 50 11 14 0.032130774 
262 108 14 17 0.032026988 
704 6 10 13 0.03201922 
433 274 10 14 0.03198436 
462 272 12 16 0.03195727 
645 92 13 15 0.031911444 
344 109 11 13 0.03189523 
506 172 14 15 0.0318893 
460 382 15 19 0.03188455 
441 122 11 14 0.0318703 
688 191 10 13 0.031827044 
229 53 13 16 0.031820044 
406 51 10 12 0.031818815 
282 146 16 19 0.03181802 
935 93 9 11 0.031794414 
346 162 16 20 0.031757392 
452 228 10 14 0.03154397 
660 277 10 11 0.03153096 
685 126 10 12 0.031513363 
103 75 10 13 0.031415757 
701 149 12 14 0.031409312 
598 59 11 13 0.03138194 
619 37 11 12 0.031376205 
593 172 11 13 0.03132223 
126 29 9 12 0.03131899 
958 75 11 13 0.031286582 
518 100 10 12 0.031241963 
511 235 14 16 0.031214297 
373 42 12 15 0.03112292 
628 219 14 17 0.031074328 
172 119 15 18 0.031065695 
403 212 14 17 0.03103125 
392 74 16 22 0.031019732 
292 139 14 18 0.03099621 
47 5 12 13 0.03094837 
351 62 11 13 0.030866582 
550 52 11 14 0.03085969 
736 0 11 10 0.030727327 
406 180 13 16 0.030667799 
921 78 8 11 0.03064808 
678 0 10 9 0.030588789 
64 117 10 13 0.030523896 
953 283 10 11 0.030506304 
191 140 12 16 0.030451022 
614 83 12 13 0.030450625 
699 200 12 15 0.030424643 
551 173 10 12 0.03037307 
925 53 9 11 0.03027133 
962 30 9 12 0.030231275 
935 65 17 23 0.030149298 
163 133 14 15 0.030113945 
886 117 10 12 0.030090202 
492 54 9 12 0.030071521 
927 44 10 12 0.03002717 
959 110 8 10 0.029994836 
61 87 12 14 0.02994369 
895 128 9 12 0.029910468 
447 36 11 14 0.029871184 
687 291 10 12 0.029865952 
57 65 17 22 0.029857561 
963 61 12 14 0.029855361 
976 59 11 14 0.029808251 
709 11 11 15 0.029769272 
400 123 12 15 0.029757181 
52 106 13 16 0.029754862 
464 16 9 11 0.02973634 
398 71 11 15 0.029681213 
546 194 12 15 0.029606383 
966 85 13 17 0.029567104 
704 144 10 11 0.029496875 
952 69 9 12 0.029487459 
221 76 13 14 0.029472042 
554 99 12 14 0.029428402 
383 60 11 14 0.029403832 
475 218 12 15 0.029398138 
661 363 10 13 0.02933665 
86 10 10 11 0.029297384 
1001 229 10 13 0.02926659 
633 200 14 19 0.02925663 
831 138 12 14 0.029234704 
700 70 20 24 0.029214391 
844 134 11 14 0.029213607 
339 3 12 16 0.029193604 
808 278 10 12 0.02916528 
327 275 13 16 0.02914105 
54 31 10 12 0.029101072 
754 295 9 11 0.029086743 
904 94 10 13 0.029065581 
571 5 12 13 0.029062837 
149 70 10 14 0.029017428 
414 43 10 14 0.028982133 
360 402 12 17 0.028945537 
372 68 13 15 0.028941588 
510 135 12 16 0.028909864 
141 159 14 19 0.028873408 
585 60 13 16 0.028828382 
977 198 9 12 0.028820733 
478 228 12 17 0.028786613 
936 135 9 13 0.028758958 
129 132 12 15 0.028706359 
123 117 13 15 0.028623369 
767 260 14 17 0.028572265 
447 385 16 22 0.028561277 
351 7 13 16 0.028521357 
580 21 12 14 0.028514696 
910 77 8 10 0.02845547 
768 109 11 13 0.028451476 
153 0 9 9 0.02841254 
328 179 13 17 0.028379416 
836 134 19 25 0.028377196 
623 220 12 16 0.028322058 
686 67 12 15 0.028207911 
537 62 11 14 0.02819473 
360 47 9 12 0.028186424 
120 37 9 12 0.028182892 
815 283 13 18 0.028120417 
208 155 10 12 0.028053042 
150 126 12 15 0.028051116 
978 77 12 15 0.028019575 
751 135 8 10 0.028018087 
565 29 12 14 0.028011024 
785 192 21 26 0.027991856 
199 1 9 9 0.027957864 
606 116 12 15 0.027946003 
1013 30 9 12 0.02792249 
1009 98 14 19 0.02789612 
614 64 13 15 0.027816664 
999 131 12 16 0.027746582 
451 30 19 23 0.027724043 
486 47 12 14 0.027718246 
966 53 10 12 0.027701287 
0 165 10 16 0.027596066 
329 61 12 16 0.027585141 
461 44 17 21 0.027563969 
640 66 13 16 0.027551541 
965 117 9 11 0.027429495 
759 5 11 11 0.027420934 
759 228 11 13 0.027417237 
446 70 10 13 0.027406782 
-104 278 534 461 0.027365146 
613 92 12 14 0.02734103 
428 123 11 16 0.027279368 
508 143 17 21 0.027267182 
652 95 13 16 0.027265713 
341 114 12 15 0.027248427 
536 0 9 9 0.027206838 
639 37 11 15 0.027142668 
719 225 13 17 0.027136093 
773 0 11 10 0.027057227 
232 22 11 14 0.027042305 
101 62 11 12 0.027013142 
57 21 10 11 0.026942946 
976 116 11 13 0.026933776 
274 100 12 14 0.02687367 
556 304 14 17 0.026872858 
263 23 10 13 0.026839498 
663 59 9 13 0.02682096 
0 47 7 12 0.02679642 
692 211 13 15 0.026794871 
998 290 14 15 0.02677497 
995 148 11 13 0.026769765 
677 70 11 15 0.026743572 
700 191 12 14 0.026731577 
935 157 10 14 0.026711129 
967 280 8 10 0.026627047 
110 110 12 15 0.026625212 
464 216 11 13 0.026591713 
646 182 12 14 0.026591552 
738 15 18 22 0.026546996 
338 69 12 16 0.026538298 
456 0 9 10 0.026527261 
518 166 11 13 0.026511837 
59 4 11 13 0.026405394 
120 201 11 14 0.026402403 
480 195 12 15 0.026310641 
191 12 11 13 0.026289824 
183 47 10 12 0.026289495 
609 76 12 14 0.026234133 
238 14 10 11 0.026203249 
510 241 14 17 0.026153887 
598 0 9 11 0.026100975 
639 108 11 14 0.026100364 
42 45 11 12 0.026067948 
121 51 9 13 0.025954703 
703 213 14 17 0.025945231 
1012 75 11 15 0.025894338 
668 215 14 16 0.025883218 
919 130 11 13 0.025877094 
605 195 12 15 0.025833732 
453 121 12 14 0.025825946 
69 14 9 12 0.025785636 
376 131 11 17 0.025781851 
482 111 13 15 0.025729187 
173 130 12 15 0.025705257 
718 135 11 14 0.025675775 
18 119 18 22 0.02565593 
415 68 10 13 0.025634116 
674 227 13 16 0.025617018 
267 73 12 15 0.025605924 
613 42 11 13 0.025562398 
717 71 12 15 0.025511552 
900 141 9 11 0.025501221 
298 353 20 27 0.025493065 
41 130 11 15 0.025482323 
978 150 11 12 0.025466414 
563 189 10 12 0.025448984 
160 138 12 14 0.02541607 
984 12 11 13 0.025398461 
452 103 13 17 0.025394784 
416 165 12 16 0.025380373 
903 155 12 16 0.025370385 
86 54 10 12 0.025364542 
351 202 12 15 0.02528967 
283 109 13 16 0.02525658 
515 0 18 22 0.025170024 
241 147 14 18 0.025155094 
938 22 8 10 0.025096023 
1013 126 10 14 0.025081158 
936 275 10 11 0.02506427 
581 29 11 13 0.0250534 
48 108 11 14 0.025035342 
962 194 11 14 0.025034731 
236 108 17 20 0.025018273 
513 65 12 15 0.02500207 
676 328 13 14 0.024973938 
226 0 18 20 0.024940224 
916 182 11 14 0.024915718 
605 106 13 15 0.024892084 
79 0 10 10 0.024890505 
582 3 11 14 0.024860077 
407 62 11 13 0.024822729 
710 45 12 14 0.024809983 
383 36 12 15 0.024806723 
795 194 19 25 0.02480023 
650 38 12 14 0.02474084 
243 106 15 19 0.024735428 
120 192 11 14 0.024669591 
679 180 11 13 0.02466385 
965 76 12 15 0.024620747 
439 0 10 10 0.024603358 
139 75 11 14 0.024486693 
716 107 11 14 0.024472196 
721 147 10 13 0.024385102 
564 182 11 14 0.02438119 
114 109 15 18 0.024376871 
339 144 14 18 0.024373228 
813 278 12 14 0.024372518 
421 123 13 16 0.024361687 
997 124 11 15 0.024355661 
526 101 9 12 0.02432362 
620 166 11 14 0.024320953 
350 35 11 14 0.024319664 
365 42 13 15 0.024312934 
638 18 11 14 0.024307834 
100 99 11 13 0.024296243 
621 54 12 13 0.02428301 
700 167 20 25 0.024242407 
443 131 14 18 0.024214491 
906 45 7 9 0.024196021 
990 15 10 12 0.024184372 
438 37 11 13 0.024183158 
957 86 10 15 0.024140358 
390 212 16 19 0.02412305 
743 77 12 15 0.024034431 
421 99 13 16 0.02402838 
92 111 9 12 0.023997067 
351 68 11 15 0.02397406 
890 133 9 11 0.023974005 
910 56 9 10 0.023942305 
524 178 11 15 0.023911 
94 74 14 16 0.023904962 
431 115 11 14 0.023901373 
415 52 10 13 0.023899816 
109 50 11 15 0.023884505 
134 47 10 13 0.023822146 
551 153 17 23 0.02381193 
464 225 13 16 0.023773544 
184 25 17 22 0.023755506 
269 132 15 19 0.023716561 
16 77 9 12 0.023710597 
518 83 17 21 0.023688335 
747 14 10 13 0.023642236 
202 0 20 23 0.023635497 
589 182 10 12 0.023582358 
519 125 11 14 0.023521872 
16 88 16 21 0.023520747 
158 62 10 13 0.02351739 
640 1 10 11 0.023515299 
727 1 11 11 0.023491923 
764 287 9 12 0.02346688 
355 162 14 18 0.023464711 
966 111 9 11 0.02344452 
937 187 11 14 0.023439977 
45 53 10 13 0.023395518 
675 193 13 17 0.023394799 
889 60 8 12 0.023390604 
801 155 13 16 0.023386536 
380 6 13 15 0.023334201 
510 44 11 14 0.023311848 
887 125 11 14 0.023284005 
853 155 10 14 0.02326819 
912 175 9 12 0.023262454 
904 78 10 10 0.023254117 
346 17 12 15 0.023223907 
112 99 12 15 0.023192184 
888 73 7 9 0.023188697 
1006 85 14 17 0.02318602 
630 0 10 10 0.023177626 
652 140 12 14 0.023158982 
149 105 11 14 0.023117062 
591 150 11 13 0.023106297 
847 96 9 11 0.023091586 
222 133 13 17 0.02307332 
87 131 12 15 0.023071848 
430 132 13 17 0.023058975 
703 55 18 22 0.023048954 
607 173 10 12 0.023031585 
57 74 12 15 0.023014802 
523 109 13 16 0.02300134 
1003 294 12 14 0.022997353 
558 149 11 15 0.022963604 
366 268 13 16 0.022952687 
961 116 9 13 0.022948133 
698 333 9 11 0.022931095 
689 286 10 13 0.02292551 
930 143 10 13 0.022925152 
421 141 11 13 0.022894576 
103 115 11 15 0.022857582 
142 39 10 13 0.022847224 
464 245 10 12 0.022757245 
607 20 10 13 0.022748135 
192 136 10 12 0.02272229 
50 129 12 15 0.022704836 
293 35 11 13 0.0226663 
335 0 13 13 0.022665074 
431 16 12 14 0.022658855 
329 404 12 16 0.022588953 
294 116 13 17 0.022582017 
550 106 12 15 0.022560062 
692 61 11 13 0.022547306 
459 196 13 17 0.022530045 
503 229 9 13 0.022528317 
759 134 9 11 0.022511031 
449 52 9 12 0.022469988 
52 43 10 12 0.022454353 
851 131 11 14 0.022453055 
315 357 16 19 0.022431143 
431 70 11 14 0.022416709 
573 13 11 13 0.022398937 
685 180 12 14 0.022390421 
69 110 11 13 0.0223333 
417 78 10 13 0.022301631 
633 250 12 15 0.022282694 
671 50 12 15 0.022277283 
677 106 14 16 0.02227528 
638 147 13 15 0.022237835 
22 111 11 14 0.022231756 
903 111 9 11 0.022214657 
895 146 11 14 0.022203559 
456 6 9 11 0.022202075 
423 39 11 13 0.02217677 
278 61 11 14 0.02216877 
537 37 12 13 0.022140795 
151 40 11 14 0.022140594 
935 181 10 13 0.022138761 
406 7 11 12 0.022132177 
951 62 10 12 0.022126274 
45 137 12 15 0.022108195 
171 138 14 17 0.022046868 
991 116 10 12 0.022028804 
579 86 11 15 0.021970322 
958 62 12 14 0.021929653 
151 57 10 13 0.021898624 
992 124 10 15 0.02187091 
308 430 16 22 0.0218465 
548 257 16 18 0.02184566 
904 39 8 10 0.021834016 
436 270 10 14 0.021833723 
750 76 13 15 0.021788158 
917 64 9 10 0.021766737 
62 109 12 14 0.02172052 
478 163 12 16 0.021705497 
735 212 10 13 0.021688655 
589 156 11 13 0.021674747 
653 146 11 14 0.0216728 
879 93 9 11 0.021647433 
724 176 14 16 0.021591224 
1015 21 9 12 0.021559566 
438 70 11 14 0.0215495 
691 589 18 21 0.02150619 
575 30 12 15 0.021465307 
368 164 10 16 0.021458948 
1006 200 14 20 0.021395177 
889 86 9 12 0.021385236 
438 293 9 12 0.021381091 
856 54 9 12 0.021374056 
477 422 11 14 0.021360924 
707 587 12 17 0.021357156 
678 59 12 15 0.021343894 
767 138 18 23 0.021299405 
86 39 9 12 0.021297308 
477 212 12 16 0.021266175 
72 7 10 12 0.021257974 
547 300 10 14 0.021236982 
943 57 8 10 0.021221833 
646 208 14 17 0.021206245 
397 118 12 14 0.021204833 
628 357 10 13 0.021191362 
484 233 14 18 0.021161351 
600 257 13 18 0.02113099 
883 192 16 19 0.021091534 
85 112 19 24 0.021089453 
836 95 10 12 0.021064555 
989 1 11 10 0.02103929 
452 14 10 13 0.021022463 
255 20 10 13 0.021007847 
342 365 14 19 0.021004353 
590 44 11 13 0.020984007 
175 62 10 13 0.020971714 
180 142 14 17 0.02093886 
503 135 12 16 0.02088553 
399 169 12 16 0.020844761 
998 5 10 11 0.020827062 
422 207 12 16 0.02081796 
934 13 8 11 0.020780306 
364 51 12 13 0.020761503 
306 5 13 15 0.020747507 
545 101 11 13 0.020738514 
654 53 11 14 0.020695005 
68 20 9 13 0.020661846 
96 29 10 12 0.020661816 
1008 37 11 13 0.020617533 
752 5 11 12 0.020614477 
790 7 10 10 0.020600287 
848 126 11 13 0.020573074 
897 25 9 12 0.020534001 
111 1 8 9 0.020517597 
658 107 11 13 0.020510644 
559 141 11 13 0.020495871 
543 258 11 15 0.02048197 
155 76 13 16 0.020453563 
401 38 19 24 0.020450342 
948 145 11 13 0.020426905 
235 26 11 15 0.020383535 
976 281 9 11 0.020375933 
250 60 12 14 0.020316629 
895 116 10 12 0.020313105 
629 155 12 14 0.020308968 
275 50 13 15 0.0202808 
124 124 14 17 0.020261465 
607 316 10 13 0.02023584 
922 9 96 123 0.020196756 
221 141 15 22 0.0201783 
157 38 10 13 0.020165004 
398 62 10 12 0.020160798 
484 219 13 15 0.020141685 
64 124 10 13 0.020119796 
975 190 11 12 0.020108681 
389 169 11 15 0.020088123 
711 162 12 16 0.020083547 
989 132 13 17 0.020075804 
488 36 11 14 0.020066058 
606 53 11 15 0.020050172 
