35_Basketball_basketballgame_ball_35_64
143
127 288 55 74 0.9993166 
476 221 59 82 0.99907815 
293 237 62 81 0.99904317 
657 105 32 39 0.99862325 
34 244 55 70 0.9978928 
590 209 66 90 0.996689 
689 215 73 94 0.9960373 
139 108 24 32 0.9954457 
591 79 27 33 0.9951709 
237 243 34 46 0.99427235 
465 63 25 32 0.99385685 
440 109 31 39 0.9934145 
901 174 54 82 0.99339783 
386 67 27 33 0.99282223 
807 182 37 51 0.99275607 
492 160 34 39 0.9918099 
869 59 26 34 0.99166554 
954 185 74 104 0.9910795 
0 244 28 42 0.9887211 
96 129 24 31 0.98863274 
399 146 26 35 0.98835576 
536 17 24 31 0.9858188 
100 197 43 55 0.9833936 
272 126 27 34 0.9813368 
526 90 25 36 0.9790958 
277 219 31 43 0.9770269 
344 154 25 31 0.9755756 
150 139 25 31 0.96907145 
193 216 28 34 0.96361756 
70 210 33 42 0.93334854 
412 14 24 29 0.9230134 
413 112 29 36 0.90774924 
445 2 26 28 0.8996489 
234 190 32 38 0.87371033 
453 44 22 29 0.83986175 
0 294 34 59 0.82901806 
213 103 27 31 0.82751656 
25 77 20 25 0.8097748 
563 198 32 46 0.8051844 
267 6 23 27 0.80496913 
206 8 18 24 0.79218507 
299 92 21 26 0.7903601 
240 68 28 29 0.7737249 
243 165 26 33 0.75503016 
89 38 21 27 0.73717475 
621 4 24 30 0.72223574 
35 157 22 25 0.68307805 
46 40 19 26 0.68176305 
54 193 21 27 0.6402343 
718 68 53 65 0.5441517 
336 0 26 26 0.5296044 
263 100 25 32 0.50303036 
352 210 24 32 0.48802716 
0 103 24 40 0.47115797 
738 51 61 75 0.46505204 
156 7 19 22 0.45044327 
488 -3 24 26 0.43462932 
724 94 35 44 0.35315058 
377 168 19 24 0.335625 
200 48 26 29 0.28450373 
293 1 18 20 0.25775248 
188 168 23 32 0.21316138 
239 173 33 44 0.19534121 
180 78 24 28 0.1780431 
3 214 28 38 0.15989606 
5 267 40 64 0.14012046 
63 -1 17 14 0.13417399 
55 220 50 61 0.12615946 
536 157 30 44 0.09952287 
442 209 16 18 0.096960366 
526 111 29 36 0.095992506 
892 379 22 29 0.09058825 
282 3 24 26 0.08557428 
173 119 24 33 0.08498177 
573 193 45 63 0.08490634 
405 132 28 37 0.07586129 
145 73 23 28 0.074871585 
927 183 60 90 0.07280465 
492 5 24 28 0.072134696 
843 691 49 52 0.064306654 
277 208 26 35 0.060641743 
804 402 47 51 0.06009955 
421 108 40 48 0.058608808 
262 282 42 54 0.052287698 
242 258 41 53 0.04886454 
156 41 18 20 0.04834466 
170 248 32 37 0.04778397 
493 178 35 42 0.047304995 
8 95 19 26 0.046674937 
616 136 33 38 0.044952292 
394 -2 19 15 0.043516587 
221 91 16 19 0.043008395 
961 0 12 11 0.042996712 
141 216 16 21 0.04263921 
256 85 24 31 0.042297248 
691 184 54 70 0.04191232 
453 53 28 37 0.04154238 
532 99 31 35 0.039008107 
655 198 76 113 0.03897251 
165 132 24 32 0.038388122 
454 10 21 25 0.035836577 
354 160 26 32 0.03508944 
404 9 25 27 0.03345618 
56 193 36 46 0.033302598 
180 228 33 35 0.0331631 
387 155 24 31 0.032813255 
208 57 25 30 0.03276469 
204 105 19 25 0.032611024 
302 439 61 51 0.032531288 
675 244 23 38 0.031463016 
217 119 26 32 0.029646516 
28 154 21 24 0.02954834 
799 698 32 33 0.02946389 
384 0 25 22 0.02920989 
100 117 16 20 0.028907433 
654 228 23 33 0.028802864 
731 110 32 39 0.028347088 
449 73 27 33 0.028120453 
302 0 18 19 0.027966639 
190 88 26 33 0.026597388 
698 44 84 107 0.02646627 
334 39 22 31 0.026411735 
379 2 18 18 0.02630754 
177 226 486 492 0.026179045 
688 68 25 33 0.025611656 
463 49 19 23 0.025192445 
374 71 27 35 0.025096914 
617 13 29 37 0.024479836 
233 77 28 33 0.024259476 
302 81 27 33 0.024086796 
46 160 17 22 0.02404055 
513 48 25 33 0.023695212 
290 6 25 29 0.02362712 
710 76 37 49 0.02356082 
44 48 28 37 0.023399273 
578 123 28 33 0.023235597 
219 92 25 32 0.023037871 
254 72 19 24 0.022752259 
614 -2 42 43 0.022169968 
378 615 10 13 0.021751508 
139 78 18 22 0.020736305 
108 107 15 19 0.020431895 
28 65 25 32 0.020327745 
