35_Basketball_basketballgame_ball_35_375
2230
992 534 13 20 0.67224413 
361 143 7 10 0.60928696 
681 199 9 12 0.5331905 
658 136 8 11 0.5094893 
805 183 10 13 0.49782073 
969 78 7 10 0.47147626 
762 603 18 22 0.47056144 
413 133 8 11 0.46822315 
862 198 9 11 0.4486419 
352 127 7 10 0.44540825 
631 215 8 11 0.44380552 
575 149 8 10 0.41453087 
500 166 9 12 0.4132427 
606 190 7 10 0.41151023 
648 177 8 10 0.40998885 
591 226 10 12 0.40417114 
830 215 9 12 0.40006474 
845 152 8 11 0.38847834 
822 681 25 28 0.37468004 
593 110 7 9 0.34695944 
874 692 25 30 0.34250605 
610 231 8 10 0.3417243 
647 55 6 9 0.34090877 
635 132 7 10 0.3399756 
626 56 6 9 0.31662893 
615 217 8 10 0.31126958 
446 135 7 10 0.30024368 
433 167 8 11 0.29293108 
862 127 8 11 0.2924744 
865 222 7 10 0.29239613 
649 158 8 10 0.2892202 
449 211 9 12 0.28823954 
272 95 8 9 0.2872024 
537 158 7 10 0.2739427 
1 126 8 12 0.2673234 
862 133 7 10 0.2646712 
719 99 9 12 0.26052424 
334 104 8 10 0.2586488 
838 5 8 11 0.2519945 
272 175 7 10 0.25150466 
576 111 7 10 0.2494131 
967 142 8 10 0.24881808 
393 147 10 11 0.24812974 
838 127 8 11 0.24627458 
465 158 7 9 0.2461746 
982 485 23 30 0.2449418 
862 157 8 10 0.24336675 
522 224 8 11 0.24302529 
808 745 19 21 0.24000628 
95 127 8 11 0.23502481 
430 190 10 12 0.2325754 
840 169 9 11 0.23173544 
52 524 12 16 0.23158167 
986 483 15 19 0.23087645 
518 161 8 10 0.23068577 
965 165 9 11 0.23023011 
695 111 9 12 0.22943771 
300 192 8 10 0.22812039 
842 150 8 10 0.22555664 
256 95 7 9 0.22511433 
738 97 7 10 0.22245087 
861 568 13 19 0.22126536 
118 168 8 11 0.22058123 
817 174 8 11 0.21874362 
933 214 8 10 0.2166189 
997 165 11 12 0.21650715 
823 150 8 10 0.21576853 
638 233 8 10 0.21431263 
567 166 8 10 0.21373287 
360 167 8 10 0.21338236 
86 102 7 10 0.21201195 
887 150 9 10 0.21176556 
94 152 8 10 0.2112939 
591 15 6 8 0.20924486 
1010 146 11 13 0.20626797 
592 55 7 9 0.2062617 
321 30 7 9 0.20522705 
543 204 8 10 0.20207208 
592 149 8 9 0.19365066 
871 520 13 19 0.19282262 
712 135 10 13 0.1922635 
896 171 10 13 0.1916726 
1005 15 10 13 0.19083403 
592 129 7 10 0.18952203 
724 182 8 11 0.18818666 
1009 483 11 15 0.18799508 
575 191 8 9 0.18580526 
701 23 7 10 0.18486716 
674 221 8 11 0.18307674 
477 94 8 12 0.18216842 
453 198 11 12 0.18180048 
450 166 10 11 0.18109381 
471 136 7 10 0.18002522 
273 158 7 9 0.1793465 
625 176 7 10 0.17929421 
862 151 9 12 0.17734544 
608 87 7 10 0.17670763 
181 64 7 9 0.17639886 
888 157 8 11 0.17615616 
804 681 16 21 0.17276326 
859 199 8 11 0.17238022 
441 41 8 9 0.1722256 
493 641 21 26 0.17109941 
495 102 7 9 0.1710564 
160 94 7 10 0.1688219 
392 17 7 9 0.16644844 
768 69 8 10 0.16643156 
62 121 7 10 0.16594407 
983 4 9 11 0.16593507 
318 143 9 11 0.16532727 
378 173 8 10 0.16480997 
617 199 7 10 0.16461673 
657 221 8 11 0.16354683 
558 184 8 11 0.16295002 
575 89 7 10 0.16270591 
888 135 10 11 0.16200393 
888 103 8 10 0.16054566 
821 273 9 10 0.1598549 
157 143 8 11 0.15958294 
423 23 7 9 0.15894096 
471 207 8 10 0.15892856 
685 237 8 9 0.15881948 
150 159 8 9 0.15813953 
863 177 8 10 0.15776993 
397 145 9 10 0.15624164 
918 506 13 16 0.1560693 
847 156 8 9 0.15561256 
390 41 8 9 0.15467098 
825 200 8 10 0.15262754 
110 157 7 9 0.15084192 
153 128 7 10 0.15066358 
949 7 10 11 0.15001775 
657 72 8 10 0.14842814 
997 36 9 11 0.14738737 
855 111 8 10 0.14643659 
999 55 9 11 0.14641719 
440 183 9 12 0.14584425 
290 121 7 10 0.1452445 
295 607 23 28 0.14377539 
506 150 7 10 0.14318366 
477 180 9 11 0.14238201 
889 142 9 12 0.14205192 
514 102 7 9 0.14193897 
477 101 8 10 0.14192906 
625 152 9 10 0.1412875 
110 531 13 16 0.14096572 
873 128 8 11 0.14060356 
694 79 8 11 0.13845728 
448 152 8 11 0.1383605 
77 167 8 10 0.13762583 
320 198 8 10 0.1375715 
905 205 9 11 0.13739702 
79 126 8 10 0.13722284 
558 71 7 8 0.13666141 
610 150 8 10 0.13659869 
999 159 10 13 0.13572982 
519 103 8 9 0.13491568 
625 156 8 12 0.13433355 
62 102 7 10 0.13421889 
893 506 15 18 0.13387868 
933 207 8 11 0.13319969 
559 103 8 8 0.13294105 
951 185 7 10 0.13270216 
437 190 10 13 0.13243641 
378 24 7 9 0.13192984 
637 128 8 11 0.13182022 
281 137 8 10 0.1312279 
590 189 8 10 0.13081917 
606 255 10 12 0.13066097 
729 64 7 10 0.13066027 
519 183 8 10 0.13062568 
512 176 8 10 0.12987542 
896 435 10 15 0.12986648 
800 64 9 11 0.12983762 
910 142 9 10 0.12966411 
463 153 8 10 0.12879433 
775 143 9 11 0.127954 
442 45 8 11 0.12758142 
677 113 9 11 0.12751733 
521 14 8 9 0.12586075 
429 72 9 11 0.12535115 
319 192 7 9 0.12521116 
514 159 8 10 0.12505208 
160 55 8 10 0.12471641 
425 72 9 11 0.12465772 
489 135 8 10 0.124464706 
566 54 8 10 0.124267586 
448 157 9 11 0.12404301 
774 214 9 12 0.12389073 
912 135 9 10 0.12382982 
169 160 7 10 0.12376148 
949 77 7 10 0.12365549 
440 23 8 10 0.123607755 
410 192 8 11 0.12293613 
207 39 8 10 0.12239169 
303 135 8 10 0.12231197 
535 263 12 15 0.12157396 
76 525 11 14 0.12121656 
992 167 10 13 0.120827906 
909 158 8 11 0.12081121 
553 46 8 10 0.12012763 
410 80 7 10 0.11976959 
545 103 7 9 0.11945965 
558 231 9 11 0.11908785 
569 215 8 11 0.11883844 
814 230 8 10 0.11877859 
554 87 8 9 0.11853156 
863 192 8 10 0.11850115 
374 8 8 9 0.11840735 
496 117 8 11 0.11810554 
164 563 15 18 0.11791197 
412 172 10 12 0.11762548 
510 197 9 12 0.11759168 
263 142 7 9 0.1170373 
286 137 8 10 0.116934694 
536 181 7 10 0.11609706 
922 151 9 11 0.11604305 
831 103 10 12 0.1159311 
400 166 8 11 0.11584697 
334 605 15 18 0.11579574 
900 436 13 16 0.115363084 
919 191 9 10 0.11521007 
350 105 7 9 0.11498989 
639 73 7 9 0.11495728 
426 184 8 10 0.11491688 
812 566 15 20 0.114248425 
437 196 9 11 0.114028275 
193 144 8 10 0.11401392 
225 80 7 9 0.11337097 
641 95 8 11 0.112953275 
335 125 8 10 0.112948656 
525 204 9 11 0.112877905 
774 172 8 10 0.11277017 
336 143 8 10 0.11222592 
351 132 7 10 0.11215504 
537 119 7 8 0.112040974 
280 191 7 8 0.11202179 
153 134 8 10 0.11178467 
494 143 9 10 0.11123918 
428 119 9 11 0.11095242 
586 165 9 11 0.11033927 
943 446 9 13 0.10840885 
353 15 7 9 0.10797626 
921 197 9 12 0.107971765 
500 217 10 11 0.10639441 
599 78 7 10 0.10636157 
303 65 6 8 0.10632679 
874 110 8 11 0.10619697 
383 86 8 10 0.106077075 
606 174 8 10 0.10598019 
157 174 7 10 0.105628274 
943 140 9 11 0.10531913 
952 562 13 21 0.1052122 
6 99 11 13 0.10506128 
94 62 7 9 0.104842134 
296 109 8 9 0.10436773 
142 151 8 10 0.10341633 
384 23 7 10 0.10302169 
129 56 8 10 0.102884255 
680 63 7 9 0.10264907 
281 80 8 10 0.10214321 
1014 71 8 11 0.10211834 
197 134 7 10 0.10209623 
680 94 10 12 0.10202746 
840 145 7 10 0.10198556 
433 196 9 12 0.101696946 
66 87 8 10 0.10118803 
129 119 8 10 0.10036234 
663 8 7 8 0.10008805 
646 95 9 11 0.1000806 
440 128 9 11 0.09982084 
744 30 7 9 0.09945407 
478 121 8 9 0.099342145 
624 181 8 9 0.0990766 
248 152 7 9 0.09899952 
614 113 7 9 0.0987391 
661 70 9 11 0.098623455 
904 151 10 12 0.09849585 
457 40 8 10 0.09844096 
688 128 9 11 0.09841517 
606 57 7 9 0.09805878 
389 630 16 20 0.097698316 
607 183 8 11 0.09750668 
663 55 7 9 0.09746139 
625 86 8 11 0.097311415 
256 79 8 10 0.096893854 
1000 468 11 14 0.096664436 
681 134 8 10 0.09545304 
343 181 8 10 0.09520377 
945 136 8 10 0.095055334 
809 577 18 21 0.094968654 
31 90 7 10 0.094825685 
80 62 7 10 0.09437299 
585 183 8 11 0.09429033 
81 571 18 23 0.09417794 
608 118 8 9 0.09367651 
382 111 8 10 0.09272189 
550 160 8 11 0.092557564 
736 81 8 10 0.09188983 
237 14 8 10 0.09185069 
535 48 7 9 0.0917132 
451 205 11 12 0.09149334 
760 22 7 9 0.09149048 
469 213 9 11 0.091479085 
221 111 9 10 0.09099931 
430 134 7 9 0.0905656 
679 7 7 9 0.09047605 
414 165 10 13 0.0904604 
255 87 7 8 0.09026034 
602 61 7 9 0.09018504 
609 215 8 11 0.09009956 
477 88 7 9 0.0898828 
426 77 9 11 0.08976451 
85 96 9 10 0.08964105 
702 238 8 10 0.08937223 
505 126 7 9 0.08922352 
390 21 9 11 0.088870704 
488 269 10 13 0.08863754 
629 57 7 9 0.088503055 
255 183 7 9 0.088480845 
39 56 7 10 0.08836705 
241 132 9 11 0.08804904 
837 104 9 11 0.08776327 
457 120 8 9 0.08757394 
510 151 7 9 0.0873258 
747 214 12 15 0.08709786 
590 216 7 9 0.08689532 
353 64 6 8 0.086352706 
294 121 7 9 0.08629822 
528 151 6 9 0.08625325 
697 207 7 9 0.08577619 
1011 478 11 15 0.08556866 
359 15 8 9 0.085155375 
576 46 8 9 0.08513677 
91 555 13 18 0.08465607 
995 697 26 34 0.08451411 
136 104 8 10 0.0840485 
264 103 6 8 0.08379605 
688 102 8 10 0.08379277 
879 127 9 12 0.08372003 
135 56 7 9 0.08365274 
496 111 7 10 0.083551146 
655 238 8 10 0.08354655 
488 199 8 11 0.08343993 
585 213 8 10 0.08340595 
398 182 9 12 0.08333712 
129 140 8 11 0.08329391 
313 104 7 9 0.083219685 
104 103 9 11 0.08319 
218 184 6 9 0.08307537 
319 148 9 11 0.08306936 
680 87 7 9 0.08255252 
914 116 9 10 0.08244251 
999 101 8 10 0.08219443 
593 87 7 9 0.08218803 
168 143 9 10 0.08201037 
879 166 8 11 0.0818871 
456 180 8 11 0.08164774 
488 150 9 12 0.081553124 
207 102 8 10 0.08143829 
263 111 7 8 0.08143379 
478 189 10 12 0.081386186 
656 76 8 9 0.08100367 
909 199 10 12 0.08099704 
610 114 7 8 0.08089604 
415 40 7 8 0.08085346 
99 181 9 12 0.08081347 
702 55 9 10 0.080771394 
629 151 8 11 0.08073145 
678 142 10 11 0.08070522 
625 220 8 10 0.08029004 
57 158 7 10 0.08018971 
246 128 7 10 0.0801837 
471 199 10 12 0.07980347 
409 41 6 9 0.079746164 
234 70 7 10 0.0794717 
945 73 8 9 0.07941505 
407 86 8 10 0.07929381 
861 104 8 10 0.07928645 
31 57 8 10 0.07911805 
376 55 7 9 0.07910644 
597 351 11 14 0.07889899 
304 94 6 9 0.07884074 
735 63 7 9 0.07856522 
359 61 7 10 0.07847221 
414 62 8 10 0.07841542 
916 222 10 12 0.07840377 
303 70 6 8 0.07807186 
176 112 7 10 0.07763268 
121 95 7 9 0.0775959 
558 95 7 10 0.0774954 
670 167 10 12 0.07743215 
560 120 8 10 0.07717595 
593 49 6 8 0.07713482 
131 158 7 9 0.07695806 
447 140 7 9 0.07694405 
854 94 8 9 0.0769139 
678 80 7 9 0.076882556 
152 88 7 9 0.076680355 
47 87 8 10 0.076614276 
615 45 7 9 0.07660157 
224 28 8 10 0.076405965 
456 96 7 10 0.07625364 
19 517 13 18 0.07602087 
480 24 8 10 0.07593503 
246 105 8 9 0.07571126 
520 260 9 11 0.075636975 
297 142 7 9 0.075251095 
543 158 8 11 0.07520458 
142 54 8 10 0.074982606 
96 8 8 10 0.07490278 
647 117 9 11 0.07483107 
168 135 8 10 0.07479936 
634 39 7 9 0.07462959 
697 54 7 10 0.074556455 
951 11 9 12 0.07442306 
402 92 6 9 0.0742019 
302 37 8 10 0.07412688 
646 112 9 11 0.073717594 
87 85 8 10 0.07331341 
674 157 8 10 0.073311195 
256 176 6 8 0.07321476 
945 13 8 10 0.07303639 
519 119 8 10 0.073013574 
848 118 9 10 0.07295077 
159 89 7 9 0.07294632 
201 96 7 9 0.072938524 
678 150 10 12 0.07292479 
238 184 7 9 0.072855085 
175 127 8 9 0.072644964 
0 682 13 21 0.07257786 
114 167 8 11 0.072574474 
359 119 8 10 0.07254727 
70 137 8 9 0.072357535 
992 87 9 10 0.07227295 
158 15 8 9 0.07219668 
61 622 27 31 0.07211378 
271 72 8 10 0.07207648 
668 172 10 12 0.07189418 
230 149 8 11 0.07178438 
727 189 8 11 0.07153838 
710 85 8 10 0.07150993 
878 110 9 11 0.0713586 
209 142 7 9 0.071223915 
129 47 7 8 0.07120405 
384 79 8 10 0.071194366 
438 173 8 10 0.0710968 
704 62 7 9 0.07094979 
520 96 8 10 0.070896134 
609 40 7 9 0.07080077 
233 169 7 9 0.07071583 
474 121 8 10 0.07032525 
544 166 8 9 0.070296496 
56 23 7 9 0.07003731 
589 160 9 11 0.06980121 
795 64 8 10 0.06976014 
559 222 8 10 0.06966232 
493 137 9 9 0.06952542 
239 117 7 9 0.06943104 
358 183 9 10 0.069343686 
378 39 7 9 0.06905095 
159 148 7 10 0.06900944 
752 157 11 12 0.06895657 
473 48 7 8 0.06893063 
279 113 7 8 0.068907894 
189 119 8 10 0.06878449 
542 175 9 12 0.06878283 
158 128 7 10 0.06872125 
240 113 7 10 0.06867368 
536 220 9 12 0.068601355 
538 152 8 11 0.06830298 
473 125 8 11 0.06828977 
321 9 8 9 0.06808763 
552 120 7 10 0.06808061 
822 31 7 10 0.06777283 
46 121 8 11 0.067573056 
640 112 8 10 0.06745884 
608 144 9 11 0.06713103 
632 7 7 8 0.066984385 
649 245 9 11 0.06690985 
334 121 9 10 0.066802934 
201 167 8 9 0.06678128 
751 271 7 10 0.06668178 
945 8 9 11 0.066665486 
647 153 8 9 0.066489816 
152 38 7 9 0.06645799 
648 240 9 11 0.06628685 
465 214 9 11 0.066281736 
161 60 8 11 0.06624206 
455 101 8 10 0.06620421 
352 40 7 10 0.06600135 
168 166 9 11 0.065906495 
511 143 8 11 0.06583883 
567 47 7 10 0.06557826 
919 168 11 12 0.06552675 
551 231 10 11 0.065388545 
961 159 9 11 0.065329365 
641 117 8 10 0.065325834 
118 71 8 11 0.06517965 
980 641 17 23 0.065122575 
690 110 9 12 0.065121055 
765 86 8 10 0.065118864 
233 128 7 9 0.06508729 
415 159 8 11 0.064852044 
328 119 8 11 0.064807184 
919 185 9 10 0.06478077 
993 525 24 30 0.06464276 
662 105 8 10 0.06461406 
473 191 9 11 0.06405095 
128 60 8 10 0.06404709 
904 80 8 10 0.063925534 
937 166 9 12 0.06390125 
932 133 11 13 0.063879386 
849 94 8 9 0.06384255 
949 136 8 11 0.063675895 
613 247 11 13 0.06359339 
975 22 8 9 0.06348354 
13 514 14 18 0.06347966 
640 77 6 9 0.0634395 
913 111 8 11 0.063424155 
517 277 13 17 0.06334113 
223 128 8 10 0.0633118 
622 199 8 10 0.063247874 
8 615 22 29 0.063136175 
447 76 11 13 0.062969595 
191 126 8 10 0.06286947 
905 156 9 12 0.06283353 
553 260 9 13 0.06282144 
197 183 8 10 0.06277116 
346 105 7 9 0.06277113 
446 182 9 11 0.0626983 
377 192 7 10 0.06264733 
808 150 7 9 0.06251257 
320 183 6 9 0.062388726 
137 174 7 10 0.062379032 
528 8 9 10 0.062375322 
48 519 10 15 0.06236747 
315 193 7 9 0.0623241 
558 262 10 12 0.06229833 
408 166 9 12 0.062293787 
990 5 9 10 0.062176038 
893 142 8 10 0.062101208 
585 188 9 11 0.062057298 
695 157 9 10 0.062052086 
234 173 7 10 0.06201255 
209 61 8 10 0.06194309 
182 69 8 9 0.061942168 
94 156 8 11 0.061822657 
408 45 8 10 0.061800797 
960 494 10 14 0.061733916 
881 207 8 11 0.0617191 
414 151 7 9 0.06170454 
544 109 8 10 0.061670154 
408 30 8 9 0.061638534 
152 112 7 10 0.061562553 
782 9 8 9 0.061475907 
278 153 8 10 0.061444525 
854 116 9 10 0.06120314 
273 101 7 8 0.061142556 
985 167 9 12 0.06099099 
690 80 8 9 0.060733497 
65 80 8 10 0.060677093 
429 125 9 11 0.060671736 
544 229 10 13 0.060635988 
62 636 24 28 0.060627192 
1005 441 14 18 0.06058708 
741 95 8 10 0.060585354 
299 38 7 9 0.060582854 
321 121 7 9 0.06056236 
79 120 7 10 0.060466193 
106 158 8 10 0.06038938 
129 103 7 10 0.060350124 
132 587 15 19 0.060213342 
425 46 8 10 0.060024444 
1013 13 9 12 0.060008384 
298 70 7 10 0.059821054 
993 152 8 10 0.05979381 
983 111 8 10 0.059785858 
934 32 9 11 0.059733685 
157 135 8 9 0.05949346 
623 190 8 11 0.0593935 
295 104 7 10 0.059362344 
1004 691 15 19 0.05917887 
335 110 7 9 0.059152126 
925 173 9 11 0.05896916 
927 6 9 11 0.058942247 
828 198 8 10 0.05892069 
250 184 7 9 0.058893558 
327 8 7 10 0.058866132 
84 561 16 23 0.05882474 
585 174 8 10 0.05881155 
258 143 7 9 0.058791168 
384 184 8 10 0.05864819 
608 134 8 9 0.058532994 
762 81 8 9 0.058433235 
677 156 9 10 0.058348857 
922 697 28 32 0.058283255 
680 99 10 11 0.058219172 
967 146 9 12 0.057986267 
369 56 7 9 0.057975624 
174 96 7 10 0.057882853 
199 102 9 11 0.057807725 
680 231 9 11 0.057696126 
497 219 10 12 0.057426184 
1006 111 9 11 0.057343155 
575 282 12 16 0.05734067 
393 62 7 9 0.057325352 
262 138 7 9 0.057252325 
134 143 8 11 0.057251412 
670 126 9 10 0.057233248 
992 158 10 12 0.05722648 
495 206 7 9 0.0571666 
120 7 9 11 0.057007868 
541 222 10 12 0.056946374 
222 105 8 9 0.0569421 
695 127 9 12 0.056928456 
794 23 7 9 0.056842633 
887 108 8 10 0.05666285 
176 56 8 9 0.056580592 
573 214 9 11 0.056552716 
921 275 10 12 0.056523144 
694 103 7 9 0.05648509 
608 157 9 11 0.056340232 
59 607 28 33 0.05612843 
538 274 13 16 0.05611936 
142 48 8 10 0.056111783 
646 1 9 9 0.056080688 
520 63 9 10 0.056051075 
495 229 13 16 0.055857692 
743 8 8 9 0.055820145 
216 161 8 9 0.05575341 
737 14 8 9 0.05574938 
552 181 10 14 0.0556931 
720 176 10 12 0.055663597 
720 63 9 11 0.05561767 
818 135 8 9 0.05560555 
407 159 9 10 0.055546712 
550 236 11 14 0.055541627 
616 24 7 8 0.05539364 
347 109 7 10 0.055259325 
385 42 7 9 0.055173095 
749 256 10 11 0.055156898 
474 174 9 12 0.055143084 
654 96 7 9 0.055061776 
192 94 7 10 0.055024523 
647 294 8 10 0.05497342 
664 167 9 12 0.05494852 
27 597 17 20 0.054935507 
104 108 8 11 0.054850154 
703 79 9 11 0.054845892 
889 742 26 27 0.05476856 
857 143 9 10 0.054743815 
471 54 8 10 0.054579705 
270 62 8 9 0.054502882 
643 55 7 9 0.054320354 
145 71 9 10 0.0541863 
525 71 8 9 0.054163367 
880 103 8 10 0.054036528 
360 57 8 10 0.054033108 
541 151 8 10 0.054032143 
219 117 8 10 0.05397439 
560 206 9 11 0.053968545 
456 44 8 11 0.053876292 
590 8 8 8 0.05381183 
87 200 9 11 0.05373568 
910 31 8 10 0.05365479 
152 166 8 11 0.05352602 
383 189 8 10 0.053523976 
765 44 8 10 0.053418584 
426 188 9 12 0.053348817 
552 103 7 9 0.05332527 
648 37 7 10 0.053318307 
55 55 9 12 0.05329454 
721 189 10 12 0.053272996 
856 165 9 11 0.053077675 
702 41 7 8 0.05300855 
489 112 8 9 0.052931555 
463 30 7 9 0.052928854 
89 56 8 9 0.052925933 
462 38 8 11 0.05290075 
391 183 8 11 0.052871276 
303 88 7 9 0.05284826 
653 118 10 11 0.052746993 
288 175 8 10 0.05273557 
137 70 7 10 0.05268931 
369 49 7 8 0.052604657 
536 176 9 12 0.052579295 
97 176 9 12 0.05257322 
631 94 7 10 0.052556988 
858 103 8 10 0.052498948 
174 158 9 10 0.05240735 
136 168 7 10 0.052382372 
929 111 8 10 0.05234598 
446 41 7 9 0.05229086 
782 25 6 8 0.052278508 
241 128 8 10 0.0522719 
112 62 7 8 0.05213475 
328 14 7 9 0.052121907 
800 222 9 11 0.052117642 
455 175 9 11 0.05204646 
814 179 10 14 0.052031282 
885 127 10 12 0.05201051 
155 92 7 10 0.05193263 
552 126 7 8 0.05184575 
886 40 7 9 0.051843617 
711 80 8 10 0.051759884 
503 639 22 28 0.051745985 
81 133 8 10 0.051742468 
135 150 9 12 0.051680405 
674 38 7 10 0.05168025 
801 176 9 12 0.05165503 
727 1 8 8 0.05162604 
922 498 14 17 0.051616773 
972 184 9 11 0.051571935 
815 8 8 10 0.051510245 
488 128 7 9 0.051468115 
505 191 8 11 0.051450152 
495 183 8 10 0.051432885 
455 125 9 11 0.051428743 
794 69 9 11 0.051367763 
598 73 8 10 0.051361047 
50 136 8 10 0.05125157 
31 174 8 10 0.05123186 
1000 77 8 10 0.051231004 
170 32 7 8 0.05122565 
661 215 8 10 0.0510731 
493 40 8 10 0.05104566 
687 15 8 10 0.051011432 
576 116 8 10 0.051003862 
1003 19 9 11 0.05099136 
625 60 8 10 0.05092003 
73 560 21 28 0.050880384 
286 80 7 9 0.050782334 
543 77 8 11 0.05077139 
214 136 9 10 0.050721735 
96 121 8 9 0.050686248 
825 101 9 14 0.050668694 
513 118 7 10 0.050629396 
649 126 8 10 0.05060993 
525 101 7 10 0.050607644 
320 25 7 10 0.05055801 
378 112 8 11 0.050471988 
614 157 9 11 0.05038716 
328 71 8 10 0.050343964 
528 261 9 12 0.050336033 
694 133 9 11 0.050291557 
923 272 11 11 0.05028492 
151 63 7 10 0.05017795 
288 95 8 9 0.050163284 
906 435 14 17 0.05012513 
968 82 9 11 0.050103206 
941 166 9 11 0.050098233 
576 15 7 9 0.05008648 
513 96 7 10 0.05007585 
551 255 9 12 0.05005311 
949 716 12 17 0.04999625 
15 80 7 9 0.049914975 
447 6 8 9 0.049876306 
975 108 9 12 0.04985332 
377 86 7 10 0.0498192 
797 689 15 20 0.049783282 
87 133 8 10 0.049782787 
553 41 8 9 0.049777742 
740 101 8 9 0.049771983 
521 78 8 10 0.04971845 
0 412 7 13 0.04964241 
526 65 8 9 0.049632642 
679 69 8 10 0.04949194 
985 492 28 35 0.049472045 
248 157 8 10 0.049471617 
553 95 7 9 0.049394764 
63 95 9 10 0.04934409 
485 158 9 10 0.049286846 
602 174 8 10 0.04927426 
304 168 8 10 0.049265515 
664 157 8 10 0.049223784 
648 31 8 10 0.049190145 
406 93 7 9 0.04915457 
262 79 7 10 0.049117807 
977 3 9 12 0.049087342 
82 85 8 11 0.04908701 
696 214 10 12 0.048997927 
542 72 8 9 0.048982352 
961 173 9 11 0.04896152 
660 222 9 11 0.04895894 
321 96 6 8 0.04894963 
176 79 6 8 0.048944436 
526 78 8 11 0.04884866 
656 230 9 11 0.048844267 
622 72 8 10 0.048826568 
773 69 7 9 0.04867432 
494 25 8 9 0.048520718 
897 53 8 10 0.048301484 
232 112 7 9 0.0482842 
701 111 9 11 0.048273522 
974 103 9 11 0.048256565 
351 200 9 12 0.048239868 
984 478 13 18 0.048223488 
176 24 7 8 0.048093636 
66 135 7 10 0.048084047 
290 103 8 9 0.04807583 
313 109 8 9 0.048059225 
345 128 8 9 0.047992654 
174 152 9 9 0.047928177 
647 259 10 12 0.047774382 
713 640 27 31 0.047764935 
286 86 7 10 0.047762256 
583 266 11 14 0.047761343 
125 8 8 10 0.047659915 
208 15 7 9 0.04763161 
679 167 10 12 0.047614507 
590 244 12 14 0.04759762 
342 144 8 10 0.047562163 
657 16 7 9 0.04752185 
189 166 8 10 0.04748709 
502 112 8 10 0.047483206 
344 88 7 9 0.047479782 
463 219 10 12 0.047476217 
520 87 8 9 0.04733473 
537 164 8 9 0.047315553 
695 72 7 9 0.047313914 
594 78 7 10 0.047305804 
305 120 7 9 0.04727288 
479 28 9 11 0.04726551 
929 2 8 8 0.047196202 
0 120 8 14 0.04718883 
528 182 8 11 0.047170546 
121 111 7 9 0.04713799 
238 169 8 9 0.04712982 
441 6 7 9 0.047106843 
816 584 18 21 0.047034897 
584 46 6 9 0.047013264 
895 48 8 9 0.046922784 
533 7 9 10 0.04691696 
374 197 9 10 0.046873156 
440 29 8 10 0.046867702 
264 167 8 10 0.04682084 
857 159 8 10 0.04678539 
705 87 8 9 0.046711516 
737 9 8 8 0.046680138 
624 17 8 10 0.04667347 
240 88 7 9 0.04663008 
525 96 8 11 0.04661563 
883 523 14 17 0.046605196 
953 150 9 12 0.04658033 
26 93 8 11 0.04654609 
674 118 9 10 0.046544872 
494 149 8 11 0.046543736 
822 145 7 9 0.04652068 
306 128 8 9 0.046518065 
796 585 13 17 0.046515454 
526 12 8 10 0.046425685 
385 73 7 9 0.04639738 
597 112 7 9 0.04636865 
663 63 8 9 0.04633959 
911 166 9 11 0.04633233 
71 151 9 11 0.04632198 
737 234 10 12 0.04631163 
254 63 8 9 0.04630861 
942 31 9 10 0.04627932 
720 7 7 8 0.04622055 
482 158 7 10 0.046185598 
238 174 7 9 0.04615852 
943 740 24 27 0.04614873 
863 24 8 10 0.04614732 
801 32 7 9 0.04612285 
111 16 8 10 0.046109915 
489 142 9 11 0.046068713 
69 567 14 20 0.045998067 
269 56 8 9 0.04594958 
959 151 9 11 0.045861393 
801 14 8 10 0.045798123 
582 207 9 11 0.045659136 
655 112 8 9 0.045639873 
543 120 8 9 0.045629054 
705 71 8 9 0.045601048 
246 110 9 11 0.0455876 
512 261 9 11 0.045569506 
845 167 9 11 0.045554772 
365 167 8 10 0.045533102 
617 128 7 9 0.045514066 
798 730 23 30 0.045509655 
933 22 9 10 0.045507897 
917 608 27 31 0.045412067 
953 28 8 11 0.045361295 
423 15 8 10 0.045273233 
25 158 7 10 0.04520426 
782 143 7 10 0.045198906 
614 144 8 10 0.04508764 
682 14 7 10 0.045065824 
41 88 8 10 0.045064226 
945 54 8 10 0.04496191 
240 32 8 10 0.044913925 
267 63 7 9 0.04487945 
885 239 10 12 0.04484459 
994 93 9 12 0.044840895 
147 64 7 8 0.04483893 
645 5 9 10 0.044831097 
552 65 8 9 0.044828054 
126 95 7 9 0.044816375 
543 133 7 9 0.04481264 
88 165 8 10 0.044805296 
618 72 7 9 0.044639602 
407 143 10 11 0.044627335 
495 96 8 10 0.044544518 
72 2 8 8 0.044533454 
1007 87 10 13 0.04442616 
174 175 7 9 0.04441113 
998 94 10 12 0.04439129 
25 142 9 11 0.044379815 
613 236 9 11 0.044364426 
325 31 7 9 0.04432882 
652 159 10 11 0.044297516 
448 219 10 12 0.0442742 
806 177 9 11 0.044256445 
223 168 7 9 0.044243533 
920 493 12 17 0.044227507 
423 8 7 9 0.044221155 
329 125 8 10 0.04419047 
360 172 9 10 0.04412699 
583 72 9 10 0.044014916 
721 1 7 8 0.043999363 
409 150 8 10 0.043953784 
617 206 8 9 0.04394008 
512 86 7 10 0.04389871 
808 145 7 9 0.043895762 
953 102 9 10 0.043861043 
273 119 8 10 0.04377242 
895 96 8 11 0.043748636 
485 246 9 12 0.04372217 
295 56 7 8 0.04368862 
850 113 8 10 0.043653898 
608 127 7 9 0.043599214 
447 16 7 8 0.043516695 
335 174 9 11 0.043493927 
685 96 9 10 0.04348994 
784 173 9 12 0.04343469 
920 12 9 11 0.04343152 
607 197 8 10 0.043423135 
251 80 7 9 0.043355137 
93 57 8 9 0.043346476 
947 183 7 11 0.04333493 
695 229 10 12 0.04332491 
453 71 9 11 0.04325563 
527 174 9 11 0.043250974 
936 54 7 9 0.04323681 
408 128 10 12 0.04322726 
442 16 7 9 0.04320818 
678 216 8 11 0.043110643 
845 126 8 10 0.043050315 
1007 190 8 11 0.043010924 
781 181 10 13 0.042917598 
519 110 7 10 0.042837065 
377 29 7 9 0.042768236 
318 137 9 10 0.042761292 
809 734 19 23 0.042673297 
822 118 8 11 0.042640116 
749 261 8 11 0.04263352 
254 200 8 10 0.042616624 
935 38 9 9 0.04258368 
609 93 7 11 0.04249832 
346 134 8 9 0.04248567 
660 139 9 11 0.042451076 
870 145 8 10 0.042447463 
170 174 8 9 0.042408645 
665 88 8 9 0.042369876 
861 109 9 11 0.042262495 
925 198 9 12 0.042215053 
197 143 7 9 0.042134248 
894 101 8 11 0.0420984 
623 31 7 9 0.04207725 
957 24 9 11 0.04206504 
113 120 7 9 0.04203487 
631 80 8 10 0.042012647 
519 200 9 12 0.04201199 
174 30 7 9 0.041965302 
431 159 8 10 0.041961223 
575 41 8 9 0.04191329 
498 172 9 11 0.041892257 
462 96 8 9 0.041788913 
70 6 9 10 0.041760214 
192 206 7 9 0.041754745 
518 272 11 14 0.04175292 
702 208 9 11 0.0416828 
912 104 7 9 0.04162725 
867 630 19 23 0.041575026 
584 78 7 9 0.041568752 
543 87 7 9 0.041543685 
401 308 10 13 0.041500095 
713 102 9 10 0.041436657 
713 16 7 10 0.04142908 
165 72 9 10 0.041332014 
752 94 8 10 0.041325174 
854 284 8 11 0.041196585 
423 85 9 11 0.041172158 
463 23 7 9 0.04116976 
614 41 7 9 0.041157115 
226 149 9 10 0.041131765 
412 244 10 12 0.041123368 
114 185 7 9 0.041120067 
968 31 8 10 0.041086935 
920 156 10 10 0.04107999 
551 175 9 12 0.041035037 
465 207 9 11 0.040996026 
383 45 8 10 0.04098349 
494 200 7 11 0.040927485 
751 139 10 12 0.040888254 
908 540 12 17 0.040824685 
177 16 6 8 0.040817033 
81 79 8 11 0.04080419 
808 679 23 31 0.04078073 
704 94 8 10 0.040767513 
527 119 7 9 0.040708665 
892 522 12 16 0.040643245 
198 108 9 12 0.040640704 
254 56 7 9 0.04059006 
306 650 23 32 0.040550426 
249 86 8 9 0.040476203 
897 118 10 11 0.040448528 
319 203 11 13 0.04043633 
888 45 7 10 0.040399212 
74 126 8 9 0.04039548 
756 155 12 13 0.040388163 
608 81 8 9 0.04038262 
720 15 7 10 0.040359303 
625 39 6 9 0.04027594 
869 149 9 11 0.040272538 
369 87 7 9 0.040235773 
835 682 16 21 0.040217172 
158 22 7 8 0.040147588 
912 215 10 13 0.040133175 
678 38 8 11 0.0400949 
920 239 9 12 0.04008611 
575 208 9 11 0.03999881 
119 119 8 10 0.03995463 
696 15 7 10 0.03994898 
112 21 8 11 0.03986368 
526 86 8 10 0.03986288 
62 604 14 19 0.039849177 
215 56 7 9 0.039808653 
334 15 8 9 0.039783273 
754 23 7 9 0.039707586 
754 16 7 9 0.039679393 
344 63 8 10 0.039665643 
216 14 7 9 0.03960127 
884 496 23 26 0.03959856 
945 242 10 14 0.039588828 
130 24 7 9 0.03957866 
405 6 9 10 0.039577045 
218 166 8 10 0.03949442 
607 168 8 10 0.039490968 
862 143 9 11 0.039461616 
542 127 8 9 0.03945859 
369 80 7 9 0.03942843 
590 174 8 10 0.039410442 
255 112 8 10 0.039283514 
142 174 7 10 0.03919138 
158 168 8 10 0.03918531 
721 41 6 8 0.03917885 
145 76 7 10 0.039098877 
632 209 7 9 0.039041474 
1006 104 9 10 0.039023537 
825 286 10 12 0.038901914 
314 31 6 9 0.038813844 
615 7 7 8 0.038809646 
320 63 7 9 0.038724214 
368 62 7 9 0.038722806 
399 16 7 9 0.03869152 
126 594 16 19 0.038675252 
767 150 9 12 0.038668092 
216 128 8 9 0.038651824 
779 24 7 8 0.03862289 
251 71 7 10 0.038587973 
949 1 8 9 0.038569197 
366 127 8 9 0.03856856 
942 161 8 10 0.038522985 
933 126 10 12 0.03850009 
423 159 8 9 0.03846346 
512 135 8 10 0.038451735 
193 176 7 8 0.038445737 
142 104 7 10 0.038445156 
510 72 7 9 0.038443897 
641 175 9 11 0.038416732 
729 87 7 9 0.038390003 
974 119 8 10 0.03836227 
162 70 8 11 0.038332727 
391 29 8 10 0.038269307 
80 23 8 10 0.038221426 
952 96 9 11 0.038193293 
734 111 11 13 0.038173396 
934 583 24 28 0.03816735 
880 63 8 9 0.0381012 
862 119 8 10 0.0379986 
997 151 9 11 0.03793744 
240 37 8 11 0.037927605 
519 22 9 10 0.037905484 
111 192 8 11 0.037904352 
535 52 8 10 0.03788827 
672 70 7 10 0.037877284 
934 185 9 10 0.037875917 
624 166 8 10 0.037824262 
881 46 9 11 0.037807535 
894 150 9 11 0.03779732 
104 71 8 11 0.037730776 
479 111 7 8 0.037686568 
911 45 8 11 0.037676003 
502 118 8 11 0.0376742 
957 96 8 9 0.03766194 
761 41 9 10 0.037655745 
354 121 7 10 0.03740865 
200 191 8 10 0.03739497 
298 63 7 10 0.037370037 
711 70 7 9 0.03735789 
207 127 8 10 0.037349742 
241 102 8 10 0.037296005 
463 101 8 10 0.037221532 
169 150 8 10 0.037201352 
263 185 7 8 0.0371376 
879 174 8 10 0.037124116 
28 116 10 11 0.037117522 
519 1 8 8 0.037085045 
567 79 8 9 0.037074566 
313 160 8 10 0.03703482 
992 490 16 20 0.037032474 
887 214 7 10 0.037020545 
359 86 7 10 0.037014164 
39 185 9 11 0.03699741 
440 76 10 12 0.036966477 
935 7 9 10 0.03695735 
355 654 19 23 0.036944762 
90 158 8 11 0.036903035 
7 509 12 16 0.036898423 
111 56 7 9 0.036883388 
758 17 7 9 0.03687161 
104 191 9 11 0.03686446 
400 104 8 12 0.036841992 
782 29 7 9 0.036814045 
823 109 9 11 0.036808185 
103 167 9 10 0.036783367 
616 133 8 10 0.0367723 
591 206 8 10 0.036721736 
298 33 8 10 0.036683626 
184 119 9 10 0.03667282 
862 620 21 26 0.03666229 
328 88 7 9 0.03664744 
816 271 9 12 0.036626883 
298 87 7 10 0.036616374 
360 31 8 9 0.036613826 
297 79 8 10 0.03660228 
519 175 8 11 0.036577825 
895 603 53 50 0.03656139 
59 125 8 10 0.036557343 
982 126 8 10 0.036514353 
608 15 7 8 0.036498748 
469 159 7 9 0.036466658 
879 87 8 10 0.03646338 
104 532 12 18 0.036397398 
150 77 7 10 0.03635798 
887 96 8 10 0.036309857 
674 79 7 10 0.036305577 
672 6 7 9 0.036239713 
189 160 9 11 0.036238845 
358 136 19 25 0.036226533 
423 29 8 9 0.03620113 
230 80 8 9 0.036175117 
615 30 7 8 0.036161758 
911 38 8 10 0.036138397 
878 116 8 10 0.03605879 
222 133 8 10 0.03605858 
174 48 8 9 0.03603775 
498 233 15 17 0.036034007 
558 39 7 10 0.03602339 
990 508 25 34 0.036021803 
633 110 8 10 0.036018223 
254 71 8 10 0.036008745 
302 79 8 10 0.035983026 
40 149 8 10 0.035971 
352 182 8 10 0.03595532 
377 183 9 10 0.035932753 
829 278 10 12 0.035901587 
446 237 10 12 0.035895426 
767 94 8 11 0.035848703 
934 118 8 10 0.03582253 
570 144 8 11 0.03581316 
543 96 7 9 0.035783138 
715 137 11 14 0.03577297 
559 111 7 8 0.035765275 
3 624 16 22 0.03572307 
537 126 8 9 0.03571973 
652 175 8 11 0.035686847 
560 125 7 9 0.03565915 
272 90 7 8 0.035622258 
310 127 8 9 0.035600085 
893 196 11 14 0.03559008 
26 88 8 10 0.03558889 
384 93 9 10 0.03558681 
192 149 8 9 0.03556775 
439 238 9 12 0.0355645 
457 23 7 9 0.035562567 
503 160 8 10 0.035503604 
409 61 9 10 0.03549363 
696 48 8 10 0.035479605 
250 7 8 10 0.03547817 
1013 343 9 13 0.03545576 
176 118 8 10 0.035429563 
32 135 8 11 0.035365336 
895 286 12 14 0.0353643 
234 65 7 9 0.03534466 
935 15 9 9 0.035330895 
47 93 8 10 0.035321537 
567 219 9 11 0.035303213 
496 88 7 9 0.035269912 
769 172 9 11 0.03526482 
385 103 8 10 0.035231624 
39 516 11 14 0.03521012 
585 63 7 9 0.035204187 
641 23 7 8 0.03519072 
1015 257 9 14 0.03517083 
623 22 7 9 0.035169803 
774 113 8 10 0.03507395 
751 88 7 9 0.035068527 
314 149 8 10 0.035047323 
586 228 9 12 0.035038527 
543 213 9 12 0.035004023 
615 94 7 10 0.034995247 
145 128 7 9 0.03497997 
881 96 8 9 0.034974914 
70 142 8 10 0.034948178 
641 181 8 10 0.03493128 
311 120 7 9 0.03488037 
738 24 7 9 0.03487301 
128 111 7 9 0.034870367 
422 166 9 11 0.034859207 
926 72 7 9 0.034820683 
623 128 7 10 0.034820605 
378 117 8 10 0.034772016 
858 175 8 11 0.03473916 
662 48 8 9 0.034654185 
639 167 7 10 0.03462482 
965 486 11 14 0.034597043 
712 128 9 10 0.0345119 
59 525 12 17 0.034508806 
367 135 8 10 0.034499586 
167 77 8 9 0.03448394 
551 201 8 9 0.034473788 
281 65 8 9 0.034459174 
477 196 10 13 0.034415994 
698 39 7 8 0.0344063 
638 39 8 10 0.0344034 
802 8 7 10 0.03437367 
833 167 8 11 0.0343316 
383 7 8 9 0.034312602 
1012 487 12 16 0.034249883 
201 62 7 9 0.034210693 
213 141 9 11 0.03420548 
318 103 8 10 0.034200627 
198 176 8 8 0.03414779 
586 8 7 9 0.034094334 
634 45 7 9 0.034077644 
433 22 7 9 0.03403798 
672 87 7 10 0.034027267 
293 125 8 9 0.03399659 
863 218 9 10 0.033987436 
974 744 27 25 0.03395047 
376 46 8 10 0.033946436 
287 158 7 9 0.033892713 
418 23 7 10 0.033884536 
567 127 7 9 0.033870537 
1004 164 9 12 0.03386034 
630 176 7 10 0.033745214 
749 1 8 9 0.033735763 
568 173 8 11 0.033676125 
194 103 7 10 0.033581913 
528 2 9 8 0.033564392 
936 171 9 12 0.03354041 
596 228 11 12 0.033538572 
694 201 8 10 0.03350982 
912 182 9 11 0.033507764 
206 120 9 10 0.033505056 
839 181 8 11 0.033469826 
2 96 9 13 0.033417746 
177 70 8 10 0.033416275 
329 103 8 10 0.03335355 
472 40 7 9 0.03335103 
127 40 8 9 0.033338353 
366 183 7 9 0.03333538 
459 30 7 10 0.03333105 
917 135 8 11 0.033324536 
538 87 7 9 0.03328273 
637 215 8 11 0.033255003 
154 181 8 10 0.033215947 
893 158 9 11 0.033213627 
655 128 8 9 0.03321223 
752 277 8 11 0.033189535 
741 229 12 15 0.033155244 
222 184 6 9 0.033145104 
825 96 8 11 0.033142496 
639 142 8 11 0.03310003 
640 272 8 11 0.033085093 
535 64 9 10 0.033078 
154 150 7 10 0.03306744 
777 7 9 10 0.03306092 
160 568 19 24 0.033045117 
351 70 7 10 0.033040628 
32 168 8 9 0.03302587 
142 144 9 11 0.033021145 
160 99 9 11 0.032997463 
510 127 7 9 0.032975987 
971 215 38 49 0.032967534 
897 179 9 11 0.032963064 
79 183 8 10 0.03294571 
65 8 8 11 0.032943927 
304 183 7 10 0.03291624 
872 64 7 9 0.032820784 
542 256 11 13 0.032813538 
632 199 7 9 0.03279574 
88 109 8 10 0.032771446 
662 14 8 10 0.032765117 
936 159 9 12 0.032760642 
873 104 8 10 0.03274442 
280 184 8 10 0.032730997 
250 55 7 9 0.03271898 
103 22 8 10 0.03270528 
352 86 7 10 0.0326889 
200 87 7 9 0.032682464 
137 15 7 9 0.032675046 
426 133 8 10 0.03267208 
511 29 8 10 0.03264067 
207 160 7 9 0.032636397 
862 742 21 28 0.0326313 
538 204 8 10 0.032630377 
521 9 9 10 0.0326277 
439 72 9 10 0.032621495 
287 181 8 11 0.032588273 
489 87 8 10 0.032553654 
511 79 8 10 0.03254723 
927 183 8 11 0.03253939 
798 677 16 19 0.032534555 
296 150 9 10 0.03247191 
89 128 9 11 0.032410163 
672 63 8 10 0.0323898 
525 256 10 13 0.03237967 
925 155 9 12 0.03235769 
104 152 10 12 0.03232353 
901 173 10 12 0.03232346 
424 196 10 12 0.0323227 
503 87 8 10 0.03231507 
250 189 8 9 0.03221256 
745 1 8 8 0.03220862 
807 14 7 10 0.03217284 
784 12 7 10 0.032149173 
312 134 8 10 0.032138467 
524 228 9 11 0.032124363 
991 704 16 21 0.032078788 
906 143 9 10 0.032072917 
600 168 8 10 0.03204801 
735 1 7 7 0.032035694 
1003 480 20 25 0.03202197 
-1 677 24 31 0.03200749 
315 197 9 10 0.032001853 
56 176 8 11 0.031996377 
81 70 7 10 0.03192408 
35 586 15 17 0.0319071 
696 84 7 10 0.03188429 
657 103 7 9 0.031879175 
938 445 10 13 0.031871233 
888 192 8 11 0.031851325 
430 152 8 10 0.031834546 
536 113 7 9 0.031826895 
312 72 7 8 0.03182515 
600 207 9 11 0.03181917 
587 56 7 9 0.031789564 
814 13 8 9 0.0317451 
544 236 12 14 0.03174394 
479 80 7 9 0.031738862 
624 80 9 10 0.031722724 
329 167 9 11 0.03170934 
50 24 6 9 0.031687256 
885 206 9 12 0.03155974 
791 127 9 11 0.03155819 
238 95 8 9 0.031551696 
537 96 8 9 0.031546388 
567 199 9 10 0.03153539 
64 142 9 10 0.03145301 
615 87 8 10 0.031405177 
321 14 7 9 0.03136822 
591 39 7 8 0.03134153 
954 745 20 23 0.031334724 
206 96 8 9 0.031327426 
345 15 7 9 0.031315416 
646 87 8 10 0.031308986 
160 48 6 8 0.031293035 
750 6 7 9 0.031276334 
599 102 8 10 0.03127062 
447 62 7 9 0.031262115 
466 142 7 10 0.031207273 
875 748 16 21 0.031177273 
552 223 9 12 0.031163761 
557 254 12 14 0.031161355 
925 167 10 12 0.031129636 
625 92 8 11 0.031117082 
614 166 8 10 0.03110232 
753 183 9 11 0.031099804 
121 33 6 8 0.031025255 
467 136 7 9 0.0310247 
558 79 10 11 0.031009056 
734 198 9 11 0.031003224 
886 517 12 14 0.031000197 
885 536 14 20 0.030939754 
115 537 14 17 0.030925151 
673 95 7 10 0.030912073 
743 26 7 8 0.030901477 
570 94 7 9 0.030897718 
697 9 8 9 0.030882275 
512 0 8 9 0.03083527 
1003 514 15 18 0.030834006 
399 23 7 9 0.03083359 
71 120 9 10 0.030830882 
121 89 6 9 0.030818034 
638 46 8 9 0.03081088 
568 134 7 9 0.03079869 
687 215 9 11 0.030786619 
884 517 23 28 0.030778166 
170 112 7 10 0.030750701 
969 109 8 11 0.030749595 
641 87 8 10 0.030678494 
943 198 8 11 0.030651778 
200 214 7 10 0.030647626 
453 219 10 12 0.03064271 
318 166 8 10 0.030593375 
273 112 7 9 0.03054702 
69 94 7 9 0.030546922 
175 134 8 10 0.030534051 
205 0 10 10 0.030488985 
199 128 7 10 0.030470693 
229 25 8 10 0.030464849 
664 153 8 9 0.03043793 
804 66 9 12 0.030413272 
386 16 7 9 0.030403608 
144 110 7 9 0.030386584 
152 119 8 9 0.030347418 
4 164 11 14 0.030338107 
896 111 8 10 0.030305106 
880 160 9 11 0.03028683 
592 105 7 9 0.0302838 
588 135 7 9 0.03024162 
540 281 12 16 0.030232666 
946 190 7 10 0.030214041 
566 120 7 9 0.030213835 
493 654 17 21 0.030198492 
183 16 7 8 0.030187743 
455 151 8 11 0.03017556 
742 110 9 12 0.03016451 
313 47 7 9 0.030109935 
953 109 10 12 0.030105919 
944 23 8 10 0.030061468 
360 23 7 8 0.03003091 
110 103 8 10 0.029984497 
513 111 8 10 0.029964656 
949 206 9 11 0.029959569 
847 279 12 14 0.029930329 
608 221 8 11 0.029881358 
710 189 10 11 0.029880404 
753 188 10 12 0.029869722 
702 212 10 13 0.02986414 
657 64 8 10 0.029845452 
936 47 8 10 0.029843641 
604 349 11 15 0.029841006 
814 188 8 11 0.02983981 
95 80 8 10 0.029839765 
144 168 8 9 0.02981948 
398 70 8 11 0.029819077 
36 596 13 17 0.029808259 
62 159 7 9 0.029791914 
489 7 8 9 0.029753141 
902 213 10 12 0.029753134 
570 87 8 10 0.029721325 
330 172 9 11 0.029708918 
441 119 9 10 0.029708492 
351 79 8 10 0.029701635 
134 121 7 9 0.02969286 
504 145 8 11 0.029672198 
749 682 25 30 0.02966799 
818 149 7 11 0.02965456 
0 715 13 21 0.029646575 
648 163 10 12 0.029638708 
463 16 7 8 0.029630441 
1013 85 10 13 0.029630283 
279 118 7 9 0.029620476 
814 225 8 10 0.02959353 
537 145 8 9 0.029579373 
351 2 8 7 0.029572094 
225 48 7 8 0.0295454 
857 22 10 12 0.029536132 
39 144 8 10 0.029529544 
701 128 9 10 0.029517146 
7 107 10 12 0.02951636 
834 131 8 11 0.029500408 
134 61 7 9 0.029489612 
1015 166 9 13 0.029486507 
1005 276 9 11 0.029443849 
401 159 9 11 0.029402087 
225 72 7 9 0.02939758 
910 175 8 10 0.02939708 
869 224 8 10 0.029393867 
733 263 8 10 0.029353652 
760 278 8 10 0.02925954 
112 88 6 8 0.029231075 
305 173 8 11 0.029218895 
543 145 7 9 0.029210199 
933 606 25 31 0.029194219 
408 55 8 10 0.029135682 
857 150 9 11 0.029105859 
824 0 8 9 0.029104203 
504 94 7 10 0.02907571 
329 112 7 9 0.029056879 
528 135 8 9 0.029014904 
786 603 15 16 0.02900145 
737 31 8 9 0.02896102 
609 23 7 9 0.02894245 
222 93 9 10 0.028934894 
231 47 7 9 0.028844828 
681 24 7 8 0.028836448 
423 41 8 10 0.02875911 
563 260 12 14 0.028749626 
927 240 9 12 0.028719258 
749 209 11 12 0.028715216 
759 6 8 9 0.028678255 
601 184 8 11 0.028677111 
832 1 10 11 0.028656095 
981 223 11 14 0.028635645 
488 119 8 10 0.0286226 
840 190 9 11 0.028597342 
926 190 8 10 0.028576694 
304 719 43 47 0.028567327 
743 212 20 24 0.028542664 
606 208 8 10 0.028517455 
918 45 9 12 0.028492076 
680 57 7 8 0.028490122 
877 523 23 28 0.02847341 
406 15 8 9 0.02846479 
185 174 7 9 0.028458774 
335 95 9 10 0.028454615 
471 166 8 10 0.02841708 
143 14 7 9 0.028400049 
418 7 7 8 0.028383715 
537 71 10 11 0.028383687 
136 78 8 10 0.028375205 
0 465 10 16 0.028373174 
158 113 8 9 0.028368859 
165 62 7 9 0.028361833 
655 38 7 9 0.028339954 
25 111 9 12 0.028333208 
969 103 9 11 0.028317735 
17 617 22 29 0.028315045 
223 87 9 11 0.028300276 
817 144 7 10 0.02825253 
942 440 9 11 0.028252283 
533 2 9 8 0.028251205 
488 23 8 10 0.02824161 
57 110 8 10 0.028219769 
567 61 7 9 0.028202305 
257 136 9 10 0.02819163 
31 141 7 11 0.0281649 
829 285 9 11 0.028137181 
245 133 8 10 0.028124653 
351 23 7 9 0.028095502 
702 9 7 8 0.028093038 
334 41 7 8 0.028085148 
948 239 9 12 0.028057143 
894 192 9 11 0.028041301 
461 119 8 10 0.028035773 
552 80 8 10 0.027999902 
98 188 8 11 0.027980663 
329 78 8 9 0.02796397 
159 32 6 9 0.027855132 
438 244 8 12 0.027852375 
135 126 7 9 0.027831273 
616 15 7 9 0.027816523 
875 507 15 18 0.027809639 
391 103 8 11 0.027801957 
288 55 8 9 0.027801719 
318 159 8 11 0.02776813 
358 125 9 11 0.027759107 
671 2 8 7 0.027745778 
48 56 9 10 0.0277138 
184 159 9 11 0.027708648 
129 174 8 10 0.02764213 
392 71 7 10 0.027631022 
939 708 22 27 0.027600558 
292 596 15 18 0.02759977 
772 649 18 23 0.027589427 
297 194 10 12 0.02756057 
487 72 7 9 0.027559647 
105 87 7 9 0.027554935 
512 25 9 10 0.027529186 
154 56 7 9 0.027514568 
119 186 8 9 0.027477233 
479 221 9 11 0.027471723 
27 55 8 11 0.027469233 
121 102 7 9 0.0274601 
505 8 7 9 0.027429925 
745 691 22 30 0.027413335 
245 580 15 16 0.0274105 
234 117 7 9 0.027406221 
312 79 7 8 0.027375141 
554 70 8 9 0.027367001 
651 220 8 11 0.027316002 
398 173 8 10 0.027293893 
655 32 6 9 0.02728303 
801 36 8 10 0.027282985 
446 129 8 10 0.027247567 
702 46 9 10 0.02723564 
326 191 7 9 0.027230166 
501 255 11 12 0.027220462 
278 96 8 10 0.027219057 
481 16 7 8 0.027201919 
104 77 7 10 0.027200291 
736 58 7 9 0.027189808 
743 86 8 9 0.027176542 
647 60 8 10 0.027169691 
319 110 8 9 0.027166503 
56 16 7 8 0.027155459 
201 198 7 9 0.027149616 
273 78 7 9 0.027147964 
302 141 8 11 0.027137516 
671 179 9 12 0.027132504 
112 76 8 11 0.027122833 
913 190 9 12 0.02710357 
952 166 8 11 0.027092157 
382 56 7 9 0.0270864 
41 126 8 10 0.027084377 
272 125 9 10 0.027071826 
400 127 8 10 0.027054738 
80 110 7 9 0.027045779 
104 96 7 9 0.027035216 
353 143 8 10 0.027022054 
735 38 7 10 0.02694789 
993 56 8 10 0.026936628 
777 40 8 10 0.026929867 
416 2 7 7 0.026898483 
995 681 26 35 0.026875889 
392 87 8 10 0.026836244 
803 705 18 20 0.026817635 
375 14 7 9 0.026771018 
698 62 7 9 0.026738156 
712 20 7 10 0.02670234 
280 72 7 9 0.026681062 
297 95 6 9 0.02667152 
729 196 9 12 0.026652582 
385 1 8 8 0.026651196 
576 184 8 10 0.026628232 
999 115 9 12 0.02662111 
567 207 9 11 0.02661673 
13 100 8 11 0.026606284 
472 80 9 11 0.02660149 
335 88 8 9 0.026594268 
250 63 8 10 0.026568253 
928 105 8 9 0.02655697 
608 45 8 10 0.026550272 
201 1 8 9 0.026526202 
54 88 7 9 0.026523912 
81 57 7 10 0.02648777 
691 116 8 11 0.026459608 
465 1 8 9 0.02645895 
238 64 8 9 0.026458798 
448 112 8 10 0.026451789 
974 95 9 11 0.02644653 
586 15 7 9 0.026432617 
960 63 9 9 0.026429359 
231 158 7 9 0.02642506 
235 699 57 69 0.026411684 
562 164 7 10 0.026395492 
406 739 11 14 0.02638893 
322 88 7 8 0.02638866 
757 103 8 11 0.026373575 
896 64 8 9 0.026366772 
166 56 8 10 0.026357813 
813 547 24 26 0.02634147 
495 0 8 8 0.02632682 
576 105 7 8 0.026258798 
647 205 8 10 0.026249079 
896 217 9 11 0.02623222 
128 88 7 9 0.026222065 
917 111 9 12 0.026215393 
565 232 8 11 0.02621086 
254 117 8 9 0.026206119 
240 56 6 8 0.026174074 
55 142 8 10 0.026163088 
600 95 7 10 0.0261414 
42 119 8 11 0.026127309 
440 111 9 10 0.026127165 
345 24 7 9 0.026119666 
371 739 26 26 0.0260879 
64 13 8 10 0.026086396 
846 191 8 11 0.026082646 
554 187 9 11 0.026070515 
956 739 30 35 0.026050787 
685 171 9 11 0.026050363 
993 101 10 12 0.026050016 
431 40 7 9 0.026017608 
186 191 8 10 0.0260125 
338 180 8 10 0.026000468 
350 603 13 18 0.025990361 
169 24 7 8 0.02598463 
623 112 7 9 0.025949486 
401 229 11 13 0.025915893 
296 137 7 9 0.025895255 
203 40 7 10 0.025886826 
788 173 10 12 0.02588121 
478 39 8 10 0.025880724 
599 144 8 10 0.02587785 
796 632 18 21 0.025874943 
706 182 9 11 0.025866505 
191 89 8 9 0.025852734 
153 23 7 8 0.025850082 
201 160 8 10 0.025847187 
499 78 7 9 0.025835855 
162 78 7 9 0.025833732 
47 102 8 10 0.025825344 
191 201 7 9 0.02581798 
936 200 8 12 0.02581662 
381 167 9 12 0.025815336 
664 31 8 9 0.025759183 
550 205 8 10 0.025735572 
950 568 25 32 0.025730593 
456 16 7 9 0.025692027 
480 152 8 10 0.025681907 
446 255 10 12 0.025666758 
489 94 9 12 0.025647663 
773 196 10 12 0.025634816 
168 128 8 10 0.02561007 
901 125 10 12 0.025580456 
466 56 7 10 0.025544807 
689 55 8 9 0.025536595 
802 200 8 10 0.025524847 
414 84 8 10 0.025519235 
198 208 8 9 0.025517233 
816 119 9 12 0.025515476 
368 15 7 9 0.025514018 
121 56 8 10 0.025509631 
544 64 8 10 0.025488742 
661 77 9 9 0.025471527 
830 97 7 9 0.025446985 
726 15 7 9 0.025442123 
575 197 8 10 0.025418824 
455 6 8 9 0.025400855 
373 134 9 11 0.025399659 
601 213 8 10 0.025358012 
591 199 8 9 0.02534781 
311 175 9 11 0.025345566 
920 202 10 12 0.025344428 
337 47 7 8 0.025339857 
328 136 7 9 0.025321847 
801 80 8 10 0.025309563 
886 64 7 10 0.02530673 
492 261 11 13 0.025292182 
680 31 8 9 0.02528895 
486 166 8 10 0.025280673 
633 33 7 9 0.025277896 
383 160 8 9 0.025258629 
758 108 8 11 0.025230706 
584 40 6 8 0.025229042 
192 54 7 10 0.02521801 
54 200 9 10 0.025214644 
640 150 8 10 0.025199711 
496 255 9 11 0.025171269 
184 143 8 10 0.025122352 
469 2 8 8 0.025105659 
241 150 7 10 0.025098477 
366 149 9 11 0.025095247 
128 125 9 10 0.025051178 
631 246 11 14 0.025050418 
982 269 9 13 0.025049148 
742 57 8 9 0.025035871 
70 649 21 20 0.025017554 
214 150 8 10 0.025013736 
602 118 6 9 0.025000427 
129 151 8 11 0.024944892 
695 97 8 10 0.024926666 
806 120 9 11 0.024923827 
22 126 8 10 0.024919506 
623 206 7 9 0.02491616 
675 198 8 11 0.024912506 
602 197 8 9 0.024906948 
816 170 8 10 0.024901494 
490 204 8 11 0.024893848 
186 96 7 9 0.024885034 
215 40 7 9 0.02488027 
136 87 8 10 0.02487412 
254 189 8 10 0.024873907 
514 164 8 10 0.024857253 
631 167 8 10 0.02484391 
413 196 9 12 0.024832474 
375 142 8 11 0.02482495 
370 71 7 9 0.024823837 
496 245 10 13 0.02480572 
239 144 8 9 0.024781259 
623 103 7 9 0.024771595 
805 32 8 10 0.024714377 
68 529 16 18 0.024708983 
1004 593 16 21 0.024702055 
416 31 7 9 0.024698734 
702 29 7 10 0.024679061 
440 62 8 10 0.024677183 
592 73 9 11 0.024635604 
950 47 8 10 0.02461324 
942 174 9 10 0.024603177 
934 220 9 11 0.02460305 
929 222 8 10 0.024580844 
871 229 8 10 0.024513235 
185 78 7 10 0.024509368 
418 16 7 9 0.024505105 
634 237 9 11 0.024499474 
336 63 7 10 0.024491107 
505 72 8 10 0.02448761 
648 16 8 9 0.02448471 
425 54 8 10 0.024460271 
200 57 7 9 0.024460075 
991 111 10 12 0.024456037 
641 16 7 10 0.024454461 
276 752 13 16 0.024433596 
632 103 8 9 0.024406284 
263 97 8 9 0.024378672 
1001 521 17 22 0.024376923 
882 746 21 22 0.024355542 
808 270 9 12 0.02434535 
401 30 7 9 0.024316385 
55 79 7 10 0.024292145 
207 192 7 8 0.024286263 
512 64 7 10 0.024284432 
232 54 7 9 0.024268523 
855 216 8 11 0.024251644 
919 53 8 10 0.02423311 
831 158 8 9 0.024206698 
391 1 8 8 0.024185268 
158 120 8 9 0.024166983 
217 8 8 10 0.024161067 
641 101 8 10 0.024152964 
200 80 8 10 0.024145057 
718 80 7 9 0.02414047 
263 127 8 9 0.024136158 
1014 102 9 12 0.02412749 
680 128 9 10 0.02411221 
894 31 8 10 0.024080936 
217 175 8 9 0.024067946 
489 1 8 8 0.024065217 
89 61 8 10 0.024060842 
807 571 15 19 0.024051862 
958 29 9 10 0.024045447 
786 734 25 32 0.024022084 
535 13 9 10 0.02402152 
975 47 8 9 0.024020465 
974 86 8 10 0.024012754 
265 72 7 10 0.023997849 
471 5 7 9 0.023993693 
793 93 8 13 0.023980014 
648 199 9 11 0.023978237 
560 47 7 10 0.023972945 
648 215 8 11 0.023971593 
901 167 9 12 0.023971405 
974 30 10 11 0.023965184 
217 94 8 9 0.023958493 
87 192 8 9 0.023947561 
975 55 9 10 0.023923011 
56 95 8 10 0.023919681 
133 600 17 19 0.023901936 
631 123 17 23 0.023889452 
800 119 10 12 0.023884727 
713 120 8 10 0.023876622 
749 610 14 18 0.023864636 
647 23 7 9 0.023845747 
832 120 8 10 0.023844557 
1015 124 8 12 0.023842368 
368 93 7 9 0.023825195 
935 111 8 10 0.023804015 
491 101 8 10 0.023790568 
351 8 7 9 0.023772249 
480 135 7 10 0.023763375 
536 134 8 10 0.023762828 
584 199 8 10 0.023762466 
46 204 9 12 0.023744823 
859 181 8 11 0.023744544 
288 71 7 9 0.023703068 
975 125 9 10 0.023685215 
128 14 7 9 0.023685139 
800 216 9 12 0.023658358 
389 222 9 12 0.023654139 
904 64 7 8 0.023642667 
615 79 8 10 0.023635944 
311 166 9 10 0.023624003 
654 165 9 11 0.023577724 
170 39 7 9 0.02356613 
480 166 7 10 0.023539186 
663 127 8 10 0.023538904 
72 111 8 9 0.023524195 
303 111 7 9 0.02351959 
64 150 8 12 0.02349247 
370 197 8 10 0.02347269 
401 40 7 9 0.023467837 
248 12 9 11 0.023432434 
107 214 414 492 0.023430498 
38 135 8 10 0.023421498 
392 93 7 10 0.023420284 
968 38 8 9 0.023401514 
641 158 8 10 0.02338213 
585 32 7 9 0.023364075 
729 32 7 8 0.023351433 
325 599 20 25 0.023344945 
208 175 7 8 0.023343917 
713 94 8 11 0.023340724 
480 8 8 9 0.023307227 
16 126 9 11 0.023305185 
1002 438 23 32 0.023301017 
969 187 9 12 0.023281757 
868 552 14 17 0.023263864 
848 215 8 11 0.023259865 
254 205 9 10 0.02325975 
311 181 8 10 0.023253597 
1004 156 12 15 0.023247728 
264 48 8 10 0.023238603 
221 7 9 11 0.023208838 
9 78 9 11 0.023201637 
751 31 7 9 0.023198633 
15 118 9 11 0.023167176 
334 79 7 8 0.02315856 
847 197 8 11 0.023157552 
368 1 8 8 0.023104822 
342 56 8 10 0.023087736 
847 738 27 31 0.023075696 
432 213 10 12 0.023075564 
232 9 9 10 0.02306411 
774 189 10 12 0.023044014 
272 181 8 10 0.023028571 
694 219 11 14 0.023006178 
449 96 9 11 0.023004837 
95 111 8 9 0.022993911 
655 1 8 7 0.022990264 
687 220 9 11 0.022983331 
184 103 7 8 0.022982111 
982 151 9 11 0.022953125 
33 182 8 11 0.022945758 
935 139 11 12 0.022945076 
446 118 8 10 0.022935733 
407 2 8 9 0.022913303 
687 63 7 9 0.022902397 
589 103 19 26 0.022856908 
641 7 8 9 0.02285259 
249 2 9 9 0.022850657 
0 483 11 18 0.022839969 
958 182 8 12 0.022830125 
62 109 7 10 0.022795709 
695 140 8 10 0.022792116 
902 280 8 9 0.022791881 
911 65 7 8 0.022790974 
879 55 7 9 0.022766186 
381 626 16 21 0.022763778 
672 102 8 10 0.02275193 
5 132 8 11 0.022744095 
129 79 7 9 0.02272587 
168 95 8 11 0.022712097 
295 17 8 9 0.022709798 
375 72 7 9 0.02270565 
31 127 8 10 0.022701418 
136 30 7 9 0.022700867 
143 31 7 9 0.022662492 
94 85 8 10 0.022630012 
295 175 7 10 0.022621455 
343 93 8 10 0.022606673 
737 341 8 11 0.022601642 
448 2 8 9 0.022579126 
495 7 8 10 0.02257745 
120 126 8 9 0.022571499 
778 45 9 11 0.022563359 
441 53 8 11 0.022562688 
30 69 10 11 0.022536693 
769 16 7 9 0.022493962 
974 71 9 11 0.022484984 
726 46 7 9 0.022467546 
930 592 23 31 0.022465868 
137 95 7 9 0.022462403 
569 40 8 10 0.022437038 
672 32 7 10 0.022437029 
432 204 10 12 0.022436447 
366 174 7 9 0.022425797 
847 230 8 10 0.022425434 
957 14 8 11 0.02241519 
478 47 7 9 0.022414722 
20 601 17 19 0.022408815 
734 204 10 11 0.022404348 
559 64 8 9 0.022384772 
630 181 8 9 0.022362493 
698 237 8 10 0.022334157 
105 197 9 10 0.022321308 
62 180 9 11 0.022306215 
263 149 8 10 0.022296587 
121 136 9 11 0.022286715 
942 126 9 11 0.02227797 
528 126 7 9 0.02227716 
565 267 12 14 0.02227234 
1005 464 20 27 0.022252707 
464 163 9 12 0.022250466 
404 633 12 19 0.022215791 
698 30 8 10 0.022209054 
478 55 9 11 0.022207202 
511 639 27 31 0.022204004 
720 56 8 9 0.02217783 
588 219 18 23 0.022176098 
154 15 8 10 0.022164598 
65 554 22 28 0.022155214 
568 15 7 9 0.022154633 
726 95 9 10 0.022151215 
223 54 8 10 0.022141742 
882 149 8 10 0.02212293 
267 174 7 9 0.022122333 
890 285 11 13 0.022102712 
452 236 10 12 0.022100186 
299 621 16 18 0.0220972 
336 192 8 9 0.022078114 
907 38 8 9 0.022073511 
826 219 10 11 0.02206817 
224 144 9 10 0.022062255 
848 222 8 11 0.02206069 
184 32 7 8 0.022053871 
975 150 9 11 0.022053469 
719 281 8 9 0.022033371 
255 152 8 9 0.02203324 
756 213 11 15 0.02201314 
901 536 21 29 0.022009246 
829 260 9 11 0.021968 
880 144 9 11 0.021951167 
941 568 23 26 0.021949308 
335 232 8 10 0.021938235 
185 207 8 10 0.021932578 
216 222 8 10 0.021919325 
552 266 11 14 0.021910368 
720 196 8 11 0.021907173 
911 505 13 17 0.021904768 
408 239 9 12 0.021893814 
597 149 8 10 0.021886656 
359 103 7 10 0.021885647 
1015 31 9 13 0.02186437 
144 120 8 9 0.021863904 
86 23 8 9 0.021858292 
312 63 8 9 0.02184516 
654 198 9 11 0.0218373 
174 87 8 9 0.02183628 
414 142 9 11 0.02180921 
577 72 7 9 0.021797134 
232 132 8 10 0.021775346 
1008 303 9 11 0.021771908 
279 102 7 8 0.021764059 
824 155 8 11 0.021725139 
95 12 7 10 0.021724094 
1014 190 8 12 0.021715539 
575 127 7 9 0.021709913 
115 355 42 50 0.02170005 
622 49 18 24 0.021699853 
655 130 17 23 0.021696396 
520 57 8 9 0.021695971 
344 1 9 8 0.02169416 
520 188 8 10 0.021688059 
71 103 7 8 0.021671543 
948 592 18 21 0.021668946 
406 103 9 11 0.021662466 
551 214 9 13 0.021655392 
1011 447 12 18 0.021650767 
327 55 7 9 0.021643762 
308 602 16 21 0.021643516 
329 39 7 9 0.021640401 
808 236 11 12 0.021629307 
136 48 8 9 0.021617055 
685 142 9 12 0.021612044 
916 270 21 24 0.021585314 
168 16 7 8 0.021585273 
97 2 8 8 0.021571938 
793 88 8 11 0.021557061 
597 239 10 13 0.021546932 
582 87 8 10 0.021541497 
423 93 9 11 0.021505727 
802 205 8 11 0.02150313 
54 205 8 10 0.021462742 
622 144 8 9 0.02144714 
72 158 8 10 0.021431739 
873 639 19 22 0.02142703 
944 84 8 10 0.021423401 
414 734 9 12 0.02141045 
984 140 9 11 0.021399517 
567 71 8 9 0.021377334 
161 198 7 8 0.021364748 
55 151 8 11 0.021363351 
152 47 7 9 0.021356096 
105 16 8 10 0.02134631 
288 168 7 9 0.021342427 
454 110 9 11 0.021332301 
944 717 22 27 0.021296423 
902 190 10 12 0.021292957 
942 149 9 12 0.02128895 
320 56 8 10 0.02125483 
470 151 8 10 0.021225736 
936 103 7 10 0.02122203 
502 78 9 11 0.021201959 
689 48 7 10 0.02119032 
184 126 9 10 0.021186622 
135 182 8 10 0.021177791 
610 31 7 9 0.021175342 
142 94 8 9 0.021174962 
120 1 8 8 0.021174045 
720 157 9 11 0.02113729 
517 635 14 19 0.021133482 
327 94 7 9 0.021132855 
6 85 9 11 0.021126099 
559 214 10 13 0.021114398 
866 228 8 10 0.021096064 
784 167 9 12 0.02108606 
768 7 7 9 0.02107772 
463 110 8 11 0.02106796 
835 172 8 11 0.02105846 
343 120 7 9 0.021058057 
431 16 7 9 0.021055272 
28 522 13 17 0.021052592 
463 126 8 10 0.021048496 
355 166 8 11 0.021047188 
624 118 7 9 0.02104308 
762 69 9 11 0.021032447 
754 674 26 28 0.02103089 
507 234 13 16 0.021026919 
870 158 8 10 0.021009572 
633 72 8 9 0.02099667 
567 182 7 10 0.02096055 
46 525 14 19 0.020958703 
856 127 19 24 0.020956328 
714 8 7 8 0.020929264 
648 49 7 9 0.020927722 
536 77 9 11 0.020913769 
376 126 9 10 0.020902092 
900 531 14 18 0.020898174 
789 574 23 28 0.020877363 
929 117 9 11 0.020874752 
600 86 7 10 0.020862991 
334 71 7 10 0.020862589 
613 117 8 9 0.020838851 
118 190 9 11 0.02082363 
478 215 9 11 0.020789038 
328 63 7 9 0.02078728 
185 183 7 9 0.020786686 
918 227 9 11 0.020784993 
919 23 8 10 0.020771554 
142 8 8 10 0.020765591 
175 143 9 11 0.020756688 
5 569 14 20 0.020752665 
160 160 7 9 0.020737438 
937 96 8 10 0.02072926 
76 555 14 20 0.020726485 
573 238 9 11 0.020725856 
38 523 12 16 0.020721495 
77 6 8 10 0.02072137 
527 144 8 10 0.020713383 
89 14 8 10 0.020712262 
0 583 21 31 0.02070806 
960 136 9 10 0.020693822 
759 174 10 12 0.020689122 
365 119 8 11 0.020649875 
105 54 8 10 0.020641396 
844 172 8 11 0.02061202 
120 38 8 10 0.020592451 
56 72 7 9 0.020590816 
233 40 7 9 0.020577691 
217 47 7 9 0.020576099 
923 72 7 8 0.020574216 
908 496 21 28 0.020573283 
312 14 8 10 0.020567393 
296 184 17 24 0.020563794 
503 15 7 9 0.020563494 
978 61 8 11 0.020543184 
88 174 8 11 0.020535167 
287 600 23 31 0.020534527 
525 167 8 10 0.020526148 
258 167 7 10 0.020518992 
970 118 8 11 0.020518808 
373 625 14 19 0.020514581 
814 236 10 13 0.020511964 
499 242 14 16 0.020505749 
232 94 8 10 0.020497857 
859 29 9 11 0.0204975 
616 191 8 10 0.02049481 
61 649 26 30 0.020493612 
375 80 8 9 0.020481627 
965 73 19 23 0.020464437 
544 55 8 9 0.02046106 
566 237 10 11 0.0204404 
645 170 18 23 0.020439515 
774 156 11 13 0.020413982 
871 696 16 21 0.020403815 
198 149 8 10 0.020401223 
64 31 7 9 0.020396356 
904 102 7 9 0.020395344 
743 697 12 19 0.020380989 
358 161 9 11 0.020380793 
897 70 7 9 0.020380754 
551 301 13 15 0.020363482 
1004 492 24 30 0.020355465 
744 47 6 8 0.020348353 
446 22 7 10 0.020291395 
1015 64 8 11 0.020271167 
806 583 13 19 0.02026315 
591 32 8 9 0.02023928 
174 101 8 10 0.02021687 
184 150 7 9 0.020205602 
144 192 7 9 0.020179097 
9 596 23 30 0.020178577 
497 72 8 10 0.020172251 
577 79 6 9 0.020148633 
97 71 7 9 0.020131398 
326 593 13 18 0.020118311 
256 100 9 10 0.020078622 
902 112 8 10 0.020069554 
738 285 7 10 0.020065308 
303 23 7 9 0.020064196 
816 206 9 10 0.020062534 
7 149 8 10 0.020050475 
623 133 7 10 0.020043563 
524 23 8 10 0.02004237 
346 70 8 9 0.020034607 
1002 460 16 18 0.020016307 
816 126 8 11 0.020014284 
461 181 9 11 0.020007176 
680 45 7 10 0.020003766 
784 261 11 13 0.020002833 
720 167 10 12 0.02000128 
