35_Basketball_Basketball_35_635
48
420 317 31 38 0.99946994 
484 321 29 37 0.9994198 
544 288 29 38 0.9993482 
753 313 32 38 0.999286 
621 304 33 39 0.9991936 
598 264 28 36 0.9986325 
814 302 31 38 0.9982151 
699 340 29 36 0.99817073 
277 275 27 33 0.99812466 
311 450 27 39 0.99790025 
282 310 30 35 0.99774665 
457 277 29 33 0.99761295 
449 416 31 41 0.99650216 
370 414 27 32 0.9959709 
360 332 26 33 0.994013 
211 316 25 30 0.9938034 
511 477 28 33 0.9922792 
570 447 30 38 0.98430794 
414 441 21 26 0.34379897 
453 580 40 35 0.28626263 
239 323 16 20 0.2159838 
726 335 21 28 0.16107488 
216 395 17 19 0.11783625 
683 305 23 26 0.10914198 
727 317 22 27 0.07841851 
570 576 24 30 0.060709637 
330 304 16 19 0.052426815 
280 289 31 35 0.04891675 
349 332 24 32 0.048349105 
513 298 24 27 0.041240435 
366 524 53 48 0.038029123 
580 293 16 18 0.037764184 
372 288 15 16 0.036141388 
556 447 27 37 0.035097692 
228 507 24 27 0.032289263 
393 332 23 27 0.030584594 
571 290 23 30 0.028986024 
845 297 16 22 0.028556505 
787 328 25 29 0.027491206 
790 302 16 21 0.027074853 
529 493 28 38 0.024326455 
381 308 16 18 0.024198133 
51 9 183 186 0.02247515 
341 331 15 19 0.022463912 
725 304 23 27 0.021567857 
692 312 23 28 0.021401064 
215 292 14 16 0.021393443 
267 314 16 23 0.020766813 
