49_Greeting_peoplegreeting_49_56
23
441 73 86 126 0.9992137 
580 66 47 60 0.9946514 
716 72 50 73 0.99406993 
806 62 42 53 0.98724395 
228 108 55 116 0.89069515 
909 60 42 61 0.8835601 
963 57 34 56 0.26524058 
805 363 30 40 0.15367417 
206 141 67 103 0.08715166 
788 174 52 70 0.07400525 
975 54 39 68 0.054301716 
45 456 50 67 0.037884846 
339 49 108 123 0.03741709 
286 53 112 120 0.030511234 
995 53 32 57 0.026868016 
144 123 98 131 0.026400153 
971 180 58 109 0.025144963 
629 219 29 43 0.025088977 
673 105 44 67 0.023155352 
252 62 103 135 0.022571195 
905 50 31 46 0.022421615 
968 43 32 45 0.020460479 
973 -2 29 29 0.020393668 
