49_Greeting_peoplegreeting_49_991
38
638 163 13 16 0.82147455 
460 102 12 15 0.55711925 
611 188 13 16 0.49540293 
405 182 11 14 0.29519045 
783 111 11 14 0.22539847 
828 145 13 17 0.22190948 
812 134 13 15 0.21921612 
214 379 55 54 0.12784238 
808 138 14 17 0.10243848 
60 81 209 283 0.08134355 
397 185 14 17 0.07866269 
708 110 11 13 0.06279836 
820 133 10 14 0.058436684 
669 231 10 12 0.053616937 
814 129 11 13 0.052425876 
630 268 13 17 0.04878895 
822 142 13 16 0.04732001 
648 258 22 27 0.04577719 
20 471 105 113 0.0424799 
176 289 27 32 0.04170338 
607 192 14 16 0.04089248 
831 212 9 13 0.040400293 
582 279 16 20 0.036354557 
422 178 13 17 0.0340131 
187 302 16 22 0.032898497 
564 417 367 503 0.032184843 
159 294 32 38 0.030803993 
596 277 15 20 0.029854354 
412 178 13 18 0.028868474 
784 105 10 14 0.02823272 
812 143 14 16 0.027947728 
392 180 14 17 0.027263954 
168 295 19 23 0.026828602 
614 201 11 14 0.022509327 
431 342 374 494 0.02236198 
641 167 15 18 0.022046093 
397 175 14 17 0.021345368 
468 106 13 17 0.020882715 
