49_Greeting_peoplegreeting_49_456
26
239 203 119 152 0.9999434 
374 317 116 155 0.9999107 
92 279 118 147 0.99986255 
851 313 118 162 0.99969614 
93 184 90 110 0.91008526 
45 175 106 134 0.715459 
788 265 66 89 0.23442157 
471 140 231 274 0.19812503 
482 127 78 120 0.14718208 
196 358 48 60 0.10063666 
502 131 112 145 0.07924449 
594 79 84 139 0.07864715 
966 257 53 75 0.07483591 
239 448 46 48 0.07272988 
715 28 63 70 0.05441757 
816 281 58 76 0.04877137 
482 175 159 157 0.038980223 
411 164 31 45 0.028043386 
533 19 11 13 0.027555496 
880 153 52 56 0.026836632 
756 186 36 33 0.026527537 
831 280 97 129 0.025772426 
254 467 30 37 0.024003679 
544 104 112 140 0.022253282 
164 581 32 33 0.022104558 
785 211 63 60 0.020156486 
