49_Greeting_peoplegreeting_49_50
33
327 202 66 84 0.99960715 
651 271 143 188 0.99841154 
352 118 59 75 0.9967019 
282 114 30 33 0.8868444 
229 612 144 110 0.7970192 
961 181 38 73 0.7078429 
981 202 38 73 0.48557377 
805 160 27 46 0.41371775 
194 630 126 118 0.15069154 
915 156 21 28 0.11167065 
189 570 197 212 0.08782235 
850 154 27 45 0.06314175 
398 129 32 45 0.043452423 
430 176 49 72 0.039408397 
168 214 17 21 0.039299253 
271 120 41 49 0.03905655 
808 143 44 57 0.037465822 
109 47 11 13 0.03422433 
438 730 48 40 0.033546224 
954 178 31 55 0.031924766 
108 197 13 16 0.03164176 
388 162 49 67 0.030727847 
275 118 24 23 0.026958263 
423 139 46 61 0.02694849 
225 171 88 111 0.025631621 
411 142 16 25 0.023444353 
416 145 83 114 0.023254497 
179 176 15 18 0.022591023 
146 286 198 258 0.022089249 
419 703 68 60 0.021045292 
430 740 35 27 0.020570101 
121 179 12 15 0.020326493 
115 102 13 15 0.020063166 
