49_Greeting_peoplegreeting_49_307
58
176 272 32 39 0.99652195 
873 282 29 36 0.96774566 
272 239 20 27 0.95798653 
621 272 16 23 0.8519274 
686 279 14 23 0.84749764 
363 254 15 24 0.8315854 
714 281 15 23 0.7353168 
806 372 15 20 0.38004065 
849 294 24 33 0.3150498 
869 296 27 37 0.21703757 
943 357 14 18 0.18864751 
614 280 15 18 0.13277534 
747 299 11 15 0.12025752 
367 260 19 23 0.081870936 
704 360 10 12 0.07543358 
729 324 16 18 0.07263091 
165 341 32 34 0.07052159 
697 277 21 28 0.060615648 
168 321 31 39 0.060390763 
719 365 9 12 0.05338419 
616 261 23 29 0.049024805 
221 356 11 13 0.048482314 
733 279 14 17 0.04276715 
375 263 19 20 0.041126106 
742 292 14 20 0.038519755 
686 404 11 14 0.038474668 
158 331 26 35 0.036677737 
709 380 12 14 0.034186568 
756 332 10 14 0.03337401 
150 459 15 20 0.03188371 
721 320 39 52 0.0313683 
873 315 19 23 0.030655319 
577 360 12 17 0.029811658 
695 309 9 13 0.029673077 
671 430 11 13 0.029303424 
359 246 13 21 0.02889858 
293 314 10 13 0.028385442 
708 362 11 13 0.02837138 
697 388 10 12 0.028277561 
121 377 16 17 0.027292807 
875 276 19 22 0.02650812 
379 245 14 18 0.026467703 
607 277 15 18 0.02643649 
670 350 10 12 0.026381379 
158 336 15 21 0.025710031 
720 285 16 22 0.025408702 
604 347 15 19 0.025065854 
700 386 14 16 0.024728075 
649 341 9 12 0.023970546 
883 269 16 19 0.023410862 
620 287 15 18 0.02340531 
293 592 11 12 0.023330998 
739 283 12 16 0.022732561 
595 363 15 18 0.022173133 
664 349 11 12 0.02187444 
670 425 9 12 0.02159969 
839 307 25 33 0.021219479 
683 341 10 12 0.02003049 
