49_Greeting_peoplegreeting_49_353
88
548 409 14 20 0.68216044 
294 424 12 15 0.6167253 
378 406 14 17 0.5062018 
326 73 31 42 0.33903235 
640 359 9 11 0.17914917 
606 366 7 9 0.1709678 
395 522 15 20 0.16705072 
694 373 9 10 0.09735497 
666 404 10 13 0.093313955 
712 381 10 10 0.08972938 
733 358 9 11 0.085887514 
713 399 7 10 0.08035592 
654 389 9 13 0.075324275 
628 387 12 14 0.075052135 
730 367 10 12 0.06870468 
250 435 13 17 0.06669137 
665 375 9 10 0.065918714 
702 296 10 11 0.06269362 
670 381 8 10 0.062057354 
365 440 15 21 0.061578974 
389 440 16 23 0.059444882 
695 391 10 13 0.052574422 
294 432 12 15 0.052405834 
729 372 9 11 0.05037067 
625 391 11 13 0.049889907 
669 376 8 10 0.049842715 
696 383 8 10 0.04926473 
232 401 8 11 0.04898164 
600 383 8 10 0.04800437 
590 367 7 10 0.0464824 
300 320 10 11 0.045260537 
318 457 15 17 0.04416293 
387 523 19 24 0.042883713 
735 373 9 11 0.038612336 
375 436 23 29 0.0383231 
689 367 9 11 0.037249073 
734 353 9 11 0.036724128 
539 437 27 35 0.03578146 
737 294 9 11 0.035716124 
695 356 9 11 0.034659196 
623 366 10 12 0.034140587 
386 405 12 16 0.033989128 
743 352 8 10 0.03313788 
583 358 9 11 0.03141349 
712 368 9 10 0.03120135 
616 368 8 9 0.030705573 
665 380 9 12 0.03061475 
712 391 8 10 0.030504204 
282 318 13 16 0.029803492 
736 380 8 10 0.029671684 
586 365 8 11 0.029620785 
726 287 8 10 0.028866086 
290 427 11 13 0.02865129 
146 426 15 19 0.028647136 
276 459 12 15 0.028602451 
712 412 10 12 0.028545316 
377 457 17 18 0.028494015 
701 392 9 11 0.027586766 
630 364 10 12 0.026786914 
743 383 8 10 0.026191909 
741 372 10 13 0.026092017 
729 416 9 11 0.02594382 
648 383 10 13 0.025615662 
293 462 13 16 0.025538553 
701 356 10 11 0.025011197 
730 352 8 11 0.024984738 
630 375 10 12 0.024834163 
592 382 8 10 0.024761472 
554 405 14 19 0.024525989 
285 452 10 13 0.024134256 
645 364 9 11 0.023748657 
287 461 11 14 0.02371475 
601 375 9 10 0.023613164 
477 571 30 36 0.023555879 
626 382 11 12 0.022790886 
300 436 11 14 0.022470623 
718 271 7 9 0.022222145 
279 454 11 13 0.021998497 
717 376 8 10 0.02191012 
688 359 8 11 0.021841682 
702 382 9 11 0.02174561 
742 358 9 11 0.021656983 
624 372 10 12 0.021492481 
290 469 10 14 0.021289647 
691 221 11 14 0.020637276 
103 340 10 12 0.020574132 
729 421 10 12 0.020453108 
703 309 10 13 0.020266298 
