49_Greeting_peoplegreeting_49_943
38
192 432 51 65 0.99965966 
124 444 59 75 0.99947006 
357 443 55 75 0.99934286 
287 443 48 58 0.9983967 
343 77 20 27 0.8970233 
148 97 18 24 0.87099975 
255 147 18 22 0.7949983 
207 142 15 17 0.7900031 
9 133 27 35 0.16805904 
262 111 16 20 0.10501396 
414 202 138 186 0.100999564 
239 173 11 14 0.09855857 
529 -1 80 72 0.08250248 
815 102 20 27 0.06911406 
192 132 12 16 0.05489193 
319 158 12 17 0.049808215 
0 346 23 37 0.037840825 
199 140 13 17 0.036765184 
210 136 15 18 0.034710795 
915 520 17 23 0.03369073 
414 -5 127 105 0.03353898 
273 132 11 15 0.033224992 
392 91 13 16 0.030872824 
375 -62 330 425 0.030837197 
678 293 12 17 0.02932863 
359 138 20 19 0.028599551 
840 247 181 271 0.028473087 
847 371 178 291 0.02816036 
525 241 187 271 0.027744215 
238 165 14 17 0.027435953 
170 168 23 35 0.025800025 
753 314 13 16 0.024464523 
179 177 12 20 0.024073452 
274 139 16 20 0.023336377 
351 83 17 24 0.022895355 
219 141 11 16 0.022365559 
132 15 39 49 0.02186578 
295 133 13 17 0.021835268 
