47_Matador_Bullfighter_matadorbullfighting_47_42
32
221 96 44 59 0.99531084 
159 95 35 45 0.39738098 
527 0 25 22 0.3361381 
270 101 32 42 0.252451 
97 -1 18 15 0.115676865 
637 -1 19 14 0.07370992 
805 -1 26 19 0.07267185 
791 28 24 26 0.07078745 
419 0 53 51 0.06592971 
942 1 41 34 0.058544647 
424 53 12 14 0.050117295 
84 0 26 22 0.048407175 
250 149 23 31 0.046130493 
530 12 18 21 0.045352288 
661 678 10 12 0.04273556 
707 -1 20 14 0.038780537 
741 48 17 18 0.03456099 
350 19 12 12 0.034454405 
124 0 16 13 0.032272477 
272 75 42 58 0.030712036 
373 52 11 14 0.030434668 
317 13 14 14 0.030370936 
129 0 17 18 0.029486557 
423 91 14 17 0.029292714 
153 -1 28 23 0.029098261 
795 511 49 47 0.026109679 
220 6 16 21 0.024499316 
852 341 117 138 0.023819877 
964 525 30 38 0.022450062 
198 4 27 33 0.022380454 
172 42 47 62 0.022294622 
426 57 15 16 0.020303348 
