47_Matador_Bullfighter_matadorbullfighting_47_443
135
821 205 14 17 0.59879696 
973 195 13 20 0.55507123 
859 166 13 16 0.5216873 
350 198 13 17 0.5023993 
315 204 12 16 0.40629232 
902 203 14 18 0.30132508 
583 202 12 15 0.28840613 
460 327 26 30 0.24829161 
827 208 14 17 0.2142047 
195 251 18 23 0.19250548 
779 228 18 22 0.18748704 
836 205 11 14 0.17834462 
832 265 14 17 0.14746392 
670 265 14 17 0.13381599 
422 219 14 17 0.12701397 
828 259 23 29 0.12668388 
952 258 13 16 0.12317345 
538 254 25 32 0.10935443 
491 296 18 22 0.10076644 
538 252 17 22 0.0982464 
765 222 10 13 0.08954771 
816 204 12 17 0.08237819 
806 202 11 14 0.08087296 
74 179 27 30 0.07673857 
190 249 28 38 0.073663265 
780 207 10 12 0.07339239 
896 211 13 16 0.07102199 
687 261 11 14 0.0705418 
863 198 11 12 0.06711152 
313 199 11 16 0.06549209 
797 202 13 15 0.065327026 
507 247 19 23 0.06302209 
905 198 13 16 0.06107508 
563 310 10 14 0.06091618 
468 250 14 16 0.060196187 
510 338 24 31 0.059242718 
462 260 13 16 0.058501482 
371 214 12 15 0.058412466 
408 190 10 12 0.057840448 
579 226 15 17 0.05675891 
359 221 12 16 0.05496682 
385 228 12 15 0.054206505 
757 226 12 15 0.054194994 
792 204 12 14 0.05312263 
555 313 15 19 0.052468404 
749 225 12 16 0.052353162 
931 253 11 14 0.052111357 
428 174 11 11 0.05182558 
766 227 12 17 0.048466284 
21 309 434 328 0.04787391 
294 204 10 14 0.047532428 
872 252 13 19 0.044412035 
581 206 15 19 0.043230336 
495 286 13 17 0.04320299 
790 223 11 14 0.043100473 
427 215 13 16 0.042636402 
614 214 14 17 0.041080512 
313 209 10 14 0.040780485 
423 187 12 14 0.040236164 
781 224 13 17 0.03940692 
757 259 13 18 0.039313182 
388 224 11 13 0.039121073 
408 196 11 14 0.03844746 
345 197 11 15 0.037708797 
765 224 21 26 0.03749375 
820 242 39 49 0.037156582 
373 194 12 14 0.03671583 
294 211 9 11 0.03642222 
545 306 25 31 0.035355248 
516 243 23 30 0.03449617 
775 211 11 14 0.034239393 
412 188 11 14 0.034174565 
500 273 13 16 0.03392719 
844 206 10 13 0.033067062 
473 243 16 19 0.03303042 
392 308 12 15 0.03260149 
794 195 21 24 0.032109126 
390 244 15 19 0.0318412 
862 202 14 16 0.03162797 
674 257 20 27 0.031075064 
572 225 25 29 0.031040275 
467 256 15 18 0.030940069 
476 256 14 17 0.030472565 
774 222 13 16 0.030176677 
552 259 19 22 0.03016748 
884 214 12 14 0.029754627 
451 221 13 17 0.029100161 
881 220 11 13 0.028360736 
567 228 12 15 0.028199287 
427 181 14 17 0.028033629 
52 198 15 18 0.02780305 
933 199 10 13 0.02763009 
536 267 29 34 0.027319815 
421 196 10 13 0.027241169 
750 253 14 18 0.027227003 
918 203 12 15 0.027160032 
574 232 15 18 0.02712871 
532 243 16 23 0.026702916 
499 241 19 24 0.026446031 
926 197 11 14 0.02616102 
501 236 15 18 0.026159931 
861 210 16 18 0.02607967 
358 190 10 13 0.025865624 
943 242 11 14 0.02583384 
595 312 15 17 0.025563432 
494 290 25 34 0.025449151 
565 174 10 12 0.025269967 
935 203 11 13 0.024968777 
814 199 10 14 0.024444567 
454 237 11 14 0.024266487 
766 213 12 15 0.024185978 
437 283 14 17 0.023673525 
663 264 14 17 0.023563197 
745 222 21 25 0.023502048 
483 243 14 18 0.023434311 
892 181 12 15 0.023406196 
343 191 9 12 0.023166204 
575 212 11 15 0.023061251 
190 165 16 19 0.022874674 
787 237 14 19 0.022819877 
805 209 12 16 0.02252742 
757 232 15 19 0.022465043 
321 203 13 16 0.022284148 
324 243 13 16 0.021183724 
304 213 9 11 0.020995777 
862 232 13 17 0.020947823 
478 291 27 30 0.020868424 
357 212 12 16 0.020813016 
179 235 51 67 0.020479517 
706 353 15 19 0.020441411 
90 161 42 54 0.020334918 
797 235 12 15 0.020202674 
589 315 15 17 0.020167474 
990 182 14 17 0.02008804 
592 224 23 28 0.020059187 
