47_Matador_Bullfighter_Matador_Bullfighter_47_912
590
774 4 30 36 0.9977857 
776 124 29 34 0.9958295 
731 62 25 33 0.99277496 
917 0 34 38 0.983489 
840 55 32 43 0.9822152 
845 119 32 40 0.9819918 
630 113 22 30 0.97465706 
602 101 21 27 0.95641077 
739 10 18 27 0.9519797 
629 19 17 22 0.9441984 
378 39 18 20 0.929825 
514 17 17 22 0.92981964 
235 22 16 18 0.921657 
683 55 22 27 0.9203719 
434 27 18 22 0.9064106 
946 293 63 76 0.88246983 
565 3 18 21 0.8738246 
689 26 18 20 0.8722683 
326 95 21 24 0.8658069 
483 18 16 20 0.8573293 
121 18 14 18 0.81836855 
181 44 18 20 0.8132695 
99 307 28 54 0.7914607 
93 35 15 17 0.78489065 
715 119 25 33 0.76457703 
598 45 20 26 0.7243096 
347 52 13 16 0.7171517 
439 58 19 22 0.69095147 
676 8 16 18 0.68136024 
657 5 15 20 0.67806286 
817 0 23 23 0.6775839 
548 58 16 19 0.6769576 
246 175 24 34 0.6027176 
732 302 43 61 0.5939626 
752 119 21 29 0.566164 
874 117 34 40 0.54671913 
591 166 24 30 0.5409341 
363 187 32 44 0.45569855 
35 20 14 16 0.4356777 
489 82 13 18 0.38417926 
310 16 14 20 0.38354048 
703 119 23 32 0.37734136 
857 14 24 28 0.35807788 
47 26 11 15 0.34662473 
443 4 14 15 0.33421162 
364 1 13 13 0.32508993 
385 161 25 32 0.31904885 
62 16 14 17 0.3095697 
0 91 12 17 0.28426304 
43 77 12 17 0.28254724 
207 12 12 15 0.2743468 
823 61 31 39 0.25467676 
561 30 12 16 0.23637773 
0 23 9 13 0.23096515 
175 20 14 17 0.22813477 
14 38 13 16 0.22445032 
94 0 12 11 0.21705957 
596 128 17 20 0.21110658 
221 46 14 16 0.2061598 
473 132 16 19 0.20612843 
533 40 15 21 0.20499735 
343 3 13 14 0.20231405 
694 113 23 30 0.20110849 
188 36 16 19 0.20059262 
348 14 10 12 0.19666451 
384 16 13 17 0.1834278 
734 124 27 32 0.18248346 
37 4 11 13 0.17316139 
371 99 19 23 0.17306323 
454 145 13 17 0.16722663 
-1 559 56 73 0.16400911 
84 45 12 14 0.16139935 
340 141 26 31 0.16041827 
693 127 16 22 0.15504618 
721 323 35 48 0.15404911 
254 3 14 15 0.1484847 
406 24 9 12 0.14747168 
633 91 25 31 0.14213824 
606 16 13 18 0.14014027 
157 22 13 16 0.13989502 
477 40 16 21 0.136855 
717 6 16 21 0.13441281 
500 106 19 23 0.13290684 
617 358 33 35 0.13230442 
275 1 13 15 0.13211085 
68 19 13 16 0.13153656 
664 4 21 24 0.13060051 
415 5 12 16 0.12951954 
857 117 42 51 0.1285888 
242 24 14 18 0.1269694 
652 59 17 20 0.12613395 
369 386 30 50 0.124831624 
255 12 12 14 0.11770026 
479 113 17 20 0.11733312 
576 41 15 21 0.1146351 
211 52 14 18 0.11409051 
98 38 14 18 0.11381306 
1000 6 24 31 0.112849414 
6 22 10 13 0.11181754 
553 108 23 25 0.106115796 
681 5 18 20 0.105624825 
195 35 12 14 0.103230484 
647 222 31 36 0.102542706 
707 56 21 27 0.10152788 
322 481 105 142 0.10033646 
32 25 12 15 0.09904055 
349 1 13 12 0.09884966 
205 8 12 14 0.09478453 
254 20 11 14 0.09259263 
151 19 12 16 0.090223595 
158 82 14 17 0.08960039 
980 261 45 68 0.08860072 
168 7 10 12 0.08798695 
397 60 12 16 0.08778739 
253 52 15 20 0.08735213 
967 60 32 40 0.083823666 
138 35 14 17 0.08267219 
406 10 11 14 0.082006134 
636 83 19 23 0.08194592 
54 20 12 15 0.08130194 
182 -1 11 11 0.080616064 
251 26 13 16 0.08036802 
317 60 15 18 0.08034004 
342 47 15 17 0.0802039 
761 117 17 23 0.07959534 
12 22 11 12 0.07907137 
332 99 22 27 0.078811675 
87 0 12 12 0.07869785 
71 1 11 11 0.07868904 
210 18 13 15 0.078380026 
240 115 16 19 0.077613324 
1 116 18 21 0.077610716 
769 76 25 28 0.07751467 
212 29 11 13 0.07751231 
222 38 12 15 0.076978825 
311 102 12 17 0.07669073 
61 4 12 13 0.07576014 
858 27 20 23 0.07518887 
86 18 12 15 0.07475264 
609 48 15 22 0.07447496 
436 6 22 24 0.07389179 
51 34 12 14 0.073815644 
364 103 17 22 0.07347577 
399 12 11 14 0.07224022 
392 113 22 27 0.07140301 
711 43 14 17 0.0713182 
955 432 41 65 0.07131121 
538 37 15 18 0.07121377 
276 28 13 17 0.07068116 
22 20 10 13 0.07064993 
400 209 51 57 0.07059455 
492 10 14 22 0.07011453 
11 30 13 15 0.06974823 
39 72 11 15 0.06930579 
712 63 24 32 0.068896964 
641 412 31 35 0.06842782 
383 309 64 61 0.0683771 
76 1 13 16 0.067291945 
252 393 67 59 0.06702715 
55 12 14 17 0.06684869 
764 111 26 36 0.066828944 
907 58 27 38 0.06637641 
100 0 12 11 0.066267364 
470 18 14 20 0.06516141 
815 0 16 16 0.064396635 
689 10 16 19 0.064075954 
461 137 19 25 0.06383171 
8 536 91 108 0.063264266 
262 1 11 12 0.06262634 
371 188 42 52 0.06260476 
752 333 35 42 0.061799854 
356 26 15 20 0.061684836 
679 93 13 18 0.061682947 
586 419 16 20 0.061617203 
80 49 12 16 0.061603095 
474 123 17 20 0.061583135 
420 66 13 17 0.060819276 
63 52 11 14 0.060352888 
292 43 16 21 0.059610177 
4 52 13 18 0.059538394 
841 459 43 63 0.05922614 
582 174 25 31 0.058759805 
339 92 14 19 0.058645904 
439 1 12 13 0.058039594 
534 9 13 19 0.05794728 
295 1 12 16 0.057663433 
624 110 20 26 0.0572941 
685 21 17 20 0.057083998 
196 161 23 31 0.056693293 
133 -1 13 12 0.056351203 
597 0 14 17 0.05633168 
630 55 15 20 0.055043604 
424 23 11 14 0.054840375 
248 3 12 15 0.05471647 
173 14 13 16 0.054394048 
725 121 21 24 0.05409821 
118 0 10 10 0.053457785 
287 19 10 13 0.053231407 
817 -3 42 42 0.052888583 
75 61 14 17 0.052797433 
425 27 13 18 0.05263718 
110 0 12 11 0.052508727 
745 130 26 34 0.05239499 
342 56 14 18 0.052103806 
364 33 14 20 0.052055325 
379 64 14 20 0.05167205 
957 252 74 111 0.051514488 
183 4 12 14 0.051500276 
762 47 25 27 0.050406244 
245 50 15 20 0.05015145 
453 7 11 14 0.050064273 
491 108 20 25 0.04994301 
152 50 13 18 0.049590707 
815 63 25 30 0.04957482 
371 0 11 13 0.048693046 
326 3 14 16 0.04868982 
722 129 28 34 0.048581768 
192 70 20 25 0.04857173 
630 87 17 21 0.048496336 
882 125 19 24 0.048281427 
332 10 12 15 0.04825734 
165 64 15 19 0.048055403 
709 -1 12 11 0.048007905 
335 61 13 17 0.04799748 
185 55 15 19 0.047912773 
158 67 14 16 0.047396787 
868 125 54 69 0.047302622 
316 52 14 16 0.046918124 
88 29 13 15 0.04688982 
540 53 15 19 0.04663987 
100 30 13 17 0.045709543 
348 111 16 21 0.04560143 
592 48 15 21 0.045566052 
132 67 14 20 0.045530144 
405 50 14 19 0.04519512 
213 34 13 15 0.045008868 
468 31 20 27 0.044766117 
334 4 11 15 0.04444346 
127 0 12 11 0.044384666 
686 109 22 28 0.04433354 
241 66 17 19 0.04426293 
316 22 15 18 0.0442385 
430 63 17 22 0.04418492 
860 0 14 13 0.044162963 
159 0 10 9 0.04399918 
682 102 19 28 0.043860726 
827 99 30 40 0.043830957 
639 78 14 17 0.043737724 
21 28 12 15 0.04363893 
430 3 13 15 0.043527704 
395 109 15 20 0.043244023 
377 198 18 27 0.043238446 
855 1 24 26 0.043123342 
516 52 13 21 0.043118637 
535 57 13 18 0.043081265 
114 54 14 18 0.042953435 
43 205 429 432 0.04292802 
469 141 17 20 0.042910077 
381 175 29 41 0.042842995 
542 88 14 17 0.04274885 
454 32 13 20 0.042425614 
835 112 29 40 0.042389397 
718 0 13 14 0.041948568 
405 150 14 19 0.041880533 
429 23 14 19 0.041842185 
179 25 13 17 0.0417198 
200 6 11 14 0.041684594 
787 92 26 29 0.04143907 
566 67 15 20 0.041365575 
508 50 16 22 0.04129082 
31 14 13 16 0.040948905 
320 125 22 32 0.04086842 
390 74 14 18 0.040411707 
407 296 56 62 0.04035312 
125 4 13 14 0.04014683 
567 36 19 27 0.039942488 
868 168 50 71 0.039829914 
238 0 10 9 0.039555676 
45 14 10 14 0.039432134 
750 231 29 32 0.039377537 
382 198 49 56 0.039034 
222 13 11 15 0.03885024 
459 30 19 27 0.03883603 
362 73 15 18 0.038652956 
261 20 11 14 0.03863077 
316 97 16 21 0.038594346 
355 44 14 17 0.038031325 
506 2 23 25 0.03793532 
282 68 14 16 0.037766248 
189 4 10 14 0.037697617 
654 15 14 20 0.037600353 
142 19 12 17 0.037581634 
815 231 29 33 0.03753196 
285 209 32 43 0.03752995 
332 124 23 32 0.03741881 
413 58 14 18 0.03723092 
301 38 13 17 0.037122637 
412 36 13 18 0.03705178 
364 20 13 17 0.03700423 
341 66 13 16 0.03693012 
670 44 14 20 0.0368451 
697 107 19 23 0.036776543 
774 103 27 35 0.03677282 
163 25 13 18 0.036705453 
795 90 17 20 0.036126275 
542 62 15 19 0.035987243 
76 19 12 16 0.03595056 
379 29 17 22 0.035931025 
503 13 21 27 0.035836283 
463 19 14 19 0.035324324 
333 26 12 16 0.035068043 
166 0 10 10 0.035056684 
373 14 10 13 0.035014328 
173 6 11 14 0.03496679 
576 4 15 17 0.034884118 
306 125 23 32 0.0348332 
623 428 53 56 0.0347325 
734 5 14 20 0.03468108 
352 50 15 18 0.034626655 
412 51 13 18 0.03459511 
540 29 13 15 0.034570932 
404 34 13 17 0.034509 
493 200 15 21 0.034428213 
717 37 13 18 0.03437909 
269 21 13 15 0.034322146 
896 9 31 35 0.03431506 
297 221 41 45 0.0342274 
591 102 23 29 0.03414056 
36 320 45 63 0.03414018 
330 84 18 22 0.033960305 
15 62 12 16 0.03395573 
352 104 20 27 0.03384607 
476 179 13 16 0.03377413 
553 52 16 21 0.033488717 
43 556 73 72 0.033434417 
9 35 11 14 0.033372615 
498 50 22 29 0.0332135 
521 14 16 21 0.033081766 
201 70 17 23 0.032971274 
400 20 10 15 0.032952443 
404 44 13 16 0.03293017 
21 15 10 13 0.03282489 
150 25 13 18 0.03274368 
278 11 11 15 0.032620937 
419 9 12 15 0.0325319 
283 26 15 18 0.03246307 
499 170 15 19 0.03239944 
417 36 22 29 0.032270078 
421 198 13 15 0.03192707 
971 195 55 106 0.031753838 
713 50 16 21 0.031730473 
958 69 26 36 0.031726636 
678 61 16 21 0.031615704 
213 44 15 18 0.031453483 
111 19 13 16 0.031226203 
509 0 12 11 0.030828001 
162 75 16 20 0.030782534 
609 14 19 25 0.030762495 
32 1 12 13 0.030745108 
200 175 13 18 0.030722441 
583 85 21 27 0.030722026 
63 24 13 16 0.030495312 
959 79 34 43 0.030490184 
565 17 14 18 0.030406594 
835 4 28 30 0.030393342 
482 138 14 16 0.03024752 
419 61 21 26 0.030238725 
894 50 27 37 0.030209893 
366 12 12 14 0.030203102 
282 74 16 21 0.030182354 
402 114 17 22 0.030114893 
972 20 49 66 0.030073272 
271 13 12 15 0.0300108 
435 204 48 60 0.030003639 
291 20 12 15 0.02994716 
260 174 28 36 0.029919252 
494 5 14 18 0.02989528 
180 11 12 15 0.029860904 
482 48 13 18 0.029835602 
555 144 15 18 0.029805975 
564 219 29 36 0.02970276 
396 153 24 28 0.02961853 
158 57 15 20 0.02951302 
517 61 15 22 0.029456044 
28 79 16 20 0.029367372 
491 96 22 26 0.029270647 
309 44 13 16 0.029253365 
140 27 14 19 0.029178455 
671 496 58 46 0.029156648 
84 60 13 17 0.029128263 
396 269 60 72 0.029101599 
795 394 61 76 0.029099781 
987 1 40 53 0.029075116 
600 18 11 15 0.028656539 
499 3 14 17 0.028597292 
37 126 23 33 0.028593233 
291 27 15 18 0.028550955 
293 11 12 15 0.028435174 
953 327 69 83 0.028431712 
33 376 65 66 0.028309926 
725 298 31 49 0.028292509 
202 11 11 14 0.028252022 
768 30 29 33 0.028241387 
570 106 15 22 0.028216222 
231 0 11 10 0.027998772 
656 2 12 13 0.027993303 
343 19 12 15 0.027896179 
7 44 12 15 0.027814938 
263 354 84 69 0.027813928 
572 149 14 18 0.02759891 
398 0 10 11 0.027527684 
617 276 14 20 0.02751768 
827 77 18 23 0.027467914 
346 191 31 41 0.027184159 
599 1 19 25 0.027037242 
398 193 27 35 0.027016113 
582 171 13 18 0.027011408 
508 30 16 19 0.02699276 
402 5 19 24 0.026938433 
323 64 15 18 0.026928354 
565 148 14 18 0.026734823 
270 30 14 19 0.026703177 
110 43 12 15 0.026571047 
736 0 26 30 0.026516106 
324 26 14 18 0.026475694 
168 106 397 403 0.026467636 
372 71 15 20 0.02640721 
207 0 9 10 0.026311595 
230 15 13 17 0.026285592 
399 5 11 14 0.02628122 
823 201 27 34 0.02613018 
533 108 12 15 0.026089178 
657 50 19 27 0.026088964 
800 253 56 54 0.026064279 
487 60 11 17 0.02594929 
499 11 14 19 0.025903633 
836 453 73 96 0.025862096 
394 55 20 26 0.025785198 
22 5 10 13 0.025702175 
715 -4 21 22 0.025632842 
755 55 23 29 0.025533423 
826 70 40 49 0.025462389 
620 52 19 25 0.025386538 
15 16 10 11 0.025384022 
30 45 11 15 0.025298815 
983 32 30 37 0.025258292 
743 154 28 35 0.025116839 
669 65 14 19 0.025074607 
671 97 21 26 0.025056565 
666 47 20 29 0.025043618 
867 5 26 30 0.025004297 
762 13 28 35 0.024978751 
227 50 14 17 0.024855405 
21 0 11 11 0.024837475 
730 411 25 42 0.02482104 
950 318 41 46 0.024773745 
90 60 14 18 0.024765616 
326 10 13 19 0.024748469 
490 188 16 20 0.024743933 
202 149 14 17 0.02466601 
394 219 30 36 0.024660451 
485 205 28 44 0.024634868 
412 201 17 21 0.02459661 
15 403 74 70 0.024565889 
348 31 21 25 0.02445408 
419 530 114 99 0.024433292 
478 583 39 40 0.024419341 
367 82 26 32 0.024373272 
189 0 10 11 0.02434056 
852 31 29 34 0.024317486 
680 491 36 34 0.024309782 
566 179 13 19 0.02426779 
141 0 10 10 0.02404489 
150 0 11 11 0.024002986 
647 51 13 19 0.023982424 
548 28 13 17 0.023906892 
386 205 87 90 0.023884295 
678 28 13 16 0.023861885 
345 17 20 25 0.023841595 
460 11 13 17 0.023806492 
686 122 17 22 0.0237508 
311 236 44 46 0.023720814 
260 44 13 18 0.023676474 
382 146 27 31 0.023632344 
277 21 11 14 0.023575626 
3 120 25 34 0.023539169 
758 126 26 33 0.023522664 
764 63 26 28 0.023521261 
187 66 15 19 0.023497917 
357 67 15 20 0.023464257 
867 454 59 66 0.023432523 
808 4 27 33 0.02336917 
429 9 21 26 0.023363834 
506 101 17 22 0.023315897 
540 96 16 21 0.023260064 
176 0 11 10 0.02319274 
139 58 13 18 0.023188423 
739 120 17 23 0.023161447 
411 26 11 16 0.02315443 
171 172 11 15 0.023151027 
56 1 12 12 0.023100173 
603 462 51 62 0.023093672 
917 7 19 23 0.022992158 
238 183 16 21 0.022967063 
661 74 14 16 0.022907477 
469 2 14 17 0.022806726 
296 129 24 33 0.022737436 
386 492 105 116 0.02267954 
139 49 15 20 0.022673985 
236 51 15 19 0.022668805 
150 45 12 16 0.02265842 
432 73 27 33 0.022567475 
941 58 46 58 0.022493627 
346 70 20 27 0.022468895 
408 1 11 12 0.022430358 
389 64 20 25 0.02235471 
531 16 13 18 0.022330692 
89 -6 21 21 0.022329874 
281 190 31 38 0.022265872 
612 64 15 22 0.022241758 
5 7 10 12 0.022176113 
93 15 11 14 0.022173628 
904 30 45 55 0.022111928 
329 527 75 79 0.02207242 
14 93 11 14 0.022024369 
486 186 14 17 0.022006564 
634 366 29 36 0.021973182 
725 9 21 28 0.021897035 
309 38 12 14 0.021895885 
345 155 19 23 0.021892106 
535 11 21 26 0.021853983 
371 166 28 32 0.02184575 
747 60 24 31 0.02178048 
302 13 13 16 0.021766325 
497 206 27 35 0.021711579 
79 327 36 46 0.021680718 
36 51 12 16 0.021671673 
346 326 75 55 0.021670774 
6 16 20 24 0.02166951 
395 80 16 21 0.021621697 
541 113 16 20 0.021621626 
538 4 15 20 0.021616472 
695 516 38 42 0.021595953 
322 249 49 58 0.021581223 
663 84 14 15 0.021557983 
401 207 29 37 0.021549625 
399 50 13 18 0.02152737 
491 47 20 28 0.021474527 
968 37 33 45 0.02142175 
583 435 29 32 0.021415237 
357 10 12 14 0.021397986 
292 337 84 62 0.021382507 
285 389 32 46 0.021324845 
43 5 12 13 0.021278312 
440 21 18 22 0.021273155 
377 105 24 28 0.021226622 
842 18 29 32 0.021033831 
566 419 48 45 0.02100513 
887 2 32 32 0.020989103 
269 51 14 19 0.020960204 
947 427 32 52 0.020952994 
163 53 15 19 0.020942789 
572 179 23 28 0.020910889 
810 35 40 49 0.020889696 
198 173 25 31 0.020790959 
540 138 14 19 0.020785788 
110 115 13 18 0.020704085 
801 97 16 21 0.020588584 
472 168 22 26 0.020588372 
150 91 12 15 0.020588316 
810 139 22 29 0.020548867 
341 72 14 19 0.020542305 
828 354 37 42 0.020509647 
721 335 18 25 0.02045251 
564 60 14 19 0.020448497 
631 422 36 37 0.02041395 
246 13 12 15 0.0204009 
522 43 20 28 0.02039121 
103 19 11 15 0.02029652 
114 457 31 50 0.020294737 
519 3 23 24 0.020290015 
215 0 10 10 0.020222038 
426 306 34 40 0.020211479 
487 62 21 27 0.020208526 
614 373 44 50 0.020200128 
681 40 25 30 0.020166885 
733 0 12 14 0.020165712 
829 228 30 36 0.020095397 
643 94 16 21 0.020052796 
698 22 15 20 0.020008404 
