47_Matador_Bullfighter_Matador_Bullfighter_47_631
48
732 83 38 61 0.98598206 
92 48 15 20 0.66917986 
982 66 20 27 0.22072667 
368 46 47 65 0.14223719 
944 0 28 32 0.09751349 
150 54 15 20 0.08873216 
765 3 24 26 0.07467254 
124 -2 17 15 0.07411643 
881 15 17 20 0.07144086 
557 56 18 23 0.067918085 
390 342 232 268 0.06381244 
618 456 119 129 0.05291081 
644 56 15 18 0.045009363 
564 221 373 493 0.043867398 
456 397 142 151 0.040736225 
246 290 56 71 0.0407299 
75 111 17 21 0.040595226 
249 -1 18 19 0.037865125 
156 116 14 18 0.03277657 
725 16 16 22 0.03215766 
782 164 32 33 0.032124393 
69 83 17 22 0.03191226 
383 180 367 417 0.031169321 
516 377 113 143 0.030757993 
125 140 16 22 0.03040631 
974 108 24 28 0.030249668 
649 476 63 74 0.030148385 
358 69 64 68 0.028961567 
571 1 17 20 0.028748933 
165 254 433 479 0.028557418 
581 435 92 132 0.027852256 
496 1 19 21 0.02764499 
693 518 16 21 0.025917623 
368 134 48 42 0.02573623 
518 353 186 254 0.025138086 
84 164 14 18 0.025099061 
611 0 16 20 0.025050292 
234 262 90 117 0.02499372 
661 131 14 18 0.024855314 
29 49 14 19 0.023806958 
201 57 20 22 0.022941235 
342 126 115 123 0.022570116 
802 188 14 16 0.02241903 
179 0 17 18 0.022036972 
251 317 34 43 0.02120117 
289 0 21 18 0.02072641 
792 180 26 27 0.020567575 
689 86 17 22 0.020256868 
