47_Matador_Bullfighter_matadorbullfighting_47_731
1276
424 169 20 22 0.9520079 
577 136 20 24 0.9491721 
679 115 12 15 0.92653733 
326 142 12 16 0.9086643 
835 110 10 12 0.8582639 
64 116 10 13 0.846672 
360 118 9 11 0.835701 
341 5 11 14 0.83281976 
142 77 11 13 0.77471393 
20 135 13 15 0.7728107 
38 124 15 18 0.77086675 
645 119 11 14 0.76012576 
908 133 10 13 0.73636293 
312 19 10 12 0.7345611 
438 129 12 14 0.72425747 
7 116 12 15 0.71263576 
871 112 12 14 0.7121218 
565 121 12 15 0.7081033 
872 93 9 11 0.70690876 
0 147 11 15 0.7018398 
686 59 11 13 0.6883239 
974 34 12 14 0.68304795 
303 135 9 12 0.6675641 
950 111 13 17 0.6575104 
678 90 10 12 0.65527236 
516 70 10 14 0.6464028 
1014 86 8 12 0.6264644 
600 115 12 16 0.626426 
922 87 11 15 0.622372 
536 108 10 13 0.6036486 
924 46 10 13 0.5916637 
523 126 11 13 0.59042716 
774 9 10 11 0.582047 
308 76 10 13 0.58169615 
403 32 11 12 0.579194 
183 91 8 11 0.57794493 
853 95 10 12 0.5675002 
996 127 14 16 0.5646749 
397 62 9 12 0.55258507 
205 79 9 11 0.5520634 
99 87 11 13 0.55069053 
913 109 11 14 0.5425456 
767 100 10 12 0.52588606 
961 72 11 14 0.52419657 
59 22 11 12 0.52393115 
986 106 12 15 0.52122915 
86 100 11 13 0.51863456 
494 63 10 12 0.5169265 
103 135 11 13 0.51364076 
628 111 10 14 0.513063 
141 12 10 12 0.50652725 
720 135 11 13 0.50420904 
540 108 11 14 0.5026418 
476 70 10 12 0.4970407 
908 58 10 13 0.49491203 
611 47 10 13 0.49066535 
717 48 9 12 0.4861999 
388 147 12 15 0.48514968 
830 54 8 10 0.48343077 
973 139 13 15 0.47988394 
158 144 7 10 0.4612434 
838 86 10 13 0.45810854 
454 120 10 12 0.45243198 
752 85 10 13 0.44984087 
85 23 9 11 0.44903204 
144 133 9 12 0.44800454 
556 64 10 11 0.4472179 
501 137 14 18 0.4404689 
947 45 11 13 0.4394604 
969 90 12 15 0.43124753 
622 129 12 15 0.4217317 
83 124 11 13 0.41778183 
757 70 10 12 0.4116346 
587 86 11 14 0.41075623 
30 78 9 10 0.40995625 
495 109 13 15 0.4092535 
641 92 10 12 0.40814725 
445 67 9 12 0.40791044 
776 64 9 11 0.4013722 
905 85 12 13 0.3970363 
121 150 12 13 0.39105576 
403 133 12 15 0.3862538 
944 52 11 14 0.385102 
375 95 11 13 0.38014418 
693 39 8 11 0.3634916 
103 120 9 11 0.36121705 
461 146 11 13 0.35945556 
67 94 10 12 0.35588914 
252 7 9 11 0.35540897 
598 60 10 12 0.35022292 
888 103 10 13 0.35005933 
664 39 12 15 0.34921017 
559 81 11 14 0.347876 
602 20 9 11 0.3474115 
478 84 9 12 0.34645012 
917 40 10 12 0.3454667 
855 55 10 13 0.34148705 
113 12 9 13 0.34096128 
287 86 9 11 0.33505496 
913 39 9 12 0.3347579 
637 40 10 12 0.33101094 
282 103 8 10 0.3289826 
406 109 11 13 0.3279289 
126 103 8 11 0.32168987 
976 5 10 11 0.31798765 
911 13 9 11 0.31779727 
303 93 9 13 0.31778622 
15 87 10 12 0.3170138 
782 81 10 11 0.31485176 
883 127 11 14 0.31451136 
166 124 8 11 0.3119669 
502 43 12 14 0.3110298 
324 4 10 12 0.310974 
644 149 11 13 0.310272 
535 134 10 12 0.30987355 
1005 5 9 11 0.30560493 
415 102 10 12 0.30539358 
83 133 11 14 0.30311555 
873 62 9 11 0.30268046 
708 128 10 13 0.30107695 
640 24 10 12 0.29562432 
712 40 8 10 0.29401448 
71 149 12 15 0.29346305 
543 77 10 12 0.29181066 
269 86 8 11 0.287738 
152 102 9 11 0.28270698 
713 78 10 12 0.2808045 
29 153 12 14 0.2786571 
512 7 8 11 0.27841944 
653 14 9 11 0.2717345 
617 24 9 12 0.2716016 
455 142 11 14 0.27054948 
467 177 12 15 0.26846054 
684 155 10 14 0.26676792 
107 140 9 12 0.2659884 
536 5 10 12 0.26555303 
791 186 15 17 0.2615361 
767 30 9 10 0.25622493 
334 162 12 14 0.25387007 
341 87 10 12 0.25370052 
801 116 9 11 0.2534033 
649 63 8 10 0.24964811 
191 141 8 11 0.24904485 
111 79 9 11 0.24780585 
544 114 10 14 0.24681368 
17 91 10 13 0.24680941 
713 109 9 12 0.24653758 
673 91 9 12 0.24350674 
360 12 11 12 0.2410494 
969 51 10 13 0.24007003 
789 29 9 10 0.23831189 
12 170 13 15 0.23823722 
801 79 8 11 0.23370597 
164 6 10 12 0.23357609 
209 102 9 11 0.23329048 
167 160 8 9 0.23182522 
230 93 8 10 0.23170753 
447 7 9 10 0.23030287 
51 82 10 13 0.22768742 
1013 51 9 13 0.2269116 
582 56 8 10 0.22648968 
230 117 7 11 0.22551806 
740 60 10 12 0.22055398 
199 85 8 10 0.2200089 
253 84 9 12 0.21971433 
761 39 8 10 0.21726525 
742 32 8 11 0.21557826 
344 103 11 12 0.21414757 
736 55 9 12 0.21076639 
408 164 13 16 0.21022238 
279 144 10 13 0.20993645 
265 135 8 11 0.20795801 
786 24 8 11 0.20520836 
947 39 11 12 0.20334011 
831 128 10 12 0.20083703 
903 77 12 14 0.20077015 
247 55 8 10 0.2002833 
224 89 9 10 0.19983625 
694 23 11 13 0.19963922 
604 15 9 11 0.19736943 
973 46 10 13 0.19726059 
581 6 9 11 0.19706419 
598 110 11 16 0.19648598 
246 129 10 11 0.19576326 
952 15 9 12 0.19504255 
871 33 8 10 0.19347988 
726 103 9 11 0.19337828 
110 105 9 11 0.19184645 
506 227 16 19 0.19132598 
83 79 11 13 0.18561307 
888 53 9 12 0.18528125 
183 71 8 10 0.18347868 
60 63 9 10 0.17927206 
167 79 9 11 0.17852864 
818 63 7 10 0.17842981 
411 155 12 15 0.17783518 
806 93 8 11 0.17708673 
818 158 9 11 0.17669566 
988 78 12 14 0.17655888 
568 63 9 11 0.1748176 
0 80 7 11 0.17440437 
709 64 8 11 0.17367457 
583 61 8 11 0.17298451 
837 28 8 11 0.17295326 
758 91 9 12 0.17239444 
780 140 11 13 0.1702678 
523 149 11 15 0.17020991 
136 7 10 13 0.16951187 
101 79 10 12 0.16905181 
336 117 9 11 0.16842191 
825 30 7 10 0.16765848 
332 77 11 12 0.1664676 
805 8 9 10 0.16528134 
47 36 10 14 0.16460146 
504 52 10 12 0.16100109 
95 153 10 12 0.160064 
477 78 10 12 0.1590771 
983 64 10 12 0.15851961 
393 92 9 11 0.15772246 
848 46 7 9 0.15760434 
102 125 12 15 0.15582481 
736 30 10 13 0.15580134 
591 108 11 12 0.15567979 
366 154 13 15 0.15510115 
979 31 11 13 0.15498696 
864 76 8 11 0.15427868 
262 69 9 11 0.15243934 
45 7 11 13 0.15233356 
647 40 10 12 0.15203129 
767 56 8 9 0.15007372 
958 150 13 16 0.1500486 
303 4 10 11 0.14921713 
725 70 8 11 0.14731687 
663 64 9 11 0.14598478 
452 101 11 13 0.14583586 
440 64 10 12 0.14557716 
596 103 10 12 0.14491022 
23 1 9 10 0.14309151 
628 79 10 13 0.14279777 
558 15 8 11 0.14273722 
545 43 10 13 0.14238042 
809 31 8 10 0.14151095 
0 6 8 12 0.14149386 
767 126 10 13 0.14131296 
480 110 10 13 0.14046429 
441 109 10 13 0.13935919 
174 104 7 10 0.13897629 
59 175 10 12 0.1388911 
273 8 8 11 0.13762066 
349 109 9 11 0.1372005 
650 6 9 11 0.13687281 
726 13 8 11 0.13524057 
182 5 9 12 0.1350277 
970 29 11 14 0.13490017 
33 96 10 13 0.13433944 
296 119 9 11 0.13401458 
751 47 8 11 0.13287644 
342 91 12 13 0.1314413 
660 135 11 14 0.12969509 
69 155 12 14 0.12954034 
878 53 10 12 0.12917578 
496 104 11 12 0.12905176 
62 1 8 9 0.12904888 
129 6 9 11 0.12897766 
912 9 8 10 0.12881227 
444 125 11 15 0.12631525 
481 48 9 12 0.12577431 
878 6 8 10 0.12568563 
861 128 11 13 0.12494863 
644 22 11 12 0.124289356 
943 59 11 12 0.124014676 
626 7 8 10 0.12387181 
537 54 9 12 0.123223305 
445 108 10 13 0.12243635 
265 91 11 14 0.119920634 
24 23 9 12 0.11917181 
177 4 9 12 0.118409954 
199 135 7 10 0.117885575 
653 63 9 11 0.11779282 
153 142 9 10 0.11738483 
801 54 8 11 0.117036775 
485 111 10 13 0.11647998 
561 37 9 12 0.11614885 
440 6 9 11 0.11569516 
72 68 9 11 0.1156422 
632 55 9 11 0.11512336 
952 92 11 12 0.11438429 
329 72 10 12 0.1143545 
391 71 9 11 0.11345695 
226 71 9 11 0.112218775 
329 110 9 12 0.11171986 
214 153 8 11 0.11167768 
531 182 11 13 0.111347556 
863 16 8 10 0.1108277 
718 109 9 12 0.10994016 
823 62 9 11 0.10917198 
170 103 8 10 0.10840747 
770 7 9 11 0.10830452 
752 32 7 9 0.10782813 
783 14 9 11 0.10781209 
719 70 11 13 0.10769874 
407 79 9 11 0.10689427 
208 96 9 11 0.10680494 
157 101 8 10 0.10663977 
62 27 10 12 0.10437268 
230 112 7 10 0.104047805 
816 188 10 12 0.10402598 
430 107 10 13 0.103905514 
477 64 10 12 0.10313272 
917 13 8 11 0.10303785 
836 23 8 11 0.10238897 
40 13 11 13 0.10211249 
198 165 10 13 0.10101319 
711 68 9 12 0.09982812 
363 163 15 17 0.09963394 
297 92 8 11 0.09955867 
57 16 10 13 0.09928402 
665 22 9 11 0.098658845 
703 16 8 11 0.09828749 
743 8 7 10 0.09827028 
421 94 9 11 0.097955495 
921 69 10 13 0.09781555 
124 144 9 11 0.09725722 
544 150 12 15 0.09717719 
191 10 9 12 0.09708492 
943 0 8 9 0.09678945 
631 61 9 10 0.096599504 
232 136 9 12 0.09608464 
233 103 7 9 0.0959114 
78 142 11 13 0.09528968 
541 55 11 13 0.09473572 
348 5 9 11 0.09456752 
801 84 9 12 0.09424413 
1014 148 8 13 0.09354465 
768 25 8 10 0.09345689 
721 14 9 11 0.09316535 
1015 62 9 12 0.09280052 
782 45 8 10 0.092416175 
756 64 10 11 0.0921343 
855 89 9 11 0.092102595 
879 31 9 11 0.09192619 
744 12 8 11 0.091817945 
333 111 10 12 0.091816925 
517 8 8 10 0.09073383 
654 43 10 12 0.0897969 
464 95 8 11 0.08976008 
385 35 9 12 0.08918716 
607 86 9 12 0.08907121 
97 5 9 11 0.08898762 
865 36 10 12 0.08895812 
503 86 8 11 0.08892468 
664 92 9 11 0.08874499 
815 14 8 10 0.08826949 
264 99 9 12 0.0878755 
20 128 12 14 0.087608956 
177 87 9 11 0.087481685 
199 161 8 11 0.08710233 
375 12 9 12 0.086931005 
184 116 8 10 0.08573294 
391 6 10 11 0.08558228 
217 14 10 12 0.08537889 
413 77 10 12 0.08509086 
777 44 9 11 0.08508461 
177 133 9 11 0.0847839 
692 56 10 12 0.08448355 
695 92 8 10 0.08415609 
582 45 8 10 0.083982214 
735 13 8 11 0.08390677 
990 53 10 12 0.08381068 
710 104 10 14 0.08332426 
193 136 9 11 0.0827587 
753 23 9 10 0.08260329 
720 7 9 11 0.082182616 
381 79 10 12 0.08199185 
590 6 8 9 0.08194219 
142 139 9 12 0.08155757 
747 232 94 82 0.081475765 
642 28 11 12 0.08094451 
232 7 9 11 0.08088533 
69 164 11 12 0.08060658 
144 111 9 11 0.08038346 
149 158 9 11 0.08003071 
399 87 9 11 0.079962835 
161 120 8 11 0.07962913 
634 45 10 12 0.07954643 
264 139 9 11 0.07919315 
177 128 8 10 0.078954466 
856 15 7 10 0.07888204 
834 16 7 9 0.07811242 
824 70 9 11 0.07785161 
225 112 8 11 0.07735851 
807 54 7 10 0.07703224 
353 72 9 11 0.07691246 
836 105 11 12 0.07663321 
637 54 11 13 0.07528677 
160 84 9 11 0.075283684 
46 32 10 11 0.07379384 
903 128 12 15 0.072920606 
841 143 9 12 0.07261946 
577 39 9 12 0.07193027 
905 37 9 12 0.071779475 
753 128 7 11 0.07166771 
358 71 9 11 0.07129522 
622 103 11 13 0.07090222 
737 8 9 11 0.07088114 
406 186 12 14 0.0708478 
950 101 14 17 0.070506796 
970 166 15 19 0.07014609 
842 149 9 11 0.07014107 
863 151 10 13 0.06999614 
623 96 10 11 0.06996934 
143 116 8 10 0.06988769 
310 111 9 12 0.06980305 
720 63 9 11 0.06979611 
150 108 9 12 0.06978279 
340 117 9 13 0.06971508 
365 111 10 13 0.069678456 
671 109 11 14 0.06941142 
287 80 9 11 0.06920281 
510 170 13 16 0.06903452 
685 87 10 12 0.06896493 
393 13 10 12 0.06895592 
115 79 10 12 0.06863753 
578 11 9 12 0.0685 
14 80 9 12 0.06841771 
200 6 9 12 0.06836272 
871 47 8 11 0.06827813 
408 149 13 15 0.06820831 
568 22 8 10 0.06812501 
556 136 13 15 0.06809679 
157 96 9 11 0.06804232 
574 60 8 11 0.06765466 
496 95 10 12 0.06747444 
518 153 13 16 0.06706297 
208 73 9 10 0.06685561 
10 70 9 10 0.066660576 
98 134 9 12 0.06638461 
655 78 9 11 0.066360764 
423 108 9 12 0.06616458 
218 134 8 11 0.06610892 
765 38 8 10 0.06596811 
919 78 12 16 0.06595491 
793 128 8 11 0.065499425 
42 119 13 15 0.06538195 
174 108 9 11 0.065254025 
850 21 8 11 0.06513743 
846 151 9 11 0.06494552 
204 5 9 11 0.06453593 
674 115 12 15 0.06418545 
567 56 9 11 0.06416211 
55 3 10 13 0.06415671 
858 131 9 12 0.06344674 
807 12 8 10 0.063431926 
1014 69 9 13 0.06312861 
829 71 9 11 0.06310098 
850 157 9 11 0.063086376 
136 117 8 11 0.063080415 
15 5 9 10 0.063061304 
30 83 11 13 0.06304314 
1006 78 10 13 0.06277652 
62 45 9 12 0.06220654 
479 290 63 62 0.06191885 
815 55 7 10 0.061374146 
982 95 12 14 0.06135118 
713 20 8 11 0.060789812 
463 84 9 11 0.060456026 
408 104 10 13 0.060394034 
905 30 9 11 0.060368374 
577 57 8 11 0.060160656 
792 70 8 10 0.06012266 
256 71 10 12 0.059974395 
720 129 10 12 0.059902444 
37 98 12 14 0.05953662 
376 7 9 11 0.059328675 
510 157 12 17 0.059071448 
575 23 8 10 0.058672782 
687 42 10 12 0.058555882 
12 111 10 14 0.058430858 
270 118 8 9 0.058271155 
905 22 9 11 0.05793224 
161 80 9 11 0.057926774 
497 39 11 13 0.057888616 
728 31 10 12 0.05785704 
494 8 9 11 0.057842236 
316 15 11 13 0.057667498 
807 72 9 10 0.057517286 
143 150 9 12 0.057021048 
181 129 9 10 0.056955498 
250 10 9 12 0.05684624 
761 119 7 9 0.05678635 
212 71 8 10 0.05674613 
454 96 9 12 0.056446634 
802 111 10 12 0.05624624 
534 87 9 12 0.056217305 
104 108 10 11 0.056122635 
713 6 8 9 0.055511963 
596 138 13 16 0.055238094 
574 29 8 10 0.055230808 
925 64 9 11 0.055161066 
816 68 9 11 0.05506431 
819 162 12 15 0.05491288 
71 12 9 12 0.054857105 
412 54 10 13 0.05480998 
367 20 8 10 0.05472562 
270 80 8 11 0.05455072 
473 76 10 13 0.054211404 
558 20 9 11 0.05412621 
825 47 8 10 0.05405609 
293 87 10 13 0.054021787 
106 103 9 12 0.054014646 
752 53 7 10 0.05396333 
302 117 9 12 0.053938758 
552 21 10 12 0.053768028 
856 152 9 12 0.053595398 
364 7 10 12 0.053583678 
831 50 8 9 0.053297438 
136 111 8 11 0.053268205 
402 80 8 10 0.053143945 
206 120 8 10 0.052989803 
903 72 10 12 0.05291841 
285 107 8 11 0.052831307 
736 24 8 10 0.05254168 
448 95 9 11 0.05252789 
776 150 11 13 0.052405823 
338 90 10 13 0.052117318 
791 54 8 10 0.052071754 
751 79 11 13 0.05169728 
574 78 9 12 0.051631033 
917 8 9 11 0.0513535 
390 1 10 11 0.051336277 
512 64 9 12 0.05126255 
48 62 8 11 0.05091415 
823 153 9 11 0.05091275 
147 78 10 13 0.05038164 
128 11 9 12 0.050351992 
288 13 9 10 0.05027068 
81 82 9 12 0.050253183 
640 60 8 10 0.05014851 
317 30 10 11 0.04999616 
213 174 10 11 0.049897578 
719 20 8 10 0.049882375 
530 108 10 14 0.04987849 
832 28 9 11 0.049787436 
161 10 9 12 0.049779333 
845 6 8 10 0.049772013 
633 23 8 11 0.04975421 
690 7 8 10 0.04953262 
842 2 7 8 0.049415816 
976 11 10 12 0.049241647 
805 86 9 11 0.048964955 
194 88 8 10 0.048929732 
677 14 9 11 0.048697617 
501 92 10 12 0.048628718 
792 48 7 9 0.048534594 
209 156 9 12 0.048518244 
264 152 9 11 0.048446346 
499 59 11 14 0.048419707 
625 61 9 11 0.048358645 
968 23 9 11 0.048336357 
20 87 10 13 0.0482863 
276 6 10 12 0.048231848 
403 125 14 18 0.048122372 
272 112 8 10 0.048082683 
768 77 8 11 0.0480606 
496 56 10 11 0.04790866 
781 40 9 10 0.047848213 
849 54 9 11 0.047763854 
452 108 12 13 0.047742832 
730 36 9 11 0.047729544 
656 68 9 11 0.047704574 
191 174 12 14 0.047696073 
752 38 8 9 0.047584917 
906 15 9 11 0.04749633 
218 129 7 10 0.04748418 
445 48 9 11 0.047474645 
840 48 8 9 0.04742079 
417 96 10 12 0.047161665 
169 153 8 11 0.047070898 
769 61 8 12 0.047070403 
460 154 13 17 0.04700713 
335 103 9 11 0.047000587 
678 79 9 11 0.046931792 
826 127 9 11 0.046909884 
998 78 10 13 0.04676535 
7 22 10 14 0.046587296 
406 4 8 10 0.046504956 
565 78 10 13 0.0464871 
153 97 9 11 0.046379264 
678 68 11 13 0.046332274 
59 115 10 13 0.04626425 
293 70 9 11 0.04621902 
584 67 9 12 0.045972805 
151 151 9 11 0.045873538 
889 15 7 10 0.045709115 
838 54 7 11 0.045686975 
491 163 15 17 0.045581006 
631 70 10 11 0.045525976 
746 85 8 11 0.045521084 
453 6 9 10 0.045477565 
773 95 9 13 0.04536272 
48 196 13 14 0.04533775 
524 118 13 16 0.045333125 
0 182 10 15 0.045311846 
448 117 10 14 0.045234017 
604 133 10 13 0.0451303 
16 1 10 10 0.045082487 
848 16 9 10 0.044991903 
888 22 8 10 0.044873893 
600 28 10 12 0.04465113 
65 151 10 13 0.044596177 
549 56 10 12 0.044468902 
614 93 8 10 0.044275723 
789 16 9 11 0.044205647 
629 12 9 11 0.04400634 
816 47 7 10 0.043883964 
532 127 12 14 0.043765742 
119 109 9 10 0.04374923 
377 84 11 14 0.043694597 
350 1 9 10 0.043629557 
79 43 9 12 0.04353614 
654 18 10 12 0.043525297 
731 225 78 65 0.043519825 
781 68 9 10 0.04348647 
186 141 8 11 0.043169413 
505 6 9 11 0.04316857 
128 119 8 11 0.04316473 
489 9 8 10 0.04311357 
439 54 9 11 0.043113302 
845 1 8 8 0.043081187 
362 157 10 13 0.043064833 
568 29 10 13 0.04282503 
805 123 9 12 0.04281528 
454 162 13 17 0.042806406 
4 152 13 15 0.042685922 
478 91 10 13 0.042642392 
397 92 9 11 0.042582788 
840 6 8 10 0.042542115 
815 88 8 11 0.042076837 
704 45 9 12 0.041908 
559 109 10 14 0.041892916 
951 6 9 11 0.041891642 
81 95 9 12 0.04186565 
810 37 8 10 0.041844614 
726 2 8 8 0.04174226 
815 39 8 9 0.041741937 
228 45 9 11 0.041735396 
184 76 8 10 0.041707553 
304 86 10 14 0.041707035 
620 27 10 13 0.04156063 
326 162 13 16 0.041411113 
750 15 9 11 0.0413952 
160 60 9 12 0.041215695 
272 55 9 10 0.041190755 
757 22 9 11 0.04104512 
144 165 12 14 0.04104393 
70 36 9 12 0.04102166 
439 2 8 9 0.040975247 
280 86 9 11 0.04095851 
498 197 24 27 0.040921047 
644 88 10 12 0.040668212 
846 186 11 13 0.04065377 
703 54 9 11 0.04059039 
761 6 8 10 0.040557582 
31 117 11 14 0.040477682 
118 53 9 11 0.040451676 
802 12 8 11 0.04039519 
735 48 8 10 0.040354744 
398 56 9 12 0.040354062 
240 133 10 13 0.040201362 
72 144 11 13 0.040108822 
594 55 10 12 0.040034745 
2 116 10 15 0.039841786 
792 38 8 10 0.039833065 
761 112 8 10 0.039692253 
801 93 10 12 0.039561406 
694 6 8 11 0.039525505 
837 133 8 10 0.039302208 
390 76 9 11 0.03920114 
195 169 13 16 0.039192565 
586 109 10 12 0.039149404 
319 162 12 14 0.038919505 
665 109 9 12 0.03889893 
711 115 10 13 0.038895506 
725 63 8 11 0.03887977 
250 79 9 12 0.0387636 
691 22 10 11 0.03874234 
6 62 10 13 0.03873286 
966 61 11 13 0.03864625 
836 127 9 12 0.038575158 
856 8 7 8 0.038483832 
169 108 9 11 0.038473688 
70 8 9 11 0.038468838 
445 86 10 11 0.03843192 
570 123 13 17 0.038419433 
192 147 9 11 0.03833462 
798 261 38 48 0.038312495 
28 158 14 17 0.038292255 
824 76 9 12 0.038283136 
772 127 9 10 0.038263313 
943 15 10 12 0.038236395 
937 0 10 9 0.038182933 
256 118 8 11 0.03812948 
584 1 8 10 0.03807223 
29 132 12 15 0.038062744 
149 128 8 10 0.03791732 
5 6 9 11 0.03790084 
879 2 9 9 0.03782087 
552 27 9 13 0.037819397 
121 102 9 12 0.03770186 
909 20 9 12 0.03764586 
181 133 10 13 0.0376429 
713 141 11 12 0.03762454 
625 55 8 12 0.037513793 
93 60 10 12 0.03751224 
68 31 10 12 0.037372336 
264 65 9 11 0.037338886 
214 94 9 11 0.037202176 
974 62 10 13 0.037166644 
830 59 8 11 0.03714271 
484 53 9 11 0.037127614 
558 31 10 12 0.037103225 
602 121 12 16 0.03708747 
759 32 8 10 0.03708327 
861 54 8 11 0.037061907 
64 99 11 14 0.03696819 
833 174 8 11 0.03695715 
800 150 10 12 0.03693874 
102 5 9 11 0.03686857 
605 8 9 10 0.03680706 
892 106 10 12 0.03678134 
318 72 9 11 0.03653913 
951 194 12 14 0.03651448 
758 15 8 10 0.036417857 
681 55 10 12 0.03641734 
95 175 9 11 0.036310464 
86 174 12 13 0.0363033 
869 88 19 23 0.036284797 
942 20 10 12 0.036207985 
242 55 9 11 0.036197055 
209 107 7 10 0.035992544 
873 55 9 12 0.035704736 
773 30 8 10 0.035647493 
151 84 9 11 0.035548877 
214 168 10 12 0.035539735 
4 189 10 14 0.03553232 
700 21 10 12 0.0354987 
200 128 8 9 0.035474434 
439 104 9 12 0.035452448 
924 149 12 15 0.035416268 
433 131 11 13 0.03537052 
2 195 12 15 0.035327513 
958 4 10 11 0.035327315 
777 135 9 11 0.03530459 
358 113 17 22 0.035250276 
782 90 11 13 0.035162196 
223 39 9 10 0.03515099 
222 134 9 11 0.035122167 
504 2 9 10 0.035055086 
138 142 9 11 0.03502837 
1008 71 10 12 0.03501104 
771 3 18 22 0.03494956 
490 63 9 11 0.034918003 
979 144 13 16 0.03452683 
547 111 11 14 0.034244157 
909 31 9 11 0.033966508 
86 149 9 12 0.033934068 
263 79 10 12 0.033911552 
25 149 12 14 0.033908132 
237 13 9 10 0.03389671 
354 116 9 12 0.033876378 
589 79 11 14 0.03387515 
984 82 11 14 0.033867445 
886 37 9 10 0.033807598 
504 307 31 30 0.033791278 
479 39 8 11 0.033766054 
776 79 9 12 0.033740588 
147 103 8 11 0.03371984 
694 43 9 11 0.033710603 
804 100 10 12 0.033587385 
760 144 10 11 0.0335741 
943 4 10 11 0.033528756 
857 173 9 11 0.033292525 
241 127 9 11 0.03309616 
902 100 11 13 0.033007264 
232 125 8 11 0.033006668 
772 266 67 60 0.032794546 
462 6 9 9 0.032746945 
907 90 11 15 0.03274087 
42 20 9 11 0.032733615 
222 169 11 12 0.032713555 
349 173 11 14 0.03270096 
497 85 10 12 0.032661438 
826 25 8 10 0.03263154 
864 0 7 7 0.032627627 
528 103 10 13 0.032530025 
766 150 10 11 0.03249431 
872 66 9 13 0.03248414 
895 86 10 12 0.032431133 
797 173 13 13 0.03242807 
640 6 8 11 0.03239026 
591 2 7 9 0.032312572 
62 68 10 11 0.032254238 
866 155 10 12 0.032159727 
878 140 11 13 0.03204678 
980 1 9 10 0.032021858 
667 138 12 16 0.03201988 
1002 2 10 11 0.031912465 
31 198 12 15 0.031896822 
799 124 10 12 0.031778026 
82 26 10 13 0.03168657 
637 71 9 11 0.031651612 
1015 153 9 14 0.03163118 
253 166 11 14 0.031589653 
178 93 8 10 0.031537417 
461 134 12 14 0.031491213 
197 150 9 11 0.031482555 
529 92 10 12 0.031473726 
368 30 10 12 0.031442508 
957 19 10 13 0.031417586 
864 166 10 13 0.031415183 
66 111 12 14 0.031398125 
662 146 11 14 0.031352155 
73 172 10 12 0.031241912 
815 153 10 12 0.031119607 
766 120 8 10 0.031102082 
945 114 13 16 0.031092234 
433 61 10 14 0.031081121 
63 37 10 12 0.031029375 
997 118 14 17 0.030981155 
799 103 11 12 0.030944455 
602 138 13 16 0.030866113 
887 149 12 14 0.030861286 
695 0 7 9 0.030716939 
671 104 10 12 0.030691536 
447 2 10 10 0.030662574 
372 140 11 14 0.030645981 
766 1 8 8 0.030636597 
281 95 8 11 0.030624395 
800 141 10 12 0.030573398 
172 79 9 10 0.030540586 
815 32 7 10 0.030525526 
799 48 7 10 0.030514335 
967 1 9 10 0.03050266 
766 46 8 10 0.030479752 
55 178 11 12 0.030458838 
714 51 9 12 0.030436916 
654 55 9 11 0.030372253 
543 29 9 11 0.030362582 
977 134 14 17 0.030277694 
672 124 10 12 0.030208413 
160 55 8 11 0.030077675 
799 23 8 10 0.0300641 
712 32 7 10 0.030056413 
893 22 9 11 0.03004428 
761 1 8 9 0.030036645 
102 175 10 12 0.029916914 
564 103 11 13 0.029883875 
562 44 9 12 0.029873036 
431 6 9 10 0.029866438 
871 100 12 14 0.029748572 
120 135 8 11 0.029715927 
648 66 9 12 0.029710392 
239 151 10 11 0.029698005 
216 31 9 12 0.0296753 
612 87 10 12 0.029670743 
645 112 11 14 0.029638525 
177 180 9 10 0.029619236 
309 16 18 21 0.02961481 
793 102 8 12 0.029597644 
659 570 27 31 0.02942204 
116 6 10 13 0.029408114 
717 83 9 11 0.029340828 
384 6 8 10 0.029331693 
3 179 14 16 0.029302897 
220 19 10 12 0.029293813 
745 233 43 45 0.029284362 
223 128 8 10 0.029262912 
774 24 8 10 0.029149398 
305 14 10 13 0.029146446 
780 8 9 11 0.029039113 
102 72 11 13 0.029028153 
150 6 9 12 0.029026106 
1012 79 17 25 0.028996764 
416 165 20 25 0.028992124 
591 14 8 10 0.028955346 
800 72 8 11 0.028867243 
840 39 8 10 0.028829437 
308 84 10 13 0.028824998 
221 6 9 11 0.028794706 
801 2 8 9 0.028763812 
14 124 11 14 0.028757172 
392 19 11 13 0.028733922 
61 54 10 11 0.028724216 
201 119 8 10 0.028696707 
601 7 8 10 0.028645676 
15 98 11 14 0.028639887 
908 147 13 15 0.028639803 
26 140 12 14 0.028578855 
336 2 11 12 0.028535202 
191 113 9 10 0.02852657 
832 105 17 21 0.028495567 
854 21 8 10 0.028454134 
583 80 10 12 0.028443683 
608 40 10 12 0.028387876 
599 79 10 13 0.02837133 
918 150 12 14 0.028351307 
276 12 9 11 0.028339613 
95 71 10 12 0.028333072 
566 16 8 11 0.02830914 
239 119 9 11 0.028301416 
248 2 8 10 0.028288674 
233 11 9 12 0.028263258 
849 97 10 14 0.028257782 
894 14 8 11 0.02825242 
128 96 8 10 0.028252337 
792 64 8 10 0.028225565 
416 4 9 10 0.028224582 
951 71 10 12 0.028200645 
845 87 10 11 0.028182102 
440 48 9 11 0.028151525 
820 189 10 12 0.028041141 
457 138 17 21 0.028020855 
584 81 17 22 0.028007844 
13 15 9 10 0.028002497 
920 64 9 11 0.027990265 
838 173 8 9 0.027971625 
915 36 17 21 0.027958637 
39 110 12 14 0.027951846 
511 106 11 15 0.027943721 
702 159 9 12 0.027931685 
69 87 11 12 0.027929086 
605 62 9 12 0.02789967 
392 55 9 12 0.027875703 
766 107 10 12 0.027807295 
647 57 9 12 0.027803248 
712 147 10 13 0.027801564 
598 65 12 15 0.027780918 
704 40 8 10 0.02767072 
679 163 12 15 0.027643142 
86 17 10 11 0.027630892 
518 65 10 13 0.027615894 
44 109 12 13 0.027611874 
689 13 9 11 0.02759805 
967 16 9 11 0.027575916 
495 28 10 12 0.027575715 
760 125 9 12 0.027553525 
263 110 8 10 0.027546627 
294 14 9 10 0.027513143 
525 62 10 12 0.027510324 
445 285 110 96 0.02750421 
825 110 9 11 0.027457828 
199 110 7 10 0.02743666 
46 181 10 11 0.02743176 
563 109 14 17 0.02736855 
786 54 8 9 0.027359443 
390 31 9 12 0.02734906 
934 77 11 13 0.027308218 
795 109 8 12 0.027288055 
705 103 10 12 0.027229946 
877 124 19 23 0.027227137 
431 141 10 12 0.02719575 
160 175 9 11 0.027181081 
47 68 8 10 0.027177818 
948 30 11 14 0.027162073 
176 141 9 11 0.0271441 
360 170 13 16 0.027132034 
424 4 8 10 0.027086472 
216 88 9 10 0.027047614 
272 62 9 11 0.027026009 
78 14 10 13 0.02701599 
365 71 8 9 0.026968598 
663 29 11 14 0.026963023 
397 5 10 11 0.026909001 
855 182 10 13 0.026877426 
7 1 8 9 0.02685011 
974 97 12 15 0.026805867 
309 1 10 11 0.026716871 
70 196 13 15 0.026671264 
405 59 11 13 0.026597356 
759 44 9 10 0.02657429 
831 78 9 11 0.026558371 
182 65 9 10 0.026545571 
373 110 11 13 0.026532428 
648 2 10 10 0.026508003 
695 16 9 11 0.026471304 
599 93 10 12 0.026415247 
43 99 12 14 0.026391614 
77 62 9 12 0.026371874 
496 77 10 13 0.026320355 
405 84 10 12 0.02629244 
807 173 9 12 0.026204683 
215 109 8 10 0.026173407 
896 76 10 13 0.026130332 
753 65 19 22 0.026123947 
864 47 9 11 0.02610349 
0 110 10 14 0.026093476 
829 158 9 10 0.025953233 
137 147 10 13 0.025946869 
52 38 10 13 0.025930833 
663 127 9 11 0.025929907 
295 23 9 12 0.02582754 
825 117 9 10 0.025816167 
263 6 8 11 0.025813615 
689 30 11 14 0.025768863 
679 151 18 23 0.025675114 
958 84 11 14 0.02566703 
56 66 10 13 0.025654063 
860 142 11 13 0.02561614 
652 125 10 13 0.025587562 
615 15 8 11 0.02557682 
624 106 18 22 0.025574835 
660 76 10 12 0.025571143 
200 62 9 10 0.025537087 
816 109 9 11 0.025499301 
640 15 8 11 0.025459893 
264 118 9 11 0.025449716 
527 14 8 10 0.025409117 
56 44 10 12 0.025404073 
895 8 8 10 0.02540312 
449 141 9 12 0.025364839 
13 156 11 13 0.025320552 
649 79 8 10 0.025318153 
671 70 9 11 0.025298515 
987 60 11 13 0.025298288 
705 67 10 12 0.025267074 
805 2 8 9 0.025202598 
480 103 10 12 0.02514338 
380 100 8 11 0.025053283 
431 2 9 9 0.02505266 
287 8 9 10 0.025052447 
278 62 8 10 0.025044737 
118 47 9 11 0.025029313 
1003 114 15 17 0.025013825 
807 24 9 10 0.024953544 
39 85 10 12 0.024946721 
373 30 10 12 0.024841076 
704 78 10 12 0.024822492 
225 65 8 11 0.024796857 
168 96 8 11 0.024780627 
617 1 9 9 0.024705166 
301 129 18 23 0.024683703 
502 79 9 11 0.02464392 
800 61 8 10 0.02464068 
140 73 17 22 0.024638789 
207 64 8 10 0.024612507 
41 28 9 11 0.024611909 
470 94 10 12 0.024597093 
295 112 9 11 0.024590818 
22 109 10 12 0.024584895 
159 136 10 11 0.02458288 
7 13 9 11 0.024570258 
53 141 12 14 0.024567852 
424 87 9 12 0.024550559 
348 86 10 13 0.024545733 
717 130 18 22 0.024535125 
272 45 8 11 0.024533113 
118 20 9 11 0.024507625 
159 70 9 11 0.024422944 
338 10 10 12 0.02441559 
151 117 9 11 0.024377072 
28 1 9 10 0.024339423 
733 156 9 12 0.024320636 
238 7 9 10 0.024270281 
806 189 11 13 0.02424664 
319 35 10 12 0.02424565 
396 148 11 15 0.024242971 
617 130 11 15 0.024226934 
822 183 9 11 0.024172723 
264 127 9 11 0.024146771 
137 4 18 22 0.024140388 
894 47 9 12 0.02413707 
590 67 12 14 0.024130236 
249 171 10 13 0.024067504 
553 67 10 13 0.024061618 
591 114 12 16 0.024018886 
638 87 18 23 0.024015935 
257 111 8 10 0.024014842 
678 31 9 12 0.023995524 
305 112 8 11 0.023986079 
830 151 9 10 0.023981124 
761 149 9 12 0.02397001 
551 139 13 15 0.023969859 
399 1 10 10 0.023916075 
853 50 18 23 0.023905871 
847 42 7 9 0.02388402 
138 73 9 12 0.023771185 
141 173 12 13 0.0237682 
400 27 17 22 0.023763396 
559 55 9 12 0.02373841 
365 179 13 14 0.023661343 
720 103 10 13 0.023641665 
614 63 10 11 0.023634149 
759 56 9 10 0.023620514 
605 28 10 12 0.023529317 
601 84 10 13 0.02349285 
185 11 9 11 0.023446353 
54 168 11 13 0.02344475 
201 73 9 11 0.023411157 
742 112 8 10 0.023406882 
903 44 9 12 0.023404399 
21 102 10 11 0.023359196 
847 72 9 11 0.023305086 
885 30 9 11 0.023276126 
797 134 10 12 0.023239315 
904 109 10 13 0.023234587 
524 143 11 13 0.023223542 
136 19 11 12 0.023216262 
528 86 11 13 0.023198746 
849 90 18 23 0.023198687 
588 135 20 25 0.023173025 
385 0 9 11 0.023171807 
134 86 9 11 0.023140566 
161 160 9 11 0.02312959 
168 73 8 10 0.023105968 
936 22 9 12 0.023089832 
455 135 11 13 0.023087608 
110 174 12 14 0.023066467 
934 85 10 14 0.023049727 
751 103 8 10 0.023040472 
548 40 10 12 0.023019027 
473 84 10 12 0.023012327 
835 82 20 23 0.022996394 
303 62 9 11 0.022952996 
705 123 17 21 0.022938875 
481 12 8 11 0.022890674 
952 150 10 14 0.022877302 
905 196 11 15 0.02285055 
820 214 24 37 0.022774529 
253 127 9 11 0.02276614 
7 78 9 12 0.022762442 
904 54 18 22 0.022755008 
460 125 11 13 0.022723395 
622 1 9 10 0.022708112 
370 163 13 16 0.022604767 
535 10 9 11 0.022550816 
272 141 9 12 0.02251146 
313 26 11 13 0.022491181 
933 47 10 12 0.022385951 
671 15 10 12 0.022377774 
247 159 8 11 0.022343058 
527 6 9 11 0.022342542 
790 78 9 11 0.022322528 
300 150 11 14 0.022318168 
988 71 11 12 0.022284044 
41 61 9 12 0.022275189 
308 5 10 12 0.022232989 
847 77 9 11 0.022194233 
400 133 20 23 0.022183854 
311 102 9 11 0.022167787 
257 143 8 10 0.022165297 
128 173 12 13 0.02211365 
863 93 9 12 0.022083031 
720 2 8 9 0.022077274 
868 151 13 14 0.022039214 
841 61 7 10 0.02202329 
554 559 47 51 0.021973722 
861 61 9 12 0.02196569 
79 7 9 11 0.021918118 
1015 212 8 12 0.021917 
272 2 9 10 0.021855839 
359 85 11 13 0.021854285 
823 38 8 9 0.021846876 
509 92 9 11 0.021798521 
339 157 12 15 0.021746412 
247 1 17 23 0.021737996 
877 102 11 13 0.02171408 
573 70 8 10 0.02170423 
1015 22 9 13 0.021652209 
393 56 19 23 0.021647163 
583 116 13 15 0.021607915 
832 9 8 10 0.02158674 
661 15 10 12 0.021546012 
175 12 9 11 0.021535998 
177 71 8 11 0.021505697 
991 215 8 10 0.02150505 
217 7 9 11 0.021497408 
667 63 9 11 0.02148341 
133 94 9 11 0.021467684 
469 202 15 18 0.021437671 
637 77 9 11 0.02143626 
744 80 10 12 0.021405045 
382 228 50 66 0.021388533 
936 54 10 12 0.021384079 
921 41 16 22 0.02137485 
777 83 10 13 0.021371718 
599 9 19 23 0.021361997 
0 202 9 15 0.021350836 
887 163 10 13 0.021297082 
871 124 12 15 0.021271188 
423 133 10 12 0.02126948 
240 158 9 12 0.021266202 
695 157 9 12 0.021217678 
428 161 12 15 0.021205742 
207 167 9 12 0.02119498 
64 78 9 11 0.021186482 
343 80 9 10 0.02117147 
577 2 9 10 0.02114162 
848 165 9 12 0.021121938 
249 77 18 24 0.021121347 
742 2 8 9 0.021103136 
655 148 11 13 0.021092655 
886 156 12 14 0.021078609 
13 150 10 13 0.02107259 
764 95 19 24 0.02105177 
675 85 17 21 0.021048686 
343 171 11 14 0.02103213 
160 118 18 24 0.021024043 
905 7 9 10 0.020993592 
514 178 13 16 0.02096136 
216 140 9 11 0.02088184 
35 151 10 13 0.020880122 
750 150 9 11 0.02087608 
288 22 9 12 0.020874672 
774 155 9 11 0.020854646 
669 30 11 13 0.020851899 
709 34 19 24 0.020842789 
302 127 10 12 0.020840112 
326 10 10 12 0.020810591 
540 181 12 14 0.020804334 
24 17 9 10 0.020789389 
978 124 14 16 0.020762347 
412 38 10 11 0.020754851 
371 171 11 14 0.020752534 
192 129 7 9 0.02071109 
875 87 11 13 0.020700427 
939 157 12 13 0.0206618 
718 116 10 12 0.020648342 
430 12 9 11 0.020645767 
719 29 9 11 0.020586584 
471 39 9 11 0.020571783 
70 77 9 12 0.02056284 
174 23 8 9 0.020550324 
439 115 13 15 0.020549837 
644 99 12 14 0.020528173 
412 98 18 22 0.020502249 
96 45 9 10 0.020484623 
743 68 9 11 0.020461958 
95 110 9 11 0.020459024 
937 60 10 12 0.02045729 
130 87 8 11 0.020450128 
750 8 9 9 0.020440761 
886 0 9 8 0.020419927 
246 138 10 12 0.020380821 
166 2 11 11 0.020380054 
449 118 18 23 0.020368857 
400 102 9 13 0.020354597 
969 135 11 14 0.020352762 
13 28 9 12 0.020336788 
809 48 7 10 0.020325745 
541 218 23 27 0.020321168 
862 86 10 12 0.020314524 
430 85 8 11 0.020308612 
412 132 12 15 0.020301662 
255 2 9 10 0.020295667 
782 158 9 11 0.020273944 
1009 41 18 25 0.020270215 
943 35 18 21 0.020267053 
412 113 11 14 0.020249156 
479 164 12 14 0.020246748 
334 134 10 12 0.020236209 
623 71 10 12 0.020229952 
880 12 8 11 0.020206563 
304 71 17 22 0.020189056 
736 2 9 9 0.020185295 
198 140 9 11 0.020181308 
725 76 8 10 0.020172331 
39 181 10 12 0.020164983 
513 313 17 19 0.020161029 
45 92 12 14 0.0201532 
216 1 9 10 0.020130266 
767 71 8 11 0.020117402 
841 183 9 12 0.020116974 
773 58 18 22 0.02011565 
880 164 10 12 0.020112736 
670 132 11 14 0.020108845 
230 63 8 11 0.020084867 
