47_Matador_Bullfighter_Matador_Bullfighter_47_703
18
472 113 132 172 0.9998667 
202 93 37 54 0.5580793 
284 331 101 138 0.48439032 
133 109 56 96 0.29065222 
20 323 65 79 0.05959115 
842 197 106 135 0.04155863 
346 371 56 103 0.039858826 
176 105 48 65 0.038271613 
927 197 32 40 0.03817719 
367 30 41 58 0.03447827 
805 36 194 293 0.031076252 
918 201 51 57 0.029728705 
752 122 57 69 0.0287056 
7 37 32 39 0.024513386 
578 0 31 30 0.022551032 
400 356 214 213 0.022343384 
0 -2 25 28 0.021514254 
250 390 138 109 0.02129028 
