47_Matador_Bullfighter_matadorbullfighting_47_710
124
514 333 59 61 0.9961481 
381 72 12 15 0.5392831 
427 28 12 15 0.46111366 
892 19 15 18 0.3859533 
387 16 12 15 0.3804268 
941 20 14 16 0.26749846 
88 67 443 542 0.25557643 
102 71 12 16 0.20931908 
987 34 14 17 0.14177266 
1013 20 10 17 0.10268097 
932 28 14 17 0.10064724 
894 3 13 14 0.09866443 
451 0 15 16 0.09426151 
640 53 9 12 0.08974474 
962 164 16 20 0.08923062 
64 -59 387 452 0.08598109 
435 -60 433 512 0.085215054 
38 144 43 64 0.07720342 
925 28 13 18 0.07458101 
674 116 13 15 0.0702162 
211 267 426 520 0.0673196 
929 1 15 18 0.065656506 
976 72 9 11 0.06301872 
1001 4 12 14 0.060355105 
431 72 11 12 0.059918895 
822 20 10 14 0.059593245 
991 216 27 33 0.058527056 
870 13 10 15 0.05596448 
989 42 11 14 0.055519238 
961 53 10 13 0.054320928 
607 0 446 395 0.051510382 
287 74 11 12 0.051081583 
1001 72 11 15 0.049174402 
904 77 11 12 0.048505478 
863 14 10 13 0.048148904 
999 1 10 11 0.047300223 
934 9 15 19 0.047113292 
362 72 10 12 0.04635672 
357 -1 16 14 0.04623504 
935 59 15 19 0.045394745 
316 630 213 275 0.04509258 
982 220 14 19 0.044709925 
373 19 13 17 0.04203593 
302 36 390 499 0.04143539 
997 8 19 25 0.041300848 
898 23 14 17 0.04081175 
1005 15 14 20 0.04054376 
252 74 12 14 0.039933767 
679 47 8 11 0.039647225 
403 72 9 11 0.03934901 
604 89 15 17 0.03859574 
1006 148 15 18 0.03744569 
947 25 12 14 0.037165526 
956 155 15 20 0.036740504 
973 124 14 19 0.036676593 
497 28 13 15 0.036205653 
655 21 10 12 0.03577914 
885 56 9 10 0.03288578 
887 13 16 20 0.032785848 
699 87 13 14 0.032402948 
983 218 23 29 0.032180984 
309 72 9 11 0.031516306 
223 343 261 330 0.031206768 
575 285 41 61 0.03109532 
644 4 11 12 0.031032268 
772 38 10 12 0.030905439 
343 71 9 11 0.030215034 
599 54 10 12 0.029438874 
941 5 14 17 0.028787252 
671 111 13 15 0.02849142 
924 22 13 16 0.02844523 
946 11 15 18 0.028415523 
992 117 20 28 0.027832156 
931 43 13 16 0.02782227 
981 123 15 20 0.027657952 
1005 121 13 17 0.027574616 
988 22 21 26 0.027333641 
925 8 15 18 0.027123468 
1011 194 14 21 0.026822912 
23 137 23 30 0.026737623 
920 23 11 14 0.026705762 
562 94 10 11 0.026684113 
990 51 10 12 0.026603872 
1008 142 12 16 0.02655243 
907 82 14 15 0.026517844 
953 93 11 14 0.025716716 
678 0 14 12 0.025250416 
998 150 14 18 0.024904598 
981 195 42 59 0.02482152 
629 63 10 12 0.024658816 
476 0 15 16 0.024507247 
917 52 11 14 0.024131056 
878 61 13 14 0.024127407 
890 0 21 25 0.023925986 
888 24 12 15 0.023792252 
739 877 29 31 0.023638673 
67 73 8 10 0.023398044 
959 47 10 13 0.023199668 
999 162 14 19 0.023149762 
84 72 8 10 0.023082312 
628 21 11 12 0.022760333 
1004 199 20 33 0.022745553 
215 530 219 294 0.022391982 
390 35 13 16 0.02229451 
947 4 15 17 0.022121193 
594 69 14 17 0.021623855 
583 129 8 9 0.021584798 
591 308 26 45 0.021484159 
980 76 10 11 0.021342965 
508 343 36 47 0.020843735 
955 99 11 13 0.020831447 
874 12 15 18 0.020808278 
416 30 10 14 0.020739121 
600 133 10 12 0.02069975 
405 34 12 16 0.020569239 
918 30 14 19 0.020524208 
95 446 391 485 0.020346796 
436 126 11 13 0.020297343 
971 201 13 19 0.02027982 
673 93 10 13 0.020180397 
584 268 42 58 0.020178225 
382 25 12 16 0.02015468 
350 0 16 17 0.020147363 
899 0 12 14 0.020131752 
