47_Matador_Bullfighter_matadorbullfighting_47_491
84
746 190 19 24 0.924458 
317 197 13 16 0.9211696 
347 196 11 14 0.5792886 
894 139 10 13 0.50891876 
949 64 10 12 0.3683981 
4 153 12 17 0.2985064 
869 139 11 14 0.2659292 
285 238 12 15 0.2658351 
342 239 9 12 0.26057166 
467 217 45 43 0.20263258 
100 193 14 17 0.18919156 
86 134 12 15 0.1823971 
187 157 12 15 0.16773994 
198 202 12 15 0.1628311 
804 216 15 19 0.13290465 
918 138 11 15 0.085571416 
217 203 13 17 0.080746286 
35 191 13 16 0.07914983 
822 211 12 15 0.06793014 
752 188 25 28 0.063546844 
918 131 13 15 0.060869712 
280 235 20 24 0.060649276 
125 190 9 12 0.05879138 
983 197 13 16 0.055972517 
912 139 11 15 0.055782832 
361 185 12 15 0.05574074 
444 255 30 31 0.051661648 
342 191 18 23 0.051207047 
404 192 15 18 0.0503514 
910 116 25 30 0.04757386 
716 115 12 13 0.04493015 
770 184 26 28 0.04396306 
876 140 10 13 0.04351754 
310 222 10 13 0.043121167 
230 187 11 14 0.04079398 
56 192 9 12 0.03877675 
199 195 21 27 0.038132112 
458 215 35 34 0.036673073 
205 198 11 14 0.036636163 
328 185 22 26 0.036079314 
246 186 13 16 0.03376053 
896 145 10 13 0.031111963 
740 253 28 29 0.031057572 
866 135 19 24 0.030945437 
135 206 8 10 0.030941647 
229 202 12 15 0.030736286 
363 168 13 15 0.030196965 
119 204 9 12 0.029866923 
459 202 413 495 0.02911476 
303 204 10 15 0.028855108 
823 186 10 12 0.028459622 
333 195 13 17 0.028110813 
197 191 12 14 0.028047698 
899 135 10 13 0.028019277 
363 138 26 32 0.02801298 
496 109 10 13 0.027294276 
889 134 11 16 0.025836613 
119 216 9 11 0.025374897 
45 190 10 13 0.02488791 
958 83 11 14 0.023633413 
28 188 22 27 0.023579624 
211 194 23 29 0.023223154 
890 134 19 24 0.02319646 
84 188 11 13 0.023120226 
118 194 12 14 0.023038585 
813 198 9 12 0.022680154 
807 184 9 11 0.022664864 
932 191 13 16 0.02253582 
49 228 10 11 0.02193493 
932 158 10 11 0.021623693 
197 182 39 45 0.021363309 
887 148 8 11 0.021352353 
500 165 11 13 0.021124482 
786 188 14 16 0.021105932 
913 132 11 15 0.021016017 
332 183 12 15 0.02083442 
106 195 12 14 0.0207178 
815 184 8 11 0.020372387 
82 137 12 16 0.020323198 
96 203 10 12 0.020301811 
912 123 13 16 0.020275397 
61 196 9 11 0.020232363 
691 197 26 31 0.020139335 
217 186 23 28 0.0200095 
