47_Matador_Bullfighter_matadorbullfighting_47_152
110
192 216 31 42 0.9979056 
779 275 28 45 0.9895717 
118 10 16 19 0.85057473 
467 0 21 21 0.7272504 
678 52 13 17 0.47335154 
426 2 20 18 0.4066549 
174 20 14 17 0.3872162 
658 73 16 20 0.34948546 
147 28 13 16 0.31764302 
972 52 28 29 0.20183186 
628 11 13 17 0.15324666 
312 8 17 20 0.13011655 
695 58 13 18 0.1297795 
622 60 13 16 0.11730883 
919 22 12 15 0.106590904 
683 57 14 17 0.09388841 
468 38 15 18 0.09033561 
467 46 18 19 0.08299465 
685 46 10 13 0.08125269 
671 100 11 14 0.07596935 
971 17 19 20 0.07502575 
452 30 11 13 0.07266481 
1013 6 9 12 0.0699286 
480 3 14 14 0.06337659 
419 5 22 21 0.060456067 
517 386 54 78 0.059534606 
477 421 95 130 0.059177484 
173 3 15 17 0.05826498 
703 43 10 12 0.054836106 
530 439 29 36 0.05383153 
967 20 14 17 0.052788164 
284 0 17 14 0.052577514 
624 7 21 27 0.051442858 
174 1 11 11 0.048185278 
613 53 12 14 0.043777794 
468 29 12 14 0.04335859 
338 517 46 33 0.041457374 
985 53 17 20 0.041054033 
681 40 9 11 0.039359428 
175 11 18 22 0.033363692 
187 47 13 14 0.031987343 
653 46 10 13 0.03152233 
673 58 10 14 0.031103995 
155 28 12 16 0.031009726 
381 29 14 15 0.03085982 
679 65 10 14 0.030567748 
463 49 13 16 0.0296623 
686 64 13 15 0.029370693 
381 0 12 12 0.028721187 
608 68 12 16 0.028413018 
462 22 12 14 0.028212892 
652 53 12 14 0.02805706 
758 103 21 27 0.028047517 
462 28 13 14 0.028026432 
974 16 29 30 0.027647955 
153 516 32 33 0.027644174 
694 76 12 15 0.027454987 
168 21 13 16 0.027382225 
515 421 52 78 0.027273318 
700 53 21 28 0.026929727 
305 96 29 36 0.026339823 
678 45 21 26 0.025974322 
915 46 13 15 0.025875548 
145 24 11 14 0.025865141 
491 22 15 17 0.025860757 
707 42 13 14 0.025524607 
166 48 10 12 0.025393026 
271 27 22 28 0.025153087 
136 516 33 27 0.025118666 
507 451 55 81 0.024854992 
649 60 11 14 0.02466416 
303 104 44 51 0.024069963 
438 38 12 16 0.02400592 
117 53 12 14 0.023990255 
464 36 13 15 0.023973217 
258 105 15 19 0.023950374 
447 23 22 25 0.02392871 
626 54 11 15 0.023047047 
531 401 17 20 0.022732636 
508 358 55 77 0.022658933 
614 55 19 24 0.022618486 
873 14 11 16 0.022606473 
566 4 13 13 0.022546854 
433 0 18 15 0.022545772 
694 40 10 11 0.022482473 
420 16 17 19 0.022373589 
307 40 26 31 0.02229233 
512 100 13 16 0.022269886 
467 7 26 28 0.022206316 
144 4 12 15 0.022028012 
167 0 12 11 0.02195177 
110 228 154 202 0.021831412 
416 3 14 16 0.02176672 
290 -1 25 24 0.021636399 
468 19 14 15 0.02137062 
278 0 14 12 0.021254662 
984 62 18 21 0.021154594 
211 214 26 38 0.02101307 
959 39 45 52 0.02085775 
506 544 15 18 0.020839192 
748 67 17 21 0.020804733 
876 13 101 121 0.020770319 
417 29 11 14 0.02068396 
483 60 13 14 0.020646356 
255 25 15 19 0.020624964 
265 106 25 32 0.020619266 
686 40 9 11 0.020525264 
165 26 14 17 0.020396372 
998 59 13 18 0.020201523 
106 87 23 25 0.020094685 
