15_Stock_Market_Stock_Market_15_102
62
283 399 76 108 0.9845106 
912 117 21 27 0.26802084 
202 -24 420 544 0.16832939 
986 76 22 28 0.16306448 
304 365 103 133 0.10857754 
377 491 30 38 0.09659767 
859 436 17 21 0.09466275 
886 253 23 31 0.076092914 
877 298 16 21 0.07306028 
275 434 59 90 0.059456587 
126 79 14 18 0.058890566 
47 114 32 35 0.056678105 
960 14 26 32 0.05537745 
882 341 14 17 0.054484975 
989 260 25 32 0.054207504 
947 295 24 31 0.053319167 
380 149 20 26 0.05253356 
47 139 38 41 0.05203026 
884 253 16 20 0.04880119 
921 119 18 22 0.047543723 
119 158 31 37 0.046391368 
223 199 206 297 0.04572248 
930 122 15 19 0.045674257 
876 335 23 31 0.044503056 
37 190 28 32 0.04159692 
135 500 38 43 0.035883874 
33 80 396 548 0.035867643 
8 394 29 35 0.035696488 
339 351 109 129 0.035420857 
867 430 13 15 0.03531366 
879 297 26 31 0.034713425 
0 457 38 61 0.034505393 
890 304 13 17 0.032962378 
102 284 29 32 0.03195424 
77 490 34 42 0.03194912 
861 429 24 33 0.031702574 
865 423 9 11 0.031537324 
617 182 15 19 0.03022437 
135 158 29 35 0.029860893 
853 627 11 14 0.029603878 
43 151 27 32 0.028366543 
109 204 25 30 0.027924497 
577 443 13 15 0.027869126 
1 610 16 24 0.027212217 
541 571 13 16 0.026834853 
700 191 14 18 0.026459496 
654 274 14 19 0.026151858 
37 617 38 40 0.025409123 
879 335 12 15 0.025073476 
318 211 359 470 0.024826238 
932 393 15 19 0.023278402 
831 642 12 14 0.023209695 
123 120 26 30 0.022181844 
684 192 13 17 0.02204547 
31 272 24 29 0.021900851 
123 247 26 29 0.021672348 
898 301 26 35 0.021103874 
603 182 13 17 0.021088632 
969 19 15 20 0.020941801 
913 67 26 34 0.020906711 
823 651 27 34 0.020601468 
539 174 15 19 0.02008084 
