15_Stock_Market_Stock_Market_15_286
69
691 128 90 118 0.9989135 
621 215 58 76 0.9975999 
487 248 38 45 0.8923801 
566 272 25 30 0.38047978 
912 252 47 58 0.21346487 
558 507 42 54 0.19861723 
377 86 17 21 0.14301512 
302 218 46 54 0.10335285 
468 109 14 17 0.083400756 
486 240 27 33 0.068318136 
606 96 387 449 0.06472106 
380 246 13 17 0.060845844 
568 276 15 17 0.058521163 
530 413 24 33 0.055927534 
528 283 490 478 0.053169683 
323 216 16 19 0.051408343 
505 247 28 36 0.046913646 
309 212 13 16 0.04648795 
580 488 15 17 0.04536094 
382 110 13 16 0.044576205 
477 180 14 17 0.04363106 
310 215 25 27 0.041827794 
431 156 10 14 0.04031517 
989 44 14 18 0.039700177 
861 146 15 17 0.039650004 
295 204 11 15 0.0390272 
212 241 52 46 0.038916707 
882 582 63 57 0.03790682 
456 438 10 14 0.03762014 
386 371 16 18 0.03691467 
916 224 31 32 0.036909305 
438 195 13 15 0.036371924 
856 142 27 28 0.03462268 
316 221 27 31 0.03408916 
401 240 10 12 0.033017617 
469 98 15 16 0.02986675 
317 230 46 55 0.029850217 
420 225 27 33 0.029294612 
374 5 15 17 0.028314035 
301 206 11 15 0.028072104 
930 228 17 19 0.0280216 
678 186 34 51 0.027810434 
814 219 37 50 0.027510794 
539 420 13 20 0.026909001 
112 372 42 49 0.026428392 
399 252 27 32 0.026316306 
469 185 15 17 0.024841636 
332 227 15 19 0.024616523 
495 234 27 33 0.02442727 
867 204 46 60 0.024328284 
212 620 62 61 0.02420473 
92 391 14 18 0.023931496 
518 82 27 32 0.02392934 
567 270 41 50 0.023872523 
558 408 13 15 0.023564527 
546 407 22 32 0.02334902 
531 577 27 30 0.023076672 
426 228 16 19 0.02296398 
857 586 104 89 0.022695128 
557 504 30 35 0.022681229 
445 175 12 15 0.022413632 
520 404 44 57 0.021619335 
482 227 29 32 0.021377334 
573 388 10 14 0.021158332 
376 70 10 15 0.020806734 
305 204 23 27 0.020355124 
576 404 11 15 0.020294694 
777 159 36 44 0.020238368 
394 285 26 35 0.020044627 
