15_Stock_Market_Stock_Market_15_554
28
497 198 87 117 0.9986438 
230 69 163 204 0.993519 
332 112 99 128 0.98809403 
-3 157 74 136 0.7589266 
701 220 21 36 0.5701464 
685 212 28 41 0.24313544 
640 256 46 56 0.11016199 
112 168 29 36 0.0974305 
750 252 11 17 0.0728352 
690 210 18 25 0.06131969 
17 343 253 344 0.052954145 
631 363 49 62 0.04731028 
791 213 12 15 0.04337978 
663 360 52 63 0.04316595 
799 39 150 156 0.0378682 
675 226 31 37 0.033456966 
113 153 47 60 0.032653354 
751 220 43 59 0.03254688 
709 228 21 33 0.030780926 
635 510 124 120 0.025564993 
570 190 30 45 0.02556058 
679 222 45 53 0.02462061 
594 138 50 64 0.024208575 
743 247 21 26 0.023760054 
582 158 50 66 0.023662485 
660 334 87 113 0.023491934 
815 117 41 43 0.020595297 
990 364 32 42 0.020501634 
