12_Group_Group_12_Group_Group_12_732
35
466 254 29 39 0.9995789 
588 230 30 36 0.99894124 
819 199 30 37 0.9985185 
699 220 29 33 0.98611754 
223 146 34 36 0.93975425 
341 166 31 38 0.7323233 
770 198 23 33 0.58113086 
566 234 23 30 0.09021734 
700 158 10 12 0.06235652 
566 237 14 18 0.05816173 
210 155 30 34 0.04774816 
645 157 10 15 0.04435883 
787 211 13 17 0.04276065 
173 164 31 39 0.042147446 
903 175 11 14 0.040171605 
843 209 14 19 0.03925412 
346 183 21 25 0.037999623 
694 222 21 25 0.03575158 
199 171 29 30 0.032297514 
196 173 15 17 0.02948453 
696 160 12 16 0.029091995 
152 94 9 12 0.027748093 
199 136 50 48 0.027743328 
697 204 26 31 0.02666357 
740 152 12 16 0.025174137 
220 201 30 37 0.024707083 
728 148 12 14 0.022837598 
187 165 14 15 0.022799354 
450 252 15 20 0.022425346 
800 207 28 35 0.022381943 
734 148 12 15 0.022324052 
500 390 36 33 0.022273753 
789 211 29 41 0.021226924 
700 205 13 16 0.02056948 
701 153 9 10 0.020531412 
