12_Group_Team_Organized_Group_12_Group_Team_Organized_Group_12_55
77
289 169 36 36 0.99843544 
184 134 36 37 0.995096 
429 96 34 41 0.86625725 
228 133 26 34 0.34733993 
62 115 33 38 0.2312913 
83 84 26 33 0.20893346 
223 255 12 16 0.14206025 
66 97 39 46 0.14136331 
413 99 36 36 0.11659006 
518 172 10 13 0.10828859 
120 153 14 20 0.09998491 
438 81 29 42 0.09409603 
183 294 13 16 0.0715669 
203 124 41 51 0.06855329 
218 231 15 17 0.061243344 
52 123 30 33 0.060486555 
549 164 16 19 0.057663612 
125 186 16 21 0.055306226 
369 157 37 40 0.053402305 
457 190 16 19 0.053124953 
227 148 18 24 0.051855452 
1012 429 12 22 0.0504043 
507 176 22 27 0.048900817 
528 157 12 17 0.046888877 
477 319 11 13 0.046008553 
97 85 19 23 0.04554542 
138 132 11 14 0.044919614 
201 179 30 33 0.04224895 
532 161 12 16 0.04069919 
240 141 18 24 0.037518173 
575 151 9 12 0.036261342 
123 147 15 19 0.035585262 
286 341 10 14 0.03438704 
443 175 35 35 0.033881523 
248 144 24 32 0.03308953 
269 270 9 14 0.032916863 
121 296 17 24 0.031457104 
543 164 13 17 0.031422343 
257 149 23 31 0.031048626 
80 112 30 36 0.030696208 
99 152 25 33 0.029237466 
273 312 10 12 0.028495984 
159 187 11 13 0.028447945 
127 178 27 30 0.027945241 
88 79 38 52 0.027655592 
220 238 21 25 0.027222998 
93 226 15 21 0.02678615 
90 99 17 24 0.026600836 
420 144 48 47 0.026579265 
75 121 18 23 0.026440201 
446 101 26 38 0.026193792 
501 184 24 31 0.02586283 
459 315 12 14 0.025849901 
252 344 12 17 0.025225906 
78 172 12 16 0.025128763 
217 249 21 26 0.024859589 
517 165 19 27 0.024697868 
217 258 13 16 0.024650319 
412 221 44 39 0.024091618 
420 164 33 36 0.02370558 
913 132 25 30 0.02351822 
199 149 34 36 0.023487411 
341 188 16 20 0.023216551 
82 127 15 21 0.022806365 
435 155 44 44 0.022806013 
539 160 24 29 0.022567682 
55 104 31 38 0.022109402 
529 157 21 26 0.021981874 
153 209 23 28 0.021900957 
256 311 9 12 0.021579146 
93 118 27 34 0.02130681 
131 126 15 19 0.021168154 
106 246 13 16 0.021086007 
124 130 17 21 0.020891001 
7 110 461 508 0.020800984 
512 173 12 14 0.020530691 
298 327 16 20 0.020000549 
