12_Group_Team_Organized_Group_12_Group_Team_Organized_Group_12_313
39
644 127 38 56 0.73513746 
360 527 21 28 0.1454474 
22 207 154 204 0.07114878 
728 162 24 36 0.06297694 
226 194 32 38 0.050967485 
301 674 43 48 0.047413014 
371 524 15 18 0.04548456 
89 103 8 11 0.043784317 
90 681 72 62 0.03713262 
135 101 10 11 0.03574152 
218 587 94 146 0.035212964 
119 375 51 62 0.034169503 
105 719 39 33 0.032894786 
73 633 100 122 0.0292344 
727 162 14 20 0.028664177 
48 109 9 11 0.027567126 
488 114 40 43 0.026786577 
988 213 14 16 0.026393656 
95 104 8 10 0.026010554 
366 516 27 32 0.025507232 
592 113 30 48 0.025063599 
939 182 53 48 0.024989258 
955 166 16 16 0.024166519 
54 110 8 10 0.02409126 
177 592 218 224 0.023928504 
719 171 23 32 0.023674577 
596 122 40 59 0.02353186 
288 263 34 38 0.022955542 
165 182 9 10 0.02271709 
-1 202 85 134 0.02220992 
215 107 15 17 0.021932261 
274 15 111 128 0.021683648 
308 682 20 23 0.021653488 
351 533 24 30 0.020840038 
167 78 11 12 0.020369362 
297 707 35 45 0.02016206 
111 86 9 10 0.020137485 
77 125 10 11 0.020084597 
948 192 15 19 0.020074662 
