12_Group_Team_Organized_Group_12_Group_Team_Organized_Group_12_868
24
447 85 82 119 0.9991757 
662 176 15 16 0.051339168 
796 103 15 18 0.039938428 
591 165 10 13 0.037434723 
739 72 13 15 0.035352968 
50 106 15 18 0.031013077 
-28 101 372 459 0.027152589 
822 50 14 16 0.0270891 
806 76 11 15 0.02631823 
-1 417 26 44 0.025441656 
27 91 11 14 0.025086928 
767 101 11 14 0.025069023 
688 116 16 20 0.024953244 
756 114 15 18 0.024824463 
62 127 24 27 0.0244288 
716 72 11 13 0.023365498 
307 273 26 37 0.022494454 
760 103 10 13 0.021864668 
728 168 27 31 0.021163357 
799 76 12 16 0.02080038 
120 100 13 15 0.020773616 
774 43 13 17 0.020396218 
687 111 12 14 0.020053146 
655 96 8 10 0.020025844 
