12_Group_Team_Organized_Group_12_Group_Team_Organized_Group_12_458
42
545 203 28 37 0.99949646 
456 212 32 40 0.99931514 
278 226 36 43 0.99927145 
912 208 36 42 0.9992291 
407 208 29 35 0.99904925 
573 265 33 40 0.9990042 
696 349 36 45 0.9989675 
800 216 37 44 0.9989299 
370 228 29 36 0.9987639 
628 212 29 35 0.9986327 
731 213 35 38 0.99782926 
669 221 29 34 0.9968905 
252 361 45 55 0.9968214 
308 204 27 34 0.99676836 
135 216 39 53 0.9942152 
474 182 28 32 0.9905743 
192 497 103 112 0.18979102 
463 496 128 144 0.118031636 
987 378 27 38 0.10185933 
712 223 30 37 0.08388245 
982 311 39 64 0.057403695 
929 452 13 17 0.054273073 
721 541 33 47 0.052062504 
85 320 27 36 0.04322688 
481 544 75 86 0.040063802 
486 186 19 23 0.037456773 
730 274 39 50 0.034512274 
392 454 12 18 0.02773663 
942 280 35 36 0.026907964 
860 431 28 32 0.025795203 
717 231 16 20 0.024505343 
460 196 32 41 0.02446428 
709 421 35 39 0.024057448 
679 234 29 36 0.023453275 
490 591 63 66 0.02254781 
335 426 23 30 0.022014506 
736 299 27 32 0.021562112 
702 240 27 32 0.021387583 
171 276 16 18 0.021061502 
494 576 37 45 0.021048136 
319 208 26 33 0.020900214 
149 473 179 184 0.020694435 
