12_Group_Team_Organized_Group_12_Group_Team_Organized_Group_12_707
308
387 270 32 42 0.999749 
490 281 35 44 0.99914336 
280 257 34 45 0.9988771 
298 160 33 43 0.99886835 
604 140 32 40 0.99871445 
600 273 40 49 0.9986389 
210 154 34 45 0.99863416 
179 271 40 48 0.99860877 
720 299 36 47 0.9985275 
501 137 34 43 0.9971813 
389 163 34 42 0.9949654 
684 148 36 47 0.9882981 
795 123 37 48 0.9857749 
527 32 11 13 0.3469061 
485 46 8 11 0.2131089 
466 30 6 9 0.1957228 
29 196 13 17 0.19453984 
38 143 9 10 0.19090949 
628 107 16 23 0.18882425 
49 110 8 10 0.18268666 
0 118 8 12 0.18195191 
255 103 8 11 0.16735625 
410 54 7 10 0.15455557 
511 24 8 11 0.15086506 
656 87 10 13 0.14841892 
470 30 8 10 0.13960576 
540 85 10 13 0.13679057 
136 88 7 9 0.13228041 
120 162 8 11 0.12459827 
292 119 9 11 0.12294704 
300 131 12 14 0.12233413 
549 136 13 19 0.113728255 
237 104 8 10 0.11135146 
624 78 9 13 0.11091664 
53 189 9 13 0.10320743 
9 135 8 11 0.1011406 
532 31 10 12 0.09710649 
525 51 9 13 0.08871118 
458 57 8 11 0.08576964 
506 24 8 10 0.08301941 
697 85 11 14 0.08230784 
784 39 9 11 0.0811238 
39 147 8 12 0.07969216 
367 23 7 10 0.07930823 
237 108 9 12 0.07906177 
726 80 8 11 0.07789439 
71 78 8 9 0.077668436 
413 55 8 11 0.073931 
621 82 13 17 0.071742035 
25 135 8 10 0.06706641 
521 53 9 11 0.066281885 
23 109 7 9 0.06509545 
57 126 7 9 0.06452603 
486 54 8 10 0.06384553 
497 56 8 11 0.060390864 
463 86 7 10 0.06011663 
612 104 23 29 0.06011135 
87 158 6 9 0.059579477 
486 39 10 13 0.058056537 
71 151 9 11 0.056131158 
233 106 9 13 0.05581628 
47 199 10 13 0.05553242 
80 71 7 9 0.055524502 
119 120 7 9 0.054440796 
352 54 8 9 0.054309096 
35 197 13 16 0.05357641 
446 47 7 10 0.05332557 
34 142 8 10 0.053001877 
568 40 8 10 0.05291346 
111 148 8 10 0.052605916 
633 48 8 11 0.05153576 
65 152 7 10 0.051469013 
618 111 25 30 0.051368963 
50 105 8 10 0.049333695 
550 75 10 12 0.048583165 
615 85 12 15 0.048564795 
24 104 7 9 0.048534434 
401 24 7 10 0.04812614 
329 47 8 11 0.048000664 
642 171 16 19 0.04777232 
201 126 8 10 0.04723819 
465 25 7 10 0.0472056 
295 103 7 9 0.0461576 
26 128 7 9 0.04598456 
659 91 10 13 0.045659136 
102 151 8 10 0.045644555 
382 26 8 9 0.04497656 
101 134 9 11 0.044862755 
86 65 7 9 0.04442957 
287 88 6 8 0.043596484 
142 113 8 9 0.043362755 
17 109 7 9 0.043075975 
190 157 9 13 0.042941537 
78 151 7 10 0.042903066 
553 47 9 11 0.042626336 
406 23 7 10 0.042542387 
478 23 8 9 0.0421692 
638 48 9 11 0.041344628 
439 16 6 9 0.041276358 
516 23 9 11 0.04085858 
87 70 7 9 0.04064018 
456 23 7 9 0.04043711 
697 80 9 12 0.040406592 
13 136 8 10 0.04040306 
635 138 14 19 0.0399211 
14 142 9 11 0.039632276 
606 106 15 20 0.039323315 
41 119 7 9 0.039301876 
606 8 9 10 0.03912378 
98 134 7 10 0.03908173 
31 135 8 10 0.038968585 
22 141 9 11 0.038450297 
721 79 9 13 0.03843818 
456 40 7 9 0.038344823 
65 72 7 10 0.038054865 
522 36 9 12 0.037988327 
617 23 7 10 0.037880752 
512 80 8 10 0.03782526 
737 38 8 10 0.037491214 
495 40 8 11 0.037267502 
711 108 12 14 0.037163697 
471 39 8 10 0.03710696 
611 127 30 38 0.036654428 
471 24 9 11 0.03658453 
175 124 8 10 0.03658077 
119 123 9 11 0.03650084 
71 157 8 11 0.0363835 
288 122 8 12 0.03590987 
30 127 7 10 0.035801087 
519 30 10 13 0.03575199 
407 29 8 10 0.03564659 
742 37 9 10 0.035350267 
57 121 7 9 0.035200235 
113 55 7 9 0.034803092 
42 112 7 9 0.034593772 
648 85 11 15 0.034461007 
504 80 8 9 0.034150373 
0 111 8 13 0.03323332 
186 134 9 10 0.033197075 
742 32 8 10 0.032831926 
481 40 9 11 0.032794535 
480 17 7 9 0.032625996 
62 121 8 9 0.03260075 
362 24 7 9 0.03256561 
413 131 11 13 0.03168885 
548 303 17 23 0.0316122 
542 79 11 14 0.031507783 
367 16 7 10 0.031195438 
999 72 7 10 0.03108478 
290 105 8 9 0.030887393 
282 87 7 8 0.03081643 
111 85 7 9 0.030752456 
617 88 16 18 0.03070674 
88 110 8 10 0.030344153 
224 56 8 9 0.030168192 
472 45 8 10 0.030086406 
137 33 8 9 0.030014329 
67 77 7 10 0.0299896 
581 16 9 11 0.029962368 
549 129 12 16 0.029821686 
594 20 9 10 0.029510636 
551 161 14 18 0.029477155 
82 64 8 10 0.02940048 
96 71 7 9 0.029076606 
80 110 8 10 0.028965868 
226 109 8 11 0.028962433 
23 61 8 10 0.02892253 
367 88 8 10 0.028718267 
9 139 11 14 0.028664153 
85 152 7 10 0.028639901 
501 60 9 11 0.028604845 
114 161 8 10 0.028251274 
514 84 8 10 0.028239895 
718 38 8 11 0.02812063 
478 30 7 9 0.028092852 
49 96 7 9 0.028073987 
614 78 10 13 0.027746571 
136 92 7 10 0.027600527 
497 80 7 9 0.027578965 
358 49 8 10 0.027387036 
487 61 8 11 0.027335316 
487 22 8 9 0.027196305 
671 79 9 10 0.027094053 
71 165 8 9 0.026977552 
402 28 7 11 0.02689917 
250 103 8 11 0.026867686 
376 24 8 10 0.026851345 
101 159 8 10 0.026849667 
560 40 8 11 0.026739186 
247 62 7 9 0.026679952 
558 45 8 11 0.0266281 
295 125 11 15 0.026618533 
590 115 11 16 0.026512662 
96 129 7 8 0.026462063 
104 85 8 9 0.02640263 
57 156 8 11 0.026398592 
31 55 7 10 0.026232393 
312 134 10 12 0.026189482 
512 37 8 11 0.026109299 
6 54 8 10 0.026096946 
362 88 8 11 0.026095418 
38 137 9 11 0.026038647 
407 0 8 9 0.026023574 
281 127 8 10 0.025977599 
168 196 10 12 0.025950003 
119 86 6 8 0.025858488 
502 40 9 11 0.02584607 
111 80 7 10 0.025467161 
3 166 12 14 0.025397854 
497 110 8 9 0.025327956 
89 128 7 9 0.02518221 
145 218 402 422 0.02518114 
487 16 7 9 0.025164064 
256 98 7 9 0.025127344 
383 448 18 20 0.025125094 
752 71 8 10 0.024853284 
738 32 8 10 0.02471793 
96 79 8 11 0.024593731 
210 77 8 10 0.02443051 
399 65 8 9 0.024378631 
48 49 7 9 0.024235483 
266 117 7 9 0.024234671 
47 54 7 8 0.024233572 
543 23 8 10 0.024191272 
52 194 11 16 0.02418355 
95 109 8 10 0.024100589 
645 89 11 14 0.024054235 
399 48 7 9 0.024051392 
72 144 8 9 0.024035428 
993 78 9 11 0.024033401 
392 41 7 8 0.023904694 
119 81 7 9 0.0238479 
104 80 8 10 0.023809886 
47 117 8 10 0.023764648 
433 16 7 9 0.023714785 
0 103 8 12 0.023702664 
997 78 9 12 0.02366353 
136 112 8 10 0.023514902 
866 301 10 14 0.023430362 
15 147 9 11 0.02341915 
302 137 12 14 0.023295352 
25 95 7 9 0.023261411 
312 118 9 10 0.023161788 
502 45 8 10 0.023115048 
486 128 9 11 0.023093807 
31 102 7 9 0.022900801 
270 29 8 10 0.022885062 
713 51 10 12 0.022852883 
601 7 9 10 0.022667635 
1 351 11 19 0.022650046 
238 87 7 9 0.022516185 
111 62 7 10 0.022447545 
665 45 9 12 0.022440268 
25 183 10 13 0.022384135 
142 32 7 10 0.02235754 
150 72 7 9 0.022345653 
575 70 7 10 0.022331212 
464 80 8 11 0.0222721 
458 30 7 9 0.022200633 
49 126 7 9 0.022158248 
442 54 7 10 0.022148084 
313 81 7 9 0.022147002 
599 15 8 11 0.022043467 
105 64 7 9 0.022041451 
345 22 7 9 0.022037353 
559 23 8 10 0.021997942 
263 97 8 9 0.021898739 
433 80 7 9 0.021806017 
656 63 7 10 0.021678505 
261 151 9 12 0.021629615 
394 24 7 10 0.021625064 
205 127 8 9 0.021612255 
487 31 8 10 0.021494396 
447 54 7 11 0.02149071 
191 128 8 10 0.021465873 
113 111 8 9 0.021455534 
454 108 8 10 0.021431237 
449 23 7 9 0.021378912 
670 63 8 11 0.021271592 
97 158 8 10 0.021260042 
282 120 8 10 0.021129688 
655 81 9 12 0.021119181 
392 8 8 9 0.021105273 
184 128 8 9 0.021052219 
247 76 8 11 0.020972194 
497 45 8 10 0.020947164 
266 29 8 11 0.020902738 
305 79 7 10 0.020896994 
520 61 8 10 0.020839823 
57 87 7 9 0.020665726 
619 99 17 22 0.020664545 
449 109 9 10 0.020653963 
241 39 8 9 0.020625733 
538 80 9 12 0.020595267 
103 166 8 9 0.02057639 
208 48 8 10 0.020539531 
151 159 7 10 0.020528115 
25 86 7 10 0.020499734 
88 79 8 9 0.020374006 
767 29 10 13 0.020373482 
536 24 8 10 0.02036038 
7 147 12 14 0.020265987 
30 189 21 29 0.020189514 
453 449 24 30 0.020183766 
56 94 8 10 0.020125149 
663 79 9 11 0.020111203 
72 86 8 10 0.020047326 
384 95 9 11 0.02002901 
