12_Group_Team_Organized_Group_12_Group_Team_Organized_Group_12_418
421
300 368 26 33 0.99912757 
470 375 25 32 0.9977018 
404 260 23 31 0.9951751 
154 170 16 21 0.9915132 
187 186 16 21 0.98945504 
258 224 16 21 0.9884735 
316 282 22 28 0.9884058 
716 213 17 21 0.9881585 
509 210 16 21 0.9872426 
393 403 23 28 0.9868053 
563 221 16 21 0.9851533 
305 205 18 22 0.98158115 
620 215 16 20 0.97925925 
167 354 22 28 0.9785638 
634 363 22 27 0.9755612 
657 305 22 27 0.97357756 
204 205 18 21 0.97136575 
559 367 24 28 0.9693486 
514 288 20 26 0.95988053 
379 145 13 17 0.9585406 
406 163 12 17 0.95834035 
805 180 19 27 0.95787823 
600 194 14 19 0.95494974 
620 171 13 17 0.94976366 
455 218 16 20 0.9404484 
407 220 15 20 0.93338144 
148 215 19 24 0.9304625 
135 192 15 20 0.92378294 
553 186 13 17 0.91890866 
248 185 16 18 0.9132966 
283 85 15 18 0.9027691 
650 107 12 16 0.87933576 
666 212 16 19 0.87466943 
360 227 16 21 0.8695281 
207 167 13 17 0.85111475 
311 182 13 15 0.8495677 
461 139 12 16 0.8372626 
649 187 13 18 0.8329751 
237 348 23 28 0.80797017 
325 140 12 16 0.7990899 
403 191 14 18 0.781978 
268 136 13 16 0.78184724 
27 208 23 26 0.7796173 
295 35 12 14 0.74067086 
90 186 15 20 0.72019374 
102 174 15 18 0.7169944 
551 158 13 16 0.7165009 
93 227 17 20 0.70441574 
360 137 13 15 0.6840216 
499 189 13 17 0.62378824 
319 83 13 17 0.61504084 
697 189 12 16 0.6136385 
123 140 13 17 0.5711047 
305 158 14 17 0.5685072 
495 168 12 16 0.55930835 
254 162 13 16 0.51210594 
485 153 13 16 0.4922863 
750 202 13 19 0.4617007 
581 126 10 13 0.44660053 
411 74 11 15 0.4349541 
242 76 14 16 0.42792186 
532 147 11 15 0.42644653 
578 172 12 15 0.39886472 
501 142 12 15 0.37967348 
599 159 11 14 0.36425284 
429 143 10 13 0.3597447 
611 143 11 14 0.35383648 
357 189 13 17 0.3484599 
22 229 11 16 0.3031749 
221 158 12 15 0.2785786 
647 159 11 13 0.27832818 
306 141 13 16 0.24907091 
222 75 15 20 0.24069662 
266 68 10 14 0.2238072 
550 132 12 16 0.22157931 
622 130 10 13 0.21673903 
542 195 11 15 0.20837118 
522 177 14 17 0.20790045 
429 475 11 14 0.20103331 
696 273 13 15 0.19114046 
514 154 12 16 0.17470595 
595 242 16 19 0.17050327 
375 80 10 14 0.1668959 
523 324 13 18 0.16665296 
342 147 12 15 0.16647959 
61 227 13 18 0.16605468 
632 240 11 16 0.14863479 
599 443 13 17 0.14786164 
342 174 12 15 0.13967912 
484 196 14 17 0.13793865 
299 52 11 13 0.13487312 
582 159 10 11 0.1320102 
450 187 14 18 0.12859224 
577 141 11 14 0.116722025 
246 289 24 28 0.11627809 
288 252 22 26 0.11356538 
423 147 12 15 0.109708436 
578 165 13 15 0.10296047 
359 172 13 15 0.09482144 
509 149 12 15 0.09470626 
189 465 14 18 0.094074264 
608 99 9 12 0.09379073 
634 90 13 17 0.09335401 
179 149 12 15 0.09329138 
591 248 13 18 0.09151758 
55 226 13 18 0.09065731 
270 154 14 19 0.089316845 
398 62 11 13 0.08633401 
308 78 11 14 0.086267345 
679 294 12 16 0.08492607 
654 164 11 16 0.08256101 
635 173 11 15 0.08251469 
450 161 13 16 0.08149848 
568 102 10 12 0.081020616 
687 149 11 13 0.07994127 
358 180 14 18 0.079664566 
444 243 16 20 0.07959701 
134 146 11 15 0.07902418 
297 264 22 28 0.076068826 
140 148 10 14 0.07558241 
628 172 12 16 0.07540306 
639 394 12 15 0.07483093 
671 166 11 15 0.0743717 
299 32 12 14 0.074290276 
581 93 9 12 0.07403183 
389 84 10 14 0.06851968 
367 119 10 13 0.06788765 
176 165 13 17 0.06712964 
304 71 10 12 0.06546432 
241 94 11 14 0.06509492 
340 194 14 20 0.06359496 
182 121 11 15 0.06356563 
423 134 10 12 0.06309637 
495 193 13 17 0.06207591 
79 182 10 13 0.061627645 
348 77 11 12 0.06149962 
278 177 11 15 0.061095215 
365 124 13 15 0.06098053 
389 165 9 12 0.060805224 
27 223 16 20 0.060527578 
333 78 10 12 0.06022797 
487 161 14 18 0.05955481 
459 272 18 21 0.059357625 
674 441 14 17 0.059309404 
316 46 9 11 0.05903492 
370 476 14 16 0.057689585 
541 172 10 12 0.05700151 
663 107 12 16 0.056879263 
345 47 10 13 0.0565065 
614 99 10 12 0.05577059 
453 50 12 15 0.05571764 
268 73 11 14 0.05529588 
592 162 11 14 0.05518766 
362 187 12 16 0.055101078 
699 184 13 16 0.052757114 
543 167 8 12 0.05204629 
696 201 11 14 0.05196653 
562 379 17 21 0.051252216 
382 378 15 22 0.050955817 
663 134 12 15 0.050944556 
577 158 10 13 0.05046171 
129 110 10 12 0.050019957 
212 75 16 21 0.049752463 
260 20 11 15 0.049069762 
136 126 9 10 0.048073165 
268 101 11 13 0.047842827 
559 94 11 15 0.047579046 
101 135 9 12 0.04752597 
471 244 13 15 0.04750999 
348 85 11 13 0.04729867 
597 277 11 15 0.047013294 
365 195 13 18 0.04699563 
302 94 11 14 0.0469918 
285 244 17 20 0.045925092 
578 131 11 14 0.04574349 
383 83 11 14 0.04534127 
324 100 11 13 0.045322843 
359 70 10 13 0.045229327 
358 166 12 14 0.045224283 
570 106 12 14 0.045084067 
493 147 13 17 0.044884846 
446 192 13 18 0.044350725 
62 278 12 15 0.044303104 
350 192 13 18 0.043688063 
204 101 10 13 0.04350186 
579 147 11 14 0.04267498 
640 159 9 12 0.041681785 
331 53 11 12 0.04155614 
535 164 11 14 0.041530985 
288 64 9 12 0.0415298 
496 217 14 19 0.041375525 
670 157 8 11 0.041296918 
79 211 13 17 0.041275967 
290 88 14 18 0.041247502 
349 141 11 14 0.04113351 
387 46 12 13 0.04112291 
422 124 12 15 0.040597253 
631 297 12 16 0.04052344 
694 142 9 11 0.040457193 
69 108 11 14 0.040450547 
775 259 10 12 0.03989253 
549 150 13 17 0.03986685 
303 272 24 30 0.039791107 
523 185 15 17 0.039462306 
633 111 9 11 0.039398197 
580 87 9 12 0.0392714 
310 38 10 13 0.039013382 
292 264 16 21 0.038767427 
302 82 11 15 0.03875642 
414 90 11 13 0.038683534 
276 37 12 13 0.03863581 
478 198 15 19 0.0384899 
481 149 12 16 0.038379014 
603 388 12 14 0.038154464 
735 294 11 13 0.03814963 
429 135 10 14 0.038016208 
591 276 11 14 0.03782866 
660 165 11 15 0.037146743 
340 225 14 17 0.037003234 
336 101 9 11 0.0369975 
600 99 10 13 0.03691309 
215 140 11 13 0.036812168 
638 164 10 13 0.036595374 
621 266 15 19 0.036560304 
207 74 13 19 0.03650556 
383 236 11 14 0.03607666 
554 51 101 128 0.035957914 
299 43 12 15 0.035430066 
354 452 14 18 0.035368055 
453 125 11 13 0.035178646 
356 106 13 16 0.03482927 
86 228 16 19 0.034785494 
777 254 10 13 0.03467353 
775 229 11 15 0.033883777 
310 82 12 16 0.033860736 
175 154 14 17 0.033799328 
636 117 11 12 0.033641443 
812 206 14 17 0.03330608 
308 134 13 17 0.033302832 
436 158 10 13 0.03304252 
616 165 14 18 0.032892834 
635 98 12 15 0.032759186 
673 461 11 13 0.03255453 
204 185 13 17 0.03253788 
308 173 15 19 0.03222768 
666 231 15 19 0.032005034 
238 375 16 20 0.03168677 
389 108 11 13 0.031646755 
467 171 14 16 0.031634964 
130 141 12 15 0.03159924 
203 268 17 21 0.031321544 
494 177 15 19 0.031302374 
615 241 12 16 0.031222701 
351 71 9 12 0.031181738 
85 182 15 19 0.031054147 
400 55 10 13 0.030996256 
370 199 14 18 0.030851351 
172 481 10 13 0.030714747 
88 142 8 10 0.030342702 
703 159 8 10 0.030308137 
642 267 15 20 0.030007271 
816 279 11 13 0.029831316 
291 80 13 15 0.029822825 
205 176 15 19 0.02969087 
374 93 10 12 0.029613646 
667 139 10 12 0.02941982 
735 274 14 19 0.029137654 
603 156 11 15 0.029013978 
615 441 13 17 0.028995851 
372 118 10 13 0.028779667 
284 262 16 21 0.028705202 
214 149 12 15 0.028616102 
632 158 11 13 0.02853246 
220 187 13 17 0.028452637 
258 26 12 15 0.028412217 
97 183 16 20 0.028401932 
437 53 11 13 0.02840178 
293 68 10 13 0.028044853 
535 195 12 16 0.02799641 
662 157 10 13 0.027920587 
437 179 13 17 0.02786323 
248 162 14 17 0.027846392 
358 126 13 16 0.027671864 
471 122 12 15 0.02762049 
420 154 11 15 0.027489709 
460 348 12 18 0.027471188 
564 94 11 14 0.027269004 
41 216 15 21 0.02718803 
304 146 18 21 0.02710909 
564 159 10 12 0.027057566 
711 196 10 14 0.026988477 
677 502 9 11 0.026832735 
650 203 14 16 0.026736287 
532 135 11 14 0.026518913 
619 79 11 14 0.026455691 
275 160 13 17 0.026359966 
498 71 109 146 0.026204074 
141 142 11 14 0.02619116 
161 251 17 19 0.026182277 
595 256 14 17 0.026142541 
412 158 12 16 0.02614187 
404 140 10 13 0.02611861 
293 62 10 12 0.026064217 
844 168 13 17 0.026011307 
384 126 9 11 0.026000129 
490 170 12 16 0.025974758 
248 61 10 14 0.025949085 
188 225 15 19 0.025902972 
110 127 9 11 0.02589938 
541 148 11 15 0.025806267 
389 103 10 12 0.025753245 
22 218 16 20 0.025689486 
177 122 10 14 0.025624903 
446 182 12 16 0.025531642 
417 150 10 13 0.025407735 
788 188 12 16 0.025376761 
85 313 18 19 0.02521399 
592 93 10 14 0.025044113 
449 127 9 12 0.025013214 
259 37 10 13 0.024951493 
400 429 17 20 0.024940182 
575 135 18 23 0.024860917 
672 453 12 14 0.024842178 
500 136 11 15 0.024833642 
696 168 8 10 0.0247909 
448 53 12 14 0.024765814 
534 346 15 20 0.024628554 
414 64 9 12 0.024617402 
421 116 11 13 0.024564529 
256 44 11 13 0.024518957 
727 292 10 14 0.024496704 
529 154 11 15 0.024415042 
628 131 11 14 0.024310326 
718 472 9 11 0.024283618 
385 92 9 13 0.02422576 
689 421 11 15 0.024203392 
442 545 22 28 0.024157694 
349 181 12 16 0.024143388 
260 157 12 17 0.024000507 
366 77 12 14 0.023957068 
577 121 18 22 0.0238998 
375 34 11 15 0.023882536 
360 86 10 12 0.023852108 
602 163 12 14 0.023844004 
328 48 10 13 0.023824345 
353 103 11 13 0.02380314 
430 164 12 14 0.023680493 
617 84 9 12 0.023604404 
167 135 11 13 0.023579206 
138 250 16 19 0.023562053 
141 127 8 10 0.023509081 
266 192 15 19 0.02338358 
243 219 14 19 0.023308286 
359 38 11 12 0.023283437 
467 179 15 18 0.023247657 
543 227 14 18 0.023167921 
518 163 12 14 0.023038168 
359 117 12 14 0.023033487 
15 228 13 17 0.023002576 
396 416 23 27 0.022944454 
688 184 11 14 0.02291719 
670 152 9 11 0.02288165 
5 284 10 11 0.022832325 
309 93 11 14 0.022789653 
366 94 10 12 0.02276665 
164 156 12 15 0.022628546 
181 143 12 14 0.02259915 
839 365 25 36 0.022592155 
692 426 10 13 0.02258599 
63 300 10 12 0.022576002 
88 150 8 10 0.022436691 
319 7 11 13 0.022436665 
638 126 10 12 0.02242446 
400 36 9 11 0.022410091 
222 463 10 12 0.02240125 
385 147 13 16 0.022341661 
286 19 11 13 0.022312187 
390 231 10 15 0.02215136 
125 152 13 15 0.022095539 
420 165 11 14 0.022049792 
5 227 15 18 0.02203659 
159 152 11 13 0.021885933 
359 92 11 13 0.021843042 
392 66 11 13 0.021836825 
335 107 11 14 0.021835292 
630 165 12 16 0.02175469 
429 169 14 16 0.02172716 
417 123 10 15 0.021547189 
463 179 11 16 0.021510536 
502 215 15 20 0.021461362 
47 225 13 18 0.021446794 
701 212 13 16 0.021286795 
447 132 12 16 0.02124205 
694 157 9 11 0.021185542 
703 456 9 11 0.02117384 
676 167 10 13 0.021130743 
440 195 12 16 0.021077117 
374 61 12 14 0.02107642 
646 153 19 25 0.021004831 
300 278 16 23 0.020996794 
388 126 10 12 0.020909132 
647 170 11 16 0.020805942 
633 148 10 13 0.02078768 
581 98 11 15 0.020691447 
244 99 10 12 0.020572947 
549 218 13 18 0.020561978 
270 56 10 13 0.020544326 
220 139 11 13 0.020534921 
574 118 13 14 0.02040668 
107 182 14 20 0.020406222 
309 232 13 16 0.020404968 
632 142 10 12 0.020379553 
198 292 14 17 0.02032038 
288 36 11 15 0.020297922 
97 139 9 11 0.020269427 
325 79 12 16 0.020263428 
335 147 11 15 0.020262025 
364 166 11 13 0.020248514 
525 165 11 13 0.020234026 
68 222 12 16 0.020150015 
342 93 11 13 0.020109113 
