12_Group_Team_Organized_Group_12_Group_Team_Organized_Group_12_461
122
39 299 31 36 0.99520606 
401 283 28 35 0.99042577 
250 283 26 31 0.98383534 
908 424 23 26 0.9795855 
180 317 16 22 0.90645456 
285 301 13 16 0.9003794 
485 302 44 50 0.8836387 
356 309 21 26 0.87968284 
341 413 24 34 0.82149905 
313 307 10 13 0.7612919 
155 309 11 14 0.70665425 
633 297 26 33 0.705453 
330 326 17 20 0.68921304 
117 311 11 15 0.4473802 
909 328 11 14 0.36602354 
951 441 21 26 0.19155279 
135 305 13 17 0.13421962 
831 416 15 24 0.12394793 
461 298 45 52 0.12263839 
839 414 22 28 0.11309074 
1000 289 11 13 0.110431336 
46 286 25 31 0.10606062 
262 288 17 23 0.088842794 
962 442 17 22 0.08834803 
28 549 15 19 0.082382776 
849 408 24 31 0.081323 
906 328 21 28 0.077702455 
886 434 14 18 0.07603634 
115 317 16 21 0.07003882 
869 409 14 21 0.06847142 
870 573 11 14 0.066012636 
943 444 21 27 0.064715 
124 309 11 16 0.06349006 
1005 290 10 13 0.061167784 
567 574 20 22 0.061147645 
361 302 18 22 0.06095697 
507 280 41 59 0.05927341 
329 444 15 19 0.056554034 
243 286 21 24 0.051157262 
450 284 38 53 0.0506539 
1014 292 9 14 0.0493977 
992 291 10 12 0.048365757 
993 358 9 11 0.048315905 
309 302 17 22 0.045917645 
76 538 12 16 0.044791065 
860 409 17 25 0.043599546 
29 541 15 18 0.043560836 
186 310 14 20 0.042314727 
969 450 14 19 0.04220134 
18 305 14 19 0.042191684 
542 482 28 38 0.040254816 
99 307 12 18 0.039199103 
167 316 12 18 0.03911191 
930 448 15 21 0.038055755 
1012 317 10 14 0.038001664 
1014 324 9 13 0.03758046 
177 422 24 32 0.03718018 
926 330 12 15 0.03701364 
208 300 11 13 0.037007418 
518 275 25 43 0.036554698 
198 552 14 18 0.034822844 
608 289 9 11 0.03256717 
637 294 16 20 0.03180424 
314 318 21 27 0.03175539 
324 451 15 16 0.03168343 
169 507 16 17 0.031597544 
356 323 17 22 0.030889513 
290 377 15 18 0.03077675 
906 466 15 19 0.030672312 
66 640 8 10 0.030645594 
414 283 28 34 0.029878823 
862 441 16 19 0.029848343 
41 370 18 21 0.029702513 
308 324 14 19 0.028831773 
982 313 13 18 0.028772563 
141 538 16 21 0.028565872 
915 375 20 22 0.028475825 
528 479 31 41 0.028105656 
278 375 25 32 0.028059058 
727 252 32 55 0.027710844 
523 552 23 30 0.02722558 
195 293 13 15 0.027166158 
301 291 11 14 0.02704952 
982 358 9 11 0.026533836 
932 327 10 13 0.026369072 
638 306 29 39 0.026213713 
598 588 12 17 0.026124354 
368 306 17 22 0.025863413 
987 379 13 16 0.025488859 
948 370 11 14 0.025246745 
912 335 24 28 0.025110753 
947 437 17 22 0.025001945 
64 662 9 13 0.024879746 
853 395 10 14 0.024859395 
631 303 18 23 0.024339667 
529 273 23 35 0.024239056 
2 267 16 23 0.024058847 
354 420 26 33 0.024017772 
829 421 22 31 0.023816476 
539 274 25 31 0.023770334 
291 295 12 15 0.023126421 
852 392 9 11 0.023017818 
934 354 13 16 0.02295195 
862 434 13 18 0.02275274 
56 284 16 22 0.022574881 
925 410 14 18 0.022512676 
74 386 16 19 0.022032563 
28 571 11 14 0.02193221 
987 124 11 14 0.021372845 
913 326 14 16 0.021319434 
985 294 8 11 0.021233607 
598 288 11 13 0.021128856 
318 458 15 16 0.020941498 
897 323 40 51 0.020861613 
293 433 24 28 0.020822337 
876 404 13 17 0.020718569 
982 402 16 18 0.020664701 
65 668 10 12 0.02041201 
307 511 18 22 0.02038043 
293 437 14 19 0.020302776 
877 441 12 16 0.020095052 
555 287 15 19 0.020059403 
