12_Group_Group_12_Group_Group_12_407
22
145 288 48 65 0.99746764 
249 267 44 57 0.99745184 
661 245 44 57 0.9959145 
350 273 45 54 0.9947036 
545 262 43 54 0.9877664 
427 247 46 55 0.9829926 
590 369 44 54 0.98053026 
863 200 11 15 0.14888525 
703 257 15 21 0.04851528 
666 478 25 27 0.042420056 
170 248 10 11 0.03862357 
953 238 26 30 0.03657633 
150 245 10 11 0.033156052 
121 270 10 12 0.03266568 
879 355 41 48 0.031126834 
944 226 43 53 0.028107816 
844 278 8 11 0.027950214 
876 334 43 50 0.027131591 
101 246 9 12 0.025475932 
693 244 24 38 0.02415263 
908 276 10 14 0.023650015 
168 253 12 16 0.022273745 
