12_Group_Group_12_Group_Group_12_38
26
571 67 48 61 0.99882025 
106 81 47 58 0.9982381 
789 61 46 56 0.99815816 
269 72 48 54 0.998092 
201 75 47 51 0.99502784 
491 82 43 53 0.9909697 
716 59 43 55 0.98784584 
414 89 45 50 0.9370691 
632 66 13 17 0.14159545 
319 71 37 54 0.09208308 
304 580 18 20 0.06360585 
627 67 26 38 0.06218777 
855 543 24 28 0.048055667 
677 125 31 32 0.03727584 
335 79 26 37 0.03135699 
865 106 28 40 0.029725334 
286 562 13 16 0.029063879 
631 82 27 36 0.026388584 
267 572 17 21 0.025275022 
67 374 65 64 0.024267673 
525 386 39 37 0.023838261 
834 108 26 36 0.023776669 
126 75 34 44 0.022720203 
634 113 425 503 0.020785833 
119 188 110 180 0.020575868 
635 93 29 40 0.02032515 
