12_Group_Group_12_Group_Group_12_912
21
408 140 36 44 0.99921775 
534 142 37 43 0.9966445 
647 105 33 41 0.995996 
304 117 36 47 0.9951989 
490 246 39 47 0.9951062 
617 244 38 45 0.9945352 
828 70 39 50 0.9914887 
695 178 39 46 0.9914636 
284 192 42 52 0.9909661 
219 86 40 51 0.9908116 
380 245 41 50 0.98233426 
250 397 19 22 0.19049357 
457 526 112 122 0.06484765 
432 215 36 50 0.054208387 
611 231 28 32 0.04299599 
632 366 25 32 0.03369096 
482 204 39 48 0.031633575 
633 165 28 36 0.031211345 
619 370 24 30 0.030157788 
646 92 27 33 0.022087641 
327 185 37 49 0.021598972 
