12_Group_Large_Group_12_Group_Large_Group_12_286
138
89 157 44 64 0.9986089 
799 226 69 99 0.99644727 
491 242 29 36 0.99408555 
283 154 42 59 0.99330395 
412 259 52 80 0.9801895 
-1 192 31 42 0.9801579 
1002 265 20 25 0.9284362 
919 262 12 17 0.9083767 
969 256 17 21 0.7091909 
264 222 35 57 0.6297953 
484 218 18 22 0.534735 
400 213 25 28 0.4935102 
596 246 21 30 0.47677326 
726 249 14 20 0.37878826 
643 218 13 16 0.16817224 
355 158 13 17 0.16540085 
836 652 12 14 0.1635348 
410 215 14 18 0.16197614 
142 201 32 35 0.15022574 
475 213 16 20 0.13500541 
163 211 14 18 0.13356224 
147 192 12 14 0.1335381 
590 119 8 11 0.12250692 
910 211 9 12 0.11867574 
958 207 10 13 0.107886255 
567 260 10 13 0.10748176 
573 256 12 15 0.09663348 
976 226 11 13 0.09523371 
139 193 22 28 0.08360794 
976 212 10 12 0.08288675 
486 231 26 34 0.07094577 
430 251 30 50 0.068902925 
889 209 12 16 0.0686056 
1001 189 9 11 0.0685366 
501 204 10 13 0.06473783 
994 221 10 13 0.06388099 
621 119 11 13 0.061861128 
902 258 12 19 0.059339885 
967 213 9 11 0.05898395 
953 229 9 12 0.058328632 
606 119 10 12 0.058213864 
264 165 30 38 0.056011796 
974 269 14 19 0.05576672 
477 221 18 21 0.052002292 
541 139 10 13 0.051263724 
412 157 11 14 0.050500404 
610 271 26 35 0.04999606 
452 207 14 16 0.04982507 
233 222 44 60 0.0493638 
592 135 8 12 0.04870546 
623 136 8 10 0.046506405 
1004 183 9 12 0.04637055 
440 224 9 12 0.045408107 
213 217 42 56 0.045301363 
495 205 11 14 0.044866864 
969 220 11 15 0.04358193 
566 143 7 10 0.04339374 
523 206 10 12 0.042979773 
641 262 43 55 0.042867936 
802 195 14 18 0.041625395 
609 112 8 10 0.03972919 
645 132 9 11 0.038119975 
965 208 9 12 0.037845016 
912 260 12 18 0.037564024 
368 31 27 29 0.037007343 
600 253 23 35 0.03654008 
989 253 10 13 0.034899987 
809 654 10 13 0.03487357 
645 120 8 10 0.03426693 
973 190 8 11 0.034159005 
991 248 11 14 0.033591677 
519 217 15 19 0.03351314 
522 211 13 17 0.033033025 
397 209 41 49 0.03292555 
730 247 40 55 0.03283113 
998 208 10 11 0.032777235 
614 117 13 15 0.032731537 
906 207 9 12 0.03258579 
644 126 10 13 0.032392334 
569 126 8 10 0.032389436 
322 193 15 19 0.032051474 
993 215 9 11 0.03194261 
997 213 10 13 0.03141831 
445 226 10 13 0.030702412 
995 226 12 14 0.030314676 
592 248 16 23 0.030087601 
518 104 9 11 0.030068977 
952 268 10 13 0.029877724 
614 274 15 20 0.029556755 
956 220 12 15 0.029423805 
441 259 30 51 0.02910866 
957 184 9 11 0.029043797 
476 287 33 46 0.028717598 
968 247 11 15 0.028630668 
953 184 8 11 0.028160848 
618 268 18 23 0.028152296 
710 247 10 12 0.028077144 
542 103 8 10 0.027830563 
514 87 7 9 0.027330386 
616 135 10 12 0.027329598 
434 242 25 34 0.026582506 
672 100 10 12 0.025631677 
599 119 10 13 0.025541311 
934 269 10 14 0.025525354 
156 206 17 21 0.025475884 
598 135 10 14 0.025139153 
529 127 7 10 0.025084069 
979 255 14 17 0.025078395 
974 234 12 13 0.024027545 
797 680 14 18 0.023936598 
916 206 8 11 0.023622293 
656 110 9 10 0.02350346 
678 112 12 14 0.023498595 
267 169 18 23 0.023393 
727 245 29 35 0.022628639 
992 208 9 11 0.022209149 
398 214 17 19 0.022198208 
637 216 23 26 0.022163287 
623 269 32 35 0.022157794 
198 213 13 16 0.022142226 
417 216 14 20 0.022111164 
494 85 8 11 0.022095168 
459 267 46 61 0.02207452 
490 212 20 25 0.022070399 
198 219 24 32 0.02204316 
407 733 47 33 0.021743206 
396 221 20 23 0.021676304 
469 151 12 15 0.021620935 
538 103 8 10 0.021598134 
573 126 7 9 0.021401081 
630 134 8 12 0.021323215 
780 232 51 77 0.021121223 
613 112 10 11 0.021054365 
454 223 10 12 0.020940863 
190 197 12 15 0.020840082 
972 222 19 23 0.020358864 
476 242 39 54 0.020105524 
974 184 8 10 0.020081338 
