12_Group_Large_Group_12_Group_Large_Group_12_120
1520
362 448 15 18 0.9807873 
350 350 11 15 0.9802224 
475 419 13 18 0.96680486 
926 385 13 18 0.9626902 
637 296 13 16 0.96124566 
669 419 12 16 0.96038175 
693 323 12 16 0.95929414 
880 357 13 16 0.94996595 
149 326 12 14 0.94836855 
76 450 14 17 0.9453933 
475 452 14 18 0.942794 
192 419 11 14 0.9385843 
590 267 10 13 0.93717337 
507 389 12 16 0.92773706 
390 349 11 14 0.92493486 
663 394 12 15 0.92201734 
277 396 11 14 0.922017 
550 294 11 15 0.9184472 
209 325 11 15 0.91489255 
430 323 11 15 0.9140568 
468 391 13 16 0.91315687 
449 419 12 16 0.9106531 
423 414 12 16 0.8988907 
774 350 12 15 0.8972719 
720 303 9 13 0.88956606 
625 387 12 16 0.88774353 
548 323 11 14 0.88343376 
362 420 15 17 0.87842166 
367 383 13 16 0.8779342 
902 390 11 15 0.8763699 
526 345 12 15 0.8747816 
609 371 11 16 0.87445223 
692 421 13 16 0.87376326 
387 391 12 15 0.8707241 
121 452 11 14 0.8691961 
85 423 12 15 0.86859536 
413 322 10 13 0.86776185 
547 390 13 16 0.8659339 
811 389 11 15 0.86531055 
347 393 12 16 0.86325866 
567 326 11 14 0.8617195 
718 446 14 17 0.85924363 
93 326 12 15 0.8591988 
425 388 13 17 0.8591016 
639 374 12 16 0.85288227 
828 447 13 18 0.8519712 
197 393 12 16 0.85024893 
692 453 12 15 0.8493788 
846 277 11 14 0.84873986 
878 332 10 12 0.8458009 
578 450 13 17 0.842192 
528 324 10 13 0.8418705 
902 347 11 14 0.8372464 
154 301 8 12 0.83421093 
395 417 12 16 0.83287764 
221 356 11 14 0.83264893 
670 326 10 13 0.83179075 
679 243 9 12 0.8300076 
450 379 12 16 0.82654506 
244 325 10 13 0.8241772 
526 378 12 17 0.8232588 
328 349 12 15 0.82230973 
218 301 9 12 0.8198405 
100 301 11 14 0.81859475 
877 420 11 14 0.8185355 
717 347 10 14 0.81785095 
167 421 12 15 0.8148865 
406 348 11 15 0.81102824 
222 421 11 15 0.8103307 
562 378 13 16 0.8072127 
325 271 9 13 0.80433327 
442 446 12 15 0.7932945 
376 322 10 13 0.79053867 
820 327 11 14 0.7878542 
111 356 11 15 0.78584486 
347 294 9 12 0.77936363 
28 388 10 14 0.77508515 
863 297 10 14 0.7722505 
140 358 11 14 0.7722183 
61 270 9 13 0.77167064 
131 301 10 14 0.76910186 
794 446 14 17 0.76840615 
135 270 9 13 0.76787126 
619 419 11 15 0.7655478 
429 294 11 15 0.76522696 
175 224 7 9 0.7576431 
404 447 15 19 0.75742364 
271 295 10 12 0.75599974 
120 396 12 15 0.75564235 
228 383 11 14 0.75333893 
324 293 9 11 0.7525132 
279 422 11 15 0.75169027 
411 382 12 15 0.74839455 
826 274 10 13 0.7483773 
864 356 11 15 0.74756646 
228 453 11 15 0.7452992 
734 243 9 11 0.7412757 
75 301 11 14 0.7356973 
46 362 11 14 0.7354866 
588 326 12 15 0.7328563 
596 423 10 15 0.7284926 
68 326 12 16 0.7281584 
370 350 12 16 0.7267542 
488 382 12 14 0.72578216 
111 419 12 16 0.71872765 
312 397 13 15 0.7175576 
547 451 12 15 0.7139328 
78 389 12 15 0.7137425 
608 270 9 11 0.7127378 
302 383 11 14 0.7109824 
571 295 12 16 0.707843 
231 269 8 12 0.70708597 
797 350 10 13 0.70569295 
336 222 7 10 0.703675 
467 354 11 14 0.7002253 
488 318 10 12 0.6989698 
738 293 9 13 0.6972506 
606 345 11 15 0.69648385 
180 326 10 14 0.694401 
715 415 13 15 0.69302255 
763 427 11 14 0.6928559 
889 280 9 11 0.6908288 
621 239 10 13 0.69012934 
157 393 13 16 0.6853654 
700 302 9 12 0.6844366 
766 295 9 12 0.6840227 
621 297 11 14 0.6821721 
671 347 11 15 0.6818244 
884 392 13 16 0.6783742 
516 295 9 12 0.676579 
57 421 11 15 0.6762438 
356 324 10 14 0.6747261 
198 303 9 11 0.6705731 
38 328 12 14 0.6703022 
761 349 9 13 0.6680779 
652 345 12 16 0.6655963 
582 347 12 15 0.66437393 
850 382 13 16 0.6643241 
122 327 9 13 0.6640167 
304 296 8 10 0.66290015 
147 456 14 17 0.6592964 
452 320 11 14 0.65836996 
269 324 10 13 0.65529186 
498 302 10 12 0.654619 
153 279 9 12 0.6535334 
452 293 10 13 0.6534565 
428 358 11 14 0.6504712 
783 414 13 16 0.6500017 
609 324 12 15 0.64593184 
599 222 7 9 0.6451816 
538 268 10 13 0.64453185 
791 384 11 14 0.6432364 
544 418 12 17 0.64195997 
821 351 12 15 0.6402375 
658 298 11 14 0.6394478 
663 241 9 12 0.6390821 
553 345 12 17 0.633404 
648 419 12 16 0.6312153 
596 295 10 13 0.6297805 
444 268 10 12 0.6295201 
797 323 11 14 0.62942076 
139 419 13 17 0.625824 
675 267 11 13 0.6242096 
232 223 7 9 0.62384194 
692 348 11 14 0.6236932 
502 263 9 13 0.6220636 
700 246 9 12 0.6068959 
742 350 11 14 0.6065069 
506 412 13 15 0.60623217 
495 357 11 13 0.6032288 
426 271 9 13 0.59812695 
165 358 8 12 0.59657073 
346 270 9 12 0.59582806 
334 322 11 14 0.5957157 
753 327 9 12 0.59516275 
583 391 12 15 0.5951531 
270 271 10 13 0.59150815 
565 266 10 13 0.59126675 
190 271 9 13 0.5910449 
463 268 10 13 0.5904104 
685 300 10 13 0.58837646 
251 416 11 16 0.587949 
839 249 10 13 0.5864992 
199 244 9 12 0.5845561 
532 293 9 14 0.58343595 
86 282 10 13 0.5829638 
192 222 7 9 0.57878983 
410 271 9 12 0.57475066 
170 299 9 13 0.5745997 
716 387 10 12 0.57415926 
474 247 8 11 0.57324433 
185 459 11 14 0.5728644 
729 326 9 11 0.5641575 
643 239 11 13 0.5607424 
412 247 9 12 0.5606618 
627 323 11 15 0.5574547 
717 268 8 12 0.5552768 
363 295 8 11 0.55449027 
654 453 12 14 0.5510808 
457 240 8 11 0.55019873 
91 362 12 15 0.54741377 
289 297 9 12 0.5396619 
103 280 8 12 0.5385057 
695 266 10 12 0.5376197 
885 299 9 12 0.53599924 
774 242 10 12 0.53552836 
335 425 11 15 0.532785 
820 246 9 12 0.5262335 
27 363 11 13 0.52263093 
912 297 11 14 0.5219639 
42 397 11 15 0.52160954 
763 455 10 14 0.5205069 
172 271 10 14 0.51624185 
310 247 9 12 0.5118643 
184 247 9 12 0.51032203 
239 357 9 12 0.5054375 
850 419 11 14 0.5044094 
519 267 10 12 0.5043222 
853 448 13 17 0.50389975 
281 357 9 11 0.50002795 
653 323 11 13 0.49898428 
957 445 12 16 0.4982305 
610 451 12 15 0.49666047 
573 241 9 12 0.49221334 
253 299 9 11 0.4919381 
917 272 8 11 0.48936707 
804 420 9 12 0.48286346 
803 294 11 14 0.4809759 
553 238 9 12 0.46956965 
394 323 9 12 0.4663583 
736 391 10 13 0.46541607 
292 447 12 15 0.46182325 
510 236 9 11 0.45935148 
121 279 9 12 0.4590191 
764 270 9 11 0.45786592 
118 245 8 11 0.45760274 
201 358 9 13 0.45744577 
593 242 10 13 0.45347446 
628 266 10 13 0.45178282 
641 220 8 10 0.4513057 
257 453 11 14 0.45073682 
390 270 8 11 0.44864136 
335 452 12 15 0.4486004 
509 453 12 16 0.44753727 
864 277 9 13 0.44694722 
807 275 8 11 0.44429752 
647 269 11 14 0.44030294 
476 288 9 13 0.4384323 
381 294 10 13 0.43679392 
409 293 8 10 0.43574986 
182 358 9 12 0.43176314 
295 323 11 13 0.42986777 
49 299 10 13 0.42789072 
308 270 9 10 0.4203424 
775 389 11 15 0.41913337 
695 228 8 10 0.4189925 
533 239 8 11 0.41638497 
699 387 12 14 0.4161318 
109 382 10 12 0.41610876 
135 243 9 12 0.41381982 
737 271 9 12 0.4123216 
619 220 8 10 0.4119294 
307 421 11 14 0.40186137 
633 347 11 15 0.398092 
466 216 7 10 0.39517158 
852 327 9 13 0.39370286 
209 271 10 13 0.39073992 
303 352 10 13 0.38447008 
83 224 9 11 0.38129872 
240 396 10 13 0.37790135 
318 222 7 8 0.37785888 
292 271 8 11 0.37556767 
332 247 8 11 0.37542933 
370 272 7 11 0.37443298 
866 389 10 13 0.36989373 
840 352 12 16 0.36661083 
78 242 9 12 0.36389446 
750 378 10 14 0.36388212 
903 328 9 11 0.36340228 
772 327 9 11 0.35885283 
336 381 11 14 0.35298342 
509 325 10 13 0.34722197 
713 323 10 14 0.34434336 
855 251 10 12 0.34268555 
932 419 13 16 0.33835903 
569 421 10 13 0.33451575 
385 246 8 12 0.33380666 
55 330 10 12 0.33168423 
756 245 8 11 0.33146638 
360 221 6 8 0.32781234 
739 419 10 14 0.32203463 
259 381 11 14 0.3194548 
292 248 8 10 0.31650993 
139 226 6 8 0.31504798 
469 319 10 12 0.31348798 
447 357 11 14 0.31290165 
484 263 10 13 0.31284985 
886 450 11 15 0.31068254 
234 295 9 12 0.30933547 
844 298 9 13 0.30928117 
874 254 8 11 0.3091976 
212 225 7 9 0.30802134 
506 217 8 9 0.30519876 
152 240 8 11 0.30147985 
396 348 12 15 0.29476702 
798 244 8 11 0.29286617 
105 390 11 13 0.29076096 
277 248 7 10 0.2894389 
672 464 10 13 0.2889995 
957 424 13 16 0.28691477 
825 296 10 12 0.28459075 
66 363 13 15 0.2825109 
489 218 7 9 0.28012976 
283 223 7 9 0.27990016 
943 350 10 12 0.2776889 
542 218 7 9 0.27741495 
354 246 8 10 0.27727124 
437 247 9 11 0.2761609 
447 349 10 13 0.27362433 
762 295 8 11 0.2721696 
721 224 8 10 0.2669206 
896 454 9 12 0.26599056 
157 225 7 9 0.2621072 
249 223 8 9 0.25735188 
493 237 8 11 0.25380254 
677 386 10 13 0.25360015 
72 387 12 15 0.25304183 
302 226 7 8 0.25233197 
364 485 15 17 0.24617797 
430 218 7 9 0.24003102 
150 420 11 15 0.2336775 
253 356 9 12 0.23162226 
824 386 11 15 0.22987126 
823 415 11 14 0.2255352 
571 221 8 9 0.22548202 
310 391 13 15 0.22206745 
720 246 8 10 0.22136988 
104 461 12 13 0.22040169 
652 415 11 14 0.21895391 
482 268 9 11 0.21249409 
95 482 12 16 0.20354885 
790 270 8 11 0.20225666 
249 270 8 10 0.20078653 
276 294 9 12 0.19823137 
624 263 10 13 0.19818033 
265 221 7 9 0.19741313 
266 352 9 12 0.19602443 
525 219 8 11 0.19411239 
661 221 9 12 0.19398305 
269 356 10 11 0.1900192 
309 356 10 12 0.18923241 
148 389 13 15 0.18871087 
376 221 8 10 0.1850026 
678 222 9 11 0.1837813 
236 299 9 12 0.18289398 
36 445 9 11 0.18019904 
117 226 8 9 0.17778662 
773 380 11 15 0.17743208 
171 416 10 13 0.17645697 
221 246 8 11 0.17142452 
743 225 8 9 0.16995707 
655 446 12 16 0.16813694 
239 246 8 10 0.16085804 
788 294 9 12 0.15993133 
213 460 9 11 0.15869595 
772 375 9 11 0.15646166 
701 396 11 13 0.15589812 
170 248 8 11 0.14972827 
736 402 11 13 0.14747792 
802 413 11 15 0.1444238 
261 446 10 14 0.14437835 
44 330 12 14 0.14131215 
645 217 8 10 0.14096633 
717 320 9 12 0.14073887 
247 355 9 12 0.14050542 
448 217 6 8 0.1403953 
879 247 8 10 0.14032273 
274 251 8 11 0.13820659 
46 502 12 14 0.1345242 
586 341 12 16 0.13448508 
37 453 9 12 0.13424458 
391 275 8 10 0.1341903 
226 270 9 11 0.13349624 
765 317 11 12 0.1319063 
646 262 10 13 0.13136812 
668 388 11 15 0.12963544 
341 421 12 15 0.1295429 
394 221 8 9 0.12944616 
158 421 10 15 0.12870184 
248 247 7 10 0.12803493 
765 312 10 11 0.12788862 
473 241 8 11 0.12641981 
185 388 9 12 0.12540883 
353 319 10 13 0.12442394 
585 217 7 9 0.124305606 
379 318 10 13 0.123339556 
250 295 10 13 0.123137064 
205 351 11 13 0.12302211 
585 221 7 9 0.122942336 
580 414 11 13 0.12243908 
505 285 9 11 0.1224385 
413 218 7 9 0.1221231 
688 344 10 13 0.121270135 
106 395 13 16 0.12058038 
511 321 10 12 0.11691542 
167 462 11 13 0.114573374 
243 390 10 12 0.11157712 
766 349 9 13 0.1079164 
854 228 8 10 0.10788774 
306 460 11 13 0.10751382 
286 413 10 13 0.10706194 
496 233 7 10 0.10684831 
238 404 10 12 0.10446731 
471 311 8 10 0.10388212 
786 224 7 10 0.10227525 
952 426 12 15 0.10193932 
685 214 8 10 0.101206385 
898 253 9 11 0.10106739 
770 331 10 12 0.10062347 
896 263 9 12 0.100325964 
197 400 11 14 0.09945152 
176 227 8 10 0.098756395 
757 241 8 10 0.09847175 
454 289 9 11 0.09835684 
195 461 9 11 0.097848244 
769 223 7 9 0.09776717 
611 320 12 14 0.09679905 
249 262 8 11 0.09613258 
412 292 9 11 0.09592483 
315 223 6 8 0.095281914 
261 376 9 12 0.09464657 
191 389 12 14 0.0936891 
51 364 10 14 0.09338341 
115 413 12 16 0.09334496 
673 222 9 10 0.093014754 
348 427 11 15 0.09211047 
290 252 9 10 0.09180526 
50 460 10 14 0.09179265 
571 330 10 13 0.09135352 
680 294 10 13 0.09101058 
273 420 11 15 0.09095531 
497 296 9 12 0.089782424 
42 358 10 13 0.08970709 
908 343 9 12 0.08966798 
132 296 11 13 0.089664 
215 376 8 10 0.089659296 
38 391 11 14 0.08905118 
333 468 12 16 0.0884964 
597 414 10 13 0.08790285 
814 460 10 12 0.08762152 
494 307 10 13 0.087411985 
428 352 11 13 0.08700318 
918 370 12 14 0.08692008 
97 244 8 10 0.08612376 
670 240 9 11 0.0858153 
600 405 10 12 0.08558766 
151 394 13 16 0.08547966 
51 295 11 14 0.08534748 
95 281 9 11 0.08532202 
730 245 9 11 0.08343007 
325 312 8 10 0.082447596 
532 319 10 12 0.08223649 
325 468 11 16 0.08041572 
266 320 9 11 0.079066046 
663 217 8 10 0.07866322 
322 289 9 11 0.07829623 
265 294 9 12 0.078250356 
343 414 12 15 0.07816841 
286 441 10 12 0.07781638 
183 241 8 10 0.07742084 
399 444 13 16 0.07724149 
595 223 8 9 0.07651041 
358 240 7 10 0.07650403 
759 447 10 13 0.076261625 
320 313 8 10 0.07586834 
528 329 12 15 0.07533475 
25 384 11 13 0.07505121 
276 458 12 14 0.075037606 
883 420 10 13 0.07482127 
174 248 9 12 0.07473284 
879 225 8 9 0.07456631 
345 265 8 10 0.07449884 
610 342 12 14 0.07313165 
741 289 9 11 0.072886445 
895 268 9 11 0.072861806 
725 225 7 9 0.072822675 
738 349 9 13 0.07222983 
673 310 9 11 0.07184364 
382 289 9 10 0.071782015 
681 209 7 9 0.07136952 
115 228 9 10 0.071119756 
101 244 8 10 0.07012104 
216 265 7 9 0.07001206 
918 453 11 15 0.06957054 
413 377 11 13 0.069548205 
699 264 11 12 0.06942432 
157 296 8 11 0.06926829 
646 395 9 13 0.06914558 
102 229 7 10 0.06896917 
231 356 9 13 0.06799912 
37 440 10 12 0.06771757 
573 218 8 9 0.06766755 
867 295 10 13 0.06689113 
390 452 11 14 0.066696025 
191 244 9 13 0.06659761 
792 318 11 13 0.06655424 
742 264 8 10 0.06642835 
434 250 9 12 0.06595818 
220 296 10 12 0.065943964 
535 404 11 13 0.06589852 
366 288 9 12 0.065380774 
937 230 7 9 0.06525895 
295 311 8 10 0.065057814 
935 351 11 13 0.06499856 
928 349 9 12 0.06480312 
348 274 9 11 0.064751714 
826 225 8 10 0.06422701 
826 382 12 15 0.06391379 
285 352 9 11 0.06343865 
790 288 8 10 0.06319382 
864 383 10 14 0.06312571 
342 374 11 14 0.06280329 
641 230 9 10 0.062697984 
575 414 9 13 0.062314123 
474 388 12 16 0.06205962 
894 485 16 17 0.06204887 
953 272 9 12 0.061886646 
738 454 9 11 0.061701573 
633 299 12 14 0.06158369 
765 265 8 11 0.061485246 
385 241 7 10 0.061395593 
392 443 11 15 0.061144806 
598 263 9 12 0.061096665 
920 231 9 11 0.06104323 
191 296 9 11 0.060849726 
674 383 10 13 0.06083425 
350 312 9 10 0.06071227 
780 244 9 11 0.060564023 
613 441 10 12 0.06046857 
327 317 9 12 0.0604137 
465 319 9 13 0.060198545 
490 312 9 12 0.059932414 
848 252 8 11 0.059501782 
470 220 7 10 0.05931072 
507 486 12 14 0.05924926 
184 309 8 10 0.05916347 
249 254 9 11 0.05911478 
494 246 8 9 0.05909044 
445 276 9 11 0.058838714 
213 227 8 11 0.058549076 
713 265 9 12 0.058485996 
230 352 9 11 0.05847144 
406 440 12 16 0.058417134 
886 415 10 12 0.05817617 
518 398 11 15 0.05791872 
386 276 8 10 0.05772017 
689 448 11 13 0.05770585 
781 389 10 13 0.057624996 
55 348 10 13 0.05760659 
398 332 9 12 0.05701613 
303 289 7 9 0.0567281 
689 413 12 14 0.056619942 
496 256 8 9 0.056543786 
189 383 10 12 0.056419037 
527 288 10 12 0.056208234 
282 443 10 13 0.056158222 
677 343 10 13 0.056098323 
504 452 12 16 0.056057457 
372 276 9 11 0.055882156 
815 414 9 12 0.055833995 
784 300 10 12 0.055821408 
101 225 7 9 0.05570674 
144 393 13 15 0.055624317 
232 394 11 14 0.055527546 
448 221 7 10 0.055502594 
400 370 11 15 0.055273186 
350 289 8 10 0.055125874 
213 320 9 12 0.05496497 
861 247 8 11 0.054895516 
157 283 9 12 0.05478318 
770 240 8 11 0.05477226 
950 292 10 12 0.05462738 
558 221 7 9 0.054547854 
360 290 8 10 0.054436486 
953 329 8 10 0.054208294 
303 454 10 13 0.053913016 
572 425 11 14 0.05369585 
726 228 8 10 0.053681303 
901 248 8 11 0.053415526 
529 298 11 13 0.053307533 
295 329 10 14 0.053296257 
671 320 9 11 0.053281143 
868 351 11 13 0.053263273 
636 343 11 14 0.05320863 
435 319 10 13 0.053106446 
517 319 10 12 0.052972835 
354 241 8 10 0.05276281 
901 435 10 14 0.052750558 
29 405 8 11 0.05254847 
29 290 14 18 0.052521642 
441 266 9 11 0.052488722 
215 351 11 14 0.052149218 
40 478 10 13 0.05206474 
558 217 7 9 0.0518953 
830 224 7 10 0.051789496 
122 391 13 15 0.051777277 
448 287 9 11 0.05172799 
904 300 8 11 0.051709313 
510 263 9 11 0.051699467 
944 344 9 11 0.05147677 
606 265 9 11 0.05123886 
368 245 8 10 0.051223382 
756 330 10 13 0.051211648 
621 454 10 14 0.05107506 
222 241 9 10 0.05096367 
956 275 10 13 0.05067175 
182 320 9 12 0.050496124 
571 264 10 12 0.050493475 
553 365 12 14 0.050388627 
913 421 11 14 0.0503563 
699 457 11 14 0.050029412 
74 245 8 11 0.04995481 
730 240 8 11 0.049928237 
803 230 7 9 0.04988085 
199 297 8 10 0.049802523 
791 265 8 9 0.049753483 
328 421 12 15 0.049744677 
646 286 11 14 0.049641747 
477 252 9 11 0.049483526 
296 351 9 11 0.04940162 
519 403 12 16 0.049386613 
156 241 9 11 0.049354527 
900 230 10 11 0.04927789 
858 300 9 12 0.049150728 
79 358 10 13 0.048740756 
671 293 10 13 0.048691243 
542 455 15 17 0.048545774 
801 270 9 11 0.04834232 
158 307 9 12 0.04833488 
589 373 9 13 0.048248637 
369 240 7 10 0.048232473 
592 416 10 12 0.048220456 
790 275 9 12 0.048158605 
267 277 9 11 0.04813063 
554 217 7 9 0.048087172 
64 369 11 14 0.048057236 
771 244 9 11 0.048050083 
346 420 12 16 0.048037793 
575 231 8 9 0.048028715 
339 470 12 16 0.047975175 
557 233 9 11 0.047959413 
686 209 8 10 0.047940824 
720 241 8 9 0.04789396 
303 377 11 13 0.047804695 
660 439 10 12 0.04778801 
311 312 8 10 0.04772425 
557 311 10 12 0.047680557 
400 312 9 10 0.047652416 
663 285 9 11 0.047559798 
235 246 8 10 0.04755769 
326 299 8 10 0.04730732 
488 376 11 14 0.04724954 
584 371 11 14 0.047171477 
247 459 10 12 0.047152106 
663 347 10 13 0.04715098 
740 274 9 12 0.046980128 
249 218 7 8 0.0466861 
125 277 9 13 0.046622057 
702 241 9 11 0.04657415 
665 326 10 13 0.046535738 
760 318 9 12 0.04638276 
48 498 9 11 0.046281524 
64 328 12 15 0.04599639 
231 318 9 11 0.045920108 
873 230 8 9 0.045904648 
896 419 9 13 0.045804948 
678 287 9 11 0.045797065 
678 228 9 11 0.045685004 
737 355 10 13 0.045562796 
304 415 11 14 0.045494687 
332 405 12 14 0.045468315 
145 330 12 15 0.045465846 
753 242 9 10 0.04540672 
333 413 12 13 0.045400273 
300 318 10 12 0.04531495 
524 263 9 12 0.045314115 
240 242 7 9 0.04525608 
851 224 7 10 0.045239754 
627 393 12 14 0.045177996 
209 456 10 12 0.045010388 
598 288 10 12 0.044989895 
427 217 7 8 0.044982597 
727 322 9 11 0.044965837 
83 280 10 12 0.044911705 
310 264 9 11 0.044645734 
782 278 9 12 0.04459589 
894 296 8 11 0.044463042 
155 459 12 15 0.044461176 
488 233 8 10 0.044457108 
216 305 9 12 0.044319376 
607 238 9 11 0.044250507 
662 230 8 10 0.044160903 
783 372 9 12 0.044138204 
329 240 9 11 0.04410473 
720 252 8 10 0.044040125 
478 239 8 11 0.04401805 
652 276 11 13 0.044007972 
238 413 11 13 0.04390796 
565 323 17 21 0.043793164 
789 311 10 11 0.043563314 
200 351 11 14 0.043547142 
81 446 15 18 0.043509785 
106 467 12 14 0.04345219 
672 243 10 12 0.043428846 
78 402 11 15 0.043418743 
636 453 12 14 0.04341728 
213 342 10 11 0.043244746 
58 274 10 12 0.043242864 
99 479 14 17 0.043163557 
786 270 8 11 0.043092698 
465 340 10 12 0.042899054 
141 228 8 10 0.04283311 
586 263 10 14 0.042670023 
658 228 8 10 0.0424634 
98 306 10 13 0.042446356 
440 240 8 10 0.042377964 
567 288 10 13 0.042198066 
78 296 9 12 0.042187452 
271 415 11 14 0.042163387 
161 361 12 15 0.042035427 
534 311 9 11 0.042032886 
808 475 10 14 0.042009726 
345 289 8 11 0.042009152 
671 216 8 10 0.04194792 
823 408 9 11 0.041935656 
761 311 9 12 0.04191989 
344 311 9 11 0.041766085 
967 373 10 12 0.041705173 
30 284 12 14 0.041526444 
845 497 14 16 0.041508347 
623 231 8 10 0.04146143 
766 289 9 10 0.041435193 
115 350 12 15 0.04138135 
649 458 11 14 0.041335866 
530 373 13 16 0.041328628 
304 425 11 13 0.041273933 
753 321 8 11 0.041253548 
37 383 10 12 0.041243307 
835 252 9 11 0.04121784 
606 265 18 23 0.041155703 
535 256 8 10 0.04101811 
493 322 9 12 0.040839978 
544 329 11 15 0.04080419 
533 288 11 13 0.040726703 
310 344 10 11 0.0407236 
960 301 9 11 0.04066995 
727 343 9 12 0.040470723 
945 311 10 12 0.04046834 
384 266 9 10 0.040440198 
917 420 13 17 0.040371053 
519 274 10 12 0.040276684 
25 393 11 14 0.040246505 
479 334 10 12 0.04010024 
399 240 8 10 0.039920285 
191 266 8 9 0.039798375 
702 297 9 12 0.039766554 
229 412 10 12 0.03970209 
582 239 9 11 0.039626844 
75 325 11 15 0.03958289 
505 234 8 10 0.03955864 
192 241 9 10 0.03955772 
882 445 11 14 0.03945513 
609 231 8 10 0.039437696 
176 321 9 12 0.039389208 
367 342 12 15 0.039250772 
274 392 10 13 0.03922646 
327 414 10 12 0.039096013 
555 222 7 8 0.03904788 
471 232 8 9 0.038969684 
798 263 9 10 0.038864307 
901 268 8 11 0.038855147 
296 241 7 9 0.038819242 
206 308 8 11 0.038798586 
855 408 10 12 0.038760584 
248 227 8 10 0.03846113 
873 415 11 14 0.038417898 
786 264 6 9 0.03830695 
697 251 10 12 0.038284596 
1015 238 8 12 0.03822369 
438 492 13 15 0.038129244 
671 366 10 13 0.03810897 
419 486 11 13 0.03808193 
926 416 14 17 0.038068168 
848 319 9 12 0.038040794 
143 262 9 11 0.037916977 
645 231 9 11 0.0378973 
592 235 16 22 0.03785078 
645 255 11 13 0.03773273 
685 239 9 11 0.037654154 
914 254 8 9 0.037606135 
840 240 7 9 0.03759117 
552 371 11 14 0.037590638 
454 364 9 13 0.037551843 
201 390 12 15 0.03750975 
728 403 9 13 0.037504293 
375 264 8 9 0.037374396 
883 333 10 12 0.037331223 
478 310 9 11 0.037227154 
660 457 12 15 0.03715817 
765 275 9 11 0.037108965 
232 407 10 12 0.03702477 
805 408 10 11 0.036897518 
713 343 11 14 0.036876142 
339 325 11 13 0.03681635 
439 286 9 11 0.03681418 
240 321 10 12 0.03677391 
647 470 13 15 0.036603373 
679 366 9 12 0.036566187 
928 224 7 9 0.03648116 
233 310 8 10 0.03645203 
943 270 8 11 0.036317676 
742 346 10 11 0.03611815 
673 466 13 16 0.036028817 
154 228 7 9 0.035900936 
592 463 10 13 0.035849582 
956 285 10 13 0.03581721 
962 422 12 15 0.03578707 
784 409 10 12 0.035767134 
796 441 12 14 0.03575611 
107 283 10 13 0.03570018 
169 326 10 12 0.035644542 
739 224 7 9 0.035541147 
60 416 10 13 0.03548573 
975 341 12 15 0.035484504 
472 283 16 22 0.035461687 
557 243 9 12 0.035443883 
699 319 10 12 0.035417825 
948 343 10 11 0.035348363 
858 446 11 15 0.03531666 
223 265 8 10 0.03531043 
247 289 8 9 0.03521585 
583 255 9 11 0.035187434 
956 295 9 11 0.035136417 
238 270 8 11 0.035118338 
136 266 8 11 0.035075117 
303 311 9 11 0.035053406 
173 455 11 14 0.03501287 
205 362 10 12 0.03498947 
824 267 17 23 0.034974705 
40 472 9 12 0.03495395 
175 352 10 12 0.034921877 
176 219 7 9 0.03489683 
763 448 11 14 0.03479423 
396 439 13 15 0.034722112 
246 383 10 12 0.034685854 
97 297 10 12 0.034609422 
72 253 8 11 0.034455832 
161 388 12 16 0.034423184 
592 217 8 9 0.03429582 
384 342 11 14 0.034192123 
493 217 7 8 0.0341594 
352 251 8 11 0.03413784 
743 363 10 12 0.03401251 
879 240 9 10 0.034010936 
596 467 11 15 0.03397818 
935 208 8 9 0.033973552 
917 255 9 10 0.03394237 
745 332 8 11 0.03375028 
374 241 8 9 0.033679314 
912 288 9 10 0.033639252 
365 311 10 12 0.03361157 
349 434 13 16 0.03355595 
502 256 8 10 0.033483174 
469 384 13 16 0.033427894 
326 265 9 10 0.03338948 
430 265 9 10 0.033320554 
897 237 9 11 0.0332723 
295 288 8 10 0.033247415 
264 287 8 10 0.03317879 
850 229 8 10 0.033151574 
686 367 9 12 0.033119757 
582 401 12 14 0.033102147 
557 397 10 14 0.033093013 
149 492 15 17 0.03306731 
43 391 11 15 0.03304287 
752 367 9 12 0.03301874 
356 222 7 8 0.03298252 
308 464 13 16 0.03290873 
408 265 8 9 0.03290156 
174 406 10 13 0.032848507 
972 293 11 14 0.03274061 
757 344 20 24 0.0326788 
72 296 11 15 0.03264355 
105 357 10 14 0.032630548 
519 255 8 10 0.032620937 
406 309 9 11 0.032580752 
414 311 9 11 0.032572318 
519 289 9 11 0.032571834 
914 265 8 9 0.032547075 
85 352 11 13 0.03253234 
83 393 11 15 0.03249851 
270 343 9 11 0.032379024 
737 265 8 10 0.03237249 
720 297 9 12 0.03235822 
681 215 9 11 0.032349538 
783 317 10 13 0.03234587 
553 233 8 11 0.03233389 
248 275 9 10 0.032330878 
673 209 7 8 0.032268737 
749 349 9 12 0.032212336 
576 406 9 12 0.032082416 
279 288 9 11 0.032080505 
136 353 10 12 0.03207859 
414 240 8 10 0.03205841 
529 310 9 11 0.03202055 
34 326 11 15 0.0320067 
596 307 12 14 0.03195434 
791 345 10 12 0.031847753 
38 430 9 11 0.031829204 
668 321 17 23 0.031802513 
40 351 10 12 0.03179422 
221 251 9 11 0.031720426 
771 387 10 14 0.031648125 
640 395 10 13 0.03163594 
785 309 9 12 0.031629123 
671 288 9 11 0.031620774 
653 328 12 16 0.031596843 
736 230 8 9 0.03157788 
469 264 8 11 0.031457327 
821 416 18 22 0.03141577 
519 247 8 9 0.031403966 
125 283 9 12 0.031400364 
557 318 10 12 0.03138153 
545 319 11 14 0.03130266 
972 299 11 13 0.03129386 
439 404 11 14 0.031289566 
936 292 10 13 0.03126573 
108 301 9 13 0.031243386 
745 380 11 14 0.031228354 
13 398 9 12 0.031223431 
269 444 9 12 0.031223178 
309 275 9 12 0.031201852 
943 335 9 10 0.031191288 
801 225 7 9 0.031174662 
24 285 12 14 0.031123836 
334 328 12 14 0.031064147 
46 467 11 14 0.03105328 
238 458 10 13 0.031023072 
68 271 9 11 0.03096627 
208 217 17 25 0.03093763 
335 262 8 10 0.030858243 
360 289 17 23 0.030757766 
143 493 13 15 0.030707818 
586 263 19 23 0.030694315 
153 274 9 11 0.030691655 
617 253 10 12 0.030605188 
271 456 9 11 0.030543583 
831 241 8 8 0.030489601 
166 353 10 13 0.030433606 
293 342 9 12 0.030431299 
233 -3 412 472 0.030412892 
696 240 8 10 0.030405357 
109 454 11 15 0.030344218 
5 375 12 14 0.03032151 
713 373 9 12 0.030295668 
512 255 8 10 0.030279988 
253 223 7 9 0.030205106 
167 331 11 13 0.030176705 
927 286 9 11 0.030176174 
238 309 8 10 0.030139139 
445 474 13 15 0.030116402 
702 375 9 11 0.030112337 
559 326 10 12 0.030052867 
702 403 11 14 0.030010661 
5 365 11 13 0.02998573 
593 230 7 8 0.029896481 
774 223 7 9 0.029893026 
308 295 8 11 0.029892424 
406 373 12 14 0.029860754 
640 234 16 22 0.029860532 
822 242 9 10 0.02984579 
662 234 17 23 0.029804736 
287 291 16 22 0.029730773 
821 320 11 13 0.029722288 
145 383 11 14 0.029721249 
339 222 8 10 0.029678969 
402 292 8 11 0.029625755 
926 230 8 10 0.02962531 
517 258 18 24 0.0295524 
119 338 12 14 0.029473016 
641 262 9 13 0.029456757 
333 241 9 11 0.02943412 
687 407 10 13 0.029427277 
490 243 9 12 0.029417057 
120 321 17 22 0.029345531 
306 275 8 10 0.029339243 
708 437 13 15 0.029314902 
136 417 11 14 0.029311039 
423 266 17 22 0.029296726 
375 289 9 10 0.029294763 
22 438 9 12 0.02928488 
308 375 10 13 0.029278807 
190 318 9 11 0.029271914 
264 365 9 10 0.029267982 
344 265 16 23 0.029238101 
425 265 8 10 0.029231483 
155 330 11 15 0.029217923 
615 262 10 12 0.029170524 
701 223 7 10 0.02916589 
762 289 18 24 0.029156351 
973 285 11 12 0.029020857 
725 439 11 14 0.028975563 
936 336 8 10 0.028931182 
839 291 17 22 0.028924499 
490 356 11 14 0.028857887 
240 328 11 14 0.028856084 
409 300 9 11 0.028844245 
409 319 18 22 0.028834397 
746 375 11 13 0.028830243 
875 327 18 23 0.028792186 
802 350 11 14 0.02872847 
773 345 11 13 0.02871357 
816 419 10 13 0.02869502 
566 322 10 11 0.028688118 
358 264 8 9 0.028641768 
830 440 12 17 0.0286093 
657 216 8 11 0.028579492 
873 249 8 11 0.028575934 
339 318 11 13 0.028574085 
230 378 10 11 0.028556274 
794 241 8 10 0.028541757 
70 423 10 13 0.028535327 
184 294 9 12 0.028533485 
469 342 9 12 0.028533097 
841 231 7 9 0.028521508 
37 298 12 15 0.028477032 
911 249 8 9 0.028456101 
727 320 17 24 0.028422982 
509 286 10 12 0.028381204 
717 298 17 22 0.028363494 
231 289 9 10 0.028330674 
775 301 9 11 0.028304718 
132 266 18 22 0.028194236 
149 273 18 23 0.028167898 
279 415 12 15 0.028157333 
773 320 9 11 0.028152224 
693 287 10 11 0.02814923 
509 220 7 10 0.028142938 
606 287 11 13 0.028140757 
803 426 12 13 0.028119465 
142 337 12 15 0.028099 
802 276 9 11 0.028085962 
822 375 10 12 0.0280673 
678 310 10 12 0.028050981 
817 241 8 9 0.028022945 
69 319 10 13 0.028007947 
377 246 7 10 0.02795834 
710 214 8 10 0.027946895 
806 230 8 10 0.027909195 
98 328 12 16 0.027890805 
938 413 12 15 0.027855422 
300 444 11 14 0.027853161 
517 309 11 13 0.02781232 
280 264 8 10 0.027664818 
543 382 11 14 0.027642226 
923 453 12 16 0.027630465 
662 279 9 12 0.02762664 
382 311 10 12 0.027616164 
886 439 11 14 0.027594743 
89 479 10 14 0.027588377 
855 438 12 14 0.0275823 
755 372 11 15 0.027564943 
729 208 7 9 0.027525572 
743 317 8 11 0.027492527 
239 289 8 9 0.02747264 
723 306 10 14 0.02746234 
448 239 9 11 0.02745316 
548 383 13 16 0.027415654 
816 373 10 13 0.027312132 
101 362 11 14 0.027311737 
308 442 12 15 0.027304718 
254 318 9 12 0.027289541 
104 378 19 21 0.027273605 
62 468 10 12 0.027200146 
255 364 9 11 0.027195184 
287 264 8 10 0.027164081 
294 264 8 10 0.027154982 
529 243 9 11 0.027142115 
434 294 11 13 0.027119726 
304 265 9 10 0.027088221 
710 407 10 12 0.027072731 
567 453 10 15 0.027058782 
286 408 10 12 0.027040403 
943 427 10 14 0.02702547 
373 316 18 22 0.027012736 
158 372 12 14 0.027010305 
694 295 11 13 0.026996385 
885 401 11 14 0.02699254 
289 240 7 9 0.026989559 
645 265 18 22 0.026971558 
273 404 11 13 0.026948595 
592 288 9 11 0.026929853 
292 412 11 13 0.026897684 
675 239 19 23 0.026887976 
672 259 18 22 0.026884014 
345 256 7 9 0.026829155 
487 257 8 9 0.026828839 
900 421 10 14 0.026825452 
454 406 11 14 0.026817946 
944 300 11 13 0.02680283 
452 342 10 13 0.026782054 
862 261 8 11 0.026773486 
694 407 11 13 0.026761945 
784 287 8 10 0.026698746 
494 222 7 9 0.026678044 
231 342 9 12 0.026488828 
536 259 17 23 0.026486691 
253 408 10 11 0.026483096 
713 448 13 17 0.026458945 
156 414 11 14 0.026426021 
739 346 19 22 0.02638552 
269 289 17 23 0.0263828 
789 407 10 12 0.026377179 
343 289 17 23 0.026376402 
470 302 10 12 0.026358768 
514 268 8 11 0.026340902 
557 255 9 10 0.02631806 
439 386 11 14 0.026298556 
280 342 9 11 0.026286356 
278 375 9 11 0.026252173 
424 309 10 12 0.026217723 
735 344 9 11 0.026206788 
288 341 9 11 0.026190681 
817 251 9 11 0.026174294 
604 292 12 14 0.02615662 
168 319 9 11 0.026103407 
384 383 10 13 0.02607891 
852 376 13 15 0.026077824 
713 230 8 10 0.026077343 
304 363 10 13 0.026058953 
343 367 11 13 0.026026696 
856 296 10 12 0.026024818 
481 233 8 10 0.026014492 
612 274 10 13 0.025975816 
886 491 12 14 0.025874022 
718 395 9 12 0.025859158 
936 255 8 9 0.025773345 
1001 223 9 11 0.025769787 
193 404 12 14 0.025766056 
614 287 10 12 0.02575302 
589 320 11 14 0.025731076 
224 446 12 14 0.025705405 
198 383 11 13 0.025702234 
191 358 8 12 0.025638852 
816 230 8 9 0.025620801 
424 289 8 10 0.025579069 
471 241 17 23 0.025565261 
359 313 9 10 0.025512721 
513 290 16 21 0.025478667 
885 246 8 10 0.025467489 
622 439 9 12 0.025395693 
465 310 9 11 0.025390284 
857 259 9 12 0.0253853 
79 315 11 14 0.025379473 
837 242 17 23 0.025375957 
391 314 17 22 0.025354886 
573 288 10 13 0.0253514 
273 240 8 10 0.025343345 
688 222 8 10 0.025309224 
752 444 10 13 0.025298111 
846 248 8 11 0.025245665 
54 465 11 13 0.025213428 
199 376 8 10 0.025168315 
599 399 9 12 0.025151452 
843 272 19 24 0.025151236 
145 320 9 11 0.0251438 
545 238 8 10 0.025066203 
246 404 9 12 0.0250427 
912 232 8 10 0.025038479 
71 447 14 17 0.025015138 
160 263 8 11 0.02498066 
232 226 8 11 0.024945896 
957 327 10 11 0.024905367 
503 384 12 15 0.024893366 
741 240 8 10 0.02487546 
159 351 11 14 0.024868656 
106 483 13 16 0.024842111 
624 328 12 15 0.024839817 
32 484 9 11 0.024839416 
800 408 9 11 0.024834067 
862 411 10 13 0.024805747 
396 217 7 10 0.024804227 
576 356 10 13 0.024781838 
293 440 11 13 0.024775695 
268 266 18 23 0.024769673 
566 403 12 14 0.024766225 
873 327 10 12 0.024748877 
488 304 9 11 0.02471846 
278 241 8 10 0.024692513 
830 317 9 12 0.024687521 
936 247 8 10 0.0246758 
371 427 13 15 0.024673972 
779 395 11 13 0.024666615 
545 294 11 14 0.02465294 
411 221 7 9 0.02464937 
628 420 10 14 0.02464707 
6 333 11 16 0.024642846 
52 328 19 21 0.0246377 
232 241 8 10 0.024632063 
142 276 9 12 0.024602775 
479 340 11 14 0.02460145 
168 266 17 22 0.024591345 
611 378 12 14 0.024578722 
167 241 8 9 0.024554996 
853 242 19 23 0.024551619 
583 382 12 14 0.02449002 
148 356 11 15 0.024482649 
391 313 9 10 0.02448069 
804 452 10 14 0.024463564 
438 363 11 14 0.024461474 
120 321 10 11 0.02445699 
540 466 13 15 0.024447972 
878 337 10 14 0.024436705 
853 321 9 11 0.024430113 
196 455 9 13 0.024422461 
689 263 9 11 0.02441327 
374 328 13 14 0.024390029 
503 280 10 12 0.024346009 
868 272 10 12 0.02433122 
1002 229 9 12 0.02433088 
447 312 10 12 0.024324303 
457 233 8 9 0.024316767 
354 354 11 14 0.02430071 
523 398 13 16 0.024271239 
382 333 11 13 0.024267038 
872 258 9 12 0.02425812 
928 261 9 10 0.024258113 
563 259 17 22 0.024253756 
816 240 18 23 0.024253722 
874 225 8 10 0.024218166 
46 350 11 14 0.024206704 
253 247 8 10 0.024172008 
973 308 10 11 0.024156176 
716 332 10 12 0.02412995 
389 458 13 15 0.024070427 
594 290 16 22 0.02405532 
919 448 10 13 0.024053197 
659 244 8 11 0.024037505 
911 487 10 12 0.024020398 
934 342 9 12 0.024013607 
191 227 9 10 0.023959992 
621 306 12 14 0.023953434 
552 255 9 11 0.023941606 
974 278 12 14 0.023933014 
794 346 18 22 0.023930738 
378 298 9 12 0.023904618 
321 266 16 22 0.02390121 
740 459 10 13 0.023893422 
750 406 10 12 0.02388785 
679 372 9 12 0.023873502 
175 265 8 10 0.023832617 
519 323 10 12 0.023818647 
240 420 10 13 0.02379914 
570 235 17 22 0.023797533 
181 353 10 12 0.023794213 
516 484 12 13 0.02377365 
312 241 8 10 0.023765886 
496 451 12 14 0.023757061 
703 436 12 15 0.023719665 
713 344 18 21 0.023715854 
214 296 17 23 0.023705823 
597 316 11 13 0.023626037 
282 218 7 10 0.023618959 
592 254 10 11 0.023606047 
813 271 9 11 0.023593476 
207 436 10 13 0.023587849 
383 459 12 15 0.023586892 
540 275 11 13 0.023582293 
608 209 8 9 0.023573048 
172 217 18 24 0.023569383 
933 451 11 15 0.023566067 
501 350 10 14 0.02356276 
499 267 9 11 0.023527531 
773 295 8 11 0.023521496 
214 288 8 10 0.023493946 
262 344 9 11 0.02345193 
935 225 7 9 0.023425244 
353 329 11 14 0.023416935 
399 263 8 10 0.023412297 
186 266 18 23 0.02340811 
423 237 8 10 0.023406075 
328 446 12 15 0.023368616 
115 422 13 17 0.023358786 
822 393 12 15 0.023348141 
481 259 16 21 0.023334019 
31 342 10 13 0.02332893 
413 264 8 10 0.02328637 
118 263 9 11 0.023284886 
505 330 10 13 0.023284163 
799 289 18 22 0.02327854 
881 492 10 11 0.023278119 
903 215 8 9 0.023274027 
671 300 9 13 0.023250045 
888 230 7 9 0.02323803 
190 325 9 13 0.023220599 
240 253 8 10 0.023217104 
760 230 9 10 0.023211272 
624 259 18 23 0.023205314 
193 309 9 11 0.02318696 
192 376 9 10 0.023167977 
406 266 17 22 0.023158344 
712 366 10 13 0.023155212 
275 270 10 12 0.02311479 
649 320 10 13 0.023105297 
277 318 10 12 0.023054343 
66 387 10 14 0.023026062 
917 263 9 11 0.023005879 
555 352 13 16 0.023004854 
826 355 11 13 0.023002423 
760 289 8 10 0.02300114 
735 288 16 23 0.022972107 
397 389 12 15 0.022957284 
11 405 10 12 0.022898983 
441 381 11 14 0.02287195 
822 470 10 13 0.022827778 
687 254 9 11 0.022777583 
630 287 10 12 0.022739705 
816 405 9 12 0.022734575 
894 448 18 23 0.02272862 
299 229 9 10 0.02271927 
653 285 11 12 0.022718286 
288 335 10 12 0.022716139 
733 331 9 12 0.022696678 
502 210 18 24 0.02269379 
631 208 8 10 0.022682393 
766 343 9 11 0.022675166 
897 225 8 9 0.022674425 
482 483 12 17 0.022670783 
751 439 10 12 0.022652531 
371 477 13 18 0.02264588 
320 287 16 23 0.022634925 
390 252 8 10 0.022552906 
61 484 11 14 0.02255106 
344 240 8 10 0.022503192 
228 426 10 13 0.022501513 
198 271 9 11 0.02249544 
327 461 12 17 0.022465743 
557 286 12 14 0.022455728 
910 450 20 25 0.022453012 
820 361 13 16 0.022432216 
713 246 8 10 0.022377755 
631 232 8 9 0.02236771 
408 232 7 8 0.022361122 
638 469 11 15 0.022323838 
957 251 11 15 0.022321112 
594 215 19 24 0.0223032 
751 322 16 22 0.022289338 
207 294 8 11 0.022278488 
487 350 10 13 0.022277419 
463 245 8 10 0.022261832 
430 290 10 11 0.022261491 
307 251 9 11 0.022253657 
808 254 7 10 0.022251934 
532 387 12 14 0.022233205 
901 224 9 10 0.02221127 
583 231 8 9 0.022205545 
208 265 17 23 0.022188613 
653 263 9 12 0.02218595 
727 287 9 11 0.022159282 
388 402 12 15 0.022158064 
598 254 9 12 0.022120137 
701 348 9 13 0.022117116 
753 302 8 11 0.022113303 
581 439 12 14 0.022093618 
815 319 11 13 0.022087742 
588 367 10 12 0.022080809 
96 263 9 11 0.022072092 
499 258 18 23 0.022070115 
675 413 12 16 0.022060731 
332 343 11 13 0.022042675 
638 405 10 13 0.022038585 
895 393 11 15 0.02203451 
487 313 17 22 0.02202872 
298 386 11 14 0.022016529 
458 270 8 10 0.022015233 
328 380 12 15 0.022011746 
943 265 8 10 0.02200681 
440 348 10 13 0.02200137 
655 208 7 9 0.02200095 
261 396 11 13 0.021950291 
320 473 12 16 0.021908164 
184 288 8 10 0.021904336 
730 239 19 23 0.021899574 
317 413 10 13 0.021876084 
449 288 17 22 0.021868138 
600 343 11 13 0.02184405 
352 232 8 8 0.02182308 
742 425 10 13 0.02181497 
288 241 17 23 0.02181412 
735 215 8 9 0.021812176 
100 275 18 22 0.02178741 
149 261 10 12 0.021771561 
235 252 8 10 0.021766273 
608 315 18 23 0.021756856 
799 415 18 22 0.021756815 
218 351 18 23 0.02174418 
511 243 9 11 0.02172761 
696 240 18 23 0.021710452 
700 342 11 13 0.02169434 
816 224 8 10 0.02169269 
974 216 9 10 0.021689408 
776 285 9 10 0.021677984 
740 299 10 12 0.021664593 
376 312 9 11 0.0216564 
926 278 8 11 0.021638827 
751 421 9 13 0.02162689 
847 239 8 9 0.0216244 
754 454 10 12 0.02161985 
968 368 9 12 0.02161113 
297 427 9 12 0.021592041 
303 452 20 22 0.021536581 
860 294 18 23 0.021530703 
560 274 11 14 0.021510895 
639 288 11 14 0.021503288 
74 14 394 467 0.021481473 
857 355 10 13 0.021460325 
751 309 8 12 0.021407712 
799 252 9 11 0.021403838 
689 320 10 13 0.021402888 
478 474 13 16 0.021360837 
643 268 9 13 0.02135533 
87 264 8 11 0.021346059 
516 387 12 15 0.021342931 
150 234 17 23 0.021306114 
677 275 10 13 0.02129996 
52 455 12 15 0.021286307 
253 277 9 10 0.021279791 
237 352 19 24 0.021266835 
712 262 18 24 0.021259738 
200 276 8 11 0.021255368 
620 444 11 14 0.021211872 
511 279 9 11 0.021208702 
442 277 9 12 0.021196423 
783 288 17 23 0.02117001 
638 368 11 15 0.021156406 
639 477 10 12 0.02114954 
1 339 10 14 0.02114204 
438 440 13 16 0.021141438 
264 440 10 12 0.02113676 
39 458 10 13 0.021113697 
454 233 17 24 0.021105638 
856 240 8 10 0.021105539 
245 216 19 25 0.021090074 
735 411 18 22 0.021084428 
249 310 8 11 0.021050109 
79 218 17 23 0.020985037 
743 311 9 11 0.020968216 
891 284 10 12 0.020960608 
550 232 18 23 0.020947536 
784 474 12 15 0.020944646 
526 277 9 11 0.020934578 
791 206 8 9 0.020928841 
217 241 8 10 0.02092391 
88 268 9 11 0.02091641 
152 218 18 23 0.020910466 
263 263 8 9 0.020877248 
822 344 11 13 0.02086605 
851 277 11 14 0.020836586 
760 264 17 22 0.0208068 
167 295 17 22 0.020787442 
495 286 9 11 0.020778883 
293 315 18 22 0.020764545 
550 261 10 12 0.020756219 
338 446 13 16 0.020736102 
54 382 9 13 0.020709567 
758 252 8 11 0.020688899 
831 263 9 11 0.020670706 
269 217 7 10 0.020668129 
886 274 18 22 0.020650484 
178 362 10 12 0.020645015 
551 278 9 11 0.020633679 
303 439 11 14 0.02062715 
164 373 11 12 0.020600738 
689 354 11 13 0.020595586 
606 254 10 12 0.0205902 
255 376 17 23 0.020571722 
440 263 18 22 0.020542352 
512 309 9 12 0.020540237 
928 292 9 12 0.020538645 
798 310 10 11 0.020536048 
952 288 10 12 0.020535072 
806 285 9 13 0.020525938 
114 240 9 11 0.020525131 
237 438 11 14 0.020487998 
752 287 8 11 0.020474134 
204 245 9 12 0.020466194 
350 264 8 10 0.020344552 
510 371 12 13 0.020335088 
975 222 8 10 0.020329803 
687 287 9 11 0.020324651 
85 244 9 11 0.02031718 
791 375 9 12 0.020309882 
829 284 10 12 0.02024436 
158 271 9 11 0.020242346 
727 263 8 10 0.020241035 
143 463 14 17 0.020230236 
461 373 12 14 0.020195398 
150 297 17 22 0.020185392 
527 232 18 25 0.020136656 
682 296 17 22 0.020124245 
409 240 8 10 0.020121548 
710 294 9 12 0.020098427 
589 403 10 13 0.020096568 
847 217 18 24 0.020088881 
449 256 8 9 0.02008886 
647 330 12 15 0.020087814 
250 290 17 23 0.020071412 
332 216 19 24 0.020056011 
303 347 17 22 0.020030359 
425 324 10 13 0.0200045 
