12_Group_Large_Group_12_Group_Large_Group_12_662
99
807 298 43 45 0.97089046 
393 213 26 28 0.5789261 
229 232 16 20 0.48588905 
441 273 21 25 0.43554863 
565 297 13 17 0.17367822 
241 232 14 19 0.16635397 
322 229 14 18 0.1641727 
324 182 11 13 0.15870972 
370 250 27 35 0.13232964 
54 229 25 32 0.1264617 
24 211 21 30 0.12448713 
788 297 33 43 0.122218035 
358 242 22 31 0.11965106 
222 236 22 26 0.111121595 
390 223 37 45 0.10960629 
43 232 27 31 0.09701933 
328 267 11 17 0.091893084 
382 251 32 35 0.08889083 
558 299 16 18 0.08321977 
1009 207 14 21 0.07728206 
629 300 10 11 0.07691449 
358 246 14 18 0.07125325 
463 433 34 34 0.07003011 
431 269 22 33 0.05236222 
405 240 29 39 0.048642755 
516 330 52 63 0.043039355 
62 227 13 19 0.042492036 
514 356 14 15 0.041470367 
26 466 10 13 0.04128497 
344 286 10 13 0.040174514 
61 237 23 33 0.038552836 
444 431 66 56 0.037022203 
978 534 15 20 0.03691433 
321 185 12 15 0.03604252 
39 411 11 13 0.034869827 
494 230 11 15 0.03411246 
322 221 15 18 0.0336317 
332 262 12 17 0.03303091 
327 286 11 13 0.032788094 
483 308 10 14 0.032365657 
342 276 12 14 0.031060418 
408 224 19 24 0.030684039 
267 224 16 20 0.030581778 
348 330 17 20 0.030578164 
529 286 11 15 0.030564526 
400 412 67 49 0.030444589 
413 274 23 34 0.030359128 
345 266 22 25 0.030275123 
342 206 12 15 0.030178618 
76 246 12 16 0.02909974 
996 204 24 33 0.02895343 
389 221 18 21 0.028642904 
365 263 22 31 0.028080253 
461 99 436 453 0.028016025 
326 248 11 16 0.02776633 
548 297 25 28 0.027727358 
223 230 16 19 0.027711475 
68 233 13 19 0.027640885 
84 252 11 15 0.027352044 
493 362 10 14 0.027315648 
331 229 14 19 0.02727604 
234 235 16 22 0.02714342 
555 331 32 39 0.026959505 
489 359 11 14 0.02658658 
345 292 10 13 0.02639241 
394 229 21 22 0.026287565 
257 249 17 20 0.026070151 
46 236 16 19 0.026012309 
573 376 12 15 0.025742605 
69 241 13 20 0.025592025 
52 228 17 20 0.02489731 
499 353 11 16 0.024541333 
757 372 54 72 0.02436489 
207 237 11 15 0.024243915 
425 278 23 33 0.024107829 
403 204 16 20 0.023661003 
341 229 13 16 0.023504604 
15 519 22 33 0.023477318 
22 486 13 16 0.023139017 
80 216 10 11 0.023094233 
347 248 26 31 0.022835756 
86 220 8 11 0.022661569 
37 211 28 32 0.02252648 
480 305 9 12 0.022211054 
963 388 48 53 0.02212855 
258 229 24 29 0.021998174 
30 204 25 33 0.021650538 
321 273 11 15 0.021360215 
264 205 9 10 0.021290466 
402 240 18 23 0.021140173 
420 250 24 35 0.021094764 
572 288 13 16 0.02098037 
935 419 26 28 0.020864569 
214 242 13 15 0.020662038 
1000 612 24 38 0.020583658 
337 261 22 27 0.020375157 
410 407 27 26 0.020344352 
70 249 15 20 0.02026762 
383 218 17 19 0.020189717 
