12_Group_Team_Organized_Group_12_Group_Team_Organized_Group_12_583
98
814 292 60 77 0.9936672 
571 221 25 33 0.9918451 
922 249 37 45 0.9750669 
525 275 42 56 0.96026665 
143 44 34 38 0.9448055 
252 226 57 58 0.9253043 
828 226 29 34 0.89552957 
994 156 24 29 0.68176687 
701 144 22 25 0.6703071 
832 177 20 21 0.59505785 
434 217 24 30 0.43646938 
394 179 18 22 0.35394457 
364 76 14 20 0.3217558 
666 193 25 30 0.23989883 
534 137 25 31 0.20745635 
990 229 23 34 0.20214947 
246 54 47 58 0.12939449 
544 222 29 36 0.12552278 
853 202 17 20 0.10885939 
491 102 25 32 0.09919296 
591 299 35 40 0.0753403 
554 217 43 50 0.07305683 
890 219 16 19 0.06640822 
674 302 68 58 0.06407701 
462 225 27 32 0.06257997 
758 139 14 18 0.05518199 
924 216 18 23 0.0544331 
371 117 46 53 0.051475152 
819 198 17 22 0.049960494 
490 86 28 35 0.047447506 
876 208 14 19 0.044875484 
601 105 41 48 0.04245042 
826 187 21 28 0.041344576 
354 66 45 61 0.04105981 
548 56 52 69 0.040680967 
835 191 16 21 0.040015306 
361 74 25 34 0.039182477 
291 78 54 69 0.038752906 
700 156 19 21 0.03719642 
271 67 51 63 0.036872275 
476 29 33 48 0.035910077 
259 67 18 21 0.034425363 
116 78 11 15 0.033023506 
772 140 13 18 0.0313558 
227 37 75 96 0.031346884 
492 79 44 54 0.029927297 
992 213 30 39 0.02942153 
366 86 14 19 0.028548555 
329 50 80 110 0.028204698 
839 182 17 21 0.027799353 
762 144 17 22 0.02769162 
996 171 18 23 0.027238395 
370 71 25 31 0.027183628 
756 170 17 20 0.026594501 
621 291 13 18 0.026471518 
564 248 29 33 0.026018677 
584 174 31 34 0.02570787 
930 209 16 20 0.025703847 
876 164 14 18 0.025631225 
407 92 15 18 0.025224665 
920 223 26 33 0.02503622 
747 155 14 18 0.024551854 
524 131 40 50 0.02415331 
931 203 14 17 0.024133796 
933 172 12 15 0.02355985 
242 232 86 86 0.023518836 
989 153 37 50 0.023399254 
303 95 57 73 0.023054885 
705 195 17 20 0.023036309 
508 27 12 14 0.022658443 
411 104 13 17 0.021842662 
711 155 23 27 0.021655433 
377 139 45 52 0.021587025 
701 170 16 18 0.021568952 
361 71 12 16 0.021559095 
650 93 114 131 0.021520726 
901 153 15 17 0.021508416 
360 86 53 69 0.02147817 
688 294 38 34 0.021332111 
740 171 16 18 0.021226924 
855 70 11 14 0.021077452 
779 145 16 20 0.020999668 
821 138 13 15 0.020870747 
902 148 24 27 0.02082097 
908 198 22 27 0.020794243 
483 67 30 37 0.02077324 
609 137 32 34 0.020766554 
764 134 14 16 0.02069778 
771 314 50 63 0.020638764 
782 116 13 16 0.020544909 
85 60 32 38 0.020497221 
807 118 10 13 0.02040108 
480 56 46 63 0.020388892 
565 72 56 69 0.020343648 
822 200 24 29 0.020258605 
822 113 14 17 0.020169675 
885 212 14 18 0.020130774 
105 25 15 18 0.020012623 
