12_Group_Group_12_Group_Group_12_165
25
507 206 50 67 0.999426 
606 182 46 60 0.9994172 
915 233 51 63 0.99927825 
789 230 42 53 0.9978776 
186 235 43 55 0.9973717 
694 254 45 55 0.9967714 
551 97 39 50 0.99642783 
683 111 39 52 0.9945463 
408 120 40 56 0.99375904 
442 203 42 55 0.9930561 
52 192 41 57 0.9927643 
252 123 39 50 0.9916284 
315 213 41 54 0.9906777 
552 164 39 50 0.06692304 
381 195 43 58 0.043515276 
193 659 27 29 0.03949111 
590 178 26 39 0.037347835 
981 121 40 60 0.027743869 
594 186 14 20 0.024772307 
486 219 11 15 0.023936886 
268 94 13 15 0.023517346 
773 245 11 16 0.023203483 
235 665 25 28 0.022614852 
516 184 50 63 0.022174155 
766 262 22 32 0.02090682 
