12_Group_Large_Group_12_Group_Large_Group_12_103
112
820 166 25 32 0.9979436 
772 193 29 38 0.9969812 
309 188 45 56 0.99677604 
401 204 27 40 0.99570435 
913 292 57 65 0.9952663 
105 149 44 52 0.99246466 
501 189 39 50 0.992187 
532 173 27 37 0.9901896 
638 141 27 31 0.9874462 
737 132 23 29 0.9835712 
509 127 19 25 0.9584421 
360 136 21 27 0.9568897 
922 181 20 33 0.94738746 
492 316 82 116 0.9415566 
297 161 22 31 0.87998724 
400 151 20 26 0.81799227 
644 222 34 59 0.74727595 
385 158 22 26 0.44842252 
663 128 23 29 0.41714138 
193 475 94 115 0.38063374 
379 164 19 22 0.3649664 
160 172 28 35 0.3396921 
409 151 17 22 0.33196723 
692 200 32 43 0.26760447 
579 181 25 33 0.23005293 
313 123 21 28 0.19587502 
444 148 15 21 0.14641678 
260 462 62 105 0.14081442 
406 136 10 12 0.13497995 
702 191 28 35 0.1341325 
417 139 16 21 0.115142755 
333 163 25 32 0.09363529 
401 139 13 15 0.085472144 
929 178 28 30 0.08203672 
739 194 17 21 0.078193896 
526 164 13 18 0.07791169 
1 218 26 45 0.074097544 
455 204 20 29 0.07294119 
625 214 29 38 0.06694927 
591 239 27 30 0.064698584 
233 261 55 54 0.06409685 
98 324 28 37 0.06404774 
420 143 22 28 0.06384861 
636 210 31 49 0.062357325 
302 120 24 33 0.061894644 
451 148 14 22 0.059255574 
691 197 20 25 0.058038525 
523 162 23 29 0.05653493 
678 218 39 56 0.05553504 
658 230 35 44 0.053672425 
408 157 23 32 0.04859415 
464 197 21 27 0.04760674 
66 288 14 15 0.047498867 
767 177 25 32 0.046741515 
930 191 27 32 0.046550445 
281 167 25 34 0.045709208 
580 196 18 22 0.045392875 
956 258 49 62 0.04485417 
414 207 32 39 0.044573586 
345 170 16 21 0.043786943 
438 140 14 18 0.040091246 
402 139 23 29 0.03728878 
389 150 15 20 0.036945008 
942 294 36 45 0.0368137 
471 194 18 21 0.036312737 
620 148 13 19 0.031956024 
580 194 31 36 0.03182639 
481 206 21 32 0.030845555 
137 265 31 36 0.030737417 
614 147 12 19 0.030526018 
938 196 30 33 0.030515395 
249 208 16 18 0.029877292 
730 193 21 29 0.02954966 
394 167 24 31 0.02919403 
754 132 14 19 0.02916136 
940 172 27 30 0.029043537 
452 159 16 22 0.0286274 
414 135 12 14 0.027920315 
308 166 29 35 0.027389849 
210 285 26 32 0.026291728 
272 180 27 35 0.025898984 
758 174 23 27 0.025780128 
588 219 29 38 0.025632199 
550 345 81 105 0.025490783 
351 140 24 29 0.025489073 
58 287 24 24 0.025436921 
362 228 26 32 0.025133071 
-1 206 21 41 0.024726154 
646 131 28 35 0.02471178 
713 201 24 34 0.024074987 
417 157 17 23 0.024023784 
1 212 44 70 0.023541 
600 244 33 40 0.023146303 
626 227 19 23 0.023008766 
695 181 31 34 0.022836363 
309 135 27 33 0.022675237 
500 181 30 33 0.022644555 
488 201 27 35 0.022529354 
147 171 28 36 0.022146434 
779 177 27 34 0.021638917 
579 171 18 22 0.02162859 
913 190 30 41 0.021491343 
221 241 51 58 0.021458257 
709 224 28 48 0.02116233 
319 167 31 39 0.021127656 
62 175 41 50 0.02090764 
288 160 39 51 0.020866616 
527 153 23 29 0.02083563 
371 171 23 27 0.020776713 
358 183 18 20 0.020701934 
714 192 20 25 0.020443449 
539 183 28 36 0.020285513 
