12_Group_Group_12_Group_Group_12_268
56
368 208 34 42 0.99912304 
626 218 35 46 0.99900836 
459 326 35 46 0.9988907 
150 262 32 40 0.99880445 
245 348 36 47 0.9986792 
809 224 28 37 0.99865687 
218 209 35 41 0.9986351 
485 190 34 46 0.9985208 
757 211 32 42 0.9984224 
585 364 37 46 0.9984073 
707 384 38 45 0.99833626 
444 215 36 45 0.9975846 
702 191 31 41 0.99736506 
853 230 34 41 0.99718374 
570 222 34 46 0.9970944 
306 243 29 37 0.99694186 
894 209 36 46 0.9955283 
104 244 36 45 0.99541026 
912 319 38 47 0.99527574 
810 393 40 48 0.9947919 
342 356 42 51 0.9848663 
157 348 38 49 0.98282546 
724 261 39 45 0.9821796 
240 92 24 28 0.929047 
602 199 31 39 0.73555267 
426 165 27 31 0.63941693 
155 219 16 21 0.14512569 
768 429 23 31 0.113641344 
228 295 17 20 0.09804931 
280 323 30 36 0.070657946 
562 394 17 22 0.06012163 
149 225 25 30 0.059611842 
861 367 17 21 0.05373459 
467 198 38 51 0.041863143 
658 145 7 9 0.041536085 
586 220 30 40 0.038001373 
685 152 8 10 0.03730537 
599 152 8 10 0.031601865 
655 151 8 10 0.030931752 
631 151 9 11 0.029115353 
281 343 31 36 0.028197246 
245 78 27 33 0.02737658 
901 227 27 39 0.026944963 
634 183 23 27 0.026712498 
546 150 8 12 0.026091704 
851 382 22 30 0.023878666 
641 66 11 14 0.023457205 
301 401 15 19 0.023320558 
649 158 8 10 0.022695726 
857 374 20 28 0.022200946 
572 197 13 16 0.021752672 
312 393 28 34 0.021337375 
608 226 23 33 0.02105564 
856 398 22 36 0.020717174 
531 263 27 32 0.020637546 
580 183 27 31 0.020215992 
