12_Group_Large_Group_12_Group_Large_Group_12_613
18
793 123 22 26 0.9403219 
461 124 21 27 0.936746 
532 120 19 24 0.71132493 
844 132 22 25 0.6648049 
624 119 20 22 0.657534 
908 130 19 20 0.60526687 
257 98 19 21 0.49975613 
966 146 21 24 0.23312096 
864 106 18 21 0.13793835 
847 111 39 47 0.03882976 
871 189 9 11 0.034022924 
460 326 27 32 0.029102204 
511 463 10 14 0.027506892 
719 495 61 56 0.02670468 
973 192 16 18 0.020935163 
644 151 22 28 0.020682035 
936 196 13 17 0.020535648 
889 140 14 18 0.020232338 
