12_Group_Large_Group_12_Group_Large_Group_12_315
251
754 267 31 39 0.99928916 
496 380 29 36 0.9986695 
808 385 37 48 0.998613 
794 258 27 35 0.9983461 
181 408 24 32 0.9980393 
683 275 25 31 0.99776614 
578 406 34 43 0.99773705 
693 411 34 40 0.99760985 
646 305 31 37 0.99754167 
898 352 15 20 0.9957624 
257 410 22 29 0.9936486 
600 302 26 32 0.9933435 
368 360 24 29 0.9931612 
116 425 26 32 0.99102837 
535 331 22 29 0.99093634 
396 257 14 18 0.9876017 
435 226 13 16 0.98754233 
354 280 15 19 0.98669946 
498 272 17 19 0.98460686 
478 330 23 28 0.9845546 
948 449 23 27 0.98359585 
926 410 21 25 0.9831761 
228 334 20 26 0.98278666 
386 290 15 18 0.98198444 
157 341 20 26 0.9817178 
322 352 17 20 0.9808476 
453 282 15 18 0.97970486 
334 380 21 27 0.9796801 
193 316 18 22 0.974779 
404 295 18 22 0.97268 
311 279 17 21 0.9692843 
504 315 20 26 0.96602046 
455 214 13 16 0.9650908 
119 347 21 25 0.9650828 
447 329 20 25 0.96222 
369 319 19 25 0.96143293 
480 220 13 16 0.9598923 
186 341 21 26 0.959852 
287 315 17 21 0.9574138 
476 263 15 18 0.9573335 
488 304 18 21 0.9567788 
293 359 20 25 0.9556819 
382 269 14 18 0.954679 
414 266 14 18 0.95392334 
881 393 19 24 0.9484621 
553 236 15 19 0.94420445 
389 313 16 22 0.93467844 
861 410 21 26 0.93034166 
431 315 16 19 0.9214572 
536 254 15 19 0.9099578 
264 336 20 26 0.8982512 
455 233 13 16 0.8913585 
953 384 17 22 0.88840663 
420 241 13 16 0.8880602 
209 339 17 23 0.8817244 
445 260 12 16 0.8662848 
883 419 19 24 0.85107344 
518 209 12 15 0.8471316 
495 242 13 17 0.83834285 
347 308 17 21 0.8357119 
499 214 10 13 0.7881521 
429 348 20 24 0.785148 
527 234 11 14 0.7851206 
580 220 11 15 0.78489226 
534 211 11 14 0.77852196 
507 230 11 14 0.76671576 
569 237 14 18 0.73341227 
555 213 12 14 0.5960329 
608 203 10 12 0.58739835 
475 241 13 16 0.5807825 
567 200 9 12 0.56928396 
668 167 9 12 0.5173083 
319 323 18 21 0.5038508 
594 215 11 13 0.48919398 
704 144 10 12 0.48306537 
658 184 11 13 0.45167482 
135 328 16 20 0.4424314 
612 218 12 15 0.38404587 
751 132 8 10 0.36617467 
680 149 9 11 0.36146787 
797 137 9 11 0.35353354 
613 166 9 11 0.3343978 
665 145 9 11 0.3333063 
517 598 28 34 0.32812247 
872 413 19 27 0.3239572 
541 289 23 26 0.30677626 
812 130 10 13 0.30631787 
595 190 10 12 0.3038549 
342 345 17 22 0.26840574 
724 136 8 11 0.23710623 
592 219 11 14 0.21365513 
610 183 9 11 0.18691698 
270 371 15 21 0.17848587 
679 162 11 13 0.1767314 
377 315 19 25 0.17494045 
423 293 13 18 0.16521318 
656 160 8 11 0.15975308 
517 245 12 15 0.15446249 
570 282 15 18 0.15412189 
459 253 12 14 0.14476703 
908 394 17 20 0.14441499 
696 142 10 12 0.1438313 
292 418 19 22 0.14117272 
572 199 11 13 0.13999172 
591 208 9 11 0.13644525 
976 434 16 20 0.13412285 
611 252 15 20 0.12808572 
724 139 10 14 0.119006105 
514 251 14 17 0.11165164 
692 167 10 13 0.10198579 
179 501 17 22 0.099920586 
252 337 19 25 0.09674266 
793 152 8 11 0.09536423 
500 219 11 14 0.09309802 
500 236 13 15 0.08937477 
573 229 13 17 0.088484325 
668 148 10 12 0.08846947 
832 78 10 13 0.08837726 
530 230 13 16 0.08837 
126 335 20 24 0.087751605 
217 337 20 27 0.079569235 
512 258 13 16 0.07822546 
199 472 107 137 0.07435149 
707 146 10 13 0.07327732 
458 242 13 16 0.07217796 
584 206 9 11 0.07144975 
611 213 10 14 0.068934254 
476 251 13 17 0.06830802 
835 91 12 16 0.06685491 
551 268 13 15 0.066346 
687 165 10 13 0.06444133 
611 198 11 14 0.061780587 
665 170 12 14 0.06167671 
467 307 15 19 0.06091266 
733 112 11 14 0.06059214 
683 148 12 14 0.060568202 
839 140 10 12 0.05933956 
497 248 15 18 0.05884926 
402 260 13 17 0.05863473 
693 193 12 15 0.058234517 
608 228 11 14 0.057722427 
243 337 15 21 0.05692318 
826 124 9 12 0.0556599 
727 146 11 15 0.05515285 
170 325 17 21 0.054313716 
557 207 10 13 0.05363827 
526 211 11 15 0.05221063 
484 237 12 15 0.051264025 
777 159 10 11 0.05120568 
521 237 11 13 0.049553268 
462 260 11 14 0.048388466 
486 243 12 16 0.04837694 
565 615 16 20 0.047437094 
525 239 13 17 0.046767578 
534 248 11 14 0.046298493 
482 260 14 19 0.045571063 
704 166 10 12 0.044060808 
830 123 11 14 0.04355917 
844 134 10 13 0.043369796 
593 185 10 12 0.04289093 
833 115 15 19 0.042781916 
605 233 12 15 0.04265336 
912 383 17 22 0.041023567 
812 158 13 15 0.040807873 
539 208 11 13 0.040630743 
330 347 16 21 0.03953804 
830 142 10 11 0.03867407 
605 199 19 22 0.037382264 
561 307 16 20 0.037356235 
548 382 25 32 0.036936942 
838 61 10 11 0.036481276 
656 175 9 12 0.036320735 
515 212 10 13 0.035816703 
393 290 17 22 0.03519079 
795 140 9 12 0.03506257 
506 269 15 19 0.03500111 
120 321 23 25 0.03474638 
611 223 14 18 0.034441765 
454 251 12 16 0.034211796 
825 143 9 11 0.034110744 
116 326 16 19 0.033652563 
896 391 19 24 0.03324732 
139 330 22 27 0.033176616 
662 223 9 11 0.03303695 
494 257 13 17 0.03296413 
249 333 14 17 0.03277571 
553 618 16 21 0.032610513 
581 200 9 12 0.032542292 
541 248 11 15 0.032442525 
813 139 11 13 0.032386415 
496 209 10 14 0.032321624 
597 208 10 11 0.032262612 
213 489 16 21 0.03212251 
607 173 10 12 0.031665865 
492 316 22 27 0.031193579 
807 140 10 13 0.03092433 
774 137 8 10 0.030843766 
610 161 9 11 0.030823901 
592 195 10 12 0.03073534 
546 301 17 21 0.030560724 
496 306 18 21 0.02992283 
596 229 12 16 0.029753532 
365 346 15 19 0.029600289 
601 176 9 11 0.029446166 
534 271 13 17 0.02918937 
732 165 10 13 0.028969401 
563 217 13 16 0.028834684 
261 346 18 23 0.028709859 
548 275 16 17 0.028573746 
905 408 17 21 0.028350184 
427 242 13 16 0.027983231 
538 217 13 16 0.027920024 
496 227 10 14 0.02760146 
564 195 18 21 0.027272174 
78 317 12 16 0.027249616 
188 323 21 27 0.026816018 
549 259 14 17 0.026719082 
670 159 11 14 0.026708191 
438 325 19 25 0.026581544 
661 159 10 12 0.026423888 
672 158 20 24 0.026343804 
84 315 14 18 0.025850244 
450 265 13 16 0.025621591 
743 143 10 13 0.025236137 
833 82 14 20 0.02512836 
833 112 9 11 0.024929436 
392 304 21 25 0.024094148 
268 382 17 21 0.023874255 
695 158 11 14 0.023845172 
437 244 11 14 0.023757441 
795 148 12 15 0.022901766 
376 272 14 18 0.02287259 
676 145 20 25 0.022773454 
74 348 13 17 0.022745883 
682 156 12 17 0.022652904 
579 240 14 18 0.022618264 
454 316 14 17 0.02247005 
607 246 13 17 0.02241869 
597 195 11 13 0.022060927 
414 27 212 237 0.021916175 
710 238 13 16 0.021891566 
839 148 11 14 0.021422962 
460 313 16 19 0.021181202 
566 286 15 21 0.020831902 
829 148 10 13 0.020756265 
208 495 23 28 0.020669432 
440 265 13 17 0.020398455 
830 132 11 14 0.020309381 
732 149 10 13 0.020288045 
448 286 15 19 0.020172501 
444 229 11 15 0.020091007 
