12_Group_Team_Organized_Group_12_Group_Team_Organized_Group_12_855
60
805 280 31 35 0.9957837 
746 278 27 32 0.99009997 
724 250 25 29 0.9717727 
889 240 29 37 0.9678191 
674 285 25 29 0.8262234 
825 340 24 30 0.70826036 
799 374 35 38 0.30030107 
735 250 26 28 0.18549185 
936 490 13 17 0.11177405 
536 443 11 15 0.110907026 
661 337 16 18 0.105175324 
352 407 9 11 0.09362065 
736 267 26 32 0.09306078 
220 267 22 27 0.07166125 
990 409 25 31 0.066074975 
980 420 23 32 0.05743863 
680 347 12 15 0.05721565 
160 465 11 14 0.056926038 
651 337 15 18 0.056180768 
359 456 11 12 0.05531461 
629 269 30 33 0.05202484 
78 474 10 13 0.05060275 
808 350 17 20 0.047798246 
1011 411 12 18 0.041353777 
900 296 39 49 0.037209027 
608 381 13 16 0.037038054 
823 426 15 17 0.036955826 
1003 409 17 21 0.036929514 
322 389 15 19 0.032154292 
976 491 13 16 0.031435486 
682 276 18 23 0.030361464 
688 283 16 21 0.030213134 
975 427 14 18 0.030145569 
752 252 16 20 0.029895008 
583 398 11 14 0.029590389 
630 288 14 19 0.028774066 
745 261 27 33 0.028133156 
343 453 7 10 0.027700491 
727 271 19 23 0.027629394 
707 253 13 16 0.027437396 
143 478 9 10 0.026781349 
600 267 17 21 0.026395345 
336 452 8 10 0.026321786 
328 454 8 10 0.02609011 
391 419 24 31 0.026038453 
896 235 22 26 0.025375124 
150 469 8 10 0.025139768 
614 323 10 12 0.024065858 
990 407 16 19 0.023951387 
176 345 123 172 0.023678785 
667 344 14 16 0.023270508 
263 488 9 11 0.021697054 
229 523 11 11 0.021657342 
168 393 15 17 0.021351196 
635 297 13 15 0.021181518 
180 473 15 17 0.021132352 
645 290 13 16 0.020765493 
997 429 15 20 0.02027405 
706 251 23 29 0.02008358 
499 464 13 17 0.020029373 
