12_Group_Large_Group_12_Group_Large_Group_12_107
77
549 193 29 38 0.9996996 
700 194 31 41 0.99963176 
546 297 34 43 0.99942195 
469 377 36 43 0.99938893 
465 202 31 35 0.9993766 
636 313 34 44 0.99916875 
300 201 35 40 0.9990496 
757 198 34 43 0.9989819 
590 206 32 42 0.9989623 
233 176 34 44 0.99876523 
296 324 37 43 0.99865 
512 208 31 37 0.99846834 
616 181 28 33 0.99836355 
385 315 37 47 0.99800247 
409 206 31 35 0.99794203 
161 203 35 45 0.9975085 
432 240 34 40 0.99680185 
643 216 32 37 0.9966625 
717 374 39 47 0.9965959 
837 192 38 48 0.9961205 
78 210 44 54 0.9944922 
187 377 43 53 0.99369615 
346 217 28 35 0.99271834 
915 204 14 18 0.21676525 
691 169 17 21 0.19229741 
732 180 16 20 0.19119146 
893 182 10 14 0.1511557 
845 166 24 27 0.15103632 
886 160 11 14 0.09821717 
853 166 14 17 0.08018915 
909 187 15 18 0.076189466 
860 170 14 16 0.0758407 
220 346 29 33 0.07220884 
227 354 16 19 0.06978158 
905 194 22 26 0.061392184 
386 167 26 31 0.05482042 
866 172 12 15 0.054152172 
785 149 11 14 0.043187395 
917 180 13 19 0.04135881 
925 179 14 21 0.038159363 
636 162 22 26 0.037246987 
427 197 26 31 0.03719254 
867 167 10 12 0.037109546 
785 145 9 11 0.0362235 
900 182 12 15 0.035319775 
31 656 11 13 0.034748126 
396 155 16 19 0.03381686 
759 173 12 15 0.033692412 
822 156 14 17 0.033618156 
522 170 15 18 0.03293397 
446 372 19 27 0.029816132 
911 185 22 27 0.029636811 
901 187 14 17 0.029356947 
214 10 37 48 0.028819079 
229 343 16 18 0.028440667 
-4 283 29 61 0.027503073 
812 139 10 14 0.026989294 
276 322 25 33 0.026932465 
204 150 16 21 0.02600815 
881 158 10 13 0.025876371 
679 157 12 14 0.025488755 
883 157 19 24 0.024886614 
854 160 11 14 0.024794083 
35 519 13 15 0.024465201 
52 387 51 50 0.024297813 
253 92 25 33 0.023890242 
889 181 21 27 0.023655068 
849 330 171 226 0.023569174 
208 333 12 18 0.023030363 
231 338 30 34 0.022915907 
609 190 28 32 0.022370081 
144 387 23 31 0.021003915 
209 339 29 36 0.02082308 
836 159 23 30 0.020506304 
217 71 22 29 0.020276424 
934 468 9 12 0.020131687 
827 161 13 16 0.020045022 
