12_Group_Large_Group_12_Group_Large_Group_12_849
64
211 219 16 18 0.9541936 
778 341 17 23 0.93144494 
435 305 13 17 0.5256611 
394 325 19 22 0.38926813 
651 356 18 20 0.18887523 
441 308 12 15 0.12908871 
590 432 25 42 0.117652446 
365 374 30 37 0.11109072 
645 357 16 20 0.09573165 
803 348 24 35 0.09538141 
323 516 66 54 0.09205518 
207 223 22 26 0.066662006 
207 231 13 17 0.06522794 
672 419 14 17 0.05673936 
641 445 29 44 0.05636771 
134 226 13 16 0.055151638 
816 322 40 49 0.051129352 
805 335 37 52 0.047241066 
781 346 27 40 0.046629872 
299 326 18 19 0.045483172 
376 368 31 34 0.041151457 
387 336 18 20 0.03964387 
401 301 10 13 0.039085433 
399 327 24 26 0.03883653 
380 379 15 18 0.037582222 
377 325 50 51 0.036973707 
357 381 27 33 0.036253244 
445 237 11 14 0.035011563 
827 318 27 34 0.03415765 
2 506 43 63 0.034059487 
371 380 16 21 0.03380947 
267 203 12 17 0.033339147 
197 246 11 14 0.03229878 
200 214 41 55 0.03199833 
767 366 15 22 0.031782195 
787 114 46 56 0.031249614 
772 355 25 37 0.030663658 
379 337 29 33 0.028458865 
421 338 16 23 0.027360123 
255 236 12 14 0.027359981 
282 362 15 21 0.026533343 
171 239 11 14 0.026251998 
722 400 27 36 0.026201958 
390 318 12 14 0.025654314 
148 228 15 17 0.025276907 
390 312 10 12 0.025123939 
812 341 15 21 0.024675345 
804 363 17 25 0.02399051 
252 220 10 13 0.023616508 
237 175 9 11 0.023195349 
333 398 13 16 0.02307566 
377 350 31 35 0.022890449 
251 258 16 22 0.02271636 
208 164 10 12 0.022696376 
408 258 11 14 0.022689426 
157 221 12 14 0.022432221 
320 524 109 81 0.021757076 
811 368 13 18 0.021409541 
383 328 16 19 0.021105919 
431 311 14 17 0.021100825 
754 346 39 51 0.020953232 
264 199 11 14 0.020807806 
233 175 8 11 0.020159354 
815 318 27 32 0.020119248 
