12_Group_Team_Organized_Group_12_Group_Team_Organized_Group_12_28
48
927 240 26 34 0.9989073 
432 263 29 36 0.9982863 
599 268 29 35 0.9976851 
212 0 59 47 0.9964393 
985 286 29 37 0.9952539 
521 255 39 52 0.99118716 
681 51 45 55 0.99064386 
468 257 23 28 0.93500316 
142 268 22 30 0.9334964 
824 274 21 32 0.88914895 
879 275 23 29 0.8733481 
13 217 25 31 0.8733191 
998 244 20 28 0.8546798 
966 255 24 27 0.843535 
338 257 22 27 0.37527713 
783 260 20 26 0.24256915 
60 230 16 20 0.24121647 
788 346 35 35 0.18536094 
962 265 25 31 0.16172451 
104 11 49 62 0.14869611 
332 265 16 20 0.14755268 
832 282 25 32 0.0855297 
463 273 28 42 0.07052171 
983 248 24 31 0.06473456 
332 245 23 29 0.06250955 
782 271 16 22 0.06240172 
671 258 21 30 0.05776956 
4 221 25 35 0.05267412 
167 8 32 37 0.05215699 
960 277 23 30 0.04470019 
365 317 22 27 0.034946144 
3 218 17 23 0.033325907 
89 230 25 28 0.03177441 
1002 363 15 22 0.03177196 
201 1 45 35 0.031130712 
83 211 27 31 0.030061668 
156 155 22 33 0.02918475 
139 0 53 53 0.028296225 
975 251 19 24 0.027574413 
871 277 17 24 0.026790813 
183 3 35 31 0.026474278 
326 276 24 29 0.025212921 
890 284 16 22 0.024991255 
328 273 15 19 0.02352914 
843 285 23 31 0.022430886 
154 243 14 18 0.021552622 
140 261 16 22 0.021296374 
468 291 18 25 0.02081927 
