12_Group_Group_12_Group_Group_12_59
45
592 123 25 31 0.99874914 
806 146 29 38 0.9959843 
173 109 26 36 0.99331313 
274 86 19 27 0.9896734 
522 90 22 31 0.9830141 
117 88 22 32 0.9825456 
417 85 18 23 0.9750064 
746 175 22 35 0.89862376 
471 64 19 25 0.4326667 
307 528 70 83 0.40635434 
388 118 15 21 0.32595736 
230 243 44 59 0.30934906 
778 175 27 34 0.30926427 
488 130 13 18 0.2399301 
393 121 17 23 0.19185928 
203 114 22 29 0.1089101 
7 275 43 64 0.08094274 
401 123 19 23 0.07399112 
190 114 24 31 0.06681042 
153 114 31 38 0.051781416 
482 103 14 19 0.04610033 
318 109 11 16 0.041830685 
779 171 17 24 0.040972393 
443 111 16 22 0.040893864 
789 197 27 34 0.037083693 
791 183 18 24 0.036326434 
195 236 51 67 0.034439776 
993 267 31 66 0.03421924 
111 91 19 23 0.033970635 
311 158 18 23 0.03162582 
282 457 117 95 0.02933319 
0 311 25 37 0.0259724 
321 528 99 113 0.025754556 
770 187 29 33 0.023910537 
803 205 16 24 0.023893533 
220 258 36 47 0.023838673 
465 67 13 18 0.023049276 
387 109 16 20 0.022546358 
196 176 49 51 0.021933245 
295 442 71 55 0.021767283 
270 84 35 47 0.021322776 
222 216 76 106 0.021078853 
463 81 13 18 0.020832125 
597 454 39 53 0.020632748 
253 239 29 47 0.020171687 
