12_Group_Team_Organized_Group_12_Group_Team_Organized_Group_12_186
117
468 309 29 36 0.99978656 
69 157 30 37 0.99975497 
859 326 31 39 0.9997143 
14 180 30 37 0.9996469 
309 382 28 34 0.999622 
716 352 29 36 0.99961 
970 342 30 39 0.9995414 
191 175 29 36 0.9995216 
529 343 27 35 0.99952066 
823 198 29 36 0.9995096 
200 360 33 39 0.9995043 
900 194 28 34 0.9994771 
395 368 27 35 0.9993692 
162 146 29 34 0.9993637 
448 392 29 37 0.9992481 
674 192 26 33 0.99924266 
367 192 26 34 0.99918133 
601 185 23 32 0.9991479 
340 313 25 31 0.99911815 
400 146 25 32 0.99911064 
224 202 28 36 0.9990533 
298 271 24 31 0.99902046 
598 362 28 33 0.9990074 
327 156 24 32 0.9990004 
560 197 25 31 0.9987999 
111 171 29 37 0.9987546 
656 368 28 36 0.9987198 
752 223 29 37 0.9987035 
719 175 24 31 0.9985393 
762 155 23 29 0.99847645 
268 196 27 33 0.99790996 
364 158 25 31 0.99725807 
584 155 24 29 0.9971239 
146 191 31 36 0.99706167 
696 218 27 34 0.9967415 
251 146 26 29 0.9964154 
461 191 24 30 0.99625105 
496 164 22 29 0.99561274 
516 194 23 28 0.9937843 
575 112 21 28 0.99284476 
626 206 24 27 0.99222684 
674 156 22 27 0.9875661 
723 145 21 25 0.9841868 
284 169 22 26 0.98237383 
449 163 20 25 0.9821646 
511 103 20 23 0.9088294 
386 457 21 27 0.6534054 
415 339 21 29 0.36106712 
442 575 25 27 0.28324053 
745 120 18 22 0.1726818 
777 443 29 39 0.1642164 
614 147 25 28 0.14577271 
428 154 17 21 0.11457565 
399 19 23 26 0.110133395 
525 75 16 18 0.09331407 
902 168 15 20 0.08051552 
450 477 26 27 0.08039606 
288 394 16 20 0.07786751 
382 25 14 17 0.071997255 
503 64 11 13 0.06738583 
402 7 23 28 0.06605256 
531 98 14 19 0.06367271 
522 101 15 19 0.062915295 
437 158 21 27 0.062217206 
606 332 13 16 0.061586663 
483 145 15 18 0.06099118 
516 145 17 19 0.060757045 
339 390 18 23 0.060591187 
559 115 12 18 0.05880946 
487 385 25 31 0.05519532 
390 540 16 19 0.054939836 
273 143 24 27 0.05126692 
803 230 15 19 0.050591778 
390 63 14 16 0.047867745 
338 274 15 19 0.045852967 
360 58 11 14 0.043426234 
851 199 20 27 0.041165583 
354 42 12 14 0.04087657 
531 123 14 18 0.03613818 
778 259 17 21 0.036093522 
549 94 12 16 0.0353385 
485 63 10 13 0.03207843 
584 67 10 14 0.031914875 
502 496 14 21 0.031339962 
328 386 23 30 0.03090722 
978 308 15 19 0.030110989 
859 205 17 23 0.029824546 
487 94 10 13 0.029704548 
368 110 11 13 0.029608192 
475 150 20 26 0.028393619 
775 350 21 32 0.028112423 
960 335 27 36 0.02785975 
979 290 12 16 0.027799422 
365 55 10 14 0.027707102 
557 369 23 26 0.026414922 
265 353 18 25 0.026318176 
342 45 10 14 0.0257242 
367 539 16 18 0.02549216 
338 52 11 15 0.025159104 
993 519 34 37 0.025128989 
574 90 13 17 0.024814745 
388 0 13 11 0.024391478 
376 19 13 16 0.02423553 
62 4 9 11 0.024105411 
604 227 16 19 0.023863968 
783 221 13 16 0.023247607 
596 153 23 28 0.02289415 
520 109 16 21 0.022213126 
157 423 25 29 0.022102576 
546 184 17 21 0.022052936 
287 497 14 20 0.021864388 
682 418 30 31 0.02119213 
901 174 25 29 0.021064162 
858 197 16 19 0.020974722 
302 13 11 13 0.02076499 
337 158 24 28 0.02022704 
291 445 25 28 0.02022428 
