12_Group_Large_Group_12_Group_Large_Group_12_213
151
583 283 15 17 0.9427282 
669 278 13 17 0.9417367 
351 358 32 33 0.93712753 
470 297 17 22 0.9255912 
245 301 18 24 0.8984661 
850 266 17 22 0.8797021 
276 314 24 26 0.86200726 
404 291 13 15 0.8098178 
836 351 29 30 0.8041733 
292 285 14 17 0.804147 
580 316 18 23 0.7164375 
697 311 16 19 0.6620038 
167 414 33 32 0.6435996 
490 354 18 23 0.5603099 
0 383 21 39 0.4800998 
764 304 14 18 0.37316355 
884 281 14 17 0.3658754 
721 378 26 28 0.36059442 
427 316 13 17 0.33323792 
550 306 9 12 0.32625496 
415 303 11 14 0.31874785 
730 301 24 29 0.26279157 
518 339 13 18 0.21142495 
739 275 12 14 0.2112413 
231 329 15 18 0.17316832 
548 327 15 19 0.14637564 
411 293 12 14 0.12541428 
592 398 13 17 0.12427832 
545 307 9 12 0.11731198 
450 290 13 16 0.10800525 
180 401 25 32 0.10789839 
656 296 20 27 0.10468835 
298 349 16 17 0.09732652 
581 309 15 18 0.07543876 
466 347 13 18 0.06931962 
671 274 10 12 0.06666658 
735 291 24 29 0.0659394 
940 321 15 18 0.065794066 
509 336 16 21 0.06276819 
503 333 14 18 0.059098057 
482 298 13 18 0.0583192 
739 282 16 17 0.050770853 
420 307 13 16 0.05028306 
435 349 13 16 0.050208814 
255 425 15 17 0.048122894 
378 349 20 27 0.047712725 
494 339 12 16 0.047477394 
238 305 17 20 0.044918645 
669 368 12 17 0.044312786 
578 284 12 16 0.04362568 
271 356 14 15 0.04342968 
840 336 31 36 0.043075975 
434 314 13 16 0.042324185 
402 412 18 20 0.039689187 
532 362 15 18 0.039091546 
408 307 9 13 0.038293373 
525 363 14 17 0.038167994 
710 372 10 15 0.03807376 
548 315 16 20 0.036943495 
707 374 26 35 0.03675101 
598 277 9 12 0.036362104 
227 328 26 27 0.03618134 
75 514 12 16 0.036028057 
592 394 10 12 0.035760343 
748 376 25 31 0.035609275 
271 320 18 20 0.034605388 
542 270 8 11 0.0336467 
996 355 27 35 0.033641182 
445 363 17 22 0.03353055 
452 334 10 13 0.033400252 
946 315 17 20 0.033329498 
664 305 16 20 0.032690197 
543 321 15 20 0.0326631 
855 261 19 23 0.032525267 
537 308 10 12 0.03244012 
735 379 18 22 0.032337822 
893 290 11 17 0.032200575 
847 321 31 36 0.0319212 
306 347 13 17 0.030649396 
25 468 78 114 0.030589074 
478 347 26 30 0.030505734 
749 355 14 18 0.030271266 
663 367 13 20 0.030175827 
870 284 27 33 0.03014148 
386 347 14 21 0.02949594 
397 308 13 17 0.029083 
447 338 11 15 0.02864452 
653 292 15 20 0.028545551 
983 334 38 59 0.028336937 
644 285 12 16 0.0283088 
771 302 12 16 0.028062912 
525 317 10 14 0.027981374 
523 342 14 20 0.027913671 
640 289 12 16 0.027886676 
684 389 16 20 0.027863415 
748 285 12 17 0.027794836 
613 307 9 12 0.027625639 
497 275 10 14 0.027515365 
464 343 13 14 0.027440904 
427 417 44 52 0.02717783 
289 321 13 17 0.026839646 
954 315 15 17 0.02682392 
444 428 12 15 0.02677496 
647 279 9 13 0.026246998 
284 345 24 28 0.025685929 
725 299 17 23 0.02551614 
654 284 12 16 0.025370652 
297 358 17 19 0.024567168 
589 406 14 18 0.024408273 
854 311 27 30 0.024303699 
423 416 13 17 0.023980912 
856 298 26 29 0.023883402 
389 340 10 14 0.023851817 
699 303 15 19 0.023784088 
648 297 12 15 0.023577373 
940 308 15 19 0.023500096 
400 297 12 15 0.023398418 
367 365 17 23 0.023274373 
733 291 16 20 0.023175357 
536 301 10 14 0.023126094 
338 306 14 18 0.022899423 
533 293 11 15 0.022809818 
273 362 15 18 0.022370944 
671 262 9 12 0.022359004 
403 329 15 19 0.022197163 
519 318 10 13 0.02219152 
648 343 19 28 0.022150723 
452 340 11 13 0.022107655 
554 309 11 14 0.021983247 
450 344 22 26 0.021894427 
544 304 19 25 0.02187288 
503 385 14 20 0.021866575 
754 305 22 27 0.0215782 
270 287 9 11 0.021451863 
405 314 13 17 0.021404535 
534 322 11 16 0.021375718 
414 315 13 18 0.021297468 
480 269 9 10 0.021178773 
368 333 12 13 0.021065047 
384 330 12 16 0.021007698 
525 322 12 17 0.020926636 
158 417 49 55 0.020851957 
947 326 15 21 0.020791642 
54 438 29 34 0.020751627 
675 271 12 13 0.020426411 
765 296 12 16 0.020340597 
859 274 27 33 0.020309005 
543 284 10 13 0.020271199 
270 294 11 13 0.020260317 
594 283 11 15 0.020051872 
509 324 13 17 0.020037733 
