12_Group_Large_Group_12_Group_Large_Group_12_94
102
647 194 64 84 0.99948704 
824 106 63 75 0.999419 
404 135 72 87 0.9987362 
654 112 57 68 0.9986493 
204 112 74 90 0.99863166 
327 0 30 33 0.99681515 
375 62 60 76 0.99467385 
874 50 46 58 0.99455017 
697 54 44 57 0.9945327 
711 1 44 43 0.9936113 
361 8 45 52 0.98366517 
165 78 46 63 0.9782195 
84 43 54 68 0.74168444 
874 29 30 36 0.28439277 
676 -1 36 36 0.21455254 
888 -1 30 32 0.18448237 
292 0 29 26 0.17687728 
335 111 42 52 0.16128023 
948 0 29 26 0.1416619 
874 5 32 38 0.12524663 
759 97 34 42 0.11445655 
511 5 20 19 0.096017875 
690 4 36 39 0.095513985 
133 0 32 45 0.08089759 
655 30 40 51 0.08075151 
752 48 39 57 0.07753542 
451 62 34 45 0.07670912 
534 19 30 38 0.07634724 
946 3 41 41 0.07175206 
180 82 53 71 0.06883118 
765 0 28 24 0.06586512 
49 38 30 42 0.06333536 
693 1 20 21 0.062600106 
677 14 37 44 0.06218197 
522 2 51 52 0.05861261 
28 3 26 24 0.058430005 
580 73 27 44 0.05657161 
781 1 23 23 0.05436838 
739 0 32 28 0.052414194 
588 6 44 51 0.052328408 
175 55 53 69 0.0517538 
852 89 56 70 0.05038313 
77 18 26 30 0.04904628 
0 13 30 38 0.04848488 
460 29 31 42 0.046887714 
342 2 42 47 0.04329935 
142 73 51 68 0.043213494 
648 47 34 42 0.042804196 
798 2 25 24 0.042570792 
1 91 24 43 0.041049678 
809 1 26 25 0.040547933 
513 2 32 31 0.040533394 
17 37 37 43 0.03872457 
36 41 31 42 0.038713194 
664 -2 34 29 0.0382026 
68 20 56 61 0.037784882 
677 35 31 45 0.037637323 
34 2 15 13 0.037535664 
875 13 19 23 0.03657944 
53 38 53 62 0.036402397 
466 5 49 54 0.03609361 
4 11 53 62 0.035245754 
604 110 24 31 0.03487803 
505 109 30 42 0.03404426 
289 31 44 56 0.032652788 
175 18 50 55 0.03226683 
155 0 47 46 0.030668557 
875 72 50 68 0.029942112 
765 40 42 56 0.029792465 
870 34 15 21 0.029445292 
518 87 31 32 0.028747505 
876 3 19 21 0.028395765 
464 14 29 36 0.028032927 
596 1 16 12 0.02799711 
463 37 43 57 0.027880574 
551 1 58 54 0.027303057 
19 66 51 76 0.027277892 
753 -3 30 31 0.027123407 
293 189 49 62 0.026662776 
1 -1 19 20 0.026598057 
0 17 13 23 0.02631966 
262 0 46 45 0.026254019 
959 0 38 28 0.026197856 
36 23 17 20 0.026173357 
514 1 16 13 0.025611285 
902 0 20 22 0.02556791 
417 -1 30 36 0.025030358 
413 32 13 19 0.0247386 
52 62 14 20 0.02431117 
603 0 15 12 0.024255764 
471 1 31 31 0.023796981 
847 -2 22 25 0.023714263 
787 45 38 52 0.023112465 
2 10 17 21 0.022451602 
533 25 16 21 0.02241317 
874 22 22 29 0.021800524 
689 27 35 41 0.02094213 
631 60 38 49 0.02092468 
23 18 29 40 0.020675827 
999 176 24 46 0.020593941 
410 7 26 39 0.020499112 
992 112 36 57 0.020257114 
