12_Group_Team_Organized_Group_12_Group_Team_Organized_Group_12_101
49
911 509 20 27 0.4588508 
149 377 58 71 0.16641301 
153 958 63 74 0.108633816 
794 525 17 22 0.09678444 
528 507 12 16 0.09600408 
581 502 15 18 0.07616272 
850 510 23 29 0.07125083 
533 549 11 14 0.06623393 
840 513 22 30 0.060537804 
350 1305 16 20 0.058277603 
499 459 14 17 0.046039354 
604 546 13 16 0.044025484 
60 252 14 19 0.042424977 
604 335 14 20 0.038939986 
684 576 15 19 0.038869236 
527 515 13 16 0.038675375 
1000 358 10 13 0.03698912 
740 512 23 29 0.0363881 
697 482 24 28 0.03566496 
691 508 24 31 0.03334557 
484 459 11 15 0.03185948 
631 259 13 17 0.031419195 
919 479 13 16 0.030991405 
779 524 11 15 0.030367324 
251 322 27 33 0.029450871 
709 442 15 17 0.029094825 
256 1162 47 45 0.028053517 
637 483 22 27 0.027297182 
479 453 13 14 0.02688497 
587 315 17 22 0.026722835 
716 441 15 17 0.025932629 
845 473 12 15 0.025690513 
1008 326 10 13 0.025028769 
258 388 61 78 0.02425002 
576 505 13 18 0.024029756 
583 496 13 15 0.023930425 
585 505 26 33 0.02284911 
599 514 24 33 0.022718197 
528 568 11 12 0.022554358 
335 131 16 20 0.022171618 
565 501 10 13 0.02165325 
407 1334 27 31 0.021002837 
815 538 11 14 0.020687323 
165 951 43 51 0.020455828 
733 443 14 15 0.020440416 
835 521 15 21 0.020421637 
328 581 11 14 0.020399269 
920 478 23 27 0.020192642 
674 541 10 13 0.020023134 
