12_Group_Team_Organized_Group_12_Group_Team_Organized_Group_12_759
23
450 292 92 119 0.9996314 
698 296 84 107 0.9972832 
215 291 74 136 0.9920366 
643 351 42 56 0.4786933 
624 438 22 26 0.45909077 
524 375 42 60 0.28053358 
603 408 26 36 0.19519085 
659 332 32 45 0.07869143 
727 532 31 37 0.07597435 
610 338 41 57 0.070079304 
932 472 30 33 0.056756057 
614 365 26 36 0.048538648 
171 304 104 157 0.038295954 
492 336 82 112 0.03353633 
624 363 39 43 0.031982675 
77 -39 436 490 0.023973713 
854 67 26 36 0.023713734 
942 444 15 18 0.023301238 
683 444 17 22 0.02220995 
3 143 67 97 0.022008471 
530 357 30 50 0.021636883 
241 306 94 125 0.021606378 
267 429 30 36 0.02144587 
