12_Group_Team_Organized_Group_12_Group_Team_Organized_Group_12_283
137
134 332 27 33 0.9979219 
386 230 18 21 0.9943725 
233 256 22 29 0.99400145 
360 339 22 29 0.99200565 
433 246 21 29 0.9919865 
355 263 18 24 0.99161655 
236 345 23 31 0.9914375 
559 239 21 28 0.9878753 
97 260 18 22 0.98517275 
800 240 20 25 0.98496497 
481 215 17 21 0.9836731 
69 234 21 27 0.98303413 
768 243 20 25 0.98214483 
586 237 20 25 0.98207873 
518 345 22 28 0.98179674 
612 232 21 27 0.9807524 
442 330 22 27 0.9798631 
459 250 20 26 0.97984856 
264 249 22 26 0.97954214 
522 222 16 20 0.9759296 
283 232 17 20 0.97584814 
478 268 21 26 0.9738602 
177 264 19 23 0.97300154 
667 233 19 24 0.9724495 
736 229 18 23 0.97188085 
889 267 20 25 0.9714938 
331 259 17 23 0.96780396 
672 271 19 24 0.96432775 
846 248 20 26 0.962883 
297 349 20 26 0.9623782 
625 261 19 23 0.96234995 
63 319 24 29 0.95680326 
360 243 18 22 0.95428705 
137 235 14 18 0.9531123 
645 232 14 19 0.9513054 
825 246 20 26 0.9496599 
306 265 19 25 0.9478051 
734 284 20 25 0.94186586 
469 232 18 22 0.93404865 
701 230 16 20 0.9230198 
317 220 13 16 0.9212549 
951 262 22 26 0.91995615 
108 235 20 22 0.91679466 
410 243 19 24 0.9141853 
334 238 19 24 0.90144455 
653 258 20 25 0.89998114 
390 258 20 23 0.8996455 
574 357 22 28 0.88698655 
217 230 17 21 0.87948877 
148 253 16 21 0.87160283 
302 248 17 23 0.8551559 
711 244 18 22 0.83833903 
541 250 13 18 0.80818486 
248 233 16 19 0.79555774 
674 358 18 22 0.75980186 
205 239 17 20 0.730352 
306 232 15 18 0.7210649 
178 228 13 17 0.7000579 
520 260 16 22 0.6905359 
0 330 15 19 0.3377844 
161 338 16 20 0.28743392 
360 293 17 22 0.25778314 
206 254 16 20 0.1721904 
398 356 12 16 0.15422435 
473 219 21 26 0.13091569 
941 298 11 15 0.12706628 
524 232 16 18 0.11641025 
526 239 16 19 0.102687955 
352 226 13 17 0.09498964 
356 228 15 18 0.09392807 
294 247 18 24 0.09390804 
640 235 14 19 0.092592336 
337 211 12 14 0.08721435 
47 254 13 16 0.086139135 
677 299 13 18 0.07548469 
636 240 16 21 0.07525119 
331 247 16 21 0.0706324 
176 224 11 15 0.06929712 
789 361 12 14 0.067095056 
602 235 21 28 0.06705423 
623 356 15 19 0.066709824 
12 330 13 16 0.06558647 
399 250 20 26 0.06141572 
522 251 17 21 0.0607933 
284 245 15 22 0.060389586 
803 263 13 16 0.059234593 
328 349 12 16 0.05879543 
66 210 13 16 0.049738705 
870 230 13 16 0.049737804 
548 239 21 27 0.049555436 
567 349 24 28 0.04944169 
596 439 13 13 0.04893395 
363 231 15 17 0.04880461 
24 423 11 15 0.045865856 
536 461 13 14 0.043714814 
273 240 19 25 0.04244439 
19 332 13 15 0.042018306 
36 308 16 23 0.041507915 
375 273 14 17 0.04029842 
285 264 16 20 0.038675282 
715 434 30 40 0.03695557 
630 250 20 26 0.03668216 
628 241 15 19 0.03491942 
963 364 11 13 0.03468358 
19 277 16 19 0.034461547 
103 404 13 16 0.033849932 
227 398 25 31 0.03372387 
4 327 20 23 0.031832904 
740 313 15 19 0.031710424 
13 312 11 16 0.0311535 
50 242 15 18 0.029297773 
413 261 15 19 0.029070098 
1006 208 12 17 0.027487984 
526 375 15 21 0.026670497 
735 372 9 13 0.026358789 
290 261 21 27 0.026186084 
709 381 13 16 0.025998147 
347 289 15 20 0.025993273 
149 314 13 16 0.02559739 
179 237 16 20 0.02405211 
348 243 20 26 0.02338195 
599 201 24 27 0.02236229 
417 174 9 12 0.0217363 
565 347 16 19 0.021634502 
126 240 13 18 0.021520805 
342 199 10 12 0.021324538 
98 276 16 21 0.02125461 
868 240 16 20 0.02107085 
602 271 16 19 0.02099667 
361 175 9 12 0.020835102 
214 394 27 33 0.020760618 
511 261 20 26 0.02062095 
321 224 15 18 0.020610202 
230 172 12 14 0.020225 
635 475 14 16 0.020172657 
184 260 16 20 0.020142127 
411 340 13 17 0.020029744 
