12_Group_Group_12_Group_Group_12_735
37
535 251 98 128 0.9996661 
212 299 93 112 0.9989023 
818 364 91 142 0.96813095 
765 227 39 52 0.9661967 
873 255 27 37 0.38660625 
912 240 40 53 0.14368704 
974 271 11 14 0.13222662 
163 229 82 115 0.113791525 
773 377 102 133 0.09024104 
907 227 28 38 0.07547445 
398 294 44 56 0.06278553 
181 241 97 144 0.045987777 
422 270 10 11 0.043015666 
809 362 171 214 0.042696286 
966 266 23 29 0.04253588 
720 381 93 117 0.042244524 
839 187 9 11 0.04022546 
927 239 24 35 0.03865719 
931 248 27 39 0.038199067 
888 236 42 54 0.034498934 
1014 63 10 19 0.033565026 
1005 367 11 16 0.031120215 
420 414 110 118 0.0295057 
738 388 57 76 0.028609518 
584 177 13 15 0.026309025 
948 258 29 35 0.025240185 
950 336 56 78 0.025046647 
474 445 104 110 0.024712706 
915 229 17 22 0.024340259 
689 529 18 20 0.024191024 
597 86 9 12 0.021889012 
693 371 16 18 0.021339322 
1011 324 12 21 0.020833317 
775 262 25 33 0.020336494 
870 231 40 54 0.020216115 
830 188 9 11 0.020170476 
437 384 18 20 0.0200908 
