12_Group_Team_Organized_Group_12_Group_Team_Organized_Group_12_171
63
580 233 27 34 0.99935323 
94 180 54 69 0.99785584 
489 247 26 29 0.990284 
356 290 30 34 0.98379666 
646 223 25 30 0.97907776 
411 255 26 32 0.97633743 
281 236 31 37 0.9462554 
728 232 14 23 0.8920996 
201 248 28 36 0.55035996 
-1 312 26 40 0.33058348 
825 233 27 38 0.2640283 
822 223 46 63 0.2537197 
44 250 30 37 0.18740663 
39 225 47 59 0.14728804 
371 254 27 35 0.12645017 
849 235 16 22 0.11454158 
827 240 16 22 0.097099096 
417 355 26 36 0.0864799 
10 294 44 60 0.07245108 
344 293 45 51 0.061317943 
734 232 18 23 0.05413006 
440 308 24 31 0.053467803 
817 215 80 98 0.052376 
51 240 17 20 0.05190275 
176 216 32 38 0.051324006 
938 48 14 16 0.04834457 
790 201 17 21 0.047300097 
40 238 30 35 0.04601684 
386 261 12 18 0.04161715 
905 39 18 21 0.036368206 
464 270 11 14 0.036083937 
18 203 81 98 0.035862826 
507 213 23 31 0.034708306 
577 213 24 29 0.0337027 
182 221 39 49 0.033615887 
357 270 31 42 0.032879457 
-1 150 9 15 0.032830924 
486 241 19 25 0.032095805 
231 504 18 20 0.032094043 
291 352 36 39 0.028942084 
839 225 27 36 0.02870331 
477 220 27 31 0.028374732 
529 355 22 31 0.028302604 
26 252 47 57 0.02770735 
45 236 14 18 0.02746459 
993 51 10 12 0.026693953 
824 216 31 40 0.026305074 
319 296 47 56 0.025754182 
274 204 46 61 0.024621647 
212 243 17 27 0.024506347 
592 236 27 32 0.024328582 
811 234 27 33 0.023907738 
856 235 16 20 0.023367431 
285 362 25 31 0.023264376 
497 220 25 33 0.023031164 
845 229 15 21 0.022328937 
721 233 13 20 0.022242133 
695 466 24 32 0.021998508 
20 228 24 27 0.021980746 
997 63 11 14 0.021264493 
39 242 14 18 0.021070844 
940 38 13 17 0.02014708 
336 291 28 39 0.020095758 
