12_Group_Large_Group_12_Group_Large_Group_12_322
71
818 399 32 43 0.9990722 
1001 380 25 39 0.9975926 
251 354 36 48 0.99714154 
319 366 29 35 0.9958573 
515 372 40 51 0.9935476 
62 351 24 36 0.9857509 
756 359 30 40 0.38360286 
60 44 17 19 0.34724846 
86 52 15 18 0.2794017 
870 116 11 14 0.14705457 
961 538 34 59 0.10889681 
17 17 16 19 0.10712094 
9 120 16 18 0.09200057 
28 29 15 18 0.08679904 
675 358 18 22 0.08249526 
923 77 13 17 0.075338125 
23 41 14 18 0.070039995 
854 121 9 12 0.062734395 
888 116 11 14 0.055592045 
41 78 12 16 0.050993875 
871 124 11 14 0.049834378 
271 16 9 12 0.04754672 
295 16 11 15 0.047364764 
755 335 16 22 0.046480466 
345 348 27 34 0.04131465 
751 340 23 34 0.038729843 
310 36 10 12 0.03864105 
1001 45 16 18 0.038403526 
22 90 15 17 0.038365863 
89 45 17 19 0.03658937 
301 69 9 11 0.03619793 
887 109 11 14 0.03576394 
858 134 9 12 0.035592403 
14 24 14 19 0.035078835 
21 2 14 15 0.03246325 
654 350 24 32 0.032436863 
0 12 8 14 0.0319577 
909 109 9 12 0.03087594 
753 51 9 11 0.030845916 
35 9 16 18 0.030343704 
327 54 10 12 0.030282523 
647 346 11 17 0.029761476 
319 69 9 12 0.029629339 
750 314 10 13 0.0295147 
335 69 12 14 0.028897762 
748 342 17 23 0.028083943 
860 140 9 12 0.027464679 
34 0 18 18 0.027245464 
289 12 24 32 0.027152574 
28 0 15 13 0.026506104 
21 18 21 26 0.02624773 
375 311 14 17 0.025249135 
487 -8 83 105 0.024994876 
8 26 12 17 0.024615126 
904 98 12 16 0.024399377 
386 394 25 30 0.02434073 
298 17 14 19 0.023390032 
5 53 11 14 0.023370992 
2 10 13 17 0.02320174 
850 125 9 12 0.023144148 
85 76 12 15 0.023107586 
424 1 10 10 0.022963896 
28 11 16 18 0.022496058 
83 65 17 20 0.022334686 
305 54 9 11 0.022294696 
869 105 10 12 0.022259004 
743 340 13 16 0.021894507 
917 74 22 28 0.02155229 
13 27 22 28 0.021263057 
376 364 14 18 0.021021925 
868 111 20 26 0.020583257 
