12_Group_Group_12_Group_Group_12_935
959
300 156 17 21 0.99253345 
461 530 24 29 0.9899254 
635 191 18 24 0.98964345 
570 220 17 23 0.9872802 
69 319 20 26 0.98594797 
21 605 20 27 0.9852739 
298 191 17 23 0.9846907 
500 65 19 23 0.9844019 
628 4 18 21 0.98273957 
561 423 19 23 0.9823056 
1003 88 17 23 0.9821885 
464 560 22 29 0.9819134 
941 375 21 27 0.98108554 
629 603 23 28 0.98052925 
364 1 19 22 0.98020226 
771 128 17 24 0.97968423 
398 381 20 27 0.97906667 
742 -1 17 20 0.97866255 
219 570 17 23 0.9785164 
443 407 18 26 0.97751665 
942 421 23 31 0.977372 
92 86 18 25 0.9767998 
903 560 20 26 0.9758428 
404 559 20 27 0.97552675 
356 278 17 24 0.9748342 
524 608 18 23 0.9747551 
222 159 16 22 0.97424906 
243 452 18 24 0.9737594 
697 595 22 29 0.9735778 
74 602 19 23 0.97324705 
523 391 18 24 0.9731621 
752 664 21 27 0.9728589 
821 92 19 26 0.97242516 
51 191 19 25 0.97242117 
870 461 20 26 0.9718189 
649 160 18 21 0.97177446 
653 312 21 25 0.9713188 
881 117 18 24 0.9711038 
648 562 21 26 0.97096133 
329 60 17 22 0.9707827 
391 58 20 28 0.9693701 
204 602 20 26 0.96866816 
18 562 19 26 0.9684231 
50 526 18 22 0.96790487 
894 635 21 27 0.9677055 
260 110 17 21 0.96760803 
441 59 18 24 0.967479 
701 390 19 25 0.9658631 
614 493 20 27 0.96533036 
204 287 20 26 0.96488446 
279 386 20 25 0.9644863 
144 83 21 28 0.964477 
411 350 19 25 0.9638977 
261 411 21 27 0.96286863 
123 631 19 26 0.9621376 
800 230 18 22 0.96212244 
718 557 21 26 0.96210647 
222 525 21 26 0.96198803 
83 573 19 23 0.9613602 
434 491 20 25 0.9609096 
773 322 17 21 0.9600566 
598 530 20 24 0.95937234 
514 185 19 24 0.9592893 
903 60 19 26 0.95886844 
112 534 19 25 0.95878977 
619 426 20 25 0.9587775 
532 527 20 26 0.95736575 
61 636 21 27 0.95620286 
134 278 20 27 0.95582956 
951 319 19 24 0.95578927 
576 393 19 24 0.95523006 
294 493 20 26 0.9549779 
363 119 19 24 0.9545278 
689 187 18 23 0.9533673 
556 287 19 24 0.9530669 
97 356 20 25 0.95202714 
917 500 23 29 0.95200604 
913 26 17 22 0.95192 
173 663 22 27 0.9515766 
357 151 18 24 0.9514205 
251 632 20 25 0.95046014 
943 112 20 26 0.9490461 
1004 463 18 28 0.9486907 
912 532 19 24 0.9475154 
979 150 17 24 0.94743407 
685 452 21 25 0.9457443 
18 108 18 25 0.9456637 
616 255 18 20 0.94557 
226 347 20 25 0.94543964 
740 257 21 26 0.9447224 
114 315 19 24 0.9443939 
412 166 18 23 0.9438367 
764 421 19 26 0.9438117 
960 349 21 27 0.9433619 
304 286 19 24 0.9429843 
176 314 20 26 0.94280106 
759 379 22 25 0.9425219 
653 116 19 24 0.94201726 
553 258 20 23 0.9418433 
724 510 21 27 0.94177324 
677 489 22 27 0.9417093 
683 6 17 21 0.94110256 
469 159 20 26 0.94101524 
111 186 20 23 0.94075966 
705 286 19 25 0.9407475 
456 2 19 23 0.9404496 
544 320 19 24 0.9404381 
483 114 19 24 0.94028103 
477 322 16 20 0.93980825 
785 287 18 22 0.9396625 
923 243 20 26 0.9394384 
543 489 20 24 0.9379618 
846 529 20 26 0.9369269 
765 640 19 24 0.93674356 
235 320 18 23 0.9349718 
157 351 19 25 0.93496364 
960 565 21 26 0.9348211 
614 286 19 24 0.93444294 
719 349 18 25 0.9328169 
216 63 17 22 0.9305767 
564 461 19 24 0.92897975 
755 178 19 24 0.9287188 
808 664 20 25 0.9278597 
808 456 20 27 0.9271641 
717 130 19 24 0.926935 
193 637 19 27 0.9266954 
889 88 19 25 0.92654246 
37 218 17 22 0.9265397 
506 456 21 27 0.9255078 
793 491 19 24 0.9251337 
40 391 19 26 0.92499954 
280 563 19 25 0.923715 
32 88 19 25 0.9237014 
206 92 17 24 0.9232375 
669 92 16 21 0.9232125 
386 641 18 24 0.9231439 
977 493 20 23 0.92309606 
413 524 18 24 0.9230918 
357 351 18 26 0.9220654 
534 123 20 23 0.92202586 
829 353 19 23 0.9219677 
735 232 17 22 0.92130184 
853 23 19 24 0.92046016 
739 455 18 24 0.92027795 
663 63 17 23 0.9202687 
550 65 18 22 0.9199898 
949 611 20 26 0.9177237 
984 245 20 26 0.91485995 
988 192 21 26 0.91476566 
586 563 21 26 0.91465646 
831 607 18 23 0.9140257 
37 354 20 24 0.9132733 
9 159 17 24 0.9130546 
616 219 20 26 0.91274506 
0 48 17 24 0.912278 
326 254 14 18 0.91216534 
21 455 20 25 0.909882 
188 -2 20 22 0.9085524 
374 654 22 31 0.90845114 
975 525 19 26 0.9040261 
429 291 19 22 0.9026023 
419 96 19 24 0.9025698 
830 384 19 25 0.9008564 
511 627 20 25 0.90080047 
457 190 20 26 0.9006408 
508 -1 21 24 0.8947828 
892 321 19 23 0.8946357 
319 425 19 23 0.8939714 
920 217 19 25 0.8937739 
804 0 19 21 0.8916729 
782 562 20 26 0.89142233 
686 217 19 25 0.8901394 
696 149 17 24 0.88990635 
595 348 19 25 0.88830304 
875 425 20 27 0.8880055 
357 192 18 22 0.8861281 
151 564 21 26 0.88577837 
230 197 16 23 0.88573647 
241 661 20 28 0.8857207 
861 488 19 23 0.8854598 
65 155 18 25 0.8839206 
217 384 20 28 0.8835298 
614 62 19 26 0.88332695 
440 645 21 28 0.88256264 
746 494 19 25 0.878733 
55 30 20 25 0.87824297 
0 637 16 29 0.87817556 
888 663 21 29 0.8746459 
340 384 19 25 0.87444764 
143 600 21 25 0.87252 
339 561 21 29 0.87142843 
247 136 14 17 0.87138265 
828 641 21 26 0.87077504 
400 20 18 23 0.8705432 
362 484 19 24 0.8686364 
114 485 17 22 0.8685996 
947 92 19 22 0.8685996 
686 669 19 26 0.86311805 
426 115 20 26 0.86172634 
379 419 20 27 0.8615768 
772 605 19 23 0.8613947 
169 537 18 23 0.8611356 
581 608 18 24 0.8599052 
297 322 17 21 0.85754305 
285 29 19 26 0.85754025 
847 219 22 25 0.85469407 
843 554 21 28 0.85338664 
510 425 21 24 0.85235286 
937 468 21 27 0.8487852 
382 611 21 24 0.8457851 
787 24 20 24 0.8455674 
629 640 21 29 0.84193224 
284 349 18 22 0.8417717 
815 428 22 27 0.84062845 
719 31 18 23 0.8354025 
430 457 22 24 0.8346086 
356 322 20 23 0.8326249 
182 174 18 26 0.8317647 
340 25 20 26 0.8289682 
624 662 22 29 0.8278354 
0 488 14 24 0.8146402 
958 65 18 21 0.81248385 
37 266 18 23 0.8069387 
148 387 21 25 0.8068387 
263 252 15 19 0.8044215 
74 292 19 21 0.80282366 
833 315 20 26 0.8022773 
778 529 19 22 0.8011414 
966 31 19 25 0.79638034 
325 598 18 23 0.7916852 
121 154 20 26 0.79087585 
215 0 16 18 0.7907349 
614 456 20 26 0.78973234 
135 119 22 26 0.78599 
123 14 18 25 0.78530663 
432 591 23 30 0.7851051 
1010 389 14 26 0.7841639 
76 493 16 19 0.7757349 
552 668 20 22 0.76378196 
476 347 21 27 0.7621896 
842 288 16 19 0.76023555 
421 330 16 19 0.7595669 
591 161 18 21 0.75172246 
820 178 22 26 0.7440375 
244 532 15 18 0.7418217 
929 0 16 16 0.7276056 
368 92 18 22 0.72017014 
662 541 16 19 0.719633 
462 386 20 27 0.7084494 
933 151 18 20 0.70635355 
43 425 17 22 0.7026365 
1007 122 17 23 0.69912356 
531 165 19 23 0.69668216 
695 645 21 25 0.6957925 
534 356 20 25 0.69401515 
861 -1 17 15 0.69379437 
316 537 20 25 0.6875516 
303 92 19 25 0.68674725 
629 379 21 24 0.6857224 
570 645 17 21 0.6845722 
307 128 16 18 0.6816979 
114 671 19 25 0.6794365 
995 60 18 21 0.6789263 
606 94 15 19 0.6669916 
236 489 18 22 0.6642723 
1000 677 17 21 0.66204154 
899 363 18 26 0.6574388 
507 140 17 21 0.6527732 
491 291 19 21 0.64497757 
690 427 19 22 0.6290633 
278 599 16 21 0.62394804 
901 290 18 22 0.6179303 
303 473 15 19 0.61035794 
668 354 22 27 0.574241 
482 89 16 20 0.5721437 
459 249 14 18 0.5663409 
499 496 17 22 0.55041546 
827 70 17 20 0.5462322 
372 459 17 21 0.538337 
973 225 19 23 0.5360203 
10 0 15 16 0.52962947 
460 52 15 21 0.51916534 
489 263 15 19 0.51664376 
596 315 18 23 0.51493096 
166 23 16 19 0.5012184 
549 91 17 23 0.5008226 
676 271 14 19 0.48038885 
50 674 21 26 0.47418892 
782 88 13 18 0.46631804 
595 132 16 19 0.46404794 
808 615 17 21 0.45955363 
387 207 17 21 0.45453626 
567 201 20 22 0.44858506 
61 0 16 14 0.41734445 
173 121 13 19 0.4143659 
336 481 15 19 0.41272864 
274 497 17 21 0.40857986 
222 261 14 17 0.40618432 
746 65 15 20 0.3977541 
212 186 17 21 0.3967435 
561 637 17 20 0.39046347 
404 132 15 18 0.38582316 
972 293 18 22 0.37238702 
654 223 16 21 0.37196338 
778 351 18 22 0.34974557 
345 554 17 20 0.3473406 
15 230 12 15 0.34690222 
324 626 16 22 0.34568328 
438 260 14 18 0.34482434 
779 63 15 18 0.34333894 
190 446 16 19 0.33942938 
1013 328 11 18 0.33586675 
894 609 19 24 0.3355246 
527 329 13 18 0.33447838 
999 20 14 17 0.3338208 
27 295 14 18 0.32661855 
269 94 13 16 0.3228347 
222 498 15 21 0.3144348 
0 25 10 18 0.31368375 
853 165 17 24 0.3020314 
161 81 22 26 0.29913068 
142 509 15 18 0.2959784 
1011 51 12 20 0.28514126 
742 144 15 18 0.27779868 
315 457 18 23 0.2752423 
39 123 13 15 0.26876074 
188 428 17 20 0.2657884 
403 203 15 20 0.2601384 
595 123 15 18 0.2595916 
514 267 15 18 0.25811955 
216 28 12 16 0.2513928 
134 -2 16 16 0.25014615 
171 186 15 20 0.24726824 
520 570 23 26 0.24492621 
875 378 16 19 0.23926538 
291 2 15 18 0.21967377 
632 483 12 17 0.21943839 
399 230 13 16 0.21566974 
729 83 16 20 0.20788096 
814 296 13 18 0.20575671 
220 189 19 25 0.20545831 
360 594 14 18 0.19915858 
511 573 23 26 0.19545959 
273 58 15 22 0.19024889 
991 121 16 21 0.18403162 
162 0 14 13 0.1809904 
509 662 15 20 0.17645037 
892 0 15 19 0.17058633 
539 14 15 21 0.17030479 
488 492 20 25 0.16904716 
252 188 13 18 0.1675074 
325 148 13 19 0.16332555 
0 252 9 15 0.16292278 
556 154 14 19 0.16200097 
1012 5 11 18 0.16004013 
390 321 16 19 0.15675527 
125 81 16 21 0.15370609 
559 563 14 19 0.15260138 
203 552 16 22 0.15024282 
0 191 9 18 0.14993575 
499 249 14 18 0.14968303 
895 215 15 19 0.14703694 
132 78 22 28 0.143737 
811 59 20 26 0.14197771 
260 89 15 17 0.14058167 
0 322 11 18 0.13839392 
266 200 15 18 0.13669537 
538 347 14 18 0.13515745 
478 341 14 18 0.13498153 
192 252 12 15 0.13162705 
846 670 13 17 0.1297214 
943 229 13 18 0.12737899 
284 491 21 26 0.12647612 
603 133 14 17 0.124786414 
499 390 15 20 0.12221012 
803 63 15 21 0.12205229 
624 67 15 18 0.12195056 
351 632 15 19 0.120939344 
926 307 13 17 0.120391764 
894 604 15 19 0.11890936 
222 628 15 18 0.117558785 
455 331 15 20 0.11710391 
851 391 15 19 0.116156146 
643 443 14 19 0.11445129 
996 120 21 26 0.11256502 
491 14 12 15 0.11130519 
703 64 13 18 0.11125299 
949 252 16 21 0.10911058 
818 489 16 22 0.10679998 
307 675 17 19 0.10345548 
575 153 13 19 0.103209205 
998 51 16 21 0.10317527 
818 171 18 21 0.10229966 
276 21 14 18 0.10218557 
431 0 13 12 0.101667784 
855 267 14 17 0.101577036 
413 210 13 18 0.100625716 
90 35 14 16 0.09728955 
66 420 15 19 0.09698182 
1 284 11 16 0.09622446 
541 564 16 20 0.095905274 
332 460 13 17 0.09569012 
349 262 12 14 0.09515714 
299 8 13 17 0.094747104 
306 84 16 21 0.09428537 
178 644 24 29 0.09321362 
787 348 16 21 0.093041785 
471 120 15 18 0.090966664 
451 51 18 24 0.0895179 
1008 277 12 17 0.0889348 
317 191 15 21 0.08861102 
260 188 15 19 0.088252604 
841 267 11 14 0.087024234 
691 60 13 18 0.08667575 
152 81 19 24 0.085534714 
117 574 12 17 0.08402252 
760 585 17 19 0.0838539 
261 9 15 18 0.083807625 
171 634 16 19 0.08285131 
259 0 17 18 0.08224056 
255 84 15 18 0.082067855 
715 212 16 20 0.08184141 
232 163 14 18 0.08096954 
51 155 17 23 0.08093049 
17 288 19 26 0.080245696 
299 0 12 12 0.07883797 
638 448 16 22 0.078504376 
438 205 12 15 0.078382574 
768 353 21 25 0.07812341 
262 179 13 16 0.077930816 
687 438 24 30 0.07733488 
246 172 11 16 0.076894365 
726 532 16 21 0.076567434 
207 187 13 18 0.07592527 
318 51 15 18 0.0755844 
856 -1 14 13 0.075320974 
93 0 13 11 0.07465826 
487 294 15 20 0.074403614 
368 619 11 14 0.07426088 
516 47 13 18 0.07322699 
843 386 15 20 0.07267145 
418 212 14 19 0.07243468 
189 211 14 17 0.071682975 
314 124 14 18 0.07165376 
324 492 14 18 0.07133173 
211 42 16 19 0.07105568 
450 315 15 19 0.07094937 
163 145 15 19 0.0701418 
157 528 20 26 0.06984607 
3 250 13 18 0.06897308 
648 386 14 18 0.06864498 
147 522 16 23 0.06758396 
565 349 12 17 0.06726572 
476 73 13 16 0.0663116 
517 615 20 25 0.06630966 
318 526 14 17 0.06624634 
995 30 16 21 0.065659024 
269 475 14 18 0.065199144 
638 97 15 19 0.065068044 
555 612 15 20 0.064931184 
1008 171 12 16 0.06452908 
696 43 13 18 0.06448378 
307 265 16 19 0.063676976 
131 592 15 22 0.06352113 
202 26 15 18 0.06348938 
286 59 14 18 0.063453145 
788 13 12 16 0.06337834 
174 597 13 17 0.062590845 
110 617 14 17 0.061912768 
261 477 13 18 0.061061893 
906 285 16 20 0.06046004 
4 278 10 15 0.060301725 
984 329 11 16 0.06000625 
482 557 20 26 0.05990951 
835 161 15 21 0.059776198 
827 489 16 22 0.059624504 
520 176 19 25 0.0595322 
655 553 19 25 0.059373803 
325 386 13 20 0.05895693 
147 638 17 20 0.05843153 
899 124 14 18 0.05839447 
702 559 15 21 0.05835404 
236 0 15 16 0.058126375 
182 433 15 19 0.057747614 
862 155 14 17 0.05735886 
268 86 12 16 0.057098847 
469 267 14 18 0.05707953 
189 110 12 15 0.056834802 
657 231 15 20 0.056338396 
599 95 15 20 0.056032255 
176 631 23 27 0.056020197 
556 39 14 17 0.05549812 
158 309 21 28 0.055433813 
177 480 15 18 0.055390432 
764 466 15 20 0.055341054 
364 242 16 20 0.055244938 
870 248 20 25 0.055210005 
50 421 14 19 0.05502388 
506 122 13 16 0.054346528 
968 146 19 28 0.054276757 
682 521 15 20 0.054138053 
291 358 15 20 0.053993616 
1013 560 11 17 0.0537207 
708 207 16 22 0.053688623 
396 214 16 19 0.05354789 
341 260 13 17 0.052948378 
471 328 15 20 0.052915387 
194 245 14 16 0.052765217 
974 2 13 15 0.0526219 
353 556 14 17 0.05240422 
529 452 15 18 0.052366253 
866 144 15 19 0.0523268 
1007 9 13 19 0.05230897 
971 19 16 18 0.051542617 
325 9 14 18 0.051516734 
369 419 14 19 0.05148815 
0 311 17 27 0.051253855 
845 106 14 18 0.051235847 
493 443 14 18 0.050812304 
307 492 14 19 0.050733484 
515 455 21 26 0.05045518 
559 642 22 27 0.05044266 
156 308 15 19 0.050356235 
967 293 14 20 0.05027292 
594 140 17 23 0.05016436 
174 178 16 22 0.049893584 
491 194 18 22 0.049458317 
717 667 16 23 0.049370274 
633 524 16 20 0.048681404 
56 115 15 19 0.048481602 
970 67 13 17 0.0484543 
823 250 14 18 0.048400063 
247 186 13 18 0.048392046 
404 232 13 16 0.048249677 
452 632 20 27 0.04791889 
533 320 20 25 0.04760793 
813 419 16 21 0.04716482 
99 0 12 12 0.047050245 
91 422 13 16 0.046981473 
244 178 13 17 0.04665403 
380 214 17 20 0.0466278 
328 152 16 19 0.046512794 
170 652 23 27 0.04650978 
846 160 19 26 0.04639671 
380 307 17 21 0.046080913 
436 207 19 27 0.04598112 
286 6 16 21 0.045876466 
668 307 15 19 0.04580502 
782 274 15 20 0.045731917 
703 522 15 20 0.045688212 
973 74 13 17 0.04530718 
153 122 15 20 0.04506332 
875 413 19 23 0.044894967 
686 576 16 20 0.044702988 
299 481 15 20 0.04402634 
607 200 15 20 0.043953463 
669 484 16 21 0.043911662 
358 226 12 15 0.04390822 
477 93 16 20 0.043878853 
41 131 14 16 0.04340111 
936 0 15 18 0.043395814 
900 148 16 23 0.04338792 
11 54 14 20 0.04334 
297 458 15 19 0.043280836 
275 93 14 18 0.042974222 
132 632 19 26 0.04292207 
171 0 17 18 0.042881336 
1012 498 11 16 0.042610265 
546 17 14 18 0.042576116 
801 265 16 18 0.042486466 
587 20 11 14 0.042081796 
580 153 18 23 0.042070717 
266 480 22 28 0.041894075 
254 10 14 17 0.04149337 
429 586 18 23 0.041450825 
131 505 15 19 0.04129979 
984 630 9 13 0.04107463 
996 330 15 19 0.04070932 
296 464 19 24 0.04066946 
420 267 11 15 0.040385704 
663 54 13 18 0.040273312 
691 660 20 28 0.04020729 
573 167 15 19 0.040097203 
315 658 14 16 0.04004028 
724 675 15 19 0.03960402 
229 190 14 18 0.0392421 
29 187 13 18 0.039118655 
55 319 15 21 0.039103165 
690 248 14 19 0.039083384 
336 129 13 17 0.03903705 
317 491 13 18 0.038877614 
892 356 16 21 0.03882507 
978 83 12 15 0.038761735 
477 267 14 17 0.038662534 
828 121 12 15 0.038401026 
784 6 12 14 0.038378533 
377 91 16 20 0.038311716 
524 266 13 17 0.038115934 
611 0 16 17 0.037748612 
225 0 16 17 0.037711337 
968 251 11 16 0.037676733 
511 216 13 17 0.037653975 
824 161 22 26 0.03759842 
134 196 12 17 0.037584774 
5 9 14 17 0.037454955 
531 22 17 23 0.03694801 
908 152 14 20 0.03694427 
695 287 16 22 0.036895506 
980 480 22 27 0.03671345 
790 249 14 18 0.036663804 
813 156 14 16 0.036546312 
881 192 15 21 0.036380343 
561 572 17 22 0.03631486 
575 325 15 18 0.036019232 
235 188 14 18 0.03601857 
261 101 15 18 0.035926025 
942 74 15 18 0.03585296 
471 337 14 20 0.035807528 
537 4 21 25 0.03578187 
199 186 11 16 0.035666857 
5 377 13 18 0.035662737 
870 420 17 21 0.035492517 
323 53 16 20 0.03538105 
214 563 16 21 0.035335522 
885 367 19 25 0.035294883 
604 450 15 22 0.035181306 
143 567 17 22 0.0350923 
86 -1 15 12 0.034882855 
286 338 22 26 0.034846675 
428 580 14 17 0.034797817 
127 126 16 20 0.034748826 
196 578 15 19 0.03470961 
358 618 12 14 0.03450771 
184 217 13 18 0.03450006 
950 0 16 18 0.034346145 
741 401 16 21 0.03418287 
4 305 13 20 0.03409262 
736 0 15 18 0.03408673 
816 164 14 18 0.034063302 
425 103 16 22 0.034025554 
10 149 15 19 0.0339447 
167 212 14 17 0.0339409 
116 477 16 20 0.0339305 
15 286 12 17 0.033745132 
235 529 20 24 0.033698212 
915 493 18 20 0.033404753 
423 -1 14 12 0.03338589 
495 437 14 17 0.033333328 
150 154 11 17 0.033258326 
285 82 14 19 0.03322366 
91 123 12 17 0.03297789 
958 32 16 22 0.032827687 
718 510 18 22 0.03282602 
489 355 14 19 0.03282459 
846 136 14 18 0.03271661 
1007 600 15 23 0.032699108 
442 253 14 19 0.032654073 
1014 28 9 15 0.032647733 
936 245 19 25 0.03263644 
660 1 15 19 0.032604948 
166 318 17 22 0.032499213 
784 11 22 27 0.032345213 
208 64 16 20 0.032191813 
332 11 14 18 0.0321914 
1013 372 10 16 0.032172993 
127 381 13 17 0.032142095 
504 426 15 19 0.032132696 
613 53 14 18 0.03208915 
286 15 22 29 0.031965237 
10 299 20 28 0.031713232 
844 515 15 18 0.031640064 
332 622 14 19 0.0315541 
251 172 12 15 0.03154522 
556 385 13 17 0.0315037 
896 137 20 25 0.031441983 
550 42 12 16 0.031433225 
635 1 21 24 0.031410314 
917 321 15 19 0.031312928 
333 487 14 21 0.031268355 
73 0 16 17 0.031223994 
652 434 14 18 0.031160424 
6 394 14 19 0.031142766 
219 23 13 17 0.031090891 
7 130 12 17 0.031000612 
219 239 16 19 0.03099805 
607 186 14 17 0.03080402 
538 210 15 20 0.030800862 
677 442 14 18 0.030751359 
164 435 12 17 0.030729258 
431 264 16 20 0.030704355 
255 272 14 18 0.03069997 
373 219 14 17 0.030694138 
247 14 12 15 0.030642245 
783 21 16 22 0.030641096 
183 165 14 17 0.030607266 
950 33 16 21 0.030595016 
920 0 14 14 0.030486934 
485 271 16 20 0.030430945 
155 151 15 19 0.030419558 
488 95 17 20 0.03035496 
699 276 17 20 0.03035463 
668 2 16 19 0.030306295 
329 261 18 20 0.030275524 
0 61 13 21 0.030169219 
949 24 15 20 0.030141778 
921 311 18 24 0.030038424 
163 489 13 17 0.029836684 
444 296 13 18 0.029805219 
65 354 15 22 0.029767642 
341 412 17 23 0.029762339 
762 591 22 27 0.029760225 
827 242 14 19 0.029746031 
132 237 16 21 0.029670551 
1003 32 14 19 0.029593011 
162 5 24 25 0.029553242 
855 76 13 16 0.02930949 
256 482 13 18 0.02921453 
405 106 13 19 0.029105628 
396 0 14 19 0.029080886 
697 456 16 20 0.029049138 
0 230 10 16 0.029010931 
532 263 13 18 0.02898172 
123 494 16 21 0.028976532 
533 341 14 17 0.028953958 
266 172 13 15 0.028918458 
502 663 16 21 0.02887303 
809 121 15 20 0.028867 
867 312 15 20 0.028744655 
229 486 17 20 0.028713727 
979 236 23 27 0.028595453 
274 418 14 19 0.028580515 
553 599 20 26 0.028572347 
987 425 16 21 0.028529413 
455 552 13 19 0.028405905 
799 318 13 16 0.02836387 
411 250 14 18 0.02833618 
0 308 11 17 0.02831991 
170 29 17 19 0.028318744 
997 43 15 20 0.028257273 
66 59 14 19 0.028255986 
370 487 20 25 0.028197836 
128 -2 15 14 0.028193725 
987 468 23 29 0.028123127 
515 499 13 17 0.028096877 
372 548 12 18 0.02806641 
143 660 14 18 0.028034944 
686 255 14 20 0.027951343 
350 0 13 14 0.027864577 
426 212 19 26 0.027639283 
828 309 17 21 0.02734279 
427 -5 21 21 0.027223906 
515 90 14 17 0.027183143 
655 91 15 19 0.02713871 
941 82 16 19 0.027038274 
941 685 25 26 0.027037008 
661 482 15 20 0.02701464 
940 628 13 16 0.026996624 
311 530 15 20 0.026927235 
199 558 15 21 0.02688077 
317 225 13 16 0.02685932 
1013 318 12 17 0.026799716 
333 20 16 22 0.026759755 
555 595 15 19 0.026716981 
155 339 23 28 0.026702607 
358 91 16 21 0.02669638 
429 603 18 24 0.026664594 
505 500 17 21 0.026582537 
698 50 14 18 0.026578324 
367 86 14 18 0.026499458 
998 393 15 20 0.026497867 
813 411 15 19 0.02646664 
453 489 14 21 0.026429834 
547 158 19 25 0.026423424 
306 11 12 16 0.026347326 
445 194 21 30 0.026346551 
508 393 14 19 0.026340483 
422 458 16 20 0.026336405 
3 288 13 18 0.026289605 
287 329 15 19 0.026223935 
318 595 17 23 0.026180333 
664 532 19 22 0.026143318 
1012 36 12 17 0.026140945 
119 191 18 20 0.026033575 
84 398 15 20 0.026017318 
230 315 17 22 0.025921697 
537 173 17 22 0.025819989 
1 161 13 20 0.025809577 
431 8 14 18 0.025794927 
715 221 15 20 0.025574291 
341 253 11 16 0.025548121 
722 428 15 19 0.025479607 
789 49 14 18 0.025404653 
733 497 21 26 0.025367362 
414 101 17 22 0.025340194 
20 303 16 22 0.025334409 
194 234 15 18 0.02520245 
601 123 16 21 0.02517581 
493 255 19 23 0.025162365 
0 537 11 19 0.025083208 
659 475 15 19 0.02505529 
485 284 15 18 0.025021937 
967 498 14 19 0.025007294 
253 -1 16 14 0.02494676 
478 109 17 22 0.024924772 
779 538 23 26 0.024901217 
814 484 14 20 0.024897447 
976 12 16 18 0.02487716 
421 626 13 18 0.02484672 
3 629 14 19 0.024798242 
646 264 13 17 0.024776917 
677 0 14 16 0.024767114 
372 615 17 21 0.024678275 
57 421 19 24 0.024635306 
87 14 12 15 0.024592753 
0 670 11 22 0.024537908 
218 30 15 21 0.024537625 
569 129 16 19 0.02449993 
650 151 16 19 0.024452642 
160 21 15 19 0.024423236 
-1 346 9 16 0.024240341 
559 353 14 20 0.024228567 
516 36 14 18 0.024155684 
798 464 16 20 0.024147438 
483 379 14 18 0.024084533 
775 85 15 19 0.023999406 
1010 676 13 18 0.023987185 
321 465 20 25 0.023982095 
442 590 14 19 0.023948966 
458 284 14 17 0.023945745 
907 210 15 21 0.023941167 
50 147 16 20 0.023937572 
267 163 14 18 0.023904612 
207 50 13 18 0.023897666 
24 117 17 21 0.023851588 
687 63 13 18 0.02381368 
413 458 14 20 0.023755787 
31 223 16 19 0.02375214 
348 88 15 20 0.023718737 
252 489 13 18 0.023703549 
305 277 18 20 0.02364106 
490 3 15 17 0.02362613 
311 541 17 22 0.023619976 
156 322 24 29 0.023487378 
21 386 15 22 0.023484232 
570 564 21 28 0.023424799 
470 68 13 18 0.023398397 
296 353 15 20 0.023321517 
908 138 14 19 0.023203645 
243 0 16 17 0.02317365 
43 435 17 22 0.023165332 
587 183 15 19 0.023058373 
542 -1 15 14 0.023052368 
325 225 12 16 0.023021774 
672 65 14 18 0.02288698 
1013 633 12 19 0.022852935 
119 120 14 19 0.022798227 
604 399 14 18 0.022754364 
343 520 15 20 0.022698248 
886 607 16 21 0.022685368 
685 563 15 19 0.022677202 
832 286 22 26 0.022654032 
592 116 15 18 0.022609897 
766 318 16 20 0.022586707 
321 365 11 16 0.022490166 
327 538 16 21 0.022477586 
501 234 13 18 0.022458622 
324 81 14 19 0.022411207 
563 606 22 29 0.022403806 
70 287 15 19 0.022327023 
605 34 14 18 0.022317616 
341 89 14 19 0.022300666 
848 284 15 18 0.022290716 
293 -5 20 22 0.02226311 
874 -2 13 15 0.02219982 
107 623 16 23 0.022174703 
265 61 20 27 0.022119103 
94 348 18 21 0.02211098 
359 51 13 17 0.022013102 
388 418 20 27 0.021993527 
518 604 18 22 0.02198795 
659 468 15 16 0.021824174 
1005 380 15 20 0.02182076 
20 220 13 17 0.02180971 
229 309 14 18 0.021800485 
526 26 14 19 0.021754017 
123 116 14 19 0.021719636 
787 266 21 24 0.021696428 
718 419 14 18 0.021675799 
300 410 15 19 0.02167049 
329 564 23 28 0.021615155 
792 351 16 21 0.021591727 
476 26 14 18 0.021554567 
455 313 21 27 0.021522285 
542 50 12 17 0.021469183 
661 291 14 17 0.02146106 
326 569 15 19 0.021449845 
296 32 15 20 0.021403886 
806 118 13 17 0.021392163 
1002 418 20 32 0.021390755 
388 585 13 17 0.021372393 
1007 265 20 28 0.021318119 
283 90 15 20 0.021296503 
117 469 15 18 0.021262152 
17 0 15 14 0.02119328 
784 57 16 20 0.021135725 
-1 182 9 16 0.021126343 
644 51 15 20 0.021118904 
744 235 15 18 0.021063799 
276 545 15 18 0.021038687 
824 320 14 19 0.021025712 
840 257 19 24 0.021013577 
937 633 12 16 0.020976303 
417 218 20 27 0.020939954 
436 609 24 28 0.020899333 
750 172 17 23 0.020896813 
684 536 15 20 0.020894445 
161 67 24 29 0.020854425 
314 666 16 19 0.02083161 
1002 173 20 26 0.020751372 
397 197 16 21 0.020750882 
331 246 14 19 0.02073484 
668 350 16 20 0.020666232 
776 25 13 19 0.020661112 
398 13 16 22 0.020650925 
726 223 18 24 0.020648101 
174 436 12 17 0.020636022 
227 20 12 16 0.020597124 
856 558 17 21 0.02058807 
501 355 12 17 0.020537991 
367 467 22 27 0.020517781 
964 95 14 19 0.020472124 
814 177 19 24 0.020455433 
1006 555 14 17 0.020451944 
526 361 15 20 0.020415781 
31 111 20 26 0.020406341 
172 109 14 18 0.020404115 
188 225 16 19 0.02036065 
23 193 14 20 0.020337863 
561 158 20 26 0.020320147 
17 52 14 19 0.020292252 
814 403 15 18 0.020289067 
506 45 21 25 0.020269172 
934 462 16 20 0.020258991 
726 521 21 27 0.02024907 
609 130 14 19 0.020248568 
865 169 16 21 0.020238955 
295 474 16 21 0.020229645 
414 258 13 18 0.020194346 
55 635 16 24 0.020185191 
805 425 18 23 0.02016296 
244 127 16 19 0.02014731 
316 235 15 18 0.020143868 
965 3 14 16 0.020119581 
963 275 11 16 0.020114949 
939 56 15 20 0.020077782 
485 255 14 17 0.02006905 
467 258 15 17 0.020066807 
996 380 15 18 0.020049555 
622 178 14 18 0.02004737 
