12_Group_Large_Group_12_Group_Large_Group_12_228
78
483 397 17 21 0.9925363 
203 408 15 21 0.9915159 
698 415 17 21 0.99035174 
293 406 16 21 0.98981524 
429 414 16 21 0.9883836 
525 408 16 21 0.9878501 
827 406 17 22 0.9876439 
906 412 17 23 0.98665684 
249 410 15 20 0.98617744 
564 404 17 22 0.9855994 
781 410 18 23 0.9851816 
155 415 15 19 0.98424834 
653 417 18 24 0.9792956 
336 409 18 22 0.9788179 
869 420 18 21 0.9691974 
110 410 17 21 0.9335302 
742 406 19 24 0.9235996 
393 410 15 20 0.9230428 
605 411 18 22 0.9152891 
303 474 19 21 0.6637888 
242 466 21 25 0.4492787 
467 479 10 12 0.3120428 
196 462 23 26 0.25550348 
107 455 17 20 0.21789752 
339 470 22 26 0.18902834 
463 500 14 17 0.1391982 
156 465 20 24 0.116937734 
861 378 17 21 0.09341361 
516 501 11 13 0.09178426 
260 393 13 17 0.087491974 
377 445 27 33 0.063128866 
180 436 16 22 0.0612911 
727 514 10 13 0.060192734 
405 501 12 16 0.056989133 
920 142 12 15 0.05472032 
255 391 12 14 0.047508873 
671 379 14 18 0.040788703 
405 432 13 18 0.03481267 
144 403 12 15 0.034627225 
901 100 12 16 0.03440693 
167 394 11 15 0.033084255 
149 398 12 15 0.031212924 
109 423 17 19 0.029660573 
93 422 11 12 0.029347867 
878 70 9 10 0.029334644 
101 404 15 18 0.02860493 
157 476 17 21 0.028444627 
102 463 17 18 0.028188849 
885 141 12 14 0.028095745 
692 390 17 21 0.027955974 
104 411 16 18 0.027401522 
870 62 9 11 0.027059698 
546 408 15 19 0.026694842 
598 499 11 13 0.026178302 
914 455 15 19 0.025733711 
916 514 11 14 0.02567512 
893 386 15 19 0.025008464 
278 36 182 252 0.025001206 
835 369 15 19 0.0248669 
950 412 13 17 0.024768684 
78 421 8 11 0.024550114 
924 156 12 14 0.024316309 
293 398 15 20 0.024219032 
101 399 12 15 0.023974909 
873 14 10 11 0.023477629 
378 436 17 20 0.023227476 
195 450 17 18 0.023105027 
221 401 15 19 0.022227177 
181 375 10 12 0.022170393 
155 439 15 20 0.022119023 
874 70 9 10 0.021984406 
185 442 25 32 0.021972435 
465 493 14 17 0.021858621 
558 386 14 17 0.020781051 
885 61 11 13 0.02068206 
942 412 13 18 0.020574337 
403 416 13 19 0.020505922 
880 62 10 13 0.020384634 
