12_Group_Group_12_Group_Group_12_519
177
821 202 32 42 0.9996753 
902 206 29 38 0.9994535 
713 224 35 46 0.99794763 
569 199 37 49 0.9974141 
448 207 41 51 0.9903258 
796 71 24 31 0.6371465 
718 130 28 39 0.49533135 
485 76 14 17 0.3711233 
246 92 14 18 0.32215357 
1000 61 13 17 0.31430003 
523 186 23 31 0.28653508 
799 166 30 39 0.28295255 
361 87 17 20 0.22382095 
978 36 13 18 0.21784425 
925 36 15 18 0.20963643 
770 28 14 18 0.20874704 
784 155 33 39 0.20651071 
965 54 13 17 0.18929331 
890 16 13 17 0.16659287 
301 81 27 35 0.15841758 
746 44 17 20 0.1516694 
799 68 15 18 0.1502466 
685 26 21 32 0.14641258 
737 0 17 18 0.14178702 
341 6 14 17 0.13800012 
275 72 15 21 0.11993736 
757 69 13 18 0.113823436 
432 62 13 16 0.1135795 
823 93 13 17 0.10587369 
853 40 15 19 0.09703933 
406 278 28 42 0.09584555 
683 187 25 32 0.092425935 
462 186 18 19 0.091606125 
511 46 13 16 0.089539886 
826 55 21 28 0.08593717 
954 31 16 18 0.08473065 
708 49 14 16 0.08365481 
847 103 12 17 0.082737215 
683 0 19 17 0.0811261 
363 97 16 18 0.08012726 
943 111 10 14 0.07396047 
907 51 14 17 0.07221122 
862 58 16 19 0.0702687 
422 80 10 12 0.06976967 
796 123 14 19 0.06776879 
817 7 22 26 0.06644808 
498 23 16 20 0.066336334 
970 8 14 19 0.06499407 
245 69 12 15 0.06445155 
838 27 14 19 0.06206266 
659 7 24 30 0.059933543 
-12 436 254 192 0.059856113 
804 10 16 18 0.05846082 
1005 3 15 19 0.057755042 
263 47 11 13 0.05672432 
693 33 22 29 0.05501696 
468 24 14 18 0.054979786 
719 75 15 18 0.054614868 
726 28 14 18 0.054549035 
861 0 15 17 0.054499697 
294 63 13 19 0.05443551 
303 43 12 16 0.05149732 
808 0 21 23 0.05044015 
858 65 25 31 0.04959856 
762 93 23 31 0.049316697 
283 69 42 51 0.0491006 
931 19 13 16 0.048275065 
775 55 15 20 0.04730779 
287 126 23 27 0.046918467 
822 40 14 17 0.04567168 
362 -1 17 14 0.045427743 
969 93 24 31 0.044989873 
632 92 45 65 0.04330414 
997 100 13 19 0.043186337 
741 51 25 28 0.04192817 
806 63 23 32 0.04117035 
785 110 24 32 0.04092473 
454 19 15 19 0.040664185 
430 19 14 19 0.040358033 
460 23 16 19 0.040266696 
764 107 22 33 0.039926782 
860 50 15 18 0.039316226 
333 36 15 18 0.03873889 
603 245 16 20 0.038698185 
917 70 13 17 0.03822812 
397 200 15 19 0.03818418 
894 0 13 12 0.037860904 
812 53 23 31 0.037773408 
658 143 28 43 0.036704436 
438 36 13 17 0.03605788 
744 97 15 19 0.035890106 
780 8 18 21 0.035735566 
861 73 28 36 0.035467423 
846 244 17 22 0.034998342 
310 69 12 17 0.034659833 
294 66 23 32 0.034130394 
498 11 15 19 0.033723418 
381 70 15 18 0.033712342 
917 38 21 26 0.033253822 
673 11 39 50 0.0331176 
701 126 37 52 0.031823754 
1004 361 11 17 0.031627122 
212 113 14 17 0.031549998 
997 24 17 23 0.031537235 
294 29 13 16 0.03140372 
669 50 15 19 0.030099703 
834 83 22 27 0.029721476 
882 43 15 19 0.029455705 
899 57 15 19 0.02938035 
972 87 17 21 0.029151952 
361 121 18 21 0.029069493 
835 101 21 27 0.02837372 
669 59 15 18 0.02830829 
451 12 14 17 0.028119411 
280 67 20 29 0.027965363 
654 117 48 70 0.027724518 
935 2 13 16 0.027430411 
914 49 14 19 0.026882015 
500 7 12 13 0.026782228 
820 100 24 30 0.02667202 
679 0 28 32 0.026575442 
815 150 23 34 0.026417963 
489 83 14 17 0.025904968 
387 39 16 20 0.025728134 
240 71 22 28 0.025726171 
843 133 27 35 0.025380302 
443 58 14 18 0.025335316 
845 34 15 19 0.02518682 
669 114 33 40 0.025014289 
846 95 21 28 0.02500052 
842 43 22 28 0.024375487 
923 49 22 32 0.024350384 
851 81 23 33 0.024160102 
876 27 13 15 0.02396662 
785 151 21 27 0.023744479 
657 50 26 31 0.023700183 
819 39 23 29 0.023586053 
997 8 22 28 0.023282709 
652 41 25 30 0.023153238 
552 180 31 37 0.023146573 
446 6 14 17 0.023048982 
944 103 10 14 0.023045244 
443 42 12 16 0.02304307 
951 88 10 13 0.023027599 
265 51 13 16 0.023027273 
803 132 16 20 0.02280744 
665 6 16 18 0.02263317 
805 -1 17 15 0.022476187 
659 74 15 22 0.022444176 
404 35 15 18 0.022394804 
887 18 21 27 0.022337796 
818 1 17 21 0.022266628 
369 82 14 19 0.02220938 
748 64 22 28 0.022117907 
983 85 24 33 0.022108622 
708 55 17 20 0.022083119 
534 6 16 16 0.021864934 
433 51 21 27 0.021795511 
343 91 13 16 0.021731941 
933 55 17 23 0.021670379 
618 109 45 62 0.02161508 
858 36 15 18 0.021333376 
634 297 21 36 0.02124885 
706 66 24 29 0.021238687 
386 8 16 20 0.021193698 
797 10 15 19 0.021176754 
750 34 21 26 0.021092618 
960 29 20 25 0.021076294 
294 39 14 19 0.021023208 
907 60 21 28 0.02101273 
736 37 22 28 0.020919569 
827 37 13 16 0.02072216 
644 123 15 20 0.020555254 
995 87 22 30 0.02044976 
954 3 23 28 0.020253502 
869 27 14 17 0.020225417 
915 68 23 28 0.020221125 
