12_Group_Large_Group_12_Group_Large_Group_12_112
40
221 30 72 112 0.987111 
243 410 121 91 0.32160908 
644 392 56 83 0.26116192 
511 295 33 60 0.16854806 
399 274 41 36 0.13793764 
-13 366 95 141 0.0867033 
460 332 57 64 0.076086745 
902 287 36 37 0.06522299 
494 530 66 83 0.060801458 
210 396 201 226 0.05647408 
868 298 25 28 0.05427722 
947 219 36 34 0.054185923 
444 233 63 68 0.04562677 
485 312 55 69 0.044711675 
912 275 30 35 0.042384565 
487 222 34 51 0.03980295 
423 253 60 58 0.038483907 
914 260 33 38 0.03431939 
470 180 44 78 0.033975806 
353 497 96 144 0.030337453 
938 235 47 48 0.029958032 
411 268 17 20 0.028952813 
904 333 47 52 0.028315019 
997 447 24 45 0.027947158 
498 497 107 143 0.025484538 
467 214 50 75 0.024904378 
391 522 61 93 0.024704112 
386 478 59 83 0.024395905 
405 264 53 57 0.023737194 
261 105 27 39 0.02312982 
612 366 81 97 0.02215449 
922 283 17 21 0.02152458 
498 246 28 44 0.021388615 
910 551 48 63 0.021248544 
895 299 36 35 0.021151938 
905 356 44 52 0.021119995 
910 302 48 49 0.02095165 
456 243 32 31 0.020792428 
417 273 19 22 0.02049376 
496 269 48 67 0.020273492 
