12_Group_Group_12_Group_Group_12_62
25
188 145 49 64 0.99942964 
801 123 53 66 0.9992237 
651 138 51 63 0.99903166 
342 155 47 63 0.9989372 
257 135 44 55 0.99857974 
467 177 47 59 0.99840444 
744 96 47 57 0.99665266 
555 142 42 51 0.9960855 
399 123 43 54 0.9950529 
699 127 405 500 0.37522495 
980 205 9 11 0.13216682 
600 616 18 21 0.07727047 
491 670 15 15 0.064996526 
534 617 16 18 0.057564948 
870 116 40 55 0.031749573 
883 147 18 23 0.028629908 
473 651 14 14 0.02766394 
739 608 17 19 0.027276797 
946 205 11 14 0.025380732 
592 620 27 32 0.025050502 
736 195 244 321 0.025004802 
1011 266 10 15 0.02234946 
316 669 15 17 0.021844033 
883 123 11 15 0.020790087 
48 67 14 18 0.020650119 
