12_Group_Large_Group_12_Group_Large_Group_12_295
95
432 321 29 49 0.96222466 
612 293 14 17 0.9107029 
506 332 13 17 0.6375318 
539 301 10 13 0.5496075 
484 269 10 14 0.42159423 
275 292 12 15 0.4119705 
582 290 10 13 0.35474077 
667 278 11 15 0.33334696 
504 302 12 15 0.25720936 
498 287 10 13 0.15880834 
553 294 11 13 0.15124372 
538 270 7 10 0.1072438 
587 305 13 18 0.097442284 
609 318 10 12 0.09429857 
586 291 11 15 0.09234945 
484 247 10 12 0.090723805 
577 278 8 11 0.08824088 
440 306 26 46 0.086304486 
510 270 8 11 0.07053829 
592 245 12 14 0.070454314 
504 271 9 12 0.06565258 
501 278 9 12 0.060972583 
453 282 12 18 0.060970563 
501 327 14 17 0.05876624 
395 295 31 53 0.05852176 
406 279 16 20 0.05400693 
514 331 12 16 0.05317451 
609 245 10 14 0.051794615 
577 310 9 12 0.05176129 
501 341 15 19 0.051588904 
480 291 9 12 0.050582048 
317 384 34 43 0.050094668 
445 282 14 19 0.047639906 
591 323 11 14 0.046024017 
314 310 10 12 0.04540264 
614 317 11 12 0.04507526 
568 334 9 12 0.04057674 
557 321 11 16 0.040531572 
439 41 409 441 0.039818425 
497 279 10 12 0.039758455 
469 268 14 19 0.039655108 
476 264 18 24 0.03959027 
561 277 10 13 0.039437857 
585 313 11 15 0.039394453 
459 243 15 17 0.03832234 
583 294 18 27 0.038252544 
552 288 9 11 0.038118 
544 287 8 11 0.03803495 
575 315 10 14 0.038013294 
565 319 10 12 0.03784571 
403 317 32 47 0.036834486 
620 316 9 12 0.03672159 
423 339 32 42 0.036635287 
595 302 12 16 0.035023365 
402 279 28 33 0.033801824 
495 324 13 17 0.03312836 
612 360 26 44 0.032793205 
438 274 12 14 0.032262124 
469 252 12 13 0.03168454 
487 291 9 12 0.031432807 
463 273 13 20 0.028278016 
437 282 17 21 0.027920615 
692 318 11 12 0.02789607 
668 286 12 17 0.027815616 
479 250 13 14 0.027727565 
557 351 11 15 0.027571332 
553 354 12 18 0.027537074 
495 347 11 14 0.025677452 
557 286 10 12 0.024832511 
536 291 18 23 0.024611622 
566 326 10 13 0.024608228 
655 420 12 14 0.024547532 
607 238 11 13 0.023980718 
451 275 20 28 0.023202376 
9 558 53 66 0.022948276 
334 367 36 46 0.022744555 
543 278 10 13 0.022407373 
444 338 24 37 0.022400983 
462 291 12 17 0.022075262 
526 255 9 12 0.022041399 
578 300 10 14 0.021864638 
509 314 11 14 0.021821717 
501 293 12 15 0.021625852 
43 387 29 33 0.02160232 
501 246 8 12 0.021574399 
611 322 14 15 0.021419689 
443 269 10 15 0.021382667 
468 246 12 13 0.021349356 
469 293 11 14 0.021308484 
521 261 9 13 0.021202255 
534 77 11 15 0.021118965 
640 240 8 11 0.020852964 
529 269 9 12 0.02080634 
610 333 16 18 0.020312339 
558 331 11 16 0.020267148 
