12_Group_Large_Group_12_Group_Large_Group_12_86
407
900 405 11 13 0.755308 
620 392 10 12 0.65376794 
717 399 9 12 0.59422547 
919 407 10 12 0.5758466 
823 398 9 11 0.55906963 
702 394 11 13 0.5437021 
747 400 15 18 0.46211806 
984 406 9 12 0.4328337 
673 398 9 11 0.41681072 
598 395 9 12 0.33422276 
637 391 9 12 0.31158575 
958 392 8 12 0.2961046 
965 407 9 12 0.29467896 
712 398 10 12 0.28054634 
463 403 13 16 0.2800216 
577 391 7 10 0.25465888 
913 392 9 12 0.24663822 
856 393 8 11 0.243585 
463 358 12 17 0.22236945 
685 439 9 10 0.21422623 
574 457 9 11 0.20980175 
877 418 15 19 0.20189168 
800 400 8 10 0.17512226 
272 384 9 11 0.17500189 
877 380 9 12 0.17417693 
871 404 10 12 0.17367065 
650 396 9 11 0.17214343 
703 437 7 10 0.16986339 
224 368 8 10 0.15529841 
511 405 10 13 0.14837675 
210 382 7 10 0.14374389 
144 383 8 10 0.13314824 
696 427 10 13 0.13128228 
503 410 11 13 0.12609737 
792 428 8 11 0.12241 
768 396 9 11 0.117824055 
997 438 8 13 0.1171783 
702 430 9 12 0.116096064 
398 376 8 10 0.11469889 
542 391 7 11 0.10886059 
331 393 12 16 0.10498247 
364 407 9 13 0.10497742 
850 397 8 9 0.10474799 
901 431 9 11 0.1038766 
941 391 8 10 0.10002736 
927 413 9 11 0.099426724 
824 403 9 11 0.09819386 
816 416 9 10 0.09718338 
265 374 8 11 0.09641905 
44 362 11 13 0.0958203 
633 395 9 11 0.094979316 
756 419 14 17 0.0936071 
581 391 8 10 0.093322985 
990 399 9 11 0.092815086 
512 399 10 13 0.091858566 
663 417 8 11 0.09141242 
660 448 10 12 0.08940408 
491 481 14 17 0.08890655 
648 393 8 10 0.088841364 
142 366 11 15 0.08643696 
146 390 8 10 0.08567028 
394 375 8 10 0.08478707 
454 355 11 16 0.08450177 
249 383 7 9 0.08447204 
917 399 8 10 0.083588526 
199 367 9 10 0.08261584 
270 373 9 12 0.080869734 
719 428 12 14 0.07963272 
831 414 8 10 0.07958857 
623 448 9 12 0.079065174 
924 408 9 10 0.07793703 
544 413 9 11 0.077779755 
999 407 8 11 0.07644717 
985 402 10 11 0.07627452 
558 393 7 10 0.07495829 
724 421 11 14 0.07440247 
697 438 8 10 0.072156824 
209 376 7 9 0.070710845 
335 372 11 15 0.06984417 
68 370 11 16 0.06984132 
875 399 10 11 0.06874042 
737 413 9 13 0.06843553 
720 382 8 10 0.068009235 
774 399 7 9 0.06787052 
334 367 9 12 0.067433 
438 348 10 12 0.06716138 
166 392 7 9 0.0665316 
276 367 9 12 0.065623604 
545 446 8 10 0.06479245 
464 387 12 15 0.06473679 
121 382 8 10 0.06426275 
937 381 9 11 0.063921936 
614 407 9 10 0.06383144 
185 358 8 10 0.06364199 
159 413 9 10 0.06354227 
594 391 8 11 0.063084215 
225 373 8 9 0.06292474 
240 366 7 10 0.06180317 
678 392 8 10 0.061800826 
408 364 8 10 0.06085067 
255 384 8 10 0.06009508 
339 379 14 18 0.059099633 
176 374 8 10 0.059025675 
687 443 8 11 0.05875501 
468 350 11 14 0.056961294 
799 429 10 11 0.05675434 
656 417 8 11 0.056735173 
232 374 7 10 0.055682603 
452 350 11 14 0.055673238 
552 428 10 12 0.05564455 
736 419 10 14 0.055412892 
727 384 9 10 0.05518448 
830 407 7 9 0.055043098 
153 409 8 10 0.05504141 
262 360 8 11 0.05474451 
329 371 9 13 0.054155383 
647 430 10 12 0.05402933 
954 390 9 12 0.053895283 
151 368 8 11 0.053692054 
687 391 8 10 0.053565636 
456 431 10 13 0.0527609 
169 368 8 10 0.052643143 
719 412 12 13 0.052420203 
840 407 7 9 0.052255146 
261 366 10 12 0.051356703 
806 438 9 11 0.051279653 
974 356 8 11 0.050162435 
215 388 7 10 0.05001914 
963 412 9 11 0.04970171 
416 365 8 11 0.04967205 
303 388 8 11 0.049366705 
698 374 8 11 0.04934972 
239 383 7 9 0.04850325 
229 368 8 9 0.04833774 
699 396 9 12 0.047761466 
766 420 10 13 0.04655456 
239 375 7 10 0.046035364 
748 407 17 19 0.045707185 
704 490 11 17 0.04564837 
517 362 11 14 0.04510158 
437 363 9 12 0.044495642 
536 461 8 11 0.044340134 
873 456 9 12 0.043319393 
824 414 9 11 0.043288123 
421 358 8 11 0.042842694 
417 422 10 13 0.042492285 
264 381 7 10 0.04248181 
720 435 12 14 0.042286694 
404 434 11 13 0.041692004 
303 367 9 11 0.041397624 
256 366 10 11 0.041259687 
866 406 9 11 0.04079492 
535 396 9 13 0.040746372 
720 391 9 12 0.040063225 
560 424 9 11 0.039939165 
726 389 9 12 0.039736874 
647 437 8 10 0.039411336 
418 360 7 10 0.03936343 
234 382 7 9 0.039283954 
736 428 10 14 0.039034285 
720 464 7 11 0.03902334 
699 422 11 14 0.039001796 
536 391 9 12 0.038902167 
528 391 9 11 0.038798593 
510 349 9 11 0.038796347 
359 367 8 11 0.038734578 
422 366 8 11 0.038679227 
464 356 20 25 0.03864329 
740 410 13 16 0.038618773 
421 350 10 12 0.038469296 
174 369 8 11 0.038161747 
511 344 7 9 0.038029023 
709 393 10 12 0.03796028 
571 459 10 13 0.037956987 
558 429 10 11 0.037856665 
277 383 8 11 0.03777168 
767 381 9 12 0.037491363 
932 415 9 11 0.037408806 
401 392 9 11 0.037155908 
248 376 6 9 0.03680643 
184 398 8 10 0.036689464 
240 399 7 10 0.03666872 
554 397 9 11 0.036591828 
360 399 8 10 0.03657253 
670 413 9 11 0.036503073 
31 364 9 12 0.03622171 
177 382 7 9 0.036211018 
937 377 8 11 0.03617778 
927 400 8 10 0.036005188 
680 432 8 11 0.03585258 
652 339 10 12 0.03567578 
191 389 8 10 0.035639524 
936 397 9 11 0.035553724 
630 453 8 11 0.03555218 
405 376 8 9 0.035400666 
570 406 7 9 0.03539873 
874 377 8 11 0.035360113 
279 406 7 10 0.0350938 
769 372 10 13 0.03478566 
551 407 8 10 0.034781627 
774 430 9 11 0.034638114 
170 373 7 9 0.034564473 
787 333 11 13 0.034533445 
249 389 8 10 0.034475017 
101 379 10 13 0.034195147 
665 398 9 12 0.033889014 
157 439 16 17 0.033825733 
201 372 8 10 0.033726968 
942 397 8 10 0.033696935 
255 389 7 9 0.033433612 
773 421 8 10 0.033251125 
913 407 9 11 0.03317075 
989 382 9 11 0.033049174 
461 424 10 11 0.0330247 
912 447 10 11 0.032756682 
976 412 8 11 0.032724578 
605 390 8 11 0.0327001 
619 453 8 11 0.03264821 
214 376 6 9 0.032516446 
193 366 7 10 0.031970285 
13 386 12 18 0.03195937 
423 390 10 11 0.03169113 
463 351 11 15 0.031688455 
975 351 9 11 0.031660616 
804 399 8 11 0.03159779 
433 366 8 11 0.03147228 
560 444 9 11 0.031336397 
845 462 10 14 0.031212969 
697 368 8 11 0.0310242 
756 437 11 13 0.031004155 
653 392 8 11 0.03089763 
576 394 10 14 0.030625472 
739 452 12 15 0.030514976 
393 369 8 9 0.03051108 
352 366 8 11 0.030469809 
813 437 8 11 0.030456498 
837 445 10 13 0.030407866 
860 391 8 11 0.030291842 
904 382 9 11 0.030087154 
533 476 16 21 0.029754635 
832 383 8 9 0.029568153 
120 389 9 12 0.029554563 
997 399 7 10 0.029414516 
827 365 8 11 0.029248776 
458 403 11 16 0.02918977 
864 434 11 14 0.029026058 
97 376 9 11 0.02891281 
831 446 10 12 0.028901218 
670 429 8 11 0.02886028 
976 407 9 11 0.028825518 
725 414 11 14 0.02879586 
484 341 10 12 0.02866653 
367 389 9 11 0.028648503 
535 471 11 15 0.028490677 
863 412 10 12 0.028316732 
711 471 9 12 0.028273597 
557 375 8 10 0.028271224 
556 472 11 13 0.028218055 
360 372 8 10 0.027891586 
735 453 10 14 0.027698554 
494 456 9 12 0.027596142 
429 398 10 12 0.027329082 
553 368 8 10 0.027295917 
383 424 11 13 0.027014628 
628 448 9 11 0.026974998 
209 387 9 11 0.026823008 
287 421 8 11 0.02679203 
975 375 9 11 0.026735388 
439 380 9 13 0.026709868 
806 431 8 11 0.026638636 
959 385 8 10 0.026628023 
616 356 8 10 0.026607405 
901 436 10 11 0.026560647 
649 415 9 12 0.026558999 
785 376 9 11 0.026433542 
190 384 8 10 0.026411805 
473 362 15 17 0.02640126 
664 391 8 10 0.026109103 
813 382 8 11 0.026056226 
148 372 9 11 0.02602449 
617 386 17 22 0.025985375 
455 360 13 18 0.025981601 
828 399 7 10 0.025806 
863 398 9 11 0.025758559 
698 393 8 10 0.025733111 
837 453 10 13 0.025714269 
518 349 9 11 0.025689675 
559 438 11 12 0.025586022 
943 376 8 10 0.025477434 
278 361 8 10 0.025386455 
541 472 10 13 0.025340876 
439 375 9 11 0.025331404 
760 383 8 10 0.025221642 
952 384 8 9 0.025219403 
388 405 9 13 0.025218774 
777 437 9 12 0.025183346 
894 367 7 8 0.025123628 
184 382 7 10 0.024989642 
954 438 8 10 0.024947625 
241 361 7 9 0.024917629 
149 383 8 10 0.024894053 
774 381 8 11 0.02474551 
736 406 10 14 0.02470511 
565 422 9 11 0.02445442 
465 396 14 19 0.024366833 
162 391 8 10 0.024357187 
688 432 9 11 0.024311129 
552 392 9 11 0.024252558 
601 413 8 10 0.024249095 
599 405 8 11 0.024141315 
137 371 11 13 0.02413025 
998 431 9 13 0.024081323 
669 423 9 10 0.024021018 
670 337 11 15 0.023879625 
296 358 7 9 0.023844026 
648 420 10 13 0.023765689 
919 382 10 11 0.023722844 
501 419 14 17 0.02371953 
199 361 8 9 0.023716424 
920 377 8 10 0.023681141 
125 352 10 12 0.02358621 
877 388 9 12 0.023556655 
998 351 8 11 0.023527062 
760 391 9 11 0.023492878 
224 383 8 10 0.023450905 
234 438 8 11 0.023363449 
818 404 8 11 0.023303578 
807 415 8 10 0.023287073 
981 367 8 10 0.023230817 
955 395 9 13 0.023124814 
121 352 8 11 0.023124708 
444 606 13 15 0.023080638 
617 374 9 12 0.023065774 
341 367 10 13 0.022982134 
241 405 7 10 0.022922352 
449 356 10 14 0.022899633 
800 415 9 11 0.022899231 
580 461 9 11 0.022895215 
520 344 8 10 0.022894831 
714 460 9 12 0.022825055 
960 422 9 11 0.022691643 
950 375 7 10 0.022645151 
543 441 9 11 0.022577623 
553 381 9 10 0.022567594 
631 386 18 22 0.022548623 
461 384 20 26 0.022506587 
928 420 10 12 0.022439139 
631 462 9 11 0.022391398 
617 382 9 12 0.022327106 
367 368 7 10 0.022275975 
592 349 9 10 0.022219623 
663 383 8 10 0.022210132 
182 375 7 10 0.022194294 
904 377 8 9 0.022173533 
695 417 11 12 0.02191164 
384 381 6 9 0.021845337 
789 380 8 12 0.021735143 
654 429 8 11 0.02163337 
724 397 10 12 0.02158916 
914 412 9 11 0.021573765 
432 355 20 28 0.021556182 
712 393 18 23 0.021555644 
462 371 22 28 0.02152453 
311 367 8 11 0.021440431 
459 434 11 14 0.021422181 
695 443 8 11 0.02130349 
530 396 9 12 0.021296754 
701 391 17 22 0.021293778 
751 392 9 11 0.021285258 
248 407 7 10 0.021278836 
672 373 9 11 0.021275343 
159 384 8 9 0.021206046 
785 421 9 10 0.021154646 
120 377 8 11 0.021136642 
678 412 9 11 0.021116082 
802 382 9 12 0.02110778 
751 381 9 10 0.021079175 
160 374 7 9 0.021057779 
135 359 11 13 0.020987565 
709 476 9 12 0.020943487 
743 382 8 10 0.020943247 
871 410 11 14 0.020867024 
536 445 9 12 0.02086658 
688 374 8 10 0.020827685 
814 431 8 11 0.020797122 
684 468 13 14 0.020796444 
713 381 9 11 0.02077929 
369 352 8 9 0.02075045 
717 375 9 11 0.02071063 
575 406 8 10 0.020700302 
366 399 8 10 0.020663533 
550 436 11 13 0.0206512 
591 408 8 10 0.020638382 
677 405 8 11 0.020528411 
438 387 11 13 0.020449335 
318 428 11 13 0.020444311 
504 396 11 14 0.020373195 
468 343 11 12 0.020351974 
830 440 9 11 0.020351805 
896 410 10 12 0.020255135 
184 406 9 11 0.020215437 
544 420 11 13 0.020188738 
820 393 18 23 0.020179812 
385 376 6 9 0.02006691 
928 376 6 10 0.02005102 
792 416 8 11 0.020049792 
125 383 7 10 0.020000646 
