34_Baseball_Baseball_34_356
28
573 239 140 169 0.9993217 
541 0 39 49 0.31076556 
507 302 53 72 0.21749014 
582 30 94 148 0.13006616 
550 4 49 65 0.110855915 
13 394 191 321 0.09262852 
496 614 55 76 0.07273461 
-9 648 358 476 0.0710941 
589 21 54 83 0.063973576 
365 505 432 510 0.057428222 
376 1127 58 74 0.043478828 
522 39 210 293 0.040727966 
573 8 55 69 0.03493266 
538 19 88 116 0.027656386 
595 6 34 47 0.025733383 
505 41 95 127 0.02571811 
471 25 32 32 0.024292853 
444 23 149 244 0.022741608 
384 1203 61 62 0.022599362 
330 853 397 532 0.02231237 
60 298 183 291 0.022063646 
462 63 94 129 0.02205888 
188 1245 15 18 0.021809699 
516 86 58 71 0.02176079 
457 17 28 36 0.021471657 
835 165 159 256 0.021373633 
405 17 34 40 0.021266324 
44 42 174 294 0.020989044 
