34_Baseball_Baseball_34_350
261
605 276 14 16 0.8889053 
655 275 13 16 0.79162526 
623 263 11 14 0.48583838 
189 137 9 12 0.40820962 
217 95 12 13 0.39307407 
585 262 12 14 0.3927598 
973 101 11 13 0.38833645 
840 118 8 11 0.36398947 
907 95 10 11 0.35520798 
595 334 10 13 0.26108548 
606 287 13 16 0.2578444 
119 7 10 12 0.24890606 
801 143 10 14 0.23973283 
784 97 10 12 0.2334938 
428 493 26 25 0.21308051 
89 117 10 12 0.18730839 
896 117 8 10 0.18512769 
359 31 8 11 0.16709077 
673 262 11 14 0.1658748 
684 21 11 13 0.1523745 
400 9 9 12 0.14117858 
897 30 8 11 0.13434827 
553 112 8 11 0.1321574 
906 99 11 13 0.12928373 
909 6 10 12 0.123494096 
486 126 9 12 0.12065396 
636 312 13 16 0.118790805 
508 30 8 10 0.118176006 
526 88 9 10 0.116887614 
620 366 11 13 0.11542249 
921 89 8 10 0.1025994 
205 125 9 10 0.10066437 
962 118 8 11 0.09667443 
482 94 11 12 0.09296902 
997 62 8 11 0.09289804 
408 31 10 12 0.092380345 
15 63 8 11 0.0912232 
615 255 8 10 0.090742625 
694 284 11 13 0.09016095 
237 119 8 10 0.089212194 
649 274 12 17 0.088288024 
885 88 8 10 0.08720044 
121 142 8 10 0.08596873 
641 268 10 14 0.08350483 
542 134 9 11 0.08236815 
753 22 9 11 0.08173223 
204 120 9 11 0.08004567 
132 63 11 13 0.07886437 
666 4 10 12 0.07734965 
646 269 12 16 0.076830395 
935 110 7 9 0.074276045 
406 9 9 11 0.072706975 
9 61 9 12 0.07230167 
174 125 7 10 0.069940895 
599 35 9 11 0.068828285 
17 7 9 11 0.06845169 
329 7 9 11 0.06717629 
958 4 9 10 0.06527326 
857 151 9 12 0.064136855 
646 264 9 12 0.06325357 
864 95 7 9 0.06271834 
999 56 9 11 0.061966497 
567 105 8 12 0.060909495 
921 120 9 10 0.06074895 
556 117 9 11 0.060420178 
611 269 15 17 0.059740424 
505 24 9 12 0.059332598 
871 97 9 10 0.059089452 
96 0 9 9 0.058556516 
801 4 9 11 0.058253612 
73 96 10 13 0.057896312 
660 279 12 15 0.05768424 
998 84 9 11 0.057522498 
89 22 8 10 0.0564359 
566 31 10 11 0.056250267 
5 120 9 12 0.05537439 
602 7 9 10 0.054908123 
345 7 10 11 0.054445636 
56 53 9 11 0.05405383 
594 131 8 11 0.053092353 
453 13 9 10 0.052244216 
134 28 9 11 0.051090367 
646 317 11 14 0.048936103 
813 109 9 10 0.048869446 
71 100 10 13 0.048800774 
579 317 12 16 0.048393875 
957 29 9 10 0.048021324 
954 31 9 11 0.047733027 
608 153 9 12 0.047423784 
688 284 12 14 0.04715381 
757 22 8 10 0.04636983 
902 109 10 12 0.046322268 
553 159 8 10 0.046059016 
666 274 14 18 0.04569713 
30 28 8 10 0.045549672 
934 104 7 10 0.045216702 
495 127 9 12 0.04411728 
910 135 9 11 0.043709416 
54 26 12 13 0.043515142 
692 287 15 19 0.04345434 
899 117 10 10 0.04321478 
549 5 10 11 0.04303641 
922 125 8 10 0.041991036 
861 154 9 11 0.04178627 
913 142 10 12 0.041712932 
739 90 15 19 0.041402172 
791 181 9 10 0.04133322 
994 185 7 10 0.04109986 
38 102 9 10 0.041097 
1008 46 9 11 0.04082978 
487 121 9 11 0.03981864 
349 14 8 10 0.039162714 
926 94 9 11 0.039024875 
749 94 12 14 0.03878823 
687 278 11 14 0.038691673 
538 31 8 11 0.038575985 
615 33 8 10 0.037703652 
865 31 9 12 0.03762098 
816 176 10 12 0.0370913 
5 45 8 12 0.03704862 
929 112 8 9 0.03703258 
622 283 10 14 0.03694911 
498 133 9 10 0.036788538 
857 95 8 9 0.036682274 
839 101 9 10 0.03598375 
215 89 19 24 0.035733223 
832 112 7 10 0.035562105 
616 261 12 15 0.035408285 
425 111 11 13 0.03512813 
653 319 14 17 0.03511414 
641 339 10 13 0.035058007 
874 63 8 10 0.03504757 
846 32 9 12 0.03467264 
473 134 9 12 0.034436643 
953 0 9 10 0.033567425 
587 272 14 16 0.0332464 
440 37 8 11 0.033199295 
382 0 10 9 0.033078246 
40 111 8 10 0.03292306 
135 166 11 15 0.03287963 
990 126 8 10 0.032849766 
47 47 12 13 0.032502692 
630 32 8 10 0.03215339 
552 268 11 13 0.03195613 
108 155 12 14 0.031676814 
21 63 9 12 0.031551164 
891 117 9 11 0.030920105 
64 71 11 13 0.03070769 
61 55 11 13 0.030672008 
675 274 13 16 0.030665576 
330 12 11 14 0.030556882 
16 110 9 10 0.030511118 
649 324 11 14 0.030310147 
901 29 8 10 0.030289946 
352 56 10 13 0.030009387 
598 132 9 10 0.02994621 
558 111 8 11 0.029782096 
894 7 8 10 0.029467773 
621 274 12 14 0.029364036 
738 12 8 11 0.029333632 
509 36 10 13 0.029211277 
834 117 9 11 0.029136386 
890 111 8 11 0.028914241 
902 24 9 11 0.028896788 
864 137 8 10 0.028737387 
1007 157 7 10 0.02821752 
853 15 10 12 0.028064854 
459 224 574 373 0.02779279 
644 340 14 15 0.027470637 
679 119 8 10 0.027415304 
143 36 10 11 0.027211623 
95 13 10 12 0.02713593 
644 309 10 14 0.027042689 
600 271 11 16 0.026882423 
595 344 14 17 0.026421804 
567 97 10 12 0.026395163 
7 56 7 11 0.026273534 
782 36 9 11 0.026253933 
597 330 11 14 0.026090244 
374 37 8 10 0.02607979 
26 29 9 11 0.02598435 
1007 52 10 12 0.0259841 
391 7 10 12 0.025926016 
911 39 8 10 0.02563284 
572 255 10 13 0.025333535 
184 128 9 10 0.025326611 
422 5 9 11 0.025175262 
301 57 13 16 0.025149096 
109 24 10 11 0.025143286 
37 96 9 12 0.024985174 
637 304 14 17 0.024737924 
72 27 11 14 0.024594096 
732 77 40 52 0.024506897 
129 29 8 11 0.02446117 
652 315 26 29 0.024447052 
630 324 11 15 0.02436052 
930 101 8 11 0.024258448 
788 100 8 11 0.02420486 
903 90 17 22 0.024055395 
983 0 9 8 0.023973757 
660 317 15 18 0.023789184 
182 129 19 25 0.023673194 
628 274 12 15 0.023430098 
541 30 9 11 0.02336366 
17 104 8 10 0.023342853 
54 88 9 11 0.023182666 
700 279 9 13 0.023126999 
382 6 11 11 0.02307419 
994 85 9 11 0.023060702 
610 254 8 11 0.023036573 
48 28 10 12 0.02292959 
238 124 9 10 0.022881096 
488 62 11 11 0.022794222 
969 96 10 13 0.022784876 
954 24 9 11 0.022748519 
800 22 10 13 0.022677029 
150 32 8 9 0.022551462 
1002 157 8 11 0.022440374 
694 326 12 14 0.022404982 
905 90 9 11 0.022393214 
953 36 9 10 0.022362199 
987 127 7 10 0.022322834 
1015 136 7 11 0.022289384 
54 38 10 13 0.022257678 
666 108 9 12 0.022134019 
526 120 7 9 0.022123668 
149 86 12 13 0.022049129 
668 318 13 15 0.021957465 
606 32 8 11 0.021874083 
638 333 12 15 0.021666152 
907 106 12 13 0.021601878 
993 57 9 11 0.021480547 
605 334 10 12 0.021467466 
731 84 25 33 0.02142847 
509 42 11 13 0.02138727 
653 308 12 14 0.021238744 
653 302 10 13 0.021157298 
896 35 9 11 0.02110468 
700 328 12 14 0.021050258 
126 37 10 12 0.021025928 
214 135 10 11 0.02090659 
675 412 13 16 0.020899199 
1 61 9 13 0.020770745 
23 69 8 11 0.020747786 
967 107 12 15 0.020738188 
238 112 8 11 0.020709302 
933 21 8 11 0.020705726 
376 0 9 10 0.020670658 
538 25 8 11 0.02060661 
96 5 11 13 0.02054967 
755 94 11 13 0.02046738 
128 65 12 15 0.02046435 
791 31 10 12 0.0204579 
151 92 10 12 0.020450313 
267 234 31 41 0.02036486 
897 150 10 11 0.020353848 
999 188 8 11 0.02029324 
642 311 20 25 0.020251341 
232 123 10 11 0.02024846 
966 125 8 9 0.020142548 
671 256 18 24 0.020023746 
