34_Baseball_Baseball_34_391
31
58 261 24 28 0.9839392 
553 134 31 36 0.35740203 
749 74 41 76 0.26448697 
634 114 42 44 0.22106417 
779 73 59 84 0.16362514 
85 317 13 16 0.09704087 
85 345 9 12 0.07553846 
517 208 58 64 0.065270886 
558 110 40 54 0.06503653 
86 354 30 38 0.0588819 
569 97 40 53 0.053683564 
427 342 31 33 0.047739062 
589 62 45 54 0.047678895 
70 332 11 12 0.046402887 
370 372 27 36 0.041310765 
419 352 31 36 0.038948268 
639 74 50 67 0.037890635 
784 84 89 103 0.035129298 
584 85 45 57 0.032534063 
616 87 81 97 0.032426268 
121 131 16 19 0.031920154 
530 234 65 71 0.03144316 
395 362 44 45 0.029258812 
645 65 86 122 0.02895834 
64 327 10 12 0.028050767 
419 620 60 63 0.025914758 
53 92 11 15 0.024978727 
858 433 105 115 0.02425293 
544 209 70 71 0.023435852 
459 341 11 12 0.023024926 
719 55 69 118 0.021585034 
