56_Voter_peoplevoting_56_441
858
218 252 93 141 0.9959371 
989 607 13 17 0.9098904 
900 558 13 17 0.8148103 
978 648 15 20 0.793146 
834 429 10 12 0.70312953 
901 484 14 16 0.6456053 
854 531 12 17 0.637328 
720 499 10 13 0.58039093 
773 556 9 12 0.5655442 
835 510 11 15 0.53874546 
791 500 12 14 0.47356266 
828 376 10 12 0.45565602 
492 535 58 64 0.45295748 
621 472 9 12 0.44274187 
873 595 14 18 0.43784055 
987 674 23 31 0.41381353 
821 351 7 10 0.4035629 
819 590 13 15 0.39968127 
741 548 11 13 0.3975516 
909 428 11 15 0.3954529 
972 512 12 16 0.39505407 
815 408 9 11 0.38320732 
686 334 11 13 0.35548863 
795 529 12 16 0.33553275 
964 494 11 14 0.33142132 
843 406 11 15 0.32977873 
961 543 11 15 0.29774556 
924 565 11 13 0.28652176 
883 486 9 12 0.26157087 
734 416 8 10 0.2593137 
964 380 10 13 0.25495532 
952 395 8 11 0.25156507 
712 531 11 13 0.24172837 
822 469 9 10 0.23330802 
950 438 10 14 0.23150644 
1015 380 8 13 0.23107968 
929 523 9 11 0.22904389 
778 327 8 10 0.22861989 
942 358 8 11 0.22479226 
725 526 11 14 0.22155663 
757 513 9 11 0.22037834 
814 510 9 11 0.21693705 
717 530 13 15 0.20497689 
673 358 9 11 0.2041588 
986 577 13 15 0.1919411 
584 476 12 13 0.19060846 
690 470 9 12 0.18379225 
799 390 8 11 0.18160674 
440 369 7 9 0.18042912 
759 367 9 12 0.17921633 
1014 494 8 12 0.17920749 
700 544 9 12 0.17895813 
793 477 9 11 0.17858815 
733 565 10 12 0.1781338 
760 472 9 12 0.17788446 
1008 526 12 16 0.17777644 
630 437 8 9 0.17721966 
985 539 11 13 0.17513554 
460 358 9 12 0.16804625 
790 459 8 11 0.16158275 
1001 590 11 13 0.1609503 
761 371 9 11 0.15650584 
840 391 9 11 0.15578984 
720 454 9 12 0.1556945 
912 534 11 14 0.15058252 
868 240 9 11 0.15022115 
972 398 10 14 0.14790346 
746 399 7 10 0.14380482 
758 414 8 10 0.14256996 
677 461 8 10 0.13799179 
736 490 9 12 0.13648434 
907 487 13 16 0.13369814 
847 351 8 10 0.13286982 
332 324 10 12 0.13252251 
999 437 10 13 0.13249926 
806 431 7 11 0.13195649 
800 336 9 11 0.13117084 
982 407 9 11 0.1306565 
953 312 7 9 0.12960672 
784 419 8 11 0.12611556 
777 368 7 10 0.12426615 
704 557 9 12 0.12321693 
354 383 15 19 0.11998265 
749 551 8 10 0.11878173 
754 457 7 9 0.11875415 
914 400 9 12 0.11760518 
25 372 52 61 0.117046095 
725 476 9 11 0.11558768 
760 406 8 10 0.11504446 
791 550 10 13 0.11502096 
799 304 8 10 0.113851935 
791 473 9 11 0.11328697 
991 366 8 11 0.11196231 
799 472 8 10 0.110996865 
998 445 9 13 0.109618284 
841 398 8 10 0.109222576 
951 423 10 13 0.108593784 
909 469 10 12 0.108006194 
726 405 9 10 0.10673942 
961 375 9 13 0.106279686 
901 590 13 15 0.105842374 
958 388 10 14 0.10562237 
657 473 9 12 0.10470909 
993 446 10 14 0.10380317 
820 489 14 17 0.10307242 
738 544 10 13 0.10257632 
915 577 14 18 0.1024911 
924 502 10 14 0.102049574 
792 375 8 9 0.09939832 
894 508 11 13 0.099007845 
684 487 10 12 0.09874132 
789 405 8 11 0.097814284 
866 390 9 12 0.097715825 
745 464 8 10 0.09757399 
994 352 7 9 0.09735668 
823 392 8 10 0.09730722 
768 552 12 14 0.09720099 
723 495 10 12 0.09509561 
862 359 9 12 0.09376668 
694 523 9 12 0.09350649 
855 598 10 13 0.09271021 
694 359 8 10 0.092259 
991 431 8 10 0.091421776 
757 456 7 9 0.09022554 
946 444 11 14 0.090211995 
932 519 10 13 0.0901873 
821 334 8 10 0.08993039 
871 344 9 11 0.088980846 
626 437 8 10 0.08846213 
840 342 8 10 0.088308156 
832 536 11 13 0.088208795 
808 375 8 11 0.08759781 
824 296 8 10 0.08616458 
706 351 7 9 0.0856525 
796 496 10 13 0.08533932 
999 317 9 11 0.08521484 
1014 319 8 11 0.08513687 
681 334 10 12 0.084499 
937 352 8 10 0.08443833 
993 406 9 13 0.084122136 
865 351 8 9 0.084087916 
676 469 11 14 0.08380083 
807 380 10 12 0.083752476 
721 406 8 10 0.083300404 
831 464 8 10 0.08227158 
858 524 13 16 0.082250066 
863 334 8 10 0.08110014 
809 408 9 11 0.08109492 
1006 388 9 12 0.08091986 
880 308 11 13 0.08064902 
288 254 7 10 0.079601005 
863 327 8 11 0.079196066 
740 487 10 12 0.07890023 
801 431 8 11 0.07879537 
783 390 7 8 0.07750104 
962 366 8 10 0.077497624 
775 454 8 11 0.0774484 
985 358 8 10 0.07696765 
884 490 10 14 0.07669692 
704 399 8 10 0.07649273 
814 376 8 11 0.076323316 
818 344 7 9 0.07629564 
760 401 8 9 0.07620012 
805 588 12 14 0.07607816 
681 489 10 14 0.075466245 
785 457 8 11 0.0752015 
1006 534 12 16 0.07498744 
751 461 9 11 0.07401107 
841 303 7 9 0.07364272 
447 345 7 9 0.07324127 
744 476 9 11 0.0727103 
758 384 8 10 0.072596855 
992 357 9 11 0.07207711 
814 429 9 10 0.07186976 
793 309 8 10 0.0717897 
780 555 11 13 0.07162705 
704 405 7 9 0.07153189 
1014 413 8 12 0.07135446 
724 399 10 12 0.07124995 
663 446 7 9 0.070997275 
991 335 7 10 0.069251284 
1009 383 8 12 0.06905428 
417 229 9 11 0.06899814 
899 530 13 19 0.06864734 
997 358 10 12 0.068534315 
807 461 9 11 0.06852852 
956 440 9 11 0.06834237 
800 369 7 10 0.06786901 
959 358 9 11 0.067783765 
978 311 7 10 0.067749605 
813 248 8 10 0.06773215 
976 461 8 11 0.06770216 
800 352 9 11 0.06745635 
722 449 7 9 0.06744092 
808 412 8 12 0.067439206 
712 336 8 9 0.06699218 
504 350 8 11 0.06697719 
744 470 8 10 0.06662183 
926 589 12 15 0.06540848 
921 269 9 11 0.06538315 
761 556 10 12 0.06537341 
992 490 11 15 0.064989306 
711 312 8 9 0.06462282 
763 295 7 9 0.0642938 
805 351 8 10 0.06379666 
305 103 399 472 0.06364429 
769 525 9 12 0.063108504 
996 511 9 12 0.06298732 
783 476 9 11 0.062778965 
999 432 8 11 0.06271919 
975 281 7 9 0.06267917 
705 345 7 9 0.06237584 
793 368 7 10 0.06216621 
745 359 7 8 0.062004276 
785 384 7 9 0.061635975 
711 358 7 9 0.06087199 
875 579 14 18 0.060357407 
775 342 8 10 0.06024252 
878 348 8 11 0.0600051 
903 423 10 14 0.059779577 
820 407 8 11 0.05941529 
718 415 7 9 0.059164662 
719 359 7 9 0.058919027 
990 478 10 13 0.05877921 
822 356 8 10 0.05850751 
953 270 9 11 0.058485154 
775 403 9 11 0.058475062 
753 360 7 8 0.05814098 
880 262 10 12 0.058100168 
782 343 7 9 0.058057413 
862 409 9 11 0.057877276 
1014 407 8 11 0.05784363 
850 445 9 12 0.05727891 
977 326 9 10 0.057264335 
985 335 7 9 0.056687795 
703 564 12 15 0.056681227 
783 400 9 11 0.056409836 
695 319 9 10 0.056296784 
1014 367 8 12 0.056275103 
789 421 8 10 0.056199457 
916 537 11 14 0.056195818 
712 485 8 11 0.05546783 
890 516 9 12 0.05542159 
902 414 9 12 0.054857846 
810 247 7 9 0.05462391 
832 320 10 13 0.054417945 
776 416 8 11 0.054118942 
753 326 8 10 0.05405982 
749 400 8 10 0.05393007 
434 367 7 9 0.0536357 
902 405 9 11 0.05346833 
806 325 8 10 0.052972153 
953 351 8 11 0.052734166 
744 376 7 9 0.051997542 
951 357 8 11 0.051902313 
766 368 8 10 0.051784415 
941 546 11 14 0.051777437 
942 352 8 10 0.051736765 
958 422 10 13 0.051427394 
799 373 8 10 0.05127653 
955 670 12 17 0.05098413 
957 352 8 11 0.050961252 
1004 437 11 14 0.05051796 
720 478 9 12 0.05037293 
966 413 9 11 0.05033356 
776 333 8 12 0.050294522 
977 319 8 10 0.05027421 
704 304 8 10 0.05006888 
614 447 9 10 0.04997436 
777 478 8 11 0.04959374 
800 384 9 11 0.049519762 
755 366 8 10 0.049340263 
796 484 9 11 0.049201835 
985 365 9 11 0.04916729 
841 337 7 9 0.049144 
734 313 7 9 0.048898593 
974 344 7 9 0.048664715 
1008 493 11 15 0.048579175 
946 423 9 13 0.04853068 
982 326 7 10 0.048517633 
857 380 9 11 0.048241314 
639 429 8 10 0.04809303 
663 442 7 8 0.048065845 
839 366 8 11 0.047929764 
776 351 7 9 0.047617856 
677 456 8 10 0.047605917 
646 463 8 9 0.04752079 
784 500 12 15 0.047286347 
905 563 13 15 0.046929687 
993 437 9 12 0.046877906 
886 481 9 12 0.046800267 
990 484 11 15 0.046450842 
1001 280 9 11 0.046386097 
880 303 10 12 0.046319928 
989 269 9 10 0.046026424 
724 454 9 11 0.045905653 
775 359 8 9 0.04586305 
821 344 8 9 0.04582043 
799 280 7 9 0.045758884 
939 604 14 16 0.045657445 
807 632 13 17 0.045571472 
842 351 7 10 0.045332972 
838 324 8 11 0.045298357 
814 500 11 14 0.045287248 
995 319 7 10 0.04522086 
981 310 8 10 0.0452146 
915 484 13 16 0.04516574 
688 518 10 14 0.045137268 
970 281 8 10 0.045083266 
786 404 8 11 0.04502576 
977 508 13 17 0.044843998 
802 413 9 12 0.04484149 
957 310 8 10 0.044611137 
498 287 7 10 0.044581857 
673 455 8 11 0.044538256 
722 473 8 9 0.04428305 
768 336 8 10 0.04413127 
367 361 7 10 0.0439877 
945 450 11 14 0.043794278 
966 489 11 13 0.04376388 
1008 519 11 15 0.04374056 
845 398 9 12 0.043668892 
918 421 9 13 0.043619353 
904 267 9 11 0.04359758 
1015 309 8 11 0.043506604 
729 312 8 10 0.043169986 
758 461 8 11 0.042980466 
362 366 8 9 0.042898677 
905 477 14 17 0.04276879 
824 248 7 9 0.042496786 
765 477 8 10 0.04248602 
728 560 9 12 0.04247698 
727 377 7 8 0.042470794 
854 444 10 13 0.04229679 
951 335 7 10 0.04228176 
744 448 8 9 0.042236738 
806 302 8 11 0.042190764 
818 263 7 10 0.04210809 
999 468 11 14 0.04189355 
1006 279 8 10 0.04170883 
799 455 8 10 0.04154686 
816 485 11 14 0.0413945 
716 319 8 10 0.04131818 
816 463 9 11 0.04125642 
813 514 11 14 0.041140605 
761 319 8 9 0.0408037 
969 403 11 14 0.040764596 
728 328 7 9 0.04072241 
912 574 12 16 0.04059642 
991 342 8 10 0.04053068 
609 457 9 10 0.040392656 
898 246 8 10 0.040320378 
767 400 8 10 0.04020698 
774 486 9 11 0.040205915 
1006 470 9 12 0.040190402 
945 342 8 10 0.039982148 
1000 312 9 10 0.039924197 
854 407 10 13 0.039922964 
596 312 8 10 0.03990508 
1004 597 12 14 0.039820578 
797 287 8 10 0.039751515 
758 328 7 9 0.039724916 
769 453 8 10 0.039672453 
830 468 9 11 0.03964893 
993 515 11 13 0.039487302 
857 336 8 10 0.039187554 
794 318 9 11 0.03908558 
726 381 8 9 0.038925055 
425 280 6 8 0.038923718 
911 268 9 11 0.03885874 
846 356 9 12 0.03877062 
753 514 10 12 0.03876964 
930 595 15 16 0.038743217 
805 341 8 10 0.03866728 
1014 498 9 14 0.038661417 
982 389 10 13 0.038557228 
1000 389 9 12 0.03855589 
927 325 10 11 0.038484257 
838 383 9 11 0.03846755 
917 492 11 14 0.038369786 
688 368 8 9 0.038346656 
441 344 7 9 0.038311835 
758 360 7 9 0.038271587 
1013 228 9 14 0.038259406 
929 350 8 11 0.038202953 
734 408 7 9 0.038089532 
906 584 15 18 0.038013972 
407 318 7 10 0.03797081 
754 384 8 10 0.037813302 
770 342 8 9 0.037759315 
912 375 10 12 0.037588894 
759 551 9 11 0.03753706 
847 271 8 10 0.037426032 
480 360 8 9 0.03737682 
400 233 7 9 0.037329838 
759 335 7 9 0.037293408 
488 345 6 8 0.037121143 
989 289 8 9 0.037105612 
845 365 10 12 0.03692451 
658 440 7 10 0.036693785 
1006 398 8 11 0.03669223 
790 400 8 10 0.036676623 
940 380 12 15 0.036658335 
713 415 8 9 0.036620528 
917 415 10 13 0.036585372 
445 368 7 9 0.03656668 
656 447 7 9 0.0363668 
808 493 11 14 0.036192957 
710 352 8 10 0.03604746 
757 486 11 13 0.036027513 
815 424 8 10 0.035982393 
916 469 11 14 0.03594682 
369 279 7 9 0.035896886 
821 264 8 9 0.03586706 
753 335 7 9 0.03586404 
377 273 7 10 0.03578516 
960 342 8 9 0.035762098 
745 320 7 8 0.03566691 
863 497 9 11 0.035583355 
769 486 9 11 0.035548043 
862 382 9 10 0.035515726 
746 403 8 11 0.035476804 
801 408 8 11 0.035444736 
965 386 11 14 0.035371263 
932 492 10 13 0.03515923 
506 345 6 9 0.0350812 
694 340 9 10 0.035022233 
824 329 7 10 0.034983896 
1015 461 9 13 0.034623016 
881 480 9 13 0.034550536 
703 454 8 10 0.034524787 
890 370 14 18 0.034477748 
817 479 10 13 0.0344295 
719 483 9 12 0.03438164 
975 262 8 10 0.03425291 
973 501 12 16 0.034167286 
718 327 8 9 0.0341101 
679 365 8 10 0.034108907 
734 318 7 9 0.034099437 
696 383 7 9 0.0339913 
919 561 19 24 0.03384837 
847 336 7 10 0.03380374 
873 334 8 10 0.033765085 
862 321 8 10 0.033760298 
976 626 11 15 0.033716846 
458 363 7 10 0.033690587 
842 272 8 10 0.033675935 
480 311 6 8 0.033607837 
789 591 47 56 0.03360496 
1016 358 8 12 0.033556674 
834 455 9 12 0.033543613 
831 503 11 14 0.03340966 
990 372 9 11 0.033338867 
1013 324 9 12 0.03330916 
712 317 9 11 0.03311936 
702 463 8 10 0.033061445 
711 293 10 11 0.032828096 
370 230 8 11 0.032809306 
719 335 7 9 0.03271978 
968 459 9 12 0.03260645 
919 525 10 12 0.032601353 
1001 532 13 16 0.032519687 
799 396 7 10 0.032517914 
885 268 9 11 0.03250241 
1007 312 8 10 0.032468706 
757 389 9 11 0.032438397 
718 295 9 11 0.032391056 
442 350 7 9 0.032315955 
761 312 7 9 0.032232467 
1008 318 8 10 0.032226574 
880 255 9 11 0.032137204 
752 304 7 9 0.032102976 
1008 366 9 11 0.031825684 
983 462 9 12 0.031800132 
854 343 7 10 0.03173442 
720 521 9 11 0.03173355 
896 239 9 11 0.031656597 
983 279 7 9 0.03165441 
919 505 12 15 0.03165124 
801 589 26 32 0.031650454 
735 334 9 11 0.031583615 
847 343 8 10 0.03147898 
917 366 9 11 0.031462897 
992 470 9 11 0.031283252 
726 486 9 12 0.03127257 
984 436 9 12 0.031266678 
990 600 11 15 0.031265367 
730 318 7 9 0.031229325 
701 520 10 13 0.031187097 
750 406 8 10 0.031173486 
860 375 10 12 0.031164708 
806 456 9 10 0.031151714 
656 453 9 11 0.031148462 
668 198 22 30 0.031098852 
881 417 9 12 0.03105774 
457 312 6 8 0.031035142 
447 349 7 9 0.031020295 
948 605 11 15 0.030937731 
461 353 7 8 0.030937143 
734 560 10 11 0.030824998 
928 341 9 12 0.030775977 
480 345 7 9 0.030741027 
1015 419 9 13 0.03073288 
815 252 7 10 0.030661428 
918 475 12 16 0.03061741 
997 410 11 14 0.03057464 
433 343 7 9 0.030547407 
831 368 9 11 0.030433238 
672 353 8 11 0.030404942 
345 233 8 9 0.030402629 
401 320 7 10 0.03031645 
794 336 7 9 0.030130422 
966 360 8 10 0.03012853 
744 327 8 9 0.030126123 
705 309 8 10 0.029984392 
812 588 22 27 0.029860977 
775 310 8 10 0.029833969 
647 254 9 12 0.02979499 
986 342 7 9 0.029779844 
697 374 8 10 0.029779442 
975 240 8 9 0.02967125 
968 319 7 9 0.02964325 
767 520 9 11 0.029592551 
941 520 10 13 0.029518452 
897 428 10 13 0.029488454 
781 542 10 13 0.029467678 
414 343 7 9 0.029465687 
824 309 8 10 0.029458841 
502 287 8 9 0.02924657 
991 389 11 13 0.02923048 
839 359 8 10 0.029203098 
1007 414 10 13 0.029156316 
857 362 10 13 0.029127937 
815 367 9 11 0.028992912 
985 431 8 11 0.028968373 
653 481 11 15 0.02894229 
682 406 8 10 0.02893878 
1013 468 10 14 0.028821774 
730 422 8 11 0.028791111 
818 391 8 11 0.028644223 
842 277 8 10 0.028609652 
881 268 9 11 0.028540608 
782 368 8 9 0.028537568 
935 375 9 12 0.028536985 
840 309 9 10 0.028534045 
997 583 12 15 0.028515987 
885 255 9 10 0.028515778 
1005 529 19 26 0.02837286 
929 563 12 15 0.0283285 
481 351 7 8 0.02831073 
911 528 10 13 0.02830933 
824 370 17 23 0.028222699 
896 590 12 14 0.028211167 
955 650 12 18 0.028171312 
473 289 7 9 0.027935637 
709 287 9 11 0.027838266 
968 312 7 9 0.027799862 
896 352 8 10 0.027781684 
694 465 10 12 0.02777015 
929 373 8 11 0.027734244 
675 220 13 15 0.02769565 
704 367 7 10 0.027669437 
375 247 7 10 0.027593194 
652 218 29 35 0.027572889 
1015 488 9 14 0.027559968 
765 319 7 9 0.027505344 
797 308 8 10 0.027474277 
753 342 8 10 0.027447045 
613 453 9 12 0.02744306 
383 272 7 10 0.0273715 
808 501 10 12 0.027273098 
973 605 10 12 0.02715959 
481 547 35 44 0.02702879 
833 359 8 10 0.027005672 
984 352 7 10 0.026973275 
725 449 7 9 0.02696575 
776 543 9 12 0.026835985 
826 491 12 16 0.02680191 
871 328 10 12 0.0267906 
899 506 11 14 0.026755322 
154 271 124 115 0.026734464 
496 262 7 9 0.026723564 
806 423 8 10 0.026721846 
981 319 8 10 0.026693162 
744 295 8 9 0.026641326 
791 382 7 9 0.026556164 
854 350 8 10 0.026520599 
919 392 8 9 0.026490051 
522 352 7 9 0.026479341 
710 390 8 11 0.026457483 
786 240 6 9 0.026410624 
612 461 13 15 0.026400147 
335 238 7 10 0.026394097 
896 479 12 15 0.026378334 
758 350 7 9 0.026346592 
736 367 7 8 0.026335357 
614 466 18 23 0.026283817 
409 359 8 10 0.026259422 
777 389 7 9 0.026224328 
805 356 8 11 0.02614187 
832 424 16 22 0.026134115 
781 332 8 11 0.026120616 
721 375 7 10 0.02604727 
783 495 11 13 0.026030483 
769 359 8 9 0.026021246 
943 573 11 14 0.026007568 
681 516 10 14 0.025990797 
1013 385 10 14 0.02598187 
408 287 7 9 0.025980296 
431 360 8 9 0.025950275 
687 439 9 11 0.025932783 
1005 629 19 31 0.025850728 
969 349 9 11 0.025846059 
913 413 10 13 0.025810266 
487 305 8 9 0.025761941 
688 383 7 9 0.025753833 
400 345 8 9 0.025740452 
125 299 427 423 0.025699215 
919 558 12 14 0.025698658 
442 311 7 9 0.025686368 
384 248 7 9 0.025621252 
719 537 12 14 0.025619997 
465 239 8 10 0.025572803 
703 447 8 10 0.025571877 
829 545 11 16 0.025536565 
743 335 8 10 0.025452523 
721 366 8 9 0.025437092 
735 328 7 9 0.025395112 
1001 384 9 11 0.025343403 
592 305 8 9 0.025332294 
732 532 10 13 0.0252601 
871 471 8 10 0.025259724 
913 365 9 11 0.025241498 
831 387 10 12 0.025215818 
725 271 8 10 0.025215466 
862 270 8 9 0.02520325 
867 343 7 10 0.02515019 
974 367 8 10 0.025143793 
967 302 7 9 0.025114829 
293 254 7 10 0.025066774 
737 544 18 22 0.025039615 
989 293 8 10 0.02502114 
792 539 12 15 0.025014307 
896 421 10 13 0.024994075 
935 312 7 9 0.02489053 
944 404 10 14 0.024857253 
971 492 11 15 0.024783067 
784 375 8 9 0.024733927 
1001 262 9 11 0.024710061 
775 384 8 10 0.024691954 
712 408 7 9 0.024678238 
686 399 8 10 0.024647824 
831 414 10 12 0.024625475 
974 349 8 10 0.024604224 
416 238 8 10 0.024600375 
650 452 8 11 0.024598906 
802 422 8 10 0.024597695 
705 534 9 12 0.02459416 
974 392 9 12 0.024576848 
991 424 9 11 0.024550706 
816 327 8 10 0.024502793 
343 254 8 10 0.024461651 
997 498 10 14 0.0244572 
880 248 9 10 0.024418114 
425 352 8 9 0.024411298 
688 464 9 12 0.02437283 
793 431 7 10 0.024365015 
519 230 9 11 0.024352817 
480 364 9 12 0.024309926 
703 525 9 13 0.02426406 
777 460 8 11 0.024260806 
791 351 9 10 0.024185183 
751 470 9 11 0.024181306 
445 373 7 9 0.02415969 
753 279 7 9 0.024139822 
510 344 7 10 0.024106378 
822 269 9 10 0.024025092 
879 315 9 11 0.024023706 
864 252 10 12 0.023984857 
432 280 7 8 0.023983434 
698 406 7 9 0.023982204 
886 416 10 13 0.023957865 
1009 374 10 12 0.02391889 
990 585 12 16 0.02390757 
959 337 7 9 0.023899928 
693 326 10 12 0.023898816 
917 463 10 12 0.023883563 
708 558 10 13 0.023835383 
986 270 8 11 0.02381158 
835 522 12 15 0.023810871 
750 554 10 13 0.023792591 
463 313 6 8 0.023772713 
688 414 7 9 0.02373026 
857 438 10 13 0.023723902 
1015 454 9 12 0.023722766 
522 304 6 9 0.023715712 
639 461 9 11 0.023714243 
912 392 9 11 0.023666918 
969 327 7 9 0.023662934 
17 352 80 104 0.023649365 
944 387 11 14 0.023639508 
726 392 7 9 0.023604413 
672 416 7 9 0.02357337 
951 611 11 15 0.023572214 
335 247 8 10 0.023558486 
975 598 9 12 0.023530023 
673 432 7 9 0.0235291 
794 293 8 9 0.023506287 
967 438 8 10 0.023490204 
422 226 8 10 0.02343288 
793 281 8 9 0.023391914 
950 412 10 12 0.023379378 
433 337 7 9 0.023378143 
282 253 9 12 0.023377469 
696 495 9 12 0.023346173 
457 351 8 9 0.02334468 
760 288 8 9 0.023340333 
897 400 10 12 0.023316931 
737 469 8 11 0.023270579 
407 239 7 9 0.023223313 
854 424 9 11 0.023143169 
717 313 8 8 0.023126949 
791 492 19 22 0.023121333 
833 342 8 10 0.02309929 
448 312 6 9 0.023080284 
945 319 7 9 0.023043994 
927 332 12 14 0.023009205 
807 320 9 11 0.022996668 
409 344 8 10 0.022936547 
320 260 9 11 0.022902973 
741 500 11 12 0.022895088 
994 670 16 23 0.022859398 
864 591 19 24 0.022856668 
708 583 14 16 0.022848561 
661 453 10 13 0.02283389 
752 374 8 10 0.022811793 
692 474 11 13 0.022803273 
592 264 8 10 0.022793371 
806 367 7 10 0.022784855 
776 304 7 9 0.022670452 
970 645 19 28 0.022656176 
360 311 7 9 0.022620048 
479 207 9 11 0.022619229 
960 460 11 13 0.02260698 
702 374 7 10 0.022560246 
855 463 8 10 0.022506956 
999 526 12 15 0.022429472 
935 343 8 10 0.022355666 
919 274 11 12 0.02234333 
336 270 9 12 0.022302274 
856 391 9 11 0.022283444 
883 596 12 16 0.022265555 
823 445 9 13 0.022235142 
766 312 8 10 0.02214187 
545 336 6 9 0.022124711 
895 489 12 16 0.022110429 
969 343 8 10 0.022038301 
393 232 8 10 0.022016514 
847 439 9 12 0.022013234 
999 323 9 11 0.022011561 
650 448 8 10 0.021974914 
680 512 9 12 0.021971973 
720 526 19 23 0.02196927 
770 351 7 9 0.021935495 
783 350 7 9 0.021912377 
825 279 8 10 0.021895211 
951 487 9 13 0.021887451 
696 366 8 10 0.02187741 
896 332 9 12 0.021859273 
681 400 8 10 0.021850014 
809 310 8 9 0.021849222 
864 470 8 11 0.021809971 
941 596 14 18 0.021742688 
996 584 19 23 0.021722581 
671 465 18 23 0.021700263 
553 321 8 10 0.021692602 
1000 399 9 12 0.021649161 
729 287 8 9 0.02159944 
295 247 7 9 0.021592923 
377 342 8 11 0.021591958 
986 294 8 10 0.021507781 
837 374 9 11 0.021483013 
877 328 8 11 0.021471016 
696 534 9 12 0.021438548 
843 581 11 15 0.021412382 
959 407 9 12 0.021386633 
864 421 9 11 0.021373121 
657 384 8 10 0.021368403 
961 295 7 10 0.021330085 
1013 278 8 11 0.02130261 
637 453 9 13 0.02128754 
995 485 13 16 0.0212758 
765 560 14 15 0.021251814 
448 286 6 8 0.02117768 
567 312 8 10 0.021167288 
424 239 7 10 0.021128861 
489 232 8 10 0.021116931 
1006 404 9 13 0.021108199 
999 342 9 10 0.02108661 
947 312 7 9 0.021079605 
585 478 17 19 0.021070678 
850 246 8 10 0.021047432 
736 464 8 10 0.021019563 
921 334 9 11 0.021018716 
711 366 7 9 0.021017576 
928 531 11 13 0.020968884 
496 256 7 10 0.020928081 
880 374 10 12 0.020915136 
738 564 12 15 0.020914081 
840 231 8 10 0.020906439 
782 485 10 11 0.020895353 
672 438 8 10 0.020887082 
861 594 13 17 0.020874815 
998 475 12 14 0.020856153 
1006 342 8 9 0.02084738 
663 375 8 10 0.020843217 
961 494 17 23 0.020818094 
949 574 11 13 0.02079173 
997 432 18 24 0.020764722 
674 333 11 13 0.020755729 
859 326 8 11 0.020709524 
805 470 8 11 0.020701105 
825 594 12 16 0.020698905 
808 297 7 9 0.020688325 
417 280 6 8 0.020669082 
960 488 10 14 0.020668808 
417 286 7 8 0.020657042 
797 604 13 17 0.020612175 
931 498 11 15 0.020577768 
745 288 8 9 0.020547181 
353 341 8 10 0.020534743 
493 519 87 110 0.02052433 
695 312 8 10 0.020495564 
945 335 8 11 0.020494316 
974 358 9 11 0.020466946 
369 238 7 10 0.0204616 
935 546 13 17 0.020442145 
710 280 9 10 0.020423107 
377 295 7 10 0.020413283 
772 551 20 23 0.020395631 
1007 514 20 27 0.020385843 
847 231 7 9 0.020379022 
824 369 9 11 0.020375218 
381 348 9 11 0.020374691 
793 325 8 10 0.020364892 
1008 325 10 11 0.02034765 
920 304 8 10 0.020274982 
383 294 7 10 0.020266507 
726 460 9 11 0.020262603 
400 238 8 9 0.0202618 
530 310 6 8 0.020223666 
929 357 7 10 0.02021743 
376 303 7 9 0.02018764 
336 263 7 9 0.020124199 
801 326 8 9 0.020102039 
950 405 11 14 0.020071562 
960 304 7 9 0.020065187 
846 303 7 10 0.020026684 
