56_Voter_peoplevoting_56_110
43
90 321 50 63 0.99928147 
202 311 35 49 0.9937736 
417 250 27 35 0.7724911 
892 327 20 22 0.75265884 
810 260 15 20 0.62202674 
165 237 16 19 0.4395237 
486 279 9 10 0.17246911 
434 253 24 30 0.12325476 
415 240 16 26 0.12178205 
430 395 45 73 0.096383624 
886 322 17 22 0.07148722 
818 258 14 21 0.06669953 
828 380 11 14 0.052195165 
548 523 36 38 0.05087273 
853 285 14 18 0.04636733 
487 273 9 11 0.045187846 
885 331 29 31 0.044865206 
780 259 14 20 0.044695616 
494 284 8 10 0.042883843 
481 273 9 12 0.038737103 
404 413 61 88 0.0382492 
492 280 9 11 0.03769528 
884 334 17 20 0.036418304 
808 262 26 31 0.035420965 
428 363 49 68 0.034471456 
806 255 16 20 0.03169571 
671 476 113 168 0.031058522 
228 268 11 13 0.029719133 
904 327 15 20 0.028839126 
869 386 13 14 0.028528104 
822 250 23 31 0.027867744 
891 368 15 16 0.02770453 
939 370 11 14 0.026454173 
877 339 14 18 0.025411852 
516 524 36 28 0.023688171 
415 254 16 24 0.023410544 
492 271 9 12 0.021651322 
872 348 10 13 0.021072336 
85 486 11 12 0.020536773 
921 365 15 17 0.02043122 
401 417 104 139 0.020214953 
161 262 10 13 0.020067517 
212 302 27 41 0.020056432 
