56_Voter_peoplevoting_56_781
146
365 197 61 72 0.99589914 
289 108 40 52 0.97500813 
652 156 24 32 0.9671862 
364 83 56 72 0.9342694 
777 128 23 29 0.9167412 
677 102 26 35 0.83482045 
105 78 51 64 0.81702083 
644 119 26 33 0.7959368 
750 113 21 29 0.74879926 
831 131 14 17 0.6192071 
598 138 22 27 0.49190184 
814 136 16 21 0.45388347 
949 136 18 21 0.35263956 
994 121 15 21 0.3067642 
607 314 14 20 0.27055457 
878 113 15 17 0.2262008 
456 218 46 78 0.17996095 
893 120 14 19 0.16679622 
236 427 32 43 0.16125396 
756 84 14 18 0.15396982 
676 119 16 24 0.1515791 
875 122 16 20 0.1410577 
340 72 28 36 0.14022548 
435 128 24 31 0.13745679 
218 129 32 37 0.13249792 
853 116 13 17 0.12436826 
788 129 21 28 0.10812424 
648 141 27 35 0.09249851 
279 165 25 32 0.09106791 
349 75 47 59 0.087054245 
845 167 15 21 0.0851384 
688 109 24 32 0.081880905 
595 134 17 22 0.077051274 
761 121 23 29 0.07347627 
319 117 30 38 0.06989983 
317 58 14 16 0.069863625 
427 111 42 54 0.06717971 
890 78 9 12 0.0660107 
810 99 14 19 0.06077544 
898 116 14 18 0.05989682 
573 151 21 30 0.058727246 
1007 93 11 14 0.05770854 
882 117 19 25 0.057071693 
704 68 12 15 0.056643724 
472 257 31 51 0.054054953 
655 131 19 23 0.053407595 
1001 122 15 21 0.052306823 
621 229 14 19 0.051632684 
740 134 15 21 0.05026017 
823 130 19 25 0.050018847 
749 124 16 23 0.048442405 
910 111 11 15 0.047269315 
128 81 56 68 0.046844114 
943 129 15 21 0.046117507 
355 67 28 45 0.044298932 
469 214 27 46 0.043223694 
199 125 49 60 0.042711794 
845 129 12 18 0.042457692 
942 103 16 21 0.04108853 
804 129 19 26 0.040277094 
572 229 17 25 0.040218543 
871 128 15 17 0.04015683 
751 76 14 18 0.04007535 
25 199 112 149 0.039718363 
669 79 11 13 0.03946873 
834 154 24 33 0.039161988 
666 123 21 27 0.03871257 
852 127 16 22 0.038677894 
232 84 48 55 0.038339727 
394 191 50 66 0.038188957 
605 199 14 19 0.0375964 
603 176 16 22 0.036796134 
410 72 46 61 0.036277775 
356 76 17 27 0.036259376 
917 176 12 15 0.03625256 
604 235 24 35 0.035429247 
644 107 16 22 0.035102088 
751 129 20 28 0.034704674 
381 36 14 20 0.03453053 
869 78 9 11 0.034495924 
345 69 19 23 0.034393232 
178 93 35 41 0.034170024 
577 224 22 30 0.03370821 
888 83 11 13 0.033501558 
440 204 51 70 0.032922793 
836 168 16 21 0.032505076 
493 120 29 33 0.0324466 
750 143 14 20 0.0323382 
943 75 10 13 0.031754833 
940 111 14 20 0.031061176 
685 57 12 15 0.030103955 
398 109 53 65 0.030091561 
617 229 24 30 0.02997364 
260 99 23 31 0.029708281 
60 120 42 57 0.028463343 
574 124 13 17 0.028082348 
340 89 28 46 0.027986052 
756 99 17 21 0.027859 
646 157 19 25 0.027799353 
552 466 11 16 0.027656564 
261 94 43 55 0.027312797 
735 68 13 19 0.026989995 
290 100 28 38 0.02692492 
524 279 14 18 0.026816092 
243 98 31 33 0.026788458 
872 115 14 17 0.026728334 
928 178 11 15 0.026249224 
1012 123 12 19 0.026097542 
985 116 20 28 0.026000243 
760 87 16 19 0.02595207 
892 110 14 19 0.025921684 
771 162 16 20 0.025605803 
918 152 10 13 0.025514387 
964 187 10 13 0.025309669 
857 123 14 18 0.025176313 
843 100 12 16 0.02516511 
217 106 32 40 0.025031535 
702 11 10 12 0.02501387 
960 183 9 14 0.024972191 
250 77 24 26 0.02453932 
665 77 10 12 0.024286987 
594 215 42 58 0.024172273 
758 39 10 13 0.023601403 
661 164 21 27 0.023457533 
877 103 14 17 0.023440586 
318 77 27 33 0.023161676 
424 68 25 40 0.02312693 
331 127 16 23 0.022965265 
586 104 14 16 0.022947052 
639 119 18 25 0.022801466 
739 71 14 20 0.022798747 
960 138 15 19 0.022749327 
935 127 14 21 0.022729682 
276 175 51 69 0.022707606 
918 156 13 19 0.022691378 
598 169 16 21 0.022657204 
497 124 40 48 0.0222878 
748 70 13 16 0.022195216 
331 79 29 39 0.02186626 
182 94 54 58 0.021774102 
839 96 11 14 0.021388302 
281 76 15 18 0.021118687 
145 62 86 102 0.020297704 
305 84 45 55 0.020029834 
670 96 24 31 0.020020751 
808 140 23 29 0.020019114 
