56_Voter_peoplevoting_56_268
373
392 252 27 40 0.9899498 
242 275 35 41 0.9842951 
742 227 26 35 0.9750209 
806 218 23 31 0.96938163 
111 184 10 13 0.9424156 
277 181 15 19 0.9058054 
77 183 10 13 0.90448976 
300 210 16 19 0.8997396 
863 232 22 28 0.88019633 
631 193 18 20 0.8739704 
138 217 21 25 0.85312754 
262 224 20 25 0.79467875 
516 214 13 16 0.7531915 
415 225 21 27 0.7174459 
26 182 13 17 0.7025945 
336 231 20 28 0.6966428 
392 183 12 17 0.6944849 
358 204 10 13 0.6117088 
828 218 17 25 0.603988 
597 209 11 15 0.5948378 
128 189 10 12 0.579944 
369 181 10 12 0.5687968 
654 222 25 31 0.5544858 
477 224 18 21 0.5356297 
947 204 23 28 0.52103734 
771 224 19 24 0.51380867 
411 197 11 14 0.44921184 
582 225 13 20 0.43742275 
358 226 13 21 0.4156703 
677 195 13 17 0.35810828 
301 180 11 14 0.34245542 
558 198 11 13 0.3160601 
223 205 15 20 0.30762717 
237 179 12 15 0.26258406 
446 218 15 19 0.24746893 
564 182 10 12 0.22028522 
646 223 21 31 0.21433425 
120 213 12 16 0.20324828 
345 182 8 11 0.20150352 
666 222 21 29 0.19285491 
76 210 15 18 0.19086663 
961 210 15 21 0.18514961 
97 172 9 12 0.18439327 
245 181 11 15 0.17699638 
746 219 18 24 0.17556237 
222 181 10 14 0.174961 
116 182 8 12 0.16700973 
864 203 12 16 0.16390766 
407 226 16 22 0.16243221 
230 175 13 15 0.15384912 
24 164 9 10 0.15099236 
57 166 8 10 0.14962232 
280 289 15 19 0.14954403 
264 168 8 10 0.14829442 
935 202 23 27 0.14772646 
262 172 9 12 0.14571072 
570 224 21 30 0.13825427 
95 168 9 11 0.13303332 
345 227 18 27 0.13028686 
931 204 17 21 0.12848279 
278 176 12 15 0.12436576 
78 161 9 11 0.123839 
337 207 9 11 0.12319481 
311 176 8 9 0.120560504 
633 223 20 28 0.11870991 
469 217 22 26 0.116879374 
134 184 9 12 0.11572992 
103 224 9 12 0.11557461 
318 183 9 12 0.11180732 
201 182 9 12 0.11094507 
684 192 11 15 0.109433085 
38 159 7 9 0.10794986 
182 275 13 17 0.10761244 
613 248 15 17 0.10721116 
202 167 8 11 0.10677298 
175 186 12 15 0.10634383 
173 217 15 19 0.102249324 
61 174 8 10 0.098192215 
619 215 16 22 0.09783191 
201 190 10 12 0.097708516 
38 166 8 10 0.09736802 
455 205 10 14 0.09544922 
455 213 19 26 0.09503666 
482 193 13 16 0.094992466 
222 198 13 18 0.0939324 
884 236 14 18 0.09162723 
128 194 10 13 0.08790151 
237 197 13 19 0.08789968 
57 173 8 11 0.08472227 
142 187 9 11 0.08400634 
348 183 9 11 0.0816412 
347 258 16 22 0.08099334 
175 255 13 15 0.080745235 
29 177 11 12 0.08032373 
34 159 8 10 0.08010837 
703 172 8 10 0.07854357 
201 174 9 11 0.07775239 
364 205 10 13 0.07697708 
848 191 11 14 0.07649064 
763 225 20 30 0.07624889 
322 132 7 9 0.07382847 
175 168 7 10 0.07294605 
198 196 14 17 0.07253569 
440 203 11 15 0.07223372 
521 284 14 17 0.072029926 
169 172 9 12 0.07189217 
4 206 9 12 0.07058361 
181 187 9 12 0.070579074 
666 206 24 30 0.07049997 
340 141 9 11 0.06983183 
32 165 9 10 0.06970177 
257 176 8 12 0.0686741 
565 186 12 16 0.06864105 
321 165 7 10 0.06830762 
244 202 12 18 0.067887306 
522 213 11 14 0.06753423 
325 184 9 12 0.067531675 
522 218 12 17 0.065614216 
309 180 12 15 0.06451022 
337 136 9 10 0.062856056 
977 205 15 18 0.062133238 
674 219 14 20 0.061443094 
109 179 18 22 0.060112983 
492 287 12 16 0.059572153 
335 211 11 14 0.059374698 
563 195 12 15 0.05910246 
560 188 11 15 0.058927733 
873 237 15 23 0.05745802 
352 160 8 10 0.057394575 
402 237 26 36 0.056971375 
277 189 16 21 0.056069065 
454 182 9 11 0.055711407 
4 179 11 15 0.055096585 
535 212 10 13 0.053812534 
189 203 15 18 0.053130113 
204 208 12 17 0.052071072 
733 187 11 13 0.051693972 
6 176 9 11 0.051596627 
571 188 12 16 0.05140272 
73 160 8 10 0.051164888 
87 160 7 10 0.05073649 
73 164 10 11 0.050555386 
177 259 14 18 0.0503526 
158 183 10 12 0.049762957 
253 210 13 17 0.049525056 
174 173 8 10 0.049087502 
258 234 20 24 0.04882703 
253 179 10 13 0.048430968 
168 220 13 17 0.04805663 
190 187 10 11 0.046990972 
230 250 25 31 0.046856552 
818 218 17 24 0.046553537 
612 209 17 23 0.046352882 
119 176 8 11 0.046268515 
467 211 17 23 0.046143584 
969 204 20 25 0.046141945 
565 232 17 22 0.04573307 
178 148 8 11 0.045699365 
603 210 12 18 0.045575008 
119 208 10 13 0.04532047 
349 188 8 11 0.04521226 
355 199 19 23 0.04518667 
310 142 8 11 0.04445182 
144 168 7 9 0.04430593 
127 159 8 9 0.04389273 
61 168 8 10 0.043596704 
342 177 9 11 0.043525383 
229 200 19 24 0.043449808 
0 159 6 10 0.043267373 
508 172 9 11 0.043094594 
670 199 17 21 0.042973798 
690 197 11 14 0.04210477 
326 133 8 9 0.042014297 
267 212 15 19 0.041859888 
236 261 31 37 0.04185121 
237 168 9 11 0.041815355 
673 192 11 14 0.041497707 
327 166 8 9 0.041431297 
47 180 9 11 0.041399382 
49 204 9 13 0.041315652 
342 264 16 20 0.040935576 
36 195 12 14 0.040751982 
233 169 9 11 0.040511083 
178 212 17 21 0.040432967 
172 194 13 15 0.040028095 
326 233 16 22 0.0397977 
587 220 12 18 0.039693736 
127 166 7 9 0.039502963 
576 220 13 19 0.039491326 
39 172 9 12 0.039164316 
216 196 10 16 0.03902175 
407 192 11 14 0.03896147 
908 208 16 18 0.038788334 
191 167 8 10 0.038729236 
63 180 9 12 0.038724322 
228 196 14 19 0.03871965 
75 179 17 22 0.03848609 
268 167 9 11 0.0381601 
386 186 11 15 0.037994497 
335 190 7 10 0.037834477 
697 173 9 11 0.037601024 
187 216 16 22 0.037515294 
847 249 12 17 0.037299275 
397 178 9 11 0.03688443 
527 228 12 17 0.036389213 
343 199 10 12 0.0359812 
221 177 19 24 0.035494905 
36 189 11 14 0.035202518 
600 436 36 46 0.035170533 
117 187 10 13 0.034992777 
460 204 12 17 0.03471821 
217 187 10 14 0.034393337 
527 209 9 10 0.03429096 
484 282 22 25 0.03426945 
121 198 9 11 0.034087565 
47 200 10 12 0.033687092 
16 159 8 10 0.03347895 
575 212 11 15 0.033390895 
136 174 9 10 0.033245597 
90 166 8 11 0.032898054 
184 165 9 11 0.03279311 
80 217 15 17 0.032781545 
664 173 11 14 0.032560702 
203 268 12 15 0.032111183 
82 141 8 11 0.032044765 
278 156 8 10 0.032039143 
270 173 12 15 0.031955536 
253 238 17 23 0.031842247 
166 214 12 15 0.031838845 
947 197 15 20 0.031734664 
625 202 21 29 0.0317332 
260 203 15 18 0.031704474 
150 168 7 10 0.031641867 
247 241 28 33 0.03159487 
351 199 10 13 0.031381328 
260 211 16 19 0.03129987 
444 199 11 16 0.03125634 
327 219 14 16 0.030985849 
841 219 14 19 0.030954618 
383 205 11 14 0.0308038 
840 175 11 13 0.030626645 
261 145 8 10 0.030440416 
490 225 13 18 0.030310016 
294 195 13 16 0.030229919 
677 180 11 13 0.030178104 
24 176 11 14 0.030141555 
23 202 10 13 0.030129444 
299 176 18 23 0.029845327 
693 192 9 12 0.0295498 
132 195 10 13 0.02935398 
125 204 11 15 0.029166711 
296 176 10 13 0.029012984 
421 214 15 19 0.02900361 
884 246 13 20 0.028969964 
33 152 8 11 0.02866216 
580 212 14 19 0.028648382 
213 193 20 28 0.02864516 
311 158 9 12 0.028597346 
38 153 8 10 0.02858076 
619 227 21 28 0.028456962 
677 223 20 28 0.028292676 
272 230 16 20 0.028263293 
699 231 16 22 0.02821743 
230 290 15 20 0.028207008 
475 212 17 21 0.027992958 
677 174 11 13 0.027831415 
29 193 13 17 0.02774837 
682 198 15 19 0.02767664 
151 184 9 11 0.027425027 
186 269 12 16 0.027342355 
561 177 10 12 0.027315825 
5 211 10 14 0.027277056 
55 161 8 10 0.027172863 
108 227 11 14 0.027131096 
519 279 11 15 0.027125143 
158 209 11 16 0.026897617 
101 168 9 11 0.026808646 
799 224 15 21 0.02669165 
425 219 14 21 0.026369393 
112 207 10 13 0.026304731 
344 159 8 11 0.026241096 
528 254 10 14 0.026230931 
7 143 7 9 0.026190555 
606 216 12 19 0.02599161 
87 150 7 9 0.025971636 
202 161 7 10 0.025944762 
400 233 14 17 0.025826562 
693 224 16 22 0.025599381 
408 196 19 22 0.025419753 
105 158 8 9 0.02532347 
83 182 10 12 0.025301438 
597 214 14 20 0.025295146 
372 206 9 12 0.02520022 
440 217 14 19 0.025195805 
728 181 10 13 0.02514448 
563 202 13 16 0.024777101 
107 188 9 11 0.024716174 
185 160 8 10 0.024621973 
181 241 16 17 0.024344966 
608 243 14 19 0.024315964 
566 221 14 18 0.024093086 
256 225 16 22 0.024051515 
112 178 9 11 0.023927482 
1 230 9 12 0.023923421 
420 198 10 13 0.023840265 
181 196 11 14 0.023838416 
312 135 7 9 0.023704408 
851 193 14 17 0.023610393 
197 200 18 24 0.023556853 
255 196 11 16 0.023503454 
341 211 9 13 0.023346748 
64 159 8 10 0.023272654 
294 205 16 21 0.023226114 
127 175 8 10 0.023149636 
47 165 9 11 0.0231021 
111 158 7 9 0.023099698 
137 168 7 9 0.023084376 
352 221 12 17 0.023080418 
186 234 15 20 0.02302907 
542 206 9 13 0.023012485 
555 193 19 22 0.022870641 
14 152 7 10 0.022818558 
296 195 23 28 0.022796767 
69 151 8 9 0.022676168 
559 176 18 23 0.022555513 
718 174 9 11 0.022522213 
168 187 10 13 0.02250949 
640 211 24 31 0.022490565 
190 161 8 10 0.022348966 
573 205 12 14 0.022280807 
9 166 8 10 0.022255057 
427 238 15 21 0.022168387 
408 255 24 40 0.022145811 
213 207 14 20 0.022137307 
23 194 12 17 0.022099515 
712 168 7 10 0.02199169 
664 158 8 9 0.02194061 
317 176 8 10 0.02176545 
671 173 9 12 0.021698624 
126 184 18 23 0.021695321 
443 148 11 15 0.02169512 
467 203 14 19 0.021646038 
84 206 10 14 0.021591889 
85 279 184 251 0.021579446 
261 178 10 14 0.02155225 
6 219 9 13 0.021535272 
283 175 12 15 0.021477258 
678 165 10 12 0.021467851 
565 189 21 26 0.02140489 
366 176 17 23 0.021371843 
688 173 9 12 0.021361059 
118 225 12 17 0.021306602 
370 149 105 126 0.021306468 
532 218 14 20 0.021174816 
155 224 12 18 0.021104747 
193 221 16 21 0.021103064 
625 217 17 24 0.021079704 
367 158 8 11 0.021027224 
268 204 13 18 0.021018876 
273 276 23 30 0.02101127 
865 200 20 25 0.020960582 
337 183 7 10 0.020851022 
15 165 8 11 0.020850502 
183 203 13 17 0.020819468 
106 182 9 12 0.020743106 
336 200 9 12 0.020661084 
687 234 22 31 0.020541564 
391 212 10 14 0.020258084 
157 386 11 14 0.020228192 
167 159 8 9 0.020157512 
123 213 20 25 0.020145621 
854 243 12 18 0.020106895 
372 177 10 12 0.020105464 
