56_Voter_peoplevoting_56_118
41
282 93 91 118 0.9997327 
361 13 79 99 0.99067104 
107 7 60 62 0.96614957 
568 130 53 79 0.7131495 
668 67 40 50 0.45519337 
450 -1 46 69 0.44746798 
697 120 42 60 0.42077658 
658 84 64 86 0.37081948 
574 96 56 84 0.3523297 
586 245 112 101 0.18910798 
227 455 61 75 0.1243157 
72 417 109 102 0.08928284 
109 122 43 62 0.08719415 
813 -3 58 49 0.08425025 
589 82 89 112 0.076398864 
988 338 35 69 0.06681696 
525 223 187 220 0.055227593 
554 99 52 92 0.050119203 
423 -10 69 103 0.050040696 
435 154 323 403 0.041138824 
587 136 60 88 0.04086543 
247 441 86 101 0.039106365 
801 9 54 59 0.03741149 
943 424 86 158 0.03729047 
793 29 49 60 0.035668116 
843 -4 67 55 0.031730153 
525 21 33 39 0.03153512 
211 464 98 109 0.028285896 
911 14 117 181 0.027268609 
3 310 201 216 0.026997242 
404 6 56 82 0.026505414 
468 14 52 72 0.02634296 
108 118 76 99 0.02390518 
88 408 200 185 0.022864651 
304 58 88 116 0.021997143 
506 20 48 62 0.021857876 
36 383 124 109 0.02170454 
543 61 104 135 0.021283614 
42 431 37 38 0.020866754 
635 241 65 72 0.020297235 
513 15 32 42 0.02006959 
