56_Voter_peoplevoting_56_350
700
39 362 33 54 0.92861885 
344 400 23 40 0.9228006 
491 360 39 39 0.83471745 
332 118 9 12 0.83348674 
645 345 25 37 0.80179304 
304 106 9 12 0.7322738 
827 266 14 15 0.7104774 
6 323 36 47 0.70668894 
206 93 9 11 0.68406665 
526 182 8 11 0.6332775 
198 73 10 14 0.60123885 
520 313 20 32 0.5868552 
856 259 14 17 0.5634755 
746 234 11 14 0.5565092 
765 204 10 12 0.533954 
284 113 9 12 0.5304038 
436 148 9 12 0.5170612 
391 385 21 28 0.5069959 
671 210 12 16 0.49798283 
12 331 46 63 0.4886436 
564 168 9 11 0.43784168 
924 244 11 14 0.42294943 
541 191 9 11 0.42255846 
112 61 7 10 0.42157343 
257 108 9 11 0.41376773 
722 200 13 18 0.4131372 
742 207 10 13 0.38061848 
561 326 23 39 0.37694553 
823 305 22 28 0.3737714 
393 136 9 12 0.371343 
530 561 35 44 0.3706625 
434 127 8 11 0.36677134 
13 38 8 11 0.35480708 
646 197 11 14 0.35350165 
721 354 22 27 0.3520881 
609 190 9 10 0.34049174 
466 150 9 11 0.33810914 
348 133 11 13 0.3150592 
796 234 11 15 0.31440577 
544 166 11 13 0.31348547 
745 351 22 28 0.3013019 
793 216 8 11 0.30035302 
696 222 13 15 0.29908136 
562 189 9 12 0.29442367 
410 498 28 31 0.27920553 
581 167 9 11 0.27824897 
577 173 9 13 0.27564076 
900 244 13 15 0.2688766 
606 167 8 10 0.26624784 
180 72 8 11 0.26059702 
512 165 9 10 0.25977904 
418 391 19 30 0.2404947 
308 104 9 13 0.23519766 
230 400 27 47 0.22701223 
80 46 9 10 0.22600968 
527 160 7 9 0.21924119 
853 291 12 16 0.21551879 
227 101 8 11 0.21432269 
513 160 9 10 0.21319151 
464 141 9 12 0.20698783 
831 236 13 14 0.20656312 
824 239 10 12 0.2040862 
326 94 8 10 0.202702 
734 218 10 13 0.19154006 
595 218 17 25 0.1896973 
134 46 8 10 0.18802243 
331 405 28 37 0.18773668 
735 353 23 26 0.18733467 
385 113 7 9 0.18603745 
265 69 8 10 0.18125364 
528 311 17 28 0.18092592 
405 120 7 10 0.17947574 
847 240 10 11 0.17742406 
103 40 9 11 0.17394657 
633 196 9 11 0.17231064 
765 287 15 18 0.16623689 
980 310 28 37 0.16622873 
750 222 10 14 0.16114202 
497 155 8 11 0.15946344 
665 189 9 11 0.15432897 
464 136 9 11 0.15298584 
304 83 10 12 0.15173705 
726 192 12 14 0.14769456 
224 95 8 11 0.14762057 
185 433 25 46 0.14734443 
396 139 9 12 0.14534095 
474 45 9 11 0.1436527 
796 286 13 15 0.14248738 
767 222 12 15 0.1415945 
836 242 13 14 0.13608916 
869 301 11 14 0.13543333 
73 39 7 10 0.13506208 
708 200 15 19 0.1289376 
512 338 45 52 0.12801255 
677 203 11 15 0.123632744 
354 110 8 10 0.12045919 
152 32 8 10 0.11641164 
726 210 12 17 0.1158401 
773 226 12 15 0.11556391 
853 238 8 10 0.11379109 
182 30 7 9 0.112999156 
289 78 7 10 0.11218823 
142 57 9 11 0.11218162 
519 144 8 10 0.11175955 
135 21 8 9 0.11075675 
826 301 16 20 0.110521115 
505 127 8 11 0.110297896 
726 167 9 11 0.10943259 
264 88 8 9 0.108183734 
794 315 14 17 0.1079539 
478 118 7 9 0.10744905 
608 196 8 12 0.10715667 
670 182 8 11 0.10683206 
640 197 11 13 0.10649354 
327 90 7 9 0.10580156 
270 71 8 10 0.10503312 
747 302 17 21 0.100911714 
517 158 8 10 0.10087897 
528 333 46 51 0.100223616 
609 159 9 11 0.09868037 
526 144 8 11 0.09687195 
374 109 7 10 0.096231066 
781 229 8 11 0.095885895 
798 242 12 15 0.095855 
374 134 8 11 0.09500793 
821 274 16 18 0.093853846 
181 76 9 12 0.09325083 
354 104 7 8 0.092983715 
709 356 22 33 0.09202864 
216 87 8 11 0.09077499 
815 315 15 20 0.090279594 
54 40 8 10 0.0876133 
527 132 9 11 0.08635413 
756 344 21 30 0.08628268 
820 317 18 21 0.08514639 
775 211 9 12 0.08495279 
526 177 9 12 0.08384873 
88 64 9 11 0.08219015 
417 109 11 13 0.081477195 
862 300 11 15 0.081308134 
55 45 8 9 0.08123507 
334 113 8 12 0.0811463 
592 247 10 13 0.08084168 
514 143 8 11 0.08034857 
77 40 9 11 0.08006649 
740 304 17 21 0.07950449 
306 403 29 35 0.079401106 
489 128 7 9 0.07912297 
514 150 10 11 0.07750487 
666 184 9 11 0.077423565 
528 110 7 9 0.0757422 
177 39 7 9 0.075629085 
514 322 30 44 0.074926026 
547 222 16 21 0.074854 
591 157 8 10 0.07475744 
32 39 7 9 0.07469237 
370 104 7 10 0.074183345 
995 314 17 24 0.073686145 
64 32 8 10 0.07361789 
598 181 8 10 0.07361355 
844 337 13 17 0.07279043 
57 8 7 9 0.0725275 
925 223 44 58 0.07161601 
402 124 9 11 0.07140198 
730 219 10 12 0.07089098 
757 222 10 13 0.070890635 
703 197 14 18 0.07077735 
89 21 8 10 0.069976166 
593 182 9 10 0.06990828 
151 36 8 11 0.069640696 
408 142 9 11 0.06960561 
652 355 33 38 0.06933057 
73 63 7 10 0.06854964 
374 86 7 9 0.068120316 
896 263 25 32 0.06800097 
345 128 9 11 0.06678088 
424 504 17 22 0.06665924 
182 46 8 9 0.0664732 
352 116 9 11 0.06641238 
194 37 7 9 0.06635583 
743 174 10 12 0.066133976 
221 88 8 10 0.06550905 
805 230 10 12 0.06545245 
169 15 9 11 0.0638905 
963 299 46 64 0.06328505 
436 155 11 14 0.061923817 
431 163 11 13 0.06188745 
797 221 10 12 0.061533857 
571 326 16 28 0.061515555 
192 33 7 10 0.0614449 
25 31 9 11 0.06144169 
825 314 25 31 0.060774438 
907 310 15 20 0.059749212 
84 48 8 9 0.059712783 
61 8 7 9 0.059395343 
584 161 8 9 0.05914426 
695 160 8 10 0.059093487 
223 40 7 9 0.05908559 
293 79 8 11 0.05903664 
830 326 22 29 0.05897498 
109 46 8 10 0.058726296 
187 417 28 44 0.058571935 
79 54 8 9 0.058569815 
259 105 10 12 0.058496427 
437 187 9 12 0.058368895 
437 130 9 12 0.057143316 
178 31 7 10 0.056166273 
850 287 42 55 0.055568215 
699 211 16 19 0.05537922 
600 176 8 10 0.0553264 
605 172 9 10 0.055233467 
839 301 24 33 0.054153673 
882 260 17 22 0.054064665 
93 448 46 60 0.054018937 
433 145 10 11 0.053806502 
404 393 24 29 0.053691484 
417 116 9 12 0.05358475 
607 185 9 11 0.053473994 
434 119 7 10 0.0532749 
102 24 8 10 0.052849974 
657 292 27 36 0.052747678 
609 626 28 41 0.05237761 
208 38 6 8 0.05233985 
128 22 8 11 0.052036528 
471 157 8 11 0.051452056 
511 170 10 13 0.051237978 
392 87 7 9 0.051125664 
241 71 8 10 0.05106751 
182 61 9 11 0.05088529 
704 160 8 10 0.050686453 
144 79 8 10 0.050405897 
845 299 13 18 0.050105724 
472 127 8 10 0.050073776 
612 267 22 33 0.049710292 
737 208 18 23 0.04941025 
384 412 19 30 0.04919336 
417 104 9 11 0.04894831 
902 258 15 20 0.048899006 
143 23 7 8 0.048749402 
434 111 8 10 0.04871241 
120 8 8 10 0.048514016 
500 152 8 11 0.048464723 
546 323 30 41 0.04836117 
662 160 7 9 0.048220124 
526 52 8 11 0.048069544 
32 45 9 10 0.048015606 
447 38 9 11 0.047726117 
689 159 9 11 0.047708236 
199 38 8 9 0.047601316 
152 24 7 9 0.047536567 
658 160 8 11 0.04746798 
88 54 7 9 0.047411364 
322 89 7 9 0.047260124 
168 443 45 56 0.04722167 
901 277 16 19 0.046742093 
280 103 9 10 0.046686403 
767 209 10 14 0.046666905 
788 342 24 32 0.046537008 
335 88 7 9 0.046142224 
615 125 8 11 0.04612965 
502 157 7 10 0.046098273 
579 212 16 23 0.04598374 
369 133 8 10 0.045923423 
531 357 31 43 0.04581426 
559 194 12 15 0.04572604 
464 153 9 12 0.04570185 
833 305 17 24 0.045699175 
704 191 10 12 0.045246754 
405 502 20 24 0.04507329 
376 149 8 10 0.044932216 
136 54 9 11 0.04487045 
456 152 8 9 0.04475703 
193 87 6 9 0.04430531 
279 78 8 10 0.044076577 
407 167 8 11 0.043899074 
656 165 8 10 0.043757692 
584 143 8 9 0.043572493 
98 37 9 12 0.043456342 
836 299 13 18 0.04344418 
910 310 24 27 0.043207586 
742 217 13 17 0.0429731 
217 532 62 67 0.04275676 
438 461 11 16 0.042503327 
183 55 8 11 0.042338464 
390 112 7 10 0.042292427 
855 233 9 11 0.042235736 
423 127 7 9 0.042203117 
127 54 8 11 0.04217407 
642 203 9 12 0.04196931 
648 210 10 13 0.041965257 
922 313 15 19 0.041736815 
680 167 8 10 0.04172091 
370 86 7 10 0.04161194 
555 141 8 11 0.041611418 
775 235 10 13 0.0415558 
584 211 22 31 0.04153195 
329 113 8 12 0.041452684 
74 56 7 9 0.04140895 
519 175 9 11 0.040984876 
695 215 13 16 0.040848974 
199 86 9 11 0.040709842 
846 293 21 30 0.040581163 
921 236 21 27 0.040579595 
200 416 46 55 0.0405331 
512 323 16 19 0.0404509 
241 56 6 8 0.04032973 
342 71 7 9 0.040241476 
288 73 8 10 0.03983261 
629 180 10 13 0.039821543 
665 195 10 14 0.039813284 
164 417 47 56 0.03963665 
137 69 8 10 0.0396339 
779 206 11 13 0.039632432 
510 134 7 10 0.0394297 
142 84 9 11 0.039315313 
789 308 13 18 0.039190747 
816 238 10 11 0.03893392 
375 128 8 10 0.038821463 
109 41 7 9 0.03876277 
358 127 9 11 0.03868767 
759 212 11 13 0.038676903 
463 128 8 10 0.03856838 
696 164 8 10 0.038530555 
778 301 15 20 0.038480964 
564 195 13 19 0.038264565 
473 181 9 11 0.038200874 
374 81 7 9 0.038151395 
542 184 10 12 0.038087815 
388 395 17 26 0.037940565 
493 183 9 13 0.03772269 
709 159 9 11 0.037450254 
357 116 9 11 0.037421618 
143 71 8 9 0.03733865 
489 157 8 10 0.037332483 
568 200 11 18 0.037248835 
368 128 8 11 0.037216403 
120 24 9 11 0.03720093 
735 205 12 17 0.037189636 
338 71 7 8 0.037188243 
818 328 27 32 0.037139785 
780 223 10 12 0.03711273 
891 248 23 27 0.037077613 
74 45 8 10 0.037044838 
318 63 7 8 0.03696134 
374 105 7 9 0.03692955 
726 172 9 11 0.03691873 
682 198 12 15 0.036901794 
669 199 11 14 0.036815315 
86 7 9 10 0.036792208 
792 240 12 16 0.036773957 
278 73 8 9 0.03656887 
9 32 8 10 0.036548294 
269 85 9 11 0.036479164 
159 55 8 10 0.036433317 
152 63 8 10 0.0364071 
285 94 10 11 0.036105275 
181 39 9 10 0.036102314 
64 37 7 10 0.036100138 
49 8 7 9 0.036036372 
329 72 6 8 0.03586094 
82 7 7 8 0.035724334 
515 112 7 8 0.035576075 
107 61 7 10 0.035284102 
519 111 7 9 0.035227757 
710 166 8 10 0.035175502 
488 152 7 10 0.035134174 
804 244 12 16 0.035080142 
709 209 13 17 0.034960438 
534 160 8 9 0.03489709 
742 240 13 16 0.034831263 
-1 373 29 49 0.034830123 
493 608 39 49 0.034732156 
195 71 10 12 0.03468842 
249 110 9 11 0.034635067 
174 13 9 12 0.0345575 
704 165 8 10 0.034443654 
790 316 22 27 0.03443761 
93 62 8 11 0.03415171 
813 229 10 12 0.034138817 
169 87 8 11 0.03411293 
861 255 22 25 0.03403689 
449 118 8 9 0.03393999 
730 350 18 23 0.033912897 
565 181 11 14 0.033874433 
771 344 14 19 0.033741325 
412 404 17 23 0.033617463 
88 15 9 11 0.03361693 
359 79 8 10 0.033569872 
318 41 7 8 0.033457845 
672 177 8 11 0.03334749 
495 164 9 12 0.03326529 
127 61 8 11 0.03316268 
396 172 10 13 0.03307271 
560 162 17 23 0.033046246 
96 30 9 12 0.032677002 
78 63 8 10 0.03262315 
501 47 10 12 0.03257404 
545 207 24 32 0.032539904 
375 142 8 11 0.032529082 
245 72 8 11 0.032497894 
288 84 9 11 0.03242554 
181 402 27 48 0.03235898 
698 363 24 33 0.032229155 
184 85 8 10 0.03213865 
309 80 8 11 0.032095153 
610 153 7 10 0.0320857 
264 15 8 10 0.0320419 
501 322 27 33 0.03188544 
365 169 8 9 0.03182354 
876 251 45 55 0.031793956 
853 129 17 22 0.03162841 
415 167 8 11 0.031625032 
311 55 7 9 0.031608608 
478 134 8 10 0.031442616 
872 254 10 12 0.0314258 
314 40 7 9 0.03136788 
718 208 12 16 0.03131975 
302 103 17 22 0.03125634 
505 122 7 8 0.03119264 
490 551 26 38 0.031168718 
105 56 7 9 0.031049255 
708 218 13 16 0.0310046 
477 40 9 11 0.03096199 
727 184 10 13 0.030685738 
669 303 15 20 0.030632557 
13 43 9 11 0.030549198 
548 172 9 12 0.03050887 
119 55 8 11 0.030461477 
800 249 11 15 0.030343143 
125 85 8 12 0.030269546 
592 152 7 10 0.03004359 
336 95 7 9 0.030029183 
17 374 34 41 0.030000689 
905 249 16 19 0.02981523 
455 156 9 11 0.029680436 
656 344 19 31 0.029626032 
908 302 13 18 0.029618837 
792 208 11 14 0.029420283 
216 92 8 11 0.029413946 
112 8 8 10 0.029372448 
165 62 8 11 0.029253574 
678 173 9 11 0.029249359 
407 147 10 12 0.029092602 
509 359 39 45 0.029074559 
135 412 58 54 0.029074278 
50 39 8 10 0.029023323 
520 188 10 11 0.028963942 
353 86 7 9 0.028767793 
886 247 12 14 0.028676827 
431 143 18 23 0.028579859 
174 88 9 11 0.028547773 
532 316 27 40 0.028546415 
571 337 26 31 0.02852122 
149 3 234 250 0.02850121 
875 297 12 16 0.02848384 
806 250 12 16 0.028480388 
755 288 21 24 0.02846657 
845 265 15 18 0.028444467 
240 62 7 10 0.028412396 
691 369 17 22 0.028386606 
417 95 8 9 0.028218359 
457 127 8 10 0.028179953 
559 184 20 25 0.028096447 
103 7 8 10 0.02807698 
247 55 8 10 0.028072054 
552 199 10 12 0.027905166 
470 133 8 11 0.027884496 
129 16 8 9 0.027807994 
478 158 9 12 0.027718041 
614 153 7 9 0.02769312 
158 30 8 10 0.02764786 
781 311 20 26 0.027600922 
297 108 9 12 0.027598606 
314 62 7 9 0.02759019 
285 103 9 11 0.027561525 
733 256 16 21 0.027523287 
271 77 9 11 0.027516015 
78 32 8 10 0.027408909 
390 117 7 9 0.027400337 
600 152 8 9 0.027302267 
217 40 6 8 0.027276862 
764 305 16 21 0.027153308 
731 308 25 29 0.027135935 
39 40 7 9 0.02709362 
591 190 9 11 0.027040144 
319 46 8 10 0.027038977 
894 305 25 31 0.0270121 
883 252 16 17 0.026963156 
159 61 9 12 0.026945189 
488 132 7 10 0.02685707 
398 168 9 12 0.026848733 
62 48 8 10 0.026832324 
538 194 10 13 0.02672642 
901 288 15 18 0.026675507 
342 96 8 9 0.026663367 
101 30 9 11 0.026659356 
214 30 7 10 0.026579274 
278 124 9 11 0.02655413 
469 371 29 35 0.026431033 
199 48 8 9 0.026383381 
397 23 9 11 0.026258823 
799 279 12 15 0.026184745 
120 13 8 10 0.026146278 
763 295 17 21 0.026145563 
125 79 9 11 0.026139311 
571 201 23 29 0.026138335 
601 602 36 44 0.026056256 
899 302 42 50 0.026031328 
432 182 11 15 0.025914038 
479 142 8 11 0.02576321 
24 23 8 11 0.025752183 
650 203 11 15 0.025725016 
730 294 25 30 0.025698652 
460 379 29 37 0.025674451 
159 47 8 9 0.025661336 
636 316 12 15 0.0256604 
298 103 9 11 0.025625806 
619 262 16 24 0.025619343 
203 76 9 12 0.025609298 
773 199 21 24 0.025586044 
903 301 12 17 0.025541134 
223 423 31 40 0.025508175 
96 7 8 11 0.025479317 
239 112 9 10 0.025439186 
167 68 8 10 0.025338605 
94 56 8 9 0.025258064 
782 343 15 20 0.02524337 
748 214 10 14 0.02521726 
813 156 13 18 0.025084771 
477 356 25 36 0.025076473 
553 136 8 11 0.025048276 
99 418 63 64 0.025038995 
571 196 15 19 0.02502195 
804 314 16 19 0.025018169 
680 363 25 31 0.024903765 
378 218 466 461 0.024895262 
228 97 8 11 0.024886608 
181 13 9 12 0.02486386 
422 31 9 12 0.024692098 
117 61 8 11 0.024691638 
833 260 13 17 0.024598965 
280 94 10 12 0.024561213 
1005 309 12 15 0.024459213 
423 165 9 12 0.024426946 
640 160 7 9 0.024378978 
50 45 8 10 0.024361825 
231 48 7 8 0.02434732 
890 259 16 19 0.024297545 
295 72 7 10 0.024295107 
256 63 7 9 0.024277717 
536 579 34 44 0.02422348 
556 201 13 19 0.02421331 
159 24 6 8 0.024211941 
294 85 8 10 0.024200415 
258 70 8 10 0.024129003 
806 224 10 13 0.024128567 
160 14 8 11 0.024124775 
416 88 8 10 0.023993313 
593 135 7 9 0.02396751 
96 23 7 10 0.023933787 
460 405 28 32 0.02393375 
578 348 27 29 0.023923196 
871 238 10 12 0.02389569 
869 265 14 19 0.02389044 
198 55 8 9 0.023886167 
318 110 9 12 0.02382931 
329 111 17 23 0.023790523 
259 87 8 10 0.023763826 
489 167 9 11 0.023759449 
280 107 16 22 0.023692548 
0 28 7 11 0.023692321 
455 392 28 34 0.023688141 
71 32 7 10 0.023669263 
360 62 7 11 0.023665408 
688 221 11 14 0.023663525 
576 161 19 24 0.023630733 
550 161 8 10 0.023604808 
782 235 11 15 0.02358583 
78 96 8 11 0.023577541 
789 359 28 33 0.023562545 
249 117 10 11 0.023554139 
877 270 16 20 0.023538988 
455 119 8 10 0.023517506 
865 295 21 26 0.023502177 
860 231 10 11 0.02349459 
310 24 8 9 0.02347447 
537 311 17 25 0.023471387 
38 462 41 55 0.023447856 
835 334 24 31 0.023439039 
73 85 8 9 0.023438115 
391 148 9 11 0.023424843 
687 165 9 10 0.023406174 
550 112 8 8 0.02332212 
477 340 95 81 0.0233166 
823 233 21 23 0.023241872 
546 266 15 19 0.02321377 
401 386 18 22 0.023144456 
183 94 8 10 0.023143463 
573 119 8 10 0.023126733 
543 218 15 21 0.023074232 
761 199 18 23 0.022875309 
139 94 13 15 0.022817709 
589 235 13 16 0.022739565 
528 231 9 12 0.022702327 
861 312 14 20 0.022671413 
497 52 9 11 0.022650627 
822 293 14 19 0.022586282 
880 269 28 31 0.022573458 
665 204 12 16 0.022564922 
233 55 7 8 0.022555117 
644 262 22 28 0.022286111 
249 103 9 11 0.022278616 
521 176 19 24 0.02227588 
145 31 7 10 0.022261996 
738 252 13 17 0.022153558 
637 355 29 39 0.022114858 
663 363 32 36 0.022110902 
879 283 47 56 0.022097148 
753 118 100 110 0.021993348 
600 198 9 11 0.021988455 
269 65 8 9 0.021976124 
48 13 8 10 0.021873228 
581 196 11 14 0.02184573 
399 149 9 10 0.021833606 
303 71 8 10 0.02183207 
151 69 8 11 0.021831794 
845 283 15 19 0.021814557 
303 62 8 10 0.021775497 
663 164 8 10 0.021710936 
731 190 10 13 0.021693543 
318 100 11 13 0.021640556 
204 72 9 11 0.021628452 
368 116 9 11 0.021617165 
15 33 9 11 0.021606006 
125 6 10 12 0.021596704 
539 377 17 21 0.02156985 
594 250 12 16 0.021549903 
680 189 11 14 0.021544123 
855 295 20 26 0.021513617 
103 103 7 9 0.021512162 
505 166 8 11 0.021490058 
996 315 24 39 0.02146851 
812 299 15 18 0.021463023 
417 125 8 10 0.02146041 
201 87 19 24 0.021450648 
481 151 7 9 0.021433167 
641 192 19 23 0.021432094 
876 280 16 19 0.021430839 
152 8 9 10 0.02140033 
802 235 13 15 0.021373931 
329 122 10 12 0.02133282 
55 31 9 13 0.021315545 
796 340 29 37 0.021253252 
876 290 14 17 0.021228924 
607 143 7 9 0.02122052 
343 128 19 23 0.021196319 
423 174 8 11 0.021169204 
353 80 8 10 0.021125302 
137 62 9 11 0.021096976 
175 8 9 11 0.021087019 
754 131 9 12 0.02107073 
319 70 8 10 0.021043532 
30 1 9 8 0.021040073 
672 201 17 23 0.021024967 
217 46 8 10 0.021015113 
486 378 34 37 0.021014025 
611 126 7 10 0.021002129 
774 200 10 13 0.020970516 
247 95 8 10 0.020949243 
545 597 26 32 0.02094182 
147 38 8 10 0.020915978 
181 25 8 10 0.020915601 
447 127 8 11 0.020898119 
343 111 8 10 0.020889204 
96 102 8 10 0.020879827 
477 127 9 10 0.020870507 
120 48 8 10 0.020861626 
551 55 8 10 0.02081015 
314 411 31 35 0.020802697 
296 62 7 9 0.020742731 
782 282 12 16 0.020736696 
804 277 11 13 0.020672437 
175 93 8 10 0.02067109 
425 390 24 34 0.020636877 
894 277 16 20 0.020620167 
391 402 23 32 0.020523272 
828 251 15 17 0.020470783 
217 55 8 10 0.020463765 
248 47 8 10 0.020416513 
761 200 11 13 0.020408314 
242 75 8 11 0.020376435 
640 182 9 12 0.020305794 
845 312 24 32 0.020249302 
407 136 9 10 0.020244544 
384 104 8 10 0.020228054 
655 327 26 35 0.020227054 
497 422 25 36 0.020160357 
480 113 7 10 0.020147728 
111 13 8 10 0.020145724 
235 420 18 29 0.020056974 
