56_Voter_peoplevoting_56_558
629
645 278 55 77 0.99873585 
397 253 45 88 0.98539007 
835 277 20 26 0.9215662 
893 426 10 12 0.4875304 
984 87 7 10 0.32284972 
597 423 8 11 0.31160113 
-2 178 377 473 0.25037956 
902 352 9 11 0.19009662 
849 125 7 10 0.18103863 
216 351 7 10 0.1786817 
617 150 9 10 0.17186908 
941 105 9 10 0.17176425 
46 408 8 11 0.15329465 
241 352 7 10 0.1395295 
250 335 8 9 0.13689308 
15 408 8 11 0.13595961 
1005 102 7 10 0.13297929 
887 413 8 10 0.13134706 
921 400 7 9 0.12978053 
623 414 8 9 0.12642574 
960 111 8 11 0.12412317 
277 139 10 11 0.11926552 
949 71 9 11 0.119021416 
525 459 11 14 0.11833175 
627 136 8 10 0.11766363 
1004 95 8 10 0.115548134 
896 295 9 12 0.115542725 
618 368 7 9 0.11544733 
518 439 8 11 0.11499372 
936 419 8 11 0.11496704 
585 414 8 10 0.114533134 
913 416 8 11 0.11289604 
977 113 8 9 0.111042134 
519 385 7 9 0.11084657 
518 407 8 11 0.109657526 
518 413 8 10 0.10925475 
375 -47 411 479 0.108803876 
368 141 9 11 0.10576678 
1015 291 7 14 0.105537534 
882 335 7 10 0.10502134 
850 122 7 10 0.0975808 
209 343 7 10 0.096589014 
936 125 7 10 0.09638735 
471 408 10 13 0.09478136 
601 151 7 9 0.09429424 
694 151 8 11 0.09349616 
890 392 6 8 0.09330969 
1001 112 7 9 0.092601225 
967 87 7 9 0.092202626 
622 142 9 11 0.08828709 
317 140 9 11 0.08668921 
585 143 7 9 0.08631511 
48 398 7 10 0.08620827 
279 309 7 10 0.08567049 
249 327 8 9 0.08539693 
886 357 7 9 0.08485412 
169 344 7 8 0.0846182 
112 408 7 8 0.08375781 
918 373 7 9 0.083492644 
838 111 8 10 0.08135357 
952 389 7 9 0.07927657 
230 319 7 10 0.07858828 
949 87 8 10 0.07829797 
958 116 9 11 0.078145444 
919 318 7 9 0.07764469 
488 376 8 10 0.07705699 
490 421 7 10 0.07694525 
927 385 7 9 0.076159246 
1005 111 8 9 0.074696355 
921 405 7 9 0.07423987 
894 398 7 9 0.07416147 
962 383 7 8 0.07374016 
976 116 8 10 0.07363085 
903 319 6 10 0.07333787 
391 129 7 9 0.07328257 
297 143 8 10 0.072960496 
904 326 6 8 0.072781 
1001 119 7 10 0.07243624 
519 400 7 8 0.07116624 
833 112 7 9 0.07091278 
950 136 9 11 0.07053177 
942 302 8 9 0.06933453 
407 136 7 9 0.06886462 
593 376 8 10 0.068294324 
528 424 8 10 0.068134695 
951 369 7 8 0.06791669 
266 326 9 11 0.067201264 
854 119 8 12 0.06671796 
34 370 6 8 0.06659246 
486 392 9 11 0.0665289 
64 366 8 10 0.065906554 
960 336 7 9 0.065772556 
991 78 7 9 0.065216385 
47 393 7 9 0.06489807 
569 401 7 9 0.06382822 
696 136 7 9 0.06359097 
194 128 14 18 0.063453734 
560 154 7 9 0.06331944 
1002 89 8 10 0.06300038 
674 149 9 11 0.06256756 
381 184 386 456 0.062372472 
272 321 7 10 0.06191497 
598 134 6 9 0.061197806 
293 292 8 11 0.06108656 
879 111 8 10 0.06009554 
591 428 8 11 0.06007165 
910 335 7 10 0.059965104 
839 80 7 9 0.05954743 
928 136 7 9 0.059488617 
951 385 7 9 0.059423234 
218 369 7 9 0.0593926 
889 408 8 12 0.05933487 
914 374 8 9 0.059251595 
961 104 8 9 0.058713865 
39 369 6 8 0.057916943 
392 150 7 10 0.05774929 
584 359 6 9 0.057573304 
96 372 7 10 0.057332385 
16 397 7 10 0.057210684 
374 136 8 9 0.057060853 
201 376 7 9 0.056982927 
569 144 6 8 0.0569159 
117 400 7 9 0.056897108 
618 145 7 9 0.056870848 
937 106 9 12 0.05643054 
295 149 8 10 0.055743773 
578 345 6 7 0.055670056 
608 143 6 8 0.055632304 
679 -60 384 459 0.05553313 
423 110 7 9 0.055457026 
885 375 8 10 0.055401385 
880 304 7 9 0.055241782 
904 94 8 10 0.05507119 
117 367 7 10 0.05451152 
600 382 8 9 0.053995132 
618 412 7 10 0.05368887 
514 383 7 10 0.05332118 
160 383 7 9 0.05330894 
946 70 8 9 0.052982394 
623 350 7 9 0.052827213 
618 350 7 9 0.05281338 
609 137 7 9 0.052550096 
960 376 7 9 0.05214421 
967 57 7 9 0.051776726 
234 375 7 9 0.051591963 
982 112 7 9 0.051440716 
416 104 7 8 0.05106931 
930 335 7 9 0.05096511 
327 247 25 42 0.050879974 
214 336 7 9 0.050578635 
881 310 7 9 0.050405033 
192 358 7 9 0.050349075 
553 329 7 9 0.050133485 
25 382 6 8 0.050032884 
885 352 8 10 0.04957318 
148 407 9 11 0.049492855 
695 143 8 10 0.04925532 
999 125 8 11 0.049218096 
638 150 9 11 0.04906816 
885 319 8 10 0.049039476 
568 413 8 10 0.04901293 
578 153 8 10 0.048709594 
678 142 9 12 0.04842997 
191 335 6 9 0.048396315 
104 392 6 8 0.048026748 
520 390 7 8 0.04778649 
575 400 8 10 0.047722887 
590 144 8 9 0.047462337 
977 375 8 9 0.047285624 
594 129 8 10 0.047017034 
936 367 7 9 0.046794727 
970 79 7 9 0.046402466 
634 384 8 10 0.046353485 
814 109 6 10 0.046053212 
984 62 7 9 0.04570399 
127 359 7 9 0.045472138 
296 309 9 11 0.045440815 
881 340 7 11 0.04530205 
23 376 7 9 0.045196377 
232 304 6 9 0.045078088 
223 367 8 9 0.044958767 
568 326 7 8 0.04490749 
766 120 7 9 0.04482116 
944 367 8 10 0.044780258 
230 342 7 9 0.044612724 
57 384 6 8 0.044465765 
210 349 7 9 0.044458468 
920 96 8 11 0.044428162 
310 113 7 8 0.04440145 
80 408 7 9 0.04439364 
984 104 7 9 0.044203002 
874 113 7 9 0.04414562 
216 326 7 9 0.044139724 
554 346 6 8 0.04375076 
471 367 6 9 0.043741442 
814 104 7 10 0.043508254 
41 374 7 9 0.04345441 
551 145 6 8 0.043442667 
58 366 7 9 0.0433938 
881 352 8 10 0.043382794 
477 408 8 11 0.043368727 
946 65 6 8 0.043069784 
10 398 6 8 0.043001533 
865 135 7 9 0.04259351 
231 336 7 8 0.042539116 
966 111 7 10 0.042528816 
929 413 8 11 0.04227317 
313 136 9 12 0.04218515 
881 439 9 10 0.041981846 
936 340 7 10 0.041958317 
983 92 8 10 0.04195206 
224 359 8 9 0.04185999 
816 125 6 9 0.041806497 
673 127 7 9 0.04168794 
501 460 16 17 0.041679233 
837 341 8 10 0.041592773 
765 320 11 15 0.041587655 
494 416 7 10 0.04133059 
218 373 7 10 0.04108118 
250 340 8 10 0.04105284 
606 152 8 10 0.040956024 
210 397 7 9 0.04094051 
898 320 7 9 0.04093906 
934 286 7 9 0.040788673 
577 134 7 9 0.040533595 
946 383 7 9 0.040438537 
781 332 10 13 0.04016418 
766 127 7 8 0.040010747 
511 375 7 9 0.03994073 
23 360 6 8 0.039760288 
297 119 7 9 0.039692733 
872 128 8 10 0.039360058 
919 301 8 10 0.039326493 
577 129 6 8 0.039269343 
582 151 7 10 0.03924142 
918 416 8 10 0.039150015 
912 113 8 10 0.039127946 
560 345 6 8 0.038949743 
626 128 7 10 0.038830735 
991 105 7 8 0.038809963 
184 382 8 10 0.03878841 
216 356 7 9 0.038719166 
873 406 8 11 0.038624376 
745 318 9 12 0.038513467 
671 173 10 12 0.038386088 
537 337 7 9 0.03828234 
929 286 8 9 0.038246535 
679 136 7 9 0.038236737 
609 172 9 12 0.038231064 
881 327 8 10 0.03784885 
926 80 7 10 0.037695438 
870 97 7 10 0.03761335 
762 119 7 9 0.037554838 
934 336 7 10 0.037467044 
794 113 6 8 0.0372397 
328 120 7 8 0.037226886 
562 129 7 8 0.037220746 
352 112 6 7 0.0369667 
9 369 6 9 0.03692609 
0 390 7 10 0.036885962 
88 342 7 9 0.03678636 
104 375 7 9 0.03648453 
511 343 7 9 0.03645149 
253 342 8 10 0.03633134 
567 129 6 8 0.036286037 
944 340 7 10 0.036106173 
886 381 7 9 0.036103275 
134 397 8 9 0.035939053 
689 157 11 13 0.035932593 
605 157 9 10 0.0358251 
407 118 7 9 0.035703823 
966 94 8 10 0.03559494 
520 421 8 11 0.03558342 
544 342 6 9 0.0353796 
280 126 8 10 0.03533784 
8 392 7 9 0.035330832 
545 149 8 10 0.035264775 
488 359 7 9 0.035263926 
1007 48 8 10 0.035191823 
879 399 7 10 0.034955297 
144 368 7 9 0.034917668 
962 95 9 10 0.03490857 
629 128 8 11 0.034905516 
598 346 7 8 0.03487767 
591 334 7 9 0.034831967 
992 73 7 8 0.034349624 
241 319 6 9 0.03425228 
378 120 6 8 0.034174234 
905 334 8 10 0.034132212 
894 393 7 9 0.034082957 
213 398 7 10 0.034068014 
929 64 7 9 0.03400978 
103 359 7 8 0.033961546 
1008 79 7 9 0.033733305 
885 326 8 10 0.033732202 
507 344 6 8 0.03370047 
537 352 6 9 0.03367974 
303 137 7 10 0.033586774 
104 351 6 9 0.0335641 
872 117 7 10 0.033498097 
216 320 6 9 0.033255633 
99 393 6 9 0.033202615 
560 360 6 7 0.033109374 
968 117 8 10 0.033082902 
495 305 7 8 0.03292009 
914 368 7 10 0.032901272 
570 383 8 10 0.03285209 
383 118 7 10 0.032661334 
301 141 8 11 0.03265251 
248 128 10 11 0.03259187 
911 341 7 9 0.032562487 
951 327 7 9 0.032490153 
992 111 6 8 0.03243802 
904 86 9 11 0.03235696 
536 360 6 8 0.032269686 
110 345 7 8 0.032143857 
697 129 7 8 0.032053497 
10 407 8 12 0.032033518 
582 136 6 8 0.031838335 
950 426 9 10 0.031788304 
408 112 7 9 0.03171451 
209 393 7 10 0.031648263 
904 365 7 9 0.031509783 
614 393 8 9 0.031323906 
966 103 7 9 0.03125894 
117 406 7 9 0.031210672 
961 342 7 8 0.031122766 
537 368 6 7 0.03106537 
214 391 7 10 0.031064056 
226 320 7 9 0.03098539 
192 -49 416 467 0.030939912 
135 375 7 9 0.030764833 
601 409 8 9 0.030682178 
872 79 7 9 0.030661512 
502 415 7 9 0.030613866 
520 360 6 8 0.030581562 
89 368 6 8 0.030578937 
482 396 9 12 0.030459879 
759 323 11 14 0.0302841 
899 326 7 9 0.030283952 
777 120 7 9 0.03023527 
871 391 7 8 0.03013124 
231 311 7 9 0.0301216 
168 350 7 8 0.03007313 
633 157 8 10 0.030030841 
359 122 7 9 0.03002517 
302 125 8 9 0.029995134 
889 295 9 11 0.02996985 
894 104 8 10 0.029901171 
190 377 7 10 0.029833023 
298 136 7 10 0.02980785 
950 77 9 11 0.029713523 
466 405 11 14 0.029657636 
86 384 7 8 0.02962547 
797 119 7 9 0.029599516 
161 360 6 9 0.02955898 
462 335 7 9 0.029556666 
402 120 6 8 0.02952453 
344 111 7 8 0.02950848 
205 375 8 10 0.029456073 
910 350 7 10 0.029442241 
514 400 7 9 0.0294219 
214 343 7 9 0.029411519 
150 344 7 9 0.029336723 
900 300 8 12 0.029301615 
889 423 11 13 0.029271692 
889 104 7 10 0.029262127 
792 154 8 9 0.029138727 
582 104 6 9 0.029085847 
943 359 6 8 0.028957546 
893 434 11 13 0.02895162 
926 407 7 10 0.028848639 
903 408 7 9 0.028825684 
191 398 8 10 0.028717147 
816 120 6 9 0.028665744 
582 157 8 10 0.028598003 
927 142 8 10 0.028576022 
567 151 8 10 0.028499944 
423 105 6 9 0.028473634 
110 391 7 9 0.028424488 
209 336 7 8 0.028300028 
975 127 8 10 0.028181508 
186 376 7 10 0.02817172 
601 144 6 8 0.028163727 
544 368 6 8 0.0281515 
592 149 8 10 0.028053744 
944 374 8 9 0.028024737 
40 359 6 8 0.027964791 
639 145 7 9 0.027960146 
952 374 7 9 0.027913189 
530 367 6 8 0.02785652 
535 320 7 9 0.027810434 
521 343 6 9 0.027746016 
741 126 8 9 0.027691202 
322 111 7 9 0.027656674 
367 121 7 8 0.027579948 
638 366 8 10 0.027473224 
542 192 9 11 0.027397167 
144 375 7 8 0.027392115 
685 183 11 12 0.027335241 
974 77 7 10 0.02720028 
614 136 6 9 0.027191624 
70 376 7 9 0.027176777 
590 414 9 11 0.027141007 
890 397 8 10 0.027113447 
265 295 7 10 0.026983725 
1005 118 8 11 0.026950791 
582 345 7 8 0.026899107 
567 321 8 9 0.026891705 
202 380 7 10 0.026754886 
505 295 8 10 0.02673109 
606 384 7 9 0.026634105 
722 119 8 10 0.026610067 
569 406 8 10 0.02654782 
598 416 10 13 0.026536195 
231 367 7 8 0.026526673 
80 359 7 8 0.026499674 
319 126 7 9 0.026489323 
879 78 7 10 0.026485303 
929 359 7 9 0.026460381 
993 120 7 9 0.02643142 
399 128 7 8 0.026397243 
954 400 8 9 0.026283193 
190 343 7 8 0.026186772 
264 150 9 12 0.026138503 
561 136 7 8 0.02608814 
718 135 7 10 0.026017651 
538 383 7 9 0.026004646 
352 143 7 9 0.025908513 
930 367 7 9 0.025898786 
936 358 7 9 0.02587038 
513 336 7 8 0.025860928 
983 117 7 9 0.025857063 
528 375 7 9 0.025829706 
18 368 6 9 0.025806647 
986 80 7 10 0.025795959 
23 391 8 9 0.025787892 
153 336 6 8 0.025782421 
175 336 6 8 0.02578175 
975 73 7 9 0.025768334 
601 157 9 11 0.025509905 
695 232 395 422 0.025290444 
609 391 8 10 0.025273906 
833 336 8 11 0.025058223 
511 129 7 8 0.025033927 
615 127 6 9 0.025026476 
865 145 8 9 0.02495646 
520 335 6 9 0.024942236 
984 57 7 9 0.024924899 
534 143 6 8 0.024907239 
913 318 8 10 0.02489397 
232 392 8 10 0.024886204 
623 345 7 9 0.024822108 
23 367 7 10 0.024727749 
866 96 7 9 0.024703387 
82 367 7 8 0.02464851 
975 135 8 9 0.024637572 
911 382 7 9 0.024627784 
246 133 11 15 0.02460028 
880 295 7 10 0.024485646 
950 66 7 8 0.024439026 
885 312 8 9 0.024424175 
622 372 7 10 0.024400955 
994 127 8 9 0.02435865 
46 376 7 8 0.024335386 
245 350 9 11 0.024298491 
848 375 9 9 0.024094915 
899 334 7 9 0.02409265 
856 146 8 9 0.024027416 
520 367 6 7 0.024004875 
617 372 8 9 0.02394962 
201 366 7 9 0.02389729 
912 286 7 9 0.023862815 
831 117 8 10 0.023797076 
519 327 6 8 0.023717104 
590 409 8 9 0.023708872 
1008 71 7 8 0.02367892 
895 376 7 9 0.02363897 
200 329 6 8 0.02360858 
855 112 7 9 0.023598514 
408 141 7 10 0.023590269 
128 476 35 30 0.023532089 
215 304 6 8 0.023525832 
67 374 7 9 0.023477891 
703 127 7 9 0.023476811 
513 359 6 8 0.023359112 
231 325 7 9 0.023293162 
578 424 7 9 0.023292022 
192 353 6 8 0.023284635 
902 312 7 9 0.023264593 
647 368 7 10 0.023241634 
481 368 6 8 0.023240777 
7 385 7 9 0.023188459 
768 95 7 8 0.023178296 
544 351 6 8 0.023121951 
216 406 8 11 0.02311242 
929 119 8 10 0.023102794 
751 151 8 11 0.023057105 
489 312 7 9 0.023036443 
478 120 8 10 0.023023166 
967 377 7 9 0.023009779 
113 362 6 7 0.022990568 
505 375 8 9 0.022979977 
929 328 6 8 0.022939848 
279 317 9 10 0.022861818 
519 144 7 8 0.022850178 
384 127 8 11 0.022820162 
839 117 8 10 0.022789955 
399 104 7 8 0.022760814 
386 151 7 9 0.022756591 
287 150 9 10 0.022711564 
595 345 6 8 0.022699857 
303 121 7 9 0.022653548 
712 149 7 10 0.022644412 
361 105 7 8 0.022592537 
935 383 8 9 0.022535319 
958 398 7 10 0.02251652 
136 369 6 8 0.022464205 
352 121 8 9 0.022456368 
49 352 7 9 0.022450218 
761 316 12 15 0.022446051 
961 312 8 9 0.02244184 
546 304 7 9 0.022431448 
953 286 7 8 0.022423381 
942 352 7 9 0.022380019 
638 103 8 11 0.022322122 
304 104 8 10 0.02231267 
151 399 8 10 0.022309856 
376 622 56 51 0.022296445 
307 111 7 9 0.022271497 
208 361 7 9 0.022234406 
230 360 8 9 0.022218864 
1001 49 7 9 0.022156535 
905 343 8 9 0.022141783 
214 422 7 9 0.022137694 
264 302 7 9 0.022126723 
545 360 6 8 0.02209143 
679 127 7 9 0.022038504 
286 127 7 9 0.022016514 
288 112 8 10 0.02200573 
504 406 8 10 0.021996498 
320 120 7 9 0.021917297 
879 129 7 9 0.021912426 
487 336 7 9 0.021900369 
529 350 6 8 0.021899391 
240 336 7 9 0.021894796 
536 173 12 14 0.021888575 
253 328 7 9 0.021725928 
312 300 11 13 0.021707896 
279 119 8 10 0.021694675 
552 150 7 9 0.021694291 
314 127 7 9 0.021686612 
131 374 7 9 0.021661617 
863 119 7 10 0.02160821 
367 110 6 9 0.02145295 
939 302 7 9 0.021420212 
584 422 8 11 0.021397896 
160 328 6 8 0.021395553 
581 129 7 8 0.021365045 
543 389 7 8 0.021338314 
399 143 7 9 0.02133483 
922 391 7 10 0.021302536 
920 85 8 10 0.02125901 
608 398 8 10 0.021247186 
713 143 8 10 0.021244427 
969 328 7 9 0.021228142 
273 126 9 10 0.021206906 
144 382 7 9 0.021159384 
558 424 8 9 0.021147095 
275 309 8 11 0.021146482 
562 398 8 10 0.021130936 
636 335 9 11 0.021129202 
882 381 8 10 0.021107884 
222 375 8 9 0.021102935 
354 137 7 9 0.021096446 
594 351 7 8 0.021086765 
359 136 7 10 0.021029519 
535 407 7 10 0.020987948 
192 329 7 9 0.020984728 
121 335 7 9 0.020875938 
950 93 8 10 0.020855933 
966 366 8 9 0.020839738 
560 143 7 9 0.020809462 
849 71 6 8 0.020796454 
30 385 7 9 0.0207674 
846 365 9 11 0.020685643 
494 360 7 9 0.020671463 
402 135 7 9 0.020658338 
200 393 7 9 0.020644872 
767 134 7 10 0.020644493 
391 96 7 9 0.020628758 
18 383 7 8 0.020609092 
233 349 7 10 0.02060691 
537 375 7 8 0.020604705 
517 460 13 15 0.020593654 
246 320 7 9 0.02058447 
960 317 8 9 0.02046829 
89 401 6 8 0.020443603 
992 366 7 9 0.020442987 
935 327 7 9 0.020436894 
714 136 8 10 0.020426104 
947 135 8 10 0.020412276 
782 120 6 9 0.020402748 
530 361 6 8 0.020402692 
183 367 7 8 0.020396043 
704 120 7 8 0.02036071 
486 341 7 10 0.020285968 
185 360 6 8 0.020269664 
630 141 9 11 0.020247964 
616 154 10 12 0.020223895 
129 391 8 10 0.0202105 
589 438 8 12 0.020206947 
543 384 7 9 0.020186229 
494 377 7 10 0.020164492 
919 296 8 10 0.020161213 
441 161 7 9 0.02015788 
943 400 7 8 0.020151999 
313 149 8 11 0.0201244 
625 422 8 10 0.020122882 
439 165 7 10 0.020116791 
417 111 8 9 0.020109188 
473 327 7 10 0.020106688 
506 350 7 10 0.02010195 
519 320 6 9 0.020097448 
687 126 7 10 0.020096961 
623 392 8 9 0.02009671 
833 97 6 8 0.020039171 
574 405 8 10 0.02003846 
633 389 8 10 0.020024704 
