56_Voter_peoplevoting_56_874
259
972 255 44 65 0.9951114 
139 353 24 30 0.98864263 
667 252 26 31 0.9873116 
595 333 28 32 0.98655987 
686 445 83 145 0.9844125 
13 298 18 22 0.9751927 
153 392 27 34 0.9688324 
477 367 61 70 0.96509826 
90 340 24 30 0.9646305 
358 279 13 17 0.9479712 
66 282 13 18 0.9439356 
566 298 24 29 0.9414621 
234 394 44 50 0.93423146 
38 336 20 26 0.9273814 
771 291 51 73 0.9094005 
191 256 14 18 0.89953923 
367 252 13 17 0.8940631 
512 276 19 25 0.8854522 
156 283 16 23 0.8585429 
404 272 14 17 0.83099973 
111 298 14 17 0.74244577 
336 252 14 19 0.7163931 
514 212 15 17 0.6558286 
452 371 82 111 0.6112151 
422 250 9 13 0.5742429 
968 223 31 40 0.5505716 
407 245 10 14 0.5214154 
275 273 16 20 0.44912118 
530 310 22 26 0.42797267 
455 289 17 20 0.40640852 
960 396 69 122 0.38653958 
171 311 15 19 0.36963114 
455 244 12 16 0.32954884 
415 250 11 14 0.2975383 
270 252 14 18 0.25164026 
454 250 15 19 0.24174106 
598 215 11 14 0.23996983 
5 275 16 19 0.23069382 
672 190 10 12 0.22425428 
429 227 10 13 0.21245076 
398 224 10 12 0.21138318 
544 311 21 29 0.20909451 
284 272 14 19 0.1807986 
221 319 15 19 0.17200322 
384 341 31 53 0.17051233 
486 239 10 12 0.17047371 
910 424 18 24 0.16169488 
332 231 10 12 0.15143198 
464 226 10 13 0.144583 
318 253 12 16 0.14260599 
397 254 12 15 0.14075114 
554 317 18 26 0.13949186 
511 217 12 16 0.13747428 
466 206 8 10 0.12616435 
608 340 17 23 0.12057456 
657 183 7 10 0.11504853 
165 357 11 16 0.112894215 
478 220 9 11 0.11276971 
275 245 12 15 0.11177862 
293 243 13 16 0.110281095 
448 215 11 13 0.10978226 
726 111 16 19 0.10878637 
135 290 13 15 0.10617442 
888 291 33 54 0.10287528 
496 215 8 11 0.10113829 
220 257 13 15 0.09743707 
126 439 30 40 0.09595606 
506 229 10 13 0.09468034 
550 199 9 10 0.0945161 
745 158 9 11 0.09127411 
159 429 33 44 0.08407346 
312 267 11 14 0.080775306 
832 445 21 32 0.07643644 
84 574 55 67 0.07567396 
631 196 10 12 0.07263055 
374 228 12 15 0.07185542 
573 172 9 11 0.07083693 
287 238 14 17 0.0705738 
189 243 20 25 0.069543846 
473 214 8 12 0.068893835 
97 319 17 21 0.06887549 
233 268 12 15 0.0671856 
299 251 11 14 0.06708347 
637 193 8 10 0.06579286 
432 276 10 15 0.0646982 
966 225 44 66 0.062941335 
522 376 45 58 0.06292361 
657 187 9 12 0.059933104 
722 134 9 12 0.058967464 
762 72 16 20 0.05674634 
310 352 40 60 0.05575399 
577 205 9 10 0.05441445 
318 377 28 42 0.054088168 
491 361 41 44 0.05280977 
663 189 9 12 0.051932335 
867 442 17 21 0.051626902 
115 265 13 17 0.051219076 
625 176 8 10 0.051052023 
173 259 10 13 0.04977582 
7 289 19 25 0.04935542 
318 247 10 14 0.048425756 
401 237 13 16 0.04795715 
235 261 12 14 0.047689535 
610 367 22 27 0.046822954 
536 201 9 11 0.04632933 
344 221 11 13 0.04454216 
581 207 8 9 0.044409238 
452 353 62 71 0.044271767 
985 218 17 22 0.04362403 
680 125 10 13 0.04344737 
672 167 9 11 0.04341017 
153 354 16 21 0.043401774 
152 228 10 13 0.042871837 
393 347 42 65 0.042560846 
656 176 7 10 0.042558413 
437 281 12 17 0.041856512 
390 228 11 13 0.041057825 
393 223 9 12 0.041037887 
160 288 19 28 0.04057762 
673 185 9 12 0.040512834 
229 252 12 15 0.04044192 
139 143 33 37 0.04010854 
244 237 10 12 0.039941244 
485 231 10 12 0.039912034 
742 282 55 68 0.039867457 
222 246 10 13 0.039235875 
504 234 12 16 0.03845026 
593 199 8 11 0.038091723 
424 206 10 11 0.03790239 
544 199 9 12 0.037689753 
425 224 10 13 0.03652203 
131 385 16 25 0.035803247 
140 387 25 33 0.035780147 
467 253 11 14 0.03577057 
214 268 12 14 0.035409313 
170 300 17 22 0.035363343 
236 253 12 14 0.03489407 
679 255 17 22 0.034760904 
220 265 12 15 0.034370843 
127 293 10 14 0.034285825 
751 126 10 13 0.034280397 
161 388 17 24 0.034246523 
766 125 10 13 0.034227967 
505 223 10 13 0.03391788 
330 342 48 69 0.033561483 
481 229 9 12 0.033352878 
630 175 8 10 0.032656044 
960 209 30 44 0.03256835 
593 211 20 24 0.03251745 
663 257 19 21 0.032413483 
204 278 10 13 0.032412693 
423 211 11 14 0.0323217 
471 221 9 12 0.031863537 
726 102 13 15 0.031799927 
699 409 60 82 0.031681452 
430 214 9 11 0.03144583 
200 225 9 12 0.031418696 
963 271 33 51 0.031053355 
444 284 12 16 0.030842043 
420 381 70 97 0.030712275 
502 242 14 20 0.030497186 
593 212 12 15 0.030434722 
672 172 8 11 0.030112512 
724 280 45 59 0.030058336 
660 183 8 10 0.02940222 
338 246 16 19 0.029397098 
742 113 10 14 0.029080454 
687 176 9 11 0.028688842 
327 226 20 24 0.028625157 
693 496 106 137 0.028522203 
423 235 12 15 0.028459324 
407 207 8 9 0.028451508 
189 316 9 13 0.028400801 
108 261 16 19 0.028322445 
178 308 14 19 0.02829871 
771 104 15 17 0.02823392 
388 236 12 15 0.028127635 
139 410 45 55 0.028126892 
74 372 17 19 0.028027829 
264 245 13 16 0.027853563 
277 237 14 17 0.027705 
52 436 28 34 0.027608797 
189 310 9 12 0.02728215 
446 228 12 14 0.027045406 
335 232 22 28 0.026949655 
255 390 38 49 0.026414007 
336 222 22 26 0.026260847 
521 211 13 16 0.025913876 
638 175 8 9 0.02584259 
447 236 13 16 0.025745615 
625 182 8 11 0.02572033 
592 206 9 11 0.025636774 
509 367 41 50 0.025609672 
856 429 28 34 0.025505973 
728 158 6 9 0.025260912 
392 257 12 15 0.025035564 
291 245 20 24 0.024839878 
349 215 10 12 0.024835065 
685 120 9 11 0.024727797 
348 242 14 18 0.024682546 
597 199 9 11 0.02457874 
955 226 32 44 0.024487318 
390 270 13 16 0.024332775 
560 325 16 21 0.023968115 
548 326 25 28 0.02396113 
623 189 9 12 0.023867913 
217 253 21 24 0.023828162 
194 235 15 19 0.023813952 
74 282 13 17 0.023674514 
597 207 10 13 0.023492556 
99 307 15 18 0.023302937 
647 198 8 10 0.023280948 
145 400 28 38 0.023243139 
157 351 21 27 0.023186387 
559 300 16 20 0.023107199 
459 238 11 14 0.022940539 
908 2 14 16 0.022786815 
724 281 26 40 0.02267667 
618 190 8 11 0.02265324 
324 251 13 18 0.02260345 
511 209 13 15 0.022504367 
403 241 18 22 0.022480063 
597 225 12 16 0.022357928 
334 261 13 17 0.022331765 
516 310 29 36 0.022280576 
569 169 8 11 0.022177713 
153 277 13 17 0.02205908 
368 228 12 15 0.02192757 
686 100 10 14 0.021926677 
299 236 15 18 0.021896308 
382 234 12 16 0.02187222 
103 298 15 18 0.021729933 
439 215 9 11 0.021719296 
593 189 9 10 0.021717642 
286 250 12 15 0.021646364 
557 199 8 10 0.021511156 
231 265 20 26 0.021465857 
760 131 9 11 0.021419363 
470 284 12 17 0.021275269 
843 443 15 20 0.021255277 
141 361 28 38 0.021166166 
593 183 9 11 0.021043623 
270 239 13 16 0.020926302 
217 253 11 14 0.020762488 
156 223 9 12 0.02069397 
671 204 12 13 0.020534147 
186 284 13 16 0.020369034 
77 306 16 19 0.020368079 
450 292 26 30 0.020327058 
617 198 9 10 0.020311268 
289 268 15 20 0.02028134 
241 232 9 12 0.020280346 
429 271 19 26 0.020251524 
428 244 10 14 0.020228788 
364 264 15 21 0.020224655 
325 242 14 19 0.02018887 
523 314 40 46 0.020104818 
655 199 8 10 0.020082276 
398 215 9 11 0.020045843 
