56_Voter_peoplevoting_56_305
21
71 228 27 36 0.9893393 
442 201 30 45 0.93883234 
754 226 22 39 0.10874413 
548 103 16 20 0.05421907 
771 299 42 67 0.04662246 
426 198 35 46 0.03686028 
435 221 33 38 0.033943623 
685 290 41 63 0.031341176 
548 183 11 14 0.029607972 
535 179 11 16 0.027789 
735 242 39 51 0.027428916 
992 407 8 10 0.025964325 
52 257 17 22 0.025584023 
888 400 8 9 0.023944087 
543 89 7 10 0.023104703 
848 400 8 9 0.021521403 
543 93 10 13 0.021046108 
887 406 8 10 0.020844987 
854 400 7 9 0.020569278 
662 235 405 484 0.020184748 
849 415 8 10 0.0200564 
