56_Voter_peoplevoting_56_344
109
979 70 15 20 0.9934481 
177 80 19 23 0.98708504 
209 75 19 24 0.9820939 
800 91 15 20 0.9817842 
462 85 17 22 0.98153657 
94 55 20 25 0.9681358 
310 54 18 24 0.94843 
701 66 19 25 0.943698 
553 77 17 22 0.926531 
381 84 18 23 0.9128706 
891 82 15 17 0.85627306 
346 75 15 18 0.78884023 
62 82 15 19 0.761464 
644 62 14 18 0.5202164 
911 83 11 14 0.46902534 
299 105 18 21 0.42452785 
277 63 17 21 0.25185534 
53 55 12 14 0.20487238 
601 566 28 29 0.16860196 
185 105 17 19 0.13274896 
917 78 13 17 0.11093186 
776 78 12 16 0.099663615 
269 63 17 22 0.096395634 
861 86 9 12 0.08229607 
883 83 12 15 0.07397233 
377 512 26 31 0.069461405 
54 71 21 26 0.06747966 
441 54 16 19 0.06416022 
460 52 22 25 0.062489662 
49 61 18 22 0.06231063 
562 77 11 16 0.062239368 
649 64 23 26 0.06107763 
402 549 22 26 0.060823567 
120 106 12 16 0.058288835 
357 98 15 18 0.058272474 
366 94 11 16 0.057687517 
923 76 12 17 0.057583574 
237 101 11 15 0.052850407 
442 540 21 26 0.05125587 
900 79 12 16 0.050172783 
451 116 13 14 0.05008528 
1014 84 9 14 0.04904869 
459 548 13 16 0.04837581 
16 106 12 17 0.04709971 
911 119 9 10 0.0455798 
497 56 14 17 0.045022 
615 570 17 20 0.04265836 
86 99 15 17 0.04100758 
472 117 26 30 0.040309604 
917 89 11 13 0.039094374 
483 118 15 17 0.038871024 
282 69 16 20 0.03693596 
903 119 10 11 0.036279943 
546 136 9 11 0.036033373 
592 579 11 16 0.03513713 
543 77 14 17 0.0347284 
344 78 21 26 0.03464642 
456 63 24 30 0.034327663 
86 22 10 12 0.03421991 
28 107 12 16 0.0336072 
907 76 18 23 0.032581843 
274 84 15 19 0.031784724 
887 586 28 29 0.0316557 
511 86 11 14 0.03157358 
856 84 11 15 0.031464327 
525 119 12 13 0.031129813 
469 550 13 15 0.031087235 
596 573 17 22 0.030827405 
0 109 12 18 0.030597914 
451 53 21 26 0.030509297 
801 73 8 11 0.030058712 
195 101 12 17 0.02996609 
114 80 16 19 0.02988528 
656 61 17 19 0.02960333 
919 118 10 10 0.029018242 
501 573 10 11 0.028814957 
451 543 22 26 0.02835923 
935 122 8 11 0.028313918 
519 92 12 16 0.027990505 
494 400 12 13 0.027524361 
465 47 12 13 0.027205927 
929 119 9 11 0.026219832 
436 541 16 19 0.02604168 
26 48 17 21 0.02561666 
847 75 11 13 0.025381558 
6 99 12 18 0.02533888 
500 587 17 20 0.025295604 
855 91 10 13 0.025008494 
702 22 23 28 0.024964642 
486 98 14 20 0.024803925 
319 100 12 16 0.02409609 
496 573 10 12 0.023966093 
420 583 14 16 0.023572115 
572 91 12 17 0.023561385 
877 576 27 30 0.023462046 
161 37 11 14 0.023460338 
1 248 9 13 0.023445666 
535 81 14 19 0.023430904 
475 105 14 17 0.022983622 
514 568 28 29 0.022865282 
501 94 20 26 0.022468599 
19 216 10 13 0.022025423 
886 85 14 17 0.021665901 
637 53 14 19 0.021295585 
345 -31 348 423 0.021280905 
421 334 9 10 0.020970464 
902 124 10 11 0.020765075 
837 110 10 12 0.020094715 
278 55 13 15 0.020004455 
