56_Voter_peoplevoting_56_410
357
826 430 18 20 0.9723164 
492 445 16 20 0.9703789 
270 468 17 21 0.9653215 
472 435 14 17 0.9425273 
123 451 15 18 0.92702067 
322 442 14 18 0.89007473 
283 423 18 21 0.86907786 
177 433 15 19 0.8608899 
743 475 18 20 0.827319 
931 456 18 25 0.7512953 
424 430 17 21 0.7404525 
57 443 19 23 0.7324091 
936 425 15 20 0.7116042 
194 421 19 27 0.7109992 
214 459 16 20 0.6713941 
550 446 14 19 0.6698906 
285 442 14 18 0.660627 
614 461 15 21 0.6358763 
27 419 26 36 0.56618935 
619 410 13 17 0.54808 
367 435 16 19 0.50999105 
527 429 13 16 0.4806233 
84 434 15 17 0.43556663 
96 434 16 21 0.42124465 
147 443 15 21 0.3988724 
694 470 23 30 0.3940474 
963 444 15 21 0.37822533 
236 453 14 18 0.33623156 
644 465 15 21 0.3103083 
447 429 12 16 0.30199966 
510 427 13 16 0.30169123 
987 451 14 19 0.29571837 
810 472 28 31 0.26981974 
598 422 12 15 0.2615335 
155 412 15 19 0.24399503 
891 465 17 21 0.22071603 
138 419 12 16 0.20429294 
364 419 14 19 0.2032848 
403 401 15 18 0.19027264 
414 432 16 21 0.18814403 
404 372 14 20 0.17657961 
529 433 14 17 0.17283028 
189 469 13 16 0.17165565 
985 442 14 18 0.1707613 
349 441 13 18 0.16081423 
186 426 20 26 0.15890314 
451 395 14 17 0.15847194 
969 449 14 19 0.15456803 
869 463 24 32 0.15082063 
894 435 15 18 0.15062375 
922 442 16 20 0.14211583 
228 432 17 18 0.14208838 
863 442 15 20 0.13181171 
924 450 18 23 0.12607893 
982 455 20 26 0.12510587 
19 428 27 35 0.124970764 
571 448 13 18 0.12101396 
563 433 14 16 0.11924474 
893 448 17 23 0.1192427 
303 442 13 19 0.113093324 
286 445 19 25 0.1123555 
270 415 10 12 0.11036387 
590 422 11 14 0.108454645 
406 417 12 15 0.10780384 
583 427 12 16 0.1014078 
119 419 11 15 0.10108659 
318 413 13 15 0.099528976 
423 455 16 19 0.09748407 
85 436 21 24 0.095785275 
35 414 17 21 0.09448349 
217 452 17 21 0.094208196 
365 441 22 25 0.09395585 
91 442 21 28 0.09094263 
169 58 27 28 0.089325316 
136 368 10 11 0.084942766 
813 465 17 20 0.08361485 
429 403 12 16 0.082916625 
575 398 10 14 0.081690386 
172 422 13 17 0.07965136 
861 471 26 32 0.07655564 
392 373 10 13 0.07558899 
406 466 15 19 0.07485688 
119 434 13 17 0.0742728 
602 436 14 18 0.072251275 
819 460 26 30 0.07010699 
246 57 28 29 0.07007431 
172 474 12 15 0.068687014 
381 426 15 21 0.06717498 
341 441 15 19 0.06607519 
351 468 21 27 0.06574273 
223 428 14 17 0.06511663 
587 466 11 15 0.06341269 
620 462 22 26 0.061840236 
917 436 15 18 0.061275594 
226 453 20 24 0.061090786 
94 455 13 18 0.060517948 
938 456 22 28 0.05988964 
542 435 13 15 0.058454 
548 429 12 16 0.05829607 
210 428 14 17 0.05745093 
124 419 12 16 0.057216756 
243 412 12 16 0.05593126 
35 391 25 29 0.055513438 
558 429 14 17 0.055429943 
709 439 16 21 0.055386364 
749 427 21 28 0.05522344 
760 489 23 29 0.055184864 
119 444 15 20 0.054974314 
501 435 13 17 0.05471434 
93 391 17 21 0.05466738 
443 452 14 17 0.054363452 
565 455 15 22 0.05417175 
183 473 12 15 0.053905673 
543 448 16 20 0.053768463 
205 461 20 26 0.053469613 
548 436 14 16 0.05306445 
399 372 12 17 0.052923568 
194 467 12 15 0.05243105 
817 459 18 20 0.05236564 
553 449 20 28 0.05233423 
407 442 22 27 0.052188426 
603 428 11 14 0.051790077 
504 430 12 16 0.051411234 
452 423 12 15 0.05094773 
435 403 13 17 0.050776403 
290 456 15 20 0.049734242 
567 444 13 17 0.049667906 
423 399 11 14 0.049217235 
324 418 12 14 0.04916457 
437 429 13 17 0.049122788 
628 441 16 21 0.048515767 
385 392 14 18 0.048231594 
357 426 15 20 0.047302686 
385 419 14 18 0.04707999 
460 457 13 19 0.046614382 
332 430 13 16 0.046278223 
134 415 13 16 0.04614873 
411 459 13 18 0.045787208 
930 444 14 18 0.045784064 
898 428 13 16 0.04574017 
289 432 15 20 0.04571084 
131 417 20 25 0.044978052 
371 422 12 17 0.04469279 
452 460 16 20 0.044663064 
26 384 24 29 0.04438475 
494 397 12 14 0.043217767 
250 477 11 15 0.04311247 
612 452 15 21 0.04289695 
514 422 13 16 0.042806774 
325 435 19 24 0.042642333 
831 458 23 27 0.0422735 
358 413 13 15 0.042241413 
153 448 14 19 0.04219241 
574 421 12 17 0.04159819 
202 428 17 22 0.04158087 
379 448 15 19 0.040432855 
404 384 13 18 0.040414084 
175 419 22 27 0.040318724 
642 446 22 29 0.040166367 
917 431 12 15 0.039954174 
588 434 12 15 0.03991528 
859 486 24 30 0.039874684 
137 410 21 27 0.039449077 
875 459 15 21 0.039223507 
811 429 22 27 0.039189342 
372 429 20 24 0.039186794 
326 429 13 17 0.03911451 
473 387 10 14 0.039040755 
589 434 21 28 0.038252953 
446 422 12 16 0.03808663 
174 495 13 18 0.037856977 
496 391 11 13 0.037764784 
854 465 12 18 0.03748232 
740 480 24 27 0.03746876 
228 443 16 19 0.037252653 
278 422 14 18 0.037161022 
262 415 10 12 0.03709308 
580 512 13 17 0.03681188 
823 402 12 15 0.036792237 
77 450 13 17 0.036680687 
130 443 16 21 0.036642794 
669 437 15 18 0.036639478 
648 441 17 19 0.0362269 
848 422 10 13 0.036118854 
586 422 18 24 0.03609519 
263 419 12 16 0.03587111 
196 474 14 15 0.035365526 
322 60 27 28 0.03530895 
423 479 24 28 0.03513538 
897 443 14 18 0.034991037 
122 422 19 24 0.034880552 
546 452 18 24 0.034779537 
752 467 17 22 0.034729846 
83 466 13 17 0.034264352 
951 420 12 16 0.03425766 
254 413 11 14 0.034164753 
162 411 14 17 0.03415463 
600 440 21 28 0.033873066 
308 439 18 23 0.03382986 
313 413 10 14 0.033691403 
171 385 14 16 0.033674803 
474 449 14 19 0.032893486 
844 462 16 22 0.03283687 
959 438 14 17 0.032733787 
445 412 12 15 0.032406233 
638 467 25 32 0.032337744 
493 409 12 15 0.03219077 
112 418 13 17 0.032096263 
83 448 16 20 0.03193491 
188 459 21 25 0.031458095 
445 400 14 19 0.031327337 
992 457 16 23 0.031096043 
143 502 10 14 0.031093815 
420 462 23 29 0.030970622 
647 459 17 22 0.03087859 
873 445 22 30 0.030855943 
235 461 15 20 0.030672135 
133 457 11 14 0.030551692 
909 478 14 16 0.030525295 
933 463 29 35 0.030446084 
430 453 22 27 0.030199258 
434 483 17 23 0.029491005 
979 427 22 28 0.029473051 
440 421 11 15 0.02945272 
917 456 16 20 0.02939709 
351 427 12 17 0.029382177 
442 437 20 25 0.029332237 
151 428 12 17 0.0291156 
423 410 13 15 0.029111745 
167 469 11 16 0.029096777 
318 413 22 26 0.028900854 
403 427 14 19 0.028816476 
302 412 10 14 0.02878356 
53 437 18 21 0.028720114 
357 435 15 19 0.028717175 
516 450 15 20 0.028619708 
543 423 10 12 0.028616408 
852 444 20 28 0.02811353 
732 31 13 13 0.027929027 
593 417 20 24 0.027867395 
222 445 14 16 0.02776174 
279 433 16 19 0.027708404 
452 452 15 18 0.027670417 
967 465 14 19 0.027551074 
905 514 17 19 0.027491959 
532 441 14 17 0.027452786 
401 376 21 30 0.027396312 
897 472 15 19 0.027395941 
946 464 17 22 0.027316416 
399 419 13 16 0.027173657 
912 430 11 14 0.0271097 
544 398 10 12 0.027109342 
330 -132 407 472 0.027094657 
269 416 20 26 0.0269243 
880 465 28 35 0.026828527 
386 430 15 21 0.02682508 
681 462 42 52 0.026741903 
847 426 12 17 0.02673396 
861 460 12 16 0.026700122 
523 451 13 18 0.026656259 
421 387 11 14 0.02664307 
143 437 15 21 0.026473854 
766 24 18 19 0.025885558 
333 413 11 14 0.025835603 
166 418 14 17 0.025813032 
86 457 13 19 0.025810987 
972 377 15 19 0.025802428 
464 435 13 17 0.025799852 
550 421 11 15 0.025697824 
557 458 21 30 0.025559708 
946 425 14 18 0.025473278 
903 425 23 28 0.025213428 
685 462 25 32 0.025164742 
487 428 11 14 0.025004046 
892 417 24 28 0.024997769 
180 422 14 16 0.024842229 
516 434 12 16 0.024828192 
970 452 21 27 0.02477407 
251 484 11 14 0.024728596 
400 438 21 28 0.02468887 
908 458 13 18 0.0245787 
542 378 8 11 0.024554648 
524 442 14 17 0.024477923 
488 421 11 15 0.024255017 
286 464 13 18 0.024250843 
145 422 23 31 0.024244249 
126 413 13 16 0.024159452 
927 425 19 25 0.024105586 
537 427 20 25 0.024079187 
549 76 19 20 0.023986535 
461 442 12 17 0.023914872 
640 460 14 19 0.023889065 
269 441 13 18 0.023856137 
965 455 16 21 0.023660533 
341 428 12 16 0.023630915 
853 464 24 30 0.023605816 
105 439 16 21 0.023591934 
54 453 16 21 0.02353747 
317 446 22 28 0.023530424 
800 442 14 21 0.02352842 
946 453 14 18 0.023425484 
52 416 16 22 0.023389945 
409 466 23 27 0.023366174 
805 481 18 20 0.023060143 
608 459 15 20 0.022999518 
499 501 11 16 0.022987885 
697 457 28 32 0.022970228 
885 448 17 23 0.022932282 
452 442 14 18 0.022882503 
231 485 9 11 0.022851063 
952 414 12 15 0.022801882 
817 445 25 30 0.02279794 
204 474 12 16 0.022740731 
398 428 13 18 0.02270566 
431 362 15 18 0.022595877 
402 406 20 24 0.022546543 
508 441 14 18 0.022535423 
701 442 14 18 0.022493483 
128 429 22 27 0.02249186 
269 453 12 15 0.02246271 
403 363 24 32 0.022450319 
435 439 15 20 0.022376454 
470 421 13 15 0.02216012 
557 421 12 15 0.022122324 
531 422 12 14 0.022067193 
496 382 11 13 0.022024982 
298 453 16 21 0.021896724 
658 437 22 27 0.02188731 
622 472 29 31 0.021878155 
308 467 13 18 0.021863904 
48 400 16 20 0.021581264 
341 467 15 22 0.021421492 
351 420 13 17 0.021407349 
169 470 20 25 0.02139136 
206 467 12 15 0.021363733 
489 399 9 12 0.021276882 
911 440 13 18 0.021276755 
752 423 12 15 0.021255994 
798 528 15 18 0.021175152 
858 455 23 30 0.021140097 
150 339 13 16 0.021089783 
619 451 17 23 0.021025844 
153 335 11 13 0.021001188 
77 458 14 19 0.020929636 
853 493 18 23 0.020805014 
399 469 14 17 0.020771245 
691 444 15 17 0.020688796 
238 416 14 17 0.020673765 
685 446 26 30 0.020620143 
362 453 18 23 0.02053669 
928 437 39 50 0.020425946 
662 369 15 20 0.02030955 
582 462 20 27 0.020282067 
571 434 13 17 0.020269204 
355 411 21 27 0.020209068 
535 452 11 17 0.020204628 
722 434 18 23 0.02001447 
