56_Voter_peoplevoting_56_528
87
622 131 31 40 0.99715483 
458 185 37 45 0.98882324 
905 240 54 62 0.9878593 
485 27 14 21 0.983135 
517 149 35 42 0.9821321 
179 64 16 26 0.9744766 
319 60 19 25 0.9564221 
533 245 45 36 0.93149334 
419 47 15 24 0.92747283 
261 66 16 24 0.81902593 
915 72 18 22 0.6941392 
782 41 15 21 0.6508789 
785 125 21 24 0.6172434 
690 89 19 26 0.5837249 
612 61 16 23 0.5028571 
893 63 16 21 0.42871267 
935 91 15 21 0.42786652 
656 75 25 30 0.33853686 
47 64 20 31 0.27371296 
797 398 26 33 0.20655374 
83 68 19 31 0.2047656 
441 43 15 18 0.18170276 
836 115 14 19 0.16206732 
776 43 12 17 0.11612722 
777 111 24 32 0.112855844 
837 105 15 20 0.11285559 
697 85 17 26 0.10831332 
843 101 14 18 0.10446122 
524 236 31 45 0.08735807 
602 230 23 27 0.07373597 
761 46 9 12 0.06983045 
891 66 24 34 0.06268175 
456 29 13 16 0.060753673 
770 106 18 25 0.059000406 
698 93 24 33 0.056713257 
939 92 20 27 0.055302948 
851 101 10 14 0.05466318 
673 29 16 22 0.054413203 
947 84 16 20 0.054058015 
766 45 11 14 0.05374629 
844 388 101 124 0.046857882 
679 88 23 34 0.04598097 
438 25 13 15 0.045927852 
479 48 13 17 0.045683865 
770 85 21 33 0.0437379 
390 57 15 18 0.042533714 
622 55 20 30 0.040718816 
395 53 14 17 0.037463084 
347 57 17 20 0.037082355 
426 44 14 20 0.033357266 
940 50 12 15 0.032308277 
659 84 25 35 0.03223965 
539 54 14 17 0.031863917 
51 2 29 32 0.031324964 
247 67 14 17 0.031011796 
980 97 26 28 0.03066548 
407 50 15 20 0.029981732 
557 58 13 19 0.02983522 
342 105 14 18 0.029223941 
653 76 18 21 0.0289895 
33 54 24 31 0.027523747 
832 107 12 18 0.02742189 
549 51 13 18 0.026051393 
919 69 24 31 0.025911849 
796 389 43 53 0.025075335 
977 104 18 21 0.024716578 
994 94 19 26 0.024704922 
979 70 39 58 0.02408902 
893 62 38 48 0.024009734 
329 58 17 22 0.023318522 
908 66 19 24 0.023313563 
908 60 14 19 0.023201127 
915 62 16 20 0.022656163 
918 156 105 142 0.02255057 
635 52 14 19 0.022351507 
671 17 22 29 0.022179134 
940 85 16 21 0.021759734 
363 52 13 17 0.021578494 
618 67 16 23 0.021483984 
543 28 10 12 0.021322368 
479 20 15 20 0.021299286 
772 75 14 18 0.02117855 
364 29 12 16 0.02100381 
788 134 24 32 0.020786589 
793 454 55 67 0.020710066 
273 73 15 19 0.02064694 
923 60 14 18 0.020134328 
