18_Concerts_Concerts_18_554
26
561 488 29 39 0.9978442 
298 248 489 396 0.4436373 
595 99 399 496 0.09276137 
830 531 175 286 0.08710904 
267 211 14 17 0.08063166 
263 212 23 31 0.068276964 
395 82 414 426 0.05686979 
835 665 105 152 0.04755481 
956 444 37 37 0.04193 
25 400 16 23 0.04043737 
629 368 268 263 0.04000425 
502 293 408 472 0.037821285 
95 360 10 14 0.032858405 
583 204 78 55 0.03135286 
374 376 151 147 0.030674323 
377 400 59 62 0.028481198 
373 306 255 233 0.028352018 
265 205 37 48 0.02499663 
732 -1 346 465 0.024293054 
110 189 103 135 0.023561263 
372 401 30 35 0.023380082 
517 643 14 17 0.02220248 
173 235 14 16 0.0213395 
620 188 15 19 0.020894207 
97 146 395 507 0.020672703 
272 431 11 13 0.020112623 
