18_Concerts_Concerts_18_612
19
215 369 365 496 0.9924321 
56 450 398 497 0.70434195 
-9 671 327 492 0.5934583 
368 400 427 486 0.34302947 
573 669 251 224 0.117435955 
93 422 123 128 0.105972454 
-122 543 354 508 0.06693795 
524 606 426 349 0.050968193 
551 339 347 478 0.049492612 
1006 838 19 33 0.04546012 
741 236 89 103 0.039341215 
931 1084 33 38 0.028149456 
362 89 39 45 0.025793655 
136 169 56 52 0.025208276 
801 120 32 40 0.023016328 
875 99 35 40 0.022398088 
802 135 35 45 0.022099268 
399 94 42 66 0.021569982 
489 557 236 298 0.020776687 
