18_Concerts_Concerts_18_920
231
757 565 11 15 0.96686983 
822 572 12 15 0.94627994 
280 504 17 22 0.90920067 
852 556 12 15 0.8868534 
981 587 12 14 0.75265044 
751 624 12 16 0.7113335 
904 565 8 12 0.6440235 
908 518 9 12 0.551261 
869 575 10 13 0.5244393 
950 525 9 11 0.46215 
851 501 13 16 0.45149606 
928 563 10 13 0.35849413 
243 607 41 59 0.3346547 
232 612 31 51 0.33289045 
998 616 11 13 0.32067457 
739 603 11 14 0.31368706 
943 579 11 13 0.30013847 
868 526 10 13 0.28321296 
829 555 10 13 0.2676294 
967 612 10 13 0.26212102 
800 556 9 12 0.2586254 
932 560 10 12 0.2585609 
903 488 10 13 0.24789295 
614 600 17 19 0.24774773 
875 665 13 16 0.2383206 
869 532 11 14 0.2184979 
769 623 10 12 0.2166438 
818 528 8 11 0.21615559 
855 590 10 13 0.21608779 
1005 516 8 11 0.2104299 
920 572 11 14 0.18807763 
912 629 12 15 0.17942576 
344 0 26 32 0.17906795 
897 610 10 13 0.17567208 
799 575 10 13 0.16991769 
617 566 8 9 0.11979769 
831 595 13 16 0.11614787 
402 11 16 20 0.11247507 
837 551 9 13 0.10965864 
662 413 36 49 0.108778834 
791 550 8 11 0.105939224 
884 588 10 14 0.103513345 
917 535 9 12 0.10294569 
725 105 16 19 0.10237085 
896 623 10 13 0.09909557 
986 589 10 13 0.09744528 
604 588 29 32 0.096919626 
756 597 12 14 0.086980805 
928 614 8 10 0.086404674 
766 638 11 13 0.086261444 
835 590 11 15 0.083085746 
871 538 12 14 0.08122995 
868 520 11 14 0.077005126 
448 92 31 36 0.076575495 
858 557 11 14 0.07435983 
723 161 15 21 0.07189571 
716 165 16 19 0.07092855 
762 59 16 19 0.07061243 
926 580 10 12 0.06757123 
884 596 11 15 0.06663708 
710 112 15 21 0.06459545 
950 587 10 12 0.06321732 
771 627 10 13 0.06289843 
881 603 9 11 0.06072513 
957 0 24 23 0.060508303 
834 69 101 105 0.057999384 
936 580 10 12 0.05779165 
549 56 63 75 0.05656294 
590 574 8 11 0.056215193 
881 628 9 13 0.053296678 
804 556 10 12 0.052068293 
798 566 10 12 0.050334416 
754 569 10 14 0.050288852 
904 511 10 14 0.049848847 
1002 611 11 15 0.049148276 
862 541 9 13 0.048804004 
693 168 16 19 0.04826705 
737 639 10 12 0.04758126 
820 531 9 12 0.046843186 
999 477 12 15 0.046667892 
813 616 13 16 0.04609951 
757 66 15 18 0.045336373 
901 496 12 17 0.04532878 
254 43 15 15 0.0450232 
856 88 65 64 0.044738486 
904 521 11 13 0.041879483 
866 579 10 14 0.04166205 
948 575 10 13 0.041625336 
394 3 27 34 0.040046938 
714 106 19 24 0.038901124 
897 523 9 12 0.038879648 
928 552 9 12 0.0387922 
601 575 9 12 0.03856369 
879 623 9 12 0.038509656 
755 52 26 30 0.038030915 
752 602 12 14 0.03775595 
633 421 57 72 0.03763191 
898 493 11 13 0.036939014 
671 565 8 10 0.03662371 
978 582 11 14 0.03607679 
856 541 10 12 0.035652135 
756 74 13 16 0.035564564 
877 539 10 13 0.035363037 
907 493 9 13 0.03526471 
200 565 11 13 0.03438378 
908 500 10 13 0.033943698 
826 563 13 16 0.03317137 
925 608 9 12 0.032914717 
589 568 9 11 0.03282601 
787 550 7 11 0.032791723 
187 515 13 16 0.032763273 
869 585 11 14 0.032749463 
993 618 12 14 0.032308605 
852 515 11 14 0.032090116 
890 572 9 12 0.031884875 
966 541 9 10 0.03169719 
287 504 15 20 0.031645935 
766 536 7 9 0.03160614 
764 603 11 14 0.03141464 
886 627 9 12 0.03129284 
824 551 11 14 0.030958474 
803 573 11 14 0.030954473 
804 74 15 19 0.030716462 
912 538 9 12 0.030483594 
971 606 11 14 0.02985498 
839 619 9 12 0.029692084 
590 579 11 12 0.029073415 
792 555 10 12 0.028677981 
750 76 14 16 0.028624853 
877 93 13 15 0.028123662 
894 599 11 13 0.02807423 
752 596 21 24 0.028056111 
799 630 8 11 0.027801417 
683 400 39 58 0.027652025 
762 598 11 13 0.027461229 
884 104 25 29 0.027379801 
887 604 9 13 0.027365094 
967 478 8 10 0.027354734 
868 598 11 13 0.027240178 
861 587 11 13 0.026725251 
604 578 13 15 0.026683616 
701 115 21 27 0.026533106 
739 607 14 17 0.02649481 
814 53 25 30 0.026491588 
662 574 8 10 0.026428547 
860 613 11 14 0.026419157 
942 558 9 10 0.02636436 
630 566 8 10 0.026302164 
686 162 15 19 0.0262548 
751 592 11 13 0.02622393 
249 636 37 47 0.02615682 
710 84 12 15 0.025986554 
280 543 24 36 0.025964098 
713 120 16 19 0.025921393 
685 655 10 12 0.025911625 
213 625 59 76 0.025750346 
709 424 14 18 0.025661072 
756 109 15 18 0.025610078 
999 597 10 13 0.025510427 
862 562 10 14 0.025490064 
898 487 10 13 0.025474627 
823 598 10 13 0.02542538 
974 542 9 10 0.025105573 
828 579 10 13 0.024876542 
950 501 9 11 0.02483227 
988 583 10 12 0.024549657 
554 27 108 116 0.024527278 
684 106 16 21 0.02448119 
896 499 11 15 0.024466652 
908 559 10 13 0.024288494 
902 627 11 14 0.024277722 
629 152 16 21 0.024166455 
709 168 18 19 0.024110818 
449 103 44 53 0.023960473 
904 511 17 23 0.023822993 
916 624 10 12 0.023744859 
876 644 10 13 0.023611905 
892 547 12 14 0.02347594 
858 620 9 12 0.02344335 
749 83 15 18 0.023237541 
865 570 18 22 0.023126507 
853 686 9 11 0.023088071 
901 560 18 23 0.023059929 
963 613 8 12 0.022961767 
675 112 21 28 0.022868829 
848 552 12 15 0.02266802 
805 597 10 13 0.022646694 
402 128 41 54 0.022629004 
917 13 16 19 0.022614494 
973 471 8 11 0.022556318 
76 515 97 132 0.022343531 
960 551 10 12 0.022331487 
798 613 10 13 0.022312846 
893 540 13 15 0.022305416 
771 635 12 15 0.022246292 
885 540 12 14 0.022235423 
584 640 8 10 0.022072513 
736 595 18 24 0.022009632 
621 570 10 12 0.021744147 
645 135 16 21 0.021699293 
751 608 21 24 0.021698015 
793 567 9 12 0.021697387 
783 581 8 10 0.021675041 
982 614 9 11 0.021608712 
805 640 11 13 0.021595204 
765 615 12 15 0.021562172 
691 120 15 19 0.021482449 
810 73 14 18 0.021360075 
908 487 9 13 0.021316152 
927 588 9 11 0.021255087 
694 170 26 27 0.021239782 
748 68 23 27 0.021126572 
873 99 25 31 0.021097826 
870 501 9 11 0.021061247 
887 567 10 12 0.020989416 
951 496 8 10 0.020949677 
999 470 11 15 0.020923447 
657 567 7 10 0.020871017 
870 494 10 12 0.020827899 
719 660 10 12 0.020761598 
949 528 11 14 0.020754144 
688 108 21 29 0.020744111 
435 101 26 29 0.020607673 
921 464 98 129 0.020438146 
991 575 9 11 0.02038842 
568 575 9 11 0.020379033 
793 573 9 13 0.020305352 
805 604 10 12 0.02030111 
151 566 8 10 0.02021576 
669 121 16 22 0.02013877 
830 542 11 13 0.020095635 
