18_Concerts_Concerts_18_528
47
466 124 69 93 0.9955841 
912 359 8 12 0.074263655 
252 479 25 27 0.06084649 
961 374 10 12 0.05881944 
940 328 14 18 0.054530203 
921 373 11 14 0.05218224 
846 390 10 12 0.05078907 
855 334 11 13 0.0476525 
677 587 13 16 0.04627672 
959 368 9 11 0.03491119 
699 612 11 13 0.0346142 
885 401 13 17 0.03412154 
887 382 9 11 0.032730673 
849 354 11 15 0.032334693 
853 362 13 16 0.029843302 
838 413 13 17 0.029583897 
920 366 10 13 0.028724512 
922 378 14 18 0.028546458 
702 566 11 13 0.028150767 
878 362 11 14 0.02785937 
845 340 11 15 0.02777142 
845 348 13 15 0.026948908 
917 358 9 12 0.026534058 
882 382 9 11 0.026351228 
828 381 10 12 0.026330523 
951 375 10 13 0.026166776 
844 394 12 16 0.025685105 
844 402 12 15 0.024649799 
992 366 12 14 0.024187265 
919 397 12 15 0.023708366 
886 410 13 17 0.023619091 
695 608 11 13 0.023300657 
924 366 12 15 0.022631204 
992 391 12 16 0.022486094 
888 376 9 11 0.022252979 
871 341 11 14 0.021754386 
162 74 405 516 0.02130669 
860 339 11 15 0.021201596 
812 347 11 15 0.021144098 
841 390 11 14 0.020625982 
992 350 11 13 0.020553201 
992 324 9 12 0.02052148 
893 375 9 11 0.020444151 
909 372 12 15 0.020294074 
862 414 10 12 0.020118708 
847 336 10 12 0.020086924 
759 75 13 17 0.020081302 
