18_Concerts_Concerts_18_127
49
358 231 55 77 0.99609023 
667 171 47 73 0.9956085 
150 266 65 99 0.99436533 
274 233 48 76 0.99151456 
740 192 49 65 0.9910274 
175 163 43 62 0.98648643 
243 132 38 51 0.9862709 
846 202 31 41 0.985658 
803 192 40 54 0.9802183 
51 179 32 45 0.9760188 
20 197 32 46 0.9685231 
531 226 52 60 0.95485824 
303 180 42 49 0.9461509 
575 188 30 38 0.94075596 
450 182 39 49 0.9395973 
950 195 39 54 0.90495217 
914 208 37 51 0.7170098 
446 232 47 74 0.67976195 
36 193 31 42 0.24462442 
443 193 51 68 0.2365175 
36 310 59 71 0.22588557 
288 199 53 68 0.10041356 
871 324 109 112 0.08480481 
892 213 34 43 0.08195879 
403 185 26 35 0.07224658 
557 203 43 57 0.06335791 
760 169 33 44 0.062397808 
461 220 31 47 0.057966366 
560 184 34 48 0.053272307 
617 192 25 39 0.051044222 
10 209 35 45 0.047781777 
930 204 49 55 0.036906745 
554 158 24 28 0.03488457 
823 201 39 48 0.033241678 
73 178 28 41 0.031397127 
616 335 50 63 0.031274404 
707 181 46 69 0.028715387 
962 214 29 47 0.027631829 
550 182 31 40 0.027268797 
224 250 51 72 0.025964634 
14 255 92 117 0.025730953 
473 244 33 52 0.025456747 
26 210 45 59 0.024007253 
541 165 27 29 0.023389842 
310 187 48 67 0.023293171 
526 147 22 30 0.023256565 
194 270 55 80 0.021203358 
380 279 32 45 0.020912245 
458 179 22 27 0.020008998 
