18_Concerts_Concerts_18_447
27
243 523 36 41 0.9991098 
905 120 49 57 0.9980566 
355 488 33 41 0.99596196 
120 546 34 40 0.99506027 
346 368 41 50 0.994696 
89 384 36 44 0.99288803 
210 383 40 46 0.99220204 
72 196 45 52 0.9907155 
396 189 40 41 0.97420245 
243 183 34 39 0.89823985 
79 586 30 39 0.31692728 
455 289 424 560 0.061261855 
235 171 30 39 0.051904015 
15 463 13 17 0.036620684 
85 585 17 21 0.032329343 
518 136 463 486 0.031909563 
255 196 21 25 0.031184833 
242 171 19 23 0.030656226 
227 203 16 21 0.027555969 
85 579 13 17 0.025883794 
111 473 33 37 0.02524531 
286 172 13 18 0.024110224 
220 517 22 32 0.022195954 
103 585 27 34 0.022009201 
37 496 13 16 0.021632275 
256 178 30 36 0.021580111 
184 245 22 30 0.021532051 
