18_Concerts_Concerts_18_151
1197
202 90 17 21 0.9947819 
852 62 16 21 0.9942181 
36 80 13 19 0.982021 
727 317 20 29 0.9641823 
121 332 20 24 0.9611472 
505 137 18 23 0.9598242 
783 146 17 22 0.9581907 
981 270 16 26 0.9567882 
696 143 16 22 0.95303214 
331 262 19 25 0.95260596 
475 205 17 22 0.9475061 
754 260 20 25 0.93968135 
102 104 16 20 0.93557596 
955 151 15 18 0.93493783 
720 58 17 21 0.931676 
64 74 14 19 0.92343235 
464 67 18 22 0.92021203 
590 323 20 27 0.91257167 
898 203 18 24 0.9034563 
998 329 19 27 0.90201443 
871 147 19 24 0.89934945 
471 259 18 20 0.8948338 
305 399 17 22 0.89424133 
671 255 18 24 0.8888313 
1011 203 13 20 0.8877981 
399 150 16 21 0.86718965 
986 59 16 21 0.862236 
871 258 19 25 0.859517 
130 88 15 20 0.8557582 
472 320 18 21 0.8320837 
852 327 17 21 0.82045287 
499 336 17 27 0.8181831 
783 201 18 22 0.8068631 
740 412 21 26 0.8053568 
560 200 17 20 0.79401094 
344 80 16 18 0.7935271 
208 264 21 26 0.79090494 
105 55 14 18 0.78823054 
359 269 14 17 0.7562834 
581 267 18 23 0.7375711 
15 79 10 14 0.7295581 
888 437 16 23 0.7221025 
588 145 15 19 0.7092685 
711 437 21 27 0.6973682 
866 410 22 27 0.68521225 
7 346 23 31 0.6608282 
364 339 15 20 0.62080604 
98 428 19 27 0.61270964 
679 211 13 17 0.58433163 
149 396 22 25 0.56746286 
72 99 11 15 0.55855644 
340 206 13 17 0.5334049 
8 112 12 15 0.4967744 
88 284 16 19 0.49473423 
447 279 14 16 0.47602916 
868 174 14 19 0.47373393 
182 628 13 18 0.46940607 
447 606 10 12 0.41188064 
230 328 17 22 0.4089569 
293 446 17 20 0.40683937 
930 148 15 22 0.40548038 
262 433 16 22 0.3975671 
110 428 20 26 0.3846046 
594 71 13 17 0.38342458 
2 164 17 22 0.37955835 
517 237 12 16 0.37697628 
259 586 15 19 0.3717889 
773 178 12 17 0.366153 
116 394 17 20 0.357505 
786 172 12 16 0.35704458 
341 430 15 19 0.35491028 
835 444 15 18 0.3454616 
309 602 10 14 0.31112966 
995 153 13 16 0.29874638 
327 581 10 12 0.28854924 
215 142 14 20 0.27689275 
607 172 10 12 0.2637423 
380 620 12 14 0.25794858 
350 625 15 18 0.2522677 
120 425 20 26 0.25100985 
525 163 10 13 0.24404366 
737 93 11 15 0.24372408 
421 221 11 13 0.24127157 
284 587 10 13 0.24087459 
207 402 12 15 0.22195809 
473 141 17 19 0.21373816 
186 163 11 15 0.21369894 
187 591 13 17 0.20986657 
828 371 12 16 0.20040591 
48 238 23 29 0.1998361 
1014 43 9 16 0.19884789 
735 163 11 14 0.19587182 
693 175 13 15 0.17934114 
377 550 8 10 0.1789292 
886 68 9 12 0.17867008 
198 591 11 15 0.17632453 
787 299 15 19 0.17075835 
36 383 15 18 0.16959098 
160 630 9 13 0.16602957 
632 221 11 13 0.16426279 
622 318 13 16 0.16421993 
71 106 14 19 0.16362093 
593 592 8 10 0.1622932 
75 112 13 17 0.16195641 
549 346 15 18 0.16023299 
949 177 12 17 0.15556638 
55 10 14 18 0.15428874 
600 171 10 13 0.15265678 
117 247 23 29 0.15093663 
956 177 12 16 0.15062846 
147 373 15 19 0.14855027 
305 597 12 15 0.14838298 
641 283 11 15 0.14617574 
992 235 12 16 0.14580433 
253 640 17 21 0.14536019 
40 424 27 28 0.14515771 
113 591 9 12 0.14463001 
15 97 14 18 0.14161971 
181 622 13 16 0.14116281 
406 294 12 15 0.14001974 
36 252 11 14 0.13914661 
495 622 10 14 0.13769884 
478 598 9 11 0.13572747 
590 597 10 13 0.13182451 
310 567 8 11 0.131378 
861 176 15 20 0.1311924 
572 386 12 17 0.12992272 
824 135 12 14 0.12679033 
379 536 10 11 0.12318834 
647 589 9 11 0.12239646 
393 329 10 12 0.121864595 
1005 173 12 15 0.12075382 
431 598 8 11 0.11999143 
404 623 10 10 0.117851295 
163 419 16 18 0.117525496 
1013 158 8 13 0.11743952 
13 366 17 20 0.117322534 
564 297 13 16 0.11699874 
916 584 9 12 0.11535434 
132 644 10 14 0.1149681 
415 607 10 12 0.11354159 
588 605 9 12 0.1131534 
744 500 26 35 0.11297579 
932 141 15 18 0.11168596 
954 591 8 10 0.11159117 
277 551 9 10 0.110783406 
195 331 12 16 0.11061555 
1004 612 9 12 0.10976118 
442 606 9 11 0.108615436 
246 322 13 18 0.108431496 
949 615 9 11 0.10642367 
850 368 14 17 0.10509062 
520 308 12 16 0.10473381 
614 345 12 17 0.10390984 
343 557 8 11 0.10294358 
492 332 16 26 0.10278841 
430 295 12 14 0.10241425 
995 162 14 16 0.10115948 
701 177 13 16 0.10105531 
369 547 9 11 0.100918986 
422 592 8 11 0.1005406 
231 587 12 15 0.10045065 
982 604 9 11 0.100159995 
376 627 11 14 0.09972327 
252 96 13 17 0.0987464 
947 220 11 14 0.09826237 
388 640 15 18 0.09781889 
278 597 12 15 0.09778195 
50 233 18 21 0.09694264 
948 620 11 14 0.096767515 
188 620 12 15 0.09644314 
945 174 11 15 0.094609745 
734 235 13 16 0.09391748 
206 433 12 15 0.09378915 
361 468 12 15 0.09310576 
461 592 8 9 0.09303581 
472 308 20 25 0.0921137 
349 340 10 14 0.09103031 
91 276 16 21 0.09017736 
582 376 13 19 0.08953939 
326 589 12 14 0.08914177 
297 559 9 11 0.08884651 
624 157 11 15 0.08770487 
354 313 16 22 0.08746929 
1007 69 12 15 0.08724348 
616 582 8 12 0.08628197 
311 558 8 11 0.08594341 
270 543 8 11 0.0857163 
545 300 12 14 0.0857015 
613 606 8 10 0.0856357 
614 150 9 11 0.08550346 
271 548 10 12 0.08360879 
303 551 8 10 0.08315116 
251 572 13 17 0.08282569 
1014 560 9 12 0.08265623 
31 428 13 16 0.081886925 
716 603 12 16 0.08183707 
678 198 11 12 0.08122243 
525 237 12 16 0.080824435 
590 185 10 13 0.08080003 
730 170 13 17 0.08055519 
534 591 9 11 0.08038843 
996 258 12 17 0.079178624 
725 573 9 11 0.07863972 
684 218 12 15 0.0781331 
358 166 11 14 0.07787643 
190 615 12 13 0.0777848 
998 574 8 10 0.077573255 
329 560 8 10 0.07749733 
414 347 24 27 0.077261075 
361 604 9 13 0.0763763 
89 425 21 27 0.075916216 
328 565 11 12 0.07573851 
474 598 8 11 0.075488225 
102 569 9 11 0.07540772 
493 597 9 12 0.075263076 
549 281 13 17 0.07495584 
939 581 8 11 0.07465678 
554 613 9 11 0.07426696 
389 206 9 11 0.074187696 
636 226 11 16 0.07382459 
317 328 13 19 0.073754646 
98 588 9 10 0.07357449 
418 591 8 11 0.073151276 
58 17 13 17 0.07290624 
104 605 8 10 0.07275599 
224 416 21 26 0.072267726 
296 92 12 15 0.07182867 
855 175 13 16 0.071723096 
230 478 13 19 0.07157728 
220 619 14 20 0.07054384 
0 418 13 21 0.070413634 
638 151 10 13 0.070333004 
505 331 17 23 0.07032043 
461 276 10 15 0.070038944 
465 388 10 14 0.06975753 
635 215 10 13 0.06972896 
327 606 10 12 0.0693864 
526 637 10 13 0.06910924 
111 585 8 9 0.069095664 
565 357 10 14 0.06863516 
118 379 16 20 0.06848975 
671 209 12 17 0.06838631 
400 613 11 12 0.06835319 
657 182 10 14 0.06803951 
888 550 8 10 0.06784297 
740 127 14 18 0.06778545 
527 631 9 12 0.06774229 
920 559 8 10 0.067174524 
100 421 14 21 0.06714155 
533 637 10 13 0.067000195 
309 148 9 11 0.066628575 
847 567 11 13 0.06655893 
302 590 11 13 0.06646701 
46 140 11 15 0.06633474 
584 599 9 11 0.066046216 
126 588 10 12 0.065658435 
357 572 10 12 0.06546615 
403 222 9 12 0.06518125 
493 315 12 16 0.065070726 
752 416 17 20 0.06500643 
389 337 12 15 0.06453124 
427 235 13 17 0.06451839 
13 309 11 13 0.06422364 
53 258 12 14 0.0641854 
423 612 8 10 0.06403077 
911 134 11 14 0.063815854 
399 587 10 12 0.06370648 
934 566 9 10 0.06334371 
174 652 10 14 0.063299954 
941 331 16 18 0.06295952 
449 601 8 11 0.06271072 
344 173 8 11 0.06261823 
1000 607 9 11 0.062494215 
132 638 9 12 0.062379327 
0 309 7 12 0.06229629 
782 176 14 18 0.062205046 
214 421 13 16 0.06216868 
536 622 9 12 0.062115245 
309 572 8 11 0.061802898 
85 663 15 16 0.061774656 
388 222 12 15 0.061550256 
187 425 16 18 0.061507553 
351 485 13 15 0.061456703 
884 567 9 11 0.061193533 
12 606 9 11 0.060921527 
416 596 10 11 0.060825706 
612 659 16 17 0.060825285 
44 147 13 18 0.060327556 
910 567 8 10 0.060229298 
853 433 14 21 0.060061425 
838 64 11 16 0.059841454 
373 409 11 14 0.05943206 
143 366 13 14 0.059366997 
559 134 11 15 0.059187282 
424 253 9 12 0.059085216 
193 464 28 29 0.059041698 
692 279 17 21 0.058874726 
623 568 8 10 0.05861141 
672 171 11 15 0.058281347 
253 577 15 19 0.058124285 
243 409 14 18 0.057652846 
798 290 15 19 0.0575264 
329 550 9 11 0.057506457 
57 591 8 10 0.05709393 
583 407 11 14 0.056995664 
972 638 9 12 0.05670892 
1013 565 9 12 0.056658927 
842 439 15 21 0.05642157 
47 250 14 17 0.05586769 
696 196 13 16 0.05572874 
607 150 10 13 0.055005733 
421 227 13 16 0.054749034 
477 594 9 10 0.05466969 
582 550 8 10 0.054620154 
108 301 11 15 0.054494422 
567 566 9 11 0.054479677 
439 591 8 10 0.0541998 
407 584 8 11 0.054136947 
426 220 11 14 0.054105967 
106 180 19 22 0.053943794 
147 376 24 28 0.053940654 
345 203 12 17 0.053733487 
952 563 9 12 0.053537235 
51 189 13 17 0.05331441 
975 386 13 17 0.053263333 
44 384 14 18 0.053116612 
123 354 13 17 0.05279656 
301 581 9 11 0.052757587 
652 599 9 12 0.052670278 
621 151 10 12 0.05261743 
149 599 9 12 0.052612763 
177 580 10 14 0.052517176 
828 292 18 19 0.052497685 
427 348 16 20 0.0524676 
127 629 10 13 0.05245305 
616 576 8 9 0.05232649 
700 357 12 15 0.05215676 
949 186 15 18 0.052135065 
44 344 13 17 0.052090418 
622 55 9 12 0.05204535 
631 583 8 10 0.05196777 
138 575 10 11 0.051788423 
159 404 23 28 0.051724344 
302 627 11 15 0.05161224 
296 576 10 12 0.05145706 
494 592 9 11 0.05125834 
577 518 9 12 0.05114247 
224 290 12 16 0.050974466 
129 421 16 20 0.05088817 
697 127 10 13 0.050821215 
688 599 8 9 0.0507815 
51 386 13 15 0.05077976 
334 551 9 11 0.050728455 
1009 567 9 11 0.05069593 
249 348 13 16 0.05065424 
458 592 7 9 0.050505675 
776 557 10 12 0.05046399 
915 372 28 33 0.050433934 
918 133 12 16 0.050393187 
988 239 13 20 0.050364487 
993 274 15 19 0.05005679 
631 589 9 11 0.04995961 
696 482 13 15 0.049924787 
977 606 8 10 0.04980586 
48 268 9 13 0.04962328 
597 166 11 14 0.04952636 
787 510 46 47 0.049526315 
918 155 12 18 0.04936907 
10 252 16 17 0.049255695 
619 297 16 20 0.049191125 
649 566 9 10 0.049154047 
672 580 9 11 0.04912838 
526 609 8 10 0.049072243 
266 581 14 19 0.049037892 
416 584 7 9 0.048848137 
380 357 11 13 0.048769616 
992 599 9 11 0.04858374 
968 590 9 10 0.048560023 
627 161 12 15 0.04825443 
245 559 8 11 0.048189946 
454 598 9 11 0.048175503 
557 331 12 14 0.048072454 
860 416 21 29 0.04798495 
19 81 12 16 0.047932945 
397 533 9 10 0.04792587 
567 575 9 10 0.047640014 
112 563 12 14 0.047528412 
928 559 8 10 0.04752049 
3 432 12 18 0.047368817 
661 293 13 18 0.047132608 
116 150 11 13 0.047121063 
578 631 9 11 0.047113482 
358 160 10 12 0.047049712 
425 131 12 17 0.047025427 
951 583 8 10 0.04702176 
301 557 8 11 0.046913415 
439 600 8 10 0.046657417 
1013 516 9 14 0.046411775 
14 560 11 13 0.04623624 
694 133 13 15 0.04598909 
647 349 12 15 0.04595802 
34 379 12 16 0.04595217 
281 346 25 27 0.04579796 
389 607 9 12 0.045758966 
985 576 7 9 0.045598682 
899 584 7 10 0.045575753 
596 664 11 13 0.045402408 
653 148 9 12 0.045382153 
1000 169 12 16 0.045282215 
1 330 10 14 0.04514407 
991 257 12 19 0.04513985 
55 621 9 11 0.044905376 
104 188 24 27 0.044899795 
311 627 12 15 0.044875223 
58 143 17 20 0.04475495 
665 591 8 10 0.04467871 
522 298 15 19 0.044630278 
913 587 10 12 0.044607226 
56 429 17 22 0.044567738 
163 476 11 13 0.04455172 
310 656 13 17 0.04448848 
608 534 11 12 0.044470534 
619 649 14 18 0.04435308 
600 125 12 15 0.0443041 
348 70 13 16 0.04421697 
1007 629 11 14 0.044068683 
221 479 21 28 0.044058956 
1015 590 8 12 0.044054564 
374 158 8 11 0.043879963 
372 325 11 14 0.043861102 
934 559 8 9 0.04369446 
565 239 11 14 0.043643765 
106 62 15 19 0.043553784 
203 595 10 13 0.0434779 
581 255 14 17 0.04344902 
573 258 22 28 0.04344437 
543 628 9 11 0.043203276 
644 416 9 12 0.043107577 
598 582 9 11 0.043098845 
557 258 17 20 0.042742502 
92 269 14 16 0.04274146 
921 600 7 9 0.04273162 
536 614 10 12 0.042663384 
385 294 11 14 0.042658456 
321 590 11 14 0.042631764 
271 567 11 14 0.042586103 
692 556 10 12 0.042525597 
559 352 12 17 0.0424102 
704 614 9 12 0.042408135 
674 344 22 27 0.042289644 
659 186 11 14 0.042161383 
624 588 8 10 0.04204713 
596 552 10 11 0.041988313 
351 290 14 19 0.041983828 
635 269 11 15 0.04196442 
997 232 12 18 0.041962434 
357 320 21 29 0.04196007 
179 405 12 17 0.041921463 
911 560 8 9 0.04185256 
374 483 13 16 0.041799832 
942 413 10 14 0.041784834 
837 469 12 14 0.041731313 
926 140 14 17 0.041611556 
552 576 8 11 0.041438535 
166 598 8 11 0.041420426 
424 244 12 16 0.041356184 
56 616 9 11 0.041316066 
518 591 8 11 0.041124314 
149 619 11 14 0.041082487 
1009 29 11 16 0.040926684 
595 151 15 18 0.040853404 
160 598 10 12 0.04082394 
285 625 15 19 0.04068189 
633 560 8 10 0.040630955 
942 598 8 9 0.040504158 
647 602 11 13 0.04046952 
34 246 22 26 0.040276684 
488 342 13 21 0.04023368 
489 74 11 14 0.0401953 
463 597 9 11 0.04006298 
943 576 11 13 0.040055122 
293 626 12 17 0.040043164 
232 407 21 24 0.04000311 
853 356 14 19 0.039556388 
550 631 10 11 0.039451543 
318 642 15 18 0.03940513 
38 247 11 14 0.039208043 
612 167 10 13 0.03897021 
471 606 9 11 0.03889788 
181 412 21 26 0.038883172 
172 408 15 20 0.03888206 
127 250 17 21 0.038836814 
898 566 8 11 0.03877853 
316 621 12 15 0.0386794 
357 83 12 14 0.038674712 
824 568 8 10 0.038570557 
791 297 22 27 0.038492233 
309 551 9 12 0.03832039 
168 323 13 16 0.038293444 
535 628 9 12 0.038206577 
627 293 13 16 0.038142867 
263 550 11 12 0.038121916 
0 506 19 32 0.038070675 
334 558 9 11 0.03805888 
725 149 10 13 0.03802574 
35 429 17 21 0.037963342 
412 351 16 18 0.037888687 
631 576 8 9 0.03781174 
951 608 8 9 0.037790637 
751 180 9 13 0.03775202 
373 595 10 12 0.037742473 
705 597 10 13 0.03768105 
433 298 13 16 0.03760363 
885 573 8 10 0.03760194 
412 359 16 19 0.037577707 
358 551 9 10 0.037535585 
203 372 13 18 0.03743629 
705 441 15 20 0.03743562 
363 264 11 14 0.037407465 
609 600 9 11 0.037354395 
377 614 12 14 0.03724891 
999 592 8 10 0.03713693 
800 592 9 10 0.037130617 
118 628 11 13 0.037034735 
375 583 8 10 0.03701328 
274 197 17 20 0.03687914 
977 601 7 9 0.036768317 
78 588 9 11 0.036677517 
1013 629 10 15 0.03665939 
814 273 14 17 0.03657946 
358 560 10 11 0.036506403 
344 168 9 11 0.036365 
934 553 8 9 0.036292218 
614 238 13 15 0.03627189 
158 622 10 14 0.036138315 
304 574 10 12 0.036127437 
903 141 10 13 0.03605648 
441 612 9 11 0.035964627 
654 559 9 11 0.035948932 
8 80 14 19 0.035857476 
195 426 15 18 0.03585424 
482 144 15 18 0.035757907 
97 534 8 10 0.035744414 
359 62 9 11 0.035633907 
472 174 10 14 0.035626743 
100 148 15 18 0.035585854 
582 591 8 10 0.035566583 
576 407 10 14 0.03552905 
53 138 16 18 0.03552201 
367 598 9 11 0.035463016 
670 283 11 16 0.03546189 
143 616 10 13 0.035425033 
904 560 8 9 0.03539975 
900 157 11 14 0.03539853 
392 532 11 12 0.035391107 
137 97 14 19 0.03537341 
374 591 10 11 0.035339523 
619 308 16 19 0.035307594 
210 541 11 14 0.03529878 
79 326 22 28 0.035224825 
971 643 11 13 0.035216756 
73 599 8 9 0.03514723 
125 624 9 12 0.035103817 
369 343 16 18 0.035049297 
196 348 16 20 0.034778282 
220 315 25 31 0.034714583 
727 157 10 13 0.034712672 
362 316 14 18 0.034633506 
47 607 8 10 0.034593575 
390 599 9 11 0.03456899 
480 604 8 11 0.034556188 
259 574 13 16 0.03455043 
935 574 11 13 0.03454839 
393 583 9 12 0.03448392 
696 361 12 15 0.03447235 
171 316 14 17 0.034468748 
336 184 9 11 0.03444535 
395 339 12 16 0.034432665 
692 223 12 14 0.03440742 
428 251 10 13 0.034399386 
429 303 15 19 0.03432503 
899 191 17 20 0.034232046 
374 111 13 16 0.03420452 
484 435 14 17 0.034135703 
499 121 13 16 0.034133893 
324 438 14 17 0.03411775 
376 524 9 12 0.034113914 
520 217 14 17 0.034111895 
707 175 11 15 0.034071855 
101 411 15 20 0.034064222 
583 70 10 13 0.034037184 
249 543 9 11 0.034015603 
782 292 16 19 0.03400185 
543 473 10 11 0.033923395 
275 449 14 17 0.03388254 
55 125 13 14 0.033865243 
117 590 10 13 0.03385646 
956 559 8 10 0.033850156 
822 581 9 11 0.033818588 
404 246 11 13 0.033798926 
79 662 13 16 0.033773232 
961 607 8 10 0.03361093 
1015 606 9 13 0.033606984 
794 608 7 10 0.033604942 
524 141 12 15 0.0335687 
141 581 10 12 0.033476382 
631 597 8 11 0.033466745 
19 253 10 13 0.033451978 
745 421 27 30 0.033375736 
667 430 14 17 0.033360474 
866 131 15 17 0.033344746 
588 535 9 10 0.033295635 
575 589 9 11 0.03323505 
411 639 14 19 0.033161968 
943 559 7 9 0.033069637 
647 134 9 12 0.033054247 
471 613 8 10 0.033044007 
609 652 10 14 0.033042256 
507 323 15 18 0.033012647 
638 288 13 18 0.03299289 
543 293 13 16 0.032962427 
252 76 12 15 0.032940637 
529 592 8 9 0.03293741 
404 313 15 18 0.03286788 
859 354 13 16 0.03278357 
657 549 10 11 0.032748956 
575 392 12 16 0.032737594 
232 403 12 17 0.032722194 
384 470 11 13 0.032711618 
961 149 14 17 0.032676917 
407 589 8 10 0.032676283 
913 608 9 11 0.032634605 
556 597 10 12 0.032633793 
687 227 13 15 0.032598745 
488 605 8 11 0.032589626 
695 250 15 21 0.03253052 
349 308 16 22 0.03252846 
269 71 14 18 0.032420628 
335 194 20 27 0.03236356 
480 614 8 10 0.032358598 
568 662 11 12 0.032339815 
14 299 12 14 0.032329846 
769 613 11 14 0.032328766 
353 552 8 10 0.03229472 
169 557 10 12 0.03224837 
342 183 10 12 0.03221867 
380 520 10 12 0.032194525 
95 631 9 11 0.03218543 
617 54 10 13 0.032142103 
839 584 8 10 0.032140758 
556 606 11 13 0.03211133 
314 648 17 22 0.031989854 
381 115 12 15 0.031988397 
849 561 9 11 0.031968184 
606 226 14 17 0.03194973 
398 134 10 13 0.0319002 
99 281 13 17 0.031895716 
951 407 25 29 0.031799465 
542 338 15 19 0.031789705 
771 132 12 15 0.031787798 
383 338 12 15 0.031753976 
638 233 11 16 0.031753883 
22 428 13 17 0.031663954 
878 428 22 28 0.031658214 
614 600 8 11 0.0315733 
522 613 9 11 0.0314936 
284 594 11 15 0.031439 
278 623 15 20 0.031367097 
86 290 20 27 0.031348597 
430 613 9 11 0.031347226 
938 492 12 16 0.031334132 
504 591 8 11 0.03129413 
144 362 22 25 0.031290576 
798 596 9 11 0.03127895 
546 320 16 19 0.03127062 
678 629 8 11 0.031255245 
640 590 9 11 0.031156376 
397 347 13 17 0.031137751 
647 334 10 12 0.031072544 
802 194 12 14 0.031059038 
186 581 14 16 0.031007882 
344 606 9 12 0.030986238 
287 448 14 19 0.030803792 
551 177 12 15 0.03076616 
540 399 14 18 0.03076351 
377 557 9 11 0.030758735 
286 548 10 12 0.030726716 
593 550 9 11 0.030713644 
247 641 14 21 0.030696273 
269 48 14 16 0.030637316 
152 627 12 15 0.030600773 
119 572 10 12 0.030574251 
135 587 10 12 0.03054893 
882 63 10 13 0.030511292 
665 211 11 15 0.03048263 
606 365 13 16 0.030482275 
547 162 13 18 0.0304637 
310 581 9 11 0.03030111 
39 311 9 13 0.030295826 
355 566 9 12 0.030210592 
717 566 10 12 0.030120263 
588 405 11 15 0.030116482 
558 294 14 16 0.030044593 
355 164 20 25 0.030026393 
639 583 8 11 0.030017132 
765 554 11 14 0.030015549 
840 567 10 12 0.030005487 
630 606 9 11 0.029982122 
365 205 9 14 0.02997259 
497 45 9 12 0.029937543 
666 479 17 18 0.0299165 
505 165 11 16 0.029904732 
617 73 9 10 0.029873341 
920 151 19 25 0.029860007 
277 555 10 12 0.029826736 
207 338 12 16 0.029819908 
483 315 14 19 0.029787634 
564 192 14 16 0.029739715 
135 581 12 14 0.029668339 
283 403 12 18 0.02965589 
653 349 14 16 0.029607737 
571 356 12 15 0.029574644 
904 598 7 10 0.029561672 
613 646 15 17 0.029493298 
759 598 7 10 0.029416349 
465 434 15 20 0.029395418 
179 555 13 15 0.029370293 
222 425 21 28 0.029351342 
709 562 14 17 0.029327143 
392 215 9 11 0.029203817 
147 150 13 15 0.029154718 
1 414 21 30 0.029140411 
566 582 11 12 0.029061237 
527 622 10 12 0.029050153 
353 165 10 13 0.029046142 
368 493 15 17 0.029040402 
882 347 14 17 0.029037438 
278 612 13 17 0.028994843 
53 267 11 14 0.028959474 
597 200 13 17 0.028917817 
211 327 23 29 0.02890198 
674 245 16 20 0.028830387 
514 331 14 19 0.028827975 
183 431 21 24 0.028814439 
997 597 9 11 0.028793143 
678 153 12 15 0.0287826 
598 398 13 15 0.028701212 
175 543 11 14 0.028680036 
189 605 10 12 0.02867763 
318 605 10 12 0.028667504 
153 636 11 13 0.028657846 
711 582 11 12 0.028654268 
384 225 12 15 0.028566154 
406 607 12 13 0.028478509 
625 600 8 9 0.028443528 
669 591 9 11 0.028416712 
381 582 9 11 0.028372943 
935 592 10 11 0.028332891 
746 407 17 20 0.028326415 
248 549 9 11 0.028307978 
199 637 11 15 0.028302768 
191 418 17 19 0.028302709 
485 55 9 11 0.028276695 
234 659 16 19 0.02826848 
672 557 8 10 0.02826053 
184 602 11 13 0.028233008 
791 527 12 13 0.028226808 
970 630 9 11 0.028201194 
115 595 9 12 0.02819593 
119 613 9 11 0.028136464 
948 575 9 11 0.028092368 
170 416 14 19 0.028070873 
318 566 9 11 0.028023012 
234 396 15 19 0.028022489 
797 170 12 17 0.027960518 
406 641 13 19 0.027912188 
305 144 9 12 0.027841471 
541 364 16 21 0.027823579 
200 403 13 16 0.027745709 
967 608 8 10 0.02771407 
1006 228 11 15 0.027694758 
358 454 11 15 0.02767972 
616 292 14 17 0.02762776 
49 260 11 14 0.02762318 
512 141 16 21 0.027605573 
530 164 10 14 0.027551988 
830 436 15 22 0.027551947 
542 607 10 12 0.02754284 
468 662 13 16 0.027503438 
237 651 15 18 0.027491374 
97 298 21 26 0.027472116 
15 589 8 10 0.027436895 
370 332 14 19 0.027370485 
300 660 15 17 0.027346581 
1015 539 9 13 0.027326182 
604 405 11 14 0.02730969 
838 573 10 12 0.02727626 
263 438 25 29 0.027260805 
494 138 13 17 0.027260529 
653 165 9 12 0.027251994 
390 328 18 24 0.02724824 
664 220 9 14 0.02722819 
24 234 12 16 0.027216617 
260 556 11 12 0.027211422 
499 316 17 19 0.027185148 
641 439 9 11 0.027155284 
374 635 10 15 0.02713618 
1008 559 11 13 0.02713589 
405 350 14 17 0.027109556 
573 471 9 12 0.027103016 
293 55 11 15 0.027059268 
271 187 11 14 0.027056472 
521 608 8 9 0.027013335 
115 634 13 16 0.026957002 
857 321 22 28 0.02691419 
632 565 8 10 0.02688948 
134 139 11 15 0.026885893 
431 605 9 11 0.026863284 
710 599 12 15 0.026846386 
237 323 20 25 0.026767194 
408 599 8 10 0.026750548 
582 623 11 13 0.026721371 
319 595 11 14 0.02671741 
856 333 17 20 0.026664026 
519 158 12 15 0.026605852 
156 197 14 16 0.026600748 
540 328 17 20 0.026530242 
149 73 13 18 0.02652375 
516 285 11 14 0.02641042 
439 232 11 14 0.026407594 
664 230 11 13 0.026377192 
148 51 12 16 0.026368106 
297 551 9 12 0.026329475 
991 479 10 13 0.026327237 
957 123 10 13 0.026288101 
712 129 13 18 0.02628178 
840 590 9 11 0.026265576 
165 274 13 15 0.02624675 
936 598 8 10 0.026210908 
558 622 10 12 0.026209077 
507 170 12 16 0.026205061 
563 254 14 16 0.026202554 
338 314 23 31 0.026194792 
927 598 9 11 0.02618634 
700 634 14 18 0.026184829 
783 582 9 11 0.026151428 
367 566 9 11 0.02612243 
340 186 14 17 0.026121378 
698 582 8 10 0.026119316 
382 574 8 10 0.026105484 
900 292 15 17 0.026104126 
897 560 8 10 0.026083145 
272 435 15 20 0.026081529 
370 583 8 10 0.026075525 
164 634 10 13 0.026064865 
31 387 20 27 0.026041068 
453 612 9 10 0.026040077 
374 215 9 12 0.026026577 
526 655 12 13 0.025994038 
389 613 9 13 0.02597371 
972 588 9 11 0.02596046 
940 342 16 19 0.02594997 
5 340 16 22 0.025943764 
957 598 8 10 0.025919087 
475 244 14 17 0.025885068 
270 346 13 16 0.025839979 
620 236 12 17 0.025832059 
718 148 12 15 0.025785236 
552 298 200 212 0.025761679 
311 444 12 16 0.025724078 
22 277 10 13 0.025669275 
480 627 10 15 0.02565284 
202 419 21 25 0.025643507 
922 132 15 19 0.025633408 
597 179 12 15 0.025628567 
952 551 9 9 0.02561915 
745 590 8 12 0.025562126 
549 170 13 17 0.025483709 
1 150 454 455 0.025413472 
974 583 10 12 0.025401453 
176 579 21 26 0.025334597 
98 572 9 12 0.025325803 
671 356 11 15 0.025307963 
648 574 9 10 0.025299007 
620 507 12 15 0.025222136 
488 622 11 15 0.025201017 
1013 149 10 16 0.025169902 
694 34 11 14 0.025132664 
997 195 12 16 0.025112933 
426 293 12 14 0.025110733 
912 156 11 15 0.025060276 
973 298 13 15 0.024985975 
788 284 15 18 0.02496952 
477 150 15 18 0.024876686 
608 574 8 11 0.02486228 
858 439 14 20 0.024847204 
115 420 18 23 0.024842214 
396 216 12 13 0.02481738 
365 80 9 12 0.024799652 
881 415 15 21 0.02477554 
619 344 15 20 0.02469719 
857 36 10 12 0.024689335 
728 164 13 17 0.024678735 
695 631 10 13 0.024647202 
260 164 14 20 0.024643011 
554 341 14 19 0.024637686 
984 582 8 10 0.024622694 
374 371 11 13 0.024620475 
343 625 15 19 0.024617895 
513 597 9 11 0.024612555 
251 409 14 19 0.024602672 
112 250 14 20 0.024596374 
1006 164 12 17 0.024584342 
347 333 21 26 0.024569754 
463 584 7 9 0.024565047 
969 559 8 10 0.024541326 
361 463 19 25 0.02453574 
665 583 8 10 0.024517003 
498 273 14 19 0.0245106 
285 565 10 12 0.024491636 
893 440 19 23 0.024483936 
88 265 23 26 0.024474638 
503 597 9 11 0.024470923 
347 506 12 16 0.024462648 
993 53 13 17 0.024434283 
616 316 14 18 0.024426341 
469 275 14 16 0.024420273 
670 568 9 10 0.02441921 
531 157 10 13 0.024417019 
366 158 10 12 0.024396734 
322 417 13 17 0.02436857 
627 345 13 18 0.024362024 
353 160 8 11 0.024350552 
109 571 12 14 0.024341676 
143 173 14 16 0.024194019 
939 134 15 18 0.024164515 
464 476 10 12 0.024160627 
135 413 24 31 0.024137344 
431 583 8 9 0.024102641 
359 462 12 16 0.02409145 
254 147 12 13 0.024086433 
117 608 9 11 0.02407567 
403 322 16 19 0.02404742 
687 147 14 18 0.02404713 
582 398 11 13 0.024016622 
993 288 17 23 0.024016127 
189 407 22 26 0.024004007 
423 583 8 9 0.024002396 
647 149 10 13 0.024000159 
50 623 8 10 0.023973424 
919 564 8 11 0.023957249 
353 63 9 11 0.023948852 
394 588 9 12 0.023913765 
946 326 13 15 0.023902342 
465 606 9 10 0.023846593 
637 565 8 11 0.023821164 
904 566 9 11 0.023812274 
517 596 9 11 0.02380237 
553 593 9 11 0.023797039 
404 331 15 17 0.023760939 
101 584 9 11 0.023755332 
202 402 22 25 0.023749443 
557 179 11 13 0.023744445 
275 100 13 18 0.02374437 
84 420 16 19 0.023698151 
950 258 11 16 0.023659108 
431 592 8 11 0.023646928 
733 150 12 15 0.02363024 
101 291 12 16 0.023626402 
355 282 16 19 0.02361124 
382 598 9 11 0.023601733 
992 592 7 9 0.023589812 
345 159 7 10 0.023582896 
946 627 9 12 0.02356326 
711 609 11 15 0.023547411 
662 237 11 16 0.023542404 
665 86 10 12 0.0234758 
987 38 10 13 0.023466121 
383 638 13 18 0.023460494 
164 622 11 14 0.023387196 
929 554 8 9 0.0233726 
639 576 8 9 0.023342673 
439 282 12 17 0.023331726 
470 373 11 15 0.023319166 
611 221 13 15 0.023297587 
1003 621 12 15 0.023275035 
772 137 15 20 0.023252541 
327 348 11 13 0.023247762 
614 154 12 15 0.023234293 
647 174 9 12 0.023234285 
274 583 19 23 0.023224622 
997 606 19 24 0.023224311 
385 422 15 19 0.023199907 
53 574 10 12 0.023167264 
585 610 10 13 0.023157671 
549 268 22 27 0.023152677 
550 268 13 18 0.023136817 
663 567 9 11 0.023110686 
9 302 9 12 0.023093756 
493 267 15 20 0.023082837 
318 323 21 28 0.02307608 
91 655 12 14 0.023063041 
653 583 9 11 0.023026524 
1010 331 12 17 0.02302468 
62 116 12 15 0.023022983 
656 372 11 13 0.022972137 
237 451 13 16 0.022963542 
7 309 10 13 0.022952333 
192 338 14 16 0.022941248 
837 362 19 25 0.02293942 
760 54 10 13 0.022884592 
631 79 9 10 0.022881096 
395 497 16 18 0.022880957 
617 46 10 12 0.022846121 
157 616 9 11 0.022833623 
41 608 9 11 0.02282732 
594 143 14 17 0.022826228 
889 599 8 11 0.022815622 
100 401 14 19 0.022813508 
637 390 10 14 0.022797715 
110 149 12 15 0.022795668 
605 236 13 15 0.022791954 
1008 590 8 11 0.022784503 
752 598 8 11 0.022742681 
541 354 16 18 0.022735307 
797 607 9 10 0.022727795 
326 543 11 14 0.022709738 
862 584 9 10 0.022692548 
262 603 12 14 0.022674307 
336 174 9 11 0.022663483 
720 117 11 14 0.022662392 
455 583 7 8 0.022650681 
1009 29 16 29 0.022650043 
631 151 12 14 0.022639927 
664 573 9 12 0.022625415 
869 480 16 19 0.022596719 
638 160 11 14 0.022567345 
119 582 10 12 0.02254069 
929 573 9 12 0.022499949 
493 72 8 11 0.022491131 
299 668 13 14 0.022474794 
1006 151 10 13 0.022472689 
68 454 10 14 0.022416458 
482 325 21 27 0.022368196 
729 237 12 15 0.022359079 
180 574 14 16 0.022347871 
630 271 14 18 0.022337127 
768 592 8 10 0.022326875 
612 362 14 18 0.02232096 
622 71 8 11 0.022303155 
739 157 12 17 0.022292098 
572 243 11 14 0.022243833 
793 613 8 10 0.022234958 
767 173 14 17 0.022211965 
548 291 13 17 0.022191547 
401 226 13 15 0.02218213 
531 258 17 20 0.022181159 
558 629 10 12 0.02217766 
191 147 11 15 0.022164954 
63 370 11 16 0.022153342 
647 343 11 15 0.022129193 
125 219 11 14 0.0221113 
885 582 7 10 0.022063768 
343 501 13 17 0.022063674 
629 232 14 18 0.022059014 
391 92 10 12 0.022004936 
212 333 13 18 0.021993555 
380 590 9 11 0.021955494 
247 565 10 14 0.021927075 
179 500 17 20 0.021864012 
767 125 11 14 0.021863831 
629 611 11 16 0.021849366 
780 424 15 18 0.021847421 
393 552 8 10 0.021832252 
376 542 9 11 0.021818342 
520 160 18 22 0.02180738 
755 288 14 18 0.021795878 
596 65 12 13 0.021780938 
929 591 8 10 0.021747278 
374 620 19 24 0.021744587 
448 244 11 14 0.021740424 
648 166 9 12 0.021731028 
134 205 13 15 0.021727053 
0 304 8 12 0.021700863 
349 293 20 28 0.021683142 
412 204 10 12 0.02166857 
149 581 9 12 0.02166635 
98 269 15 17 0.021663805 
314 396 14 20 0.021607831 
53 606 8 9 0.021604836 
134 103 13 19 0.021594187 
518 291 12 16 0.021579605 
796 209 12 16 0.021564145 
114 630 10 12 0.0215581 
968 300 12 15 0.021554368 
350 557 9 11 0.021543935 
145 602 10 13 0.021527894 
489 312 20 26 0.021512281 
835 51 13 17 0.021496307 
6 313 12 16 0.021479143 
189 90 13 17 0.02143951 
334 167 10 11 0.021406628 
9 422 20 27 0.021387242 
557 590 10 11 0.021366218 
703 572 10 13 0.021362739 
904 574 8 10 0.021347279 
277 566 10 14 0.021342453 
584 60 9 12 0.02133279 
659 356 13 15 0.021300027 
350 170 12 15 0.021287834 
448 583 8 9 0.021287654 
993 575 7 10 0.021285882 
804 590 8 10 0.02127934 
583 574 8 11 0.02126522 
618 567 8 11 0.021234388 
968 613 8 10 0.021188565 
885 332 12 15 0.021158831 
576 595 10 12 0.021138666 
375 575 8 9 0.021105515 
596 188 11 13 0.021065578 
935 606 7 8 0.02105735 
615 639 10 11 0.021039456 
222 329 17 21 0.021024514 
957 316 13 15 0.021004338 
593 171 10 13 0.021002581 
992 377 13 18 0.020986106 
1009 583 8 9 0.02098182 
558 582 10 10 0.020968761 
72 604 9 11 0.020961303 
758 592 9 11 0.02095398 
752 605 8 10 0.020927101 
696 607 8 10 0.020872898 
293 534 10 11 0.02085473 
702 581 9 12 0.020847488 
0 85 9 17 0.020841883 
122 374 14 18 0.02083691 
275 288 18 20 0.020825839 
386 620 10 13 0.02082234 
17 103 16 20 0.020819096 
284 357 17 19 0.020790214 
851 570 11 12 0.020788226 
384 200 10 12 0.02078161 
303 45 12 13 0.020754047 
406 470 9 11 0.020741843 
670 154 11 15 0.02067647 
86 646 10 11 0.020662727 
526 289 23 26 0.020653201 
174 549 14 18 0.020647628 
194 619 12 16 0.020636903 
679 192 10 13 0.020629961 
585 187 11 14 0.020624865 
679 551 8 10 0.020592969 
142 588 9 11 0.020586496 
423 260 9 12 0.020554535 
622 77 8 11 0.02053733 
179 633 11 15 0.02053404 
359 176 12 15 0.02053348 
59 229 14 18 0.02052949 
951 546 8 9 0.020528652 
503 190 10 13 0.02052822 
174 310 14 17 0.020520393 
614 623 9 12 0.020513164 
393 341 21 28 0.020502154 
321 581 11 13 0.020495044 
1000 359 13 17 0.020483071 
903 589 8 11 0.020429604 
3 325 13 17 0.020420406 
424 621 10 12 0.020410795 
141 57 14 18 0.020399971 
167 652 13 15 0.02036988 
750 498 41 45 0.020344865 
943 567 8 10 0.020343672 
153 384 23 30 0.020341413 
652 99 10 13 0.020335764 
276 76 12 15 0.020318517 
56 132 15 18 0.02027218 
49 591 8 10 0.020271806 
792 591 10 11 0.020264683 
604 489 12 15 0.020248968 
50 183 23 27 0.020241305 
613 354 14 18 0.020228297 
374 231 10 12 0.020221524 
225 267 14 19 0.02021245 
149 487 24 31 0.020195631 
288 543 9 11 0.020186057 
424 299 14 17 0.020152219 
664 100 9 11 0.020150572 
870 567 9 11 0.020149352 
958 323 15 18 0.020139797 
344 263 18 24 0.020130988 
563 291 21 27 0.02013047 
998 582 8 8 0.02006905 
995 265 14 21 0.020056993 
513 591 9 11 0.02005181 
80 274 13 17 0.020036684 
757 171 13 17 0.020024454 
