18_Concerts_Concerts_18_104
18
194 55 429 512 0.851499 
327 -35 470 535 0.1432378 
559 395 16 18 0.12451735 
545 87 238 317 0.06975618 
666 226 388 481 0.066593885 
935 451 14 19 0.04775457 
152 219 127 148 0.044409018 
215 177 226 266 0.041822616 
571 57 388 431 0.033341087 
984 149 43 76 0.028357845 
600 144 145 185 0.028236533 
290 259 406 462 0.02606233 
43 17 18 21 0.023387978 
823 218 118 135 0.022032773 
278 427 104 122 0.021495163 
573 126 42 49 0.02146736 
53 466 27 35 0.021158941 
10 12 113 131 0.021069331 
