18_Concerts_Concerts_18_853
42
914 218 45 55 0.9833491 
754 209 47 56 0.9787025 
744 121 44 52 0.9768734 
177 376 24 29 0.97224 
314 376 22 26 0.9590044 
103 376 21 26 0.8705455 
246 375 20 25 0.864861 
599 235 42 54 0.7248176 
592 429 56 58 0.345223 
300 418 21 27 0.09300996 
301 412 16 19 0.06604819 
97 411 15 19 0.06385218 
497 336 23 30 0.06279307 
327 467 10 12 0.057148673 
635 239 34 50 0.056659803 
830 238 33 44 0.05549749 
315 108 185 321 0.046761695 
379 398 16 20 0.04222912 
434 28 17 22 0.040729728 
0 587 11 19 0.040342044 
375 482 20 26 0.039720204 
256 377 14 20 0.03918122 
397 459 21 26 0.031892613 
84 433 17 21 0.029688127 
499 376 49 66 0.02896846 
47 444 13 16 0.028472587 
122 374 22 31 0.027301043 
114 432 26 30 0.026683746 
26 419 14 17 0.026549572 
235 102 382 459 0.0257479 
239 377 16 21 0.025395034 
275 384 14 19 0.025170919 
102 416 41 55 0.023705529 
50 409 14 17 0.022415595 
7 442 11 15 0.021597017 
672 241 32 47 0.021424409 
452 654 26 31 0.021332804 
814 249 38 52 0.021276424 
444 464 15 19 0.020852247 
644 221 30 52 0.020475704 
690 639 27 28 0.020122452 
86 422 23 28 0.020079382 
