18_Concerts_Concerts_18_258
60
89 53 28 36 0.9974185 
894 79 40 40 0.9929125 
783 344 63 83 0.56758785 
999 129 20 28 0.22694728 
121 282 85 158 0.2242043 
780 87 10 13 0.1593645 
795 38 19 22 0.13738653 
965 158 26 32 0.10505263 
151 311 85 138 0.07735558 
10 344 43 60 0.07420829 
701 278 57 71 0.059599563 
1010 131 12 20 0.057624888 
458 150 9 12 0.057616834 
600 409 92 115 0.05640252 
569 209 33 34 0.053966794 
39 48 10 12 0.04585181 
734 89 16 21 0.04374188 
824 229 58 82 0.038820446 
728 100 10 14 0.038418867 
382 143 25 35 0.037256185 
694 133 12 15 0.03669252 
799 63 33 40 0.036487747 
993 137 14 19 0.036117077 
787 355 40 50 0.03565418 
764 343 111 140 0.035499945 
30 124 14 18 0.0337731 
1009 85 12 15 0.033227485 
837 207 51 70 0.030666506 
829 195 86 109 0.03048246 
396 135 10 11 0.029032422 
170 76 15 18 0.028575717 
391 134 11 14 0.028160986 
726 91 44 57 0.02721118 
793 40 41 52 0.026405578 
890 67 30 38 0.026260788 
653 101 9 13 0.025479043 
898 136 26 32 0.025437873 
958 157 13 17 0.02535532 
231 229 356 458 0.024707282 
924 207 50 61 0.024686897 
458 222 32 54 0.024222067 
471 215 10 13 0.02409482 
749 319 82 102 0.024058394 
156 143 12 14 0.02319364 
752 413 86 127 0.022768252 
130 141 15 18 0.022659436 
391 167 87 130 0.022649774 
679 121 10 12 0.022451155 
838 391 116 169 0.022436133 
811 44 14 16 0.0223226 
58 258 103 143 0.02231154 
781 111 10 13 0.02228804 
462 154 10 12 0.022014907 
710 316 44 44 0.021702137 
793 99 11 14 0.02161962 
960 106 11 14 0.021576714 
170 83 16 21 0.021070117 
887 76 13 18 0.021009278 
264 370 109 147 0.02082272 
919 197 37 41 0.020295698 
