53_Raid_policeraid_53_770
61
196 56 56 77 0.99725574 
394 92 55 75 0.9959902 
17 267 11 15 0.24316078 
828 211 44 51 0.16279086 
914 206 9 11 0.15081148 
702 202 8 10 0.10332949 
776 174 7 10 0.08632299 
712 190 8 9 0.069615446 
896 212 38 51 0.06185341 
741 207 8 9 0.055042118 
782 175 8 10 0.050206512 
761 216 7 8 0.046412487 
352 159 11 15 0.043641627 
912 201 10 12 0.042853314 
849 150 10 13 0.04191434 
125 168 93 107 0.041434668 
808 167 8 10 0.04124019 
812 378 56 65 0.040711105 
826 148 9 13 0.039813958 
667 320 36 46 0.035317656 
734 179 9 11 0.03524359 
673 185 8 10 0.033871975 
768 133 8 11 0.033316564 
812 167 9 11 0.0325799 
849 218 48 56 0.03177179 
29 260 11 15 0.03151345 
743 241 8 10 0.031427905 
711 185 8 9 0.031298302 
773 207 8 9 0.031230511 
554 182 9 12 0.030720994 
179 304 17 20 0.028932098 
15 181 13 16 0.028783593 
902 198 9 11 0.028750973 
40 259 16 20 0.028423512 
769 168 7 10 0.027639221 
768 174 8 10 0.027500845 
778 224 7 10 0.027061768 
768 216 6 8 0.026823957 
751 206 8 9 0.026718145 
847 208 33 39 0.026037157 
660 176 9 10 0.025652241 
736 224 9 10 0.025318742 
779 113 12 16 0.02524273 
849 118 28 36 0.025122857 
777 229 7 10 0.024673982 
751 200 9 9 0.024379347 
761 174 8 11 0.024273459 
908 235 14 18 0.024077136 
698 200 9 11 0.023563119 
13 261 20 24 0.022551537 
881 251 14 19 0.022094065 
777 143 7 9 0.021605643 
750 245 8 10 0.021418095 
666 159 9 11 0.021353008 
774 169 8 11 0.02086429 
554 175 7 9 0.020803697 
729 192 9 10 0.020605939 
36 327 27 32 0.020346701 
742 397 10 11 0.020130849 
769 199 9 11 0.02006271 
815 286 11 12 0.020049602 
