53_Raid_policeraid_53_599
123
354 306 29 34 0.99748576 
137 139 65 112 0.99054235 
243 328 25 28 0.97607315 
835 268 15 21 0.9737543 
821 309 18 24 0.96950924 
582 267 16 21 0.910974 
640 329 17 23 0.9044926 
622 264 16 22 0.9029846 
506 295 23 27 0.8727366 
853 297 15 20 0.78587323 
458 293 24 29 0.665838 
720 240 12 17 0.62638104 
666 257 14 16 0.61785424 
877 283 10 12 0.4314266 
524 276 14 18 0.38284248 
483 284 17 21 0.30086634 
472 289 20 25 0.29971313 
454 302 26 34 0.2229525 
884 331 15 21 0.19629635 
684 323 11 16 0.19036035 
572 236 16 24 0.1485727 
778 364 27 33 0.14496104 
891 297 13 17 0.1274865 
872 307 16 19 0.11869042 
750 273 14 18 0.11834892 
543 201 12 15 0.11669487 
598 276 12 17 0.11540819 
876 337 17 20 0.09891158 
96 527 17 21 0.09248365 
704 315 13 17 0.092175215 
813 375 15 21 0.084290326 
515 331 16 22 0.08281291 
518 269 14 19 0.08139355 
753 375 27 39 0.07983748 
561 221 25 38 0.069111675 
675 260 13 17 0.06760384 
512 253 12 16 0.06322369 
706 321 14 16 0.059919715 
869 319 16 17 0.058102503 
78 177 86 99 0.056970656 
678 303 11 13 0.056952983 
655 271 13 17 0.055721004 
120 474 100 138 0.05355382 
540 222 24 34 0.05300107 
876 301 14 16 0.051609762 
996 123 14 20 0.051429175 
529 277 16 22 0.050968308 
442 307 26 33 0.049525503 
862 270 10 13 0.049123704 
661 267 13 17 0.048249613 
743 369 25 36 0.04765556 
539 209 16 19 0.04598043 
871 278 13 16 0.045283098 
988 307 27 34 0.044560995 
871 321 22 26 0.044342138 
690 321 13 17 0.04350016 
762 365 38 46 0.04316359 
678 285 11 14 0.042820103 
500 291 17 24 0.041766837 
668 285 11 15 0.04161747 
521 235 11 16 0.041181594 
668 263 15 19 0.040596135 
734 362 21 32 0.04009532 
918 134 11 14 0.036141388 
497 283 14 20 0.035977226 
531 220 23 32 0.03574936 
877 302 20 26 0.03525027 
863 275 13 16 0.034477104 
231 523 25 35 0.034361612 
516 284 21 29 0.033466622 
231 590 49 74 0.03317339 
844 329 13 16 0.03301807 
792 369 16 22 0.03298597 
890 327 20 28 0.032241143 
755 331 16 18 0.032116313 
540 206 23 31 0.031772606 
533 219 14 21 0.031121362 
525 233 12 18 0.030818695 
884 313 14 16 0.030571537 
774 329 13 17 0.03017965 
623 300 12 14 0.029731661 
882 283 12 16 0.029611329 
517 277 17 23 0.02915135 
597 305 16 19 0.029023115 
678 316 15 18 0.028797278 
732 357 16 22 0.028434634 
32 307 37 42 0.02779164 
467 285 15 22 0.027349457 
481 336 18 19 0.027100729 
260 389 26 32 0.027021792 
630 405 19 19 0.026361564 
252 372 25 28 0.026227908 
596 309 22 26 0.02609911 
540 199 20 24 0.025997093 
535 211 12 16 0.025718395 
847 301 16 21 0.02559753 
475 294 26 32 0.025541523 
800 367 20 29 0.025513692 
859 282 19 25 0.025419349 
517 244 11 15 0.02521277 
705 310 23 27 0.024821196 
540 237 17 22 0.024712902 
512 255 20 26 0.024689594 
750 334 22 25 0.024648966 
329 370 30 38 0.024567373 
679 327 13 17 0.024481261 
620 253 15 18 0.024328412 
117 519 18 19 0.024046814 
397 380 27 30 0.02364231 
724 234 11 14 0.023218295 
682 261 13 18 0.022848714 
728 316 13 15 0.022607747 
455 290 18 22 0.02254138 
779 346 27 33 0.02228807 
501 349 15 18 0.022132311 
522 325 15 19 0.021943452 
742 275 15 17 0.02177077 
853 332 11 14 0.021645848 
453 366 43 51 0.021173246 
669 333 12 14 0.021014653 
694 309 11 16 0.020772817 
862 315 40 50 0.020466365 
660 279 21 26 0.020195752 
