53_Raid_policeraid_53_92
41
712 261 28 38 0.99919945 
644 288 27 34 0.99304926 
501 224 32 50 0.98554647 
296 479 10 13 0.08115078 
468 291 29 34 0.064498395 
397 218 12 15 0.05332933 
587 236 11 14 0.050136693 
745 315 13 16 0.050088365 
397 228 11 14 0.04983719 
108 236 14 17 0.04875577 
135 221 8 11 0.048520956 
544 303 11 13 0.042999525 
244 438 9 12 0.039901882 
737 344 50 46 0.039462198 
587 287 13 16 0.038757253 
410 201 26 31 0.03871712 
273 474 13 16 0.03577776 
38 417 43 58 0.035389602 
482 217 32 38 0.034508914 
400 206 26 32 0.034471557 
374 416 10 12 0.032863453 
473 224 30 37 0.03260475 
706 320 18 21 0.027957521 
544 274 12 14 0.027199384 
406 201 17 21 0.026422808 
312 479 9 12 0.02634874 
15 271 9 12 0.02568316 
608 261 12 16 0.024241706 
636 294 20 23 0.024064664 
632 296 13 18 0.023820577 
584 232 11 13 0.023406455 
424 202 16 20 0.023148166 
391 210 24 28 0.023120716 
136 260 9 13 0.022739077 
293 455 12 15 0.022112494 
263 487 9 11 0.02210738 
358 207 26 31 0.021623716 
301 484 9 11 0.021519499 
396 236 12 16 0.020992232 
682 367 16 20 0.02009307 
531 217 12 16 0.020026274 
