53_Raid_policeraid_53_272
55
904 191 18 23 0.9295938 
582 236 21 27 0.8801463 
314 237 16 23 0.7308244 
333 225 15 21 0.48586005 
592 238 20 24 0.29702476 
667 9 49 52 0.13897274 
64 295 11 13 0.08045954 
379 300 12 15 0.07851698 
325 226 18 25 0.06793487 
400 317 9 12 0.060711022 
365 331 11 14 0.05183562 
292 264 21 25 0.043497857 
155 250 44 58 0.043214943 
298 242 25 31 0.042813577 
924 194 15 19 0.04253368 
119 298 11 14 0.04063709 
331 239 16 20 0.038533326 
364 297 11 14 0.03822481 
599 142 221 333 0.03713443 
580 229 17 25 0.036952645 
637 363 10 14 0.0364595 
104 89 87 110 0.034526896 
339 222 13 19 0.034229778 
298 230 24 27 0.033602852 
340 243 12 17 0.033193976 
349 225 13 19 0.032811034 
380 318 10 13 0.029973458 
363 266 14 17 0.029859496 
291 221 22 27 0.029500151 
364 316 11 12 0.028904798 
956 1 11 10 0.028468603 
662 156 136 187 0.028439889 
600 126 394 498 0.028306898 
119 264 8 10 0.027902765 
567 301 11 14 0.027844997 
120 271 9 11 0.026986046 
140 302 9 10 0.02662255 
321 234 16 21 0.025368502 
262 301 9 12 0.025152648 
276 215 46 60 0.024660502 
516 247 15 18 0.024186423 
604 225 15 22 0.023503097 
284 308 37 53 0.02315299 
84 296 9 12 0.02254294 
277 269 11 14 0.022505896 
939 181 16 19 0.02188329 
298 304 25 30 0.021640968 
972 1 10 10 0.021585688 
136 256 45 62 0.021505533 
923 228 16 20 0.02101487 
688 437 40 40 0.020993123 
376 283 9 11 0.020952195 
100 295 10 12 0.020625299 
268 237 14 17 0.020544903 
379 307 12 14 0.020262927 
