53_Raid_policeraid_53_674
67
843 64 33 38 0.98245806 
69 58 28 29 0.9765887 
279 54 55 61 0.97322065 
499 63 44 51 0.9722115 
638 92 26 30 0.9139547 
173 97 12 15 0.54140645 
162 100 14 17 0.5101264 
119 102 11 14 0.17187823 
687 132 13 17 0.13133627 
356 110 26 31 0.12447214 
128 95 9 12 0.120580554 
353 103 17 18 0.10507603 
126 99 11 15 0.10237946 
174 86 9 12 0.086812794 
179 95 12 18 0.06792546 
118 92 10 13 0.062153358 
654 294 17 21 0.059348285 
158 110 13 16 0.059051316 
897 104 8 10 0.055118423 
131 98 12 15 0.052980028 
347 105 27 29 0.05103362 
91 90 12 15 0.046495833 
153 106 13 17 0.04560987 
681 127 23 27 0.044045255 
651 84 16 23 0.04380085 
363 98 15 17 0.043347307 
452 108 11 13 0.04208809 
166 95 14 19 0.039076224 
198 94 41 50 0.038591225 
445 101 13 16 0.037044037 
370 99 15 18 0.03639236 
434 96 15 19 0.035876192 
547 124 20 22 0.035431094 
902 109 11 13 0.034898724 
45 203 46 71 0.034616195 
81 47 10 12 0.033271972 
212 99 14 19 0.03312418 
197 98 13 16 0.033078 
176 115 10 13 0.0328169 
901 103 10 12 0.03192938 
112 88 11 13 0.030653635 
345 109 12 16 0.030235428 
362 105 18 19 0.029191121 
79 77 26 32 0.028140018 
325 128 15 18 0.027384754 
121 95 19 23 0.026550053 
839 404 10 12 0.02594689 
542 123 13 15 0.025921602 
172 104 13 17 0.025891056 
194 96 25 29 0.0255608 
380 101 11 15 0.025340235 
648 101 18 23 0.025321694 
430 93 13 18 0.025217563 
446 118 14 16 0.025046708 
132 228 29 39 0.024830097 
223 404 46 53 0.024797417 
303 67 54 60 0.024638664 
356 95 15 17 0.024507184 
660 79 10 14 0.024243267 
205 97 16 20 0.024222245 
693 127 11 14 0.024140276 
660 122 13 15 0.023881748 
113 88 21 26 0.022734953 
127 89 9 12 0.021395499 
476 378 16 17 0.02122607 
112 98 14 18 0.020850964 
90 65 14 19 0.02073919 
