53_Raid_policeraid_53_43
35
766 89 49 56 0.9980533 
654 39 31 37 0.997954 
470 123 38 41 0.9979062 
617 127 42 58 0.9869741 
90 92 35 37 0.98584366 
264 129 36 40 0.7793588 
356 127 21 32 0.21368356 
14 211 11 16 0.14100112 
209 274 43 43 0.13200133 
147 200 55 74 0.10383285 
338 126 16 24 0.068520084 
495 281 41 55 0.0612459 
259 104 47 57 0.047350276 
344 122 24 33 0.04461734 
322 201 24 34 0.04066904 
648 138 48 54 0.036654208 
673 140 39 49 0.030055972 
363 140 16 22 0.029094888 
296 374 26 31 0.028932575 
359 202 41 52 0.02573706 
166 219 49 68 0.025549373 
328 129 23 29 0.025376096 
231 181 52 72 0.024686666 
0 286 11 18 0.023934243 
273 146 34 43 0.02347834 
511 278 29 38 0.02344913 
175 160 30 34 0.023129826 
370 136 15 21 0.022313703 
393 437 43 34 0.022217605 
861 765 11 13 0.022142066 
497 309 34 42 0.021484224 
5 0 33 31 0.021232434 
525 771 11 12 0.02089629 
808 91 30 43 0.020797001 
246 157 52 75 0.020780586 
