53_Raid_policeraid_53_736
75
376 176 36 43 0.93386316 
491 185 39 49 0.58682865 
150 348 23 28 0.27989277 
277 207 28 35 0.26081848 
120 226 27 32 0.19956101 
614 309 47 58 0.18157922 
190 231 30 33 0.13230413 
476 192 44 54 0.07877192 
78 323 24 27 0.076421425 
186 233 20 24 0.06947523 
154 209 16 19 0.06946054 
171 245 24 31 0.061068214 
252 242 27 36 0.06073287 
459 198 40 52 0.049181357 
207 211 10 13 0.048260015 
213 221 12 17 0.04824046 
264 216 39 52 0.045872692 
108 218 28 34 0.045116145 
308 495 25 34 0.04446417 
106 212 15 18 0.042511825 
656 371 50 72 0.042352114 
229 247 17 20 0.042079464 
103 215 22 29 0.04083504 
257 243 17 21 0.040689427 
690 188 9 11 0.03802601 
743 553 14 17 0.037205454 
310 322 15 20 0.036968336 
83 336 17 19 0.036943473 
414 277 14 19 0.03648057 
344 447 10 12 0.0337931 
259 326 16 19 0.03173749 
88 325 16 19 0.031713195 
80 278 24 30 0.03160015 
162 267 24 30 0.03156105 
90 357 14 17 0.03139358 
200 220 22 30 0.031383038 
579 450 14 17 0.03099215 
101 224 14 19 0.030082488 
77 281 15 19 0.029310152 
194 226 19 22 0.029272728 
276 284 39 51 0.02913008 
105 233 28 30 0.028879464 
622 614 8 10 0.028710015 
448 211 32 43 0.028688041 
820 321 54 66 0.028408742 
91 292 15 18 0.027831653 
130 232 25 33 0.027577672 
603 299 36 45 0.026229491 
289 204 33 41 0.026032535 
79 268 11 16 0.025989868 
132 219 15 21 0.025733514 
216 242 25 30 0.024814287 
170 261 18 22 0.024785789 
308 310 24 30 0.024687424 
92 288 29 32 0.02393951 
336 240 18 18 0.023598954 
220 289 17 20 0.023155548 
195 218 16 20 0.02315356 
392 185 33 44 0.023108708 
255 239 14 16 0.023085197 
139 244 23 29 0.023035495 
157 277 26 35 0.022942513 
628 330 43 48 0.022562914 
439 340 14 15 0.02251029 
121 319 26 30 0.022482358 
154 254 27 31 0.022212453 
358 438 10 12 0.021941664 
723 515 13 14 0.021859102 
119 209 27 35 0.021455288 
190 219 14 17 0.021189062 
703 240 11 13 0.021170005 
208 230 18 23 0.021044564 
95 226 12 18 0.020703396 
181 239 16 21 0.020499332 
119 244 29 33 0.020394612 
