53_Raid_policeraid_53_6
32
944 229 22 36 0.95863396 
780 281 25 37 0.9083685 
383 244 22 27 0.83277917 
972 232 23 33 0.73320484 
568 226 24 27 0.38180736 
551 269 22 28 0.3276468 
841 361 16 26 0.27290156 
547 284 18 21 0.23225895 
587 233 14 22 0.13975026 
580 230 16 22 0.12799418 
632 253 12 17 0.09900579 
958 234 30 35 0.06466728 
700 278 15 20 0.061693512 
768 277 27 35 0.058207765 
732 282 16 21 0.053244825 
555 261 16 24 0.04965073 
560 266 17 23 0.044378966 
777 274 21 26 0.039275553 
567 266 22 29 0.037089463 
844 366 25 29 0.036764 
837 98 25 25 0.03532264 
561 276 16 22 0.03403118 
793 436 10 12 0.028532475 
577 271 18 21 0.028221916 
724 287 17 20 0.027386699 
874 100 16 19 0.026634058 
796 387 10 13 0.0256763 
1006 238 17 34 0.024135172 
353 521 14 18 0.024042977 
934 218 39 52 0.022802742 
351 519 24 30 0.021937314 
945 236 33 43 0.021708267 
