53_Raid_policeraid_53_928
26
767 132 46 56 0.9934621 
244 194 92 70 0.98767346 
705 134 32 56 0.9558881 
662 134 47 58 0.13447389 
285 188 66 64 0.107319854 
815 507 59 79 0.0767414 
23 299 9 12 0.06725924 
681 138 49 59 0.057518687 
870 242 24 28 0.04731918 
811 214 41 52 0.04725755 
318 435 137 181 0.040498987 
930 140 12 16 0.03854933 
663 727 10 13 0.034214556 
860 252 24 28 0.03253217 
980 15 10 13 0.030108564 
26 508 10 13 0.029815879 
881 247 16 20 0.02772498 
660 745 12 14 0.026440404 
252 209 52 45 0.026352147 
962 507 16 20 0.023927584 
8 527 8 10 0.023315128 
623 23 9 11 0.021781385 
718 39 9 10 0.021580547 
109 646 14 17 0.021294162 
729 31 7 9 0.020221904 
987 104 12 18 0.020117547 
