53_Raid_policeraid_53_805
28
407 184 38 42 0.99953496 
189 215 28 38 0.9971054 
590 167 25 30 0.4045442 
486 162 39 53 0.36907575 
774 175 11 15 0.2128125 
583 164 19 30 0.12581006 
296 217 37 40 0.12408571 
602 163 27 34 0.10396017 
580 162 15 23 0.074094124 
687 194 24 27 0.052308783 
204 207 24 40 0.041899234 
703 471 31 38 0.041707885 
498 186 19 24 0.03899431 
771 172 21 27 0.036066175 
219 210 14 23 0.03605927 
704 441 29 39 0.034851465 
365 181 24 33 0.034460984 
612 153 23 36 0.033196017 
315 220 28 33 0.03218634 
561 381 26 37 0.03207866 
181 191 45 61 0.029825442 
570 229 47 72 0.029196288 
334 222 15 23 0.028359182 
490 169 17 23 0.027802756 
573 63 12 16 0.026377195 
481 180 32 46 0.025164953 
564 387 15 23 0.023250997 
437 171 28 38 0.020343577 
