42_Car_Racing_Car_Racing_42_857
77
186 136 18 25 0.92806864 
100 123 20 26 0.9037462 
72 143 9 11 0.64148676 
160 140 10 13 0.5462038 
165 142 10 13 0.5305898 
246 152 10 11 0.41983685 
137 143 10 13 0.3485427 
213 144 13 14 0.3159333 
167 146 10 14 0.30149448 
222 147 10 12 0.27034828 
113 147 10 13 0.22107926 
279 141 11 13 0.17532103 
285 142 9 12 0.1690943 
230 147 9 11 0.15886348 
79 110 11 13 0.13026625 
227 226 12 17 0.0933123 
75 145 12 14 0.086730175 
54 148 9 10 0.08634037 
48 144 8 10 0.08093347 
272 143 11 12 0.080501005 
209 146 12 14 0.0799144 
67 142 9 11 0.07569361 
102 117 16 20 0.07555987 
248 143 10 13 0.06591642 
263 144 8 9 0.064595066 
128 148 11 13 0.06411325 
154 140 10 12 0.05597608 
800 5 41 49 0.054061085 
232 110 8 10 0.053525988 
252 149 9 12 0.052011017 
242 151 8 11 0.051181357 
254 143 9 11 0.051051844 
270 112 8 10 0.050057344 
117 143 10 14 0.048834763 
172 141 11 14 0.04587358 
64 147 11 13 0.043362834 
346 255 17 21 0.039684355 
49 148 8 11 0.03914039 
39 52 202 230 0.0374692 
190 111 7 9 0.035298992 
84 141 11 13 0.03364183 
224 222 11 16 0.033350326 
214 153 12 14 0.033237807 
109 138 12 17 0.032350946 
874 277 54 77 0.03226864 
133 153 11 14 0.031974226 
569 276 35 42 0.031750802 
249 110 10 12 0.03086461 
775 -5 33 34 0.030536842 
264 149 9 10 0.030163344 
117 156 10 12 0.029169742 
186 111 7 10 0.02822126 
171 416 29 33 0.02755165 
112 156 10 12 0.027257822 
270 178 15 18 0.027205339 
168 153 10 12 0.027197389 
172 167 10 13 0.026945777 
206 93 8 9 0.024697825 
171 135 20 26 0.02451712 
826 325 9 12 0.024455762 
158 136 17 22 0.024040304 
274 137 19 23 0.023939239 
133 137 17 23 0.022857191 
297 159 9 11 0.022591937 
168 197 9 11 0.022472853 
69 142 20 22 0.022129957 
608 203 15 17 0.022081934 
128 154 11 13 0.021832896 
215 143 19 22 0.02151493 
183 116 10 12 0.02119931 
628 5 15 17 0.02113928 
149 206 10 15 0.021061836 
300 215 9 13 0.02104761 
43 142 8 11 0.020598307 
453 101 478 439 0.020442681 
290 142 11 13 0.020214504 
264 110 11 13 0.020029329 
