42_Car_Racing_Car_Racing_42_939
31
748 186 45 50 0.803446 
656 183 10 12 0.3868119 
175 340 190 218 0.09785708 
733 193 30 35 0.05944673 
744 232 23 29 0.05848148 
750 211 30 38 0.055746023 
679 226 12 13 0.054412805 
685 543 60 60 0.053070687 
116 340 64 68 0.05068067 
854 257 14 17 0.043336827 
183 254 376 424 0.04145699 
788 221 24 32 0.03731719 
823 263 29 33 0.033644944 
865 243 16 17 0.030048858 
220 322 32 45 0.029440006 
835 255 26 28 0.026738318 
859 248 16 18 0.02571606 
582 287 31 28 0.025073966 
771 197 30 37 0.024861496 
98 138 16 18 0.024857221 
500 283 14 15 0.023855079 
706 510 14 17 0.023558412 
692 506 25 30 0.023226675 
732 200 16 21 0.023161396 
708 229 13 16 0.02252001 
554 138 469 465 0.021455515 
696 228 11 15 0.02113062 
497 280 27 29 0.020957913 
536 307 11 12 0.02045717 
497 285 11 13 0.02028252 
700 227 15 18 0.020060198 
