42_Car_Racing_Nascar_42_828
32
459 85 49 61 0.99896777 
325 70 55 70 0.998502 
537 78 49 60 0.9967257 
757 122 26 30 0.5364089 
175 117 20 32 0.23029435 
737 63 86 116 0.06379403 
683 71 12 15 0.061854556 
272 152 9 12 0.05855467 
756 110 42 58 0.052846473 
800 213 17 20 0.046119887 
299 39 10 13 0.042504955 
222 173 10 12 0.041345593 
231 171 12 15 0.038933113 
985 245 16 21 0.0377509 
431 440 126 129 0.030730138 
913 300 30 33 0.030526934 
734 184 11 13 0.029494595 
208 119 10 15 0.027184851 
171 109 36 48 0.026628394 
304 241 50 58 0.025175001 
485 219 96 108 0.02455151 
922 299 17 18 0.024296712 
697 77 14 17 0.023795396 
183 121 17 23 0.02353963 
747 213 46 63 0.022930734 
247 194 10 13 0.021574916 
167 127 29 39 0.021569684 
175 108 13 19 0.021241643 
197 130 14 19 0.020791614 
835 462 30 30 0.020681353 
793 211 28 33 0.020243783 
217 172 10 15 0.02012775 
