42_Car_Racing_Car_Racing_42_602
123
37 163 12 18 0.66893363 
957 228 18 20 0.65485585 
119 166 11 13 0.6302046 
236 175 11 15 0.32430255 
709 127 25 31 0.31787765 
657 129 19 22 0.2484191 
134 176 9 11 0.14492019 
968 174 11 14 0.13702953 
771 140 16 23 0.124419235 
543 128 19 21 0.1205133 
30 167 14 19 0.11257797 
482 124 26 32 0.1001852 
81 175 10 13 0.0950185 
951 226 14 18 0.094783366 
221 411 98 116 0.09244005 
781 179 12 15 0.09171237 
774 179 13 17 0.09165685 
999 235 11 15 0.08878676 
1012 217 11 17 0.08544558 
814 175 11 15 0.08167277 
603 129 19 21 0.081449665 
902 181 10 11 0.080801636 
70 162 10 15 0.0762477 
908 175 9 10 0.07523669 
61 164 11 16 0.07316598 
54 165 12 16 0.07312719 
34 164 22 28 0.07135615 
847 172 10 12 0.06664917 
897 181 8 11 0.06641318 
657 165 18 20 0.06639986 
191 175 8 10 0.062907346 
933 167 9 12 0.061840635 
95 173 10 13 0.056460116 
253 182 10 12 0.055664163 
720 134 17 21 0.055022575 
96 167 8 12 0.052946292 
123 170 12 14 0.048680183 
222 174 10 12 0.04860374 
788 180 11 14 0.04800774 
904 168 8 10 0.047476154 
1007 203 13 15 0.047310244 
254 203 12 17 0.04698553 
823 166 11 12 0.0467356 
974 190 12 14 0.045622364 
217 176 9 10 0.045587253 
252 197 12 15 0.044719514 
87 155 11 15 0.044176817 
116 161 19 22 0.043387108 
988 24 36 61 0.042697363 
820 178 11 14 0.041850843 
878 183 8 10 0.04133712 
100 172 11 14 0.040470473 
839 171 11 14 0.03951338 
597 162 25 29 0.03933551 
201 213 9 12 0.038991336 
252 187 11 15 0.038939558 
318 182 9 11 0.038588513 
776 140 23 34 0.038191274 
153 173 9 12 0.037103888 
1008 212 13 17 0.03662687 
157 174 12 14 0.035129473 
113 105 15 19 0.03499293 
873 198 8 12 0.034597255 
22 172 14 17 0.03332773 
43 159 14 17 0.032702196 
4 201 28 34 0.03263966 
100 167 10 12 0.03256631 
216 180 10 12 0.032520812 
184 172 9 10 0.0320036 
77 163 10 14 0.031167476 
481 146 27 37 0.030958558 
43 166 22 24 0.030910388 
158 179 13 15 0.030338325 
191 180 9 11 0.030024275 
809 175 10 13 0.029940993 
142 166 9 13 0.02988987 
886 191 10 12 0.02924106 
141 173 9 12 0.029049613 
952 194 12 16 0.02856337 
878 190 10 11 0.028471291 
959 174 10 14 0.028378153 
112 149 11 15 0.027615331 
1003 221 18 27 0.027313817 
989 226 14 18 0.0270764 
907 179 11 12 0.026590435 
828 165 11 14 0.026388383 
886 196 11 14 0.02626864 
991 233 12 17 0.026201887 
919 165 10 12 0.025955392 
784 185 11 14 0.025867533 
920 173 8 10 0.025749916 
888 175 10 12 0.025708934 
878 197 10 12 0.02556381 
726 169 11 15 0.025473747 
21 265 11 15 0.025454333 
160 205 11 15 0.025383294 
684 122 13 15 0.025235133 
5 187 27 30 0.024855489 
923 263 13 15 0.024444597 
788 154 11 17 0.024000265 
176 182 8 11 0.023990825 
253 254 10 13 0.023765352 
80 170 18 23 0.023593627 
968 226 15 20 0.023529636 
126 98 14 16 0.023025505 
894 176 9 12 0.022683198 
862 167 10 11 0.022337353 
164 175 10 12 0.022124335 
165 228 11 12 0.022037562 
149 118 9 10 0.021958187 
13 267 14 17 0.021561317 
851 174 10 12 0.0215141 
957 213 14 16 0.021486696 
790 163 9 13 0.021465588 
933 304 11 15 0.021404037 
955 189 12 15 0.02113714 
540 159 29 31 0.021012018 
312 181 10 13 0.02081796 
863 199 9 12 0.020679926 
964 170 19 23 0.020611256 
877 204 11 14 0.020431168 
24 164 12 16 0.020243054 
885 203 13 16 0.020009559 
