42_Car_Racing_Nascar_42_823
157
412 231 18 28 0.8663257 
191 282 10 13 0.83464706 
990 221 17 21 0.7709777 
896 236 16 19 0.6458191 
253 256 10 12 0.64131904 
338 252 13 15 0.54638517 
276 255 14 17 0.3899119 
124 264 11 13 0.38151017 
715 299 12 15 0.3681145 
359 206 10 12 0.34901357 
328 247 21 26 0.27581862 
177 312 11 14 0.24441068 
663 238 8 11 0.18339127 
371 257 13 17 0.1707087 
191 302 11 14 0.1577292 
295 266 12 16 0.15761998 
142 284 15 18 0.14174454 
540 165 10 14 0.13041368 
663 300 10 11 0.12587565 
212 215 33 39 0.120670706 
205 231 11 14 0.11727394 
0 275 11 20 0.11711362 
181 335 17 20 0.11631285 
197 301 9 14 0.11454942 
850 244 9 12 0.11272422 
282 259 14 18 0.107642725 
459 243 12 16 0.10372982 
482 111 401 457 0.10030653 
330 276 17 20 0.09840228 
664 233 8 11 0.09442792 
356 272 15 20 0.091534525 
371 223 9 11 0.08042739 
149 279 10 14 0.07237242 
145 262 8 10 0.06888802 
408 227 14 24 0.06742189 
299 273 14 16 0.06244236 
204 302 11 14 0.06127177 
347 252 11 14 0.060246486 
394 261 14 18 0.058676045 
89 309 26 26 0.058326982 
295 253 10 14 0.05705816 
216 260 10 12 0.056758683 
999 283 13 16 0.056599375 
135 284 12 15 0.0562999 
221 260 10 12 0.056166913 
332 265 16 20 0.054068252 
702 294 9 13 0.052906696 
556 297 13 16 0.05221813 
318 236 9 13 0.050155878 
208 254 8 11 0.04917819 
703 308 10 11 0.0488197 
223 278 8 12 0.047813218 
149 262 9 10 0.04737618 
697 303 9 10 0.0462264 
176 337 13 17 0.045739148 
120 259 20 24 0.045278233 
370 263 15 21 0.045144446 
189 238 8 11 0.045067877 
220 318 12 15 0.044994965 
176 317 24 29 0.04281039 
464 200 10 13 0.04238962 
319 228 11 15 0.04226006 
634 241 7 8 0.041942436 
220 226 16 20 0.04175202 
42 181 10 12 0.04128929 
176 309 20 24 0.041203994 
959 339 25 27 0.041100685 
221 333 10 13 0.039543517 
754 280 7 9 0.03940725 
319 245 10 13 0.039378308 
217 285 9 13 0.037637882 
228 231 14 17 0.037627492 
685 310 9 11 0.037515264 
467 171 16 21 0.037423328 
215 255 9 12 0.03709396 
202 235 9 13 0.036796924 
272 258 20 24 0.036203396 
718 223 10 12 0.035766486 
697 224 9 11 0.035423815 
187 278 18 22 0.03542052 
852 241 11 13 0.033776257 
667 231 10 13 0.03327899 
128 283 10 14 0.032327652 
257 259 14 17 0.032109365 
686 223 8 11 0.031689446 
634 245 8 10 0.03130185 
326 247 12 16 0.03089839 
320 223 10 13 0.030763222 
492 310 11 15 0.030493954 
657 301 9 11 0.030430937 
204 227 22 28 0.030295575 
415 282 22 32 0.030132016 
319 250 13 17 0.029542185 
656 245 8 10 0.029375834 
253 248 20 25 0.029360645 
221 283 10 14 0.029090663 
486 197 12 15 0.029032249 
201 365 12 14 0.029012704 
686 304 8 11 0.028813748 
710 358 13 15 0.028791493 
185 229 8 10 0.028549409 
956 247 11 13 0.028545612 
529 217 225 266 0.027772682 
621 253 8 10 0.027626319 
177 223 9 12 0.027407443 
233 228 14 16 0.027394935 
617 252 8 11 0.027091777 
885 365 11 15 0.026936607 
495 155 9 12 0.026578186 
299 261 12 16 0.026546326 
351 267 13 17 0.026493544 
214 311 20 27 0.026388954 
467 197 13 15 0.025852904 
494 193 13 16 0.025722662 
608 252 7 10 0.025094464 
329 281 25 29 0.024723968 
190 289 12 17 0.024633287 
156 284 10 13 0.024391783 
300 253 10 14 0.02393799 
681 229 9 12 0.023851976 
184 292 11 15 0.02372699 
372 248 13 16 0.02352572 
358 228 11 13 0.023428354 
667 295 10 12 0.023230685 
485 170 15 22 0.02294827 
967 245 11 13 0.022847071 
183 301 13 16 0.022807151 
600 309 11 15 0.022563774 
479 204 10 13 0.022518182 
198 323 11 15 0.02236318 
359 235 9 12 0.022323815 
222 345 15 21 0.022257369 
288 248 20 27 0.02184765 
454 246 15 19 0.021793881 
187 310 14 19 0.021730004 
362 287 15 19 0.021637842 
214 234 13 16 0.021367699 
131 267 12 14 0.021323394 
347 274 22 28 0.021272095 
225 231 28 33 0.020996664 
60 227 14 17 0.020959904 
105 314 14 16 0.020950211 
968 272 10 13 0.020916514 
689 346 250 216 0.020818722 
1003 202 20 29 0.020778269 
360 223 9 13 0.020766415 
686 230 8 11 0.020704204 
355 204 9 13 0.020613426 
682 224 9 11 0.020354638 
182 259 11 13 0.020350654 
100 231 9 11 0.02032345 
348 295 13 18 0.020240247 
127 277 10 13 0.020225614 
170 311 10 14 0.020217914 
487 314 13 17 0.020175712 
542 190 10 14 0.02016522 
220 241 14 15 0.020162033 
