42_Car_Racing_Car_Racing_42_743
68
604 84 24 31 0.98890394 
374 437 82 123 0.27734414 
696 113 12 15 0.17955366 
750 101 9 11 0.14575647 
652 100 17 21 0.14560336 
95 116 13 14 0.14238045 
808 102 10 13 0.11035623 
548 125 15 22 0.08188119 
670 146 12 18 0.07917107 
979 112 14 20 0.076945215 
776 105 9 10 0.0754643 
86 131 13 16 0.07435663 
758 111 10 12 0.073446505 
751 108 9 12 0.06460515 
846 306 16 21 0.063373104 
667 118 12 15 0.058498263 
757 101 9 13 0.057037733 
746 96 9 11 0.055092353 
103 156 11 13 0.05237088 
108 157 14 16 0.0468856 
70 183 32 37 0.046449285 
713 141 10 13 0.045070693 
55 136 9 12 0.045062322 
159 141 11 14 0.044691246 
91 119 16 20 0.044146534 
187 205 141 151 0.040439334 
974 114 23 34 0.03911095 
806 107 10 14 0.03788415 
495 121 14 16 0.03765961 
958 113 33 41 0.036829755 
89 223 10 13 0.03675259 
99 119 15 18 0.036350265 
916 388 96 151 0.036309816 
837 306 14 19 0.0360952 
84 197 12 14 0.03556195 
590 115 25 32 0.034831233 
123 119 15 18 0.034795478 
178 176 33 43 0.032246616 
648 103 14 20 0.03222805 
83 126 24 27 0.031910516 
985 111 15 19 0.030976862 
692 205 20 27 0.030705696 
595 143 16 22 0.030431502 
102 152 24 29 0.029975438 
566 92 22 26 0.029468419 
15 142 9 12 0.029049397 
21 161 16 19 0.026219964 
593 134 29 37 0.026173266 
95 154 12 15 0.025788432 
90 147 28 35 0.024999483 
184 182 18 22 0.024852633 
886 108 11 15 0.024383742 
689 114 12 15 0.023937736 
809 96 10 13 0.023700558 
663 121 13 15 0.02289111 
945 130 32 37 0.022851594 
793 156 8 11 0.02279019 
125 1 14 12 0.021895437 
577 96 15 19 0.021886107 
591 115 15 20 0.02154201 
751 114 10 13 0.02127876 
756 96 9 12 0.020575501 
800 109 12 16 0.020548135 
660 110 21 26 0.020538216 
85 166 29 37 0.020521767 
663 142 21 29 0.020474138 
403 29 14 18 0.020318203 
768 103 9 12 0.020044094 
