42_Car_Racing_Nascar_42_922
180
531 61 94 113 0.99932194 
249 189 53 80 0.99885535 
348 115 84 103 0.9961904 
856 153 48 84 0.84906125 
127 238 11 15 0.40382376 
76 183 10 13 0.38409382 
873 165 52 84 0.32655168 
8 166 7 9 0.2881916 
941 130 45 63 0.265141 
30 207 8 11 0.23657401 
96 192 9 11 0.22258589 
21 191 9 11 0.15986824 
41 241 12 16 0.1262366 
71 153 7 8 0.12620223 
78 134 7 9 0.12133911 
38 198 8 11 0.119686894 
16 227 10 12 0.114799924 
48 184 8 10 0.104795225 
0 188 8 12 0.101533376 
23 157 7 9 0.101267144 
707 341 15 18 0.10112775 
108 236 11 16 0.09783222 
174 177 8 9 0.09633401 
96 168 8 10 0.09441612 
0 215 9 12 0.09382005 
64 192 7 10 0.089464046 
49 205 8 10 0.08847978 
97 136 7 9 0.086598456 
31 167 8 10 0.08650297 
835 161 47 69 0.08374666 
74 133 8 10 0.07646921 
132 243 11 13 0.07444715 
21 224 9 11 0.073913485 
55 190 7 8 0.07327938 
754 244 46 62 0.07230522 
101 191 8 10 0.07182571 
172 227 11 13 0.07121118 
91 243 22 28 0.07033515 
5 118 9 11 0.06879909 
111 185 8 9 0.06878062 
991 256 14 17 0.06762002 
118 201 9 11 0.06578327 
157 168 7 10 0.064204745 
29 212 8 11 0.063130185 
88 159 8 9 0.062665194 
57 160 8 9 0.061436247 
100 240 15 24 0.06083453 
16 195 10 12 0.060719773 
895 179 59 85 0.059996214 
75 120 6 8 0.05585733 
94 151 8 9 0.055208426 
127 233 9 12 0.054155428 
54 206 8 10 0.05294994 
22 195 9 12 0.052194774 
54 185 7 9 0.051778723 
46 175 8 10 0.05158685 
40 174 8 10 0.051525205 
3 166 7 10 0.051460065 
15 174 8 10 0.051408418 
18 153 7 9 0.05125237 
16 214 8 11 0.049830873 
145 215 8 10 0.04829108 
33 135 7 9 0.048274502 
63 197 9 10 0.047904838 
39 150 8 9 0.046503913 
105 185 8 10 0.044775307 
78 128 7 10 0.044397954 
15 135 10 11 0.04435598 
183 165 8 10 0.04399464 
0 150 7 10 0.04289731 
72 199 9 10 0.042792182 
137 145 7 10 0.04276947 
32 199 9 11 0.042462178 
49 189 8 10 0.041948322 
46 150 7 9 0.04190199 
88 191 9 11 0.04147723 
128 184 6 9 0.041270092 
119 228 10 12 0.04115127 
40 193 6 8 0.04108453 
19 158 7 9 0.040615104 
55 232 9 13 0.04056741 
63 144 7 9 0.04006749 
103 168 7 10 0.04002544 
14 167 7 9 0.03939976 
17 184 8 10 0.039168082 
8 111 9 11 0.038252022 
6 190 7 11 0.037807617 
765 266 13 18 0.037635706 
64 151 7 9 0.037401203 
112 277 12 15 0.037161544 
152 151 7 9 0.036668345 
100 197 8 11 0.035919536 
15 208 9 10 0.035637353 
114 201 9 11 0.035029434 
95 142 8 10 0.0348728 
56 128 7 9 0.03473402 
145 233 8 10 0.034005705 
145 144 6 9 0.033884816 
4 214 9 12 0.033817958 
144 183 8 10 0.033683613 
105 150 7 9 0.033671517 
110 148 8 10 0.033634167 
89 152 8 10 0.0331827 
674 323 16 19 0.03306728 
21 183 10 11 0.032618623 
150 216 7 8 0.032547947 
1 207 8 12 0.03231083 
6 184 7 10 0.031823438 
159 223 8 10 0.03146225 
157 173 7 10 0.031237343 
142 246 9 12 0.0311477 
119 168 8 9 0.030749822 
679 304 11 13 0.030646209 
145 209 7 9 0.030527318 
105 143 8 10 0.030338353 
150 237 8 10 0.030327223 
31 173 9 10 0.030133223 
23 175 8 10 0.030098401 
0 159 7 10 0.02987375 
75 337 58 96 0.029218063 
674 309 25 26 0.029157694 
9 238 8 11 0.028837463 
123 235 18 23 0.028589819 
111 230 10 15 0.02840663 
39 203 8 11 0.028274337 
178 198 7 10 0.028241707 
51 241 12 17 0.02821807 
759 266 12 17 0.028103447 
120 159 9 10 0.027888732 
0 198 7 10 0.027887449 
58 144 7 9 0.02765681 
40 224 10 11 0.027655423 
902 103 55 59 0.027489526 
46 236 20 27 0.027486391 
8 198 8 10 0.027407207 
751 261 29 40 0.02711928 
47 133 8 10 0.026982969 
89 166 8 11 0.026702974 
812 177 32 50 0.026495025 
74 128 7 10 0.026218325 
201 174 9 10 0.026202833 
71 177 11 12 0.026033081 
113 174 8 9 0.025883425 
84 183 9 11 0.02584771 
9 143 7 9 0.025443975 
177 192 9 11 0.02518555 
75 199 11 11 0.025181988 
106 159 7 9 0.025164047 
190 167 7 10 0.024881324 
120 152 7 9 0.024754077 
81 249 26 29 0.02472957 
144 189 8 10 0.024665479 
119 234 13 19 0.024571216 
47 168 7 8 0.024156278 
120 135 7 9 0.023962345 
7 171 9 12 0.02393299 
129 217 6 9 0.023748746 
39 145 7 9 0.02356872 
97 130 7 8 0.02348575 
66 183 7 10 0.022643326 
676 307 15 17 0.022423675 
63 166 7 9 0.022389187 
65 175 8 10 0.022358302 
90 143 7 9 0.022294499 
26 166 7 10 0.022174103 
167 237 11 12 0.022093285 
46 231 10 13 0.022075973 
150 145 7 8 0.022034878 
160 151 8 10 0.022026798 
176 205 8 9 0.021849884 
6 207 8 10 0.021779487 
119 173 7 9 0.02145184 
43 182 8 10 0.02118951 
671 329 12 16 0.021162398 
166 158 8 10 0.021040067 
1 145 7 10 0.020865269 
964 235 14 17 0.02073813 
47 145 7 8 0.020598803 
89 196 10 11 0.020315025 
7 221 9 12 0.020275397 
