42_Car_Racing_Car_Racing_42_600
44
332 125 16 19 0.9895538 
80 103 18 23 0.9693617 
250 110 15 18 0.9328077 
190 141 10 13 0.7589511 
299 146 13 16 0.24754177 
356 141 12 14 0.1378355 
158 108 10 11 0.07190488 
96 140 11 14 0.06664484 
278 179 13 19 0.065390155 
206 149 12 15 0.064644344 
293 167 14 17 0.063913 
117 154 10 13 0.05904692 
194 140 11 15 0.04728943 
48 197 10 15 0.045860745 
702 181 8 11 0.04427687 
370 149 16 20 0.042800352 
284 172 15 20 0.040443458 
584 160 13 18 0.04031988 
853 339 53 55 0.03945929 
354 346 117 150 0.03454004 
204 300 39 50 0.033150736 
590 147 12 15 0.031352136 
13 158 10 14 0.026267933 
152 109 9 12 0.025225757 
275 162 12 16 0.024944173 
118 139 10 13 0.024939986 
292 172 17 22 0.023456363 
570 180 13 20 0.023311159 
125 123 11 14 0.022884166 
400 145 11 15 0.022866655 
199 146 12 16 0.022457294 
219 316 34 41 0.021921959 
206 174 13 20 0.021804485 
202 145 21 25 0.02170243 
615 203 13 14 0.021485519 
583 154 21 26 0.021466134 
66 148 27 32 0.021450378 
294 154 13 15 0.020935476 
200 153 13 17 0.020924201 
126 150 10 12 0.020874176 
-1 163 36 64 0.020574378 
269 185 22 26 0.020255283 
105 168 9 13 0.020125195 
248 104 13 16 0.020023208 
