42_Car_Racing_Nascar_42_911
23
502 121 275 355 0.9959377 
995 612 27 37 0.307178 
363 434 58 101 0.29174513 
912 553 27 31 0.2595153 
457 517 39 43 0.19657363 
225 46 222 239 0.09843367 
572 571 43 53 0.059607342 
91 60 436 467 0.05009204 
991 599 23 34 0.040249325 
354 43 350 402 0.031022595 
396 360 88 114 0.02871581 
566 649 52 54 0.027874578 
373 384 91 127 0.026218163 
607 661 46 61 0.026066815 
558 557 78 96 0.024372151 
806 171 29 41 0.024256637 
286 183 240 283 0.023573827 
439 523 43 56 0.02083587 
631 622 33 46 0.020755146 
996 528 23 37 0.020672748 
965 544 25 30 0.020221248 
990 613 17 27 0.020174397 
828 612 35 39 0.020139258 
