42_Car_Racing_Nascar_42_661
53
819 255 31 41 0.9992747 
172 292 26 28 0.15368839 
170 206 16 20 0.12211279 
206 179 31 39 0.119076855 
129 212 11 13 0.10745602 
690 406 35 41 0.10321064 
807 376 16 20 0.09992716 
778 10 13 17 0.089410454 
622 135 79 106 0.06904085 
174 184 48 56 0.06796744 
247 -53 414 475 0.05895723 
948 359 30 31 0.05680974 
657 146 53 75 0.050912403 
92 293 11 16 0.049717747 
893 350 33 41 0.049338397 
623 322 15 17 0.048116688 
171 197 29 34 0.04759987 
665 525 59 74 0.04436301 
86 83 13 17 0.039825857 
145 12 14 16 0.037887692 
90 248 23 29 0.03697779 
642 357 51 52 0.036243517 
532 416 32 34 0.034190428 
384 268 9 10 0.03348299 
145 3 15 17 0.033369366 
130 291 13 19 0.033284195 
968 367 30 26 0.03304478 
874 384 32 43 0.032049514 
619 -22 421 491 0.031160532 
93 79 10 13 0.031074328 
875 366 103 115 0.02999782 
145 36 9 13 0.029620346 
475 179 103 129 0.028368317 
400 60 210 299 0.028167656 
710 155 84 120 0.027786309 
145 255 9 13 0.027745722 
80 84 12 17 0.027620709 
502 61 11 14 0.027591279 
116 203 11 13 0.026194755 
214 285 13 17 0.025805995 
231 305 405 505 0.023840275 
163 278 41 49 0.023558425 
780 452 15 18 0.023420664 
155 197 10 14 0.02314727 
772 4 22 27 0.022546297 
707 144 57 75 0.02238149 
382 181 331 432 0.022285622 
561 329 11 14 0.021652248 
60 122 14 17 0.021570213 
172 -6 93 103 0.021474663 
170 2 17 18 0.021354761 
148 80 15 18 0.02045741 
155 201 14 18 0.020366015 
