42_Car_Racing_Nascar_42_468
24
599 14 173 214 0.9987919 
663 648 155 117 0.7267594 
618 627 146 167 0.12086118 
701 668 92 74 0.08811087 
633 406 91 107 0.08292011 
635 543 210 275 0.059707124 
-2 35 88 158 0.04857488 
431 398 363 463 0.047201447 
591 641 102 132 0.039869383 
534 522 32 37 0.039617676 
666 482 40 50 0.03754352 
436 538 139 128 0.036235705 
520 505 53 69 0.031170245 
602 380 87 118 0.03037333 
676 452 61 79 0.030236132 
542 365 45 48 0.028428694 
337 540 195 213 0.027355077 
630 757 10 13 0.025032362 
545 533 17 22 0.024549684 
496 518 103 117 0.023919854 
180 55 29 34 0.02306314 
363 377 28 30 0.02028826 
187 45 31 35 0.020123662 
608 391 55 71 0.020072538 
