16_Award_Ceremony_Awards_Ceremony_16_569
29
562 138 141 175 0.99960893 
443 5 70 84 0.9985083 
87 15 68 91 0.9980515 
820 83 132 217 0.99702495 
260 7 70 99 0.9956922 
189 37 44 56 0.9931753 
503 5 51 71 0.7331669 
792 47 115 203 0.7150164 
3 41 33 46 0.5070522 
347 78 45 55 0.099121876 
230 36 31 53 0.062685214 
163 89 32 55 0.054852743 
390 1 31 30 0.044561505 
233 54 39 63 0.04123504 
2 67 17 25 0.035799887 
541 606 133 148 0.035742063 
0 242 12 20 0.034599718 
0 13 46 67 0.033394117 
362 2 29 36 0.03055843 
377 10 14 18 0.029951366 
766 65 96 153 0.02837 
368 -1 44 46 0.02727482 
0 135 25 37 0.02704514 
425 34 16 23 0.026529921 
388 675 11 15 0.025884293 
513 -1 30 34 0.025769053 
79 461 193 297 0.020486385 
228 78 31 42 0.02035172 
22 48 29 36 0.020240834 
