16_Award_Ceremony_Awards_Ceremony_16_317
25
216 104 37 50 0.9974578 
843 114 31 45 0.9920442 
600 136 30 43 0.8760878 
260 411 156 238 0.4262499 
601 143 42 61 0.37195957 
362 382 16 20 0.16938505 
152 118 28 33 0.07447378 
471 442 123 184 0.067968756 
129 447 56 95 0.06687908 
858 113 32 42 0.056095243 
752 617 31 40 0.040667456 
376 424 178 245 0.04031475 
589 310 11 14 0.032306835 
611 131 29 36 0.03129605 
170 111 16 18 0.025131447 
758 569 30 40 0.024763497 
810 283 33 31 0.02459467 
612 170 32 40 0.024440682 
163 113 17 19 0.023487153 
150 127 15 20 0.023323214 
263 113 15 18 0.023194384 
833 172 11 16 0.02302491 
625 130 18 22 0.022919124 
164 122 34 34 0.021657879 
597 168 30 44 0.02002927 
