16_Award_Ceremony_Awards_Ceremony_16_231
40
432 144 127 157 0.9999355 
559 99 115 161 0.99983454 
130 150 63 54 0.9964444 
39 143 41 53 0.9804047 
793 143 17 21 0.917839 
714 137 17 20 0.9038318 
903 155 19 25 0.8400823 
298 131 17 25 0.6921666 
924 135 18 23 0.6439454 
87 114 17 22 0.4262014 
751 210 28 39 0.3346522 
738 159 19 24 0.33226794 
862 267 61 86 0.18854806 
997 185 16 23 0.12684081 
472 112 134 158 0.11568315 
918 119 12 15 0.096257575 
98 143 25 33 0.09243263 
931 141 15 19 0.07853097 
52 609 27 38 0.050772578 
916 122 22 28 0.04704705 
427 644 17 22 0.04419776 
923 202 21 32 0.04419014 
249 128 17 26 0.04058153 
786 175 24 29 0.040114716 
991 375 16 20 0.029237742 
127 138 38 46 0.028519258 
831 274 25 36 0.028405296 
293 131 27 43 0.027787484 
781 183 18 20 0.02669287 
796 178 22 28 0.026322717 
930 125 14 17 0.0263141 
787 171 16 20 0.026292618 
-3 583 44 74 0.025154637 
853 240 57 82 0.02349505 
871 236 14 18 0.02349346 
245 125 15 22 0.02309525 
714 220 32 37 0.022759257 
376 105 28 41 0.02180263 
926 197 14 20 0.02113606 
879 210 14 19 0.021030659 
