16_Award_Ceremony_Awards_Ceremony_16_25
52
502 94 33 44 0.9987889 
440 122 33 43 0.99794906 
843 133 38 47 0.99721164 
650 137 38 47 0.99605995 
563 103 40 54 0.9957072 
225 118 39 49 0.9928762 
740 146 42 55 0.99030393 
929 153 42 54 0.986212 
149 96 39 54 0.9859 
332 148 43 52 0.98317873 
60 102 44 52 0.96573144 
660 313 18 23 0.52074885 
429 429 10 13 0.12773122 
681 303 19 24 0.12316979 
929 356 27 30 0.122469015 
254 122 29 39 0.06481605 
430 425 8 11 0.064043015 
861 353 18 23 0.05061847 
733 386 14 18 0.045920003 
457 415 7 10 0.042989478 
670 306 24 28 0.040723864 
194 -2 17 19 0.030676126 
806 380 14 17 0.030339984 
426 425 9 11 0.03033723 
749 371 14 18 0.030030059 
466 432 7 9 0.029132541 
792 422 9 12 0.028186874 
488 381 7 10 0.028158393 
439 350 8 10 0.027026977 
759 348 11 13 0.027020682 
470 382 7 9 0.026275473 
486 400 7 10 0.02615237 
726 393 14 16 0.02592892 
792 467 16 18 0.02569007 
470 391 7 9 0.025408402 
814 404 10 13 0.025293 
456 383 6 8 0.025063358 
168 50 37 48 0.02498684 
481 408 7 9 0.02476793 
470 375 8 10 0.024172222 
489 376 6 8 0.023842141 
513 376 8 10 0.023423105 
466 383 8 9 0.02336718 
214 81 22 29 0.023127003 
758 407 13 15 0.022512883 
651 281 43 53 0.022451652 
473 408 7 10 0.022431692 
535 136 24 30 0.022001714 
471 438 7 10 0.021808293 
184 249 29 42 0.021727359 
471 414 8 10 0.020576404 
471 424 7 10 0.020321777 
