16_Award_Ceremony_Awards_Ceremony_16_512
20
361 145 231 322 0.9998907 
124 792 50 55 0.7579276 
132 1491 35 47 0.34288433 
142 1476 41 48 0.13054252 
145 936 113 136 0.11437713 
63 17 24 31 0.08213599 
872 139 16 22 0.058783326 
0 911 10 19 0.05075887 
965 133 15 23 0.041642845 
167 870 38 38 0.039288655 
77 13 34 37 0.03916754 
998 863 16 21 0.033260368 
102 621 345 482 0.03323577 
0 134 7 12 0.032937553 
126 863 190 208 0.02425011 
105 744 57 73 0.02393734 
5 967 31 44 0.023135312 
60 6 41 51 0.02145365 
141 781 44 53 0.02129067 
135 1488 20 28 0.02060922 
