16_Award_Ceremony_Awards_Ceremony_16_141
60
542 297 27 37 0.99934644 
188 277 33 46 0.9993393 
392 237 45 56 0.9980564 
92 260 43 56 0.9969105 
566 312 25 34 0.9948833 
141 263 36 52 0.99069387 
636 322 21 28 0.9903072 
603 312 24 33 0.98428637 
345 246 42 58 0.9656177 
12 247 41 55 0.90626264 
458 259 35 42 0.8508527 
277 63 45 88 0.80366087 
500 287 24 34 0.7672805 
433 263 36 49 0.70038456 
34 303 27 42 0.5943634 
613 430 13 16 0.5501062 
-3 233 35 52 0.53287506 
160 270 40 50 0.4739143 
362 244 44 57 0.45123872 
554 302 25 33 0.40326086 
499 277 11 16 0.23746577 
212 423 31 30 0.22453521 
396 461 41 47 0.16875379 
508 390 17 21 0.15138572 
503 378 27 35 0.13958344 
540 438 17 21 0.12422547 
293 55 34 65 0.10763989 
493 282 23 31 0.09752676 
610 309 17 22 0.0890795 
512 289 19 27 0.07097423 
408 247 43 56 0.07095756 
664 436 11 12 0.07094686 
28 257 36 55 0.067015275 
644 424 9 12 0.06530842 
515 285 14 19 0.06337316 
442 325 28 40 0.0591072 
427 279 32 40 0.052244563 
476 447 25 30 0.042063225 
464 441 31 29 0.04056536 
476 268 29 36 0.04036562 
666 430 13 15 0.03732711 
616 325 16 23 0.03611761 
491 453 16 21 0.036098547 
145 456 32 43 0.034757614 
32 444 61 49 0.034533523 
42 270 31 47 0.033864945 
431 248 29 44 0.032888226 
533 311 16 21 0.030456014 
260 93 56 78 0.029472055 
594 444 14 15 0.028933246 
43 436 32 31 0.028249113 
447 274 35 44 0.02779422 
610 434 12 14 0.027473493 
519 595 14 17 0.0258054 
111 262 35 46 0.024900503 
508 277 12 17 0.022426168 
487 303 23 34 0.022232855 
516 278 13 17 0.021066217 
588 449 15 14 0.020938085 
0 221 10 15 0.020562084 
