16_Award_Ceremony_Awards_Ceremony_16_4
423
85 258 14 21 0.70817816 
40 262 10 13 0.634222 
371 303 13 21 0.6109141 
15 252 12 16 0.56213194 
907 268 12 17 0.5583014 
381 281 11 14 0.542736 
1007 273 17 33 0.417625 
462 355 14 20 0.411285 
766 338 21 37 0.39701095 
291 354 33 56 0.38539022 
823 282 13 19 0.37100938 
0 252 12 17 0.36187267 
322 305 23 27 0.3384255 
724 263 9 11 0.29189807 
556 275 14 19 0.28671142 
902 270 13 18 0.25880158 
67 340 27 42 0.2577254 
590 299 20 23 0.25768155 
639 299 13 19 0.23179612 
680 264 8 11 0.22558077 
274 279 9 11 0.22469355 
854 279 14 21 0.2234165 
639 307 21 28 0.22297992 
463 254 8 12 0.22135122 
302 301 11 15 0.22097711 
217 276 10 11 0.21081425 
536 279 9 12 0.21049218 
950 261 25 31 0.20728727 
401 277 9 11 0.20038174 
807 277 12 16 0.19342843 
630 264 7 10 0.1880086 
727 309 12 16 0.17978969 
632 269 8 11 0.17901751 
0 298 24 42 0.17550823 
364 270 10 12 0.17478892 
696 301 10 13 0.17052901 
718 295 12 17 0.16826805 
241 280 10 11 0.16794056 
457 297 11 15 0.16671136 
682 285 12 15 0.15430212 
947 268 16 19 0.15248069 
5 247 10 13 0.14837527 
701 293 12 15 0.14539301 
256 278 11 13 0.14499477 
-1 288 22 31 0.1430203 
575 284 10 14 0.13399348 
224 332 29 34 0.13295835 
914 267 14 17 0.13176925 
177 278 9 10 0.129974 
680 291 12 15 0.1295726 
657 271 7 10 0.12837484 
382 331 14 16 0.12516434 
712 264 8 10 0.12305705 
401 271 8 10 0.12136199 
753 264 9 11 0.11779323 
847 276 14 21 0.11253688 
438 284 9 12 0.11040311 
259 309 13 16 0.11022962 
736 264 9 11 0.105710864 
597 271 9 10 0.10417024 
361 275 10 12 0.102050275 
465 279 8 11 0.101098076 
859 285 15 20 0.09944694 
471 306 11 14 0.09899944 
649 305 17 24 0.09723964 
151 276 8 10 0.09476535 
213 299 13 17 0.094627276 
293 301 15 18 0.09399122 
181 280 7 10 0.091925174 
783 271 9 12 0.090261176 
67 260 19 20 0.08867748 
446 284 10 13 0.086960115 
198 285 10 12 0.08448956 
220 300 11 16 0.08432833 
197 279 9 11 0.082243346 
732 286 11 13 0.08179635 
327 269 8 10 0.08116959 
456 280 8 11 0.080328576 
294 277 10 13 0.079797 
257 273 8 10 0.0797362 
484 284 12 15 0.079295486 
394 255 8 10 0.07910566 
1 283 12 18 0.07833791 
15 295 24 33 0.07818506 
857 263 9 12 0.07704249 
434 283 9 12 0.07566202 
407 300 12 17 0.07555218 
306 299 13 18 0.07448581 
77 261 16 20 0.07445414 
383 264 8 9 0.07338667 
591 271 9 12 0.07297632 
662 271 8 10 0.072360955 
182 284 8 12 0.07097752 
828 279 11 17 0.0705319 
892 301 12 20 0.069760695 
191 285 9 12 0.06867033 
803 352 30 52 0.06600408 
771 288 14 19 0.0654318 
463 249 8 10 0.065169565 
470 270 9 11 0.06395772 
383 270 9 11 0.06373015 
198 270 9 10 0.06310666 
399 263 8 10 0.0630641 
741 268 9 10 0.06298411 
627 315 16 20 0.062732264 
832 263 8 11 0.062646925 
709 291 13 18 0.062548205 
393 263 7 9 0.062283188 
158 280 9 11 0.06208871 
361 262 8 11 0.061200656 
422 278 8 11 0.061038535 
454 382 13 16 0.060695633 
420 380 16 19 0.059653565 
359 255 8 10 0.059616752 
854 268 14 19 0.05953608 
112 308 27 31 0.05938528 
788 276 13 15 0.058458924 
285 275 12 15 0.058368478 
565 255 8 11 0.057938658 
563 275 11 16 0.056890912 
60 259 18 20 0.05666881 
335 279 10 12 0.0559105 
3 313 28 50 0.054992378 
815 269 9 14 0.054675184 
744 246 9 11 0.054653645 
680 280 10 12 0.05456512 
757 266 11 12 0.054222826 
636 271 9 11 0.053376842 
456 268 9 11 0.053324558 
22 301 23 36 0.05300599 
312 280 9 12 0.05299894 
457 247 8 9 0.052632872 
924 344 28 31 0.052186683 
313 272 7 9 0.051332876 
797 276 14 17 0.05069873 
127 278 8 10 0.05067362 
596 275 11 13 0.050248016 
193 272 8 10 0.050069693 
54 259 12 18 0.049950153 
158 284 10 13 0.04994601 
200 265 7 10 0.049631763 
625 267 9 11 0.049268328 
286 300 15 17 0.049166176 
961 266 15 20 0.049075138 
275 280 13 16 0.04900717 
471 263 7 10 0.048094448 
87 314 36 52 0.04803857 
558 330 23 33 0.047966007 
457 261 9 11 0.047908925 
464 271 8 11 0.047776356 
813 280 13 19 0.047745433 
595 293 15 19 0.04753553 
374 271 9 10 0.04712285 
796 242 13 16 0.047046416 
674 263 8 10 0.046241697 
331 301 14 18 0.04588202 
37 256 19 24 0.0455453 
32 267 11 16 0.045490637 
360 284 10 13 0.04542752 
220 273 9 11 0.04404123 
741 294 10 13 0.043376323 
404 344 17 21 0.043234993 
458 255 9 12 0.043205094 
735 246 8 10 0.042747438 
705 264 8 12 0.04270781 
8 296 17 23 0.04262856 
342 269 7 9 0.042503376 
316 312 23 29 0.042409066 
393 247 9 10 0.042302832 
1 245 19 24 0.04228601 
442 238 8 11 0.042132474 
566 260 9 11 0.041929156 
310 330 14 18 0.041821748 
469 277 9 13 0.04180903 
415 283 10 13 0.041717894 
921 268 13 16 0.04125848 
616 287 10 13 0.041017883 
992 430 28 40 0.040739186 
165 309 12 16 0.040656764 
18 257 12 16 0.04059705 
214 284 12 14 0.040236782 
278 272 20 24 0.03997976 
773 304 14 18 0.039893284 
154 300 13 16 0.03984317 
367 293 9 12 0.039650105 
412 306 12 15 0.03960685 
190 291 9 13 0.039254766 
832 277 19 27 0.037860624 
631 275 9 12 0.037822317 
146 273 9 11 0.037774123 
672 256 7 9 0.037687417 
411 380 28 28 0.03763664 
603 296 14 20 0.037574045 
822 267 9 13 0.036859736 
205 287 9 12 0.03682402 
10 302 39 54 0.036788467 
156 294 12 14 0.036784697 
287 272 9 10 0.036748476 
484 372 11 14 0.036692128 
468 254 8 11 0.036118656 
567 270 10 13 0.035744224 
635 319 16 22 0.035688683 
208 347 41 50 0.035674237 
865 289 15 19 0.035535213 
375 256 8 10 0.03551275 
582 263 9 11 0.035106126 
328 265 8 9 0.035070006 
725 292 12 15 0.034831937 
644 294 14 19 0.034564115 
505 279 8 10 0.03446444 
725 301 13 16 0.03440722 
614 271 8 10 0.03411181 
386 337 14 18 0.034057986 
125 273 9 10 0.033981714 
520 287 9 11 0.033523705 
630 306 15 20 0.03350855 
34 262 10 13 0.03308932 
206 292 13 16 0.032955512 
718 257 19 24 0.03294595 
629 330 12 18 0.03286642 
424 297 12 17 0.032820772 
442 230 8 10 0.03280597 
897 272 13 18 0.032793403 
376 295 8 12 0.032744735 
199 289 12 15 0.03248872 
525 285 10 12 0.032427248 
127 292 13 15 0.032374535 
56 354 34 38 0.032305457 
413 229 8 10 0.032069195 
278 302 11 15 0.032038916 
566 301 12 16 0.03190831 
462 305 13 15 0.03181365 
198 307 12 16 0.031792693 
534 231 8 11 0.03176652 
858 273 22 27 0.031476054 
733 277 11 14 0.03132496 
537 238 8 10 0.031279594 
766 296 12 18 0.031275753 
261 273 8 9 0.031210199 
360 299 23 29 0.0309364 
333 294 12 14 0.030892594 
302 278 10 12 0.03089173 
35 268 17 21 0.030846117 
781 298 15 18 0.03056462 
847 307 13 17 0.030507997 
363 337 14 18 0.030473975 
204 290 21 27 0.030452121 
254 300 22 27 0.030325836 
719 275 11 13 0.030314818 
407 295 11 14 0.030269668 
700 306 13 18 0.030239677 
696 262 9 12 0.030141456 
727 278 10 13 0.03008242 
638 247 7 8 0.029931797 
904 264 10 16 0.029914133 
268 306 13 17 0.02984606 
76 326 36 55 0.029521974 
703 287 11 14 0.029337177 
361 379 39 51 0.029314121 
203 305 17 19 0.029082151 
119 377 37 41 0.02900994 
678 296 13 17 0.028921392 
381 322 15 19 0.028762039 
854 407 39 38 0.028689738 
244 281 12 15 0.028645212 
542 290 12 15 0.028613307 
441 244 8 10 0.028596228 
720 257 8 10 0.02854275 
272 274 9 10 0.028447257 
121 272 9 12 0.028437607 
541 238 8 10 0.028412867 
157 307 14 17 0.028331252 
480 279 10 13 0.028063834 
129 39 422 471 0.02788029 
337 265 7 10 0.027854478 
519 293 12 15 0.027746055 
358 247 7 9 0.027675083 
478 316 10 15 0.0275515 
743 240 8 10 0.027544208 
613 297 14 19 0.027533704 
430 354 14 19 0.027526248 
684 262 9 12 0.027498463 
377 263 8 9 0.027457023 
672 268 9 11 0.027330108 
855 289 22 27 0.02728667 
405 264 8 10 0.027119266 
776 286 21 25 0.027090646 
294 272 8 11 0.027023032 
169 278 8 10 0.02686591 
378 278 17 22 0.026862754 
595 285 15 18 0.02680109 
278 351 32 50 0.026782354 
573 269 10 13 0.02670487 
619 307 15 18 0.026690025 
466 296 19 24 0.026686769 
254 289 13 16 0.026608208 
326 293 12 15 0.026601564 
608 271 8 10 0.02648126 
366 287 10 12 0.026474932 
438 261 9 13 0.026432028 
422 284 10 13 0.02637107 
540 322 29 33 0.026337005 
727 256 8 10 0.026238102 
7 242 9 12 0.026215224 
22 267 12 15 0.026209885 
471 315 12 15 0.02607102 
427 375 12 16 0.026048664 
420 306 12 16 0.025881957 
884 239 13 16 0.025876133 
461 357 23 29 0.02587 
733 301 11 16 0.025755892 
261 284 9 13 0.025747327 
750 300 10 14 0.02567649 
316 295 23 31 0.025608126 
389 362 24 30 0.025439734 
541 333 33 40 0.025322193 
112 276 11 12 0.02530245 
541 283 11 16 0.025282307 
294 339 29 37 0.02519508 
167 293 10 13 0.02513548 
19 246 11 15 0.025087757 
575 247 8 9 0.024999961 
349 284 10 12 0.024963297 
619 291 13 15 0.024952166 
365 263 8 11 0.024942236 
337 270 8 9 0.024784781 
748 245 10 12 0.02467086 
489 264 9 9 0.024593212 
741 284 12 14 0.024591941 
648 273 9 11 0.024539903 
317 285 10 12 0.024539685 
750 291 12 16 0.024510805 
455 240 8 10 0.024469567 
663 275 9 11 0.024413211 
487 385 12 15 0.024341827 
880 269 10 12 0.024286982 
626 256 8 10 0.02425387 
303 327 27 30 0.02424768 
629 285 10 15 0.024144117 
391 269 8 9 0.024117867 
232 326 19 20 0.02403808 
376 367 26 34 0.023945412 
151 306 12 16 0.023890601 
319 271 8 9 0.023886226 
298 363 42 58 0.023775088 
774 261 11 14 0.023716375 
241 273 8 9 0.023603551 
477 269 8 10 0.023595618 
338 306 13 19 0.023457965 
893 294 20 31 0.023420598 
400 307 11 14 0.02339251 
466 350 14 17 0.023230389 
476 308 10 15 0.023157602 
754 324 28 39 0.02309527 
470 282 10 14 0.023041582 
256 302 13 16 0.023001404 
270 290 12 16 0.022998612 
885 269 10 13 0.022935156 
575 262 9 12 0.022901973 
485 367 9 13 0.022861613 
470 247 8 11 0.022735199 
766 262 9 12 0.022716487 
773 300 25 28 0.022703756 
475 300 10 14 0.022556901 
614 309 24 31 0.022491325 
631 298 14 19 0.0224765 
200 313 13 16 0.022466257 
168 273 9 10 0.022452338 
741 300 12 15 0.022436589 
611 287 20 25 0.022387829 
174 273 10 11 0.02238545 
428 293 12 17 0.022371616 
742 276 11 14 0.02225594 
159 272 8 10 0.022253897 
176 282 12 15 0.022228627 
409 335 22 29 0.0221734 
718 305 15 20 0.022168128 
782 281 13 19 0.02214354 
569 247 8 10 0.022074696 
329 277 9 12 0.02194069 
360 291 12 15 0.021933062 
764 277 12 15 0.021926867 
900 320 14 18 0.021897161 
543 267 10 14 0.021877786 
632 247 8 9 0.021868076 
423 356 14 18 0.021864086 
288 272 20 24 0.021815093 
689 237 9 11 0.021778986 
568 290 12 16 0.021763578 
341 293 11 14 0.021762598 
439 267 8 12 0.021751063 
935 348 30 35 0.021682194 
184 291 10 13 0.02147323 
765 284 15 21 0.021464987 
585 269 10 15 0.021337006 
165 301 12 16 0.021285903 
630 291 12 15 0.021284163 
510 253 26 31 0.021281652 
366 256 8 10 0.021149358 
182 300 11 12 0.021124931 
276 296 21 27 0.021062862 
758 289 14 19 0.020996952 
526 347 38 41 0.020962853 
0 314 12 22 0.020940892 
371 307 21 27 0.02088443 
460 317 12 14 0.02086635 
764 268 10 13 0.020766038 
961 261 26 36 0.020757196 
775 345 37 50 0.020708354 
582 275 11 16 0.020695 
310 292 12 17 0.020689093 
655 275 8 10 0.020580016 
412 292 13 17 0.020552408 
685 305 13 16 0.02044639 
205 270 8 10 0.020386934 
45 255 12 18 0.020377476 
413 224 8 10 0.02033552 
379 388 32 37 0.020292206 
148 293 21 27 0.020257086 
354 255 9 11 0.020228676 
135 358 46 60 0.020201655 
893 414 96 114 0.020194847 
762 291 22 30 0.020025106 
