39_Ice_Skating_Ice_Skating_39_362
48
240 484 69 110 0.99188554 
732 560 71 114 0.9899859 
407 642 46 55 0.51867044 
741 149 29 34 0.13758695 
917 15 22 25 0.107593134 
997 77 23 28 0.089257106 
992 148 23 29 0.06656873 
607 151 28 36 0.062619574 
964 15 19 22 0.056142397 
663 149 27 31 0.054777134 
1 171 23 30 0.052071895 
918 111 25 30 0.051394053 
159 1080 462 529 0.046220627 
570 41 24 31 0.044568554 
618 33 24 30 0.043741502 
634 120 17 22 0.038859952 
903 78 23 28 0.03814866 
671 112 26 31 0.036885828 
688 46 27 34 0.035318304 
622 40 29 35 0.035078835 
988 780 16 19 0.034549315 
936 151 28 33 0.030459514 
928 45 23 29 0.029272001 
825 15 18 20 0.028230658 
595 1087 143 157 0.027822386 
946 77 27 30 0.027284766 
852 77 26 31 0.026071751 
921 25 25 34 0.025228532 
677 40 23 30 0.025037797 
861 15 23 26 0.02413347 
1010 12 13 21 0.024071626 
676 126 17 21 0.0238713 
624 52 32 38 0.023726385 
466 686 24 27 0.023111042 
68 127 25 30 0.02295705 
233 79 411 487 0.022666397 
664 132 41 50 0.02247904 
1002 181 20 34 0.022009498 
615 165 29 37 0.02165017 
936 72 27 30 0.021626357 
759 208 40 54 0.021600312 
173 152 29 34 0.021058083 
561 48 39 48 0.020958746 
388 624 79 93 0.0207834 
970 33 28 33 0.020638516 
783 39 26 30 0.020555459 
21 6 31 29 0.020153059 
875 56 18 21 0.020140821 
