39_Ice_Skating_Ice_Skating_39_389
157
606 360 8 11 0.61002123 
544 361 8 9 0.5249322 
571 361 7 9 0.49159762 
544 364 9 13 0.48294604 
409 376 8 10 0.46499157 
570 365 9 11 0.4522753 
672 365 7 9 0.43367425 
47 365 13 17 0.39509892 
460 369 9 11 0.33409312 
768 373 10 13 0.27926403 
377 391 9 12 0.25288895 
461 381 11 14 0.24889599 
236 392 9 12 0.24333592 
324 397 11 13 0.23525494 
369 382 7 10 0.2270432 
638 364 8 10 0.21843444 
460 371 12 16 0.18597189 
509 361 8 10 0.17913763 
830 375 9 11 0.17700727 
506 359 8 10 0.1740622 
590 377 9 11 0.15456003 
273 389 8 10 0.13968262 
569 371 8 11 0.11584227 
545 370 10 13 0.11569606 
326 381 8 10 0.11179314 
422 391 9 12 0.11120887 
447 389 9 10 0.10801402 
741 367 8 10 0.10761435 
623 375 9 12 0.10485848 
503 373 9 11 0.10242953 
824 373 10 13 0.100718014 
792 382 9 11 0.09709319 
402 393 8 11 0.09519466 
409 146 118 144 0.08240503 
505 364 9 11 0.081387356 
634 365 8 10 0.08040611 
238 408 10 11 0.07964745 
769 369 7 10 0.07407816 
405 395 13 17 0.073739834 
495 393 12 14 0.072799 
457 380 9 13 0.06971766 
823 367 8 12 0.06936694 
630 375 8 11 0.06876068 
727 379 9 12 0.06780524 
378 395 11 13 0.06742822 
617 376 9 11 0.06647371 
561 384 8 9 0.06506154 
602 363 8 12 0.061822463 
374 383 9 11 0.060949057 
633 392 8 12 0.05793032 
670 398 9 11 0.05769988 
818 374 8 11 0.056683473 
799 368 7 9 0.0564764 
669 392 9 12 0.055901077 
794 375 8 11 0.05540564 
276 398 10 12 0.055048358 
673 373 9 13 0.054052074 
737 336 7 9 0.052162588 
585 380 9 12 0.051845632 
567 392 9 11 0.05153879 
476 327 11 13 0.048482228 
498 388 14 16 0.04737155 
412 395 13 17 0.047226183 
415 392 11 12 0.046955347 
363 396 11 14 0.046234578 
375 403 10 12 0.045765214 
798 380 8 11 0.044816438 
737 391 10 13 0.04411452 
663 375 9 11 0.044000033 
751 376 7 9 0.04311647 
647 375 7 9 0.042975716 
501 382 12 14 0.04118969 
561 390 8 10 0.040004514 
477 363 9 12 0.03980568 
576 382 8 11 0.039622996 
672 416 11 13 0.039523117 
785 384 9 11 0.03895323 
790 389 9 12 0.03866053 
798 375 8 11 0.038576305 
326 377 7 10 0.038235236 
157 355 18 18 0.035021424 
537 391 8 11 0.034781266 
735 373 9 11 0.034085363 
599 382 8 11 0.034040634 
320 392 10 12 0.033932116 
474 359 9 12 0.033913594 
678 375 9 12 0.033412956 
792 398 8 10 0.033062734 
742 335 7 9 0.032718815 
360 393 9 11 0.032292377 
496 375 9 11 0.03225565 
646 367 8 10 0.03159632 
455 398 9 12 0.03153731 
541 390 9 11 0.03074074 
670 403 10 12 0.03066275 
743 373 8 11 0.030577442 
495 383 11 13 0.030171191 
784 389 10 12 0.029785769 
447 395 11 14 0.029148858 
766 405 9 11 0.028932964 
640 373 9 11 0.028149022 
472 364 10 12 0.027582264 
672 379 9 11 0.027459824 
461 398 9 12 0.027276427 
637 391 9 11 0.02719261 
775 391 8 11 0.027064206 
233 382 9 11 0.026913607 
761 390 7 10 0.026607897 
543 381 9 11 0.026593564 
676 366 8 10 0.026582211 
881 66 26 29 0.026450833 
413 381 9 11 0.026391475 
824 391 8 10 0.02638465 
767 389 9 11 0.026181694 
744 381 8 11 0.026149387 
607 374 8 12 0.025955595 
733 380 10 11 0.025810113 
536 382 8 10 0.025776379 
541 397 8 10 0.025553877 
612 130 401 488 0.025221596 
238 382 9 12 0.025067205 
766 400 8 9 0.025050415 
798 351 8 10 0.024749257 
766 368 17 23 0.024380974 
366 390 9 11 0.024127329 
758 337 8 9 0.024090188 
794 368 7 10 0.023968011 
599 399 8 10 0.023942871 
541 361 18 22 0.023879312 
606 381 8 11 0.023570798 
760 383 8 10 0.023056509 
428 390 8 11 0.02299271 
566 382 9 11 0.022992233 
639 404 9 12 0.022815662 
479 322 9 11 0.022783274 
792 336 8 10 0.022759363 
772 379 8 11 0.022696286 
488 375 8 10 0.022590822 
573 389 8 12 0.022342943 
733 414 10 14 0.021964965 
453 387 10 13 0.021871446 
638 398 9 11 0.02178272 
325 327 123 126 0.021764623 
819 368 8 10 0.021736978 
814 336 9 10 0.02114283 
752 351 8 10 0.021131063 
647 380 8 11 0.02111173 
823 361 7 9 0.021091476 
528 391 8 11 0.021021089 
806 376 8 9 0.020953722 
762 397 8 10 0.020933317 
551 390 8 10 0.020623516 
561 375 8 10 0.020470418 
-12 271 403 417 0.020234266 
536 374 8 10 0.020133208 
737 361 8 9 0.02012795 
374 385 18 24 0.020040974 
