39_Ice_Skating_iceskiing_39_817
70
401 368 72 91 0.99825567 
519 328 49 79 0.25778088 
124 551 32 34 0.24564804 
643 102 63 84 0.19201559 
142 545 25 31 0.10133079 
427 256 30 43 0.07708694 
155 550 15 21 0.07141066 
635 71 62 70 0.07075236 
443 246 39 53 0.07046706 
918 513 27 35 0.06960037 
-3 621 105 148 0.06865216 
697 0 22 19 0.06827391 
85 409 15 17 0.06826139 
222 776 23 31 0.063942105 
205 591 17 24 0.058474578 
849 48 31 38 0.05026542 
2 379 25 44 0.044336677 
276 709 16 22 0.043989282 
660 278 44 67 0.043647896 
660 126 37 54 0.043029614 
107 530 46 51 0.041132927 
158 609 16 18 0.039982986 
833 309 91 131 0.038973227 
519 359 32 54 0.038239036 
172 662 44 57 0.036902882 
579 121 50 59 0.03666278 
663 48 59 75 0.03608474 
275 717 26 35 0.032844268 
238 758 27 35 0.032371953 
459 245 43 59 0.031821936 
972 -4 48 57 0.029888475 
901 466 25 32 0.029871723 
654 4 14 15 0.029850727 
938 87 42 45 0.029496627 
95 710 111 152 0.029176097 
442 317 48 56 0.028240144 
929 392 32 39 0.028058033 
198 492 11 13 0.02782539 
188 677 18 24 0.027677475 
291 636 32 38 0.027407207 
673 489 110 195 0.026604485 
250 678 29 38 0.026360082 
112 518 32 36 0.026055038 
216 767 42 55 0.025207145 
96 511 32 36 0.025194518 
827 395 26 30 0.025102843 
586 127 28 39 0.024940636 
251 762 13 18 0.024857558 
191 562 15 18 0.024856666 
692 155 12 15 0.024639416 
427 276 18 24 0.024034046 
130 528 36 44 0.023898799 
188 553 25 30 0.023406185 
119 450 31 32 0.023127655 
626 47 59 65 0.022609686 
685 29 54 77 0.022210592 
790 275 108 155 0.021691198 
204 723 14 19 0.02154394 
458 271 28 38 0.021507736 
909 89 48 57 0.02134929 
243 635 15 19 0.021313872 
518 245 54 72 0.021021089 
275 728 45 57 0.020877248 
233 772 26 36 0.020845242 
35 633 52 69 0.020680282 
148 673 47 64 0.02060969 
149 660 14 17 0.020607268 
267 698 22 32 0.020532751 
613 114 71 73 0.020461738 
97 551 34 39 0.020291196 
