39_Ice_Skating_iceskiing_39_416
29
399 267 68 88 0.9947279 
553 115 461 570 0.09058057 
844 123 12 15 0.051368598 
76 430 11 12 0.039836187 
28 327 11 12 0.03859389 
39 347 10 13 0.033456102 
168 387 8 10 0.033039786 
65 319 8 8 0.032678396 
41 367 9 10 0.032610934 
531 479 36 33 0.032425858 
168 407 8 10 0.032378424 
836 157 11 15 0.029733915 
23 327 10 12 0.028601494 
49 326 9 11 0.027172433 
686 38 9 13 0.026749603 
70 319 9 11 0.026308823 
24 366 10 12 0.025592664 
6 336 9 12 0.02514138 
159 390 8 10 0.023559261 
151 399 10 11 0.023481315 
55 349 9 12 0.023201115 
652 65 16 20 0.022720668 
58 366 8 10 0.02255048 
61 311 9 11 0.022475308 
683 44 9 12 0.022288295 
33 349 9 11 0.022053419 
55 309 10 11 0.021672886 
2 429 14 18 0.020276349 
46 319 9 11 0.020249525 
