39_Ice_Skating_Ice_Skating_39_438
38
749 363 113 143 0.99996066 
340 247 94 134 0.999493 
627 321 57 70 0.9972185 
701 474 48 61 0.24337816 
1002 508 13 17 0.20613387 
640 155 32 32 0.109704755 
1004 471 11 14 0.09955541 
69 540 11 15 0.081218734 
556 461 10 13 0.080937386 
602 -4 380 441 0.07593032 
468 101 10 12 0.061956804 
46 500 14 19 0.05796101 
1006 597 17 40 0.05416833 
59 495 25 31 0.04740437 
0 487 21 34 0.042729132 
573 614 70 70 0.041077193 
999 544 23 34 0.038693305 
550 520 13 16 0.031079778 
440 243 13 16 0.030930433 
993 580 29 48 0.02869461 
685 457 77 98 0.0277538 
949 585 55 71 0.026404118 
222 42 14 18 0.025430858 
421 126 10 12 0.025137076 
49 495 23 30 0.025037304 
411 1153 121 178 0.023774268 
906 742 42 39 0.023094766 
364 1073 194 302 0.023058536 
981 580 27 39 0.02253494 
59 1095 114 130 0.022346107 
352 852 404 558 0.021782165 
39 415 8 12 0.021726131 
964 616 29 33 0.02139669 
553 457 10 13 0.02136017 
553 504 26 32 0.020789264 
977 586 43 69 0.02016225 
890 65 150 200 0.020121947 
587 590 57 66 0.020105904 
