39_Ice_Skating_iceskiing_39_696
19
363 213 25 26 0.98008025 
610 254 29 31 0.88696593 
354 315 13 14 0.10806829 
646 342 12 14 0.09850482 
576 358 11 14 0.09086721 
390 318 13 15 0.060154542 
596 413 11 13 0.047919266 
385 316 11 14 0.044008836 
642 361 9 11 0.04233695 
363 342 16 18 0.034840122 
357 332 13 14 0.028089536 
600 403 12 13 0.02769637 
354 346 25 29 0.024322584 
356 324 14 16 0.023925416 
383 308 13 17 0.023383033 
605 256 20 25 0.022872612 
607 239 29 36 0.022413654 
359 337 13 17 0.021468103 
609 358 9 11 0.02005139 
