39_Ice_Skating_Ice_Skating_39_487
33
504 253 57 75 0.999405 
887 46 50 60 0.23963842 
461 6 16 21 0.08538228 
451 3 21 27 0.059799064 
919 271 17 23 0.057830025 
51 83 24 36 0.04686168 
998 25 28 37 0.0437563 
447 10 14 18 0.041823305 
21 127 29 38 0.040028464 
1011 327 12 24 0.037405636 
902 246 14 18 0.037401 
782 355 13 16 0.031427823 
886 7 63 68 0.030027226 
420 0 14 13 0.029839927 
48 243 54 75 0.029075695 
863 208 14 20 0.028913105 
535 927 47 48 0.028680127 
0 525 8 13 0.027426455 
76 353 409 452 0.025570892 
159 423 11 13 0.025498457 
812 270 9 13 0.024892244 
18 106 34 40 0.024846753 
832 12 31 35 0.023385817 
879 39 32 44 0.023377806 
25 89 26 33 0.02280131 
176 393 13 15 0.021869767 
808 314 31 45 0.02137494 
934 6 37 37 0.02117882 
395 17 13 17 0.02115659 
581 435 452 467 0.021029115 
104 477 9 12 0.020454314 
872 28 29 42 0.02035953 
986 67 42 78 0.020302717 
