39_Ice_Skating_Ice_Skating_39_417
25
319 245 64 80 0.9977748 
251 247 54 74 0.9977258 
503 282 69 88 0.99764806 
615 201 73 99 0.99552417 
478 165 14 20 0.9938232 
866 178 14 17 0.90483004 
370 166 16 19 0.84400517 
244 191 27 31 0.3873517 
980 165 10 12 0.25254077 
197 282 30 52 0.07621624 
424 207 9 11 0.0697114 
245 185 18 21 0.06715689 
976 169 13 19 0.05806623 
257 185 17 22 0.056915283 
257 708 28 35 0.055985242 
243 183 44 50 0.0341675 
390 218 27 45 0.033014126 
301 338 375 428 0.030029241 
989 168 10 13 0.029731205 
355 176 14 18 0.027136484 
981 175 16 19 0.022669626 
475 199 31 40 0.021837767 
483 191 27 34 0.021457931 
205 270 44 61 0.021239564 
312 180 12 15 0.020377684 
