39_Ice_Skating_Ice_Skating_39_875
18
702 195 57 65 0.99174774 
768 293 73 85 0.98840904 
463 307 70 62 0.14594088 
218 2 18 20 0.06573064 
910 32 14 17 0.055155434 
699 37 25 30 0.053864673 
476 318 41 33 0.04439761 
940 0 36 33 0.038056094 
557 42 25 30 0.035410717 
884 596 11 13 0.03267752 
327 -1 21 18 0.028366374 
450 237 37 38 0.028122826 
26 0 18 21 0.02505039 
493 304 69 66 0.024882335 
482 401 15 19 0.023781601 
427 290 35 36 0.022492263 
202 -2 26 26 0.021949042 
681 145 84 110 0.02068457 
