39_Ice_Skating_iceskiing_39_901
145
664 415 27 36 0.99929774 
303 145 33 52 0.9328629 
916 300 29 31 0.45596126 
570 250 15 22 0.43987623 
628 412 25 28 0.4238245 
662 331 13 17 0.39852428 
707 331 13 16 0.36343402 
495 501 67 54 0.29406774 
451 198 16 20 0.24718185 
549 365 16 23 0.23128648 
720 359 12 15 0.18493643 
704 315 10 12 0.17670108 
964 312 14 19 0.16448258 
935 165 27 34 0.14184307 
875 320 23 27 0.13724746 
617 399 12 15 0.12591028 
692 326 11 13 0.11306324 
912 161 33 40 0.11158138 
801 267 16 19 0.09830694 
636 383 16 21 0.093159325 
636 393 15 19 0.07778371 
281 149 58 73 0.07327653 
610 353 22 27 0.07225443 
602 349 21 29 0.07185845 
623 423 29 34 0.07049683 
619 405 25 27 0.07018806 
666 361 18 20 0.06957645 
972 393 13 16 0.06780879 
449 147 15 17 0.06385162 
701 350 11 15 0.063697346 
685 341 10 13 0.05936389 
913 289 25 31 0.05573701 
652 412 26 34 0.054815166 
696 352 11 14 0.053146675 
708 363 17 19 0.052763738 
613 398 21 25 0.052561563 
657 327 10 13 0.05197628 
937 205 18 22 0.051958878 
688 332 10 13 0.05132027 
866 292 14 17 0.05128847 
1012 335 10 14 0.049528245 
728 -6 120 124 0.047744866 
969 313 16 20 0.047719613 
461 143 21 26 0.047327586 
705 337 12 16 0.046791535 
559 252 22 27 0.046686675 
626 393 22 27 0.043158986 
870 306 14 17 0.043095503 
713 360 21 24 0.042549733 
598 352 15 22 0.04249281 
657 320 8 11 0.04200754 
657 337 12 16 0.041668545 
670 351 12 14 0.041064266 
616 333 9 12 0.041008536 
679 340 11 13 0.04008445 
971 318 21 28 0.040011995 
668 335 13 16 0.039471272 
622 425 17 21 0.03741629 
641 378 15 20 0.03724341 
676 334 11 13 0.036670897 
927 299 19 21 0.03631282 
917 307 17 20 0.036001254 
668 328 12 15 0.03421284 
414 261 11 14 0.03395509 
587 363 15 19 0.033859383 
661 348 11 14 0.03314419 
382 251 12 13 0.03284527 
686 347 10 14 0.03230502 
644 371 13 18 0.031793684 
640 419 17 24 0.031718098 
603 423 42 49 0.03158214 
626 370 26 32 0.031530388 
980 406 17 20 0.031290375 
409 134 11 13 0.031201668 
461 286 15 17 0.03108637 
443 427 15 19 0.030708037 
451 376 15 19 0.030652544 
639 331 13 14 0.02983888 
509 371 13 17 0.029505394 
607 343 10 14 0.02943716 
768 267 45 66 0.029007357 
1012 357 12 19 0.02883612 
868 299 23 27 0.028820064 
765 337 23 29 0.02811681 
873 305 26 28 0.02794506 
403 307 15 17 0.027707374 
998 177 16 23 0.027464103 
882 316 17 20 0.027399873 
497 318 9 12 0.02721371 
775 332 10 13 0.027159918 
703 327 11 16 0.026828254 
782 248 25 33 0.026741674 
740 40 323 405 0.026656555 
683 364 12 15 0.02652534 
459 344 14 19 0.026416974 
389 279 25 29 0.026321102 
713 331 12 14 0.026320934 
743 319 11 14 0.026190864 
441 420 14 15 0.026066015 
510 301 14 17 0.026024014 
663 357 13 15 0.025950462 
763 412 13 17 0.02586051 
695 320 9 11 0.02579488 
629 332 11 13 0.024907677 
766 342 12 15 0.024573492 
580 333 9 13 0.024275664 
559 244 16 21 0.024200922 
397 147 11 13 0.024066519 
601 392 21 29 0.023974909 
674 357 13 16 0.023927609 
846 173 26 30 0.02390167 
406 341 10 12 0.02374692 
609 342 41 49 0.023517357 
632 380 15 18 0.02348935 
677 347 12 14 0.023459783 
778 307 47 65 0.02339981 
661 320 9 12 0.023228917 
707 312 10 12 0.023142887 
978 325 24 30 0.023102535 
940 315 12 16 0.022926519 
994 354 14 18 0.022672713 
782 360 15 22 0.02261486 
632 434 25 30 0.022467293 
594 283 16 19 0.022267984 
843 373 13 16 0.021851266 
863 288 13 15 0.02167033 
405 283 12 16 0.021627387 
522 493 55 55 0.021501945 
701 339 22 25 0.021470321 
738 372 24 26 0.021467652 
957 371 15 18 0.021400861 
512 316 12 14 0.021274678 
659 365 19 22 0.02114972 
782 333 29 41 0.021020826 
656 347 11 15 0.02093256 
413 275 10 14 0.020854753 
691 340 13 15 0.020733455 
635 402 24 31 0.02060439 
1006 356 13 18 0.02040822 
296 116 53 76 0.020389678 
652 368 15 19 0.020359192 
931 291 16 19 0.020355145 
947 249 17 19 0.020293731 
464 302 12 14 0.020114994 
456 285 11 15 0.02005602 
