39_Ice_Skating_iceskiing_39_495
21
456 65 57 68 0.9855627 
472 82 72 78 0.14366437 
611 157 31 40 0.13485527 
511 68 57 61 0.12844867 
676 50 112 131 0.052635383 
583 203 59 61 0.04380528 
622 120 31 33 0.038391415 
661 72 60 68 0.026541587 
451 63 37 52 0.025860129 
720 78 64 84 0.024904022 
550 206 60 58 0.024843488 
622 96 36 36 0.02383049 
779 52 40 45 0.023676692 
540 174 53 56 0.02297113 
595 240 43 41 0.022966051 
607 138 34 41 0.022759622 
715 493 32 35 0.022296116 
614 86 35 36 0.021999862 
870 247 50 73 0.021565964 
642 41 103 113 0.0205114 
604 102 34 35 0.020042134 
