39_Ice_Skating_Ice_Skating_39_568
25
360 116 34 48 0.99538815 
910 118 13 17 0.9320307 
105 125 24 29 0.91760397 
181 163 15 19 0.67755896 
915 306 36 62 0.62794155 
701 119 14 20 0.5862704 
896 135 9 11 0.09993703 
695 115 14 22 0.08310809 
69 188 16 20 0.073199905 
543 134 13 18 0.071974814 
921 139 11 14 0.057523012 
944 117 9 12 0.04695477 
280 117 8 11 0.039870113 
616 158 10 11 0.035300568 
39 172 10 15 0.034365017 
233 126 9 11 0.033177122 
247 112 8 10 0.030714732 
183 157 23 29 0.029282987 
700 108 15 20 0.02908094 
949 116 11 13 0.026615428 
1004 140 12 15 0.02518323 
897 311 38 45 0.024649493 
899 141 11 14 0.022042634 
885 324 48 54 0.021009475 
285 181 13 16 0.020289067 
