39_Ice_Skating_Ice_Skating_39_658
116
113 416 8 10 0.28487125 
52 418 11 14 0.12510677 
960 364 12 15 0.10636999 
473 74 26 29 0.09577073 
2 389 8 12 0.0875683 
888 408 9 10 0.07988249 
968 424 10 13 0.07328957 
183 415 8 11 0.07299321 
689 396 9 11 0.07279361 
201 408 9 11 0.06749427 
645 415 9 12 0.06716564 
150 397 8 11 0.06686916 
609 375 10 12 0.06653139 
86 414 8 11 0.061348274 
780 398 9 11 0.060333915 
443 68 15 19 0.056048475 
917 387 12 14 0.05513798 
448 407 9 10 0.0550931 
988 414 13 16 0.054847922 
4 413 9 12 0.05187081 
82 415 8 11 0.049677867 
1015 406 8 12 0.049117025 
593 392 9 11 0.04815582 
878 399 10 12 0.047071945 
974 426 10 14 0.04682109 
598 392 8 10 0.045448016 
913 373 10 13 0.045267787 
792 420 11 12 0.04256717 
943 399 8 10 0.042513866 
740 406 11 14 0.04231006 
113 430 9 11 0.042248312 
185 406 8 10 0.04206482 
146 399 9 11 0.038958553 
655 414 9 12 0.038128857 
893 404 10 13 0.037985653 
973 411 9 13 0.037326958 
0 458 22 39 0.03649626 
982 420 13 16 0.03521213 
175 428 9 11 0.034829494 
176 422 9 11 0.034494147 
432 406 8 11 0.033595107 
168 415 7 10 0.033108912 
176 415 8 11 0.032752573 
990 407 10 12 0.032436047 
49 400 8 11 0.032233972 
47 428 9 11 0.032149293 
98 447 7 10 0.032067344 
52 404 10 12 0.03191535 
692 395 10 13 0.031229574 
439 407 8 11 0.03122136 
808 415 10 11 0.030993713 
695 415 12 15 0.03097025 
901 383 9 13 0.030712232 
223 429 9 11 0.03027914 
981 426 10 14 0.029923353 
145 406 9 11 0.029726887 
982 406 10 12 0.02956853 
204 411 10 12 0.029458199 
448 398 8 10 0.028924713 
780 414 10 14 0.028715853 
187 179 451 565 0.028405603 
459 44 12 15 0.028331831 
736 412 10 14 0.028262695 
115 419 10 12 0.027739646 
867 412 11 14 0.027472284 
464 53 40 50 0.027344916 
970 407 9 12 0.026604047 
680 398 9 11 0.026359843 
913 380 11 14 0.025995811 
189 413 9 11 0.025985835 
17 391 8 11 0.025969088 
992 396 10 12 0.025911095 
619 39 10 12 0.025696222 
102 421 9 11 0.025445696 
775 418 11 13 0.025276767 
447 383 8 11 0.025171313 
567 373 9 12 0.025104254 
895 387 11 14 0.024856921 
894 397 11 14 0.024502495 
87 408 8 11 0.024098272 
456 399 8 10 0.0239307 
417 -24 340 430 0.023754692 
870 406 11 13 0.023733186 
40 430 8 10 0.023682978 
645 397 10 13 0.023549685 
97 454 8 10 0.023269529 
80 420 10 12 0.022725388 
914 332 12 15 0.022698468 
0 395 9 13 0.022236237 
186 439 8 11 0.022144226 
671 399 8 10 0.022058336 
199 422 9 11 0.021933334 
190 407 9 11 0.021904873 
190 400 8 10 0.021895131 
103 416 8 10 0.021882216 
118 444 11 14 0.021738648 
993 388 10 14 0.021687442 
886 398 10 14 0.021623274 
387 45 13 17 0.021482058 
613 380 8 11 0.02144644 
615 368 7 11 0.021195216 
448 389 8 11 0.021138744 
750 413 9 13 0.021106316 
743 400 11 13 0.020947589 
544 396 9 13 0.02089873 
606 405 9 10 0.02089343 
448 367 8 11 0.020864371 
678 406 10 11 0.020825276 
142 356 12 14 0.020555496 
535 157 131 141 0.020458318 
103 430 8 11 0.020367002 
191 439 8 11 0.0201302 
754 451 14 17 0.020115169 
797 415 11 14 0.02005645 
982 388 11 14 0.02001908 
892 347 13 18 0.020018294 
