9_Press_Conference_Press_Conference_9_424
17
60 328 95 156 0.9990607 
494 45 167 271 0.9989503 
839 356 166 241 0.23093742 
636 372 108 161 0.1112885 
503 345 362 508 0.09019753 
121 816 67 81 0.071666285 
792 667 98 143 0.069393605 
832 691 58 91 0.058711536 
25 631 44 58 0.030117827 
230 589 203 299 0.029638888 
439 656 372 441 0.02631077 
201 806 51 75 0.026119264 
188 684 26 34 0.023082048 
652 345 181 245 0.023040134 
142 794 86 111 0.021977693 
898 2 102 104 0.021629484 
661 607 190 295 0.021337349 
