9_Press_Conference_Press_Conference_9_40
130
750 118 28 36 0.99842095 
299 178 14 17 0.9941392 
51 224 18 23 0.98688847 
221 229 37 53 0.98397857 
464 179 18 22 0.9809576 
13 171 17 21 0.97736907 
246 170 13 17 0.9769233 
404 162 15 20 0.97535205 
109 186 16 19 0.9743999 
712 157 34 39 0.9698579 
528 167 20 27 0.95340484 
897 172 29 35 0.9471059 
368 235 21 26 0.9266362 
460 156 15 18 0.9241991 
187 181 15 19 0.9138164 
352 167 14 18 0.910586 
374 177 12 15 0.90770966 
424 166 16 21 0.8852067 
333 180 11 15 0.8221666 
694 159 21 29 0.81422687 
206 173 14 18 0.76471746 
320 231 22 45 0.7442792 
919 130 30 37 0.7404709 
510 168 15 19 0.7112412 
260 214 24 31 0.7009498 
983 174 44 39 0.5424753 
592 137 18 21 0.39797488 
566 171 12 17 0.34740004 
696 159 13 17 0.247312 
597 171 13 18 0.22819285 
664 174 21 28 0.19645548 
515 196 14 18 0.14778529 
592 125 22 27 0.14392315 
559 158 13 17 0.13145536 
445 173 13 16 0.13037135 
206 180 14 21 0.12246982 
563 163 15 19 0.116209686 
650 214 13 17 0.09690129 
588 166 20 25 0.086363 
969 167 39 41 0.07946688 
951 187 14 16 0.07060511 
611 173 404 392 0.06669109 
323 220 20 32 0.066406325 
533 200 14 19 0.06532238 
367 228 16 21 0.065221414 
522 202 15 19 0.06414689 
709 147 23 35 0.06290121 
665 175 12 15 0.059962437 
503 169 14 21 0.055829704 
103 193 24 28 0.05532003 
908 138 28 34 0.054241423 
195 180 14 17 0.054235097 
576 112 11 13 0.053038906 
389 174 13 18 0.05230753 
935 136 17 23 0.050942253 
266 247 22 38 0.0495823 
966 150 30 38 0.04901611 
342 164 12 16 0.048245825 
586 144 24 28 0.045521975 
215 190 14 21 0.04127944 
427 160 12 15 0.041268297 
601 125 13 17 0.03804595 
1 122 15 19 0.037211742 
354 172 16 21 0.03677838 
932 169 15 17 0.036765736 
662 201 12 15 0.03541012 
416 278 26 37 0.035341006 
559 169 14 18 0.03527168 
443 163 14 19 0.035130966 
447 239 29 32 0.035078082 
924 154 27 29 0.034776617 
662 221 10 11 0.034775566 
678 261 12 15 0.034048453 
510 190 14 18 0.033879284 
436 245 29 32 0.03373354 
252 276 26 33 0.03331256 
716 141 15 24 0.032858446 
581 164 17 21 0.031240739 
349 291 14 18 0.031005528 
420 252 28 39 0.030903311 
829 189 12 17 0.030569477 
649 253 11 14 0.02977219 
979 186 41 46 0.029608177 
563 130 13 16 0.029114109 
470 219 15 18 0.028808778 
331 211 14 20 0.028689135 
250 176 12 17 0.02824824 
455 173 19 25 0.027793823 
386 161 15 19 0.027264819 
192 246 27 35 0.027108964 
416 286 13 24 0.026259456 
332 190 14 18 0.025797507 
522 369 22 39 0.025643649 
698 138 41 54 0.025496768 
597 120 12 14 0.025284942 
458 233 30 32 0.025146198 
909 182 31 34 0.025122683 
552 150 10 12 0.025023397 
670 221 9 11 0.025017973 
344 159 18 24 0.02488955 
827 229 15 16 0.024853708 
476 238 17 20 0.024816398 
903 159 46 48 0.024592072 
378 174 13 17 0.024561053 
739 156 15 23 0.024410984 
358 227 11 16 0.024375634 
660 185 21 27 0.024045724 
945 179 23 29 0.024042388 
924 171 14 16 0.023856571 
600 142 16 19 0.023651926 
437 170 12 16 0.023651239 
187 203 24 30 0.023588452 
443 147 14 18 0.023438722 
451 236 17 20 0.02337416 
534 612 33 43 0.023365129 
348 274 11 15 0.023352172 
930 165 25 28 0.02255173 
573 110 21 24 0.02232658 
923 175 27 34 0.022042254 
821 180 20 32 0.021853287 
175 45 32 30 0.021710869 
456 160 15 18 0.021262994 
898 162 18 22 0.021219825 
923 162 16 18 0.021168048 
338 164 11 14 0.021106277 
899 155 15 19 0.020812534 
577 105 9 11 0.02061408 
262 274 16 20 0.020567337 
910 152 30 34 0.020375196 
645 215 21 28 0.020110281 
