9_Press_Conference_Press_Conference_9_89
27
404 166 82 122 0.9974476 
667 203 67 104 0.99302036 
786 224 54 64 0.9929662 
143 121 60 121 0.9264929 
805 285 50 75 0.08903532 
996 256 23 34 0.086131416 
46 672 458 498 0.06596926 
884 433 19 21 0.061470237 
776 247 54 75 0.053684726 
525 219 44 58 0.050685767 
954 556 17 21 0.05044622 
812 226 35 47 0.033385266 
665 432 29 31 0.027847107 
822 302 50 64 0.027480239 
843 360 37 39 0.026984833 
1005 489 16 22 0.026228687 
593 470 18 21 0.026200777 
856 348 33 39 0.026037361 
900 391 11 12 0.025569245 
533 381 14 18 0.025395965 
974 194 11 14 0.02538515 
-4 281 502 481 0.025381422 
752 257 47 71 0.023117242 
507 346 16 20 0.02251115 
998 449 14 19 0.021971589 
983 378 10 12 0.021871166 
1004 259 23 37 0.020539543 
