9_Press_Conference_Press_Conference_9_66
48
219 173 70 87 0.9957339 
887 265 71 87 0.99485093 
457 287 47 70 0.9746898 
122 18 37 42 0.80440044 
641 139 17 18 0.4384852 
648 171 17 19 0.2952218 
573 115 16 20 0.22078636 
402 336 51 58 0.20419577 
71 149 13 18 0.12941694 
100 235 42 51 0.11382502 
143 261 51 51 0.058545213 
639 145 22 26 0.053679205 
440 304 49 63 0.050910152 
429 190 42 56 0.04675808 
178 270 44 54 0.042570814 
411 125 27 27 0.040850487 
298 133 28 31 0.039096314 
129 11 21 21 0.035456184 
833 294 50 78 0.035056703 
576 110 25 30 0.033374898 
93 226 33 43 0.03316766 
569 192 16 20 0.031607803 
662 179 13 17 0.031289663 
481 114 26 28 0.030789029 
615 222 10 13 0.030237626 
76 125 12 15 0.030136606 
831 234 44 50 0.029492734 
571 125 17 20 0.028935662 
197 280 35 48 0.028798398 
566 114 16 20 0.028713685 
738 138 25 28 0.027208235 
133 4 30 32 0.027045785 
153 73 30 34 0.026516842 
407 172 54 63 0.025531463 
572 152 24 27 0.025521204 
573 70 17 20 0.0246936 
579 148 17 20 0.023076637 
186 166 45 69 0.022254113 
640 158 23 28 0.022189857 
145 8 17 21 0.022029921 
87 35 14 18 0.022003103 
362 246 42 55 0.021508647 
637 194 30 31 0.021347575 
171 292 53 66 0.021049595 
658 201 15 16 0.021021256 
280 210 29 41 0.020807354 
59 152 42 58 0.020318024 
474 78 17 20 0.020140124 
