9_Press_Conference_Press_Conference_9_31
214
46 286 14 17 0.99285114 
81 481 21 36 0.9336569 
18 307 15 18 0.9045796 
443 205 15 21 0.88389397 
587 210 14 18 0.84594285 
806 444 28 32 0.7823876 
859 431 22 29 0.7801107 
338 386 21 27 0.73577553 
186 377 22 28 0.71456265 
56 421 28 32 0.69476724 
259 373 26 31 0.6327303 
150 426 30 37 0.582656 
339 492 29 36 0.57730186 
905 400 26 35 0.5225154 
117 374 17 23 0.51752335 
958 437 24 29 0.4823288 
279 579 54 51 0.42221507 
614 433 28 34 0.35055357 
745 379 24 29 0.349293 
969 493 28 36 0.33878812 
192 436 32 38 0.33726966 
70 377 22 28 0.33157197 
818 373 22 27 0.3246896 
663 389 18 20 0.32322234 
396 432 26 30 0.30585635 
403 381 22 26 0.28010473 
878 389 21 26 0.27540696 
83 378 15 22 0.26197922 
980 354 17 21 0.25296873 
11 423 17 23 0.23662129 
19 359 17 19 0.21859682 
28 439 17 21 0.20196436 
67 485 34 49 0.18471512 
867 427 24 30 0.17718388 
969 434 26 30 0.17396097 
298 442 30 34 0.1719931 
66 428 26 31 0.16697319 
929 364 17 20 0.14227763 
887 494 32 38 0.1406345 
336 508 42 58 0.13633972 
72 360 25 29 0.12040305 
938 365 18 20 0.11652287 
870 518 22 34 0.115811996 
29 619 25 29 0.11435152 
589 454 31 38 0.111861035 
786 491 30 36 0.10671001 
804 431 26 30 0.10292002 
599 438 42 54 0.1028593 
876 516 38 46 0.10193647 
224 516 30 39 0.09871825 
825 449 15 21 0.09734946 
680 533 19 31 0.0964454 
721 612 68 54 0.095630266 
315 434 16 19 0.09527653 
63 413 25 29 0.09409454 
394 452 27 31 0.08606181 
429 210 11 15 0.08589407 
722 432 24 29 0.08028952 
25 306 13 18 0.08023316 
300 586 59 58 0.078044295 
595 386 16 19 0.07621111 
332 458 14 18 0.075129114 
139 529 16 21 0.072095625 
64 386 23 27 0.070021585 
885 392 24 30 0.0699518 
279 597 31 38 0.0679779 
972 490 18 24 0.067394204 
152 508 39 48 0.06601008 
661 382 15 18 0.06427392 
75 596 25 37 0.06184358 
404 393 22 26 0.061277684 
0 309 10 17 0.060953792 
915 395 14 19 0.060924836 
928 370 21 26 0.060079515 
1004 370 16 20 0.059660796 
874 497 30 36 0.05783225 
82 338 14 16 0.057487883 
9 409 19 26 0.055908374 
869 385 21 27 0.055570144 
657 387 12 20 0.05530883 
883 381 18 21 0.05527739 
958 221 12 14 0.053564236 
310 580 32 43 0.05097684 
856 522 27 41 0.05087214 
104 563 44 63 0.05047249 
304 430 24 28 0.050050784 
326 456 15 19 0.050008904 
741 390 16 21 0.04970897 
298 440 20 22 0.049600575 
814 361 24 30 0.048753798 
20 426 19 27 0.046859924 
317 334 23 30 0.04593108 
408 461 26 32 0.04575597 
797 443 19 24 0.045699663 
308 639 53 49 0.04430844 
814 376 16 21 0.043881085 
852 371 21 25 0.0438706 
334 453 23 28 0.04213742 
171 518 25 36 0.040823944 
76 344 22 26 0.04073933 
343 527 48 60 0.04069758 
901 436 17 20 0.040611386 
908 395 16 22 0.040447105 
1014 312 10 18 0.039778374 
19 394 24 26 0.039508395 
980 365 17 21 0.0389497 
160 417 25 33 0.038915005 
345 379 16 26 0.038405888 
782 393 15 20 0.03813919 
110 382 26 32 0.03718318 
656 381 12 16 0.036776416 
18 415 17 27 0.036666486 
461 639 16 21 0.036492832 
320 449 25 30 0.036462206 
436 187 11 15 0.03526565 
679 601 120 91 0.034805592 
430 202 19 26 0.034757942 
732 530 14 18 0.03428973 
591 393 16 20 0.0340175 
299 361 18 23 0.033758402 
43 346 16 21 0.033733305 
720 519 29 34 0.03369775 
868 366 15 16 0.03333841 
467 632 15 23 0.033297125 
44 341 14 16 0.03284741 
60 364 23 28 0.03236878 
839 515 34 47 0.03233157 
56 591 45 55 0.032205902 
110 371 18 22 0.032041743 
857 383 20 26 0.031398542 
873 406 24 29 0.03131261 
345 484 42 52 0.031236928 
344 455 26 31 0.030610023 
877 625 51 57 0.0302613 
748 374 16 19 0.029916774 
795 455 36 39 0.029754322 
133 524 47 53 0.02951095 
314 448 17 21 0.029386315 
393 452 43 51 0.02933425 
820 383 24 28 0.029209344 
970 429 19 22 0.028998798 
660 602 16 19 0.028751694 
867 379 16 21 0.028627174 
668 513 34 51 0.0281938 
436 196 15 19 0.02817568 
776 493 26 37 0.027809612 
976 481 27 33 0.027413815 
853 364 17 18 0.027338881 
419 471 17 21 0.026844008 
833 450 15 21 0.02649687 
845 436 21 29 0.026314657 
85 572 42 60 0.026217613 
825 367 23 28 0.02614166 
138 517 27 34 0.026088748 
639 197 12 16 0.025999598 
162 427 37 47 0.025979465 
976 426 28 33 0.025540672 
4 308 13 17 0.025500648 
579 184 23 28 0.025178649 
600 457 18 21 0.024809923 
931 381 17 22 0.024808079 
994 276 26 38 0.024709754 
973 356 18 24 0.024638489 
814 364 15 18 0.024525011 
83 365 22 30 0.024441496 
925 356 16 21 0.024423033 
417 384 15 22 0.024385761 
257 385 33 39 0.024275629 
99 440 23 28 0.024131482 
762 490 26 35 0.024085509 
391 191 10 14 0.023962123 
869 517 14 20 0.023848396 
752 470 31 42 0.023802437 
373 397 12 16 0.023756014 
80 437 16 24 0.023564907 
880 434 16 21 0.023530602 
298 385 18 24 0.023485864 
403 475 44 54 0.023324294 
920 231 11 14 0.023233231 
950 439 17 24 0.023222113 
430 195 13 16 0.023208067 
11 591 23 32 0.023181101 
352 498 18 26 0.023142315 
677 523 17 26 0.023120297 
667 397 17 19 0.023013312 
721 503 34 38 0.02293911 
950 446 25 34 0.022869283 
901 350 15 17 0.022826917 
883 478 34 38 0.022680236 
43 352 22 28 0.022331998 
304 612 55 55 0.02231618 
376 464 45 56 0.022269338 
54 429 18 22 0.022140259 
829 573 39 59 0.022062555 
171 515 47 58 0.02204843 
333 380 19 22 0.021877471 
408 434 18 22 0.021838658 
269 593 29 36 0.021619465 
732 393 16 19 0.0215652 
683 450 18 20 0.021516358 
881 460 27 31 0.021491202 
710 435 21 34 0.021240065 
729 460 41 49 0.02120181 
795 499 30 35 0.02115068 
1 414 23 33 0.021122076 
857 588 42 59 0.020966671 
761 378 16 21 0.02054568 
55 435 30 34 0.020511212 
359 464 42 50 0.020238534 
354 548 46 62 0.020233097 
951 505 37 49 0.020142466 
790 474 36 39 0.020124698 
655 602 27 31 0.020113448 
838 443 23 30 0.020110562 
