9_Press_Conference_Press_Conference_9_325
22
333 191 61 77 0.9986958 
686 119 59 101 0.9907488 
757 59 20 26 0.5129763 
479 138 21 29 0.07936425 
600 240 17 22 0.07319137 
598 374 15 18 0.06851369 
722 0 16 15 0.06398048 
482 260 13 18 0.062050954 
674 84 17 24 0.051862817 
846 32 22 27 0.040388677 
536 122 22 29 0.040326495 
435 155 12 18 0.038610987 
409 79 81 124 0.03419965 
769 62 16 23 0.034104712 
798 0 16 18 0.031960998 
411 94 47 82 0.03022806 
431 269 13 18 0.027619109 
750 62 17 22 0.02754481 
874 519 43 51 0.02723457 
770 331 116 188 0.025971333 
748 58 40 46 0.025791107 
533 248 22 28 0.025305465 
