0_Parade_marchingband_1_149
99
441 374 30 38 0.9995567 
712 389 29 34 0.99917513 
279 386 28 34 0.9989255 
809 240 23 31 0.998847 
664 236 24 31 0.99851567 
526 384 27 35 0.99833447 
211 233 24 31 0.9978734 
371 381 26 35 0.9974324 
631 379 26 31 0.99740976 
226 314 22 29 0.99709475 
534 223 23 30 0.9970144 
352 238 24 30 0.9967243 
673 318 23 29 0.99591595 
600 242 23 27 0.99583614 
309 315 24 29 0.99508387 
474 234 22 26 0.9944788 
601 323 23 30 0.9943909 
536 301 24 29 0.99379337 
281 231 23 28 0.99186265 
465 305 22 27 0.98909074 
728 240 25 29 0.9888526 
391 309 23 29 0.9842778 
406 225 21 27 0.9820467 
783 315 24 27 0.956576 
310 264 25 25 0.8555879 
241 261 27 30 0.7029495 
703 270 23 26 0.60340124 
437 265 22 26 0.46456966 
565 412 15 18 0.37028217 
561 285 26 33 0.2203918 
624 269 23 28 0.08697682 
666 409 25 28 0.07634792 
449 298 24 31 0.06778324 
269 290 24 29 0.06768922 
351 312 28 33 0.06054853 
333 306 13 17 0.060141463 
336 342 21 26 0.0594218 
199 346 25 30 0.058101863 
737 358 18 21 0.05556087 
576 217 16 21 0.053867742 
624 476 17 17 0.051262505 
289 348 21 26 0.050394297 
499 263 23 26 0.048713148 
271 343 21 25 0.04667804 
382 272 24 31 0.046594933 
556 262 21 27 0.046375982 
560 402 22 29 0.044823993 
566 264 25 32 0.040465392 
601 397 23 29 0.037914667 
237 443 29 32 0.037804745 
426 252 13 18 0.037732523 
313 376 23 26 0.037572097 
919 108 16 18 0.036310315 
630 363 24 30 0.03503393 
552 293 25 29 0.034916367 
603 410 18 23 0.034696437 
532 238 421 472 0.03444212 
280 345 22 26 0.03374756 
462 292 23 28 0.032901432 
209 351 23 29 0.032760605 
414 326 20 28 0.032705177 
469 398 23 31 0.032211166 
279 300 27 31 0.03211731 
220 354 16 23 0.031887934 
635 358 14 18 0.030724782 
185 308 15 18 0.030493509 
440 363 25 32 0.030402 
439 296 24 29 0.029833764 
495 321 22 32 0.029676944 
264 274 25 32 0.029177442 
315 388 24 28 0.029037854 
311 276 27 31 0.02877418 
315 307 26 30 0.027902203 
829 325 10 13 0.027784554 
549 255 15 20 0.027521718 
342 336 25 29 0.027457077 
188 289 14 17 0.026861932 
252 316 14 18 0.026110498 
388 285 22 26 0.026063833 
384 351 21 26 0.025794413 
165 233 16 20 0.025314528 
555 277 25 32 0.02509395 
385 297 25 31 0.025007661 
440 353 22 28 0.02419788 
190 338 27 32 0.023771595 
392 264 21 30 0.023647225 
405 267 14 18 0.023546152 
319 266 26 30 0.023231037 
355 326 20 22 0.02259335 
829 319 11 13 0.022115527 
458 282 23 29 0.022113254 
579 268 18 23 0.021711731 
179 330 15 19 0.021503141 
241 273 20 26 0.021472448 
447 276 25 32 0.021328762 
772 276 24 29 0.021269783 
621 278 17 23 0.0211162 
182 322 27 29 0.020181468 
870 32 34 41 0.020106513 
