0_Parade_Parade_0_913
36
623 212 204 215 0.9997656 
248 150 196 243 0.9994338 
36 109 65 101 0.9979658 
868 59 41 61 0.74212015 
74 42 67 78 0.5144911 
582 16 55 71 0.44844633 
15 71 49 66 0.23204806 
151 372 163 245 0.20579594 
769 47 30 38 0.18410268 
970 65 39 50 0.1649475 
835 187 198 305 0.10118101 
189 72 92 122 0.05531658 
5 145 46 80 0.054849815 
55 67 79 107 0.051459752 
156 147 194 262 0.046162117 
907 430 65 73 0.039775968 
809 37 29 39 0.03844333 
210 436 58 78 0.03695701 
974 2 27 30 0.0365964 
144 261 66 64 0.034265533 
749 147 402 393 0.033262085 
612 20 49 77 0.033165287 
684 12 46 67 0.03212519 
568 32 52 77 0.030980952 
554 51 48 79 0.02775638 
12 68 75 112 0.024539473 
54 56 59 71 0.02448101 
178 419 97 143 0.024441171 
87 188 194 256 0.024371063 
612 6 84 118 0.02304704 
645 33 45 68 0.0229745 
30 267 166 235 0.022268726 
18 115 54 87 0.020652292 
504 41 44 64 0.020634769 
268 428 21 30 0.020250581 
1004 103 20 46 0.020062229 
