0_Parade_Parade_0_288
252
507 210 14 17 0.9235828 
500 171 11 14 0.8442555 
462 198 13 16 0.6669225 
522 229 11 13 0.44189692 
424 218 11 13 0.3900274 
478 339 15 18 0.37061015 
592 340 14 17 0.36733493 
703 407 11 13 0.34804225 
298 390 12 15 0.34269115 
709 338 12 15 0.3262713 
452 343 14 17 0.32494158 
406 184 16 20 0.28481752 
747 328 17 20 0.2837918 
380 360 14 17 0.27307 
184 499 14 19 0.24612409 
352 250 11 13 0.23989004 
475 218 12 16 0.23812038 
481 273 15 19 0.22462256 
503 277 14 19 0.22412403 
411 205 14 16 0.2238453 
535 326 10 14 0.22211705 
388 255 15 20 0.22046201 
388 338 13 17 0.1924357 
427 214 13 14 0.18651551 
575 330 10 12 0.17619048 
656 359 10 11 0.17015642 
513 212 13 16 0.16798322 
334 338 16 21 0.16723683 
579 332 10 12 0.14178744 
697 348 10 12 0.13775691 
792 406 11 14 0.13453194 
509 342 9 12 0.12967297 
470 215 13 16 0.12479739 
374 214 9 13 0.12206693 
429 348 14 18 0.11605325 
463 217 11 14 0.1128111 
523 222 12 14 0.11191845 
488 221 11 15 0.11008111 
526 342 11 13 0.109014355 
523 294 13 15 0.10716073 
421 199 11 13 0.10514716 
367 284 15 18 0.100531355 
445 367 15 18 0.09853002 
503 189 12 17 0.09851825 
408 222 12 13 0.097581096 
413 195 13 16 0.093320124 
286 412 9 12 0.08923722 
413 220 11 14 0.08706354 
349 379 13 15 0.08517676 
655 364 11 13 0.08321157 
873 419 13 16 0.08272791 
506 360 17 20 0.082522124 
425 321 9 11 0.08133012 
593 367 12 14 0.07937177 
352 197 9 12 0.079073 
629 363 10 12 0.07631574 
704 342 12 14 0.07608358 
695 363 15 19 0.07371052 
417 366 11 15 0.07327438 
357 367 11 13 0.072844565 
472 338 13 16 0.07075653 
784 385 13 17 0.06954936 
712 396 10 13 0.06891338 
655 347 10 12 0.06719917 
506 173 10 13 0.062671475 
317 340 10 13 0.060874127 
343 378 11 14 0.060604323 
671 345 9 11 0.060570702 
428 207 12 14 0.05889178 
319 334 10 13 0.057104222 
532 338 12 14 0.05676984 
324 301 12 16 0.05562698 
352 191 9 13 0.05459562 
701 359 10 12 0.054423813 
536 395 13 16 0.053456165 
350 332 12 16 0.052875053 
435 212 10 13 0.051539622 
201 490 11 14 0.0510347 
663 347 9 12 0.050946362 
347 386 14 17 0.05084787 
689 391 10 12 0.050841164 
536 388 12 15 0.05059704 
401 378 15 20 0.050267924 
366 323 12 15 0.04923202 
427 323 12 14 0.04869055 
529 333 12 14 0.048663657 
324 324 11 14 0.048188683 
411 227 11 13 0.048010845 
423 389 17 19 0.04744015 
482 368 21 26 0.046827957 
735 365 9 12 0.046771385 
523 213 12 16 0.04624054 
504 347 11 12 0.046075948 
780 405 11 14 0.045647956 
407 325 9 10 0.045331422 
345 198 10 13 0.044946257 
357 331 11 13 0.044599164 
558 293 12 17 0.04453522 
755 369 39 49 0.044313867 
458 339 13 17 0.044218756 
456 200 13 17 0.042976357 
729 381 10 14 0.04228565 
563 298 11 15 0.041947976 
116 356 13 14 0.041556846 
389 276 13 16 0.041314453 
776 413 11 13 0.041080415 
507 244 11 14 0.040859595 
520 341 10 13 0.040758677 
679 361 12 16 0.040626705 
350 372 14 17 0.03945696 
636 323 11 13 0.039364483 
648 341 11 15 0.03895093 
485 362 16 20 0.038388524 
506 192 16 19 0.038367372 
495 175 13 17 0.037883308 
743 315 12 15 0.03783819 
467 192 12 15 0.037197858 
677 350 10 11 0.03667415 
415 274 13 17 0.035949912 
743 314 23 31 0.03589939 
517 335 10 12 0.035749182 
222 339 11 12 0.03571402 
687 424 11 14 0.035686765 
648 359 9 10 0.035551883 
579 260 11 14 0.035314947 
462 334 14 16 0.03519411 
388 265 15 19 0.03515197 
153 349 10 13 0.03499388 
653 369 12 15 0.03487543 
544 363 13 17 0.034819175 
222 356 13 14 0.034745026 
764 381 24 30 0.034659453 
350 201 10 13 0.034576643 
156 340 14 16 0.03453644 
542 372 11 13 0.034394175 
293 399 13 17 0.03362903 
364 341 15 19 0.03354363 
580 366 10 13 0.033032972 
326 226 11 17 0.03298486 
688 396 11 14 0.032859877 
535 347 12 16 0.032719463 
324 332 12 15 0.032237172 
683 358 10 14 0.032136805 
519 346 12 15 0.03201361 
139 216 423 441 0.031934414 
647 366 12 13 0.031717815 
489 248 16 19 0.03129344 
175 319 10 12 0.031195033 
407 372 21 26 0.031161575 
697 327 9 11 0.031111898 
438 335 11 13 0.030780869 
517 217 19 24 0.030764883 
878 340 11 12 0.030420473 
708 344 13 16 0.030287886 
541 349 10 15 0.030059297 
761 387 17 20 0.030012788 
262 429 11 14 0.029727329 
417 418 15 19 0.029317975 
511 336 11 13 0.029015297 
491 226 12 14 0.028741933 
703 333 11 14 0.028570835 
487 272 19 25 0.02803769 
279 414 13 14 0.027981648 
524 287 13 15 0.027802715 
502 231 10 13 0.02772687 
335 379 12 15 0.027420772 
423 226 12 15 0.027411241 
332 221 12 17 0.027349882 
546 304 18 21 0.027058981 
395 338 11 15 0.026758155 
225 408 9 10 0.026362024 
509 180 10 14 0.026275668 
251 322 15 19 0.026233096 
337 380 22 28 0.026165409 
575 345 11 16 0.026028443 
256 350 11 13 0.025861785 
215 352 11 13 0.02572168 
371 316 15 19 0.025343062 
709 365 10 13 0.02512377 
672 363 11 14 0.025072742 
577 284 12 16 0.02465798 
581 255 8 11 0.024488486 
540 314 15 19 0.024397084 
182 353 11 12 0.024340635 
327 340 13 17 0.024243848 
568 465 10 13 0.02412945 
535 373 11 11 0.024127563 
361 312 20 25 0.023982173 
576 266 13 16 0.0239361 
426 198 12 14 0.02386076 
429 372 11 14 0.023817454 
351 184 9 12 0.023764033 
711 358 10 13 0.02369279 
508 238 10 13 0.023670614 
483 335 15 18 0.023620497 
574 310 12 16 0.02361053 
781 395 11 15 0.023571832 
276 420 15 16 0.023516025 
175 352 9 11 0.023283219 
811 309 14 18 0.02327607 
542 356 12 17 0.023259642 
649 348 10 12 0.02325626 
415 327 9 10 0.023247555 
781 435 18 19 0.023230009 
383 247 11 14 0.023199601 
714 334 11 14 0.02317728 
503 322 10 14 0.023154132 
714 389 13 16 0.023043294 
341 235 14 17 0.023018245 
249 439 10 12 0.022982646 
688 349 9 12 0.022958752 
332 246 16 19 0.02292224 
518 288 21 25 0.022835633 
575 227 12 14 0.022685174 
561 204 9 12 0.02264704 
691 422 14 18 0.022507904 
582 372 9 12 0.022472164 
312 339 11 15 0.022448184 
920 364 11 15 0.022402152 
517 276 12 15 0.022305476 
348 338 12 17 0.022301365 
775 378 12 15 0.022294467 
582 337 20 24 0.02216542 
748 365 29 35 0.021776441 
532 228 13 16 0.021598835 
239 479 9 12 0.021537287 
504 279 24 28 0.021437163 
328 251 12 16 0.021408375 
684 362 12 17 0.021383377 
798 210 117 123 0.021352753 
350 356 12 15 0.021269238 
488 171 11 14 0.021107959 
515 195 15 19 0.021082507 
495 187 13 18 0.02105296 
525 354 12 16 0.020957654 
774 396 12 16 0.020910997 
487 238 14 17 0.02084704 
326 382 11 14 0.020601155 
324 327 20 24 0.020569094 
371 279 12 15 0.020523367 
408 382 22 28 0.020516425 
374 362 22 27 0.020512363 
214 340 12 13 0.020448916 
200 359 11 12 0.020427398 
775 387 22 28 0.020404346 
335 239 21 25 0.020376995 
867 422 16 20 0.020349424 
789 397 12 15 0.020319719 
660 370 11 14 0.02031381 
538 366 21 26 0.02027772 
962 333 11 14 0.020128863 
177 499 13 17 0.020091202 
