0_Parade_Parade_0_266
517
954 338 26 32 0.99578863 
28 418 14 17 0.96384966 
861 570 24 40 0.7244216 
908 439 22 27 0.69894844 
636 380 91 109 0.57394665 
451 410 17 21 0.55354685 
366 357 21 28 0.54384494 
957 310 10 12 0.3645495 
213 382 9 14 0.36170107 
995 322 18 23 0.35979575 
207 331 11 13 0.333095 
265 436 9 11 0.31999558 
225 316 11 15 0.3146117 
128 331 10 14 0.29197836 
164 332 11 14 0.27082852 
153 316 9 11 0.24504706 
68 443 12 15 0.23463014 
48 335 10 13 0.23259214 
171 416 12 16 0.23061351 
27 449 16 18 0.22701646 
929 296 9 12 0.2112817 
128 406 11 14 0.20730105 
502 311 10 12 0.20636348 
929 426 20 30 0.2036299 
68 330 12 15 0.20064592 
79 428 12 14 0.19611526 
887 320 7 10 0.19511755 
703 354 44 79 0.18991913 
6 331 9 12 0.18952467 
815 318 8 9 0.18692975 
126 327 10 13 0.1835214 
148 415 11 14 0.17864415 
111 318 9 11 0.17567563 
25 334 10 12 0.17063418 
873 344 7 9 0.1689133 
912 317 8 10 0.16621871 
217 442 14 16 0.1660481 
356 522 16 18 0.16492563 
762 318 8 11 0.16129142 
921 440 17 24 0.16013326 
810 318 6 9 0.15795352 
792 349 7 10 0.15555528 
831 311 7 9 0.14018053 
934 413 22 38 0.13614549 
125 373 12 15 0.13581532 
225 339 11 13 0.13392115 
91 338 11 14 0.12925671 
871 311 8 10 0.12551928 
5 437 10 14 0.12365795 
95 445 13 16 0.123648755 
71 361 12 14 0.12296191 
6 428 9 13 0.122908525 
864 312 8 9 0.120224 
199 175 9 11 0.119946115 
133 333 9 12 0.11981177 
933 362 11 13 0.116726145 
894 373 8 11 0.11653677 
142 341 9 12 0.11537586 
159 342 10 12 0.11493367 
175 327 10 13 0.114032805 
192 350 10 12 0.11257553 
93 451 12 14 0.11157377 
0 423 9 14 0.10765381 
999 411 18 35 0.10462245 
340 372 25 29 0.10372695 
229 423 9 11 0.10337183 
864 318 8 9 0.10227305 
119 371 14 15 0.10196604 
933 300 9 11 0.10120099 
95 395 10 12 0.100873776 
188 356 10 12 0.09989745 
225 427 9 11 0.09827661 
398 421 27 26 0.096466966 
938 395 25 40 0.09305201 
520 340 8 11 0.092595704 
911 311 8 11 0.091558725 
525 311 9 11 0.09131262 
1002 337 15 20 0.09067127 
991 307 13 15 0.08911154 
542 308 8 10 0.08845095 
1 325 11 16 0.08587094 
151 341 9 12 0.08541536 
842 319 7 8 0.08311183 
216 459 10 13 0.08283436 
956 333 16 21 0.082744345 
197 342 10 13 0.081483305 
773 357 7 9 0.080850124 
88 411 13 15 0.08020969 
902 329 7 9 0.079974525 
857 313 6 8 0.07979129 
207 452 10 13 0.079253696 
956 327 14 17 0.079053134 
837 366 8 10 0.07895964 
959 305 10 12 0.078257985 
782 310 8 11 0.07791333 
236 456 11 12 0.07640624 
120 334 10 13 0.07595461 
913 303 7 10 0.07588758 
838 359 7 9 0.07531369 
232 460 11 13 0.074761406 
560 325 7 10 0.07383359 
829 328 9 11 0.07305202 
117 339 12 15 0.07274244 
44 419 11 16 0.07263272 
133 374 12 16 0.07221277 
31 310 10 13 0.07214034 
996 304 11 14 0.07130387 
118 437 10 13 0.07111859 
793 343 8 10 0.070438266 
76 434 14 17 0.07038596 
304 334 9 11 0.07033872 
350 364 24 30 0.070163414 
136 341 9 12 0.06899663 
769 358 7 9 0.068312414 
239 439 9 11 0.06788612 
896 311 7 8 0.067794584 
240 389 9 10 0.067746356 
1002 315 20 30 0.06656217 
87 325 9 11 0.06652499 
215 453 11 13 0.06534825 
831 334 8 9 0.065240055 
182 446 11 15 0.06518612 
121 325 9 11 0.064884536 
269 445 10 12 0.06473684 
210 112 189 244 0.06446909 
873 349 7 9 0.06444112 
864 325 8 9 0.0644367 
106 318 9 12 0.06385243 
456 290 11 15 0.06367123 
257 424 8 10 0.06166844 
545 356 13 15 0.061304763 
117 319 9 11 0.060931485 
561 321 8 11 0.060874127 
863 352 7 9 0.06044295 
904 312 7 9 0.060441293 
92 458 13 15 0.060214844 
286 366 7 10 0.059532553 
212 325 11 13 0.05945402 
307 225 13 17 0.059376977 
192 344 10 12 0.058966752 
896 368 8 11 0.058907416 
334 129 26 30 0.05818318 
521 316 9 11 0.056831688 
180 333 9 12 0.056120753 
142 334 9 12 0.05607013 
852 510 12 16 0.055445924 
438 310 12 16 0.055291142 
817 336 7 9 0.055193916 
794 326 8 10 0.054856967 
106 325 9 11 0.05476293 
982 313 11 15 0.054548174 
230 439 10 13 0.054404404 
46 472 10 14 0.05425364 
605 283 13 15 0.05419254 
117 402 12 15 0.05408844 
1008 309 12 15 0.05379227 
251 477 10 13 0.053773772 
904 397 11 14 0.05357992 
468 346 14 17 0.05331475 
896 718 37 49 0.05320397 
214 254 10 13 0.05268519 
888 392 9 10 0.052618004 
29 338 10 13 0.052561324 
238 399 10 13 0.051239163 
228 312 11 14 0.05103109 
902 359 7 9 0.051024172 
553 334 8 11 0.05100813 
143 317 10 11 0.050864957 
34 414 15 18 0.050556857 
72 339 11 13 0.05033648 
245 431 9 11 0.050325666 
878 360 7 9 0.05021685 
924 428 15 23 0.049953602 
35 357 11 15 0.049838074 
88 320 9 11 0.04964358 
52 338 9 14 0.0495449 
499 310 9 11 0.048679024 
12 427 10 13 0.048463117 
950 326 11 14 0.048145015 
798 335 9 11 0.048101116 
538 364 15 16 0.047921017 
141 327 10 11 0.047852598 
159 327 12 14 0.04777512 
117 431 9 11 0.047330864 
153 278 8 11 0.047240417 
863 366 6 9 0.047103584 
878 492 27 34 0.04702492 
919 303 8 9 0.04592877 
963 309 11 14 0.045668546 
457 179 27 34 0.04553162 
849 353 7 9 0.045096472 
52 366 11 14 0.044848092 
937 349 10 14 0.04484586 
376 360 16 22 0.044721797 
221 462 9 11 0.044494282 
445 316 12 15 0.04441471 
778 319 9 11 0.044391587 
526 305 8 10 0.044273864 
14 334 8 12 0.044236533 
429 299 11 15 0.04414203 
234 399 9 12 0.04401067 
257 430 10 12 0.043923296 
937 342 10 12 0.043819856 
250 155 124 143 0.043379914 
176 319 10 11 0.04334251 
945 324 10 12 0.043179993 
125 338 12 15 0.042162776 
335 374 13 16 0.0419279 
76 359 10 13 0.04176655 
511 340 11 12 0.041517455 
4 317 12 14 0.04127322 
207 337 11 14 0.04100156 
882 319 8 9 0.040476687 
149 335 10 12 0.040403377 
913 357 7 9 0.040367696 
887 324 7 11 0.04036502 
870 581 21 26 0.04034068 
917 318 8 10 0.040303037 
877 343 8 10 0.040230833 
830 304 7 9 0.03998123 
879 366 7 9 0.03981981 
589 317 12 14 0.039819352 
265 478 11 13 0.03975503 
447 396 26 31 0.039727535 
538 304 8 10 0.039650667 
245 446 9 12 0.039409272 
100 439 12 15 0.039186552 
561 303 7 9 0.03885311 
903 444 17 22 0.03883907 
902 367 7 10 0.03865899 
93 436 22 29 0.0380045 
41 340 9 12 0.037966657 
463 299 9 11 0.037866082 
74 441 12 16 0.037855748 
845 573 27 37 0.03768475 
104 311 9 11 0.037646882 
0 485 7 13 0.037598092 
222 469 9 12 0.037475526 
826 327 7 9 0.037468277 
120 262 8 11 0.037247855 
246 146 14 15 0.036971357 
127 321 9 11 0.036954857 
777 375 9 10 0.036921103 
525 350 10 11 0.03677411 
898 426 37 47 0.036732953 
274 334 9 11 0.036587175 
157 347 10 12 0.036562983 
846 318 7 9 0.036442626 
264 444 10 12 0.036254328 
527 385 13 16 0.036139145 
856 357 8 10 0.036055855 
870 317 8 10 0.036041357 
667 356 77 107 0.03602264 
765 313 9 10 0.03602197 
889 313 7 9 0.035759997 
128 420 10 14 0.0356693 
24 315 10 13 0.035580073 
144 311 10 12 0.035570346 
254 462 9 12 0.035448764 
63 450 13 15 0.03542445 
270 482 11 14 0.035241604 
848 313 7 9 0.035221003 
865 305 7 9 0.035122503 
858 318 7 8 0.0351225 
861 357 8 10 0.034959864 
157 413 10 14 0.03487589 
50 303 16 19 0.034838375 
918 358 7 9 0.034688342 
898 327 8 10 0.034591604 
0 453 10 18 0.03451145 
1 285 9 13 0.034497723 
33 302 9 12 0.034472756 
244 437 9 12 0.034453023 
110 334 10 12 0.034381144 
268 433 9 11 0.034214098 
91 406 13 16 0.034171976 
809 314 7 9 0.034131885 
470 294 11 15 0.034012806 
188 446 10 13 0.033947367 
674 419 32 44 0.033928018 
873 336 9 11 0.033764813 
898 334 7 8 0.033746123 
130 410 11 15 0.033643648 
104 333 9 12 0.033606168 
552 297 7 9 0.033541817 
202 469 13 16 0.033396974 
798 340 8 11 0.033243228 
503 306 8 10 0.03319997 
778 304 7 9 0.03317613 
113 435 11 15 0.033029385 
871 305 7 9 0.032991827 
278 445 11 12 0.032866806 
722 372 28 56 0.032741606 
553 329 7 9 0.03269901 
832 340 8 10 0.032643996 
923 524 12 13 0.03263057 
538 309 8 10 0.032597277 
930 360 9 12 0.03257222 
835 361 7 9 0.03256987 
888 335 7 9 0.032541014 
799 320 8 9 0.032493636 
847 327 7 10 0.032325983 
461 320 14 20 0.03221152 
881 325 8 10 0.032211475 
204 174 12 13 0.032198604 
894 380 8 11 0.032169033 
216 403 9 12 0.03210488 
935 380 11 15 0.031845212 
944 318 9 13 0.0317118 
123 439 10 12 0.03167513 
134 328 10 13 0.03163482 
212 206 16 20 0.031445235 
94 319 8 10 0.031408176 
47 345 10 15 0.031329956 
141 378 10 14 0.031231832 
240 444 9 11 0.030827114 
12 315 12 14 0.03069709 
774 353 7 9 0.030425476 
888 342 7 10 0.030334922 
508 310 9 12 0.03018623 
542 350 12 13 0.030050576 
411 369 17 20 0.030006621 
809 352 8 9 0.029891683 
878 312 7 9 0.029888418 
5 451 11 17 0.029676907 
502 340 11 14 0.02964946 
991 306 21 26 0.029641949 
913 352 7 10 0.029219558 
43 361 20 26 0.029188152 
843 606 11 16 0.029122964 
827 303 6 9 0.029111894 
176 365 12 15 0.029080514 
256 452 9 11 0.029065829 
188 365 11 13 0.029065823 
898 360 7 9 0.029037667 
928 325 9 12 0.028970629 
204 285 10 12 0.028948074 
896 305 7 9 0.028889654 
341 141 16 20 0.028771577 
600 277 23 29 0.028748749 
510 304 8 9 0.028663341 
264 385 8 11 0.028645512 
982 726 36 44 0.028418826 
182 339 10 13 0.028386135 
78 326 9 12 0.028323948 
933 391 21 29 0.02808382 
454 317 26 33 0.028053131 
36 308 10 14 0.028023452 
158 279 8 11 0.027954236 
777 324 8 10 0.027860241 
386 347 12 16 0.027730418 
497 315 11 15 0.027673472 
136 347 11 12 0.027530769 
585 315 11 15 0.027500285 
794 334 8 11 0.02749947 
186 474 12 16 0.027428702 
920 280 8 10 0.027375052 
237 465 12 15 0.02736334 
150 406 10 13 0.027296878 
991 491 35 59 0.027199406 
477 362 13 17 0.02717512 
934 386 11 17 0.027164191 
947 478 30 40 0.026797017 
724 128 51 68 0.026759684 
281 359 8 11 0.026733005 
246 469 11 14 0.026657734 
134 362 11 15 0.026650403 
110 374 13 15 0.026639843 
525 342 9 11 0.026579844 
439 330 25 32 0.026558872 
538 341 12 14 0.026526922 
0 443 10 17 0.026494175 
495 325 10 13 0.026485022 
897 562 28 39 0.026424015 
277 454 13 15 0.02639254 
991 328 23 31 0.026334664 
826 311 7 10 0.02632686 
159 419 11 15 0.026316445 
358 360 16 21 0.026304152 
47 329 10 12 0.026271645 
943 312 8 10 0.026167134 
954 309 20 24 0.025902113 
216 317 12 15 0.025877966 
458 334 24 31 0.025853623 
941 296 10 11 0.02581828 
550 302 7 9 0.02573415 
842 326 8 10 0.025660926 
371 348 17 21 0.025659807 
777 380 9 11 0.025631933 
246 452 10 12 0.025575604 
209 379 18 24 0.025544735 
784 360 8 9 0.025539443 
7 313 11 12 0.025496539 
246 462 10 14 0.02546275 
143 405 10 12 0.025347987 
435 300 13 17 0.025331486 
88 347 11 13 0.025265068 
921 285 9 11 0.02520195 
157 414 18 25 0.02518717 
894 390 9 11 0.025169704 
149 398 9 12 0.025081573 
824 334 8 10 0.025052797 
245 390 8 10 0.025012098 
89 396 10 12 0.024994383 
119 424 9 11 0.024929216 
477 293 10 13 0.024915647 
65 439 12 14 0.02486029 
565 319 8 10 0.024846647 
180 326 9 13 0.024811054 
326 362 37 46 0.024687285 
831 316 8 10 0.02464138 
422 293 20 26 0.024519416 
167 425 14 17 0.024391372 
144 398 10 12 0.02429729 
934 373 11 15 0.024293382 
202 332 9 13 0.02410617 
602 285 10 13 0.024048885 
191 318 9 12 0.02403641 
512 409 17 19 0.024006702 
890 368 8 10 0.024004817 
793 320 7 10 0.023866478 
100 396 11 14 0.023851754 
201 326 10 13 0.023838932 
109 411 12 14 0.023813779 
891 583 31 37 0.023810498 
926 288 9 10 0.023769664 
105 436 20 26 0.023769338 
491 369 23 29 0.023743581 
35 356 20 27 0.023685401 
116 312 9 11 0.023619536 
245 471 19 25 0.023539945 
933 487 28 39 0.023372805 
77 341 10 13 0.023327336 
888 360 7 9 0.023257064 
910 390 11 13 0.023091266 
52 312 13 16 0.023056332 
7 402 14 17 0.023033217 
273 461 10 13 0.023016576 
895 343 8 10 0.02298692 
474 346 24 29 0.022947928 
83 419 15 18 0.022831654 
124 367 11 13 0.022806164 
45 284 11 12 0.022792894 
89 444 10 14 0.02277185 
110 423 10 11 0.022606567 
126 400 18 24 0.022584623 
285 439 11 12 0.022568963 
496 332 9 13 0.022568269 
127 5 367 447 0.022567997 
216 310 11 13 0.022565346 
757 335 9 11 0.022440707 
84 436 11 14 0.022398125 
271 451 11 13 0.02229558 
976 311 9 12 0.022253728 
157 312 10 13 0.022237394 
929 357 20 24 0.022216005 
231 452 21 24 0.022143055 
460 381 14 16 0.022135897 
37 294 10 12 0.022123385 
878 335 8 10 0.022088896 
382 377 115 121 0.022023672 
126 427 10 12 0.021959968 
5 378 12 14 0.021940393 
231 225 11 14 0.021898858 
39 350 9 13 0.021879563 
466 185 15 20 0.021874184 
258 435 9 12 0.02187412 
261 425 8 10 0.021837203 
101 339 10 14 0.02182742 
566 310 8 10 0.021776516 
692 480 17 20 0.021774782 
454 297 12 14 0.021733705 
309 213 10 14 0.021712098 
219 396 11 13 0.021600232 
547 156 13 15 0.021567134 
987 416 25 34 0.021547852 
104 404 10 15 0.021523504 
12 446 19 26 0.021313848 
198 315 11 13 0.021276152 
230 252 10 14 0.0212293 
110 398 14 17 0.021192644 
231 417 9 10 0.021147786 
815 360 8 9 0.021137668 
565 304 8 10 0.021102415 
767 336 8 10 0.021090059 
185 351 11 13 0.020990603 
157 363 13 15 0.02097031 
521 364 21 26 0.020939969 
222 251 12 16 0.020917984 
213 174 11 13 0.020897783 
879 374 9 11 0.02089681 
262 451 9 11 0.020869011 
103 430 10 13 0.020829089 
496 305 9 11 0.020756498 
464 310 9 11 0.020739986 
470 309 10 12 0.020612009 
93 325 9 12 0.02056008 
989 318 36 55 0.020544434 
544 328 8 9 0.020497732 
1010 337 12 19 0.020494834 
233 467 10 13 0.020490028 
53 426 12 14 0.020460611 
143 412 18 23 0.020420123 
157 358 10 12 0.020378646 
191 286 8 11 0.020306723 
135 319 9 11 0.020251356 
119 449 12 15 0.020247946 
439 213 11 13 0.020241514 
823 319 7 9 0.020238204 
928 389 10 14 0.020236265 
236 155 15 21 0.020148639 
935 335 9 12 0.020121481 
176 449 14 16 0.020081554 
218 116 13 14 0.020070605 
937 354 13 18 0.02004322 
142 363 11 13 0.020041293 
447 339 27 30 0.02001652 
