0_Parade_marchingband_1_488
143
445 267 22 31 0.9785986 
41 267 20 26 0.97782284 
270 332 14 17 0.9314451 
323 314 14 19 0.8090411 
610 323 13 19 0.68291557 
895 391 9 12 0.49489585 
684 330 11 15 0.3638005 
86 114 13 17 0.33354038 
763 372 12 15 0.2536377 
910 383 9 12 0.2516669 
698 383 14 16 0.22445202 
854 364 9 12 0.21263748 
678 327 12 17 0.20946059 
760 367 10 13 0.17328404 
938 376 8 10 0.1725362 
973 390 7 11 0.16858628 
728 360 9 12 0.16280662 
59 120 14 16 0.15231018 
605 319 14 19 0.13628837 
79 267 22 27 0.1318049 
912 386 10 13 0.12836874 
906 383 8 11 0.10411384 
372 344 10 13 0.103634484 
860 213 11 13 0.0976361 
645 350 10 14 0.093189344 
784 395 12 13 0.08291056 
850 365 10 13 0.082039185 
919 421 13 18 0.07611128 
948 407 11 12 0.073339075 
725 338 13 16 0.068801306 
95 70 11 13 0.060976654 
939 380 11 14 0.060786854 
985 406 8 10 0.05800781 
215 124 8 10 0.056822896 
809 383 8 10 0.055135805 
851 357 10 14 0.054742306 
872 405 10 12 0.053466294 
617 322 14 20 0.052232295 
968 406 9 11 0.051845487 
673 329 13 18 0.051205933 
601 320 12 14 0.050486 
600 327 13 18 0.049176537 
900 388 10 13 0.047412504 
689 330 13 17 0.046053026 
81 115 12 17 0.045840364 
823 402 13 16 0.044788815 
848 370 10 12 0.04316321 
915 383 13 14 0.041664854 
889 396 10 13 0.04091309 
940 385 13 16 0.040850814 
870 378 12 15 0.040450636 
853 369 10 12 0.040132467 
737 326 10 12 0.038694598 
856 207 10 12 0.038527757 
760 122 12 14 0.03774396 
512 352 10 11 0.036988456 
758 387 12 14 0.036947343 
721 364 9 13 0.03608695 
985 401 9 11 0.035754967 
93 367 10 12 0.034353703 
844 396 9 12 0.033851363 
66 120 14 15 0.03383284 
984 414 9 12 0.033308316 
430 275 12 18 0.03289687 
448 195 9 11 0.03227275 
253 290 16 20 0.032074038 
736 388 10 11 0.031830616 
805 398 9 12 0.031807832 
392 302 11 13 0.03161642 
758 373 19 23 0.031095523 
741 384 9 11 0.031043142 
849 200 8 9 0.031017717 
649 1 87 112 0.030624311 
1 243 11 16 0.0303001 
865 380 11 14 0.029952222 
725 369 12 15 0.02971074 
1002 210 21 36 0.029691303 
721 358 8 11 0.029140929 
503 312 11 14 0.028917762 
77 102 10 14 0.028715016 
646 349 22 28 0.028084027 
104 296 15 20 0.02805162 
860 365 8 11 0.027955994 
752 347 10 13 0.027788147 
399 318 22 31 0.027705643 
941 397 12 13 0.027662003 
605 333 15 20 0.027450416 
845 391 8 12 0.027329111 
949 364 9 11 0.027250016 
1013 309 9 15 0.02721615 
307 347 42 44 0.026511246 
756 328 215 191 0.026456617 
75 229 21 28 0.026429886 
398 298 12 14 0.025907408 
983 435 9 12 0.025890937 
807 388 10 11 0.025722587 
764 387 12 13 0.025180843 
899 396 11 13 0.024996439 
122 60 13 18 0.024972783 
944 368 8 9 0.024911592 
969 395 9 12 0.024908483 
837 423 9 11 0.02483534 
639 343 11 15 0.024804076 
836 221 11 13 0.02450271 
907 378 17 22 0.024501372 
753 366 10 14 0.024427472 
463 308 11 13 0.024242789 
326 340 14 16 0.023960667 
757 347 10 12 0.023946304 
734 333 10 13 0.023808172 
86 263 13 16 0.023568839 
911 414 10 12 0.023481982 
425 277 12 18 0.023392063 
730 362 12 14 0.023344597 
876 376 11 12 0.023332573 
989 420 9 11 0.023244983 
639 352 13 17 0.023108942 
54 124 24 27 0.023070212 
837 429 9 12 0.023040533 
591 330 11 16 0.022803973 
685 389 10 13 0.022559058 
854 206 20 24 0.022078 
849 212 10 12 0.021937024 
890 364 8 11 0.02173163 
428 339 31 32 0.021553945 
969 411 9 11 0.021549828 
59 112 21 25 0.021332342 
494 333 13 16 0.021318328 
688 302 10 12 0.02123183 
863 396 9 12 0.02114743 
68 108 13 17 0.02100505 
855 200 8 10 0.020981204 
720 238 9 10 0.02074742 
766 395 10 12 0.020739678 
772 373 10 13 0.02070806 
71 103 10 13 0.02069374 
757 395 11 13 0.020525765 
677 333 15 21 0.020480972 
329 319 15 19 0.020418355 
833 223 8 11 0.020327033 
657 325 24 30 0.02020588 
742 330 10 13 0.02007806 
719 348 11 14 0.020026824 
