0_Parade_Parade_0_376
99
768 153 44 55 0.9914698 
635 206 24 32 0.9899047 
394 208 39 63 0.9280711 
916 155 31 43 0.81061035 
534 232 25 45 0.71116406 
339 255 27 33 0.6953271 
146 267 26 40 0.6261486 
162 260 26 33 0.57073295 
867 203 22 27 0.38855016 
209 575 41 91 0.3411113 
978 14 31 34 0.24848016 
611 123 19 22 0.18684989 
411 143 11 14 0.15571553 
485 188 22 33 0.118921995 
461 159 9 10 0.10998377 
481 152 9 13 0.09520182 
465 139 12 16 0.092708796 
749 188 26 48 0.09202039 
437 220 37 56 0.091404654 
846 242 28 40 0.09047078 
299 231 28 33 0.07893237 
50 35 204 232 0.0771766 
486 136 8 11 0.07507306 
545 225 28 41 0.07027007 
428 223 30 46 0.067707606 
716 202 27 30 0.066018075 
182 592 55 85 0.065656565 
437 165 11 15 0.06383216 
928 145 32 42 0.062036496 
648 200 24 32 0.058964655 
929 6 88 102 0.058537424 
487 141 10 13 0.05667649 
685 211 15 22 0.056383464 
443 140 15 18 0.05200757 
527 244 26 44 0.04687401 
453 212 38 57 0.046358515 
171 251 25 30 0.042719156 
427 142 10 12 0.04036069 
485 156 12 15 0.04012028 
961 7 58 64 0.03952604 
98 299 28 37 0.039118707 
946 245 17 22 0.03833568 
989 233 10 14 0.038178936 
314 240 16 25 0.03602671 
734 194 28 38 0.035472583 
965 6 35 37 0.03447843 
701 143 13 15 0.03411859 
130 122 16 18 0.033946313 
974 258 25 32 0.03303926 
537 219 24 38 0.032056987 
641 243 46 64 0.031696916 
170 273 25 35 0.031686865 
5 175 17 23 0.03146245 
109 304 16 21 0.030869175 
421 166 10 13 0.030653082 
484 148 11 14 0.029575758 
688 189 10 13 0.029441588 
728 132 12 16 0.02895603 
422 157 10 12 0.02870552 
108 291 23 37 0.02856628 
503 243 13 16 0.028444538 
470 146 10 13 0.02786928 
182 284 23 33 0.027442284 
31 217 46 53 0.026792882 
420 171 13 16 0.026780948 
133 271 29 42 0.026368823 
916 164 18 28 0.026109966 
271 215 45 45 0.0256384 
929 266 14 16 0.025453849 
475 423 17 21 0.02542094 
967 233 11 15 0.02513569 
727 126 11 14 0.025011584 
741 143 12 16 0.024936045 
608 118 14 17 0.024096815 
318 242 45 48 0.024078686 
423 147 12 15 0.02387293 
760 163 34 52 0.023339158 
384 227 36 48 0.023333462 
957 15 38 45 0.023260985 
556 220 23 33 0.022920478 
150 91 56 62 0.022893997 
419 205 29 44 0.02271692 
907 591 52 51 0.022511408 
670 196 13 18 0.022443052 
565 265 17 20 0.022195563 
828 626 49 57 0.022021063 
524 260 24 41 0.021930816 
559 252 26 30 0.021814149 
431 158 9 12 0.021804247 
479 139 12 15 0.021769471 
464 147 11 14 0.021712093 
282 214 14 17 0.02160696 
346 241 28 41 0.021446764 
76 285 43 48 0.021045769 
437 207 14 20 0.020840278 
463 131 20 27 0.020769462 
8 -52 358 425 0.020651119 
500 208 12 17 0.020500232 
164 254 18 19 0.02027927 
