0_Parade_marchingband_1_309
264
497 73 36 39 0.9976319 
45 84 26 28 0.9945781 
386 94 30 34 0.9835746 
955 84 24 27 0.87076414 
125 113 26 31 0.8668504 
845 95 26 31 0.81487614 
438 91 24 29 0.7734204 
272 94 23 28 0.76208586 
210 87 24 31 0.68066597 
891 94 25 29 0.6515449 
611 100 27 35 0.650118 
297 96 19 22 0.6026201 
818 106 26 30 0.5988383 
920 104 23 28 0.5910313 
907 32 14 18 0.5852365 
29 17 18 24 0.41457403 
983 89 22 30 0.41360798 
730 91 24 28 0.38156578 
49 43 18 22 0.36238644 
70 56 20 24 0.3485526 
169 50 24 28 0.30707827 
115 0 14 12 0.2919697 
1009 137 14 22 0.2442282 
709 106 23 27 0.230382 
796 57 29 33 0.23036547 
143 82 17 21 0.22625126 
410 52 24 29 0.2148113 
488 46 35 36 0.21099807 
102 145 21 29 0.20387015 
640 0 22 20 0.20367296 
193 105 16 21 0.19713837 
668 81 17 21 0.17587712 
981 19 15 20 0.16877432 
0 84 12 18 0.16434816 
2 74 15 19 0.16172472 
25 63 18 23 0.15236211 
90 90 17 19 0.14986274 
590 94 17 22 0.14835376 
833 99 27 32 0.14455077 
717 96 25 30 0.14288552 
900 95 29 33 0.14212911 
958 4 15 18 0.1386754 
307 52 12 16 0.13597639 
9 29 16 21 0.13552648 
664 69 23 29 0.13459307 
578 7 28 33 0.13441914 
762 100 15 19 0.1317661 
982 67 21 28 0.122453965 
305 95 23 27 0.11161192 
315 11 13 17 0.10760841 
674 94 15 19 0.106521904 
638 131 11 14 0.09969931 
19 0 16 14 0.097736664 
693 161 18 23 0.09647836 
18 107 14 18 0.09494341 
545 87 23 30 0.09098833 
599 94 24 31 0.090850145 
458 1 26 26 0.08885785 
599 137 24 31 0.0858584 
908 70 23 26 0.082491994 
715 118 17 22 0.081000865 
41 14 20 28 0.07519853 
196 96 22 30 0.07464907 
757 103 22 28 0.07452532 
193 0 19 19 0.07311435 
147 127 24 27 0.07157136 
369 120 15 17 0.068889655 
592 19 18 20 0.06367131 
644 1 33 30 0.06292817 
976 24 14 19 0.06272846 
553 89 15 19 0.06246388 
726 93 17 21 0.062021323 
183 42 22 28 0.06172464 
259 0 17 14 0.06131479 
155 150 26 33 0.060845144 
15 3 27 25 0.060263764 
744 99 26 33 0.059716497 
52 17 15 21 0.05943776 
706 50 28 32 0.057161618 
408 39 24 29 0.056748383 
291 1 17 18 0.055829573 
123 51 17 21 0.055748355 
554 0 15 17 0.055393755 
419 115 13 16 0.05529508 
350 166 24 32 0.055147752 
217 92 28 35 0.054883268 
966 88 23 30 0.053876374 
34 0 17 13 0.053661633 
621 107 27 36 0.05198025 
317 83 13 15 0.051770523 
685 77 16 23 0.051757004 
319 113 12 15 0.05169825 
782 108 10 14 0.051481575 
29 132 14 20 0.050452355 
358 116 16 20 0.049345553 
1003 -3 18 22 0.049313266 
325 123 10 13 0.049046118 
769 106 13 17 0.047601555 
66 65 23 29 0.04746325 
898 76 27 36 0.04732097 
669 54 24 31 0.047168855 
710 101 16 20 0.046341613 
1003 218 17 23 0.045956425 
17 102 13 16 0.045490883 
423 73 39 49 0.044916566 
252 24 15 20 0.0447174 
658 58 25 31 0.044348754 
176 61 17 22 0.044296127 
607 60 22 26 0.04310966 
796 140 12 14 0.042927384 
296 83 24 28 0.04261106 
619 59 16 20 0.042534873 
541 99 15 18 0.042022184 
738 83 18 22 0.04149361 
237 133 11 14 0.040909786 
298 78 15 16 0.040730458 
259 116 13 16 0.0403573 
742 76 14 17 0.04006738 
686 46 40 50 0.039804064 
957 114 16 18 0.039626103 
350 123 14 18 0.039586157 
172 35 26 32 0.03925222 
402 87 42 51 0.038994577 
699 132 17 22 0.038412508 
253 66 16 19 0.038332287 
801 153 15 21 0.03829066 
956 76 17 21 0.038025413 
69 43 24 28 0.037981547 
814 110 19 22 0.037362732 
801 51 19 20 0.036634915 
86 95 24 30 0.035965014 
719 41 24 30 0.03550906 
183 108 23 27 0.035286 
958 104 17 20 0.03526078 
324 116 11 13 0.034844548 
181 53 21 29 0.03470362 
251 -1 18 14 0.034653395 
324 108 12 16 0.034043334 
8 0 25 20 0.033667713 
340 0 14 13 0.033642977 
765 36 22 28 0.033581976 
139 9 17 20 0.03345743 
580 114 28 35 0.032830097 
993 88 17 23 0.0327177 
162 0 15 13 0.032363977 
918 141 14 19 0.032268737 
369 193 28 32 0.032121174 
5 0 15 15 0.032096233 
57 77 25 30 0.032071445 
189 65 15 20 0.031994577 
3 9 24 30 0.031961467 
243 1 17 16 0.031861152 
497 48 21 23 0.03157415 
237 93 12 14 0.031431302 
895 60 13 15 0.031001316 
417 60 26 32 0.030958911 
17 116 22 29 0.030768218 
318 121 13 16 0.030495454 
817 100 19 23 0.030164022 
374 49 22 28 0.030029047 
81 56 18 22 0.030001597 
414 109 24 30 0.029729035 
585 1 18 23 0.029711844 
387 71 40 48 0.029547026 
368 88 43 55 0.029473675 
911 88 28 34 0.029374398 
986 15 13 16 0.02936462 
41 0 16 17 0.029079271 
831 111 17 22 0.028757205 
585 139 32 37 0.028343732 
139 126 18 22 0.028261714 
332 107 12 14 0.028215272 
122 107 20 24 0.02811998 
839 84 26 32 0.028025996 
114 118 26 33 0.02801788 
850 53 16 19 0.027708603 
481 54 37 46 0.027259737 
150 124 15 19 0.02701744 
9 65 21 26 0.027006507 
581 95 16 21 0.026964452 
678 62 24 34 0.026825588 
305 48 11 12 0.026789926 
274 106 18 22 0.02638087 
318 102 20 26 0.026170384 
916 186 26 31 0.02609142 
435 83 19 24 0.025923038 
167 45 46 54 0.025831824 
310 124 12 16 0.025787596 
954 117 24 29 0.025771054 
379 0 18 17 0.02575936 
407 49 16 21 0.025701258 
2 -2 46 43 0.02568865 
599 68 25 30 0.025276383 
963 0 16 16 0.025271198 
703 82 42 50 0.025149181 
644 100 11 14 0.025105951 
342 43 11 13 0.025031688 
4 104 21 28 0.025026092 
896 62 24 28 0.0248836 
547 102 16 20 0.024848254 
852 115 24 30 0.024822213 
220 78 12 15 0.024499577 
138 111 24 31 0.024498085 
895 90 49 58 0.024470257 
771 124 11 15 0.024085335 
659 117 24 31 0.024064658 
277 99 27 30 0.02403505 
2 112 14 19 0.024027273 
838 97 17 22 0.023898426 
814 98 45 55 0.023643088 
574 98 15 18 0.02361941 
696 60 42 52 0.023599565 
362 76 13 17 0.023458095 
206 93 17 24 0.023385592 
880 58 25 29 0.023225078 
246 52 26 31 0.02316859 
503 44 18 19 0.023105618 
285 142 16 21 0.023020528 
398 38 40 47 0.022949575 
82 11 17 18 0.022945233 
406 33 15 18 0.02288709 
415 129 14 19 0.022838932 
501 128 28 29 0.022755735 
809 83 41 49 0.022712942 
346 71 17 21 0.02269837 
663 94 27 32 0.022379361 
369 50 11 15 0.022375444 
29 123 24 31 0.022369202 
229 97 25 32 0.022340782 
675 79 23 30 0.02222346 
594 100 17 23 0.022124862 
341 68 15 20 0.022093067 
401 65 29 34 0.021996384 
236 99 15 18 0.021979824 
354 120 23 29 0.021916417 
612 93 16 19 0.02188621 
102 125 25 32 0.021857327 
968 8 22 27 0.02182217 
99 70 22 27 0.021671517 
601 107 29 38 0.021544196 
318 114 22 29 0.021539163 
0 10 12 19 0.021526312 
393 83 20 23 0.021512441 
756 121 15 18 0.021451002 
47 63 27 36 0.021211782 
438 56 26 33 0.021110248 
646 67 14 18 0.021045733 
227 103 15 20 0.021003494 
783 113 11 16 0.020930072 
590 4 28 31 0.020908348 
708 44 18 21 0.020889735 
219 2 15 18 0.020859824 
653 130 13 19 0.020809405 
635 115 15 19 0.020799456 
405 67 41 47 0.020714099 
981 79 18 24 0.020696687 
324 41 16 18 0.020545978 
56 46 18 22 0.02048199 
445 65 39 49 0.0203429 
615 64 23 28 0.020280989 
263 98 15 18 0.020189583 
423 103 28 36 0.020106262 
668 101 16 20 0.020062983 
399 99 29 34 0.020030567 
