0_Parade_marchingband_1_932
75
851 356 31 37 0.9993674 
434 336 32 37 0.9992455 
47 331 31 40 0.99913955 
721 344 32 35 0.997898 
482 339 23 28 0.42147774 
642 375 18 22 0.40635824 
541 344 17 20 0.31974152 
712 299 12 16 0.20371109 
114 358 13 16 0.11150579 
727 222 12 15 0.11034047 
106 354 23 27 0.08976934 
498 347 13 16 0.08047325 
847 274 10 13 0.07950409 
485 87 9 10 0.07778797 
855 276 10 12 0.07714923 
163 364 11 13 0.07621911 
78 365 14 18 0.071591176 
648 366 11 14 0.06370426 
83 433 13 16 0.061519388 
679 368 11 14 0.060535736 
745 282 22 32 0.057646256 
729 226 13 17 0.055769093 
692 371 14 18 0.048504032 
410 96 8 10 0.046601333 
566 135 8 9 0.042232763 
541 333 16 19 0.041952346 
641 302 10 11 0.04150918 
684 366 12 16 0.04126167 
875 505 13 14 0.04093358 
455 121 8 10 0.039470892 
122 379 16 19 0.039228752 
499 355 13 18 0.039139897 
84 357 15 18 0.037333854 
661 329 10 14 0.035958383 
517 359 11 13 0.03526552 
526 351 11 14 0.0348872 
106 367 16 21 0.034137618 
88 431 25 29 0.033850033 
653 364 12 14 0.033377323 
705 279 15 19 0.032401793 
406 115 10 12 0.032390077 
509 356 11 15 0.032388657 
757 286 11 15 0.03184942 
437 245 10 12 0.03143823 
82 370 15 17 0.031345155 
859 270 11 14 0.031258754 
660 378 12 16 0.03067066 
160 371 12 14 0.030589573 
859 276 12 14 0.03052176 
110 352 13 16 0.030495096 
732 198 10 13 0.030432027 
659 369 14 18 0.027932478 
648 383 15 19 0.027198374 
852 222 11 12 0.02702078 
170 417 14 18 0.026738666 
85 378 13 16 0.026673272 
161 359 11 13 0.025783591 
893 437 15 17 0.025704881 
819 304 14 19 0.02516887 
991 350 11 14 0.024895623 
422 111 9 11 0.024779268 
1008 332 10 14 0.023918469 
95 440 14 17 0.023451407 
542 337 27 33 0.023276651 
436 250 14 15 0.022764808 
518 364 13 15 0.022648416 
808 306 10 14 0.022583773 
679 377 22 27 0.021846583 
869 276 11 14 0.021633593 
446 142 9 11 0.021628803 
471 354 12 17 0.021557504 
500 85 10 14 0.021091055 
460 276 12 16 0.021072775 
528 313 11 13 0.020572638 
91 364 12 15 0.020274978 
