0_Parade_Parade_0_502
128
467 404 28 37 0.9959085 
-1 332 36 43 0.9903284 
857 364 23 32 0.9888504 
281 383 25 30 0.96628946 
711 363 30 40 0.9436911 
530 363 19 25 0.9281979 
402 365 18 22 0.84735316 
90 494 26 30 0.8434783 
936 384 22 34 0.8345393 
568 369 17 21 0.8004797 
348 393 11 15 0.39444673 
428 393 27 33 0.373007 
175 397 27 34 0.33709726 
942 393 25 35 0.29013246 
631 337 12 15 0.28654402 
1001 385 20 29 0.22183162 
326 406 13 16 0.16871826 
152 337 48 57 0.13774149 
181 363 33 31 0.11671642 
241 342 18 23 0.10453784 
844 369 19 25 0.099606045 
154 359 28 37 0.09177168 
156 366 46 56 0.08711259 
392 399 23 30 0.08553371 
166 380 49 59 0.082054734 
243 407 55 60 0.07646952 
811 461 25 31 0.07502272 
360 381 11 14 0.0716753 
404 479 15 22 0.070513815 
780 202 54 57 0.06791237 
1010 392 12 20 0.06542424 
838 370 15 21 0.06263006 
274 371 45 52 0.05964988 
163 328 31 46 0.05616813 
95 521 23 29 0.056136236 
862 357 14 18 0.054820504 
997 576 13 18 0.05409172 
194 338 47 56 0.053693447 
577 369 14 19 0.053285003 
572 421 10 12 0.05220473 
100 485 27 33 0.050629072 
94 505 30 33 0.05062188 
957 348 11 16 0.050609782 
931 392 18 27 0.05059054 
827 357 13 16 0.048173744 
175 402 16 21 0.04742098 
829 370 15 19 0.0466739 
722 371 33 36 0.045447372 
621 378 14 18 0.045405228 
622 371 15 17 0.044097215 
256 378 49 57 0.04375967 
326 433 15 18 0.042928096 
161 391 32 39 0.041043 
94 529 14 18 0.04093306 
90 574 12 14 0.04085206 
386 440 14 17 0.04051094 
297 384 15 21 0.03888609 
990 386 17 23 0.038444858 
852 371 18 25 0.03812295 
877 338 14 15 0.03761053 
830 352 10 12 0.03704933 
440 388 17 21 0.037000045 
46 300 42 57 0.036337633 
209 322 43 58 0.03604076 
116 545 16 19 0.036031835 
950 348 13 17 0.035993528 
436 408 25 33 0.035868544 
166 316 53 65 0.035333768 
43 310 27 38 0.03419883 
104 528 26 29 0.03417761 
784 532 10 13 0.033594053 
950 401 26 31 0.033574417 
184 404 17 20 0.033253357 
143 354 28 35 0.03307381 
938 370 16 22 0.033020377 
447 403 25 34 0.032243684 
44 311 18 22 0.032091048 
829 610 20 28 0.031329125 
678 298 29 34 0.031163711 
54 677 8 11 0.030649226 
392 249 10 13 0.03054286 
195 300 13 15 0.03040367 
394 395 17 21 0.029828472 
5 308 44 58 0.029345859 
407 361 25 30 0.029145433 
45 559 10 11 0.029014418 
795 443 13 15 0.028920464 
73 73 31 39 0.028575322 
188 371 18 19 0.02829285 
237 368 48 64 0.028258909 
924 396 17 24 0.028095288 
268 378 27 36 0.028050916 
773 370 14 20 0.027477449 
568 425 12 14 0.027280092 
292 374 13 17 0.027035894 
988 377 14 19 0.026564103 
424 395 16 22 0.026083192 
330 428 16 18 0.025504453 
247 378 26 34 0.025503183 
561 370 15 19 0.025451424 
189 448 33 41 0.02508475 
1014 573 10 18 0.024959898 
233 559 64 61 0.024361473 
866 349 16 19 0.02427639 
612 371 14 16 0.024226157 
934 378 16 24 0.024120942 
796 421 14 19 0.023885628 
396 464 28 35 0.023602568 
151 366 80 94 0.02347289 
49 630 9 12 0.023303416 
230 336 24 35 0.02324689 
868 338 16 17 0.023154082 
501 398 16 22 0.023084188 
306 380 15 20 0.022973366 
828 384 17 19 0.022446409 
981 376 15 22 0.022398716 
823 355 21 26 0.022237938 
85 496 20 23 0.02207524 
36 654 8 11 0.022004196 
86 646 8 11 0.021596422 
252 380 14 20 0.021246158 
136 369 30 36 0.021083243 
846 154 11 13 0.020658843 
338 432 16 17 0.020520853 
997 586 12 16 0.020462358 
248 338 16 24 0.02019879 
943 354 14 19 0.020067153 
139 352 18 24 0.020037495 
