0_Parade_Parade_0_850
194
623 288 29 38 0.99926454 
485 296 23 33 0.99596345 
940 282 27 40 0.98887324 
837 293 29 39 0.9863753 
749 304 24 29 0.98126477 
249 315 21 25 0.97047645 
364 310 22 28 0.9677307 
189 318 14 16 0.95640945 
73 318 17 22 0.9428459 
51 325 11 14 0.77417505 
543 334 14 17 0.74710953 
856 333 19 21 0.721255 
128 318 14 18 0.647325 
155 316 14 19 0.62475115 
34 319 14 19 0.61701196 
994 330 13 17 0.4847405 
271 314 13 19 0.34168845 
544 302 9 12 0.30816874 
164 314 14 19 0.17828722 
225 322 16 19 0.17307271 
157 310 15 18 0.13697848 
410 270 27 33 0.121752955 
1 316 10 14 0.11786095 
524 363 11 14 0.11533041 
391 329 13 15 0.11306534 
538 303 9 12 0.09223324 
164 309 11 16 0.085686825 
81 316 14 19 0.07936755 
894 157 15 18 0.07915358 
107 339 13 16 0.07753198 
422 333 14 18 0.07741349 
40 311 11 15 0.07524837 
172 320 11 15 0.07404822 
45 309 9 14 0.0739554 
437 277 11 16 0.072788924 
849 301 25 30 0.07003762 
565 294 9 12 0.06869858 
53 342 15 19 0.06821857 
234 312 24 28 0.06797881 
596 296 26 31 0.06748224 
374 297 15 21 0.06122715 
377 238 9 11 0.061202798 
5 326 10 13 0.06114966 
84 308 12 14 0.06105077 
46 318 11 16 0.060543984 
264 299 11 14 0.060303353 
60 324 14 16 0.05852151 
526 350 11 13 0.056072194 
548 273 12 15 0.055157363 
598 300 15 20 0.054779824 
7 331 10 12 0.054553486 
866 336 14 18 0.05446001 
182 285 11 13 0.053863876 
907 311 18 19 0.053066127 
880 155 17 21 0.05097158 
760 310 15 22 0.050489906 
113 283 11 13 0.05018292 
158 302 12 16 0.0474328 
823 295 29 37 0.046745967 
761 256 18 21 0.045635346 
53 293 10 12 0.045281827 
877 329 15 19 0.045260075 
749 263 15 19 0.044646688 
512 330 11 14 0.04350488 
549 347 11 14 0.043103717 
864 322 25 29 0.042650666 
735 303 26 30 0.041952047 
79 311 13 17 0.041565184 
955 234 16 22 0.0413593 
725 334 12 14 0.038205773 
1010 312 14 22 0.037826985 
654 279 24 33 0.037451375 
903 306 29 35 0.03725824 
352 14 12 14 0.03588284 
526 332 10 13 0.03575028 
377 232 9 11 0.03496679 
333 336 23 27 0.03470361 
697 159 10 13 0.03456296 
190 306 19 25 0.03427185 
220 307 22 27 0.034251682 
166 304 10 13 0.034086216 
109 333 13 16 0.033866994 
410 3 15 16 0.033764992 
544 329 22 26 0.033734534 
134 341 12 14 0.033510838 
321 223 9 11 0.03344018 
205 331 13 16 0.03336623 
11 354 13 16 0.03322869 
846 337 13 15 0.032898825 
87 313 20 25 0.03287811 
457 336 22 27 0.032766245 
140 252 11 15 0.032532725 
977 148 11 14 0.032337587 
866 303 23 29 0.032308493 
160 285 10 13 0.032294642 
208 322 25 29 0.032246 
117 280 9 11 0.03198713 
11 299 11 14 0.031977523 
551 158 10 13 0.031942215 
702 159 11 13 0.031935893 
623 238 22 27 0.03188734 
888 562 33 44 0.031721447 
506 422 8 11 0.03088744 
12 341 14 17 0.03084515 
405 327 10 12 0.03043691 
530 410 15 18 0.030124959 
1001 312 19 31 0.029981548 
295 301 11 12 0.029864112 
862 273 13 17 0.029858958 
390 324 20 24 0.029629558 
640 235 24 29 0.0295684 
93 300 11 14 0.029064521 
12 333 13 15 0.02894821 
158 294 10 13 0.028499966 
542 345 13 17 0.02848684 
131 313 12 16 0.028266858 
358 315 19 21 0.028203547 
219 328 27 31 0.028108055 
405 349 10 12 0.027897278 
45 290 13 16 0.027785894 
39 289 12 16 0.027549578 
428 327 11 15 0.02754119 
228 338 14 18 0.027446002 
204 297 14 19 0.02705039 
79 300 14 16 0.02687493 
661 288 15 20 0.026670653 
912 294 25 31 0.026612408 
722 333 26 34 0.026448414 
824 142 9 11 0.026413389 
92 307 12 16 0.026366018 
1014 341 9 15 0.026336566 
376 243 10 12 0.026166715 
412 276 17 20 0.02616074 
20 347 13 15 0.026088886 
698 358 25 33 0.025627151 
798 340 12 15 0.025384568 
59 344 15 18 0.02501642 
352 270 11 14 0.024961608 
381 231 9 11 0.024628637 
378 320 14 20 0.024563821 
637 193 12 15 0.024248479 
43 278 11 14 0.024238678 
534 356 11 15 0.024047205 
198 293 12 16 0.023854427 
753 257 19 26 0.02378127 
468 334 13 16 0.023702152 
194 294 21 27 0.023630118 
537 339 12 15 0.023587717 
564 299 12 14 0.023552282 
334 325 13 15 0.023545105 
460 314 15 18 0.023477374 
157 252 9 11 0.023465853 
518 331 11 13 0.023345316 
95 202 108 131 0.023308102 
99 309 12 14 0.023057299 
260 274 17 19 0.023046989 
636 279 24 38 0.023001602 
325 224 9 11 0.022938926 
112 325 10 13 0.022876693 
275 187 10 15 0.022609528 
693 260 16 18 0.022335678 
301 349 11 13 0.022140402 
580 300 10 14 0.022134734 
120 382 10 13 0.022134611 
770 333 14 18 0.02199347 
435 329 14 18 0.021977032 
338 333 14 16 0.021918936 
709 163 10 12 0.021820135 
98 316 14 16 0.021759389 
3 309 13 16 0.02173764 
567 305 13 16 0.021698896 
340 324 13 16 0.021665817 
141 275 11 14 0.021515666 
668 263 14 17 0.021431008 
284 395 11 15 0.021411646 
926 294 15 22 0.021287639 
124 299 12 15 0.021272255 
730 311 39 47 0.021178484 
235 346 16 21 0.021176675 
29 365 9 12 0.021071352 
22 355 11 14 0.021002924 
533 348 11 15 0.02081691 
678 334 10 13 0.020755602 
285 312 15 19 0.02073664 
135 271 12 15 0.020721568 
847 279 25 39 0.020679992 
348 363 12 16 0.020521978 
190 300 13 16 0.020479761 
542 356 10 13 0.020471461 
151 301 13 15 0.020419348 
78 297 21 27 0.020419333 
67 345 14 17 0.020289414 
100 301 10 13 0.020197362 
326 325 11 14 0.020150496 
