0_Parade_Parade_0_164
1197
998 358 12 17 0.90267897 
654 281 12 17 0.83839464 
85 419 15 19 0.82875186 
909 362 13 15 0.7797515 
283 324 11 13 0.7583803 
388 467 24 30 0.7222028 
679 269 11 14 0.71990436 
688 326 13 16 0.7191407 
795 427 12 17 0.69659716 
943 388 12 16 0.6640231 
513 340 11 13 0.61344486 
250 304 8 10 0.6035496 
108 402 13 15 0.5400837 
943 421 10 12 0.534092 
141 387 13 16 0.49715224 
551 306 12 15 0.484738 
621 270 13 16 0.47043243 
893 318 10 12 0.46386147 
44 396 12 16 0.4503941 
694 259 9 12 0.43485358 
644 260 9 13 0.4284609 
60 427 12 15 0.42490187 
942 349 12 15 0.42305332 
903 336 11 12 0.40817285 
940 326 10 13 0.39199418 
847 365 10 12 0.38467297 
655 248 8 11 0.3832387 
974 515 15 19 0.3730773 
841 271 8 10 0.36222762 
637 302 9 12 0.34419468 
996 300 10 13 0.33822638 
259 282 374 494 0.33755973 
648 316 10 13 0.3365266 
296 244 11 14 0.3304359 
285 304 9 11 0.3296604 
899 500 15 17 0.32098088 
988 422 11 14 0.30401832 
985 324 9 12 0.30339408 
899 562 13 15 0.2987108 
952 272 8 10 0.29133135 
841 348 11 13 0.28885376 
913 309 9 11 0.28555647 
173 354 17 21 0.28271386 
713 300 12 16 0.27922243 
839 387 11 14 0.2791183 
930 537 14 18 0.27758944 
913 286 10 12 0.27362105 
712 246 10 12 0.2722545 
845 269 8 11 0.27063036 
966 311 9 12 0.26918224 
314 311 8 10 0.26698807 
998 558 13 18 0.2630678 
742 255 11 15 0.25633636 
830 518 14 22 0.2507314 
856 264 9 11 0.24954858 
886 630 15 19 0.248211 
972 337 10 11 0.24745083 
995 647 23 30 0.24571592 
926 339 11 14 0.24563213 
396 268 10 12 0.24557321 
719 277 9 12 0.24355818 
947 302 10 12 0.24303676 
365 303 11 12 0.2408472 
996 640 18 21 0.23824288 
670 247 8 11 0.23354395 
226 342 11 13 0.22934599 
926 406 12 13 0.22762205 
864 396 10 12 0.22202459 
388 300 9 13 0.22166872 
964 386 12 15 0.22161129 
978 456 14 18 0.21468553 
864 292 9 11 0.21120359 
888 333 8 11 0.20785229 
934 291 9 12 0.20685771 
958 319 9 11 0.19830705 
1013 342 9 13 0.19826345 
834 589 13 16 0.196462 
338 294 8 10 0.19491988 
134 369 12 14 0.19443735 
1008 334 9 11 0.1922177 
895 389 11 14 0.19205065 
973 294 8 10 0.18943009 
193 372 11 13 0.18849365 
235 317 12 15 0.18617971 
312 331 11 13 0.18519202 
886 255 7 10 0.18174332 
680 231 9 11 0.18147776 
622 231 8 10 0.18123311 
592 294 9 12 0.18003893 
917 316 10 12 0.1777694 
997 440 10 12 0.17587234 
606 327 11 15 0.17384616 
123 348 13 16 0.17360051 
821 375 8 10 0.17278604 
860 478 13 16 0.17270386 
731 270 10 13 0.17216465 
968 609 18 21 0.17206731 
996 596 27 34 0.17188913 
575 358 12 14 0.17181249 
1004 191 11 12 0.17091857 
360 296 8 10 0.16765438 
806 382 9 13 0.1654244 
834 412 14 17 0.16404334 
471 264 8 10 0.16363133 
880 453 13 18 0.16294564 
860 318 10 12 0.16109289 
395 495 24 28 0.16071463 
924 410 12 14 0.15563793 
881 301 9 11 0.15527824 
973 366 9 12 0.15340592 
876 349 11 13 0.15191785 
1006 326 8 11 0.14912648 
1014 301 8 11 0.14853849 
873 270 8 10 0.14809325 
856 269 9 12 0.14794421 
301 376 10 13 0.1475895 
308 525 15 20 0.14680462 
223 357 10 13 0.14677249 
327 308 8 10 0.14528516 
432 246 7 10 0.14523965 
872 351 10 12 0.14505629 
944 295 8 11 0.14381036 
953 319 9 11 0.14342925 
446 270 8 11 0.141442 
931 394 12 16 0.14130546 
832 437 12 14 0.13955605 
19 435 12 17 0.13844356 
862 324 10 13 0.13801862 
856 277 8 11 0.13491184 
823 398 12 14 0.13483353 
767 230 9 12 0.13436072 
639 200 7 10 0.13384937 
925 272 8 10 0.131192 
726 262 9 11 0.13111515 
665 245 8 11 0.13066068 
895 422 10 13 0.13032986 
125 411 10 12 0.12916735 
855 476 12 16 0.12643519 
996 591 17 22 0.12568484 
887 398 10 13 0.12518895 
830 383 12 13 0.124818034 
298 379 10 12 0.12454006 
894 324 9 11 0.12395375 
897 270 8 10 0.1225771 
990 538 12 15 0.12214242 
921 271 8 9 0.12202139 
618 208 6 9 0.12198316 
455 378 12 16 0.12189758 
936 333 10 13 0.12178544 
941 447 10 13 0.121121176 
690 254 10 13 0.12006939 
362 332 24 28 0.12005013 
863 468 12 15 0.11972755 
918 246 7 9 0.11919557 
796 338 14 19 0.11916012 
894 452 11 15 0.11846706 
273 399 11 13 0.11770215 
847 265 8 10 0.11763765 
532 333 15 17 0.11599352 
903 279 7 10 0.114386536 
952 341 10 13 0.113709755 
726 235 10 12 0.11322612 
844 344 10 11 0.11279116 
469 421 11 14 0.11058791 
180 374 12 14 0.11051342 
987 507 16 19 0.110096104 
933 309 9 11 0.11008868 
865 374 9 12 0.108640194 
983 276 9 12 0.10825445 
330 437 24 31 0.10804527 
894 396 11 13 0.10723918 
1005 320 9 11 0.10616221 
408 322 253 334 0.10573168 
957 333 11 13 0.10508702 
461 421 15 17 0.10505065 
54 422 14 18 0.104661636 
727 257 9 10 0.104494475 
637 297 9 11 0.10415426 
384 294 12 15 0.10398782 
908 334 9 12 0.10368849 
686 277 10 13 0.103675514 
487 356 12 16 0.10362184 
841 355 11 14 0.10339312 
717 271 10 12 0.10306391 
948 349 10 13 0.10280382 
491 353 12 15 0.10243865 
704 271 8 10 0.101673916 
985 484 23 27 0.10111225 
675 348 12 14 0.10085663 
986 496 17 20 0.10024596 
881 254 8 11 0.10018932 
496 237 8 10 0.100151755 
45 407 15 19 0.100147985 
671 251 9 11 0.09988364 
406 251 8 11 0.099848 
950 308 8 11 0.09962017 
239 387 11 13 0.09877458 
943 279 8 10 0.09813282 
973 664 15 17 0.097581916 
934 389 12 15 0.09581171 
109 409 10 12 0.09580705 
450 254 7 10 0.09573799 
983 348 11 14 0.09561294 
598 295 10 13 0.0950758 
836 556 15 17 0.09506457 
622 208 7 9 0.095016554 
895 295 7 10 0.09447154 
925 471 12 16 0.094442494 
251 307 11 13 0.09335672 
902 264 7 10 0.09332001 
688 284 9 11 0.09329621 
426 244 8 11 0.09326661 
930 402 12 15 0.092702076 
424 288 10 12 0.09235736 
919 453 12 16 0.091528505 
981 510 14 19 0.09136003 
926 348 10 13 0.09100931 
335 343 8 10 0.089534685 
929 390 11 13 0.08926866 
802 422 13 17 0.08916714 
857 313 8 11 0.08851692 
840 295 8 10 0.08825835 
936 246 8 10 0.08822176 
959 605 23 27 0.08783796 
919 435 11 14 0.08771333 
887 295 8 10 0.08722893 
831 406 12 14 0.08699202 
452 424 15 18 0.08629952 
913 316 9 11 0.08619894 
821 380 10 12 0.08549739 
862 450 13 15 0.08542622 
449 422 10 15 0.0853689 
897 196 7 10 0.08526096 
918 222 8 9 0.08512526 
992 295 10 13 0.08495433 
974 358 8 10 0.08477095 
224 336 11 14 0.0847631 
278 357 13 18 0.08453427 
959 325 10 11 0.08431646 
464 271 8 10 0.08430667 
360 319 10 12 0.084285155 
486 390 12 16 0.0842343 
408 337 10 12 0.08363787 
947 393 12 15 0.08360835 
869 287 9 13 0.08342058 
538 240 8 10 0.082821555 
118 405 10 14 0.08260896 
285 357 13 17 0.082485706 
649 322 11 14 0.082334004 
271 218 11 13 0.082303904 
881 296 8 10 0.0821954 
958 348 10 13 0.081585295 
888 327 9 12 0.08121454 
623 265 11 13 0.08117998 
844 358 12 15 0.08106901 
108 392 16 19 0.08054548 
712 271 9 11 0.08020244 
665 240 8 11 0.08014555 
448 249 6 8 0.080022 
733 276 9 11 0.07949333 
686 230 8 11 0.07927455 
979 560 16 20 0.07872088 
897 264 8 10 0.078407995 
415 288 9 10 0.078252 
401 251 10 12 0.07795052 
867 392 11 14 0.077610336 
721 236 9 12 0.07738037 
925 207 8 9 0.07688859 
854 332 10 12 0.07684679 
285 259 9 11 0.07678679 
896 413 11 14 0.07676313 
896 256 7 9 0.076219626 
897 278 8 10 0.07613587 
256 374 11 14 0.07609871 
511 346 13 17 0.07598244 
809 456 15 19 0.07589062 
944 425 11 14 0.07574838 
670 301 10 12 0.07542907 
855 256 9 9 0.07523037 
894 405 11 13 0.07522213 
284 332 11 13 0.0751825 
417 270 8 10 0.07489367 
334 318 8 11 0.07458681 
864 301 9 11 0.07443811 
872 264 8 9 0.07432606 
398 473 17 21 0.074074104 
861 311 10 12 0.07399544 
673 357 12 15 0.073883496 
881 308 9 12 0.07358328 
815 381 10 13 0.073358536 
898 569 16 18 0.07222888 
604 296 11 12 0.0722218 
912 263 7 9 0.071957186 
832 279 8 10 0.071882844 
472 239 8 10 0.07178083 
793 388 9 13 0.07167651 
280 279 8 13 0.07139409 
470 268 7 10 0.07097594 
989 321 8 10 0.07074344 
721 262 9 11 0.07045344 
989 459 11 15 0.07000511 
947 383 12 15 0.069774225 
968 358 9 11 0.069493316 
417 264 7 10 0.06866836 
896 374 9 12 0.068565235 
937 272 8 9 0.06825429 
845 566 13 15 0.068092145 
841 301 8 10 0.06795015 
893 312 10 12 0.06792624 
861 264 8 10 0.06778753 
895 238 9 11 0.06755522 
234 476 25 33 0.06751036 
973 371 10 13 0.067132965 
807 387 11 13 0.0667204 
937 224 7 9 0.06650726 
856 326 10 13 0.06639227 
652 166 7 11 0.06594666 
988 348 11 14 0.065413624 
897 340 10 13 0.06524121 
916 290 10 12 0.06502399 
921 349 10 12 0.06500989 
919 216 8 10 0.06487006 
645 256 10 12 0.06429875 
696 216 8 10 0.06424689 
942 321 10 12 0.06391838 
989 556 18 24 0.06383009 
641 256 9 13 0.06356308 
734 287 9 10 0.063522585 
479 238 8 11 0.063325904 
961 382 11 13 0.063024044 
985 333 9 11 0.06299181 
335 348 9 11 0.062690854 
966 392 12 15 0.0625464 
877 342 9 11 0.062300295 
904 209 7 9 0.06206056 
641 241 8 10 0.061553176 
633 215 7 9 0.061197504 
555 342 11 15 0.061156496 
950 614 10 14 0.061012812 
831 374 9 11 0.060963444 
949 296 9 11 0.060872275 
737 253 11 14 0.060716163 
577 216 7 10 0.060660426 
974 436 11 13 0.060410086 
918 324 10 12 0.060298268 
797 387 11 14 0.05985166 
940 343 12 14 0.0595034 
803 339 13 18 0.05949062 
924 435 11 13 0.059450634 
839 276 8 10 0.059256624 
754 246 9 11 0.059245568 
742 249 9 11 0.059113234 
360 307 13 14 0.05909082 
997 721 18 21 0.058637004 
431 208 7 10 0.058190025 
957 594 14 17 0.05766185 
941 287 8 10 0.057447523 
875 567 11 13 0.05741312 
337 477 26 35 0.057391364 
806 409 14 18 0.057091564 
812 407 13 15 0.056983892 
463 255 8 10 0.05661057 
902 225 7 9 0.05629051 
41 392 11 14 0.056143664 
470 247 8 10 0.05603294 
606 338 14 18 0.055986587 
215 390 12 14 0.05598099 
958 271 8 11 0.055887893 
505 247 7 10 0.055858877 
424 239 9 12 0.055464383 
896 382 11 13 0.05542835 
272 357 12 16 0.05541852 
831 286 8 10 0.055380866 
825 287 7 10 0.05488447 
947 415 11 13 0.054870393 
633 185 7 8 0.05464246 
334 397 15 19 0.054336045 
432 263 8 11 0.054319553 
984 343 9 11 0.0539252 
812 388 10 12 0.053833246 
994 362 10 14 0.05378341 
998 308 9 10 0.053429782 
628 275 11 15 0.05331784 
913 215 7 9 0.05310077 
841 362 11 14 0.0529562 
65 398 10 12 0.05282514 
728 277 9 11 0.0527319 
121 343 11 14 0.052699067 
887 261 7 10 0.052186176 
887 279 8 10 0.05216504 
845 302 8 10 0.052070674 
922 164 8 10 0.05197743 
363 316 12 14 0.05194586 
511 336 18 23 0.051934943 
719 283 10 12 0.051807534 
501 214 7 10 0.05154493 
902 294 9 11 0.05153066 
519 190 8 11 0.05141704 
455 256 8 10 0.051367775 
903 285 8 11 0.051094085 
916 442 12 15 0.051070187 
403 488 19 24 0.050713602 
898 224 7 9 0.050604604 
928 303 9 11 0.050483625 
678 249 8 10 0.050476912 
687 319 11 14 0.05046621 
44 417 14 17 0.0504394 
878 271 8 11 0.050406437 
975 351 10 12 0.0503589 
848 327 9 12 0.050329562 
915 303 11 12 0.05012524 
728 286 8 10 0.050015144 
681 225 8 10 0.049890727 
974 396 9 13 0.04980626 
887 413 11 14 0.04978001 
382 309 11 12 0.049595572 
774 227 9 13 0.04932196 
713 295 10 13 0.04923124 
526 336 13 16 0.049165443 
898 510 17 20 0.049165037 
687 190 7 10 0.04912633 
968 515 13 16 0.04910648 
221 452 13 17 0.04905866 
593 200 8 11 0.048999414 
441 271 8 10 0.048938524 
568 223 8 11 0.0489158 
930 264 7 9 0.048876308 
397 286 9 11 0.048815254 
217 357 9 12 0.04879296 
568 228 9 12 0.048753273 
958 604 14 18 0.048653103 
874 256 7 9 0.048628133 
287 339 9 11 0.04862241 
822 294 8 11 0.048538912 
581 214 8 10 0.048528027 
990 333 9 12 0.04848442 
833 273 9 10 0.048325896 
915 358 12 14 0.047909286 
377 315 10 13 0.04789449 
487 254 7 9 0.04765894 
822 469 11 13 0.047634702 
282 307 10 13 0.047627304 
967 268 8 10 0.04762348 
693 279 9 11 0.04749971 
617 237 9 10 0.047296822 
600 261 8 10 0.047288056 
993 287 8 10 0.04725391 
637 278 10 14 0.047245614 
895 459 12 16 0.0471815 
898 592 18 22 0.047139555 
671 294 9 12 0.04708762 
994 239 7 10 0.04698924 
935 340 10 14 0.04693015 
206 432 13 16 0.046801288 
934 264 7 8 0.046760377 
902 238 8 10 0.046738297 
836 167 8 10 0.046618134 
688 224 7 9 0.04646329 
854 494 10 13 0.046444114 
904 256 7 9 0.04630065 
897 232 8 10 0.046240266 
734 261 11 13 0.046122905 
830 150 7 10 0.04579042 
937 231 8 8 0.045662913 
421 270 8 10 0.045609444 
488 264 7 9 0.04542208 
830 580 14 17 0.045368787 
390 499 16 20 0.045349672 
926 544 15 20 0.045200177 
912 239 8 9 0.045190122 
879 380 11 14 0.04503932 
1014 429 9 14 0.045012765 
1005 181 11 13 0.044980347 
673 343 11 14 0.044916358 
294 334 9 12 0.044857033 
494 232 9 11 0.04480421 
898 450 13 15 0.044713095 
911 256 8 9 0.044660885 
812 464 14 16 0.044565685 
270 349 10 13 0.044555657 
611 326 10 13 0.044292897 
988 343 11 12 0.044267554 
695 248 8 11 0.044249844 
720 255 8 10 0.04413834 
879 373 12 14 0.044048294 
472 233 8 9 0.04335344 
88 396 11 13 0.04334464 
950 467 14 17 0.04325648 
411 386 12 17 0.043232135 
973 430 11 14 0.043171898 
518 35 37 46 0.043137815 
976 263 8 10 0.043111756 
959 547 14 17 0.04304474 
888 174 8 10 0.043030243 
942 224 7 8 0.042967986 
480 254 8 10 0.04292033 
520 197 8 10 0.042688016 
441 294 8 11 0.042623747 
861 534 11 14 0.042586926 
974 289 8 11 0.0425768 
591 289 8 11 0.04257288 
695 231 8 10 0.04248251 
885 374 10 13 0.04247318 
796 395 12 16 0.04242451 
818 295 8 10 0.042420235 
519 238 7 9 0.042223044 
662 185 7 9 0.042210355 
896 245 7 10 0.04219668 
831 303 8 10 0.04214294 
921 407 11 14 0.042023923 
510 390 11 12 0.042021442 
738 248 7 9 0.04198204 
912 281 8 10 0.041975975 
861 330 11 13 0.041958746 
969 289 8 10 0.041870996 
639 368 8 10 0.04185695 
417 292 8 10 0.0418372 
888 271 7 10 0.04177159 
466 246 8 10 0.041731723 
814 348 11 15 0.041726705 
568 272 9 12 0.041714635 
953 336 9 10 0.041660126 
985 301 9 11 0.04165888 
908 565 10 13 0.041651204 
888 337 10 13 0.041586008 
990 279 7 10 0.041548908 
857 286 9 12 0.04153851 
638 222 8 10 0.0414789 
982 271 9 12 0.0413642 
887 310 9 12 0.041327983 
823 368 9 11 0.041254655 
269 342 9 12 0.04117815 
902 348 10 13 0.04113129 
629 332 12 13 0.041068338 
251 315 14 16 0.04104814 
622 236 8 10 0.04091162 
1013 190 8 11 0.04080305 
870 429 11 13 0.04079473 
569 201 7 10 0.040767226 
868 476 12 15 0.04073972 
1015 435 9 12 0.040652946 
658 184 7 10 0.04020788 
862 279 9 10 0.0401955 
768 224 10 14 0.040190935 
616 212 8 10 0.04003834 
902 231 8 10 0.039813433 
817 302 10 12 0.039797932 
472 33 42 56 0.03979209 
696 222 7 10 0.039770022 
880 278 8 10 0.039759107 
944 273 7 9 0.039726652 
864 510 10 13 0.03963223 
979 656 21 28 0.039602697 
903 193 7 9 0.03955616 
432 461 11 15 0.03922113 
247 359 10 12 0.039103772 
848 332 10 12 0.03902763 
311 526 26 34 0.038924668 
1000 194 11 13 0.038839232 
495 263 8 9 0.03870698 
951 323 9 12 0.038698327 
264 348 10 13 0.03868682 
464 263 8 10 0.03866772 
1015 355 9 13 0.038653877 
246 314 12 16 0.038579665 
131 363 21 24 0.03845658 
537 245 8 10 0.038336862 
310 518 14 17 0.0382967 
656 273 9 12 0.038276292 
448 263 9 10 0.03826212 
919 278 9 11 0.0381708 
266 419 22 29 0.038055483 
997 262 9 11 0.038038254 
898 150 8 10 0.03795964 
373 309 11 14 0.037916616 
868 459 13 18 0.037808742 
926 354 10 13 0.037730973 
593 222 8 9 0.037690286 
409 305 8 10 0.037626054 
394 264 9 12 0.0373621 
480 393 14 17 0.037333056 
930 475 13 16 0.037191126 
939 277 9 10 0.03717962 
721 142 9 12 0.037105814 
933 303 10 11 0.03709478 
433 268 8 10 0.03708531 
903 213 7 9 0.036961664 
914 270 8 9 0.036914404 
447 294 8 11 0.036884937 
968 373 10 12 0.03684762 
617 365 10 11 0.03683554 
991 648 17 23 0.036820944 
801 376 10 12 0.03660406 
539 346 11 15 0.036590565 
208 416 10 11 0.03655444 
481 302 7 10 0.036542334 
937 217 7 9 0.03647524 
365 297 10 12 0.03646353 
600 256 8 10 0.03645573 
880 327 9 11 0.036425 
703 222 8 10 0.03641866 
389 480 27 32 0.036378745 
647 331 11 12 0.036305793 
327 342 10 11 0.03628925 
344 489 24 31 0.036252227 
408 279 8 10 0.036131047 
872 334 9 11 0.03603439 
102 445 8 10 0.036017336 
960 232 8 8 0.035959583 
742 617 23 29 0.035899322 
830 342 9 11 0.03589892 
614 299 10 12 0.035890263 
1013 347 11 14 0.03588057 
649 191 6 9 0.03585118 
606 320 11 14 0.035766162 
948 585 15 20 0.035746116 
245 473 27 34 0.03569975 
614 252 10 12 0.03566313 
837 569 13 16 0.035607547 
904 328 9 11 0.035604734 
935 383 10 13 0.035399217 
966 254 8 9 0.035375647 
598 200 8 10 0.035356555 
837 372 10 13 0.035351463 
878 474 12 15 0.035294916 
961 311 10 12 0.03523005 
422 264 8 10 0.03520365 
1005 551 13 17 0.03520341 
568 248 8 10 0.035185307 
688 259 10 13 0.035141896 
560 231 8 10 0.03511151 
423 231 9 11 0.035093352 
826 279 9 11 0.03501406 
913 159 7 8 0.034960534 
981 527 11 17 0.03488454 
364 499 13 17 0.034791823 
156 467 12 16 0.034743723 
474 280 7 10 0.034730103 
244 381 11 15 0.03471267 
474 191 8 10 0.03468553 
865 403 10 13 0.0345088 
832 546 13 17 0.034487955 
583 206 8 10 0.03443761 
861 269 9 11 0.03438452 
991 589 15 19 0.034344666 
687 197 8 10 0.03433204 
583 191 7 9 0.034277905 
503 238 6 9 0.034260646 
879 399 10 12 0.034088742 
328 246 10 12 0.034024805 
79 413 16 21 0.033998497 
971 389 11 14 0.033968434 
830 367 8 10 0.03394137 
861 547 11 15 0.033917267 
903 148 8 11 0.03385935 
486 248 8 10 0.03371187 
933 372 10 13 0.033709507 
618 231 8 11 0.033697095 
119 421 10 11 0.03366745 
294 317 7 11 0.033636 
966 509 12 16 0.03362804 
316 315 10 12 0.03355989 
853 341 10 12 0.033516433 
902 372 10 13 0.03349697 
858 291 9 12 0.033458278 
950 207 8 10 0.033414233 
488 236 8 11 0.033228908 
510 248 7 9 0.033160042 
917 370 11 14 0.03306821 
264 335 8 11 0.033040207 
491 379 13 17 0.033038843 
897 286 7 10 0.03303275 
889 390 10 13 0.03303227 
864 430 11 13 0.032979403 
132 479 11 13 0.032934595 
985 716 25 29 0.03292702 
321 305 8 11 0.03284485 
886 357 9 11 0.032844454 
749 253 12 14 0.032843735 
921 335 9 12 0.03272624 
985 639 38 53 0.032702908 
490 386 15 18 0.032696027 
481 319 8 11 0.032679215 
404 474 21 31 0.032574404 
945 200 8 10 0.03249683 
910 232 8 9 0.032489203 
747 258 12 14 0.03246507 
359 271 8 10 0.032434296 
681 190 7 9 0.032392953 
102 455 9 12 0.03233014 
630 230 7 10 0.03228661 
478 190 8 10 0.032284494 
581 352 10 12 0.032232184 
639 184 7 8 0.03222173 
456 262 8 10 0.032190524 
623 330 12 15 0.032138076 
520 459 14 18 0.03212648 
655 207 7 9 0.032112133 
598 157 9 11 0.032090887 
464 240 8 9 0.032037906 
423 279 8 10 0.032025877 
927 232 7 8 0.031888682 
946 205 9 10 0.03179325 
460 412 15 18 0.031786844 
918 240 9 10 0.03178669 
453 522 16 21 0.031780235 
994 514 12 14 0.031702567 
92 347 398 409 0.031639673 
746 612 17 20 0.031622577 
397 294 9 11 0.031611964 
899 395 12 13 0.031603225 
554 305 19 26 0.03156466 
879 367 11 12 0.03152875 
183 478 13 14 0.031527616 
584 238 7 9 0.031468395 
116 390 12 15 0.031458862 
1 399 9 14 0.03141155 
914 222 7 10 0.031386178 
910 326 9 12 0.031320233 
713 275 9 12 0.031315736 
884 446 14 19 0.031304177 
410 339 11 15 0.031262755 
871 277 9 10 0.031256966 
948 355 10 13 0.031206395 
592 191 7 9 0.031191735 
661 272 10 12 0.031190136 
318 340 11 14 0.031186203 
976 406 10 13 0.031155732 
973 312 9 12 0.031147696 
651 310 10 13 0.031100523 
440 277 8 10 0.031082906 
941 245 8 11 0.030995207 
413 415 18 23 0.030966163 
439 206 7 9 0.030889882 
899 407 11 14 0.030880885 
633 167 7 10 0.030849082 
666 232 8 10 0.030846898 
236 328 13 16 0.030829629 
742 287 9 10 0.030821694 
854 372 10 13 0.030815138 
735 248 19 24 0.030744735 
494 314 12 14 0.030707749 
824 389 12 15 0.030655036 
599 216 8 10 0.030635359 
584 248 7 9 0.030634368 
847 495 12 14 0.030622674 
672 185 7 9 0.03046054 
988 476 14 19 0.030292973 
489 232 9 11 0.030265488 
875 429 12 14 0.030250698 
553 232 7 9 0.030217493 
363 324 12 14 0.030194754 
497 208 7 10 0.030129278 
983 286 9 10 0.030114433 
638 374 8 10 0.029973997 
656 189 8 11 0.029937645 
633 222 8 10 0.029904544 
1009 336 18 25 0.02989763 
878 389 10 12 0.029770683 
712 288 9 11 0.029742805 
211 421 11 13 0.029732127 
830 540 12 15 0.029720053 
712 263 8 10 0.029682552 
887 286 8 10 0.029659102 
927 381 11 15 0.029642683 
415 277 8 10 0.029616522 
488 181 10 12 0.02961019 
700 35 11 14 0.029596165 
438 247 8 11 0.029544633 
607 216 8 10 0.029527223 
913 437 11 14 0.02946549 
615 246 10 12 0.02943551 
816 367 9 13 0.029430304 
1009 301 9 12 0.029413301 
514 239 7 9 0.029242372 
921 473 12 17 0.029218327 
256 482 18 22 0.029190207 
870 326 9 11 0.029184557 
552 157 24 29 0.029099096 
204 453 10 13 0.029090805 
927 239 7 9 0.029088696 
851 565 12 14 0.029083878 
574 230 7 9 0.029053407 
472 255 8 10 0.02904605 
377 338 14 17 0.02897753 
865 350 10 13 0.028948052 
737 224 8 9 0.028904589 
1007 348 12 14 0.028818944 
372 301 9 12 0.028812673 
459 385 12 16 0.028803376 
488 310 9 12 0.028778216 
975 244 9 11 0.028758878 
583 200 9 11 0.02871048 
927 161 7 10 0.028694142 
705 276 8 10 0.028620245 
848 276 8 11 0.028578827 
613 345 12 16 0.028507497 
950 366 9 11 0.028454939 
568 217 8 10 0.028347164 
567 319 13 18 0.02828342 
512 345 23 28 0.028254105 
879 334 9 12 0.028223433 
669 239 8 10 0.028092386 
541 239 7 9 0.028076401 
116 404 21 25 0.027990967 
881 191 8 11 0.027951783 
478 183 8 11 0.027944978 
379 456 42 52 0.027914079 
585 263 8 9 0.027908852 
967 301 9 11 0.027893512 
703 294 9 11 0.027889142 
937 240 9 10 0.027763652 
414 247 8 11 0.027758254 
198 467 10 13 0.027748397 
870 167 8 10 0.027740011 
746 161 6 8 0.027691176 
1013 388 10 17 0.027621312 
967 350 10 14 0.027618235 
848 254 9 12 0.02761206 
480 324 10 12 0.027568122 
593 215 8 11 0.027565 
481 362 12 15 0.027550064 
1000 379 10 13 0.027486872 
937 421 10 13 0.02746189 
805 498 14 18 0.027440611 
380 253 11 13 0.027439829 
958 293 8 11 0.0274187 
426 209 8 10 0.027258174 
804 595 14 16 0.027250065 
255 322 10 13 0.027222266 
393 276 9 11 0.027210107 
895 334 9 12 0.027160266 
656 223 8 10 0.027129056 
664 252 8 11 0.02709682 
360 277 9 10 0.02699809 
587 294 10 13 0.026969269 
610 331 12 16 0.026954468 
618 274 11 14 0.02689328 
841 265 10 11 0.02688318 
967 502 10 14 0.02685172 
248 458 25 33 0.02682471 
576 200 8 10 0.026815994 
223 343 19 22 0.026806172 
607 255 9 11 0.026778374 
495 429 12 14 0.026772201 
935 318 10 11 0.026749462 
885 366 10 13 0.026671935 
674 190 6 8 0.026659507 
985 295 8 10 0.026576646 
911 197 8 11 0.02655249 
743 229 8 11 0.026543139 
649 215 7 9 0.026518593 
514 191 8 10 0.026513392 
436 334 10 13 0.026508715 
818 453 12 15 0.026482262 
924 459 11 14 0.02645717 
390 333 9 11 0.026438735 
1008 429 11 12 0.026426693 
871 365 9 13 0.026421238 
1015 306 9 12 0.026415749 
926 214 8 9 0.026393812 
481 223 7 9 0.026374927 
974 526 14 19 0.026302008 
111 455 9 11 0.026301177 
537 338 14 17 0.02630048 
824 595 10 14 0.02628801 
974 445 12 15 0.026256686 
430 231 8 10 0.026206363 
280 294 8 11 0.02619562 
-1 426 8 15 0.026170077 
95 372 11 16 0.026137682 
479 279 7 10 0.026129723 
608 201 7 9 0.02612805 
102 439 8 11 0.026073283 
943 230 7 8 0.02604945 
358 343 23 29 0.026013134 
482 271 7 9 0.0259974 
930 247 7 10 0.025995601 
863 379 11 15 0.025984986 
519 362 14 18 0.025940843 
868 378 12 14 0.025924494 
464 295 8 10 0.025907781 
711 230 8 10 0.025891088 
821 301 9 11 0.025881482 
945 612 11 15 0.025863567 
409 286 9 10 0.025845086 
634 200 8 9 0.025776574 
880 249 8 10 0.025744064 
284 279 9 12 0.025715536 
582 182 7 10 0.0257093 
574 271 9 12 0.025709167 
856 388 10 13 0.025703393 
822 424 13 17 0.025692238 
919 264 7 9 0.02565563 
176 473 124 190 0.025599921 
903 302 9 11 0.025594238 
888 419 12 14 0.02558858 
870 435 11 14 0.025581053 
564 308 15 20 0.025576381 
367 278 9 11 0.025510972 
965 327 9 11 0.025479019 
588 376 17 23 0.025460074 
993 245 8 11 0.025459217 
689 249 7 10 0.025403673 
927 372 11 14 0.025342569 
936 367 10 12 0.025339484 
633 208 7 9 0.025324779 
930 288 8 10 0.025314976 
1009 248 8 10 0.025241932 
247 352 9 11 0.025239797 
990 599 14 19 0.025203481 
662 189 7 10 0.025203371 
326 441 15 23 0.025198452 
941 239 9 11 0.02519282 
736 230 9 11 0.025139708 
506 340 10 13 0.025136935 
936 538 15 19 0.025071366 
474 197 7 10 0.025013296 
392 286 9 11 0.02500419 
909 208 7 9 0.025003226 
456 335 11 13 0.025001284 
672 232 8 10 0.024992876 
813 397 13 15 0.024978122 
946 451 12 17 0.024940591 
878 615 26 33 0.024910955 
440 300 8 10 0.024897652 
665 303 9 11 0.024878845 
943 437 10 14 0.024866138 
894 300 9 11 0.024853228 
830 308 8 11 0.024791852 
375 294 10 13 0.024789916 
888 192 7 10 0.024727432 
439 397 10 13 0.024722673 
123 388 12 15 0.024701929 
721 161 7 8 0.024693491 
881 287 8 10 0.024688294 
242 473 105 134 0.024661474 
337 289 8 11 0.02462377 
410 504 14 20 0.024600701 
938 349 10 14 0.024556002 
198 394 9 12 0.024549315 
872 571 12 15 0.024528049 
697 238 8 9 0.024506649 
632 247 9 11 0.02450197 
997 352 11 15 0.024496434 
827 469 11 14 0.024490088 
639 216 7 10 0.024468053 
495 304 9 10 0.024420228 
585 253 7 10 0.024417693 
981 247 8 10 0.024404688 
1010 253 8 11 0.02437382 
526 256 8 10 0.024363661 
358 522 12 16 0.024302755 
246 297 18 24 0.024242852 
513 232 7 9 0.024234477 
951 265 7 9 0.024168354 
46 427 13 16 0.024157189 
616 201 6 8 0.024123702 
898 579 17 20 0.024115412 
885 350 10 12 0.024109375 
448 200 7 8 0.024098655 
834 563 11 15 0.02409164 
1006 327 20 24 0.024084236 
126 336 10 13 0.024035016 
998 340 9 12 0.024017138 
199 413 8 10 0.023971193 
416 224 8 10 0.02396896 
430 213 8 10 0.023949552 
433 253 8 10 0.023931542 
819 348 12 16 0.023854753 
631 262 9 12 0.023852173 
907 358 11 14 0.023831282 
752 241 9 11 0.023807887 
533 387 12 13 0.02380498 
129 347 15 17 0.023760356 
985 518 16 20 0.023747886 
569 357 12 15 0.023747027 
440 215 8 10 0.023735294 
982 354 11 13 0.023714669 
857 539 11 16 0.023644483 
455 206 7 10 0.023643423 
624 201 7 8 0.023642063 
81 424 15 17 0.023632823 
1009 287 8 11 0.023617635 
690 216 8 10 0.023617044 
995 460 12 15 0.023596289 
356 496 15 20 0.023570314 
879 317 10 12 0.02356933 
811 340 11 16 0.023527022 
457 199 7 9 0.023506409 
347 467 16 21 0.023444887 
976 269 9 11 0.02343691 
872 249 8 10 0.02339836 
969 183 8 10 0.023372943 
1010 606 15 22 0.023362575 
473 168 8 10 0.02331399 
50 397 12 17 0.023301387 
485 270 9 10 0.023292262 
971 380 11 14 0.02329137 
553 224 7 9 0.023275029 
704 230 7 9 0.023246117 
101 499 11 13 0.023218814 
928 327 9 11 0.023216443 
958 288 8 10 0.023178013 
502 278 8 10 0.023173241 
972 568 16 19 0.023167768 
499 310 12 14 0.023158496 
981 413 11 15 0.023142071 
862 555 10 13 0.023106629 
941 416 18 22 0.023077816 
446 318 9 12 0.02306001 
260 237 9 11 0.023013182 
657 242 8 9 0.022994006 
933 254 9 9 0.022952143 
639 245 9 10 0.02293348 
231 481 15 21 0.022926956 
962 593 18 22 0.02288808 
484 421 11 15 0.02287408 
632 306 11 13 0.022838704 
806 365 11 12 0.022823397 
480 247 8 10 0.022793565 
991 489 26 31 0.022769902 
483 396 16 20 0.022748018 
398 450 13 17 0.022700233 
136 393 12 15 0.022690585 
458 270 8 10 0.022621898 
959 396 11 14 0.022603713 
447 278 8 10 0.022599278 
649 247 10 11 0.022591412 
37 426 13 16 0.02258157 
253 457 16 21 0.02257878 
526 232 7 9 0.022563757 
742 224 8 10 0.02251938 
607 230 7 10 0.02251905 
353 271 9 10 0.022506116 
29 428 11 16 0.022480043 
929 286 20 23 0.02247184 
843 419 13 16 0.022433707 
607 222 8 10 0.022433585 
521 205 7 9 0.02242158 
1012 548 13 18 0.022410506 
39 400 15 19 0.022397557 
476 420 12 16 0.022379361 
849 177 7 9 0.022378499 
844 295 9 11 0.022377666 
585 299 10 13 0.02236048 
68 420 12 17 0.02234733 
704 159 7 9 0.022342412 
577 183 8 10 0.02233301 
943 580 13 18 0.022312298 
450 286 8 11 0.02230342 
583 176 8 10 0.022298709 
729 225 7 8 0.022278445 
600 245 7 10 0.022277873 
898 207 8 10 0.022274053 
637 166 7 10 0.022271119 
896 505 14 19 0.02226993 
908 570 13 16 0.02225252 
312 305 8 12 0.022249227 
798 402 12 15 0.022241097 
814 418 12 17 0.022227008 
862 527 11 14 0.022182753 
187 367 19 23 0.022164108 
120 335 10 12 0.022159183 
342 288 9 11 0.022137977 
791 342 13 19 0.022110712 
488 207 7 10 0.022067862 
602 330 12 17 0.022031218 
374 218 12 14 0.022013122 
898 418 12 15 0.022011288 
445 222 9 10 0.022010863 
624 225 7 9 0.021966953 
411 420 25 34 0.021946954 
736 293 8 10 0.021901568 
887 621 15 19 0.021894298 
601 318 9 12 0.021858072 
989 390 10 14 0.021850284 
945 306 11 13 0.021843042 
517 352 24 30 0.021816168 
968 248 8 10 0.021807581 
461 473 14 19 0.02180536 
263 353 12 16 0.02179833 
459 403 14 16 0.021790601 
437 340 11 13 0.021776428 
233 313 9 11 0.021759687 
127 365 15 18 0.0216901 
322 294 8 11 0.021688066 
480 297 7 10 0.021657161 
868 451 13 16 0.021646792 
457 191 7 9 0.021644058 
646 240 8 10 0.021642743 
486 372 13 17 0.021629505 
759 284 11 14 0.021627482 
454 285 9 11 0.021618994 
952 287 8 9 0.02161161 
521 271 8 10 0.02158049 
924 419 13 16 0.021566097 
511 324 13 16 0.021547029 
589 350 10 12 0.021518085 
457 239 7 10 0.021510895 
407 317 10 12 0.0215103 
575 247 7 11 0.021504994 
982 254 7 9 0.021459682 
785 388 10 13 0.021458937 
831 359 10 12 0.021427812 
501 387 13 17 0.021422287 
471 213 8 10 0.021415602 
361 298 19 22 0.021374615 
877 434 12 16 0.021371234 
397 276 10 12 0.021370474 
515 436 13 18 0.021363838 
733 236 9 11 0.021353677 
921 200 8 10 0.021338398 
724 249 21 25 0.021328589 
926 479 15 19 0.021320816 
290 362 13 16 0.021315606 
481 355 21 24 0.021276195 
551 298 10 11 0.021272078 
326 249 14 16 0.021271897 
701 262 9 12 0.021258311 
884 466 14 18 0.021242112 
416 229 9 12 0.021231141 
538 351 126 165 0.021229926 
358 333 16 19 0.021210529 
637 333 10 13 0.02120097 
519 233 9 10 0.02116562 
993 191 9 11 0.02115437 
623 213 7 9 0.021145366 
238 372 13 16 0.021136604 
847 484 12 14 0.021125054 
735 617 15 21 0.021103373 
835 427 14 18 0.02110217 
498 270 8 10 0.02108304 
838 286 8 11 0.021070082 
429 240 8 11 0.021066984 
891 239 8 10 0.02105781 
656 198 7 9 0.020997798 
791 335 12 17 0.020993471 
446 347 10 13 0.020991808 
253 334 11 13 0.02099122 
1000 332 10 12 0.020954806 
868 445 12 15 0.020954134 
334 336 9 12 0.020872928 
890 197 8 10 0.02085693 
405 393 13 18 0.020845328 
887 248 8 10 0.020841084 
234 384 19 24 0.020836702 
578 190 9 10 0.020822708 
590 270 8 11 0.020817496 
881 183 7 10 0.020798223 
176 366 20 24 0.02079264 
974 419 11 15 0.020787077 
933 413 11 13 0.02078475 
633 366 10 12 0.020735856 
458 515 15 20 0.020728799 
669 286 10 13 0.020709438 
827 484 12 16 0.020707445 
103 492 12 14 0.02069862 
953 596 43 51 0.020664982 
413 304 9 11 0.020664047 
168 327 8 10 0.020627528 
862 256 7 9 0.02060794 
553 181 10 12 0.020606179 
703 239 9 11 0.020594154 
682 176 7 8 0.020574404 
429 287 9 11 0.02052264 
943 456 12 16 0.020520959 
542 213 8 10 0.02050078 
760 237 10 12 0.020495133 
902 246 8 9 0.0204807 
135 376 19 23 0.020447694 
965 573 15 18 0.020412168 
254 385 11 16 0.020375432 
768 153 6 9 0.020370103 
961 254 7 10 0.020359667 
988 659 17 24 0.02034553 
454 393 13 16 0.020339385 
922 609 15 17 0.02031532 
1002 632 21 31 0.020294497 
101 420 10 12 0.020293847 
467 415 22 27 0.020276666 
527 338 21 27 0.020252042 
911 151 6 8 0.020245604 
936 158 7 10 0.020243954 
987 532 20 25 0.020241892 
127 293 221 234 0.020220224 
930 254 8 10 0.020201713 
879 261 9 11 0.020188907 
502 271 8 10 0.02011306 
385 500 12 16 0.02010933 
4 409 13 19 0.0200994 
727 160 8 9 0.020037463 
696 267 9 12 0.020030236 
382 471 16 22 0.020028494 
900 331 19 22 0.020020328 
793 136 7 10 0.020018278 
812 595 12 14 0.020013629 
