0_Parade_marchingband_1_910
112
78 242 35 35 0.9933449 
572 232 47 52 0.9884454 
372 254 48 54 0.98842174 
207 206 45 49 0.97093767 
41 227 28 37 0.9675144 
518 226 48 55 0.9668761 
772 337 72 90 0.96372706 
140 228 29 32 0.856452 
483 191 31 49 0.5414787 
338 233 31 40 0.5255571 
590 117 35 35 0.49582022 
114 243 16 21 0.40249148 
437 273 38 41 0.39143178 
645 209 38 52 0.2779483 
282 258 40 39 0.21864551 
586 50 52 63 0.18169984 
585 87 43 58 0.1489042 
64 240 30 34 0.1397943 
949 265 56 102 0.1367102 
812 89 32 39 0.120997556 
406 152 16 18 0.11998031 
287 250 58 67 0.119769484 
0 265 10 15 0.097150125 
670 36 54 65 0.092802286 
328 240 49 60 0.08808779 
103 173 15 18 0.08590176 
834 467 209 274 0.07624326 
51 236 28 40 0.0754472 
21 249 23 32 0.065773375 
0 171 21 32 0.064430214 
174 175 12 13 0.061021857 
29 233 24 32 0.055944104 
678 147 13 17 0.054160558 
22 169 14 20 0.053909596 
4 264 13 16 0.045270443 
1 178 13 19 0.045167014 
620 199 28 34 0.044669636 
916 86 26 28 0.04284763 
134 202 11 14 0.04205389 
598 55 33 37 0.04148276 
144 205 10 13 0.041407917 
857 326 45 61 0.040930368 
392 147 24 26 0.040394045 
669 39 85 108 0.039714467 
696 142 12 16 0.036863483 
606 127 20 26 0.03666002 
586 122 22 19 0.036214236 
918 91 15 16 0.036205012 
665 63 54 66 0.03484841 
722 45 54 67 0.03482751 
52 206 17 19 0.034802184 
720 361 360 440 0.034609567 
250 264 28 47 0.03411585 
9 177 16 19 0.03286059 
415 258 76 89 0.03252827 
993 140 25 35 0.032061424 
828 86 30 38 0.031845167 
484 188 18 21 0.03073816 
100 174 25 33 0.03015992 
436 280 21 26 0.030048164 
918 37 26 33 0.029918913 
757 317 65 88 0.02989514 
170 169 21 25 0.029891642 
156 201 13 17 0.029514462 
750 70 33 37 0.028551875 
995 116 16 23 0.028528852 
149 202 14 17 0.027897004 
144 389 10 11 0.027865285 
688 139 23 30 0.027702888 
961 97 18 21 0.027491564 
690 44 31 43 0.027319899 
836 89 16 21 0.026684998 
814 109 90 118 0.026515469 
325 235 32 43 0.026388654 
207 153 14 20 0.026234316 
297 273 59 70 0.026160914 
423 218 13 18 0.025998596 
796 20 44 57 0.025605991 
582 48 35 38 0.025284532 
326 265 15 22 0.025147032 
200 352 13 17 0.025050757 
903 80 44 51 0.024913192 
579 25 56 59 0.02447005 
1012 76 10 17 0.024429815 
895 77 29 37 0.024196854 
12 245 23 31 0.023682402 
474 116 11 15 0.023369374 
25 170 20 27 0.023276685 
670 90 54 74 0.02301522 
929 43 17 22 0.022666305 
149 186 12 15 0.022636276 
652 21 54 63 0.022502702 
803 366 39 51 0.022242894 
644 83 49 63 0.022068933 
426 146 25 33 0.021724004 
164 204 11 14 0.021594217 
857 306 91 105 0.021527791 
422 752 14 15 0.021415535 
963 89 28 32 0.020945046 
852 354 32 39 0.020862808 
832 30 10 13 0.020623872 
906 213 101 177 0.020551473 
518 123 48 58 0.020450301 
794 312 80 109 0.020421833 
675 142 22 27 0.020421237 
980 115 33 40 0.020386735 
93 248 21 22 0.020383263 
6 260 24 30 0.020350102 
341 240 20 24 0.02030368 
441 154 15 19 0.020248191 
622 204 15 20 0.020184616 
387 153 16 19 0.020069377 
