0_Parade_marchingband_1_188
214
549 516 12 14 0.9287931 
685 347 11 15 0.8809497 
252 501 12 14 0.8593422 
574 565 12 16 0.76336896 
920 487 10 13 0.72500855 
442 548 12 14 0.6457607 
520 367 9 11 0.53026915 
711 407 9 11 0.4634239 
797 358 9 12 0.37999174 
588 324 9 11 0.3564237 
604 408 9 12 0.32258865 
784 383 9 11 0.30059972 
209 418 12 15 0.27431947 
557 540 17 21 0.26221755 
242 325 8 10 0.22993444 
118 333 8 11 0.21216772 
49 430 10 12 0.18830734 
462 443 12 13 0.17750719 
694 283 9 11 0.16768089 
860 424 13 16 0.1644715 
159 368 9 10 0.15350454 
617 433 8 11 0.14936522 
868 370 14 17 0.14839664 
605 342 9 11 0.14267522 
681 304 8 11 0.124392636 
342 321 7 9 0.11361843 
618 382 9 12 0.11229866 
628 73 12 16 0.11160837 
295 247 9 12 0.109953366 
360 253 9 12 0.107742414 
334 267 9 11 0.10630538 
725 326 9 11 0.105510645 
487 211 10 14 0.10529811 
721 304 9 10 0.10284261 
505 397 9 10 0.101357624 
610 279 9 11 0.095174745 
696 315 13 14 0.09380645 
167 386 12 13 0.08727192 
998 247 9 12 0.085455485 
301 375 7 9 0.08448132 
715 349 12 13 0.08041755 
680 342 12 17 0.07753539 
63 321 8 11 0.07709545 
112 588 12 13 0.07672527 
328 264 10 13 0.074999794 
704 368 9 12 0.07058903 
554 263 9 12 0.068489656 
508 248 12 15 0.066755384 
783 448 8 11 0.06661083 
343 245 10 12 0.06570965 
776 191 11 12 0.06387245 
676 388 11 13 0.06131624 
428 252 12 16 0.0609442 
665 392 8 10 0.060408924 
196 494 14 20 0.060265686 
511 227 12 17 0.059734255 
504 279 8 11 0.05809655 
673 390 9 12 0.05687145 
998 248 13 20 0.05534058 
294 389 8 10 0.055014633 
496 240 12 15 0.05495068 
694 332 12 14 0.05475472 
217 176 8 9 0.05370826 
701 312 11 13 0.053094223 
619 307 11 13 0.052606355 
248 144 8 11 0.050736375 
489 189 10 13 0.0500093 
590 357 9 11 0.049408004 
305 232 10 11 0.047865547 
692 341 13 16 0.047513187 
453 319 8 10 0.04711864 
604 318 15 19 0.046287734 
43 453 16 19 0.04625617 
806 383 8 11 0.046159096 
585 320 9 13 0.044603102 
453 350 9 11 0.04446552 
599 319 11 14 0.04445798 
697 325 11 14 0.043981124 
775 446 8 11 0.0435098 
720 332 11 13 0.042748336 
365 252 9 13 0.04272723 
43 439 17 19 0.04263862 
622 388 9 12 0.042228773 
863 368 13 16 0.042091858 
710 354 12 13 0.041905053 
341 237 12 14 0.04129163 
854 461 11 14 0.040890258 
795 363 10 13 0.04053456 
715 355 12 13 0.040342633 
336 351 8 11 0.04023252 
621 439 8 10 0.04003256 
143 208 10 13 0.038761225 
501 242 13 17 0.03872023 
614 373 10 12 0.03772199 
222 315 11 13 0.037218902 
600 348 11 13 0.03579273 
454 323 9 11 0.03548715 
678 332 9 12 0.034806266 
785 454 9 12 0.03479138 
758 270 10 15 0.034753688 
33 492 12 15 0.03450824 
249 262 9 11 0.033870123 
301 244 10 15 0.03379355 
244 357 10 12 0.033392847 
863 377 14 18 0.03269974 
727 320 10 13 0.03247321 
799 352 10 15 0.032338936 
611 283 10 13 0.03221522 
501 228 14 19 0.031774424 
873 366 13 16 0.031616945 
295 269 10 12 0.030743634 
694 292 11 12 0.030675957 
249 300 13 16 0.03051342 
196 478 13 16 0.030197568 
145 246 10 13 0.03015706 
616 304 10 13 0.030154228 
515 249 12 16 0.029773528 
994 245 9 13 0.02959129 
801 383 8 11 0.029492604 
150 204 12 16 0.029455114 
799 339 10 14 0.029316947 
496 435 11 13 0.02902329 
437 271 9 11 0.028834445 
217 180 10 12 0.028787384 
782 422 9 12 0.028421415 
252 564 18 18 0.028415898 
445 309 11 14 0.028281331 
725 308 9 11 0.028222974 
342 251 9 12 0.027924014 
703 348 11 15 0.027876556 
686 308 10 13 0.027854051 
206 435 14 16 0.02774656 
702 302 9 12 0.027731953 
325 320 8 9 0.027721021 
497 407 8 11 0.027525147 
605 333 12 14 0.027503895 
716 341 12 15 0.02744656 
216 197 11 14 0.027399153 
770 446 8 10 0.027354404 
154 366 9 13 0.027111089 
594 310 9 11 0.026907455 
994 241 8 10 0.026694944 
766 230 9 14 0.026628794 
590 351 9 12 0.026524289 
151 373 10 13 0.026254142 
863 385 11 13 0.026190914 
229 317 10 12 0.025824217 
327 231 9 11 0.025394915 
511 215 9 14 0.025337446 
506 214 19 28 0.025206815 
437 317 13 15 0.025198335 
600 421 10 13 0.024947688 
790 413 12 14 0.02457933 
503 214 11 15 0.024546959 
354 285 10 13 0.024534952 
707 371 11 13 0.024419665 
800 388 9 10 0.024282204 
340 262 10 13 0.024274178 
503 302 12 14 0.02417987 
126 351 9 10 0.02403105 
562 547 19 24 0.024018329 
695 300 11 13 0.023891797 
148 379 11 14 0.023886004 
422 274 10 14 0.023865897 
469 430 10 11 0.02371108 
207 424 14 17 0.023331637 
778 422 8 12 0.023273155 
898 149 10 13 0.023224715 
718 389 9 11 0.02321929 
51 425 11 13 0.023072915 
608 72 9 11 0.022994868 
788 419 14 16 0.022917382 
119 312 9 11 0.022892917 
966 288 13 16 0.022878164 
724 356 11 13 0.022765117 
336 253 10 12 0.022754112 
493 174 9 11 0.022665918 
508 302 10 12 0.022634855 
672 407 10 11 0.022504449 
672 414 9 11 0.022490302 
474 252 15 17 0.022461236 
544 518 15 18 0.022434935 
144 229 9 12 0.02235766 
525 348 10 13 0.022338184 
142 351 11 14 0.022142045 
790 388 8 10 0.021951266 
152 199 11 13 0.021884926 
550 314 13 16 0.021818021 
797 372 10 12 0.021772731 
690 280 9 12 0.021734446 
357 288 11 15 0.021470618 
613 71 10 14 0.021318253 
143 221 10 14 0.021306334 
430 324 11 13 0.021298371 
358 324 9 10 0.02129375 
507 391 9 12 0.021287806 
488 183 11 13 0.02125084 
783 359 9 11 0.02116217 
695 371 12 13 0.021157933 
118 338 9 11 0.02101535 
111 326 12 15 0.020990245 
492 314 13 17 0.020897685 
551 538 15 22 0.020828493 
248 266 11 14 0.02072124 
915 499 13 17 0.020639539 
590 374 9 11 0.020612407 
221 192 106 131 0.02058715 
308 234 11 14 0.020410141 
411 272 16 19 0.020403286 
347 245 11 14 0.02038166 
63 430 11 13 0.020248022 
609 304 21 24 0.02020723 
163 364 11 14 0.020203412 
514 233 13 17 0.020159237 
