0_Parade_marchingband_1_156
225
568 248 61 69 0.9989753 
168 250 64 70 0.99863154 
872 185 79 99 0.9853064 
404 189 14 19 0.6200031 
349 199 13 18 0.51927465 
68 200 17 20 0.5084935 
889 0 16 17 0.50794756 
152 136 51 51 0.42240357 
39 576 26 41 0.3930133 
44 14 21 29 0.3585296 
330 9 16 21 0.34336573 
658 91 14 17 0.33973014 
668 112 14 19 0.31234154 
187 24 15 19 0.29693884 
749 158 14 17 0.29134542 
287 253 23 34 0.29120168 
360 275 21 25 0.2648938 
15 198 16 20 0.23840255 
445 289 14 18 0.21870875 
734 232 15 18 0.21506082 
317 196 13 16 0.20411362 
343 265 15 21 0.20105614 
439 258 16 20 0.18812619 
88 56 15 20 0.17704086 
4 331 16 21 0.15581977 
458 155 13 17 0.1550307 
1007 209 15 23 0.15171875 
377 20 13 18 0.15005803 
404 268 14 18 0.14775816 
352 335 22 28 0.14725356 
708 352 14 17 0.14667271 
384 202 14 18 0.14467534 
384 177 12 15 0.14106797 
823 21 13 16 0.12221719 
267 -1 17 14 0.121516794 
263 33 14 18 0.11840989 
739 6 14 17 0.11564074 
292 245 15 17 0.11043025 
5 239 14 17 0.10711638 
99 215 27 40 0.106709726 
324 240 17 22 0.10614823 
438 190 15 19 0.10149478 
244 24 15 19 0.10097349 
269 218 17 22 0.095891826 
18 5 22 26 0.09576434 
397 267 15 18 0.09364233 
367 192 13 16 0.0890418 
394 148 14 18 0.08891685 
775 219 14 19 0.08853572 
233 150 48 69 0.08791387 
343 226 13 16 0.08521651 
690 277 14 17 0.08479196 
59 0 16 17 0.0819809 
12 604 24 33 0.07898622 
1002 289 16 23 0.07848418 
484 176 16 21 0.0784294 
663 255 15 19 0.07768263 
420 168 14 18 0.076197535 
391 265 14 17 0.07360341 
181 139 51 57 0.07342152 
345 268 22 27 0.073077425 
75 205 41 52 0.072821036 
503 -1 15 14 0.07269288 
715 154 19 22 0.07111206 
451 217 17 21 0.07071495 
43 147 16 20 0.06997701 
75 503 45 58 0.06861461 
806 0 16 18 0.06484899 
43 312 13 17 0.06469874 
297 26 15 20 0.06402984 
125 4 24 26 0.060516782 
315 344 18 22 0.059786897 
979 22 12 15 0.05908951 
366 271 15 18 0.05871055 
478 67 16 18 0.0584803 
84 160 18 26 0.05753057 
693 190 13 17 0.057233837 
777 -2 17 15 0.056280673 
469 86 13 17 0.05497228 
475 105 12 16 0.05460337 
37 58 15 19 0.053635962 
481 182 27 35 0.053271383 
724 186 14 18 0.052077707 
345 138 15 19 0.052050956 
568 177 22 31 0.05191822 
415 341 15 20 0.051341493 
446 56 16 24 0.051162884 
33 242 17 24 0.04983333 
447 341 28 35 0.049314223 
159 130 35 35 0.049042713 
298 188 12 16 0.048726607 
157 60 15 19 0.048705023 
439 412 56 59 0.048421223 
530 499 107 129 0.04813962 
355 89 13 16 0.04779035 
810 85 16 19 0.047646075 
130 0 15 14 0.046586964 
51 4 23 28 0.04498236 
735 541 44 56 0.04445705 
704 93 11 15 0.044439252 
516 130 15 20 0.04376896 
60 57 16 21 0.043533698 
131 17 16 20 0.043129686 
1000 101 25 41 0.04211993 
303 90 15 18 0.041431915 
362 224 15 17 0.04142889 
400 274 23 28 0.040303845 
333 12 21 26 0.040247925 
266 5 24 28 0.039765827 
715 257 14 17 0.03927197 
355 282 18 23 0.03903271 
430 140 14 17 0.038726076 
105 0 17 16 0.038632706 
21 12 26 31 0.03861165 
471 99 14 19 0.03852652 
738 338 17 23 0.03831134 
148 137 32 37 0.037644904 
362 330 15 20 0.037541557 
636 145 15 19 0.03731648 
685 10 14 16 0.036462665 
30 18 28 33 0.03574423 
299 -1 17 19 0.035483263 
1004 113 16 25 0.035407603 
168 154 35 43 0.034946073 
4 319 21 28 0.034678154 
331 184 13 18 0.03466754 
17 650 32 47 0.033925597 
811 107 27 34 0.033677578 
211 85 15 20 0.033091605 
-6 0 82 116 0.032659315 
765 -1 14 12 0.03199713 
807 208 14 17 0.031986345 
237 0 16 18 0.031960096 
386 215 15 20 0.03169919 
133 123 85 84 0.031629913 
117 241 16 22 0.031183293 
390 142 14 16 0.030968988 
87 217 15 19 0.03059083 
715 298 16 21 0.03056214 
459 375 51 60 0.030490577 
706 123 14 18 0.03026045 
340 30 21 28 0.030000525 
295 249 18 23 0.029808292 
1 295 24 37 0.029715791 
28 585 27 37 0.029617604 
408 272 15 19 0.029315323 
709 157 16 20 0.029276341 
11 150 16 20 0.029234538 
376 148 12 15 0.029071664 
601 161 38 49 0.028927814 
854 223 26 37 0.02889427 
62 592 26 35 0.02843926 
54 95 22 31 0.02834523 
769 130 14 17 0.0282089 
348 20 12 15 0.028180934 
313 290 22 27 0.028107334 
574 179 46 52 0.027843827 
798 269 14 17 0.027564727 
396 53 15 18 0.027550248 
474 90 15 19 0.027437067 
397 280 15 21 0.027413867 
422 202 12 15 0.027408836 
630 162 24 36 0.027320584 
762 266 13 16 0.02722397 
124 56 17 23 0.026701659 
389 53 14 18 0.026535623 
593 10 14 17 0.026188092 
284 171 13 15 0.026163297 
515 115 22 28 0.026006969 
427 201 13 17 0.025393039 
737 208 15 18 0.02520227 
520 511 31 36 0.025171684 
238 19 17 20 0.025059974 
320 10 22 26 0.024839198 
810 97 15 19 0.024421023 
356 325 17 20 0.02419691 
511 113 13 17 0.024190094 
652 116 15 20 0.024078634 
714 11 14 16 0.024020184 
504 63 10 12 0.023985242 
626 113 14 19 0.02389837 
511 82 14 18 0.023852633 
551 164 26 35 0.023779156 
183 132 34 43 0.023716962 
389 273 16 20 0.023692958 
26 30 16 21 0.02353594 
149 62 21 25 0.023442846 
661 108 16 21 0.023429187 
465 401 43 48 0.023390254 
133 63 15 20 0.022958975 
718 49 15 18 0.02289365 
522 506 62 66 0.022618536 
450 339 18 23 0.022609139 
944 0 16 17 0.022607367 
818 0 16 18 0.02258241 
714 218 15 19 0.022503158 
676 280 13 18 0.02245888 
308 298 24 31 0.022112371 
485 167 14 16 0.021986635 
435 53 24 31 0.021841858 
13 25 49 61 0.021679092 
726 98 13 15 0.021645272 
515 109 15 18 0.021473138 
395 179 21 26 0.02146979 
74 51 21 29 0.021467056 
286 122 14 16 0.02145084 
198 44 16 21 0.021344077 
386 187 14 17 0.021294458 
457 365 38 47 0.02127781 
774 102 14 17 0.02124868 
291 266 25 31 0.021243563 
419 104 15 17 0.021180224 
337 5 14 19 0.021177012 
46 582 37 49 0.021044508 
991 281 26 40 0.021015938 
435 313 22 30 0.02100342 
970 91 16 19 0.020948196 
245 176 30 41 0.020801526 
1000 209 27 42 0.020682275 
262 164 11 17 0.020480786 
647 300 24 29 0.020272799 
403 319 24 30 0.02020123 
854 -1 12 11 0.020146362 
930 94 15 21 0.020144517 
461 -1 13 12 0.020063415 
