0_Parade_Parade_0_137
138
752 449 18 25 0.7728738 
714 447 15 20 0.7120571 
105 277 24 33 0.58362037 
661 484 16 23 0.5046435 
951 460 18 23 0.4371643 
1011 490 14 24 0.31045038 
964 486 18 23 0.28864908 
237 469 14 16 0.22990589 
708 352 18 24 0.22543427 
659 472 26 32 0.19515987 
656 454 24 31 0.19486868 
133 298 53 58 0.1828329 
507 351 19 23 0.1567882 
1004 339 14 20 0.14843638 
998 512 14 17 0.12209616 
58 341 34 39 0.11065849 
0 431 12 19 0.09528795 
926 366 23 29 0.09425096 
716 469 25 31 0.08651011 
932 366 13 16 0.08612977 
686 376 16 19 0.08158711 
341 350 17 21 0.08149339 
929 307 9 12 0.07816494 
518 340 25 35 0.07292142 
1015 315 9 14 0.070969485 
646 363 13 16 0.07086052 
618 392 16 21 0.069403276 
443 313 45 54 0.0677359 
0 449 11 23 0.066526294 
672 392 12 16 0.0646755 
997 316 9 11 0.06378503 
300 330 49 57 0.062756434 
1 321 19 31 0.061462607 
738 494 52 63 0.057640325 
528 335 30 41 0.05341379 
672 480 17 21 0.05120728 
332 360 14 19 0.048912518 
260 352 13 17 0.046598446 
906 340 14 18 0.046560414 
330 347 25 29 0.04513465 
11 363 28 36 0.044905666 
514 339 17 21 0.044082362 
1014 283 10 16 0.0431169 
540 324 36 40 0.042505052 
761 449 24 24 0.04141104 
458 326 26 34 0.040440533 
-104 349 507 437 0.04042016 
733 355 9 13 0.040302366 
715 453 25 31 0.039610345 
659 443 16 21 0.038521077 
756 504 33 36 0.037893858 
583 392 31 37 0.037813302 
692 402 16 18 0.037699897 
915 315 11 14 0.036520254 
653 451 17 25 0.035799548 
517 331 16 19 0.03579497 
476 329 16 21 0.03488909 
116 282 88 94 0.034043156 
913 312 10 12 0.034014937 
378 342 11 14 0.03388963 
906 403 15 20 0.033364724 
745 365 11 15 0.032085937 
995 407 15 22 0.03173925 
503 316 9 12 0.031711407 
213 365 25 30 0.031132525 
997 512 23 30 0.030070571 
468 341 15 21 0.030016916 
801 330 14 19 0.029955426 
821 383 35 36 0.029187376 
581 342 16 22 0.029097646 
59 334 53 64 0.029017884 
611 387 19 22 0.028976766 
523 351 14 22 0.028943999 
1005 551 16 20 0.028717697 
629 365 448 415 0.028611427 
648 458 13 19 0.028460834 
595 342 15 20 0.028391328 
703 335 8 10 0.028386056 
682 410 26 30 0.028342629 
721 443 17 21 0.028202305 
283 312 88 98 0.028129838 
998 284 12 15 0.027903225 
635 408 15 21 0.027647233 
599 390 26 32 0.027598063 
549 319 48 54 0.027070206 
95 262 40 55 0.027063174 
736 328 10 13 0.026213849 
604 385 17 20 0.02592106 
769 351 10 13 0.02577327 
1007 309 10 14 0.025766267 
363 348 11 13 0.025608286 
317 348 27 33 0.025551973 
475 345 12 16 0.025439847 
38 459 16 23 0.025244907 
504 307 12 15 0.025211353 
884 340 10 13 0.02469654 
358 349 10 12 0.024607517 
997 380 21 26 0.024432806 
703 359 14 19 0.024131196 
998 398 24 30 0.024031326 
945 305 10 11 0.023992231 
996 529 16 21 0.023833074 
620 351 9 12 0.02380878 
398 354 15 17 0.023608197 
519 325 13 16 0.023444137 
715 457 49 55 0.023284221 
237 354 14 19 0.02322446 
983 305 8 9 0.02318941 
749 403 14 17 0.02313987 
503 322 10 12 0.02310862 
717 351 21 26 0.022813689 
770 445 17 18 0.022765234 
9 328 14 20 0.022747481 
605 397 28 35 0.022576634 
12 349 46 56 0.022379607 
684 424 16 19 0.022352394 
899 367 27 33 0.022285562 
638 351 9 10 0.022259695 
650 454 42 51 0.022217844 
651 467 25 32 0.022092862 
945 309 11 13 0.02200015 
713 336 8 9 0.021913009 
1003 508 16 22 0.021597622 
747 369 12 16 0.02154413 
1008 302 11 15 0.02152447 
666 450 16 19 0.020969879 
992 313 10 12 0.020952525 
61 346 17 20 0.020935377 
685 333 8 10 0.02069448 
946 517 12 14 0.020690387 
227 364 15 19 0.020598711 
55 355 13 16 0.020533936 
669 388 21 26 0.020501276 
375 374 40 53 0.0204303 
776 454 18 22 0.020374762 
647 417 29 35 0.020347346 
398 343 11 13 0.020312633 
928 316 9 12 0.020048337 
