0_Parade_marchingband_1_78
2157
725 134 8 11 0.80517626 
782 69 9 11 0.74241596 
698 468 9 12 0.690815 
464 142 8 9 0.6584871 
752 596 11 14 0.61015326 
908 572 9 11 0.5924092 
860 595 11 14 0.57967246 
977 567 7 10 0.54696566 
992 312 10 12 0.53911763 
863 95 11 13 0.5205321 
678 253 9 11 0.51217914 
647 479 8 10 0.5056925 
655 360 9 11 0.5000968 
680 93 8 11 0.4828329 
830 197 10 13 0.46247944 
750 215 9 12 0.46016487 
613 36 10 12 0.4210626 
290 167 10 11 0.41598302 
743 111 9 11 0.41141674 
914 30 11 13 0.40452427 
700 591 10 14 0.40292653 
966 88 9 11 0.39729282 
442 126 7 9 0.38956958 
494 159 8 11 0.38338235 
525 37 8 11 0.37499058 
785 32 9 10 0.36382386 
961 188 8 11 0.36265132 
973 152 8 10 0.35776532 
724 283 10 13 0.35699174 
717 28 8 10 0.34477976 
534 126 7 10 0.3437191 
896 205 9 11 0.33707604 
877 135 9 10 0.3355638 
416 160 9 11 0.33375603 
686 167 8 9 0.33085066 
861 37 10 12 0.32365674 
709 197 8 10 0.32136127 
303 181 8 9 0.3161311 
253 93 8 10 0.31238717 
239 149 8 9 0.31016517 
576 205 9 10 0.30456483 
425 128 8 11 0.30414024 
851 76 11 14 0.30265397 
369 169 8 10 0.30261055 
206 190 8 11 0.29921827 
510 127 8 10 0.29887033 
841 150 8 10 0.29724514 
720 167 8 11 0.2949205 
127 341 13 17 0.2943477 
487 133 8 11 0.2942787 
786 94 8 11 0.29343033 
799 195 10 12 0.29274523 
558 96 8 11 0.28642505 
851 60 11 13 0.28232363 
878 157 8 10 0.28208435 
510 133 8 11 0.28205708 
373 173 7 10 0.28062078 
820 109 9 12 0.2798346 
304 160 9 10 0.2781079 
830 231 9 11 0.27648944 
642 142 9 11 0.27469054 
481 215 8 10 0.2736279 
581 200 8 11 0.27049318 
311 166 8 10 0.26954406 
399 191 8 10 0.26875082 
910 124 8 11 0.26841345 
391 159 8 11 0.2674822 
664 15 7 9 0.26209125 
559 152 8 10 0.2610844 
737 166 7 10 0.25697458 
940 109 10 12 0.25639912 
880 153 7 9 0.2527784 
640 13 8 10 0.25277132 
740 199 8 11 0.25128168 
835 32 14 16 0.25048485 
909 85 9 11 0.24915227 
686 141 8 11 0.2490038 
640 9 7 9 0.24881944 
287 126 8 11 0.2481711 
809 182 8 10 0.24491067 
758 207 9 11 0.24334821 
344 158 8 9 0.24280639 
1010 168 7 8 0.23978837 
810 120 9 11 0.23912427 
655 199 7 10 0.2375432 
625 144 8 11 0.23665431 
640 151 8 10 0.23634344 
599 117 8 10 0.23180495 
970 198 9 12 0.23173878 
655 191 8 10 0.22891004 
904 61 11 13 0.22427745 
936 232 8 10 0.22229287 
712 225 9 12 0.22221906 
695 190 7 10 0.2218474 
15 242 10 13 0.22120257 
589 343 7 9 0.22035006 
720 211 9 11 0.21970288 
696 490 8 12 0.21810694 
424 174 7 9 0.2180622 
917 77 8 11 0.21718065 
845 119 9 11 0.21661662 
828 588 9 13 0.21368337 
490 158 8 11 0.21170472 
167 121 8 10 0.21005432 
669 111 8 11 0.20904611 
328 292 11 13 0.20888868 
269 205 8 10 0.20883542 
270 126 7 9 0.20867151 
410 208 8 10 0.20765617 
551 214 7 9 0.20652725 
431 414 7 10 0.20625566 
1012 528 10 14 0.20602629 
929 200 7 10 0.20588529 
545 205 9 12 0.20550996 
898 320 8 10 0.20489801 
975 112 8 10 0.20358987 
704 263 9 12 0.20267743 
510 87 8 10 0.20247267 
1007 288 7 10 0.20184894 
980 628 10 13 0.20100495 
788 36 10 12 0.2009106 
774 53 10 13 0.2005306 
682 167 7 9 0.2005279 
934 236 10 13 0.19877137 
962 271 9 11 0.19860041 
546 200 8 10 0.1984815 
63 397 12 16 0.19671442 
806 247 9 12 0.19591841 
775 174 8 11 0.19590169 
560 180 8 11 0.19566739 
804 613 9 11 0.19335847 
878 206 9 12 0.19156967 
711 127 8 12 0.1915273 
913 35 13 15 0.1913384 
329 158 9 11 0.19111805 
441 214 8 11 0.19055294 
294 160 10 11 0.1891967 
326 119 9 10 0.18865496 
432 190 8 10 0.18855083 
512 79 7 10 0.18842874 
263 169 9 10 0.18767384 
787 100 10 13 0.18761484 
510 192 7 10 0.18578489 
450 143 7 10 0.18572326 
993 196 9 10 0.1850889 
992 606 13 19 0.18424258 
839 182 9 11 0.1836498 
940 104 9 11 0.1827123 
344 151 8 10 0.17917284 
606 190 7 9 0.1781982 
1001 142 8 10 0.1770737 
583 109 9 11 0.17600684 
969 151 9 11 0.17588879 
557 343 9 11 0.17507353 
876 196 9 12 0.17489792 
560 39 8 10 0.1745171 
333 165 9 11 0.17417678 
882 317 8 10 0.17413814 
528 150 8 10 0.17387739 
910 45 11 14 0.1738154 
458 167 6 9 0.1735283 
472 198 8 10 0.17297149 
710 486 8 10 0.1712142 
833 176 8 10 0.17056361 
327 150 8 9 0.17042531 
905 120 10 12 0.17007281 
391 164 8 11 0.16959654 
617 361 9 11 0.16953066 
440 208 7 9 0.16849245 
593 149 9 11 0.16812132 
690 16 7 9 0.16732769 
399 197 7 9 0.16653706 
918 308 10 12 0.1647684 
462 191 8 10 0.16258128 
625 112 8 10 0.15959387 
821 103 10 12 0.15880099 
687 137 7 10 0.15879694 
611 31 9 11 0.15834986 
573 120 8 10 0.15792191 
736 231 8 11 0.15760067 
900 587 13 17 0.15719897 
488 230 8 9 0.15670854 
384 151 8 9 0.15666968 
968 167 8 10 0.15661228 
446 216 7 9 0.15611246 
961 149 8 10 0.15601175 
745 24 9 12 0.15492482 
655 30 7 10 0.1537429 
694 206 8 10 0.15203993 
470 135 8 11 0.15176551 
688 160 8 11 0.1513389 
496 191 8 11 0.15051761 
469 80 8 11 0.15013407 
953 213 8 10 0.14956221 
846 110 10 11 0.14772986 
159 303 9 11 0.14570373 
447 221 7 9 0.14550532 
327 124 8 11 0.14507107 
458 199 8 10 0.14455503 
903 103 10 12 0.14435352 
843 126 9 12 0.14425303 
253 269 11 13 0.14256264 
641 136 8 11 0.14248003 
912 307 10 13 0.1422135 
840 213 10 13 0.14187804 
560 70 8 10 0.1407375 
574 125 7 10 0.14073509 
664 118 8 11 0.14026348 
703 53 8 10 0.13999546 
655 160 7 9 0.1393411 
591 174 8 10 0.13870312 
978 223 6 9 0.13845623 
606 7 8 11 0.13819472 
768 175 8 10 0.13815583 
988 125 11 13 0.13804723 
374 230 7 10 0.1377994 
576 183 7 9 0.13769318 
414 208 7 10 0.1376119 
806 190 9 12 0.13751961 
129 313 9 12 0.13730222 
966 189 8 10 0.13686806 
503 182 7 9 0.13648704 
511 216 8 11 0.13628179 
741 95 9 11 0.13623963 
408 213 8 10 0.13602915 
309 161 8 10 0.13562262 
573 155 11 13 0.13554925 
318 173 8 10 0.13550274 
977 136 7 10 0.13546903 
463 230 8 10 0.13530646 
710 263 10 12 0.13526158 
234 184 7 9 0.13519658 
605 167 8 10 0.1351184 
402 133 8 10 0.13467984 
511 120 8 10 0.13467015 
662 89 10 14 0.13451865 
549 207 8 11 0.13411926 
511 197 7 10 0.13411781 
808 152 8 10 0.13391848 
488 129 8 10 0.13387771 
407 184 7 10 0.1336912 
322 183 8 10 0.13333866 
189 192 7 10 0.13323298 
384 104 8 11 0.13149218 
941 136 8 10 0.13070744 
886 152 7 9 0.13023213 
502 207 9 11 0.13011108 
750 28 8 11 0.12993489 
598 144 9 11 0.12988696 
569 176 8 11 0.12965928 
807 176 9 11 0.12927212 
909 52 9 12 0.12894349 
486 142 8 10 0.12852691 
470 85 8 10 0.12820238 
944 151 7 10 0.12818263 
544 152 7 10 0.12771447 
370 229 8 11 0.1276234 
824 118 9 12 0.12730339 
933 327 9 11 0.12725809 
560 157 8 10 0.12716109 
433 149 8 10 0.12698981 
902 609 12 15 0.12654084 
368 143 7 9 0.12616868 
698 23 6 8 0.12501903 
542 183 8 9 0.124915734 
726 189 9 11 0.12486112 
302 258 14 18 0.12467248 
386 158 8 11 0.12466053 
601 206 8 10 0.1244452 
898 325 9 11 0.124162495 
678 260 11 14 0.12408049 
673 168 7 9 0.12399751 
263 136 7 10 0.12353648 
684 237 9 11 0.12343145 
728 129 9 12 0.123313196 
863 33 8 11 0.123138696 
910 142 7 10 0.122744024 
790 119 8 10 0.12259816 
831 192 10 12 0.12206399 
271 142 8 10 0.12198634 
553 135 8 10 0.121706285 
601 113 7 10 0.12140122 
966 184 9 11 0.121254764 
874 191 9 12 0.12121953 
769 158 8 10 0.12067611 
944 169 8 11 0.12052632 
727 158 9 11 0.12041697 
934 199 8 11 0.12004086 
432 168 7 9 0.119394064 
896 212 10 12 0.11935372 
625 17 7 8 0.1191049 
782 135 8 11 0.11894086 
324 310 11 14 0.11816335 
986 151 8 10 0.11741872 
719 14 7 10 0.11623946 
447 86 8 10 0.11615681 
689 206 9 11 0.11609146 
43 439 14 18 0.115998454 
919 118 8 11 0.11583969 
583 30 9 11 0.115422994 
288 171 9 11 0.115394935 
840 252 10 12 0.11530785 
165 292 9 10 0.11520886 
560 87 7 9 0.1151035 
488 112 7 9 0.114882454 
646 136 7 10 0.11461074 
269 70 9 12 0.11429557 
937 188 8 11 0.114006616 
210 196 7 10 0.113768 
986 349 8 11 0.11375388 
767 151 8 11 0.11346617 
873 223 8 10 0.1134226 
336 215 9 12 0.11321324 
829 125 9 11 0.11317648 
512 221 8 11 0.11299961 
679 98 10 12 0.11290647 
457 175 7 9 0.112718515 
632 117 8 10 0.112320036 
694 15 7 10 0.112291545 
680 249 10 12 0.11217019 
553 176 8 10 0.11198278 
768 138 8 10 0.111772895 
567 157 9 12 0.111556165 
841 262 9 12 0.111461565 
860 42 12 14 0.11129613 
477 168 9 10 0.11114526 
540 471 9 11 0.11049486 
975 141 8 10 0.10948387 
569 124 9 11 0.10947243 
687 172 8 11 0.10914371 
913 80 9 11 0.10896537 
846 183 9 11 0.108679734 
495 152 8 9 0.108540274 
583 23 8 10 0.10842931 
239 200 8 9 0.10837418 
446 135 8 10 0.10784966 
839 188 8 11 0.107792325 
124 335 27 33 0.10773277 
962 87 9 11 0.10771867 
432 144 7 9 0.107580036 
726 151 8 10 0.10682326 
878 141 8 9 0.106475644 
374 183 8 10 0.10615374 
664 124 9 10 0.106114954 
701 475 10 12 0.10591012 
383 144 8 9 0.10577722 
684 246 10 13 0.105490886 
680 125 8 10 0.10531275 
775 136 9 10 0.10527998 
199 208 7 9 0.1051887 
672 253 11 13 0.1040344 
617 199 9 10 0.10355675 
839 156 9 11 0.103344604 
702 48 7 10 0.103306055 
552 165 8 10 0.10305452 
952 208 8 10 0.1029717 
726 199 7 9 0.102900736 
368 150 8 10 0.102569036 
738 172 7 10 0.10251868 
720 8 8 9 0.10246237 
632 158 8 10 0.10210471 
680 89 7 10 0.102036744 
6 476 12 18 0.10145185 
247 268 12 15 0.101051934 
703 175 8 11 0.10097349 
235 200 7 9 0.10075393 
734 160 7 10 0.10069942 
215 198 7 9 0.10047459 
758 168 8 11 0.10046422 
638 155 8 11 0.10041054 
953 121 9 11 0.10011629 
904 91 10 12 0.100005426 
672 23 7 9 0.09996562 
719 159 9 12 0.09950207 
394 191 7 10 0.09942036 
929 215 8 11 0.09941437 
681 232 8 10 0.09927784 
721 190 8 11 0.09863209 
847 144 8 10 0.098545395 
229 280 12 15 0.098537765 
512 206 8 10 0.0979613 
828 120 9 11 0.097937964 
838 177 8 10 0.09766316 
462 223 8 9 0.09760419 
705 126 9 11 0.097569145 
441 122 8 10 0.097275145 
690 191 8 10 0.09721989 
904 201 8 10 0.09717407 
902 204 10 12 0.097142205 
55 387 11 13 0.09696317 
334 255 8 11 0.09695542 
271 214 9 11 0.09666507 
623 95 9 10 0.096633986 
583 134 8 10 0.096565425 
656 205 8 10 0.09632245 
662 182 8 11 0.095901966 
766 141 8 10 0.09569259 
544 158 8 10 0.095383525 
374 135 7 9 0.095039956 
727 214 9 11 0.09485063 
345 177 7 9 0.09375457 
231 166 7 9 0.09367256 
327 191 8 10 0.09330169 
768 167 8 10 0.09327265 
399 224 8 10 0.09324232 
161 293 10 12 0.093137704 
810 142 8 10 0.09298137 
472 216 7 9 0.092710674 
218 159 6 8 0.09268754 
479 221 9 10 0.092573605 
439 159 7 9 0.09256017 
406 129 8 10 0.092559054 
893 232 8 10 0.092455454 
172 553 13 18 0.09235506 
433 208 8 9 0.092306495 
689 198 9 10 0.09198815 
509 94 8 9 0.091841415 
697 183 7 11 0.091635965 
710 282 11 14 0.0913745 
774 206 11 13 0.09135008 
734 128 8 11 0.09084783 
936 144 8 9 0.090841286 
713 166 7 10 0.09078025 
934 32 10 12 0.09064913 
594 118 8 10 0.09054276 
687 112 7 10 0.09046722 
29 125 9 11 0.09040397 
629 112 8 11 0.09034512 
664 316 11 14 0.09012095 
885 312 8 11 0.08986329 
754 167 8 11 0.08983568 
504 102 7 9 0.089467004 
512 160 9 11 0.089464 
944 253 9 11 0.08922563 
423 167 8 10 0.08917574 
781 140 8 10 0.08888978 
650 198 8 10 0.088812344 
161 206 7 9 0.08865709 
633 23 7 10 0.08865607 
728 184 8 10 0.088629015 
262 108 9 11 0.088475846 
351 176 8 9 0.088411935 
696 120 8 10 0.08838653 
928 246 8 9 0.08831891 
567 111 8 10 0.08830065 
302 141 8 10 0.08827424 
529 120 9 11 0.088199325 
360 166 9 11 0.08809887 
472 103 9 11 0.08801608 
656 88 9 12 0.08799446 
497 183 8 11 0.08783887 
1015 142 7 10 0.087788336 
606 184 7 9 0.08771066 
705 192 9 11 0.08752048 
702 181 9 10 0.087235995 
725 206 9 11 0.08719005 
863 206 8 10 0.08715267 
878 212 9 11 0.08699531 
601 7 9 10 0.08693328 
943 337 7 10 0.08688084 
665 10 8 9 0.08682068 
705 133 9 11 0.08678456 
758 191 9 12 0.08674756 
935 149 8 11 0.086465 
390 134 8 10 0.08636075 
417 231 7 9 0.08630137 
710 53 8 10 0.0862926 
874 158 9 10 0.08617346 
899 594 14 18 0.0861256 
696 30 8 10 0.086041234 
457 104 7 10 0.08569414 
383 238 7 9 0.08558704 
839 248 9 11 0.08543293 
502 176 8 11 0.085358724 
975 173 8 11 0.08528359 
593 191 7 9 0.085276544 
812 124 9 12 0.08490914 
551 160 8 10 0.08486324 
904 148 9 10 0.08478675 
400 128 9 12 0.0846485 
601 183 7 10 0.084592156 
481 69 10 12 0.08427226 
449 148 8 10 0.084262714 
774 115 9 12 0.083906494 
510 141 8 9 0.0838691 
784 151 9 12 0.08361393 
615 54 9 10 0.0836125 
471 206 8 10 0.08355895 
551 119 8 9 0.08345317 
743 85 11 13 0.08343712 
328 145 8 10 0.08337832 
790 208 10 12 0.08318798 
632 150 8 11 0.08317911 
950 167 8 11 0.082963444 
488 193 9 11 0.08282171 
552 127 7 9 0.08273508 
925 119 8 11 0.08246235 
282 134 7 10 0.082424276 
706 168 7 8 0.08216319 
605 13 8 10 0.08215915 
692 160 9 10 0.08205559 
682 149 9 11 0.08182238 
470 233 8 10 0.081766106 
680 135 9 11 0.08152718 
313 171 9 11 0.08126381 
463 198 7 10 0.081251785 
600 173 8 11 0.081232175 
266 78 8 11 0.081026174 
530 133 8 10 0.08101621 
529 54 7 10 0.08088354 
890 232 7 10 0.080870226 
760 197 9 11 0.080615774 
841 145 8 11 0.08060999 
182 241 7 9 0.07990764 
950 288 7 9 0.079897225 
658 174 8 11 0.079846844 
824 215 9 12 0.079840876 
1002 293 11 13 0.07966518 
737 100 11 13 0.07958156 
584 16 8 10 0.079464346 
263 141 8 9 0.0794038 
959 144 8 11 0.079362616 
463 448 9 11 0.07907507 
453 183 9 11 0.07893712 
625 167 7 10 0.07887604 
775 231 8 10 0.07868619 
296 152 9 11 0.07866472 
937 333 9 12 0.07863803 
997 575 9 13 0.07851778 
416 127 8 10 0.07833894 
506 95 7 10 0.07833057 
568 206 7 10 0.07825171 
945 248 8 11 0.07824772 
439 175 7 9 0.078161374 
693 326 8 12 0.0780576 
822 152 8 10 0.07799204 
465 184 8 10 0.07793571 
269 65 8 9 0.07773572 
389 110 8 10 0.07771728 
718 37 8 11 0.077589154 
624 101 8 10 0.07749553 
529 145 7 9 0.07733236 
665 254 9 12 0.07726908 
809 135 9 12 0.077263154 
855 496 10 14 0.07724405 
864 87 11 14 0.077111036 
190 197 7 9 0.07700978 
912 189 8 11 0.07689801 
583 142 7 9 0.0766039 
472 192 7 9 0.07649623 
369 136 8 10 0.07647642 
456 160 7 8 0.07634077 
520 44 8 11 0.076295 
318 302 10 12 0.07612929 
727 230 10 13 0.07593404 
958 319 8 11 0.07579886 
733 214 9 12 0.07578721 
247 159 8 10 0.07571222 
789 151 8 11 0.07546051 
458 231 8 10 0.07537323 
440 220 8 10 0.07512241 
607 143 9 10 0.07509629 
958 215 7 9 0.075086065 
640 208 8 9 0.07488444 
673 30 7 10 0.07466508 
1006 190 8 11 0.07445471 
1000 180 8 11 0.0744524 
974 189 8 11 0.074419156 
223 185 8 10 0.07430453 
753 191 10 11 0.07415931 
857 32 10 12 0.07412645 
914 167 8 11 0.07392676 
970 157 9 11 0.07387555 
534 134 8 10 0.07386241 
463 111 8 9 0.07386184 
472 109 8 10 0.07369786 
463 118 8 10 0.073546536 
848 69 13 16 0.073173285 
729 118 8 10 0.0731399 
472 158 7 9 0.07297703 
457 223 7 9 0.072749056 
287 131 9 12 0.07274143 
538 494 24 33 0.072445065 
629 143 7 10 0.072439805 
285 200 10 13 0.07238667 
574 176 7 9 0.07231438 
856 151 7 10 0.072257526 
505 120 7 10 0.07218876 
974 183 8 10 0.07213617 
865 143 7 10 0.07210204 
937 297 8 10 0.07198145 
606 128 9 10 0.07188675 
271 183 8 10 0.071856946 
201 165 8 11 0.07176876 
846 150 7 10 0.07169478 
605 134 9 10 0.07168967 
490 165 9 10 0.071678795 
920 220 8 11 0.0716373 
618 183 9 10 0.07156287 
753 210 9 11 0.071495004 
646 149 7 10 0.07144372 
397 168 7 9 0.071381755 
328 174 8 10 0.07137665 
94 247 9 12 0.071371004 
112 232 9 11 0.07136786 
936 168 7 9 0.07119254 
487 118 7 9 0.07113771 
479 208 7 9 0.07106685 
386 135 8 10 0.07100327 
397 159 8 10 0.0709047 
625 70 9 11 0.0707722 
520 186 9 10 0.07070624 
245 176 9 11 0.07054746 
552 142 8 10 0.07047449 
905 143 8 10 0.07041739 
368 224 8 11 0.07031195 
907 585 13 16 0.07017524 
558 134 8 10 0.07010421 
465 216 7 10 0.070063 
830 223 9 12 0.070031166 
718 228 9 12 0.070004426 
390 182 8 11 0.0699518 
510 480 9 11 0.06994164 
246 200 7 10 0.06989951 
504 197 7 10 0.069815606 
421 160 8 9 0.06976939 
920 200 9 12 0.06976902 
638 126 8 10 0.06972843 
165 256 9 11 0.06948289 
376 158 7 9 0.069443785 
744 135 7 9 0.06936719 
695 136 8 11 0.06905488 
814 208 8 12 0.06903364 
408 103 8 10 0.06900375 
713 160 8 11 0.06888396 
678 183 8 10 0.06886274 
1014 205 8 12 0.06884259 
395 197 7 10 0.068829104 
650 191 7 10 0.06881636 
784 206 8 12 0.068685375 
930 240 9 12 0.06859262 
408 149 7 10 0.06851257 
1000 360 9 12 0.068448424 
113 38 8 11 0.06823222 
957 207 9 10 0.06813085 
697 125 9 10 0.06810192 
457 191 8 10 0.067980945 
1013 244 8 12 0.06787073 
751 238 8 10 0.067825206 
329 166 9 11 0.06773152 
999 196 8 11 0.06768911 
433 185 7 9 0.067671314 
829 263 8 11 0.067543805 
358 112 8 10 0.06753141 
880 326 8 10 0.06749426 
487 223 7 10 0.06748207 
952 336 7 10 0.067422025 
680 120 9 10 0.06741761 
633 30 7 10 0.06740866 
985 208 7 10 0.06740016 
749 62 9 11 0.06739596 
650 31 8 10 0.06732185 
584 104 9 11 0.067141086 
836 231 9 11 0.06709028 
724 292 11 16 0.06700195 
265 200 8 11 0.06684764 
733 223 9 11 0.066662304 
465 206 8 10 0.0666604 
743 126 8 11 0.0663945 
250 116 9 11 0.06631547 
976 334 8 11 0.066310205 
750 38 9 11 0.06622972 
679 266 10 13 0.066136226 
494 127 8 10 0.066114254 
352 167 8 10 0.06602895 
543 191 9 10 0.065906614 
376 189 7 9 0.06584454 
658 183 8 12 0.065832 
846 263 8 11 0.065643534 
269 76 9 11 0.06555879 
861 78 9 11 0.06553577 
438 167 8 9 0.06534671 
322 118 8 11 0.06524348 
943 142 7 9 0.065147 
477 173 8 10 0.06510828 
294 173 9 11 0.06498169 
950 174 8 9 0.06497445 
202 185 8 10 0.064861275 
957 119 8 10 0.06474331 
647 206 8 10 0.06469722 
690 8 8 9 0.064616784 
440 100 9 11 0.064570904 
297 142 8 10 0.06452309 
952 136 7 9 0.06446437 
745 15 7 9 0.06441418 
673 184 8 10 0.064328045 
742 232 8 10 0.06431968 
281 174 8 10 0.064302586 
401 185 8 10 0.064116314 
774 59 13 15 0.064104475 
711 49 8 10 0.06390542 
730 222 8 11 0.063837856 
578 214 8 10 0.06383281 
840 207 9 11 0.06382323 
462 174 7 9 0.06382228 
534 120 8 10 0.063758336 
482 119 7 9 0.063735284 
703 485 11 13 0.063714586 
725 173 8 11 0.06365549 
910 205 8 11 0.06365324 
673 189 8 10 0.06360101 
616 43 9 11 0.06356854 
295 134 8 10 0.06349515 
864 151 7 10 0.06304426 
223 207 6 8 0.062988184 
442 69 8 11 0.06294414 
938 300 8 11 0.062862545 
589 464 10 13 0.062420994 
343 146 9 10 0.062375337 
663 21 8 10 0.06234163 
846 175 9 10 0.062325336 
721 110 7 10 0.06224642 
19 240 14 17 0.062188335 
450 184 8 10 0.062128484 
943 301 8 11 0.06194598 
552 221 7 9 0.061538413 
958 197 10 11 0.061533898 
985 214 7 10 0.061459225 
738 108 10 14 0.061433658 
586 230 8 11 0.06142747 
926 125 7 10 0.061273605 
335 275 11 14 0.061220136 
544 177 8 9 0.061189406 
317 293 11 14 0.061119456 
725 167 8 11 0.060911365 
801 174 8 11 0.060887422 
558 65 7 10 0.06084148 
734 183 9 11 0.060804542 
625 88 8 10 0.060797084 
887 325 7 10 0.06074562 
434 223 7 10 0.060698703 
903 80 9 11 0.060605187 
937 174 7 10 0.06035649 
478 103 8 9 0.06028594 
445 208 8 10 0.06023777 
981 366 7 10 0.060223598 
1005 142 8 10 0.060135733 
862 89 19 23 0.060093436 
568 200 7 10 0.06001552 
139 547 13 18 0.059953272 
775 168 7 10 0.05982644 
456 204 8 10 0.059764277 
407 144 8 10 0.059681624 
486 215 7 10 0.05959438 
504 192 8 10 0.05955324 
931 144 7 9 0.059480034 
238 183 8 10 0.05931977 
88 123 12 16 0.059293345 
337 230 9 11 0.059185077 
822 157 8 11 0.059151337 
750 134 8 10 0.05912848 
801 263 9 11 0.05901372 
354 117 8 11 0.058917847 
656 166 7 10 0.05889055 
631 16 8 9 0.058800355 
633 126 8 10 0.058733176 
410 166 8 10 0.058718365 
832 246 8 11 0.058691252 
718 239 8 11 0.05859661 
952 342 8 10 0.05858712 
886 124 8 10 0.058561876 
226 166 6 9 0.05847051 
814 135 8 11 0.05846266 
768 180 8 10 0.05845282 
1013 172 8 11 0.05844516 
919 184 9 12 0.058400646 
614 62 9 10 0.05834322 
517 159 8 10 0.058334414 
320 149 8 11 0.058309887 
688 31 8 10 0.05827156 
150 545 16 18 0.05823747 
665 222 7 10 0.058205005 
349 159 8 9 0.058203094 
384 233 7 9 0.058169138 
473 221 8 9 0.05815975 
206 185 7 10 0.058107086 
943 117 9 11 0.05807917 
552 44 9 12 0.058025558 
360 125 8 10 0.058005698 
535 142 8 9 0.057909656 
110 179 10 13 0.057852972 
338 183 7 10 0.05781459 
28 142 9 12 0.0578132 
615 149 8 11 0.057797167 
359 118 8 11 0.05771018 
194 150 7 10 0.05768372 
504 86 9 12 0.057671692 
977 367 9 10 0.057521127 
334 143 8 10 0.057512973 
959 105 8 10 0.057485618 
461 168 8 10 0.057482466 
702 119 9 11 0.057434384 
513 55 8 11 0.057430133 
744 142 10 11 0.05698621 
209 214 7 9 0.056941804 
-1 487 21 44 0.056838896 
269 167 8 9 0.05681183 
415 150 8 9 0.0566874 
626 159 8 9 0.056549687 
997 316 8 11 0.056534525 
545 143 6 9 0.056176253 
304 127 8 10 0.056164347 
154 239 9 11 0.05606474 
879 175 9 11 0.05606296 
687 212 9 12 0.055970903 
926 220 9 11 0.055817734 
879 128 9 10 0.055756114 
933 244 10 11 0.05574045 
7 472 44 60 0.055736814 
872 329 8 11 0.055687003 
982 190 9 10 0.055678703 
1015 91 9 13 0.05549674 
401 215 8 9 0.055317417 
464 473 18 20 0.055269532 
584 168 8 11 0.055133794 
416 184 8 9 0.055062745 
553 151 8 11 0.055033337 
847 198 9 11 0.055005968 
535 103 7 10 0.054980457 
192 208 8 9 0.054895315 
457 93 8 11 0.054874 
454 143 9 9 0.05484413 
978 623 10 13 0.054822072 
825 221 10 12 0.054798666 
630 166 7 10 0.054743644 
497 196 8 10 0.054717824 
375 237 8 11 0.054569148 
671 126 9 10 0.054411333 
793 190 10 13 0.054366853 
165 303 10 12 0.05434397 
480 111 7 9 0.05430684 
343 181 8 10 0.054095015 
266 119 9 11 0.054068644 
670 479 8 11 0.054061938 
737 203 9 12 0.054041516 
847 133 8 10 0.05396314 
931 149 7 10 0.05391063 
433 56 6 10 0.053826936 
703 60 9 13 0.053809803 
293 205 15 18 0.053781033 
671 173 8 10 0.053776443 
129 334 47 56 0.053715475 
290 160 9 12 0.053702384 
953 237 8 11 0.05370166 
905 135 9 11 0.05343106 
177 239 7 9 0.05335815 
399 152 8 10 0.05316044 
697 175 7 10 0.05297974 
656 25 7 9 0.05297753 
672 134 8 11 0.05289162 
725 140 8 11 0.05285363 
615 88 8 10 0.05284256 
847 103 9 12 0.052840315 
351 181 8 10 0.05278355 
328 196 9 11 0.05274947 
353 112 8 11 0.052704472 
526 33 9 11 0.052620474 
981 223 8 10 0.05258198 
415 144 8 11 0.052530877 
174 289 8 10 0.052469283 
565 72 7 10 0.05246639 
326 246 9 12 0.052407157 
571 590 15 20 0.05237545 
705 222 9 12 0.05236138 
837 237 9 11 0.05231499 
208 237 8 11 0.052279145 
958 136 7 9 0.052275866 
464 149 8 10 0.05224001 
698 47 7 10 0.052210487 
893 245 10 12 0.0521989 
671 87 8 11 0.05202692 
166 207 7 9 0.051960465 
470 183 8 10 0.051818583 
507 126 7 10 0.051651515 
457 118 9 10 0.051633324 
560 207 9 11 0.051632293 
205 167 7 9 0.05155621 
679 31 7 10 0.051463623 
583 36 9 11 0.05144635 
747 221 8 11 0.051424384 
199 160 8 10 0.051374085 
391 152 8 9 0.05136275 
847 167 8 10 0.051307477 
94 69 23 30 0.05125433 
873 152 8 10 0.051112223 
616 118 7 9 0.051090084 
933 204 10 12 0.05094175 
694 199 8 10 0.050934847 
672 79 7 8 0.050925393 
445 120 9 10 0.050922252 
607 23 8 11 0.050919905 
622 229 8 10 0.05079047 
941 188 10 13 0.05073316 
605 206 8 11 0.05062071 
816 157 8 12 0.05057593 
951 183 8 10 0.050571512 
924 308 9 12 0.050513826 
841 111 11 12 0.050494846 
988 597 14 18 0.050448764 
766 223 8 11 0.05043832 
543 37 8 11 0.050424386 
1006 198 8 10 0.05036151 
270 175 7 9 0.050343942 
272 189 9 11 0.050330583 
431 61 6 9 0.050288893 
720 183 8 11 0.05017403 
1013 254 8 12 0.050112072 
969 111 8 10 0.04988068 
432 79 7 10 0.04985276 
554 100 8 11 0.049843624 
853 246 9 12 0.049772885 
984 143 7 9 0.049730018 
398 173 8 10 0.049631402 
848 53 12 16 0.049559332 
424 209 8 9 0.04950384 
567 151 8 12 0.049365886 
990 131 9 12 0.04925754 
931 263 8 9 0.04917768 
649 24 7 9 0.04915519 
912 215 7 9 0.049117114 
529 102 8 11 0.0490934 
600 190 9 11 0.04906349 
607 112 8 10 0.04904038 
766 198 8 11 0.04895688 
688 78 7 9 0.04894516 
951 232 8 10 0.04893373 
905 47 9 13 0.0488253 
265 181 8 11 0.048806485 
845 207 10 12 0.048721086 
375 128 7 9 0.04866562 
887 157 8 9 0.0486243 
495 119 7 9 0.048616044 
590 168 10 13 0.04860221 
639 31 7 10 0.04858885 
670 223 7 10 0.04858159 
625 63 8 10 0.048570473 
807 239 8 11 0.048561636 
537 191 8 10 0.048504364 
488 151 8 11 0.04847401 
712 254 11 14 0.0484003 
545 212 9 11 0.048384886 
696 38 7 9 0.048363935 
887 171 10 12 0.048308693 
905 310 8 11 0.04822643 
496 85 9 11 0.048224155 
638 22 8 11 0.0482062 
614 4 10 12 0.048196673 
942 231 9 11 0.04818525 
438 151 7 9 0.04805806 
928 167 8 10 0.04804123 
191 213 8 10 0.048019033 
1000 85 10 11 0.047976676 
414 104 8 11 0.047936708 
616 144 8 10 0.047897834 
968 173 9 11 0.04782901 
513 111 8 9 0.047707055 
683 159 8 12 0.047613557 
982 81 9 10 0.0475802 
511 103 7 9 0.04751469 
655 136 6 9 0.047505986 
847 246 9 13 0.047479518 
680 71 7 9 0.047469858 
895 221 8 10 0.04746539 
750 16 8 9 0.047420204 
679 39 7 8 0.04737125 
988 120 10 11 0.047111742 
936 158 8 11 0.04710167 
346 94 9 11 0.04709514 
559 77 8 10 0.04708364 
693 166 8 10 0.047063056 
768 212 8 11 0.047036223 
423 184 7 9 0.047028888 
457 110 8 9 0.046992604 
991 157 7 9 0.04698191 
788 52 13 15 0.046895124 
366 118 8 10 0.046856124 
773 157 9 11 0.046855137 
925 303 8 11 0.046827063 
223 160 7 9 0.04675026 
767 114 12 15 0.046733093 
621 364 9 11 0.046650443 
775 199 10 12 0.046599127 
440 63 8 10 0.046584006 
238 189 7 9 0.046474148 
519 166 9 12 0.046442315 
857 276 11 13 0.046398494 
463 104 8 10 0.046364013 
703 215 7 9 0.046351388 
872 127 8 11 0.046250958 
910 109 9 11 0.04621153 
216 153 7 9 0.04620663 
686 150 8 10 0.046164386 
989 213 8 11 0.04615488 
578 30 10 12 0.046090033 
293 199 13 15 0.04605512 
865 117 8 10 0.045994237 
640 72 7 9 0.045964085 
873 205 9 12 0.045919854 
839 281 10 12 0.0459167 
592 5 9 11 0.04589814 
258 167 8 10 0.04588257 
590 30 8 11 0.04582584 
1013 115 9 13 0.04580021 
1006 135 8 10 0.045606446 
497 14 8 11 0.045585893 
896 191 8 10 0.045573436 
387 165 8 10 0.045570146 
950 246 9 12 0.045534253 
424 62 7 10 0.045506716 
776 48 9 11 0.045450956 
701 24 7 9 0.045447785 
496 214 7 9 0.045445904 
578 22 9 11 0.045433436 
322 124 9 12 0.045414433 
82 377 14 19 0.045336295 
56 192 8 11 0.045318134 
215 252 10 11 0.045301236 
582 215 8 10 0.04528546 
564 38 8 11 0.045269415 
335 119 9 10 0.045243576 
920 216 8 10 0.045234896 
687 87 8 11 0.04522745 
789 220 11 13 0.045188405 
326 112 8 10 0.045030773 
480 229 9 11 0.044994954 
832 132 9 11 0.04498975 
1014 159 8 11 0.04496714 
255 205 8 10 0.044958577 
577 143 8 9 0.044950347 
133 553 17 22 0.044936307 
684 266 10 14 0.044933464 
1000 136 9 11 0.044912007 
336 136 7 9 0.044895496 
342 127 8 11 0.04488215 
480 94 7 9 0.04488138 
677 190 8 10 0.044802986 
559 128 8 10 0.044788633 
762 151 8 11 0.044749726 
686 118 8 11 0.04472628 
681 173 8 10 0.04470785 
1013 291 9 12 0.04468096 
617 190 9 10 0.04464391 
776 150 10 12 0.044623274 
980 636 11 14 0.044619277 
447 167 7 9 0.044599738 
579 78 8 9 0.044591643 
678 24 7 8 0.04454817 
910 199 9 11 0.04451144 
173 568 40 49 0.044464078 
391 175 8 10 0.04444465 
510 72 8 9 0.044440698 
152 531 13 17 0.044431247 
670 247 12 14 0.04437844 
1009 255 8 12 0.04423686 
175 231 7 10 0.044236634 
321 113 8 9 0.04420149 
601 20 9 12 0.044085115 
241 219 9 12 0.04406254 
335 191 8 10 0.044031855 
802 270 10 12 0.04389796 
622 189 9 10 0.04388883 
750 44 9 10 0.043883577 
446 102 8 11 0.043856185 
591 111 8 10 0.043813255 
620 593 17 23 0.043766093 
864 157 7 10 0.043741774 
585 173 8 11 0.043662682 
538 184 7 9 0.04364218 
944 126 8 10 0.04360929 
471 152 7 9 0.0435999 
877 254 8 11 0.043566547 
535 151 8 10 0.043555103 
425 71 7 9 0.043483093 
386 182 8 10 0.04344129 
222 223 9 11 0.043383036 
489 175 9 10 0.043379877 
433 214 8 10 0.04331313 
559 165 8 10 0.04325289 
175 215 7 9 0.043204725 
520 151 7 9 0.04318874 
777 36 9 11 0.043179058 
933 213 8 11 0.04315041 
270 160 9 10 0.04314037 
663 175 8 11 0.04309306 
513 45 8 10 0.04305563 
248 112 9 12 0.042958286 
703 111 8 10 0.042899486 
624 20 8 11 0.042883843 
432 238 7 10 0.042829752 
670 8 8 9 0.042777345 
657 37 7 9 0.042762212 
185 207 8 10 0.042713776 
373 225 8 9 0.042601697 
520 171 9 11 0.042557433 
169 238 8 11 0.04254018 
561 554 10 14 0.042472634 
717 246 9 11 0.0423484 
495 175 9 11 0.042254522 
825 245 9 11 0.042248853 
480 192 8 11 0.042120848 
718 253 9 12 0.042105764 
303 187 10 12 0.042087477 
912 69 10 13 0.042015105 
7 472 19 28 0.041997753 
828 98 11 13 0.041978728 
902 66 11 13 0.041977193 
165 145 11 13 0.04193683 
615 112 8 11 0.04193179 
816 151 7 10 0.0419107 
325 300 10 13 0.04188138 
577 134 8 9 0.041842155 
213 238 8 11 0.041819304 
813 175 8 10 0.041788876 
800 181 9 12 0.041776013 
909 136 8 10 0.041769974 
510 485 10 12 0.041756917 
416 121 8 9 0.041738447 
482 135 8 10 0.041733183 
1000 148 7 10 0.041714445 
918 167 8 10 0.041676275 
591 71 8 11 0.041657772 
340 214 8 12 0.041613586 
424 213 7 10 0.041551076 
662 141 9 11 0.041506533 
807 222 8 10 0.041460495 
863 109 9 12 0.04145674 
457 237 8 11 0.04145653 
518 223 8 10 0.041436043 
943 207 9 10 0.041417874 
534 110 9 10 0.04140884 
920 248 7 9 0.04138797 
447 230 8 10 0.04137248 
230 231 8 11 0.0412844 
495 112 8 9 0.04128169 
498 208 8 10 0.0412509 
237 277 10 14 0.04124332 
181 164 11 14 0.041231498 
719 69 8 11 0.04117743 
983 343 9 12 0.04114177 
983 135 8 11 0.041134264 
185 78 9 11 0.04113116 
783 88 10 14 0.0411261 
634 261 9 11 0.04108759 
495 223 7 9 0.04100032 
454 87 8 11 0.04096095 
826 235 10 13 0.04093284 
703 275 10 14 0.04089095 
283 198 20 25 0.040850688 
854 400 8 10 0.040839016 
265 160 9 10 0.040818676 
632 55 8 11 0.04077182 
567 89 8 10 0.04076968 
790 109 9 12 0.040752225 
303 136 8 10 0.04074328 
967 327 9 12 0.04072136 
952 220 8 11 0.040538922 
520 32 10 13 0.04045757 
116 166 9 11 0.04043946 
897 135 8 10 0.040431526 
758 231 9 11 0.04037446 
973 202 9 12 0.040365033 
722 197 8 10 0.04035025 
688 182 9 11 0.04030589 
259 135 8 11 0.04021213 
231 161 7 10 0.040210716 
298 180 8 11 0.04016901 
328 251 10 13 0.040098585 
241 175 8 11 0.04009199 
176 93 11 14 0.040074103 
505 214 8 10 0.04006725 
90 104 8 10 0.04001124 
582 183 7 10 0.039995916 
424 433 25 31 0.039944332 
207 232 8 10 0.039810907 
841 131 9 11 0.0397965 
17 492 48 65 0.039796203 
912 246 6 9 0.03978509 
669 118 9 10 0.03978364 
640 38 7 10 0.03968078 
998 159 8 9 0.039670542 
649 159 8 10 0.039661206 
791 166 8 11 0.039610386 
716 310 10 12 0.03958991 
872 254 9 11 0.039519317 
177 555 14 18 0.039506454 
424 190 8 9 0.039429154 
641 184 8 10 0.03938168 
893 236 9 11 0.03935007 
359 135 8 10 0.039348464 
335 174 8 10 0.039340734 
463 95 8 10 0.039319716 
913 221 7 10 0.03931809 
642 190 7 9 0.03929379 
365 113 9 10 0.039291084 
938 341 9 10 0.039288186 
735 190 8 11 0.039242465 
684 93 8 11 0.039240446 
631 135 8 10 0.039183788 
55 205 11 14 0.039139055 
216 175 6 8 0.039130125 
186 214 7 10 0.039113816 
448 160 7 10 0.039101053 
673 47 8 9 0.039085347 
528 46 8 12 0.03908453 
871 230 10 13 0.03900845 
166 214 8 10 0.038900312 
639 167 8 10 0.038870115 
231 237 10 13 0.03883015 
601 582 11 16 0.03878009 
183 505 12 15 0.038740974 
785 127 8 11 0.03873254 
769 229 8 11 0.038713425 
576 111 8 10 0.038685694 
225 278 11 15 0.03865772 
600 200 7 9 0.03844855 
709 292 10 13 0.038435694 
443 133 8 10 0.038431816 
704 69 8 10 0.038431074 
983 357 7 11 0.038417898 
800 168 8 12 0.038415484 
361 223 8 11 0.038350675 
216 223 8 10 0.038342714 
919 158 7 10 0.038310174 
833 159 8 10 0.038213488 
868 52 11 14 0.038173176 
645 240 8 11 0.03814817 
977 340 8 11 0.03811177 
865 127 8 10 0.038098004 
506 222 7 10 0.038084164 
943 296 8 11 0.038019553 
999 298 11 14 0.0380013 
506 70 7 9 0.037982058 
592 198 7 9 0.03796138 
370 38 8 10 0.037909795 
576 188 8 10 0.037894633 
640 199 8 9 0.037768465 
837 219 10 12 0.037744917 
288 211 13 18 0.03768785 
279 150 8 10 0.03768224 
960 177 7 9 0.03768133 
277 215 10 12 0.037670936 
737 14 8 10 0.037627503 
726 110 10 12 0.03759155 
775 126 9 11 0.03759041 
313 150 9 11 0.037557084 
837 198 8 11 0.03745261 
162 332 45 57 0.037447784 
513 151 8 9 0.037331324 
417 226 7 8 0.0373293 
783 229 9 12 0.037286505 
953 200 7 9 0.037235055 
998 175 9 11 0.037193585 
513 39 9 12 0.037152182 
913 158 8 11 0.037137773 
560 43 9 11 0.037084106 
54 242 11 14 0.03706439 
878 235 10 13 0.037050743 
871 182 8 12 0.037024207 
1015 150 8 11 0.036978427 
781 53 11 13 0.036892597 
616 204 10 13 0.03685906 
190 588 13 16 0.036807217 
479 198 8 10 0.0367868 
918 113 9 10 0.03675878 
504 142 9 10 0.036748763 
54 212 9 12 0.03672943 
180 580 13 18 0.036706895 
991 143 8 10 0.03666362 
696 112 7 10 0.036653552 
153 539 15 18 0.03659169 
367 53 9 11 0.036480606 
528 96 7 9 0.03646366 
1009 341 10 15 0.036415655 
37 218 13 16 0.03640195 
536 158 8 10 0.03635328 
999 255 9 12 0.036312804 
813 190 9 12 0.03624375 
340 221 8 11 0.03618984 
432 231 7 9 0.036166277 
881 119 9 11 0.036108132 
375 152 7 10 0.036099035 
600 126 10 12 0.036075186 
518 205 8 10 0.036061693 
497 29 9 12 0.036050614 
56 197 11 14 0.036038898 
695 223 9 11 0.036034893 
511 185 7 9 0.03600804 
747 110 9 12 0.03597741 
785 25 9 11 0.035970557 
66 385 22 29 0.03592831 
415 174 8 10 0.035922732 
614 127 8 10 0.0358996 
700 597 13 18 0.035883754 
193 255 8 10 0.035879243 
1007 347 9 11 0.035874054 
485 64 8 10 0.035850257 
534 48 8 10 0.03584654 
113 327 45 55 0.03576469 
671 230 8 9 0.035670675 
659 16 7 9 0.035659615 
433 160 8 9 0.035634167 
753 159 8 11 0.035631437 
384 190 8 10 0.035609294 
694 86 10 12 0.035597473 
359 183 8 10 0.035572663 
449 110 8 9 0.03555579 
751 232 9 11 0.035488572 
1009 160 7 9 0.035487205 
421 310 10 11 0.035463735 
505 79 8 10 0.035428308 
481 77 8 11 0.035395697 
336 259 9 12 0.035372637 
959 220 8 10 0.035359606 
511 61 8 11 0.035348035 
447 80 8 10 0.03534697 
199 77 9 11 0.035333186 
906 238 8 10 0.035322793 
673 278 9 12 0.035285775 
639 77 8 9 0.035280727 
584 190 7 9 0.035276942 
711 182 9 11 0.03526695 
616 94 8 10 0.03525154 
438 200 7 9 0.03524956 
527 189 7 11 0.035160452 
335 126 8 10 0.03514246 
432 197 9 11 0.03512884 
992 365 9 11 0.03512191 
429 128 8 10 0.034971938 
432 84 8 11 0.034964763 
456 137 8 9 0.03493115 
727 71 8 11 0.034913827 
999 126 9 11 0.034881234 
567 166 9 11 0.034853484 
479 88 7 9 0.03483392 
1006 525 17 26 0.034833036 
366 127 7 9 0.03481077 
714 36 9 11 0.03475809 
288 302 10 13 0.034754984 
766 192 8 11 0.034735546 
774 179 9 12 0.034731593 
711 62 10 13 0.034705505 
624 46 8 11 0.03469516 
480 159 8 10 0.034672666 
688 20 8 9 0.03466341 
585 94 8 10 0.03464206 
481 64 8 11 0.03463162 
944 279 7 10 0.034622427 
223 227 10 12 0.034617998 
631 61 7 11 0.034604326 
177 223 7 9 0.03456702 
533 54 8 9 0.034560926 
386 175 7 10 0.034543652 
631 71 7 10 0.034524143 
576 221 9 11 0.03449404 
959 23 9 11 0.034429304 
234 188 8 10 0.03441184 
593 182 8 10 0.034386575 
622 173 8 10 0.03432347 
439 144 7 9 0.03419811 
663 103 10 13 0.03418115 
392 229 8 10 0.034125093 
590 103 8 10 0.034121007 
743 246 10 12 0.034063894 
536 175 8 10 0.03406228 
762 136 9 11 0.034055363 
887 214 9 11 0.034034837 
951 159 8 10 0.033988863 
912 231 7 10 0.03396713 
680 111 10 12 0.033962302 
789 158 8 10 0.033948947 
671 92 11 13 0.033948664 
857 223 8 11 0.033939354 
241 203 8 10 0.03391354 
544 87 6 9 0.033873267 
641 240 9 12 0.033829257 
914 42 13 16 0.033826474 
702 141 9 11 0.033813998 
672 103 9 12 0.033807024 
952 142 8 10 0.03376968 
828 270 9 12 0.033747233 
1007 149 8 10 0.033744387 
489 182 9 10 0.033742007 
26 147 11 13 0.033653304 
577 36 9 11 0.0336423 
918 229 10 12 0.03356889 
862 198 10 12 0.033564463 
176 491 37 45 0.03352916 
992 357 9 13 0.033500932 
336 198 8 10 0.033408076 
698 268 10 13 0.03338446 
631 321 9 11 0.033372227 
191 184 7 9 0.033358037 
169 233 8 9 0.033355813 
549 193 8 9 0.033317897 
943 184 10 12 0.03326978 
745 37 9 11 0.033264916 
677 0 10 10 0.033241976 
335 150 7 10 0.033233356 
602 586 15 20 0.03322154 
322 243 9 14 0.033188257 
660 271 10 13 0.03316322 
919 253 8 11 0.033136506 
893 45 11 14 0.033099763 
583 223 9 10 0.033097275 
537 473 10 13 0.033093788 
785 223 9 11 0.033026643 
751 150 7 10 0.032993264 
680 206 8 11 0.03293536 
719 118 9 11 0.032913014 
865 182 10 12 0.03286624 
679 199 9 10 0.032854315 
605 230 8 10 0.032809455 
703 293 10 13 0.032760546 
718 127 10 13 0.03267486 
527 184 7 10 0.032669414 
601 229 8 10 0.032639593 
894 167 8 10 0.03260758 
560 33 9 11 0.03257509 
541 31 9 11 0.03249322 
558 143 8 10 0.032487508 
647 184 8 10 0.032486435 
59 389 14 17 0.032480013 
629 580 13 19 0.032477632 
705 158 8 11 0.032406162 
605 159 9 10 0.03239118 
345 319 8 12 0.032381363 
214 192 8 10 0.032367874 
464 236 8 10 0.032319825 
718 63 9 12 0.032244384 
1005 126 9 11 0.032220114 
606 173 7 10 0.032174297 
1001 224 8 10 0.032118034 
689 486 9 11 0.032071326 
609 148 9 11 0.03206879 
712 68 9 12 0.032066498 
954 324 9 12 0.03205969 
856 270 11 13 0.032013617 
920 277 8 11 0.03195781 
716 260 11 14 0.031918816 
560 200 9 10 0.031915337 
711 491 8 10 0.031816304 
155 541 22 26 0.031794235 
766 378 8 10 0.031784724 
808 213 8 11 0.031764563 
976 277 9 12 0.031747364 
929 36 10 13 0.031722344 
789 124 9 11 0.03172116 
495 144 8 10 0.031707805 
445 94 9 11 0.0316675 
745 237 8 10 0.031653278 
431 475 11 14 0.03163565 
497 7 8 11 0.03159856 
815 223 8 11 0.03157796 
622 37 9 13 0.03153035 
425 57 7 10 0.03152754 
802 239 9 11 0.0315099 
399 96 9 10 0.031492535 
391 117 8 10 0.031452425 
518 54 8 11 0.03144287 
671 152 8 10 0.03142642 
622 223 8 11 0.031418964 
792 183 10 12 0.031392157 
441 231 7 9 0.031338718 
801 141 8 10 0.031328943 
410 175 8 10 0.03128595 
222 200 7 9 0.031281833 
392 206 8 10 0.031280845 
375 204 10 13 0.031179417 
624 53 9 11 0.031178366 
246 306 12 16 0.031108227 
471 127 8 10 0.031083692 
779 60 18 22 0.031042434 
342 110 9 11 0.031041218 
776 191 9 11 0.031025952 
742 191 8 11 0.030978981 
864 189 11 12 0.030971514 
519 84 8 10 0.030939328 
983 316 11 12 0.030925082 
561 232 9 11 0.030919246 
293 234 11 15 0.030896934 
789 87 10 14 0.030804893 
785 118 8 11 0.030713474 
814 228 10 13 0.030696495 
735 116 10 12 0.030686956 
585 338 9 10 0.03067608 
382 198 8 10 0.030630551 
438 182 8 10 0.03058257 
686 125 7 11 0.030569246 
519 78 8 11 0.030516313 
181 86 12 15 0.03047957 
698 262 10 12 0.030454949 
518 110 7 9 0.030454442 
141 240 9 10 0.03045219 
661 205 8 11 0.030449599 
481 127 8 10 0.030397823 
583 45 9 11 0.030380499 
623 6 8 10 0.030334594 
583 71 8 10 0.030300325 
677 278 9 10 0.03028174 
624 127 9 10 0.030281257 
854 110 8 11 0.030277478 
317 260 10 15 0.030270847 
282 126 9 11 0.030269433 
369 182 9 10 0.03026231 
983 185 8 10 0.030237908 
898 77 9 12 0.030232681 
517 326 7 9 0.030192882 
360 160 8 10 0.030188574 
344 166 8 11 0.030185599 
308 265 13 17 0.030144162 
910 239 8 10 0.030135898 
953 92 8 10 0.030089743 
258 268 11 15 0.030047754 
173 507 11 15 0.030022519 
663 216 8 10 0.029949365 
917 172 8 11 0.029942831 
750 127 10 11 0.029929703 
561 110 8 11 0.029927338 
853 263 9 12 0.029902367 
280 159 8 10 0.02989257 
919 314 8 11 0.029876612 
928 159 8 11 0.029834948 
320 145 8 10 0.029831165 
368 47 9 12 0.029828861 
808 207 9 11 0.02982862 
688 220 8 11 0.029824968 
519 126 7 9 0.029821465 
663 167 8 10 0.029809957 
601 358 8 11 0.029804219 
609 586 22 29 0.029789463 
728 46 8 10 0.029773716 
46 221 10 13 0.029764678 
342 117 9 10 0.029753538 
750 57 9 11 0.0297407 
870 119 8 10 0.029731872 
574 92 9 11 0.029729638 
382 214 8 11 0.029729225 
408 108 9 11 0.029708436 
278 182 9 12 0.02968155 
800 110 9 12 0.02963921 
991 206 9 13 0.029544681 
721 128 18 23 0.029536624 
286 122 8 10 0.029528977 
79 294 10 13 0.029524256 
33 250 16 18 0.029508863 
665 479 9 12 0.029503183 
328 214 10 13 0.029478809 
272 268 9 12 0.029442703 
441 86 7 10 0.029433582 
878 181 9 11 0.029362038 
565 31 9 11 0.029308677 
696 254 9 12 0.029306592 
734 39 8 10 0.029258592 
528 156 9 11 0.029235164 
760 158 8 11 0.029222386 
1014 276 8 13 0.029219463 
217 183 7 10 0.02919387 
633 206 8 10 0.029176036 
829 594 9 12 0.029163275 
887 191 9 10 0.02910955 
802 251 9 12 0.029086472 
422 102 8 10 0.029041525 
615 69 9 11 0.029038614 
869 594 12 15 0.028972296 
954 88 7 10 0.028956393 
981 167 10 12 0.028948843 
917 84 9 11 0.028943714 
855 157 8 11 0.028923398 
951 150 7 10 0.028892212 
787 212 8 11 0.028839713 
278 191 8 10 0.028838983 
542 103 8 10 0.02879642 
566 103 8 11 0.028780682 
672 287 8 10 0.028779004 
631 240 9 11 0.028738556 
440 79 7 10 0.028736513 
714 16 7 9 0.028714458 
784 167 7 10 0.028698724 
703 203 9 13 0.028694384 
464 158 7 10 0.02868816 
362 143 7 9 0.028661443 
720 298 12 16 0.028656172 
484 515 14 19 0.028638208 
986 155 8 11 0.02863301 
184 563 27 33 0.028630592 
590 155 10 13 0.028609062 
504 64 7 10 0.028608335 
943 155 9 11 0.0285982 
544 118 9 10 0.028590163 
89 247 10 13 0.028536113 
360 206 8 11 0.028518038 
685 101 8 12 0.028467335 
607 1 9 10 0.028460016 
536 165 9 12 0.0284594 
861 50 13 15 0.028451258 
783 244 9 11 0.028431207 
617 212 9 12 0.028428076 
121 310 9 12 0.028374262 
530 109 9 11 0.028347088 
353 79 7 10 0.028316252 
741 183 9 10 0.02823519 
56 395 14 18 0.028179301 
783 190 9 11 0.028177962 
960 286 8 10 0.028172132 
977 104 9 11 0.028154463 
656 152 7 10 0.028096236 
48 240 11 16 0.028071795 
369 245 9 11 0.028065057 
972 102 23 27 0.028064545 
201 231 9 11 0.028039275 
423 151 7 9 0.02803305 
698 52 8 12 0.028031325 
919 93 11 13 0.028030036 
189 539 14 17 0.028005663 
589 15 9 10 0.02800042 
393 245 8 10 0.027982851 
896 126 8 11 0.02792645 
912 314 9 12 0.027922902 
942 197 8 11 0.02790726 
425 238 8 10 0.027891444 
618 174 9 11 0.027854329 
759 117 11 13 0.027849857 
897 104 10 12 0.027838323 
309 275 11 13 0.027812248 
831 278 8 10 0.027803645 
231 213 7 10 0.027801735 
563 578 25 34 0.027801313 
905 189 8 11 0.027781207 
865 134 8 11 0.027771074 
460 135 20 25 0.02773196 
486 103 8 9 0.027730271 
873 141 8 10 0.027697364 
384 127 9 10 0.027675504 
168 199 7 10 0.02767419 
389 104 9 11 0.027665518 
479 182 7 10 0.027650874 
409 159 9 10 0.027550224 
273 218 9 12 0.02754188 
967 215 8 11 0.027540192 
158 188 10 12 0.027467137 
678 61 9 12 0.027452275 
1007 229 7 10 0.027448544 
502 29 8 11 0.027442684 
671 238 10 13 0.0273966 
235 143 8 11 0.027322441 
503 159 8 10 0.027314346 
807 165 10 13 0.027298499 
869 59 11 14 0.027292972 
968 220 9 12 0.027281411 
192 262 7 9 0.027262663 
654 447 9 12 0.027220739 
184 325 46 57 0.027215976 
271 135 7 10 0.027204506 
240 244 9 12 0.027174218 
673 258 11 13 0.027168527 
689 53 8 11 0.027151972 
79 245 9 10 0.027142221 
566 231 8 11 0.027127469 
502 319 7 8 0.027104639 
174 578 13 19 0.027098969 
886 143 8 10 0.027097626 
910 149 8 10 0.0270864 
897 602 11 15 0.027078755 
324 324 11 14 0.027022166 
742 80 10 12 0.02700229 
664 135 8 11 0.026998114 
245 151 7 9 0.02698723 
600 78 8 9 0.026974423 
624 77 9 11 0.026961075 
185 184 7 9 0.026935067 
193 157 8 11 0.02693214 
761 111 9 11 0.026894452 
559 119 9 10 0.026882911 
721 77 8 10 0.026867243 
232 205 8 10 0.026862947 
976 217 7 9 0.026846632 
71 286 9 12 0.026824981 
198 256 9 10 0.026821233 
950 292 7 11 0.026816864 
878 166 8 10 0.026795642 
898 330 8 12 0.026778711 
970 332 8 11 0.026777437 
741 173 8 11 0.026729459 
648 166 9 10 0.026720602 
867 45 11 14 0.026682025 
455 151 8 9 0.026677059 
975 85 10 12 0.02667324 
290 196 26 30 0.026665954 
869 31 8 11 0.026651045 
543 62 7 10 0.02663392 
246 296 24 31 0.026626885 
781 174 7 10 0.026626615 
413 154 18 23 0.026600908 
908 103 10 12 0.02658261 
726 77 8 9 0.026573624 
310 68 8 10 0.026567494 
511 28 10 12 0.026547007 
443 449 43 51 0.02651772 
254 109 10 12 0.026517423 
200 284 10 13 0.02650703 
317 266 12 16 0.026502287 
328 69 9 10 0.026464704 
628 86 11 13 0.026396519 
294 128 8 9 0.026379904 
893 264 8 10 0.026361318 
281 120 8 10 0.02634778 
983 198 9 12 0.026328105 
361 237 8 11 0.026317075 
288 152 8 10 0.02631297 
638 320 9 11 0.026309574 
935 255 8 10 0.026282366 
401 101 8 11 0.026265033 
800 136 8 11 0.026254373 
546 491 17 22 0.02623188 
962 266 8 10 0.026218096 
958 323 10 13 0.026153456 
664 30 8 10 0.02615254 
621 0 11 12 0.026139613 
629 184 9 10 0.02613728 
543 352 8 11 0.026088715 
781 198 10 12 0.026087858 
20 479 13 18 0.026060214 
545 165 8 11 0.02605756 
656 118 9 11 0.026030406 
614 24 9 12 0.026011936 
61 246 9 12 0.025964698 
654 70 8 10 0.02594931 
830 70 12 13 0.025942592 
760 222 10 12 0.025937388 
666 78 7 9 0.025921963 
920 124 8 10 0.02589996 
511 240 10 12 0.025896816 
743 69 9 11 0.025882997 
874 215 7 10 0.025878591 
832 167 8 10 0.025858391 
806 262 8 10 0.02585361 
788 42 13 15 0.025819527 
670 159 8 9 0.025798367 
554 63 8 10 0.025787141 
637 270 9 12 0.025769692 
23 241 24 27 0.025734639 
368 157 8 10 0.025708467 
221 248 8 10 0.025708195 
875 164 8 10 0.025705425 
655 223 9 11 0.025687236 
576 16 8 10 0.025669724 
536 215 8 10 0.025659356 
247 165 8 10 0.025654903 
113 161 8 10 0.02565157 
976 80 10 11 0.025640717 
915 24 11 13 0.02561724 
824 191 10 13 0.025574885 
250 88 9 12 0.025565183 
799 222 10 12 0.025547422 
647 118 11 12 0.025547247 
646 16 7 9 0.02554391 
957 333 9 12 0.025523376 
944 307 8 11 0.0255217 
134 30 8 10 0.025504477 
359 376 9 11 0.025440156 
637 119 9 12 0.025437312 
741 166 9 12 0.025433155 
663 39 7 10 0.025429636 
547 485 14 17 0.025425462 
205 277 10 12 0.025414998 
135 247 8 9 0.025409916 
206 263 8 10 0.025398958 
1001 211 9 12 0.025338871 
469 62 9 11 0.025282767 
606 245 8 11 0.025280913 
119 76 10 13 0.02524015 
254 294 12 14 0.025199404 
724 326 10 12 0.02511103 
899 600 19 23 0.025096785 
826 276 9 11 0.025076553 
277 269 8 11 0.025061652 
670 15 7 10 0.025049146 
251 304 13 19 0.025031615 
703 103 8 11 0.025030034 
944 224 8 10 0.025025869 
78 212 10 12 0.025018405 
688 36 8 10 0.024992496 
519 229 7 10 0.0249907 
343 200 8 10 0.024989508 
657 212 8 11 0.024918161 
859 494 10 14 0.024916118 
695 464 17 23 0.024906103 
926 277 9 12 0.024906024 
788 227 11 13 0.02489191 
537 28 9 12 0.024870506 
679 79 8 9 0.02485794 
265 214 10 12 0.024808822 
527 198 8 10 0.024787346 
999 166 8 10 0.024781248 
471 94 9 10 0.024778541 
718 357 9 11 0.024767356 
718 46 8 10 0.02474964 
662 200 8 10 0.024744712 
418 61 8 10 0.02474027 
657 101 10 13 0.024718314 
909 25 18 21 0.02468255 
614 134 8 10 0.02466017 
331 285 12 16 0.024598485 
26 133 10 12 0.024592811 
1015 269 8 13 0.024543503 
418 133 8 9 0.024499662 
695 213 8 10 0.024490947 
801 152 8 11 0.024487091 
926 183 9 12 0.024474349 
224 214 8 10 0.024469499 
584 115 9 11 0.024465812 
904 232 8 10 0.024454977 
929 172 9 11 0.024425259 
840 165 9 11 0.02439089 
1008 212 8 11 0.024380635 
789 256 10 12 0.024375195 
598 1 9 10 0.024373438 
630 189 8 10 0.024345735 
193 144 9 11 0.024333341 
135 38 10 13 0.024325164 
423 231 7 10 0.024277696 
581 149 9 12 0.024266345 
163 118 9 12 0.024265628 
312 119 9 10 0.024249336 
784 239 10 12 0.024240948 
552 112 8 10 0.02422186 
970 366 8 11 0.024211196 
774 85 10 13 0.024169685 
901 211 10 12 0.024150837 
1015 222 8 11 0.024146052 
812 238 10 11 0.024138901 
431 71 6 10 0.024117103 
1008 205 9 13 0.024116473 
702 39 7 10 0.024113702 
868 37 9 11 0.024097675 
833 253 8 10 0.024070142 
647 255 8 10 0.024050256 
674 38 7 9 0.02404244 
980 334 9 11 0.024031349 
567 144 8 9 0.024021018 
351 190 8 9 0.0239872 
970 116 8 11 0.023961186 
71 222 13 17 0.023937635 
132 320 12 16 0.023930395 
493 230 8 10 0.023929453 
111 175 11 13 0.023910236 
943 259 9 12 0.023901353 
953 278 8 11 0.023899432 
488 236 8 10 0.023872085 
367 373 9 11 0.023870323 
317 274 12 14 0.02385646 
464 246 8 10 0.023827748 
309 126 9 10 0.023822334 
208 207 7 10 0.023789372 
957 342 8 10 0.02376593 
712 174 7 10 0.023732077 
162 213 9 11 0.02373124 
726 7 8 10 0.023729857 
906 263 8 10 0.023726521 
129 38 9 11 0.023719156 
929 255 7 10 0.023705212 
654 374 11 12 0.023698462 
432 173 8 9 0.023694137 
112 32 7 10 0.02368117 
992 182 9 10 0.023653666 
481 150 8 10 0.023632938 
761 183 8 11 0.023610173 
992 231 8 11 0.023603668 
376 210 10 14 0.023601875 
624 135 10 11 0.023587774 
824 182 9 10 0.023557916 
736 72 7 9 0.023550121 
376 200 9 11 0.023546614 
256 199 8 11 0.02353648 
711 141 9 11 0.023534905 
1006 182 9 11 0.023534665 
77 220 12 18 0.023520898 
980 102 11 13 0.023485577 
255 102 9 12 0.023469761 
485 77 8 11 0.023448447 
703 285 9 13 0.023384994 
728 39 9 11 0.023382224 
1007 628 10 12 0.023380982 
615 276 10 12 0.02337466 
872 318 9 10 0.023365477 
727 54 8 10 0.02336118 
990 591 12 15 0.02335982 
174 492 12 13 0.023347205 
663 159 8 9 0.023337027 
258 172 8 11 0.023304317 
350 86 8 12 0.023299245 
398 246 8 10 0.023272308 
407 96 8 10 0.023211623 
301 151 9 12 0.02321093 
750 591 18 22 0.023206921 
10 243 11 13 0.02319807 
407 64 6 9 0.023193775 
205 271 9 11 0.023191987 
591 337 8 11 0.02318766 
742 270 12 14 0.023175132 
598 341 9 11 0.023139996 
400 69 8 10 0.02313391 
417 188 8 11 0.023127746 
958 245 9 13 0.023126787 
861 71 10 12 0.023110438 
854 144 7 9 0.02310022 
394 224 8 11 0.02309197 
348 100 9 11 0.023085274 
927 46 9 12 0.02307306 
586 467 9 13 0.02306626 
177 78 9 11 0.023064682 
712 205 9 11 0.02306092 
711 120 8 11 0.02305945 
428 134 8 10 0.02304851 
607 343 10 11 0.023021054 
590 224 8 10 0.0230006 
804 275 9 12 0.022996902 
187 510 24 29 0.022980891 
662 55 8 11 0.022971937 
246 70 9 11 0.022971151 
802 157 9 11 0.022965984 
871 248 8 10 0.02295321 
148 526 22 27 0.022941802 
156 353 26 37 0.022922166 
51 220 11 14 0.022907635 
672 72 7 9 0.022906505 
493 133 8 10 0.022893317 
137 321 30 38 0.022866288 
1005 298 10 13 0.02284997 
693 311 9 13 0.022847708 
178 244 9 12 0.022836939 
971 566 9 12 0.022812402 
527 231 8 9 0.022795381 
464 125 8 10 0.022791727 
976 361 10 11 0.022784844 
189 77 9 11 0.02277308 
575 87 9 11 0.02274489 
537 207 8 10 0.02273558 
821 22 10 12 0.022728737 
578 496 16 22 0.022712635 
656 8 9 10 0.022698862 
749 244 10 13 0.022697655 
1010 110 9 13 0.022691965 
168 192 7 10 0.022676913 
863 176 8 10 0.022584 
563 550 11 14 0.022571532 
702 29 7 10 0.022566175 
801 285 11 11 0.02255522 
175 557 23 30 0.022549015 
438 119 18 25 0.022536468 
544 56 7 10 0.022525419 
906 268 8 12 0.022498017 
606 239 8 10 0.022491736 
519 119 7 10 0.022483537 
567 214 7 9 0.022475783 
676 88 19 24 0.022466674 
477 208 19 26 0.022452857 
590 37 8 10 0.022434223 
744 56 10 11 0.022427237 
119 303 9 12 0.022400467 
366 162 17 23 0.022331158 
583 87 8 10 0.022321051 
134 23 8 12 0.022316316 
1014 135 8 11 0.022307588 
157 551 14 17 0.022277012 
158 243 8 11 0.0222619 
337 206 9 12 0.022252787 
653 499 11 13 0.02224905 
977 310 9 11 0.022236237 
431 263 10 12 0.02223474 
233 175 8 9 0.022232428 
950 310 8 10 0.022229131 
753 184 8 10 0.022186855 
937 128 8 10 0.02218247 
734 151 8 10 0.022160564 
672 0 9 10 0.022158979 
336 109 11 11 0.02213868 
332 315 11 13 0.022135966 
801 126 8 11 0.022090364 
108 598 28 31 0.022088876 
325 267 11 15 0.022079688 
719 55 8 9 0.022032151 
360 200 8 10 0.021994518 
354 135 8 10 0.021984003 
621 565 12 15 0.021945398 
896 143 9 10 0.021934444 
172 542 14 17 0.021914331 
929 294 8 10 0.021900779 
902 221 8 11 0.021890031 
858 100 8 12 0.0218804 
686 503 8 11 0.021875095 
436 191 8 11 0.021871258 
848 158 8 10 0.021849776 
353 393 12 16 0.021828283 
647 113 9 10 0.02178921 
933 321 10 11 0.021768315 
184 152 9 10 0.021753594 
983 119 19 24 0.021737015 
248 101 8 11 0.02173557 
640 62 8 11 0.021726666 
91 377 13 17 0.021716738 
928 230 10 12 0.021712586 
960 27 10 12 0.021709068 
391 239 7 9 0.021687876 
188 563 16 18 0.021662889 
385 54 8 10 0.021651005 
968 145 18 23 0.021635622 
378 103 9 11 0.021614417 
936 307 10 12 0.021612752 
565 252 10 12 0.021604808 
569 191 8 9 0.021596981 
367 205 9 12 0.021595294 
590 348 8 10 0.021593561 
609 54 8 10 0.02159334 
1006 224 8 10 0.021569759 
368 59 8 11 0.021560634 
593 76 8 10 0.02155337 
830 215 10 13 0.021532826 
690 183 18 24 0.02146434 
576 344 8 10 0.02146112 
783 45 10 12 0.02146085 
545 136 7 10 0.02142653 
800 229 9 12 0.02142405 
71 443 40 50 0.021416334 
713 7 8 9 0.02139429 
890 223 7 9 0.021389069 
895 151 8 10 0.021360258 
820 51 13 16 0.021304505 
641 484 10 12 0.021304455 
911 344 7 9 0.021302674 
919 238 9 12 0.02129699 
399 208 9 10 0.021289466 
797 204 10 13 0.021285389 
342 206 9 11 0.0212823 
812 246 9 11 0.02128002 
657 324 9 12 0.021277608 
746 596 11 14 0.021270916 
904 343 7 9 0.021265017 
927 136 7 9 0.021256555 
297 260 11 16 0.021245746 
135 601 29 33 0.021242376 
405 188 8 10 0.021226874 
665 246 11 15 0.02121952 
769 253 10 13 0.021217575 
894 158 7 10 0.021189164 
166 560 13 18 0.021172702 
648 86 10 12 0.021165993 
230 103 7 10 0.021152247 
346 89 8 10 0.021150885 
864 248 9 11 0.021142019 
601 159 9 11 0.021121087 
554 77 8 11 0.02110033 
895 313 9 11 0.021080805 
361 228 9 11 0.021053769 
423 141 8 10 0.021042885 
664 45 7 9 0.021036835 
77 357 11 15 0.02102399 
246 254 9 12 0.021020649 
245 215 9 12 0.021016339 
768 103 10 12 0.021013938 
904 173 8 11 0.020989724 
1005 326 10 12 0.020973334 
906 304 9 12 0.020959582 
48 215 10 13 0.020958984 
194 603 17 20 0.020950796 
926 599 9 11 0.020948881 
486 95 8 11 0.02093012 
701 586 10 12 0.020910714 
181 590 16 20 0.020881964 
515 485 10 13 0.020808501 
669 439 11 12 0.020806877 
825 175 8 10 0.020803565 
232 132 191 215 0.020750655 
370 237 9 12 0.020730741 
959 166 9 11 0.02070856 
509 12 12 13 0.02069111 
942 94 9 10 0.020687152 
757 236 8 11 0.020683369 
374 142 8 10 0.02068066 
256 150 8 10 0.020679383 
497 62 8 10 0.020678833 
207 255 9 11 0.020672318 
256 182 9 11 0.020669276 
126 609 42 49 0.0206666 
174 208 7 9 0.020662012 
812 253 8 11 0.020630538 
936 44 9 11 0.020609705 
656 254 9 12 0.020609645 
320 305 19 23 0.020607358 
437 55 8 10 0.020597866 
707 597 11 15 0.020594845 
341 236 9 11 0.020583643 
928 269 9 12 0.020573992 
738 105 19 22 0.020557089 
405 200 19 25 0.02055252 
1000 325 9 12 0.020547474 
577 73 8 9 0.020545965 
84 219 13 17 0.020544218 
904 245 8 11 0.02054037 
201 237 8 11 0.020536525 
452 469 45 51 0.020535825 
980 644 13 16 0.020531528 
896 118 10 12 0.020514935 
241 269 11 15 0.020496856 
853 135 9 10 0.020494696 
863 222 9 11 0.020477453 
948 302 9 12 0.020476108 
175 192 7 9 0.020436766 
243 143 9 10 0.020415781 
206 160 7 9 0.020412935 
888 44 12 14 0.020405754 
424 420 10 12 0.020401632 
991 223 7 9 0.02037885 
359 172 7 10 0.020366117 
272 149 8 10 0.020346086 
4 508 13 22 0.020340722 
254 230 11 15 0.020324841 
901 55 19 23 0.020311126 
439 239 8 10 0.02030414 
993 254 9 13 0.02030301 
980 108 11 13 0.020297563 
391 128 8 10 0.020293165 
640 212 8 11 0.020281306 
422 121 8 9 0.020269483 
535 22 10 12 0.020267246 
321 332 10 13 0.020265043 
302 272 13 17 0.020256355 
528 174 8 10 0.02025267 
935 223 8 11 0.020243483 
154 303 9 12 0.020241164 
290 231 10 13 0.020240586 
710 102 10 13 0.020237084 
736 192 18 24 0.020207144 
609 31 19 23 0.02016288 
633 7 8 9 0.020155871 
949 251 8 11 0.020153653 
553 23 9 11 0.020152012 
727 0 9 9 0.020134259 
697 285 10 13 0.020091137 
406 222 7 10 0.020082233 
479 239 8 9 0.020044936 
689 46 8 10 0.020035204 
448 176 8 9 0.020024206 
966 292 9 11 0.020013507 
526 214 11 13 0.020012552 
26 469 54 67 0.020010414 
28 257 16 17 0.020008475 
