0_Parade_marchingband_1_606
121
841 156 30 33 0.9994106 
258 137 32 39 0.9988201 
614 191 29 33 0.9981552 
486 134 36 41 0.99679273 
783 155 40 44 0.9961016 
43 156 35 39 0.9958268 
131 209 25 30 0.99393 
703 175 27 32 0.99182314 
429 179 25 34 0.7544689 
901 316 27 33 0.51412636 
587 192 27 33 0.39273065 
16 211 18 22 0.37801 
602 138 17 22 0.37017152 
795 104 24 33 0.3478104 
174 207 24 29 0.2590647 
599 192 27 34 0.24764606 
174 346 13 17 0.22881493 
214 394 14 16 0.22037804 
535 116 438 440 0.1541006 
603 163 17 22 0.1464082 
943 250 13 14 0.11983358 
974 272 7 8 0.09064262 
1014 308 9 12 0.089519836 
420 144 17 22 0.08533312 
968 270 8 10 0.08226111 
188 205 25 31 0.08056903 
407 275 10 13 0.078577176 
850 111 18 24 0.07851369 
981 329 13 16 0.075045064 
168 211 14 20 0.07387136 
1014 253 8 12 0.07092604 
1 153 16 22 0.069098696 
633 139 15 18 0.068719 
374 231 11 15 0.06643833 
5 219 13 18 0.061894715 
912 325 17 22 0.061093118 
360 332 11 14 0.060227703 
956 328 15 20 0.060161047 
22 144 10 13 0.059190147 
984 261 9 11 0.057604775 
392 294 9 13 0.054689594 
239 397 9 11 0.050455872 
975 278 8 10 0.04992912 
399 237 11 14 0.049041558 
982 304 9 11 0.048774637 
996 317 10 13 0.04622819 
439 184 17 22 0.045875456 
192 358 10 15 0.045408953 
32 123 12 15 0.045169864 
583 186 21 24 0.045085404 
359 341 10 13 0.044872403 
933 237 10 12 0.04486917 
197 420 13 16 0.043092884 
179 343 13 18 0.04294264 
310 392 9 11 0.041556846 
392 212 10 13 0.040652916 
983 310 8 10 0.040599648 
1 139 13 18 0.040399455 
5 142 21 29 0.038278025 
977 309 8 10 0.03807383 
960 270 8 11 0.037936747 
941 243 21 24 0.03677274 
977 285 8 11 0.03579536 
12 112 11 13 0.03470155 
487 88 26 31 0.033055235 
999 311 9 11 0.032886147 
977 303 10 12 0.032595143 
365 413 12 17 0.032373633 
1001 301 7 9 0.032282274 
398 242 10 14 0.03134261 
52 122 16 19 0.031118475 
394 318 9 12 0.030917367 
1008 303 9 11 0.030887663 
381 325 9 13 0.030415917 
398 213 9 12 0.029395103 
991 271 8 10 0.028964745 
1014 287 8 11 0.02833578 
973 350 12 14 0.028170638 
1008 309 9 11 0.02810236 
1014 270 9 13 0.027940355 
400 231 12 15 0.027761072 
984 270 8 10 0.02765758 
167 191 30 34 0.027248684 
976 329 12 18 0.027072385 
1000 295 8 11 0.02703499 
991 301 9 11 0.026919989 
985 318 10 14 0.026709769 
1008 289 8 10 0.026546365 
991 317 11 15 0.026063299 
966 348 10 15 0.026024332 
902 334 15 18 0.025916941 
964 324 13 19 0.025738161 
346 314 15 17 0.025660537 
329 366 9 12 0.025360169 
219 392 10 13 0.024511466 
126 187 40 49 0.024443207 
815 360 13 14 0.024391767 
46 122 11 16 0.024231581 
991 312 9 10 0.024070125 
17 141 23 27 0.023888825 
293 172 15 19 0.023645135 
966 318 10 13 0.022950945 
163 202 26 33 0.022778902 
166 235 12 14 0.022775084 
110 352 9 11 0.02248359 
709 153 16 19 0.022404857 
363 210 13 16 0.022394516 
969 276 8 10 0.02232917 
561 176 16 20 0.022307262 
927 235 11 14 0.021871166 
427 151 14 18 0.021806682 
1004 338 12 15 0.02105769 
239 157 22 30 0.02091794 
58 129 16 17 0.020908576 
103 191 25 29 0.020826507 
272 326 11 13 0.020637084 
958 276 9 11 0.020592574 
991 278 7 9 0.020549508 
954 269 8 12 0.020328026 
180 351 13 17 0.020319365 
570 212 14 17 0.020015152 
