0_Parade_marchingband_1_20
245
541 358 36 40 0.99907434 
28 405 27 31 0.99617296 
252 371 31 34 0.99431497 
466 354 27 30 0.9539477 
82 392 21 23 0.945621 
731 346 15 19 0.93139553 
628 393 20 24 0.92459303 
386 369 16 18 0.91891915 
447 346 18 21 0.72559875 
679 357 15 17 0.70787704 
587 367 20 24 0.6512274 
335 377 19 22 0.5640973 
492 503 17 22 0.41619262 
232 376 18 21 0.35882506 
708 383 12 14 0.35685316 
129 377 11 15 0.31813493 
549 319 27 33 0.30890915 
853 272 33 43 0.3076044 
302 270 11 13 0.26317883 
455 327 14 19 0.23498788 
419 398 16 18 0.20952308 
699 365 10 13 0.2069015 
375 340 14 16 0.189556 
775 362 15 16 0.18013185 
662 387 15 17 0.17298505 
614 371 16 19 0.16368355 
618 364 13 16 0.16097924 
202 345 25 34 0.15812866 
776 348 12 15 0.1572175 
450 341 26 32 0.15686153 
621 353 14 17 0.15463184 
723 416 15 19 0.14950402 
439 378 14 19 0.14874204 
213 419 14 18 0.14686202 
492 378 16 19 0.13644326 
370 385 16 20 0.1325124 
627 352 13 17 0.13077179 
804 356 14 17 0.10566403 
241 369 28 33 0.10281925 
437 448 23 30 0.09950317 
598 367 23 28 0.09815101 
285 269 9 12 0.095183685 
384 95 88 111 0.09429921 
781 390 13 16 0.09044532 
367 393 15 18 0.08669133 
280 271 10 11 0.08520324 
799 363 12 15 0.08425189 
332 314 11 14 0.0797299 
683 351 13 15 0.07639833 
602 375 25 30 0.07405277 
378 334 13 14 0.0716221 
666 397 13 16 0.06692611 
677 376 15 19 0.06691794 
813 436 28 35 0.06643892 
856 499 125 158 0.06447662 
363 328 13 14 0.06294558 
701 371 12 14 0.061754752 
448 458 14 20 0.059242085 
669 379 12 17 0.05829362 
716 388 11 15 0.058123916 
694 372 12 14 0.057493873 
46 384 15 18 0.05708952 
463 324 22 29 0.05639322 
801 353 22 29 0.05534404 
694 358 10 13 0.055265646 
759 352 8 11 0.054938577 
86 368 14 18 0.05291817 
742 334 11 14 0.05199284 
773 369 16 18 0.05158527 
628 374 22 28 0.049431182 
995 324 15 19 0.04864279 
91 372 14 17 0.048209228 
668 420 11 14 0.04744842 
540 213 14 20 0.047375683 
448 329 13 17 0.047129434 
661 401 15 18 0.04544235 
314 413 16 20 0.044443745 
279 276 11 14 0.04402464 
429 476 14 16 0.04332643 
740 340 12 16 0.042419918 
796 371 14 19 0.04221853 
620 385 20 26 0.04218439 
732 415 10 14 0.041786652 
553 318 17 20 0.041343328 
87 377 22 28 0.041278046 
599 403 26 29 0.040918287 
231 301 11 13 0.040344942 
436 483 15 18 0.039839502 
406 340 16 18 0.039660882 
686 344 10 13 0.039274722 
469 333 29 35 0.03894352 
734 334 13 16 0.03888674 
696 406 10 13 0.038617164 
429 433 15 17 0.038526576 
307 274 10 13 0.03672312 
286 308 14 18 0.03645561 
155 393 12 16 0.036411278 
229 150 15 18 0.036281243 
550 226 42 56 0.036181137 
260 340 13 17 0.036161583 
490 367 21 24 0.035582207 
390 428 13 17 0.035314586 
767 464 10 13 0.034849335 
979 315 12 15 0.034691572 
366 380 16 20 0.034594785 
733 358 15 18 0.034361895 
726 404 12 15 0.03403338 
882 118 42 52 0.033827744 
838 436 13 18 0.033827092 
270 348 14 17 0.033351917 
662 410 14 17 0.03328775 
335 348 13 17 0.03317606 
853 249 49 76 0.0331172 
280 284 12 16 0.03268756 
683 374 16 18 0.032487042 
420 476 15 18 0.031970557 
263 346 26 31 0.0316481 
421 436 13 17 0.03145676 
405 382 13 17 0.031387515 
327 310 12 16 0.031355985 
734 402 10 13 0.030880317 
792 364 11 14 0.030811349 
223 315 12 17 0.030751867 
684 470 9 12 0.030229008 
228 308 12 16 0.030173022 
448 191 38 53 0.030076623 
795 339 38 47 0.029807204 
799 367 22 31 0.029556202 
702 393 14 16 0.029504083 
718 360 9 12 0.02933866 
347 373 13 17 0.029222783 
396 380 13 15 0.029186701 
429 435 25 29 0.029149259 
703 384 19 22 0.029122321 
655 369 12 18 0.028956749 
702 405 11 13 0.028841281 
718 366 11 13 0.028652217 
345 39 45 69 0.028642178 
297 272 12 15 0.028337553 
812 347 12 16 0.028272297 
715 381 11 15 0.02810421 
707 374 14 17 0.027960153 
230 341 12 15 0.02775842 
789 378 13 17 0.027618557 
298 264 19 23 0.027557794 
654 365 10 15 0.02725169 
775 403 14 18 0.027119583 
710 412 9 12 0.02709492 
660 371 14 18 0.026983187 
631 371 13 17 0.026979942 
544 336 38 48 0.026773011 
730 332 21 27 0.026686274 
381 375 14 19 0.026647875 
482 339 14 17 0.026613984 
365 358 12 15 0.026455173 
428 483 15 17 0.026441298 
257 337 22 28 0.026328545 
641 377 16 20 0.026291167 
694 361 18 22 0.025943153 
791 410 13 17 0.025926512 
656 387 13 18 0.025917156 
338 391 17 20 0.025880631 
735 352 16 18 0.025805222 
293 317 24 27 0.025801811 
777 375 20 24 0.0257422 
708 405 11 13 0.025552303 
769 372 12 17 0.025461728 
424 317 8 12 0.025414454 
357 370 14 19 0.025413452 
683 404 11 14 0.02538603 
448 356 19 23 0.025113616 
441 314 11 14 0.025070151 
676 403 15 16 0.02493088 
559 325 28 36 0.024850901 
717 393 12 16 0.024716454 
747 334 11 14 0.024695655 
377 385 15 20 0.024665894 
462 319 12 16 0.024590695 
260 309 10 14 0.024542853 
726 379 13 17 0.024432372 
97 379 14 18 0.024051113 
361 425 14 19 0.023921039 
684 352 21 25 0.023748044 
690 376 14 17 0.023738481 
483 487 22 33 0.02368575 
808 426 28 32 0.023661189 
475 477 23 29 0.023519214 
373 328 11 14 0.023451935 
366 358 22 27 0.023441853 
811 405 14 17 0.023420827 
450 315 24 33 0.023396246 
695 395 11 14 0.023345772 
147 294 14 19 0.023339106 
691 350 11 14 0.02332333 
286 265 9 11 0.023162834 
422 382 12 14 0.023092693 
623 397 16 22 0.023060199 
328 377 16 19 0.023055503 
335 362 26 32 0.023015756 
591 386 29 33 0.02287641 
615 340 24 31 0.022868026 
818 315 11 13 0.022668136 
608 385 24 30 0.022630613 
632 362 22 30 0.022617312 
273 269 8 11 0.022616645 
281 265 8 11 0.022559578 
801 316 9 12 0.022492032 
482 345 17 21 0.022418242 
396 357 11 14 0.022376409 
701 335 11 12 0.022370197 
206 421 15 20 0.022369046 
392 364 15 18 0.02214919 
411 324 15 17 0.022072481 
412 379 14 17 0.02207223 
727 396 11 15 0.02172495 
108 588 14 17 0.021618817 
670 427 12 16 0.021568634 
397 386 16 19 0.021456122 
654 342 11 14 0.02143246 
780 391 20 25 0.021413289 
322 364 14 18 0.021324506 
716 371 12 15 0.021253532 
428 353 13 18 0.021168444 
610 53 33 41 0.02107329 
803 415 24 28 0.020995297 
274 283 21 28 0.020978061 
242 324 15 18 0.020776425 
790 355 12 16 0.020745626 
263 300 10 14 0.0207023 
264 291 12 17 0.020680938 
388 358 15 17 0.020632042 
487 384 16 20 0.0206225 
846 376 43 61 0.020594364 
54 362 14 16 0.020536035 
684 462 10 14 0.020439405 
749 411 12 16 0.020417716 
661 365 11 16 0.020381022 
405 316 17 18 0.020346815 
654 402 13 17 0.020308137 
580 375 25 32 0.02029822 
631 278 9 12 0.020294182 
340 310 11 14 0.020155573 
473 455 22 31 0.020064946 
680 345 9 12 0.020061625 
725 387 11 17 0.020060256 
