0_Parade_Parade_0_12
278
324 153 34 41 0.9997365 
728 130 47 65 0.9990551 
394 174 36 44 0.99855584 
832 115 34 43 0.99795556 
641 143 27 31 0.9978903 
484 165 38 53 0.99393255 
251 170 23 29 0.9936859 
1004 133 22 32 0.98573595 
577 178 23 29 0.96956676 
912 149 25 29 0.9652312 
277 191 26 31 0.7908769 
157 203 12 15 0.5644505 
190 210 17 21 0.46583527 
133 197 17 21 0.45824072 
102 263 9 12 0.18992938 
699 383 14 22 0.12762155 
125 286 9 12 0.12664323 
757 18 15 21 0.12517646 
79 263 8 11 0.11713648 
540 203 14 18 0.11008332 
105 215 8 9 0.10822142 
53 200 8 11 0.106804065 
116 199 8 11 0.10665496 
93 222 8 9 0.09882152 
73 231 7 10 0.09876798 
73 262 9 12 0.08996537 
47 240 8 9 0.08611888 
17 223 8 10 0.08317782 
124 277 10 13 0.07954411 
16 216 8 9 0.07927807 
117 205 8 11 0.077811606 
77 224 8 9 0.07777908 
801 121 17 22 0.07775016 
355 466 162 247 0.07740509 
176 222 10 13 0.07662179 
57 223 8 9 0.076578796 
72 209 7 10 0.073096685 
95 199 7 10 0.07284661 
90 215 8 9 0.07258585 
110 214 8 10 0.070168324 
165 278 17 20 0.069981895 
149 199 18 22 0.06909224 
72 214 8 9 0.0686571 
102 296 8 10 0.06813532 
65 238 6 8 0.06775819 
200 300 11 15 0.0675545 
12 124 9 12 0.06664534 
105 230 8 9 0.066564135 
279 134 13 16 0.06650951 
41 204 8 11 0.06446947 
109 223 8 11 0.06412265 
73 238 7 8 0.06337369 
184 212 14 16 0.062038425 
77 229 8 10 0.06024652 
9 230 9 11 0.059430253 
140 286 9 12 0.05909679 
181 219 13 16 0.058874078 
586 298 13 16 0.057976097 
14 229 9 11 0.057829972 
73 256 7 10 0.057540834 
220 286 13 17 0.05693432 
174 202 11 13 0.05642848 
256 323 12 15 0.05630081 
126 292 9 11 0.055096474 
21 222 10 12 0.054870814 
57 231 7 10 0.054820854 
23 183 8 10 0.054243866 
58 271 8 10 0.054198872 
139 189 14 19 0.053497173 
93 217 8 10 0.053484887 
79 240 7 9 0.05345487 
179 228 12 14 0.053367738 
57 278 8 11 0.052473787 
48 256 8 10 0.052246496 
31 217 8 10 0.052133806 
142 247 12 14 0.051561967 
113 205 8 11 0.05109666 
98 268 9 11 0.049317904 
465 337 17 20 0.04849047 
337 374 10 13 0.04798282 
256 348 9 11 0.0476171 
763 14 13 18 0.04758636 
207 266 14 18 0.046579346 
62 215 8 10 0.045450423 
63 232 7 10 0.04518362 
168 289 12 15 0.04505895 
102 301 8 10 0.043809403 
167 238 9 13 0.04379542 
40 199 8 12 0.043525778 
181 201 22 26 0.04307173 
166 222 10 14 0.04264395 
463 549 37 49 0.042578775 
191 183 10 12 0.04232769 
80 209 7 9 0.041705195 
0 198 8 10 0.04152145 
62 280 7 9 0.040297594 
684 331 12 16 0.040125925 
88 208 8 9 0.04002959 
105 239 7 9 0.039817695 
642 122 13 15 0.03976661 
64 256 7 9 0.039456416 
9 223 8 10 0.039035697 
585 282 26 31 0.03874064 
680 325 12 15 0.038696773 
88 245 8 10 0.038696144 
129 173 8 10 0.03864695 
312 330 14 18 0.03863437 
193 332 10 15 0.038626112 
567 344 33 44 0.038338125 
164 210 11 15 0.038051672 
73 317 8 11 0.03777703 
105 199 7 10 0.037547994 
176 238 11 14 0.0372558 
637 103 12 16 0.037155822 
230 348 9 13 0.03683527 
15 192 7 10 0.036676336 
472 243 426 485 0.036543526 
8 192 8 11 0.03644918 
79 257 8 9 0.036153305 
438 309 16 22 0.036105722 
98 301 9 11 0.03608391 
40 256 7 9 0.03605165 
11 215 8 10 0.035789456 
78 215 7 8 0.0356798 
123 269 12 15 0.03565425 
110 309 8 11 0.035376973 
106 207 7 10 0.03500525 
49 245 7 8 0.03460058 
39 222 8 10 0.034561515 
223 356 9 11 0.03428127 
103 287 8 10 0.034223597 
1008 303 10 13 0.03421448 
1 192 8 11 0.034149304 
120 213 8 10 0.0340926 
160 283 12 14 0.033396203 
105 324 9 11 0.033147912 
85 262 9 12 0.032819744 
443 157 12 15 0.032793645 
614 286 11 13 0.03276019 
22 216 8 9 0.032664727 
128 183 10 10 0.032640416 
196 333 14 18 0.032459386 
39 216 8 10 0.032362908 
41 241 7 10 0.032207772 
126 247 8 11 0.03190379 
599 96 16 19 0.0317102 
1 254 7 10 0.03130643 
192 285 11 15 0.030889325 
126 213 10 12 0.030805334 
32 240 8 10 0.030511813 
1 125 9 13 0.030486688 
129 202 13 15 0.030354615 
136 292 9 11 0.030337153 
812 37 10 13 0.030220177 
57 216 9 10 0.030193118 
232 375 8 9 0.03018431 
86 269 8 10 0.030059215 
23 187 8 11 0.030036062 
135 304 8 10 0.029889502 
175 213 10 13 0.029699724 
199 293 12 15 0.029595863 
995 274 12 17 0.029431859 
206 366 8 9 0.029324837 
565 276 12 16 0.029207563 
90 199 8 9 0.02918968 
184 188 9 10 0.029030498 
463 156 10 14 0.028916195 
120 252 9 11 0.028831253 
94 240 8 10 0.028663807 
630 305 14 15 0.028567033 
94 175 8 9 0.028483113 
159 359 9 12 0.0284338 
693 340 12 16 0.028385049 
78 183 8 11 0.028368162 
56 262 7 10 0.028206376 
307 109 16 20 0.028023945 
685 374 28 37 0.02799927 
-15 149 404 493 0.027869586 
228 340 10 14 0.02785635 
135 311 7 9 0.027843144 
566 152 15 20 0.027825145 
701 370 22 37 0.027797477 
746 402 93 112 0.027708609 
148 253 10 13 0.027705802 
616 152 20 25 0.027431915 
149 218 13 16 0.02737052 
86 254 9 11 0.027327012 
0 204 6 11 0.027135603 
6 173 8 11 0.026889686 
10 262 7 10 0.026721843 
133 230 10 12 0.026681062 
80 278 8 11 0.02662912 
140 292 10 13 0.026515363 
191 325 10 14 0.0264581 
124 262 12 14 0.02628256 
166 172 9 12 0.026191698 
24 206 7 10 0.02618853 
97 310 7 10 0.026186597 
88 229 7 9 0.026141096 
121 246 9 12 0.026028268 
63 208 8 9 0.025912335 
1014 282 9 15 0.025898278 
89 174 8 10 0.025885502 
221 263 15 20 0.025793454 
150 209 13 16 0.025745913 
202 360 8 11 0.025682945 
49 232 6 9 0.025650714 
65 188 7 10 0.02547767 
130 310 7 10 0.025443902 
79 188 8 11 0.025414206 
247 349 9 11 0.025356477 
65 286 7 9 0.025240242 
129 303 8 10 0.025233816 
49 204 9 11 0.025150813 
580 292 21 27 0.025051808 
47 222 7 10 0.02498366 
264 357 8 12 0.02475691 
74 247 7 8 0.024753153 
95 230 8 9 0.024669241 
201 214 14 21 0.024658397 
370 196 18 23 0.024613887 
32 256 8 10 0.02448757 
95 205 7 10 0.024259387 
157 203 19 25 0.02425871 
943 195 14 20 0.024224617 
291 178 13 17 0.024193658 
134 184 9 11 0.024130236 
142 302 8 11 0.02406246 
1007 308 9 12 0.023927135 
80 245 8 10 0.023853743 
109 228 8 11 0.023718864 
136 253 12 14 0.023542697 
14 255 8 10 0.023525491 
586 108 14 17 0.02344014 
545 374 25 34 0.02342737 
341 367 12 16 0.023286583 
461 342 15 20 0.023275517 
206 121 11 14 0.02306038 
54 255 7 10 0.022901256 
87 278 9 12 0.022785822 
87 311 7 9 0.022761848 
1014 274 9 16 0.022729013 
79 312 8 11 0.022644117 
135 276 11 15 0.022639811 
743 389 10 13 0.022562591 
140 207 13 16 0.022487275 
1000 320 9 11 0.02238568 
158 237 11 13 0.022363812 
197 325 13 17 0.022348309 
420 498 126 166 0.022341298 
622 318 13 17 0.022244388 
110 304 8 11 0.022220638 
993 326 9 11 0.021643838 
55 247 7 9 0.021596422 
928 335 8 11 0.021470156 
687 338 12 15 0.021414515 
127 189 14 15 0.021384967 
524 452 12 17 0.021353029 
595 290 14 17 0.021342367 
102 257 10 11 0.021073885 
109 324 8 10 0.021058118 
793 13 11 13 0.020874446 
105 243 9 12 0.02067309 
628 315 16 19 0.020640459 
736 439 10 13 0.020591862 
143 239 11 13 0.020551069 
403 301 40 46 0.020526666 
233 368 8 10 0.020450551 
15 209 8 10 0.020447247 
269 199 16 21 0.020286735 
475 175 30 38 0.02027052 
63 246 7 9 0.020249316 
95 255 9 11 0.020244759 
487 351 44 52 0.020223647 
120 302 9 11 0.02018802 
361 173 24 28 0.020184135 
92 246 9 10 0.02015509 
223 161 15 20 0.02014981 
