0_Parade_marchingband_1_765
1077
316 305 16 19 0.9963993 
606 243 13 17 0.9962373 
452 341 17 22 0.9951167 
501 314 16 20 0.9929905 
492 367 18 22 0.9914848 
458 291 13 17 0.99003977 
307 371 19 23 0.9900068 
194 373 17 20 0.98886687 
845 372 17 22 0.98585004 
405 310 15 19 0.9852105 
248 370 18 22 0.9849076 
893 268 13 18 0.98378146 
340 266 13 17 0.98345023 
611 382 17 21 0.9828198 
397 245 12 15 0.98275536 
806 324 15 18 0.9814176 
368 369 18 22 0.9802752 
650 316 15 19 0.97971857 
538 348 16 20 0.97782177 
553 376 18 23 0.9772519 
905 382 18 23 0.97686905 
420 270 14 16 0.97542036 
113 299 17 21 0.97369486 
833 298 14 17 0.97299623 
664 210 12 16 0.9728124 
350 343 16 20 0.9727552 
428 373 17 22 0.97266686 
858 355 13 17 0.97065735 
615 295 13 18 0.9667458 
253 269 12 16 0.96638006 
286 290 13 17 0.96579283 
691 352 15 19 0.96376824 
500 264 13 17 0.963345 
368 291 14 18 0.96154404 
226 319 14 18 0.96103716 
503 233 13 16 0.96082497 
648 267 13 17 0.96036875 
726 381 17 22 0.95946246 
802 253 11 15 0.9591421 
704 230 12 16 0.95762473 
621 348 15 18 0.95555556 
727 313 14 17 0.9530224 
639 234 13 16 0.95128274 
311 248 13 17 0.9508363 
583 314 14 17 0.9441633 
88 323 19 24 0.93888766 
662 377 19 21 0.9377979 
767 353 13 17 0.93663514 
769 293 15 18 0.93368554 
152 381 17 19 0.931774 
569 235 12 15 0.91869676 
783 382 17 20 0.9137156 
688 296 13 17 0.9126607 
542 297 13 16 0.9061965 
487 190 11 13 0.90320766 
285 234 10 13 0.90272015 
541 209 12 15 0.89810866 
441 233 13 17 0.8968644 
413 214 12 14 0.89596236 
536 253 13 17 0.89009917 
655 189 10 13 0.89006823 
714 272 13 17 0.8853673 
567 201 10 14 0.8838485 
244 185 12 16 0.8834084 
630 200 11 14 0.8799194 
510 169 12 15 0.872075 
464 249 13 16 0.87206537 
351 184 12 14 0.869151 
759 190 8 11 0.8684363 
913 289 14 19 0.86741436 
786 274 13 16 0.8660434 
763 231 11 14 0.8629073 
549 165 9 12 0.8614859 
598 165 9 11 0.8557825 
256 344 16 19 0.8532521 
397 172 12 14 0.850169 
203 222 12 15 0.84623694 
505 204 10 14 0.84406835 
457 173 11 14 0.8402759 
576 269 12 16 0.8301914 
780 222 10 13 0.8244962 
448 202 11 14 0.8209132 
384 204 10 14 0.8188395 
140 276 13 17 0.81600755 
362 229 12 16 0.81600523 
476 215 11 13 0.8130222 
521 117 19 21 0.8102409 
746 204 9 11 0.807409 
746 252 11 15 0.798277 
420 191 9 12 0.79510206 
848 225 11 15 0.7774063 
674 246 12 16 0.7668663 
845 259 14 16 0.76290137 
331 217 11 15 0.7615087 
705 167 9 11 0.7577802 
311 204 9 12 0.74894595 
232 199 13 17 0.7480238 
259 174 11 14 0.73956114 
488 161 11 14 0.7349334 
329 173 9 12 0.73274887 
628 177 11 15 0.7250718 
601 188 11 14 0.6995419 
433 161 11 14 0.6783 
568 172 11 14 0.6687764 
717 154 9 12 0.6616899 
345 151 9 12 0.65880626 
283 149 10 14 0.6490847 
824 181 10 14 0.62332535 
691 199 11 14 0.60497224 
173 258 13 16 0.601849 
834 205 11 13 0.5859269 
578 132 17 19 0.5851026 
873 248 11 15 0.5653673 
541 186 12 15 0.5644577 
271 160 11 15 0.55817604 
628 150 13 15 0.5386089 
658 166 8 10 0.53636503 
681 128 16 18 0.52632314 
606 209 11 15 0.52170914 
464 146 9 12 0.5158095 
589 294 11 15 0.5071831 
725 215 10 13 0.49981204 
624 129 18 20 0.4953316 
309 129 11 14 0.47086483 
733 182 9 12 0.46487525 
528 293 13 16 0.4407601 
681 182 9 12 0.43062115 
679 154 10 13 0.38173717 
237 275 11 14 0.34322104 
187 244 11 14 0.34188965 
738 160 10 12 0.34037134 
688 233 11 14 0.33867458 
482 338 14 18 0.33548754 
596 129 11 15 0.33175868 
438 189 10 13 0.30709428 
712 192 10 12 0.30037078 
367 162 10 13 0.29624394 
349 297 13 16 0.28982612 
492 217 13 16 0.27987874 
135 308 15 19 0.2795712 
409 151 8 11 0.2769976 
463 114 13 15 0.2730212 
639 167 9 11 0.27216434 
464 200 11 14 0.26468718 
478 285 13 18 0.26377168 
727 252 11 14 0.26286775 
782 318 12 15 0.26099044 
472 179 9 12 0.258142 
721 217 11 15 0.25528067 
763 270 14 17 0.25212514 
717 192 9 11 0.2453222 
739 341 13 18 0.24114482 
749 314 15 17 0.2346467 
360 167 10 12 0.22710884 
437 309 14 18 0.2240369 
804 158 10 13 0.22139335 
818 353 13 19 0.22108212 
613 214 11 13 0.22010112 
433 197 11 13 0.2158325 
811 359 13 19 0.21490107 
677 197 10 14 0.21301018 
523 146 13 16 0.21299383 
428 135 11 13 0.21268275 
790 150 9 11 0.20751318 
931 348 11 15 0.20629866 
804 361 16 21 0.20424551 
772 126 11 13 0.20217623 
834 210 12 15 0.2001526 
372 159 10 13 0.1980572 
300 143 9 12 0.19528241 
623 324 13 17 0.18981156 
487 250 13 15 0.18898675 
388 290 14 18 0.18848497 
616 192 11 12 0.18481806 
469 199 11 14 0.18183059 
781 141 9 10 0.18055724 
469 148 12 15 0.17871578 
572 149 12 15 0.17830534 
121 379 12 17 0.17791976 
452 199 11 15 0.1772659 
588 129 14 18 0.16722736 
526 226 11 14 0.16361469 
150 334 12 14 0.16253655 
863 229 10 13 0.15786463 
415 250 12 14 0.15681866 
581 167 11 13 0.15430361 
749 236 11 13 0.15393879 
587 227 12 15 0.15241382 
525 204 11 15 0.1500191 
573 297 13 18 0.14961843 
367 190 9 13 0.14858894 
864 293 11 14 0.14511305 
281 231 10 14 0.14429517 
597 291 13 17 0.14420164 
461 176 11 14 0.143307 
320 231 12 13 0.14212582 
164 348 14 17 0.14128867 
204 272 12 14 0.14038284 
778 209 8 9 0.1395288 
255 221 10 13 0.13659364 
545 211 13 16 0.13637063 
693 137 13 15 0.13617873 
831 235 10 12 0.13562751 
398 204 10 14 0.1340135 
168 326 11 15 0.13373971 
584 202 12 15 0.13227911 
733 269 12 15 0.13167806 
683 134 18 19 0.1314112 
323 235 11 13 0.13003276 
200 255 10 12 0.12979902 
571 197 11 15 0.12912196 
477 126 12 15 0.12898083 
389 330 15 19 0.12545508 
689 173 11 13 0.12468783 
719 260 12 15 0.12463669 
594 165 9 12 0.12430935 
775 133 10 12 0.12304631 
635 199 11 13 0.12134329 
933 313 17 20 0.12113948 
633 131 15 18 0.12045823 
416 196 10 12 0.12019936 
233 271 9 13 0.11993133 
455 235 10 14 0.118356705 
295 220 10 13 0.11753276 
217 301 9 12 0.11750259 
878 270 10 13 0.11387145 
257 245 9 12 0.11373792 
286 205 8 11 0.11338286 
477 175 11 15 0.11273646 
283 333 12 16 0.11098075 
367 269 12 16 0.11080886 
822 255 10 14 0.10969844 
733 288 16 18 0.10918204 
462 229 12 14 0.10886034 
263 240 8 12 0.10856037 
375 268 12 16 0.10620027 
703 200 8 10 0.10572683 
389 187 11 13 0.10557772 
760 145 9 11 0.10548743 
286 276 11 14 0.10466475 
365 181 9 11 0.104283184 
853 361 15 18 0.10369583 
423 174 10 12 0.10332862 
796 306 13 15 0.10316358 
334 180 10 12 0.10297682 
568 331 13 17 0.10277644 
717 251 13 16 0.10254572 
318 151 10 12 0.10207681 
421 157 10 13 0.10204807 
703 205 9 11 0.10202263 
173 282 12 14 0.101359025 
303 189 9 13 0.10065704 
740 182 10 13 0.0999614 
481 190 10 13 0.09966887 
829 253 11 14 0.09905922 
222 267 10 13 0.0989741 
446 268 12 16 0.09832152 
837 348 15 21 0.09819205 
415 157 11 11 0.0961308 
677 188 11 14 0.09521926 
174 316 12 15 0.094800726 
807 182 9 12 0.094621316 
769 158 10 12 0.09432036 
530 128 17 19 0.09428973 
536 206 13 15 0.09343025 
817 258 11 14 0.09299459 
781 215 9 12 0.092865795 
304 164 8 11 0.09256682 
366 137 11 15 0.09250596 
414 124 13 15 0.092369735 
270 275 11 14 0.0920321 
301 452 13 17 0.09188176 
645 213 11 14 0.09131066 
534 158 10 12 0.090883814 
472 158 10 11 0.09011022 
422 316 13 16 0.089289315 
302 159 9 12 0.08914673 
262 165 12 15 0.088654175 
610 206 13 15 0.08854226 
443 187 12 14 0.08795963 
537 181 11 14 0.087645784 
637 173 11 14 0.08684609 
487 214 11 13 0.08678706 
704 191 9 11 0.08647184 
468 289 13 19 0.086442806 
407 202 11 13 0.086327314 
412 152 11 13 0.08630844 
347 110 13 15 0.08558821 
655 349 13 16 0.084841706 
356 132 14 17 0.08467208 
279 188 9 11 0.08465911 
718 173 10 13 0.08411106 
695 283 13 14 0.08320346 
383 187 11 13 0.08311437 
302 290 13 16 0.082813255 
477 207 11 13 0.08273348 
455 168 10 13 0.08264623 
588 232 12 18 0.082472265 
380 260 15 19 0.0822519 
205 260 10 12 0.08174234 
196 294 10 13 0.08128603 
476 149 13 15 0.0811303 
863 325 11 16 0.080134034 
732 216 10 11 0.07988636 
726 208 9 11 0.079457976 
438 270 11 15 0.079282515 
839 251 14 19 0.077816054 
431 292 12 15 0.07715886 
455 141 10 13 0.07689921 
364 222 12 15 0.0766277 
533 296 13 16 0.07506088 
725 230 9 12 0.07505618 
745 235 10 14 0.07503223 
831 247 10 13 0.07502871 
398 158 9 12 0.07478894 
392 182 10 13 0.07478398 
751 290 12 15 0.07472043 
720 209 8 10 0.074617885 
294 215 9 12 0.07445185 
523 236 12 17 0.0740332 
382 253 13 15 0.0738927 
261 198 9 13 0.073190175 
429 179 11 14 0.07317895 
272 221 9 13 0.07308634 
694 277 12 14 0.07297685 
294 174 8 11 0.07290411 
804 300 13 16 0.0723526 
696 180 11 14 0.07206018 
305 199 9 11 0.07147095 
838 247 11 14 0.07134135 
735 199 8 11 0.07106365 
735 187 8 11 0.07045619 
430 299 12 15 0.06939377 
599 207 12 14 0.068877995 
735 175 10 12 0.06887384 
279 274 12 14 0.068853214 
334 167 9 11 0.068831496 
532 226 12 15 0.068796545 
750 299 12 15 0.06819736 
372 329 14 19 0.06816805 
642 130 13 18 0.06789175 
786 148 9 12 0.06756033 
271 245 9 13 0.06742021 
621 215 9 12 0.067242905 
715 324 12 14 0.06721 
628 286 11 14 0.06701232 
755 285 13 17 0.06630882 
791 154 10 12 0.06617814 
811 317 14 19 0.06560305 
318 183 8 11 0.0653839 
355 126 12 15 0.0653161 
431 214 11 13 0.06524965 
622 266 12 15 0.06488355 
342 168 9 11 0.0648731 
421 182 11 12 0.06475051 
291 230 11 14 0.06424643 
535 174 11 14 0.06402959 
506 209 13 16 0.06355786 
544 159 11 13 0.06320986 
582 295 13 18 0.062915035 
887 300 9 13 0.06289316 
713 214 9 12 0.06256724 
375 190 10 13 0.06256168 
467 109 14 16 0.06239377 
713 331 15 16 0.06188205 
391 168 11 13 0.061754566 
475 104 16 18 0.061332185 
706 336 16 19 0.0612806 
222 245 10 12 0.06124437 
318 188 9 12 0.061187226 
633 233 11 16 0.061133765 
462 120 14 18 0.060911905 
673 151 9 12 0.060869727 
636 156 13 15 0.060763054 
427 453 13 16 0.060710337 
443 273 13 17 0.06062078 
869 277 11 14 0.060619723 
406 283 13 16 0.060480677 
279 199 10 12 0.060440958 
413 118 11 13 0.060428843 
413 206 12 14 0.060236245 
334 362 14 19 0.059662376 
774 330 13 17 0.059474457 
831 377 12 17 0.059102736 
766 288 14 17 0.058722943 
249 222 9 12 0.058671918 
590 200 11 14 0.05852805 
217 245 10 11 0.05819815 
345 183 10 13 0.058123894 
689 168 9 12 0.058106903 
814 310 12 15 0.05802983 
351 311 13 18 0.057263747 
787 315 13 17 0.05711392 
731 246 11 14 0.057058193 
236 341 13 18 0.05699358 
574 167 12 15 0.056848172 
420 151 11 13 0.056704946 
557 290 13 17 0.05656992 
240 230 10 12 0.05647408 
354 296 16 18 0.056330666 
646 206 9 11 0.05626915 
420 218 11 13 0.055899896 
472 163 10 13 0.055665128 
589 259 13 17 0.055585984 
815 207 9 11 0.055435605 
180 316 12 15 0.05540047 
591 361 12 17 0.055345107 
510 356 14 19 0.05531505 
150 349 12 17 0.055219367 
300 221 10 13 0.05465271 
384 167 10 12 0.054433003 
209 347 12 18 0.054273583 
431 191 11 13 0.05426465 
167 318 11 14 0.054232858 
276 223 9 11 0.054115523 
408 356 13 18 0.053952932 
687 269 12 16 0.053946443 
781 252 12 16 0.05392481 
652 253 13 14 0.053868953 
647 181 11 13 0.053847738 
795 460 12 14 0.053489774 
437 215 10 13 0.053257033 
662 263 11 14 0.053024232 
239 222 8 10 0.052989773 
732 374 14 18 0.05289574 
593 255 10 13 0.05278445 
485 124 13 15 0.052708607 
246 238 8 11 0.05265774 
157 347 15 19 0.05264084 
446 164 9 13 0.052554596 
624 197 12 15 0.05254314 
606 291 14 18 0.052495733 
831 276 11 14 0.05228113 
510 301 11 14 0.052238576 
774 237 10 12 0.052029356 
342 213 10 13 0.0519685 
760 224 11 12 0.051586803 
556 284 12 15 0.051439375 
697 348 14 20 0.051350363 
162 466 16 18 0.05131041 
381 291 13 17 0.05111633 
423 137 13 16 0.051112656 
374 249 13 15 0.051046424 
148 445 16 17 0.050949004 
462 221 11 13 0.050915882 
692 267 14 17 0.050876755 
774 269 10 15 0.0507979 
485 235 12 15 0.050797522 
614 171 13 15 0.05076098 
678 215 10 12 0.050752964 
798 222 8 10 0.050700817 
430 173 10 13 0.050598145 
255 251 10 13 0.050478127 
383 173 10 12 0.050443344 
448 138 12 15 0.05042771 
542 173 11 13 0.050002765 
493 300 12 16 0.04996227 
540 194 14 17 0.049822565 
191 269 10 14 0.049705688 
792 237 10 12 0.04905589 
700 318 11 14 0.049000006 
289 214 9 12 0.048659083 
344 298 12 18 0.048579987 
517 315 11 15 0.04853386 
311 183 8 11 0.048463665 
615 328 14 17 0.04845342 
364 474 15 19 0.048380136 
735 204 8 11 0.048190255 
685 245 11 14 0.048176203 
372 218 11 14 0.04815052 
469 121 14 18 0.048139468 
532 150 12 14 0.048121896 
384 234 12 16 0.048001032 
661 172 10 12 0.0479815 
342 205 10 13 0.047878195 
487 228 11 14 0.047436833 
582 178 10 13 0.047423545 
334 198 11 14 0.04739854 
708 223 11 14 0.04732084 
182 322 11 14 0.04727398 
597 226 12 17 0.047250763 
515 251 13 16 0.047018774 
864 276 11 15 0.046970576 
914 381 14 18 0.046966683 
635 390 12 15 0.046864633 
597 357 11 16 0.046853516 
360 160 10 11 0.046491943 
621 230 13 16 0.046439953 
406 178 10 13 0.04642114 
363 172 11 15 0.046112426 
798 214 8 10 0.04610586 
388 199 11 14 0.046098437 
286 200 9 11 0.046063412 
240 236 9 11 0.045993064 
777 227 11 13 0.045945752 
749 200 9 11 0.04560778 
491 193 12 15 0.045440286 
237 282 12 14 0.045415364 
213 389 14 18 0.045399293 
726 270 11 15 0.04532148 
703 213 11 13 0.045275956 
719 236 11 13 0.045171082 
790 300 13 16 0.04517057 
492 183 13 15 0.045117397 
710 171 10 14 0.045101516 
263 302 11 14 0.045071352 
603 183 12 14 0.04502455 
695 230 11 14 0.044913888 
189 249 12 16 0.044900797 
222 287 9 12 0.044800397 
683 156 12 14 0.044758152 
864 286 12 14 0.044573996 
528 155 11 13 0.044573884 
533 164 10 12 0.04435686 
271 238 9 13 0.044342488 
217 295 9 12 0.044104427 
308 286 13 17 0.04399872 
509 477 11 16 0.043964777 
725 258 11 14 0.043806743 
487 464 12 17 0.043789785 
775 193 9 10 0.043780047 
528 165 11 13 0.04374193 
602 363 15 18 0.04368083 
398 477 10 14 0.043599494 
774 165 8 11 0.043448605 
790 307 12 16 0.04333162 
424 235 11 13 0.043241918 
690 302 14 18 0.04313309 
767 150 10 12 0.043095246 
230 247 9 12 0.043093137 
413 261 15 18 0.042962387 
180 310 11 14 0.042867884 
367 453 13 16 0.04285211 
572 242 12 16 0.042783827 
741 188 9 11 0.042606585 
417 186 16 21 0.042269956 
653 229 11 15 0.042236544 
328 198 11 15 0.042176247 
677 229 13 15 0.042175826 
326 155 10 12 0.042173136 
430 247 11 14 0.042029507 
769 358 15 19 0.04200497 
765 191 8 11 0.04189173 
533 196 13 16 0.04168186 
289 220 11 14 0.041665435 
679 176 11 13 0.041513603 
450 266 14 16 0.04140756 
662 183 10 12 0.041114356 
259 273 12 17 0.040926438 
565 292 14 20 0.040771283 
546 185 14 17 0.040660426 
309 165 9 11 0.04030915 
712 250 12 15 0.040046293 
490 121 15 17 0.04001966 
739 284 14 18 0.039885 
368 214 11 14 0.039838813 
-27 268 421 420 0.03973286 
215 287 10 11 0.03970482 
431 202 12 14 0.039566204 
245 229 9 11 0.03951502 
575 191 10 13 0.039504964 
211 352 15 18 0.039466456 
630 388 12 16 0.03946296 
315 198 11 14 0.039294988 
420 119 11 11 0.039256565 
575 125 16 18 0.039190087 
777 175 8 11 0.039185885 
595 159 17 23 0.039125856 
207 340 12 15 0.039100055 
783 175 8 10 0.039071865 
309 138 11 14 0.03899841 
629 250 12 15 0.038688373 
821 485 16 15 0.03866598 
300 330 15 18 0.038622264 
239 245 9 12 0.038609903 
192 260 10 13 0.03847434 
818 316 13 17 0.03829125 
479 244 10 14 0.038174964 
519 222 11 14 0.038111877 
716 244 13 17 0.0379946 
272 229 9 12 0.03791564 
337 188 10 13 0.037784062 
428 313 14 19 0.037683655 
548 218 13 15 0.037634447 
256 168 18 23 0.037543286 
408 116 10 11 0.03749014 
417 165 10 12 0.03747805 
320 350 10 14 0.037423175 
273 205 9 11 0.03741891 
287 353 13 16 0.037396953 
180 251 12 17 0.037374485 
734 154 19 23 0.037297137 
276 156 11 15 0.037286796 
822 224 9 11 0.03728291 
669 173 12 14 0.037251446 
676 236 12 15 0.037163444 
271 251 12 15 0.037116107 
813 234 12 15 0.037075043 
423 298 12 17 0.03698811 
645 174 10 13 0.036739044 
905 332 9 12 0.03671133 
326 169 18 22 0.036670815 
613 376 14 17 0.03634356 
700 277 11 14 0.036316328 
265 158 13 15 0.036282875 
790 176 9 10 0.036047384 
609 239 14 17 0.036003526 
716 164 12 14 0.03598926 
278 214 9 12 0.035977326 
143 332 13 17 0.035757072 
388 208 11 15 0.035696574 
580 246 12 15 0.035673235 
653 184 17 22 0.035649046 
692 245 12 13 0.03564694 
566 168 18 23 0.035576213 
349 247 13 14 0.035468843 
527 172 11 14 0.035455346 
293 444 15 20 0.03532544 
311 174 8 10 0.03530633 
696 189 9 13 0.035282332 
823 195 9 11 0.035244618 
717 182 10 11 0.035227768 
905 357 11 14 0.03516945 
797 367 15 21 0.035116512 
458 147 9 11 0.03509229 
808 235 11 13 0.035067756 
305 455 14 19 0.034976225 
221 292 11 14 0.03491676 
302 236 11 13 0.03483252 
862 270 11 14 0.034810297 
493 308 15 19 0.034771964 
207 303 9 11 0.034728438 
816 224 10 11 0.034403857 
165 72 25 29 0.03427309 
891 298 12 15 0.034215353 
711 208 9 10 0.03419652 
687 252 10 14 0.034187432 
366 323 15 20 0.034167796 
261 214 11 14 0.034156766 
324 354 13 17 0.034128793 
669 166 11 13 0.03412668 
675 315 14 17 0.034126617 
232 284 10 13 0.034054063 
728 176 9 12 0.03403512 
868 331 11 16 0.034029163 
501 460 14 18 0.033880774 
645 219 12 14 0.033868663 
219 299 12 16 0.03377372 
656 170 10 13 0.03359818 
844 298 11 15 0.033317517 
518 242 13 16 0.033222426 
714 338 16 20 0.033212945 
545 159 17 23 0.03319071 
374 149 9 12 0.03318065 
790 221 9 11 0.03317846 
570 346 16 21 0.03312778 
327 253 11 15 0.033118874 
786 376 17 19 0.03307299 
728 199 9 10 0.0330266 
258 335 14 18 0.03300395 
183 239 18 23 0.032993857 
627 317 13 18 0.032966014 
773 151 10 12 0.032912288 
730 319 14 18 0.032879427 
599 298 12 17 0.032769963 
816 229 11 14 0.03270532 
399 199 9 13 0.032630462 
515 461 18 21 0.032607503 
175 355 11 15 0.032587826 
335 158 9 11 0.032578878 
171 349 11 15 0.03256254 
506 198 13 16 0.03246344 
332 251 13 16 0.03243629 
815 274 11 14 0.032420877 
574 177 11 14 0.032272205 
278 144 18 23 0.03224542 
248 453 11 13 0.032176945 
341 197 10 13 0.0321629 
517 156 11 13 0.031995963 
579 264 15 18 0.031976886 
326 268 13 15 0.031953294 
192 339 12 15 0.031951815 
542 322 13 18 0.031942427 
207 308 10 13 0.031924017 
783 168 7 9 0.03191265 
772 336 14 20 0.03182149 
614 227 14 17 0.031706057 
566 275 11 14 0.03167634 
673 193 9 11 0.03164602 
357 480 16 18 0.031631373 
925 373 9 12 0.03161344 
918 334 9 11 0.031573903 
908 376 14 18 0.03149189 
342 304 13 19 0.031397536 
205 282 11 14 0.03139711 
190 322 11 15 0.031190854 
454 160 9 11 0.031161213 
738 363 14 19 0.031158345 
838 235 9 11 0.031148529 
629 330 13 16 0.031043889 
486 206 11 13 0.031038767 
215 262 10 12 0.030997522 
518 268 12 14 0.030897383 
756 386 16 22 0.030786103 
838 221 10 13 0.030742673 
291 275 12 17 0.030734945 
567 153 11 15 0.030704312 
620 283 15 18 0.03064294 
775 259 12 15 0.030608466 
701 266 14 18 0.030584348 
298 156 9 13 0.030580217 
347 154 11 13 0.030579282 
437 285 12 16 0.030516367 
492 246 12 15 0.0304539 
268 138 15 16 0.030386 
286 187 10 12 0.030361414 
456 108 11 14 0.030341549 
636 338 12 16 0.030289184 
294 268 11 15 0.030249938 
743 199 17 22 0.030231861 
662 233 12 17 0.030174486 
343 235 11 13 0.030119803 
460 523 12 15 0.030090475 
768 119 22 24 0.03008318 
345 261 13 17 0.030080672 
603 164 12 14 0.030039031 
415 174 10 12 0.029997041 
510 160 11 13 0.029991535 
647 371 14 19 0.029858144 
851 265 12 16 0.029839758 
877 333 12 15 0.029813094 
658 315 13 18 0.02981214 
523 313 15 18 0.029725458 
837 340 13 17 0.029676447 
854 309 10 14 0.029567927 
670 231 11 14 0.029548045 
878 293 12 16 0.029465768 
847 317 13 16 0.029370027 
191 226 11 15 0.02903059 
686 330 13 17 0.029016647 
374 196 10 13 0.029014772 
825 245 10 12 0.028941004 
886 319 10 13 0.028883303 
852 320 13 17 0.028882025 
580 190 10 12 0.02884139 
629 264 13 17 0.028840514 
262 226 10 13 0.028727613 
815 200 8 10 0.028653149 
426 262 14 18 0.028579254 
672 180 11 13 0.028538296 
557 186 13 16 0.02849197 
799 197 8 10 0.028474327 
401 150 8 11 0.028447287 
864 262 9 12 0.028324062 
350 379 12 16 0.028314577 
879 340 11 13 0.02825037 
461 214 11 13 0.02818863 
703 332 13 18 0.028175632 
661 161 10 11 0.028151225 
728 187 9 12 0.028089846 
199 285 10 13 0.028010983 
662 196 10 13 0.027947204 
455 251 12 15 0.02790005 
656 211 12 16 0.027836125 
487 306 14 18 0.027812684 
764 341 15 19 0.027807433 
381 330 14 19 0.027785175 
413 426 24 27 0.027693389 
398 229 12 14 0.027671779 
419 354 15 18 0.027641103 
352 175 11 13 0.027640482 
694 322 13 16 0.02761204 
310 188 10 13 0.027604086 
929 330 11 14 0.027596042 
196 323 10 14 0.02758915 
257 203 11 13 0.027586818 
394 336 16 20 0.02758413 
806 388 12 16 0.027545849 
222 239 8 11 0.027527709 
465 156 9 12 0.027527437 
222 250 10 14 0.027487358 
652 361 14 19 0.027486656 
559 228 12 16 0.027480226 
542 330 13 19 0.027446954 
645 395 14 17 0.027443506 
599 221 11 14 0.027395563 
416 182 9 12 0.027369289 
518 210 12 15 0.027320515 
273 188 11 13 0.027315104 
783 311 12 15 0.027299687 
266 398 17 19 0.027271088 
801 192 8 9 0.02726402 
654 291 12 14 0.02725126 
295 330 12 17 0.027237307 
357 196 11 14 0.02722287 
543 226 232 226 0.027162496 
691 125 13 17 0.02709636 
695 167 9 11 0.02708277 
808 206 10 12 0.027073987 
753 148 9 12 0.027001407 
836 284 13 16 0.026923524 
461 167 11 15 0.026921334 
775 244 11 13 0.026901286 
779 123 14 16 0.0268923 
571 362 15 20 0.026890546 
216 253 9 12 0.02686893 
916 308 11 14 0.026856996 
234 317 14 17 0.026791925 
551 226 12 15 0.026741274 
402 250 13 16 0.026690522 
171 331 11 14 0.026679661 
527 179 11 14 0.026650168 
409 125 11 13 0.026648538 
228 353 14 18 0.026619919 
477 195 11 14 0.026579356 
698 135 10 13 0.026539296 
148 446 25 27 0.026536725 
908 362 13 15 0.026513472 
475 115 15 17 0.026386749 
699 290 13 17 0.02634356 
517 339 14 17 0.026329756 
352 168 10 11 0.026284477 
806 152 9 11 0.026133154 
234 220 9 11 0.026096378 
559 277 12 15 0.026076134 
231 298 12 15 0.02606578 
759 261 12 15 0.02602469 
754 318 15 19 0.025951706 
780 236 12 13 0.025927648 
939 452 14 14 0.02592645 
154 451 27 31 0.025856303 
231 346 14 17 0.025817858 
807 230 10 13 0.025756441 
710 317 13 16 0.025756156 
599 308 11 15 0.02572192 
667 290 14 17 0.025624085 
420 246 13 15 0.025602777 
390 535 12 14 0.02560204 
634 149 12 15 0.02559699 
676 339 14 18 0.025591133 
844 248 11 13 0.025561685 
461 142 18 23 0.02551752 
749 211 10 13 0.025505612 
782 279 13 17 0.025489796 
431 29 57 66 0.025430072 
261 189 10 14 0.02542186 
429 228 12 16 0.025398009 
248 256 8 10 0.025392044 
468 324 12 17 0.02538722 
733 235 13 15 0.025371686 
477 342 17 23 0.025364675 
659 352 13 18 0.025358869 
295 207 9 11 0.025250822 
548 331 14 18 0.025232295 
445 221 11 14 0.025203666 
270 182 11 13 0.025139524 
478 162 12 16 0.02507569 
499 187 13 16 0.025065206 
389 237 12 15 0.025043234 
479 237 11 15 0.025041223 
446 207 13 16 0.025021797 
849 254 14 16 0.0249771 
307 199 19 23 0.024962267 
194 431 19 21 0.024945516 
819 323 12 16 0.024883207 
777 217 16 22 0.024859315 
865 252 10 13 0.024855563 
234 271 20 23 0.024854379 
227 312 14 17 0.024849257 
417 151 19 23 0.024808874 
272 214 9 12 0.024785155 
756 183 18 25 0.024762692 
392 157 11 14 0.024757216 
699 299 12 16 0.024741156 
296 197 8 12 0.024696091 
795 276 11 13 0.024694601 
422 309 12 16 0.024652107 
486 157 19 22 0.024622248 
368 154 18 22 0.024603045 
467 227 13 16 0.024557903 
178 292 12 15 0.024543773 
480 146 21 23 0.024517681 
216 206 10 12 0.024483765 
269 259 10 13 0.024435971 
254 307 12 15 0.024420636 
134 331 12 15 0.024415638 
605 285 13 17 0.024393726 
341 252 14 16 0.024391504 
591 210 11 14 0.02436709 
455 221 12 14 0.024291258 
576 250 12 14 0.02427419 
404 229 12 15 0.024251025 
580 362 14 18 0.024231872 
323 274 14 15 0.024205875 
828 347 14 20 0.024204805 
519 199 11 13 0.024185892 
774 133 22 24 0.02418371 
257 167 11 14 0.024166577 
405 166 11 14 0.024157671 
507 459 15 19 0.024090417 
538 247 15 18 0.024076717 
791 261 12 15 0.024050362 
312 101 13 16 0.024044309 
399 117 10 12 0.024003385 
870 258 11 14 0.023938192 
719 316 12 16 0.023936544 
477 266 12 14 0.02387408 
670 339 13 17 0.023865934 
194 299 10 13 0.023848489 
768 195 8 11 0.02383352 
578 144 15 18 0.023832697 
768 460 12 14 0.023820875 
926 301 12 15 0.023817042 
590 181 10 12 0.023794657 
606 216 13 15 0.02378375 
435 301 14 17 0.023779543 
342 144 18 23 0.023741942 
387 260 12 16 0.023728952 
684 121 13 14 0.023714181 
837 278 11 12 0.023681179 
410 122 23 24 0.023648083 
735 458 14 18 0.023530206 
821 269 13 15 0.02351774 
669 316 12 16 0.023497406 
159 326 10 14 0.023479773 
301 315 12 15 0.023474097 
433 184 19 23 0.023411091 
303 213 9 12 0.023402242 
615 180 12 14 0.023399478 
305 126 19 23 0.02339037 
405 45 94 113 0.02332576 
821 228 12 15 0.023315247 
358 204 12 14 0.02328668 
285 79 30 31 0.023283156 
175 235 11 15 0.023283063 
248 263 10 13 0.02328253 
391 251 11 14 0.023247294 
550 236 12 16 0.023183458 
708 344 16 20 0.023162488 
168 277 13 17 0.02314625 
562 203 11 15 0.02314596 
549 276 13 15 0.02311814 
858 224 19 24 0.023108369 
348 62 119 145 0.023086682 
471 128 14 17 0.023073621 
824 235 11 15 0.023062527 
683 148 13 15 0.023057781 
479 226 11 16 0.023052381 
736 321 212 233 0.022983128 
174 362 14 18 0.02298011 
747 385 15 22 0.022941789 
871 270 10 13 0.02291354 
596 261 11 14 0.022910252 
186 419 23 27 0.022849193 
691 250 13 16 0.022848634 
829 330 13 15 0.022814259 
346 539 11 14 0.022771705 
490 459 17 21 0.022758074 
335 108 12 15 0.022755025 
743 314 13 17 0.022742033 
563 284 12 16 0.022741277 
683 337 15 20 0.022704411 
396 284 14 18 0.022683354 
765 143 10 11 0.02262555 
251 188 12 16 0.022625182 
516 346 15 19 0.022553759 
454 189 11 13 0.022502407 
325 364 15 20 0.022485001 
676 342 20 25 0.022483272 
627 342 14 18 0.022451328 
216 269 9 12 0.022429608 
380 314 13 16 0.022402767 
534 342 16 21 0.02239688 
822 207 9 13 0.022381233 
928 338 18 25 0.022336097 
797 151 11 13 0.022308195 
895 310 10 12 0.022284959 
686 261 12 15 0.02227554 
340 219 11 14 0.022150146 
599 237 13 17 0.022137782 
947 384 17 18 0.022087587 
313 157 10 13 0.02208564 
828 270 10 14 0.02207872 
821 176 17 24 0.022037022 
744 210 10 13 0.021938296 
752 268 13 16 0.021934472 
248 272 12 17 0.021931333 
782 197 8 10 0.021925766 
470 277 14 17 0.021854248 
558 167 10 13 0.021823334 
143 435 25 29 0.021821106 
493 292 12 15 0.021756709 
661 290 14 16 0.021748932 
403 289 16 19 0.021729954 
172 341 10 14 0.021690609 
247 244 9 12 0.021687249 
167 79 14 18 0.021583702 
879 348 10 13 0.021576978 
527 188 10 13 0.021571267 
371 139 10 15 0.02156103 
93 412 14 16 0.021560512 
972 364 29 31 0.021546222 
221 354 13 18 0.021542987 
533 315 12 17 0.021466367 
437 459 15 19 0.021453211 
742 220 10 12 0.021445025 
342 244 13 17 0.021433702 
571 337 13 18 0.021415254 
166 291 14 18 0.021401292 
678 285 12 15 0.021357702 
797 293 14 16 0.021339819 
764 261 14 16 0.02131673 
559 156 12 15 0.021311505 
317 130 11 14 0.021307606 
441 107 15 17 0.021278333 
316 212 11 13 0.021277877 
653 299 15 18 0.021262698 
244 340 15 18 0.02123374 
379 204 10 14 0.021219406 
411 369 23 25 0.021218449 
797 356 17 22 0.021196086 
740 174 9 12 0.021154117 
546 340 15 20 0.021153785 
212 276 11 14 0.021138402 
365 203 12 15 0.021119198 
589 171 12 15 0.021109844 
461 128 14 18 0.021106947 
728 139 13 16 0.021096097 
493 227 13 17 0.02109177 
604 194 14 15 0.021070566 
796 316 14 18 0.021062817 
595 314 13 17 0.021048665 
499 219 13 16 0.021046668 
451 409 17 20 0.02100449 
469 234 12 16 0.020922773 
917 342 11 14 0.020898564 
510 219 12 16 0.02089345 
738 380 13 20 0.020864831 
796 268 11 14 0.020835316 
768 175 9 11 0.020779587 
675 150 19 22 0.020757604 
834 431 19 21 0.020717902 
784 141 21 25 0.020687807 
304 183 9 13 0.020671893 
380 242 15 18 0.020649131 
364 534 14 16 0.020648621 
915 356 11 14 0.020593874 
197 247 10 12 0.020527048 
255 177 12 16 0.020506097 
473 190 10 14 0.020503664 
654 160 18 23 0.02050137 
694 340 13 18 0.020478668 
273 198 9 13 0.02044949 
349 139 13 16 0.020435011 
349 204 11 14 0.020371597 
155 339 14 18 0.020370083 
726 291 14 16 0.020354334 
581 120 13 16 0.020336663 
174 377 12 16 0.020313649 
561 171 10 13 0.020287212 
180 299 11 14 0.020280264 
844 353 15 18 0.020264318 
654 285 11 14 0.02020311 
250 458 13 18 0.02019138 
732 298 16 19 0.020174045 
654 369 19 25 0.020159245 
532 232 13 17 0.020153133 
684 190 12 14 0.020152286 
409 217 12 15 0.020142443 
246 474 13 20 0.020131718 
313 124 13 17 0.020124236 
482 101 13 16 0.020122478 
484 278 13 16 0.020109627 
918 374 12 16 0.020082869 
878 323 12 14 0.020049049 
297 166 9 11 0.020033091 
248 215 9 12 0.020011012 
