0_Parade_marchingband_1_476
369
744 178 49 63 0.998743 
590 169 27 34 0.99854386 
676 162 32 36 0.9971052 
518 174 23 31 0.9966158 
857 101 36 42 0.99660146 
282 255 24 37 0.9960372 
452 221 30 34 0.995109 
794 126 47 55 0.9936051 
612 200 37 50 0.9915911 
430 190 21 27 0.97888076 
421 275 37 51 0.9711978 
352 225 20 27 0.9677128 
204 249 22 32 0.9605269 
335 264 26 44 0.9577531 
314 217 18 25 0.9339668 
385 221 20 28 0.9273449 
325 143 13 18 0.9250143 
400 200 23 29 0.9064935 
264 178 11 15 0.89884543 
644 58 12 16 0.8812906 
489 192 24 30 0.88016105 
222 190 14 17 0.82633364 
242 257 20 31 0.81874466 
575 160 16 23 0.7900367 
73 254 22 27 0.7679206 
406 136 13 16 0.7481695 
711 52 12 15 0.73430955 
58 231 15 22 0.7229793 
175 185 13 17 0.7136833 
582 93 12 15 0.6293732 
199 178 13 18 0.5725196 
477 118 13 15 0.4966503 
736 37 12 16 0.44054016 
612 19 9 12 0.4282068 
696 69 9 12 0.41421488 
155 199 17 19 0.40562683 
351 151 12 14 0.39516598 
374 142 9 13 0.3691497 
392 136 10 12 0.33246365 
528 102 8 10 0.33219755 
566 103 10 13 0.3172107 
861 1 17 17 0.2953288 
503 117 10 13 0.29377282 
486 191 13 15 0.28980216 
581 161 26 33 0.2868841 
693 63 12 14 0.2866909 
612 70 12 15 0.2831897 
246 188 11 14 0.276185 
247 181 11 15 0.25553232 
761 14 11 12 0.2507231 
312 164 12 14 0.24868189 
537 89 8 10 0.24300687 
562 87 8 10 0.21790676 
367 141 10 14 0.21026719 
679 43 11 13 0.20878547 
485 119 10 13 0.2072999 
745 94 13 18 0.20422979 
876 33 32 40 0.20321847 
850 27 16 19 0.1974202 
585 67 9 12 0.18673088 
303 165 10 12 0.18653771 
575 131 12 18 0.18437368 
53 236 15 20 0.18258311 
197 192 13 15 0.18010345 
751 39 10 14 0.17872399 
861 57 13 16 0.17294018 
327 261 24 36 0.15788409 
686 114 12 15 0.15748158 
816 37 12 14 0.15672311 
741 41 12 15 0.15591083 
296 168 10 12 0.15528545 
422 121 9 11 0.1473501 
716 56 12 15 0.14449802 
543 70 8 10 0.14426015 
541 88 7 10 0.14051111 
593 76 10 13 0.1387702 
590 70 9 11 0.13855587 
202 182 15 20 0.13648203 
784 5 11 13 0.13130683 
566 107 12 16 0.12464701 
66 233 15 19 0.12221643 
651 60 9 14 0.11994051 
680 70 8 11 0.11754704 
774 46 11 13 0.117543995 
892 4 17 16 0.116444014 
637 91 10 13 0.11607971 
21 231 18 24 0.11566563 
703 99 14 19 0.11456181 
76 226 15 18 0.11315924 
528 109 8 10 0.10948852 
496 117 8 11 0.10218456 
492 279 36 50 0.09596243 
561 92 8 12 0.09395645 
890 37 24 29 0.09386878 
258 249 25 35 0.091964506 
619 75 12 15 0.09176332 
497 102 8 10 0.091251776 
528 96 9 11 0.09106846 
607 72 11 14 0.090781756 
501 103 7 10 0.089273445 
240 324 22 30 0.08695118 
696 39 8 12 0.08652184 
878 41 13 19 0.0829891 
693 55 10 12 0.08232791 
672 39 9 11 0.08134145 
510 112 8 11 0.07491455 
268 255 27 35 0.07202056 
565 94 9 12 0.07171591 
508 116 9 12 0.07122874 
702 39 8 12 0.07068203 
756 39 9 13 0.070657514 
612 64 11 13 0.06983344 
396 134 13 15 0.068952836 
499 191 17 22 0.06865186 
788 12 11 12 0.06797875 
550 70 8 10 0.067930356 
599 72 9 12 0.06759754 
762 19 12 14 0.06678686 
622 45 8 11 0.066181265 
153 309 54 54 0.06571079 
688 70 9 11 0.06567104 
538 69 9 11 0.064982645 
509 237 24 29 0.06491075 
800 28 12 14 0.063752376 
742 52 9 12 0.06320253 
624 15 9 11 0.063096955 
1 314 15 18 0.06168599 
307 260 25 34 0.061164975 
689 54 9 12 0.061080746 
679 31 9 11 0.06053913 
780 44 12 16 0.060441118 
690 62 9 11 0.060400624 
521 111 8 10 0.05951469 
340 206 23 27 0.05910921 
883 3 29 28 0.059076045 
262 241 17 20 0.058830634 
542 65 7 9 0.058661856 
770 45 8 12 0.05861001 
248 177 10 12 0.058394134 
363 220 23 29 0.05819103 
785 21 10 12 0.057838265 
818 27 13 17 0.057347383 
560 4 12 12 0.057046775 
17 271 27 29 0.05684509 
566 329 22 30 0.0563351 
186 242 12 15 0.05617892 
617 54 10 12 0.056091934 
784 29 10 13 0.05534283 
382 140 10 14 0.054909423 
683 333 16 23 0.054641034 
633 61 10 14 0.053781085 
639 40 9 11 0.053639635 
419 201 13 20 0.053153556 
737 53 9 12 0.053147797 
139 237 12 13 0.052645355 
700 61 12 14 0.05262723 
798 4 13 13 0.05195081 
165 323 12 14 0.051888168 
551 96 8 10 0.051812425 
538 64 8 10 0.051727276 
605 44 10 12 0.050856214 
741 34 10 12 0.050767627 
639 46 10 11 0.049151227 
703 45 8 11 0.04863156 
69 242 23 31 0.048365436 
473 280 28 42 0.048305787 
784 2 10 9 0.048236627 
552 234 29 36 0.047670174 
360 141 12 15 0.047155544 
496 109 10 14 0.046925887 
211 247 15 21 0.0465958 
522 103 8 10 0.044967033 
352 213 23 28 0.044818956 
729 44 11 14 0.04477359 
783 34 12 15 0.044735644 
830 15 43 51 0.044691168 
625 118 10 14 0.044265322 
574 100 11 13 0.044079248 
287 158 8 10 0.04393167 
629 67 11 14 0.04367296 
599 43 10 13 0.043335628 
710 37 10 12 0.043107294 
189 332 14 15 0.043084726 
299 205 14 18 0.04278773 
254 180 10 13 0.0426715 
686 38 11 14 0.04249388 
866 44 23 30 0.042438403 
709 85 11 15 0.041937992 
191 189 13 17 0.041621793 
705 52 11 13 0.041538198 
737 60 10 12 0.04137229 
193 186 21 25 0.040668126 
589 285 31 36 0.04041124 
598 99 9 11 0.040273797 
714 48 12 15 0.039910525 
568 29 9 12 0.039631337 
550 100 9 11 0.039443333 
563 101 9 12 0.039408986 
109 299 11 14 0.03938713 
736 32 10 13 0.038661525 
587 96 12 15 0.038603254 
541 92 9 10 0.03828761 
532 110 9 10 0.038269185 
460 126 12 15 0.038258936 
488 111 9 12 0.03824817 
137 224 9 13 0.038115323 
316 156 13 15 0.037493035 
775 38 11 14 0.037374396 
4 300 15 18 0.03727021 
238 180 13 15 0.037163973 
814 30 19 26 0.03693138 
83 222 13 17 0.03689476 
806 36 11 13 0.03662364 
691 107 13 18 0.03614785 
472 112 10 12 0.03593293 
375 270 23 33 0.035756074 
209 181 12 15 0.035678715 
442 181 17 21 0.035302058 
692 123 12 16 0.03512945 
777 82 15 18 0.035080355 
87 257 17 19 0.034654453 
591 82 12 15 0.034628578 
856 52 24 26 0.034609973 
557 254 14 17 0.034470882 
653 55 10 13 0.034374505 
673 43 11 13 0.034272436 
859 68 47 60 0.03420531 
603 213 31 37 0.03358664 
374 371 43 60 0.033532668 
290 244 26 33 0.032942794 
781 69 15 19 0.032731008 
36 242 14 17 0.032611858 
590 302 27 30 0.032499094 
302 214 22 27 0.03245215 
490 102 8 11 0.03234943 
439 190 23 28 0.031990763 
691 63 20 24 0.03169621 
768 39 9 13 0.031366765 
706 92 13 17 0.03134444 
158 318 25 28 0.03097228 
173 300 14 17 0.030501986 
588 63 9 12 0.03041004 
92 246 14 16 0.03008955 
322 213 23 29 0.030079268 
117 218 11 14 0.030055335 
519 115 10 12 0.030038852 
527 115 10 12 0.029908905 
364 136 18 24 0.029638862 
162 187 20 26 0.029528717 
539 162 16 21 0.029489676 
567 23 9 13 0.029375503 
717 37 10 12 0.029273134 
609 357 23 29 0.029226646 
152 242 12 13 0.029191734 
568 36 11 13 0.029121738 
333 209 16 21 0.029044341 
315 167 14 17 0.028945526 
702 21 9 11 0.028864358 
866 51 32 38 0.028851159 
508 181 23 29 0.028533971 
188 308 30 32 0.028291637 
563 1 12 10 0.028225262 
567 230 27 33 0.027938362 
45 240 23 28 0.027842216 
347 147 20 22 0.027685793 
174 261 13 15 0.027641272 
686 31 9 12 0.027540952 
417 123 12 15 0.027177276 
679 63 9 11 0.027142804 
455 127 11 13 0.027051287 
688 75 9 11 0.027019126 
511 87 8 10 0.026913079 
387 212 22 27 0.026326686 
693 131 14 17 0.026052192 
531 102 10 12 0.025665607 
390 144 12 15 0.025643082 
655 38 9 11 0.025579909 
111 213 13 18 0.025418157 
759 27 12 14 0.02535766 
782 2 20 23 0.025299417 
804 24 12 13 0.025044573 
225 243 16 20 0.024862891 
401 213 18 25 0.024841307 
622 40 8 11 0.024815595 
693 30 10 12 0.024534656 
8 283 26 28 0.024460683 
685 119 15 19 0.024376739 
712 33 8 10 0.024333542 
409 198 17 22 0.024311537 
202 309 17 22 0.024240341 
850 19 42 49 0.024232242 
43 256 18 22 0.024182042 
710 79 10 13 0.02404924 
436 273 37 42 0.023961367 
776 31 10 12 0.023957886 
599 231 14 18 0.023938045 
194 180 11 15 0.023917425 
846 33 26 31 0.02383992 
621 61 12 15 0.02371116 
3 324 16 20 0.02363602 
936 155 28 43 0.02358446 
0 292 24 30 0.02354203 
482 291 17 24 0.023500374 
530 88 8 11 0.02343811 
12 224 21 31 0.023013376 
757 8 19 24 0.022975383 
172 243 14 16 0.022960264 
777 69 24 32 0.022938123 
363 213 17 21 0.02293653 
30 267 25 31 0.022915797 
628 19 11 13 0.022897568 
301 160 19 23 0.02287263 
751 12 11 14 0.02286312 
312 150 9 13 0.022833886 
434 221 25 32 0.022832597 
622 7 10 11 0.02282782 
30 236 23 27 0.022811309 
570 317 31 35 0.022779988 
609 156 16 20 0.022770898 
279 176 9 11 0.022621728 
877 82 30 34 0.02252409 
673 68 9 12 0.022513371 
255 167 9 12 0.022488032 
166 305 34 37 0.022442758 
673 30 9 12 0.022382231 
473 120 12 16 0.022381587 
635 99 14 19 0.022293292 
851 3 25 27 0.022284273 
578 62 8 11 0.022275228 
703 17 7 9 0.022244109 
139 228 11 13 0.022158455 
728 24 8 10 0.022137357 
559 114 13 16 0.02211743 
720 281 36 38 0.0219723 
59 254 39 47 0.021888876 
157 191 14 17 0.021780094 
768 50 10 13 0.0216764 
795 11 12 14 0.021656787 
677 145 26 33 0.021649282 
45 225 24 27 0.021568213 
8 207 10 14 0.021517843 
175 322 33 35 0.021477269 
695 22 10 12 0.021471644 
359 421 11 15 0.021456866 
772 45 23 28 0.021380063 
904 40 16 21 0.021343216 
615 79 14 16 0.0213075 
201 232 42 52 0.02125911 
881 35 19 25 0.021149483 
213 242 25 33 0.02106052 
113 246 8 10 0.020989241 
615 6 9 12 0.020791188 
289 166 9 11 0.020717174 
764 26 13 14 0.020672267 
262 227 14 16 0.020554878 
813 15 24 28 0.020550659 
798 34 13 15 0.020540716 
676 38 20 24 0.020496901 
543 75 8 11 0.020430395 
850 14 23 29 0.020423617 
221 251 26 32 0.020317389 
287 173 10 13 0.02026528 
585 75 11 13 0.020222377 
717 341 13 16 0.020188587 
270 166 11 13 0.020169023 
725 52 10 13 0.020138314 
324 248 15 20 0.020110616 
776 4 13 15 0.020073412 
576 233 14 18 0.020070765 
