0_Parade_marchingband_1_517
66
202 162 50 62 0.9986319 
911 267 38 46 0.9953767 
455 217 44 54 0.9907205 
51 130 50 59 0.9845501 
702 217 42 46 0.97202075 
398 237 22 28 0.9040629 
986 295 29 33 0.66529644 
341 257 15 22 0.43967643 
204 325 25 27 0.4042378 
579 291 12 16 0.38741943 
376 249 22 30 0.26276398 
862 291 23 30 0.17619902 
374 263 15 20 0.14329669 
833 294 31 38 0.11927254 
389 241 23 30 0.11280458 
555 302 14 19 0.07860541 
929 480 82 113 0.0770597 
589 276 13 15 0.07332528 
381 247 13 18 0.07154649 
836 274 30 37 0.06959987 
309 455 43 40 0.06269384 
369 266 12 17 0.061909754 
42 310 369 463 0.053986143 
562 286 21 29 0.05260165 
377 263 23 27 0.051813718 
576 283 20 25 0.049789507 
277 266 25 32 0.046874423 
997 279 26 48 0.045595698 
414 245 23 29 0.044754874 
564 284 10 14 0.04400299 
350 325 28 29 0.042361207 
970 277 33 39 0.04017103 
805 308 14 17 0.03908671 
35 105 35 38 0.038926423 
962 428 17 21 0.037325036 
204 438 57 70 0.03648951 
552 290 22 33 0.03478169 
1006 345 15 22 0.032095034 
396 247 28 35 0.032079104 
583 278 20 27 0.031818148 
916 436 10 14 0.03140919 
865 276 28 36 0.030061409 
362 222 8 11 0.029291725 
544 299 25 32 0.029240573 
557 291 14 19 0.028841462 
703 503 10 13 0.028500708 
66 370 12 16 0.02827428 
368 459 19 25 0.027426247 
428 254 17 20 0.02698055 
165 436 9 12 0.026604256 
828 306 17 21 0.026497947 
948 282 27 33 0.026456138 
339 268 17 22 0.02624583 
842 272 20 23 0.02550254 
791 141 11 13 0.023751955 
718 465 67 76 0.02341278 
554 252 20 27 0.023344459 
15 373 10 11 0.022390855 
386 252 28 34 0.022352003 
848 309 19 24 0.02205513 
328 252 24 31 0.021964464 
402 231 17 21 0.021941112 
280 249 42 48 0.02122425 
594 282 14 17 0.020677065 
31 102 23 30 0.020203598 
932 284 30 35 0.020166546 
