0_Parade_marchingband_1_172
731
245 167 31 40 0.9985964 
747 124 24 31 0.9980222 
852 181 31 36 0.996445 
569 240 40 50 0.9962535 
113 83 24 30 0.9895403 
509 144 24 30 0.98695683 
375 107 22 28 0.9811513 
872 103 18 21 0.96616155 
68 32 15 18 0.9609316 
605 47 15 18 0.9576429 
988 130 18 22 0.9512224 
651 104 19 24 0.94432354 
930 86 16 21 0.94142216 
925 36 13 16 0.9397761 
713 100 18 22 0.93354267 
524 94 19 23 0.93326557 
305 76 18 23 0.9298978 
653 41 13 17 0.92082745 
674 181 24 29 0.9122417 
494 109 20 25 0.91194546 
542 68 15 19 0.9067505 
406 63 15 20 0.9029088 
563 131 22 28 0.89431083 
280 94 19 24 0.8933359 
250 47 16 20 0.89243394 
697 138 23 27 0.89002824 
811 78 16 20 0.88851273 
253 93 20 26 0.8873284 
73 81 18 24 0.8851072 
204 115 18 21 0.88322157 
229 84 18 24 0.88187 
589 77 15 18 0.8803765 
945 127 20 24 0.8782382 
372 82 18 22 0.86831367 
842 99 18 23 0.8594999 
201 36 14 17 0.8465582 
865 602 119 140 0.8461964 
439 106 21 23 0.84282154 
489 68 17 21 0.82873935 
787 45 13 16 0.82777834 
779 101 21 27 0.8273539 
278 171 23 32 0.8272597 
560 48 16 22 0.827005 
172 81 18 22 0.8139332 
466 38 14 17 0.8124121 
197 95 18 22 0.8089051 
442 70 18 22 0.8041725 
0 32 12 21 0.8005675 
840 27 11 14 0.7967423 
330 88 17 23 0.7966227 
997 33 14 18 0.79622 
113 27 14 17 0.73873264 
1005 74 17 21 0.7258047 
902 36 12 16 0.72237366 
951 55 13 16 0.7214263 
382 13 11 15 0.70092785 
331 119 20 27 0.70080614 
696 74 14 19 0.69341034 
675 53 14 18 0.68250835 
565 18 12 16 0.68005484 
780 187 29 34 0.67181605 
742 46 13 15 0.6661893 
647 75 15 19 0.6550111 
882 166 23 31 0.6531518 
823 22 10 13 0.6471453 
892 141 18 22 0.63244563 
0 3 11 17 0.61553866 
872 75 11 15 0.6109589 
956 85 15 18 0.5980084 
728 34 11 15 0.5953437 
486 4 14 17 0.5946879 
630 46 12 14 0.5921196 
17 5 12 14 0.59003496 
71 2 14 18 0.5868421 
47 9 15 19 0.583824 
0 107 21 31 0.57798856 
315 20 13 17 0.57572234 
376 42 13 16 0.5745091 
428 12 13 17 0.57317615 
579 32 13 17 0.52831346 
146 0 15 18 0.5257426 
631 25 13 15 0.5072556 
277 155 24 33 0.5068102 
461 8 15 18 0.5050492 
907 99 15 19 0.5046641 
797 20 11 15 0.50353616 
286 39 14 16 0.50272703 
579 5 11 13 0.4974319 
594 111 20 25 0.49431828 
49 72 15 18 0.49068293 
968 117 17 22 0.4837306 
317 11 13 16 0.48230523 
127 20 13 16 0.4579747 
87 15 12 14 0.4569417 
607 149 20 25 0.45232198 
511 67 14 20 0.44868007 
114 63 18 19 0.4439154 
812 34 10 14 0.42697662 
402 10 13 17 0.42498747 
505 48 15 18 0.40628955 
210 66 13 16 0.39705518 
263 69 15 18 0.38996667 
166 45 15 18 0.38866118 
920 18 14 17 0.38838506 
773 27 12 14 0.37824678 
295 2 14 17 0.3760795 
666 146 23 27 0.36547825 
102 1 14 17 0.3595506 
443 25 14 16 0.35557336 
94 61 14 17 0.34507805 
337 5 12 13 0.34479582 
751 29 10 12 0.32909763 
376 11 12 15 0.32276568 
536 137 18 22 0.31872177 
241 2 9 10 0.31762508 
355 14 11 13 0.3147351 
289 64 14 18 0.30930093 
140 66 12 16 0.30375135 
487 33 13 17 0.30192482 
675 13 11 15 0.29889315 
348 0 10 11 0.29188147 
398 100 20 25 0.28707516 
552 107 18 21 0.28681517 
334 20 11 14 0.27951968 
647 8 10 12 0.2788991 
604 20 12 16 0.278672 
9 116 21 29 0.27849114 
335 13 10 12 0.2763756 
846 65 12 15 0.27596977 
608 26 11 14 0.27308556 
911 73 14 17 0.27260402 
246 1 10 12 0.2718462 
340 27 12 15 0.26884946 
879 27 9 13 0.2654741 
869 20 12 14 0.2625068 
517 19 15 20 0.2597173 
858 29 9 11 0.25826564 
711 70 12 15 0.2563258 
309 60 15 19 0.25342008 
884 30 10 13 0.2487241 
215 12 11 13 0.23534901 
229 0 10 11 0.23185308 
886 36 9 12 0.23138943 
597 14 14 17 0.2311938 
695 30 11 14 0.22902305 
15 59 14 17 0.22761223 
369 66 16 19 0.22484009 
706 191 19 24 0.2231266 
20 43 16 19 0.22282706 
741 21 10 12 0.22021373 
814 162 26 28 0.2200304 
804 57 15 17 0.21963581 
284 6 12 15 0.21539405 
200 104 20 25 0.20677163 
545 28 11 14 0.20259279 
262 92 20 27 0.20197737 
551 19 13 17 0.19559073 
903 104 16 21 0.1944004 
1001 173 19 30 0.19262385 
653 19 11 13 0.18979438 
878 23 9 12 0.18825847 
859 146 15 19 0.18738689 
519 9 15 19 0.1868239 
907 41 11 16 0.1865364 
558 18 13 17 0.18482006 
522 40 15 18 0.17916803 
737 17 10 12 0.17764059 
852 150 21 27 0.17702493 
397 208 382 440 0.17373507 
253 0 10 12 0.17295668 
628 13 11 12 0.17145517 
269 6 12 15 0.17102025 
556 113 22 26 0.16674298 
619 152 15 20 0.16667408 
197 1 11 11 0.16570564 
280 140 18 21 0.16536996 
335 1 11 11 0.16207421 
476 311 227 280 0.1536228 
970 62 13 15 0.15260886 
715 21 11 15 0.15013152 
694 15 9 12 0.14874202 
388 151 26 33 0.14740653 
575 86 12 17 0.1470658 
213 137 23 31 0.14471678 
319 41 15 17 0.14446725 
1013 32 11 18 0.14353774 
894 172 22 30 0.14264058 
445 37 13 16 0.13603765 
856 23 10 13 0.13459603 
782 1 9 11 0.13442619 
490 8 16 19 0.13298823 
838 7 10 12 0.13233069 
221 5 11 13 0.13041195 
669 83 13 16 0.1298599 
498 19 14 18 0.12907477 
967 66 13 17 0.12900664 
300 11 12 18 0.12897699 
270 25 13 17 0.12813085 
843 23 10 13 0.12632248 
182 1 11 12 0.12596528 
612 28 10 14 0.12539406 
766 21 12 14 0.124508955 
79 77 19 24 0.12347343 
414 80 14 18 0.12306575 
163 22 15 17 0.12053385 
692 21 11 13 0.11803537 
416 42 13 17 0.1178068 
17 124 18 22 0.11699657 
34 -1 17 14 0.116074376 
763 16 11 11 0.113723144 
867 16 12 14 0.113118626 
839 12 10 13 0.111898646 
243 87 19 25 0.111804254 
629 8 9 11 0.111639716 
919 27 13 17 0.11105875 
190 19 11 14 0.107925065 
687 28 10 14 0.10655431 
817 1 10 10 0.10635657 
277 0 10 11 0.10609275 
811 56 14 18 0.10604977 
946 184 18 21 0.10563007 
778 2 8 9 0.105576865 
816 4 10 12 0.10400789 
255 241 39 42 0.10360829 
408 29 11 13 0.10303195 
459 15 16 18 0.10276922 
743 151 16 20 0.100339025 
455 43 12 16 0.09993163 
830 74 13 17 0.09974597 
165 66 14 16 0.09953919 
424 16 12 16 0.09940791 
575 10 11 15 0.09864639 
732 31 11 14 0.09333047 
314 117 23 29 0.09317991 
582 24 12 14 0.09189843 
213 180 22 30 0.090958335 
823 108 14 19 0.089843206 
322 6 12 14 0.08931887 
625 46 10 14 0.08797314 
224 2 11 10 0.08718569 
977 241 24 29 0.08661732 
95 0 14 12 0.08658427 
861 33 11 14 0.086039655 
846 8 9 11 0.084072866 
861 19 13 15 0.083726116 
718 13 9 11 0.083164476 
491 26 14 17 0.08297702 
135 2 13 14 0.08220544 
539 337 53 65 0.081522256 
126 0 10 10 0.08076648 
181 66 13 16 0.07905576 
90 18 13 17 0.078884795 
977 122 20 24 0.07869346 
206 4 12 15 0.07832252 
614 3 11 12 0.078149274 
582 80 15 19 0.07756677 
824 157 23 29 0.077525266 
745 28 10 13 0.07586961 
851 65 13 16 0.07576794 
823 16 10 13 0.07548905 
522 24 16 19 0.07527728 
315 113 15 20 0.07518138 
854 13 11 13 0.074822165 
481 20 13 17 0.074507594 
926 129 13 17 0.07447077 
871 27 11 13 0.07446446 
958 4 11 12 0.07437163 
603 113 20 25 0.07293002 
284 19 14 16 0.07284441 
198 187 25 33 0.07206548 
404 16 14 16 0.071727276 
270 49 12 16 0.071479835 
445 135 22 26 0.07130197 
828 83 13 17 0.070772216 
963 87 15 19 0.06988897 
219 44 12 16 0.06964034 
306 125 18 24 0.069495544 
1007 115 13 17 0.06929616 
849 50 11 14 0.06922705 
756 29 10 12 0.068626545 
835 68 13 16 0.06853264 
2 187 19 25 0.06763923 
773 85 15 19 0.065830715 
845 13 9 12 0.06580178 
869 211 41 52 0.065633446 
368 4 12 14 0.06562568 
214 30 10 12 0.06539869 
509 58 15 20 0.065074325 
897 34 12 16 0.06505048 
232 19 12 15 0.064966604 
452 20 13 17 0.06469573 
214 0 10 10 0.06360037 
216 18 12 16 0.06300409 
250 112 16 21 0.06273732 
587 123 21 28 0.062482893 
891 131 17 22 0.062322296 
308 53 14 18 0.06212968 
779 26 10 14 0.06199083 
702 47 10 14 0.061811753 
373 0 10 11 0.06171845 
773 73 14 17 0.06121465 
639 81 14 18 0.06097524 
343 1 11 11 0.06086025 
688 14 10 12 0.060463022 
900 25 12 14 0.06043658 
478 72 15 20 0.060138382 
440 42 12 16 0.059542548 
265 10 13 15 0.05898259 
854 7 10 10 0.05873916 
803 19 10 13 0.058704894 
834 155 15 19 0.058253884 
413 0 9 9 0.058186997 
623 6 11 13 0.058091816 
909 30 11 14 0.057451006 
19 0 14 15 0.05741331 
348 50 11 15 0.057311356 
321 2 11 12 0.05727018 
811 175 27 32 0.056985095 
264 162 31 43 0.056792777 
216 262 42 48 0.05655307 
972 89 15 18 0.056287996 
420 76 13 17 0.05616667 
458 132 15 18 0.05521699 
131 125 25 32 0.054732684 
199 32 13 16 0.054318115 
94 73 15 21 0.053995132 
703 185 17 21 0.053943485 
84 149 16 19 0.05360697 
661 83 14 18 0.053541254 
759 21 11 14 0.053249538 
434 4 15 19 0.05322778 
640 6 10 12 0.053052444 
614 82 13 18 0.052883077 
433 164 17 22 0.052748915 
834 82 15 18 0.0526974 
29 0 15 16 0.052693617 
767 73 12 17 0.052638914 
1005 31 13 16 0.05261464 
130 13 14 18 0.052556213 
909 129 14 19 0.052170552 
369 90 23 29 0.05207479 
814 44 10 12 0.052052446 
991 68 11 15 0.05167151 
398 94 15 18 0.05149723 
63 144 402 502 0.051196273 
543 33 14 18 0.05096207 
182 154 16 20 0.05071712 
285 73 16 21 0.050165795 
576 2 11 12 0.04972631 
16 66 16 19 0.049641028 
213 50 14 17 0.049634706 
239 29 12 15 0.049593177 
679 29 11 13 0.04927391 
591 20 11 14 0.049247265 
278 43 13 17 0.04921004 
171 66 15 18 0.048629314 
245 252 40 47 0.048618577 
845 35 9 12 0.04858744 
367 1 11 10 0.04825815 
196 145 15 20 0.04821349 
176 111 14 18 0.048210245 
573 55 14 20 0.048127443 
608 0 11 10 0.047926143 
205 0 11 10 0.04792115 
575 130 19 27 0.04784074 
799 53 10 15 0.04779647 
659 39 11 16 0.04776308 
797 136 17 23 0.047130655 
839 46 9 12 0.047128428 
546 130 21 29 0.04706168 
395 147 17 21 0.046996463 
963 159 22 27 0.046870384 
62 86 15 21 0.046834968 
14 49 20 25 0.046615567 
388 61 12 17 0.046479072 
187 89 18 24 0.045895018 
804 67 16 21 0.045783356 
882 145 25 31 0.04571591 
806 15 9 12 0.045636196 
188 65 12 16 0.045427322 
284 84 15 18 0.04507959 
10 69 16 21 0.04501075 
623 28 12 15 0.04474719 
42 0 16 15 0.04441375 
892 6 11 14 0.044364166 
177 3 12 14 0.04430718 
1002 119 19 25 0.04429227 
602 98 15 18 0.043997526 
764 84 14 19 0.04369614 
212 36 11 14 0.043562613 
994 126 21 26 0.043452945 
220 156 22 29 0.043328933 
642 85 17 21 0.04308445 
76 8 14 17 0.043067545 
669 184 19 22 0.04305943 
1005 164 16 21 0.042790346 
841 152 23 30 0.04233045 
700 14 9 11 0.0422663 
626 149 17 21 0.04196346 
888 11 11 13 0.041933354 
542 230 17 24 0.04153332 
571 19 13 15 0.041458327 
759 39 9 12 0.041426137 
430 0 12 12 0.041343387 
85 5 14 17 0.041330494 
275 26 13 17 0.04038894 
608 251 28 38 0.040224586 
924 8 10 12 0.040058836 
28 73 15 17 0.039997004 
599 9 11 12 0.039872784 
368 11 10 14 0.039749913 
128 3 12 14 0.03966111 
606 5 12 13 0.039521027 
773 120 16 21 0.03944079 
118 0 11 10 0.0394315 
294 17 13 16 0.039338328 
597 0 11 10 0.039259195 
273 0 10 10 0.03916625 
945 51 12 17 0.038953442 
459 75 14 18 0.038836133 
898 182 24 33 0.038832255 
760 85 11 16 0.03864773 
275 5 20 23 0.03847701 
310 104 15 21 0.038261533 
86 0 12 11 0.03820514 
701 21 9 12 0.03803261 
367 88 16 20 0.03786674 
352 17 11 15 0.037484016 
887 0 11 11 0.037474323 
864 170 27 37 0.037342623 
436 142 24 30 0.037287515 
431 75 13 18 0.03719284 
929 40 13 17 0.03718369 
749 35 11 13 0.03716156 
111 39 14 17 0.037128575 
136 -3 20 21 0.037088715 
681 143 23 27 0.03698629 
85 65 14 17 0.036793727 
829 102 19 26 0.03678058 
184 13 11 15 0.036680568 
696 45 11 15 0.03665628 
177 91 16 23 0.0366026 
830 37 9 12 0.036502782 
605 36 15 18 0.036365464 
191 1 14 15 0.0363087 
282 26 16 18 0.03601441 
131 166 22 25 0.035998233 
367 74 17 20 0.035923805 
698 89 13 19 0.035909194 
778 44 12 16 0.035711482 
325 19 12 15 0.03569964 
105 9 14 16 0.035690174 
575 0 17 23 0.03558064 
907 80 17 18 0.03550205 
4 1 11 13 0.03547352 
766 35 11 14 0.03541225 
678 37 12 14 0.03536471 
881 34 11 14 0.0351789 
991 75 13 18 0.035165712 
652 28 13 15 0.035095286 
170 26 15 17 0.035034623 
411 72 14 19 0.034778498 
680 57 14 17 0.034713127 
794 45 10 14 0.03468744 
436 118 17 22 0.034670833 
209 10 11 13 0.03466847 
808 45 11 12 0.034615446 
255 79 21 26 0.034458037 
212 279 30 37 0.034386132 
479 10 14 18 0.034293808 
509 174 16 19 0.03428744 
773 109 18 23 0.034208708 
853 143 13 16 0.034078084 
611 34 14 17 0.034019507 
234 242 33 35 0.033866074 
765 5 11 11 0.03383044 
942 177 18 21 0.03360274 
115 419 42 49 0.033409204 
917 90 18 25 0.033364493 
312 167 21 31 0.033358898 
506 157 27 32 0.033115525 
661 151 17 20 0.03303342 
863 68 12 16 0.032732844 
539 363 102 125 0.032646377 
599 155 22 27 0.032639585 
902 95 14 19 0.03256387 
570 122 16 21 0.03251271 
418 68 13 17 0.03247818 
711 7 10 12 0.032352984 
607 206 23 27 0.03220268 
775 13 10 12 0.03217305 
744 40 12 14 0.0320877 
562 359 51 67 0.03203771 
671 45 13 18 0.031841014 
460 30 15 17 0.031801783 
231 105 15 21 0.03179872 
437 76 17 21 0.031750947 
748 182 18 21 0.031435307 
406 34 12 15 0.031384144 
904 68 13 17 0.031290315 
51 79 16 20 0.031222627 
771 90 22 29 0.03116848 
820 16 19 24 0.031074382 
323 48 16 19 0.030908989 
701 71 18 23 0.030839205 
389 7 11 14 0.030759312 
212 246 27 35 0.030758712 
326 0 11 11 0.030695952 
37 9 16 18 0.03021464 
280 36 13 17 0.030202543 
413 19 11 15 0.03018155 
222 38 10 14 0.030089619 
246 117 16 20 0.030047614 
385 99 22 28 0.030030768 
706 132 17 22 0.029975466 
622 248 11 14 0.029955544 
970 110 15 18 0.029786801 
313 84 20 26 0.029709227 
711 178 22 27 0.029677318 
834 6 9 12 0.029646099 
958 10 13 15 0.029623464 
664 27 10 14 0.029587593 
793 187 27 31 0.029577289 
898 23 9 12 0.029571524 
530 85 15 18 0.029486883 
294 78 19 25 0.029452544 
845 120 14 18 0.029344253 
396 108 16 24 0.029265542 
726 15 8 11 0.029220385 
933 78 15 19 0.02921139 
788 0 12 12 0.029057214 
779 93 16 18 0.029005261 
208 97 15 18 0.028953668 
181 162 15 21 0.028947035 
491 152 16 19 0.028865185 
727 21 9 13 0.02881997 
979 83 14 19 0.028711718 
7 33 20 24 0.028668141 
991 41 13 17 0.028658362 
956 68 16 17 0.028613497 
309 44 13 16 0.028608669 
621 0 11 11 0.028490214 
232 165 26 33 0.028410103 
377 76 15 20 0.028249307 
863 101 19 25 0.028227316 
235 111 14 20 0.02815493 
382 61 12 16 0.028021224 
141 21 11 15 0.028007215 
693 7 11 13 0.02793847 
619 209 15 19 0.027879553 
663 21 10 14 0.027729146 
15 27 12 16 0.02762464 
682 222 28 33 0.0275617 
492 41 14 17 0.027502097 
-1 77 9 15 0.02747269 
950 167 23 28 0.027442629 
997 69 15 19 0.02739916 
364 0 20 23 0.027396683 
874 80 14 17 0.027385198 
894 93 12 16 0.02731622 
683 44 13 16 0.027281594 
638 0 9 10 0.027204163 
98 52 15 19 0.02716729 
130 44 13 16 0.02713027 
287 170 28 36 0.027120046 
266 6 20 24 0.027019566 
25 37 16 19 0.026940865 
940 142 17 21 0.026919471 
2 125 17 21 0.026878528 
179 -4 22 23 0.026786584 
475 41 12 16 0.02671728 
795 111 15 21 0.026673134 
948 189 22 27 0.026622841 
767 1 10 10 0.02661956 
195 21 12 14 0.026526313 
519 199 25 30 0.026520833 
800 75 15 20 0.026449868 
46 88 14 17 0.026435899 
808 7 9 11 0.026414044 
323 99 23 28 0.026390959 
684 34 12 14 0.026381267 
750 169 24 28 0.026324926 
545 57 18 24 0.026259972 
586 34 13 18 0.026247226 
412 48 15 18 0.02624711 
810 203 26 32 0.026209768 
49 60 19 25 0.026168332 
156 89 14 19 0.026146717 
285 1 12 13 0.02614537 
203 264 491 499 0.026061665 
460 46 14 18 0.026033243 
676 7 11 13 0.026028467 
518 202 15 19 0.025952198 
998 77 16 20 0.025941001 
119 22 19 21 0.02593183 
670 38 11 14 0.025911907 
211 71 15 19 0.02590802 
497 55 19 24 0.025826767 
240 51 12 17 0.025591584 
276 112 17 21 0.02553654 
728 74 12 17 0.025426097 
220 27 11 14 0.025384214 
529 220 34 48 0.025312053 
313 48 20 23 0.025310459 
914 119 19 24 0.025269225 
165 76 17 21 0.025227575 
815 11 9 12 0.025180487 
758 1 10 10 0.025175998 
899 137 18 25 0.025130337 
537 101 20 26 0.025093077 
647 29 12 14 0.025087373 
591 7 10 12 0.025065294 
531 19 13 18 0.02498072 
892 193 24 31 0.024818147 
517 0 14 16 0.024727363 
645 3 18 22 0.024716137 
915 115 13 17 0.024709098 
515 49 15 18 0.024695002 
225 166 21 29 0.024573557 
160 49 13 17 0.024498729 
317 92 22 28 0.024427515 
324 26 12 15 0.024393061 
324 117 19 25 0.024265427 
968 148 24 29 0.024219576 
963 73 15 19 0.024131414 
125 135 16 21 0.024082186 
861 6 10 12 0.024001002 
856 186 40 48 0.023988703 
556 153 16 20 0.023877377 
512 23 13 17 0.023803616 
456 11 14 17 0.023745893 
420 46 13 18 0.02374053 
720 37 11 14 0.02370326 
122 145 16 22 0.023650825 
669 25 13 16 0.023611207 
468 119 16 20 0.023607919 
864 158 25 30 0.02352968 
204 138 21 29 0.023479506 
782 162 16 19 0.02347575 
142 100 15 18 0.02345573 
284 681 23 29 0.023435982 
902 48 13 17 0.023421897 
893 0 10 11 0.023373572 
823 35 10 13 0.023363104 
190 150 20 26 0.02332544 
820 188 27 32 0.02332122 
343 45 13 17 0.023158684 
957 204 25 33 0.02312585 
912 22 11 14 0.02311494 
169 37 16 19 0.02307274 
897 98 13 19 0.023057373 
753 1 9 10 0.023029925 
469 74 14 19 0.023024475 
960 121 19 26 0.022996822 
190 28 13 17 0.022925394 
193 35 12 17 0.022822728 
703 0 11 11 0.022808822 
848 147 14 19 0.022747278 
783 41 12 15 0.022721125 
735 44 11 16 0.022696609 
598 212 25 29 0.022645041 
196 195 16 21 0.022574361 
124 50 15 18 0.022519957 
658 76 13 18 0.022505613 
586 28 12 16 0.022497285 
742 154 25 30 0.022461405 
358 0 12 10 0.022380384 
31 10 13 16 0.022376426 
248 -5 20 22 0.022365429 
461 122 15 19 0.022338178 
533 0 10 10 0.022291442 
149 151 15 19 0.02227061 
782 154 16 19 0.022179615 
219 67 14 17 0.022152567 
494 141 22 29 0.022108464 
399 61 15 21 0.022086157 
1011 111 11 16 0.022063926 
1014 24 9 14 0.022056246 
942 46 12 17 0.02205305 
839 194 13 18 0.021993807 
649 89 22 28 0.021964733 
629 37 13 16 0.021958368 
726 6 9 12 0.021933468 
261 0 12 12 0.021785058 
564 37 14 17 0.02173626 
828 194 15 19 0.021722546 
951 3 14 15 0.021716619 
798 67 13 19 0.021694027 
996 211 26 31 0.021655904 
499 5 13 17 0.021598065 
65 3 14 18 0.021573497 
580 87 14 19 0.021573432 
838 63 12 15 0.021440271 
817 191 19 22 0.02142559 
492 137 15 22 0.021336542 
444 90 16 19 0.021294516 
884 23 9 13 0.021254903 
463 1 13 14 0.021239776 
491 166 14 19 0.021215681 
476 119 14 20 0.021181352 
525 144 23 28 0.021118635 
741 74 13 18 0.02106031 
991 232 27 34 0.02104942 
759 5 9 11 0.021046855 
836 188 24 31 0.021005187 
648 2 9 10 0.020857375 
237 -3 19 20 0.02078148 
794 17 9 12 0.020742716 
224 -5 21 22 0.020677984 
815 115 13 18 0.020675242 
831 28 9 12 0.020641815 
886 42 11 16 0.02063924 
860 279 33 46 0.020560617 
665 106 15 21 0.02052638 
933 121 22 28 0.020510226 
662 51 12 16 0.020506168 
285 49 16 19 0.020504143 
60 60 14 18 0.020504009 
509 83 13 18 0.020491764 
124 35 14 18 0.020407867 
787 137 22 26 0.020395791 
205 50 14 18 0.020332744 
557 38 13 15 0.02025896 
819 54 11 14 0.020256978 
828 169 24 31 0.020200603 
272 16 20 24 0.020119334 
301 69 18 24 0.020083886 
444 62 15 18 0.020059735 
599 367 52 65 0.020056516 
662 480 8 9 0.020050062 
922 27 18 21 0.020041974 
