0_Parade_marchingband_1_525
317
399 384 24 29 0.9922537 
676 382 22 26 0.9884043 
900 422 20 24 0.9526783 
537 395 21 26 0.94792163 
291 395 19 23 0.94607323 
193 374 22 26 0.92928463 
764 437 17 20 0.9045586 
135 412 18 22 0.83010364 
860 482 14 19 0.7357848 
833 417 16 20 0.69403017 
260 396 13 18 0.68070716 
44 429 10 12 0.6261128 
986 461 16 19 0.5700793 
813 420 12 15 0.5635 
783 422 11 14 0.5198608 
222 322 12 15 0.5006982 
121 411 12 14 0.38227838 
624 413 13 16 0.35004026 
841 529 16 20 0.30841833 
796 431 12 15 0.28359273 
329 395 15 19 0.27153745 
927 429 11 15 0.2712299 
956 467 12 17 0.25446838 
156 419 11 14 0.24755867 
22 423 9 11 0.22522293 
945 435 12 15 0.22429623 
15 423 7 10 0.2197877 
240 390 9 13 0.21082833 
512 416 8 10 0.19887431 
725 397 13 18 0.19125299 
97 455 9 12 0.18523012 
458 477 10 12 0.17647205 
62 423 7 10 0.16453858 
711 504 14 18 0.16270824 
79 423 8 11 0.14749423 
118 241 12 15 0.12982483 
348 400 15 21 0.12556303 
292 363 11 14 0.1234462 
1000 441 14 17 0.12313937 
738 523 25 30 0.11962175 
730 400 15 19 0.119416066 
334 408 14 17 0.117221124 
616 445 12 14 0.11656869 
941 498 13 16 0.11649497 
484 487 10 12 0.115901046 
811 598 27 30 0.11569497 
794 420 13 16 0.11537678 
525 486 13 14 0.103723116 
583 422 11 14 0.10098553 
584 414 11 13 0.08788989 
777 421 11 13 0.08731654 
228 371 16 20 0.08703763 
24 427 9 12 0.08592698 
448 460 12 13 0.0832668 
790 427 12 16 0.08246387 
923 447 12 14 0.082392916 
105 479 8 11 0.08196002 
70 476 9 13 0.08022778 
211 377 14 19 0.07785009 
331 379 13 16 0.07709943 
735 435 13 17 0.075686105 
369 409 15 17 0.07503679 
87 428 8 12 0.07440756 
39 425 13 15 0.07400598 
79 480 9 12 0.0713301 
944 443 10 13 0.07116657 
819 427 12 15 0.07028738 
55 323 15 20 0.06751811 
243 395 11 16 0.0666933 
731 441 13 18 0.06664282 
124 244 10 13 0.06568341 
454 471 10 11 0.065536015 
317 536 11 13 0.06533363 
813 415 20 25 0.064699836 
435 472 12 12 0.064697854 
472 495 7 10 0.06440281 
257 378 12 16 0.060833793 
730 519 9 12 0.05955089 
1014 529 9 15 0.057267737 
340 402 16 21 0.057184614 
930 515 12 16 0.05661269 
949 473 15 20 0.056491558 
53 431 7 9 0.05618957 
277 373 12 15 0.0560677 
696 412 13 17 0.056063116 
973 459 15 17 0.055667035 
815 454 9 11 0.055377975 
481 491 10 11 0.055010963 
1001 32 25 47 0.05427032 
373 487 13 15 0.05329332 
238 403 12 16 0.052837014 
567 404 16 17 0.05266894 
601 427 11 15 0.05233227 
720 400 12 17 0.05224345 
471 511 7 9 0.052050266 
358 346 12 15 0.05173073 
739 415 14 18 0.051667564 
572 411 11 14 0.051403746 
72 407 9 11 0.051382843 
805 548 11 14 0.05090334 
949 452 9 11 0.05082695 
807 428 12 15 0.0506976 
515 414 10 12 0.04996209 
8 455 8 10 0.04977452 
739 439 14 16 0.049114563 
39 532 8 10 0.049024723 
338 394 15 20 0.048849836 
79 447 8 10 0.048419997 
740 404 13 18 0.047998045 
628 549 8 10 0.047316838 
340 388 14 18 0.046930984 
820 435 11 13 0.04684503 
463 503 9 11 0.045918018 
376 332 12 14 0.045825206 
84 423 11 12 0.04533421 
571 460 12 13 0.045291405 
157 322 12 14 0.045161027 
31 428 11 13 0.045098193 
170 397 10 12 0.044890355 
74 424 8 10 0.044668764 
887 504 24 28 0.044576593 
0 407 10 14 0.044495765 
111 476 8 11 0.044149037 
914 410 13 17 0.043086614 
584 549 8 11 0.043015826 
174 371 12 16 0.042791512 
447 466 12 13 0.042785294 
184 370 22 30 0.04214251 
815 433 11 13 0.041754186 
935 445 9 11 0.041597042 
173 390 10 13 0.041561954 
527 525 8 10 0.04073739 
316 474 12 13 0.04024857 
553 551 9 10 0.040232673 
124 407 19 23 0.040211726 
951 463 13 17 0.04019982 
184 334 12 15 0.039895598 
831 561 12 15 0.03949862 
776 415 9 13 0.0393367 
235 462 14 17 0.039114475 
418 535 9 11 0.03898645 
588 426 10 13 0.038571548 
525 504 11 13 0.03843638 
898 513 16 20 0.038170762 
218 370 21 26 0.038149774 
625 528 7 10 0.03797453 
65 472 9 12 0.03792399 
447 391 10 12 0.037738483 
773 426 14 19 0.037614625 
52 283 10 14 0.037423316 
734 400 21 28 0.036914054 
59 424 7 10 0.03676579 
727 373 10 13 0.036666382 
807 445 10 12 0.036494605 
478 520 7 9 0.03628963 
78 453 8 10 0.035876393 
972 494 10 12 0.035517108 
494 503 8 10 0.03496378 
29 509 12 15 0.034881115 
809 414 13 16 0.034108013 
287 494 12 14 0.033583283 
265 400 15 19 0.03357349 
496 444 10 13 0.03350314 
933 436 10 13 0.033457708 
512 502 8 10 0.033448987 
506 415 9 12 0.033190854 
456 511 8 9 0.033147845 
429 490 11 13 0.032816846 
23 406 9 11 0.03276644 
558 422 9 11 0.032424107 
838 555 13 20 0.032367595 
828 528 24 31 0.032276362 
940 535 11 14 0.032235205 
323 348 15 19 0.031859696 
829 539 12 16 0.031491283 
808 452 9 11 0.0313061 
783 542 11 14 0.031169826 
49 448 9 11 0.031151569 
309 402 13 18 0.031092219 
842 423 13 18 0.031070346 
418 542 9 11 0.031042846 
516 421 11 13 0.031013684 
474 518 8 10 0.03094776 
104 403 11 15 0.030735156 
5 413 10 12 0.030674057 
998 411 14 15 0.030620752 
465 508 8 11 0.030180661 
946 499 14 16 0.030093377 
348 389 12 15 0.029870437 
726 418 10 13 0.029780118 
15 427 9 12 0.029526886 
78 406 9 12 0.029474469 
894 520 15 18 0.02934239 
781 432 13 18 0.02929746 
791 429 21 24 0.029022329 
624 545 9 11 0.028929435 
746 520 19 22 0.028743062 
100 459 9 12 0.028607834 
575 422 10 12 0.028516 
884 405 10 14 0.028288057 
630 528 8 10 0.02817889 
720 418 11 13 0.027773654 
638 544 8 9 0.027450876 
84 229 12 15 0.027370775 
607 411 22 27 0.027362177 
545 535 9 11 0.027339907 
709 462 13 15 0.027177854 
354 401 22 27 0.027111422 
825 539 22 32 0.026650503 
108 361 24 24 0.02650425 
583 449 13 16 0.026299775 
25 536 9 12 0.026293656 
834 517 24 29 0.026274353 
271 378 12 17 0.026230624 
333 467 14 19 0.026089232 
82 238 24 36 0.02608045 
877 506 15 21 0.025733037 
85 388 11 13 0.025671821 
986 470 16 18 0.02566466 
733 425 21 26 0.02548649 
976 459 22 26 0.025293743 
226 319 11 14 0.0252445 
640 529 8 11 0.025222637 
30 536 8 10 0.025096396 
469 412 11 15 0.024991907 
548 395 22 27 0.02495032 
947 490 15 19 0.024921764 
567 419 11 12 0.02484632 
256 388 14 20 0.024571912 
364 408 24 27 0.024555879 
429 559 9 10 0.02452533 
231 405 13 16 0.024505528 
973 513 12 15 0.024503043 
584 477 11 12 0.02449894 
995 448 15 20 0.024459513 
323 490 13 16 0.024274467 
630 544 9 11 0.024272967 
813 425 24 27 0.02426714 
338 380 15 18 0.024073767 
552 544 8 10 0.024071233 
144 397 11 13 0.02399808 
934 524 11 14 0.023945402 
843 488 18 21 0.023845857 
29 423 10 14 0.023831856 
15 436 9 11 0.023734255 
713 479 17 21 0.023595743 
173 378 12 16 0.023557654 
798 547 13 16 0.023481643 
899 530 17 21 0.02346952 
244 401 11 16 0.023274314 
785 546 16 18 0.023193596 
734 417 13 17 0.023192756 
936 493 14 17 0.023094675 
727 377 12 17 0.023025764 
284 368 14 17 0.022972092 
624 496 10 11 0.022829426 
597 420 20 27 0.022751454 
633 510 8 10 0.02274215 
715 567 10 13 0.022722783 
822 452 11 15 0.022662198 
512 525 8 10 0.022590412 
838 435 11 15 0.022461602 
837 443 13 17 0.022432907 
696 529 11 14 0.022403166 
446 493 8 10 0.022356478 
9 448 8 11 0.022325493 
79 440 8 11 0.0222712 
780 550 16 18 0.022139998 
631 497 8 10 0.022039302 
520 503 10 12 0.02195884 
615 544 8 11 0.021896653 
780 442 11 15 0.0218779 
338 471 15 18 0.021724988 
852 525 11 16 0.02171596 
367 389 14 16 0.021651383 
688 358 10 13 0.021571802 
0 422 6 11 0.021522954 
49 544 7 9 0.021513795 
577 405 22 28 0.021507801 
895 538 13 17 0.021481918 
9 426 11 13 0.021415135 
884 502 16 21 0.021363782 
640 495 8 10 0.02134945 
829 449 12 17 0.021311576 
942 483 16 19 0.021171067 
768 420 12 15 0.021136642 
236 379 11 16 0.021130497 
776 406 10 13 0.021094084 
625 533 8 10 0.021075763 
54 435 8 10 0.02106759 
776 417 18 24 0.021039449 
183 377 13 18 0.021036748 
237 364 12 15 0.02100865 
110 422 9 11 0.020990284 
816 460 11 13 0.020888144 
184 328 10 14 0.020749707 
722 501 13 16 0.020749114 
375 327 11 14 0.020730179 
461 472 10 12 0.020729523 
836 467 15 18 0.020722298 
803 434 13 15 0.020713827 
258 459 17 21 0.020629907 
382 575 9 11 0.020617533 
111 410 10 14 0.02057852 
709 485 24 30 0.020546388 
851 545 23 31 0.020347822 
62 427 8 10 0.020332608 
423 420 14 17 0.020326208 
461 409 15 20 0.020299941 
616 573 10 11 0.020251853 
21 414 10 12 0.020241445 
109 485 10 12 0.020238342 
49 453 9 11 0.020216092 
23 475 9 12 0.020198653 
741 407 23 31 0.02015969 
719 388 12 18 0.020138893 
436 503 10 12 0.020002306 
