0_Parade_marchingband_1_695
371
571 89 60 74 0.99759406 
311 170 48 59 0.992819 
752 265 29 34 0.9856123 
845 197 39 45 0.9845031 
186 208 35 52 0.95429456 
140 250 26 31 0.9320222 
516 242 23 27 0.89122075 
79 272 21 28 0.8649261 
508 333 26 30 0.58963233 
280 166 17 25 0.55149275 
957 226 28 34 0.5462382 
429 172 14 17 0.5356951 
939 95 9 12 0.43531343 
478 179 12 17 0.4328712 
519 224 9 11 0.40950498 
259 177 14 20 0.38313553 
519 173 10 14 0.35396475 
23 294 13 16 0.3221922 
375 192 27 37 0.27861258 
780 266 27 33 0.27096042 
969 87 7 9 0.26863566 
14 233 10 12 0.2361954 
263 174 21 28 0.228823 
804 341 24 28 0.22810264 
940 20 11 13 0.21987604 
508 311 29 32 0.21551445 
507 166 12 14 0.21389207 
893 105 8 10 0.20980097 
48 271 8 12 0.19759637 
21 293 24 26 0.1865883 
880 112 7 8 0.18452573 
909 109 7 10 0.17164198 
1014 69 7 11 0.16898064 
208 157 11 14 0.16675505 
504 170 12 15 0.16409287 
992 75 9 11 0.15532485 
1000 78 9 10 0.14630929 
829 145 7 10 0.1387341 
1007 115 9 12 0.13736838 
134 255 18 22 0.1369142 
421 173 13 15 0.13662699 
927 102 7 9 0.13552015 
417 174 11 14 0.13062854 
183 189 11 13 0.12727492 
175 190 10 12 0.122472085 
745 151 7 8 0.12194463 
943 114 9 10 0.11867963 
962 72 8 10 0.11737346 
1013 62 8 11 0.116228454 
782 141 8 10 0.113467515 
729 151 7 10 0.11229086 
557 148 13 17 0.11054008 
677 301 26 29 0.10956245 
54 220 9 10 0.109340616 
944 80 7 10 0.10547494 
142 235 11 13 0.10343075 
779 144 7 9 0.10327312 
967 78 8 11 0.10294386 
1000 141 9 11 0.10269419 
852 177 15 17 0.10072978 
895 157 12 14 0.10070953 
473 175 9 11 0.097074844 
405 186 10 15 0.09677462 
32 238 9 10 0.0952835 
984 65 8 10 0.09481434 
1008 101 9 10 0.09360673 
784 136 6 9 0.09326874 
725 173 9 12 0.09257067 
905 105 9 11 0.09221643 
766 166 9 12 0.0918769 
475 364 15 22 0.09093646 
536 175 12 14 0.08823127 
761 167 9 12 0.08772358 
909 104 8 11 0.08634597 
61 246 11 13 0.08619168 
351 177 42 56 0.084728286 
746 144 8 10 0.084680654 
921 149 9 12 0.08413918 
63 251 11 13 0.08357887 
905 136 8 11 0.082142934 
1000 115 9 12 0.08157934 
77 270 14 19 0.07838415 
953 125 9 12 0.07673966 
825 147 9 11 0.07501052 
17 300 27 34 0.07472143 
800 129 7 8 0.074354105 
937 150 10 14 0.07346827 
718 142 7 9 0.07293957 
485 184 11 15 0.07262532 
920 102 8 10 0.07259964 
941 86 8 11 0.07243191 
150 192 8 9 0.07092074 
1009 61 8 11 0.07044414 
109 242 10 13 0.07043672 
1013 116 8 12 0.07036319 
768 160 8 9 0.06899346 
760 141 8 9 0.06827535 
95 254 10 12 0.06773791 
549 142 23 29 0.067725204 
10 232 9 11 0.0677039 
953 120 9 10 0.06745307 
776 162 7 9 0.06736396 
313 143 15 20 0.06708463 
49 215 8 10 0.06705782 
37 199 8 9 0.06672275 
895 137 7 10 0.06647426 
889 109 7 10 0.0642948 
929 125 8 12 0.06425101 
73 267 9 13 0.0637219 
1015 76 8 11 0.063208945 
846 148 8 11 0.06315323 
152 206 10 14 0.062572405 
1004 84 10 12 0.061585993 
888 142 10 12 0.05965727 
1008 56 8 11 0.058973037 
104 244 12 15 0.058554985 
755 256 12 13 0.0581732 
113 185 7 9 0.057710852 
52 269 10 13 0.056712747 
26 287 15 17 0.056142256 
398 186 14 18 0.055394873 
242 345 14 18 0.0552224 
969 127 9 11 0.05488364 
102 252 11 13 0.05465579 
388 181 26 35 0.054390762 
921 321 33 32 0.054199353 
1013 95 9 12 0.052697662 
1013 56 8 12 0.052127104 
434 165 13 16 0.051896542 
496 214 11 14 0.05148849 
257 175 11 16 0.05078118 
118 273 16 22 0.05016318 
760 258 37 44 0.049978804 
815 151 7 10 0.04942704 
430 161 11 11 0.049002882 
137 236 11 13 0.04841471 
57 244 10 13 0.046790622 
920 97 7 9 0.046578836 
911 140 8 11 0.046365187 
973 86 8 10 0.046271127 
998 71 9 12 0.04595498 
85 255 10 12 0.04568259 
56 200 7 10 0.045578897 
422 250 25 42 0.045353387 
213 162 10 13 0.044715483 
276 211 39 46 0.044467926 
13 215 9 10 0.04395679 
1007 133 9 11 0.043557353 
1008 69 8 11 0.04346182 
809 157 8 10 0.04301613 
762 137 7 10 0.04294183 
74 239 8 11 0.042816393 
823 165 9 11 0.04238294 
128 192 8 11 0.04236004 
793 492 14 18 0.04225885 
21 232 8 11 0.042221174 
31 262 8 11 0.041696317 
12 314 29 36 0.041594785 
508 174 15 18 0.04132122 
842 149 8 11 0.04079803 
984 69 9 11 0.040790882 
910 137 7 10 0.040243175 
767 151 7 10 0.040109493 
928 120 8 11 0.03938816 
78 245 8 11 0.039196935 
463 187 10 14 0.03914187 
1013 102 9 12 0.03910425 
150 251 29 35 0.03905017 
216 172 11 13 0.03885562 
889 136 9 11 0.03866514 
920 143 8 10 0.03849601 
444 180 13 16 0.03844801 
104 229 10 12 0.038264267 
524 188 12 15 0.037967987 
782 165 8 11 0.037777275 
32 232 8 10 0.037682105 
905 87 7 8 0.037306774 
881 89 7 8 0.0372026 
994 140 9 12 0.03715486 
437 176 13 16 0.03704402 
127 258 13 17 0.036856573 
1 260 8 11 0.036771324 
694 151 10 12 0.036461536 
146 192 7 10 0.03642499 
15 252 7 10 0.036231227 
104 237 12 15 0.036187626 
981 119 8 11 0.035838988 
801 150 8 10 0.035731792 
72 215 7 10 0.0356004 
749 141 8 10 0.035466347 
181 192 14 18 0.03512192 
86 216 8 9 0.03496471 
937 80 8 9 0.034621224 
891 201 29 35 0.034567717 
63 260 10 13 0.034444414 
155 210 12 14 0.03415769 
208 214 29 38 0.03410985 
1007 126 10 12 0.03410928 
72 280 14 17 0.033846047 
78 262 11 15 0.03368267 
104 224 9 10 0.033555903 
138 233 23 30 0.03353199 
825 129 7 9 0.033456627 
90 268 17 24 0.0331887 
169 184 23 29 0.03311661 
976 119 9 12 0.032960054 
762 149 7 10 0.03290605 
247 186 12 16 0.032847166 
93 259 13 17 0.03281089 
935 15 20 23 0.032548856 
91 348 14 16 0.03251993 
974 126 8 10 0.03222965 
148 229 12 16 0.031888045 
452 180 12 14 0.031817004 
150 199 10 11 0.031771477 
1002 55 8 10 0.03164371 
973 135 9 10 0.031620886 
904 80 7 8 0.031619884 
791 267 26 36 0.031430356 
1012 124 10 14 0.031134278 
52 277 11 15 0.031080758 
37 239 8 10 0.03080335 
485 164 9 12 0.030745335 
126 242 11 14 0.030725762 
519 168 19 23 0.030582108 
786 260 21 24 0.030432105 
1002 63 8 10 0.03040897 
744 155 10 12 0.030326523 
72 244 9 12 0.03025093 
919 79 7 9 0.030005194 
702 155 9 11 0.029958254 
395 192 16 21 0.029720796 
766 135 7 10 0.029631155 
267 160 35 47 0.029099248 
525 180 10 14 0.028965091 
9 248 8 10 0.028883964 
959 95 8 10 0.028728412 
34 190 8 10 0.028531956 
463 175 8 10 0.028389659 
31 292 17 18 0.02832556 
961 220 20 22 0.02831883 
906 117 9 11 0.028267497 
924 142 9 11 0.02825553 
937 143 8 10 0.028246334 
119 198 7 10 0.028079784 
84 259 14 17 0.028032688 
472 169 8 10 0.028032623 
951 71 7 9 0.027785407 
145 243 20 25 0.027670648 
913 80 6 8 0.027638644 
39 206 8 10 0.027487013 
761 161 8 8 0.027441418 
752 174 8 10 0.027284652 
63 268 10 13 0.027108472 
689 150 10 13 0.027009394 
15 248 8 10 0.026847232 
484 175 11 15 0.026740376 
750 137 8 10 0.026542997 
462 181 10 13 0.026452908 
10 285 9 11 0.026375083 
510 205 11 13 0.026312912 
862 111 7 9 0.02628058 
871 117 9 11 0.026210278 
938 112 9 11 0.026172336 
953 144 9 11 0.026044773 
911 96 8 10 0.026035687 
68 253 9 13 0.025931543 
887 88 7 8 0.025849203 
949 112 8 10 0.025804872 
969 134 9 10 0.025654584 
1011 61 18 27 0.025519853 
937 117 9 11 0.025358897 
974 94 9 11 0.025338376 
514 225 24 30 0.025309527 
26 261 8 11 0.025295394 
927 97 8 10 0.025207119 
782 160 8 10 0.025084574 
72 231 8 10 0.025064014 
840 125 7 9 0.025048265 
862 127 9 11 0.024820738 
989 64 9 10 0.024596334 
38 245 8 10 0.024564337 
17 292 11 15 0.02456237 
50 199 8 9 0.024522163 
796 219 12 14 0.024520453 
956 239 18 21 0.024399282 
924 24 99 141 0.024286008 
120 223 8 9 0.024226911 
123 265 15 21 0.024175933 
871 104 8 9 0.024150463 
872 126 9 11 0.02407845 
72 207 8 9 0.024075203 
455 176 10 12 0.02403822 
714 143 9 10 0.023969887 
961 87 7 10 0.02393893 
809 144 8 9 0.023926485 
952 95 8 10 0.023817837 
775 128 6 9 0.023724582 
55 240 9 11 0.023589231 
6 270 8 10 0.02357628 
3 481 15 21 0.023421679 
96 185 7 9 0.023384668 
119 243 9 13 0.02337009 
865 89 7 9 0.02332721 
952 202 42 47 0.023326391 
889 98 17 23 0.02331718 
983 125 8 11 0.023305878 
33 204 8 10 0.023185518 
443 174 12 15 0.023118628 
54 263 11 14 0.023099301 
840 111 7 9 0.023092974 
7 222 8 10 0.022969611 
478 205 11 14 0.0229152 
1013 133 8 12 0.022872431 
7 254 8 11 0.022865037 
949 79 8 10 0.022837553 
886 146 10 12 0.02276387 
439 186 12 15 0.02266232 
524 174 19 24 0.022584654 
521 227 13 15 0.022541907 
219 223 16 22 0.022413518 
713 149 9 11 0.022387125 
97 274 13 21 0.022338288 
952 101 9 11 0.022313839 
823 137 19 24 0.022237271 
95 246 10 13 0.022204634 
804 283 12 16 0.022144895 
73 222 8 10 0.022138854 
479 166 11 12 0.02203043 
976 71 8 10 0.02202896 
170 190 10 11 0.021981096 
767 143 7 9 0.021970734 
542 166 10 14 0.021852577 
860 134 9 10 0.02185066 
180 184 23 28 0.021814093 
936 90 16 22 0.021797739 
57 251 11 13 0.021765003 
508 307 18 22 0.021711452 
472 183 12 17 0.021700557 
311 141 26 32 0.02164184 
798 355 23 27 0.021525634 
817 166 8 12 0.02135466 
928 80 7 9 0.021338733 
146 196 8 11 0.021314695 
136 216 8 10 0.021307906 
938 212 42 45 0.02130247 
905 127 7 9 0.021264454 
147 203 20 24 0.02122841 
48 239 7 9 0.021132883 
14 286 10 14 0.021111384 
941 143 9 10 0.021073049 
857 129 7 10 0.021070413 
841 120 7 10 0.020990117 
15 183 7 8 0.020902574 
873 111 8 10 0.020854168 
207 152 18 24 0.020846704 
62 240 10 12 0.02084124 
745 129 7 8 0.020805994 
974 79 8 10 0.02078148 
947 73 7 9 0.020638743 
80 200 7 8 0.020595973 
969 140 9 11 0.020496184 
749 181 8 12 0.020495618 
793 129 6 8 0.020422595 
48 207 8 9 0.020259943 
78 232 8 9 0.02019014 
86 206 8 9 0.020176498 
748 150 8 10 0.020161383 
23 255 7 9 0.020137066 
800 368 16 18 0.020057771 
919 136 9 11 0.020017015 
