0_Parade_marchingband_1_439
595
914 486 33 51 0.8669856 
135 565 39 63 0.80554473 
453 414 11 13 0.56835634 
147 522 43 38 0.5397367 
141 429 12 13 0.5360789 
392 423 9 11 0.40916276 
705 370 11 15 0.3990585 
269 430 10 12 0.38127905 
474 421 9 11 0.3742382 
414 403 9 11 0.30378303 
246 428 10 13 0.30115077 
125 542 60 54 0.2826664 
207 421 10 13 0.28150612 
132 455 17 24 0.26609454 
12 437 11 15 0.25058472 
343 430 9 11 0.23806795 
681 398 9 12 0.23572241 
461 413 10 11 0.23497199 
140 512 33 38 0.23178522 
76 464 12 15 0.22378176 
110 439 11 14 0.22261995 
94 431 9 12 0.22085308 
164 443 15 21 0.21956371 
946 411 9 13 0.21715015 
970 454 14 16 0.21606493 
85 423 9 12 0.21320045 
775 395 9 12 0.21292269 
375 430 10 12 0.20015195 
831 430 10 14 0.19962631 
268 448 11 13 0.18539965 
406 421 7 9 0.18284301 
277 415 7 9 0.17959483 
734 404 10 12 0.1774797 
69 424 8 10 0.17446078 
392 441 9 11 0.16669308 
305 422 10 12 0.16247767 
26 430 9 12 0.16238466 
86 428 12 14 0.15923323 
478 449 15 21 0.15681954 
248 422 11 14 0.15673478 
783 397 9 11 0.14781725 
146 448 15 20 0.14729163 
245 436 11 16 0.14314675 
149 563 34 48 0.13874222 
989 466 13 17 0.13671032 
289 423 9 12 0.13654214 
75 446 12 14 0.13280387 
444 440 9 14 0.13119315 
23 436 10 14 0.13071612 
8 429 10 13 0.12901843 
471 416 9 11 0.12732537 
746 415 9 12 0.12222777 
553 408 7 9 0.121815175 
757 432 11 13 0.121741265 
520 414 8 11 0.12101686 
479 417 8 11 0.11974237 
552 413 9 12 0.11951625 
749 372 8 12 0.11878217 
398 423 8 10 0.11776102 
126 523 39 34 0.117699556 
136 448 19 26 0.11403927 
263 424 9 12 0.11290183 
606 454 23 33 0.111870684 
771 366 10 12 0.111185275 
183 423 11 13 0.10807197 
376 414 9 11 0.107980795 
438 414 8 9 0.10635381 
351 414 8 10 0.10621535 
545 415 8 11 0.10502676 
528 420 8 10 0.104984805 
982 462 13 18 0.104685806 
222 423 9 12 0.10421086 
505 416 10 11 0.10224444 
654 400 7 10 0.099265374 
494 412 9 10 0.09597616 
320 407 8 11 0.09576906 
359 476 11 13 0.094915286 
650 400 8 10 0.09477348 
433 414 8 10 0.09460497 
1012 397 10 16 0.093713924 
519 440 11 16 0.09335866 
319 413 8 10 0.092554994 
354 502 12 15 0.09242639 
189 422 9 12 0.09191013 
136 535 37 42 0.09143393 
615 399 7 10 0.09058779 
490 450 14 19 0.09020991 
689 418 11 13 0.08863347 
927 405 11 14 0.08751747 
113 431 9 12 0.086475156 
557 465 13 18 0.08588759 
89 468 16 18 0.08552557 
413 447 9 12 0.08440158 
730 405 9 12 0.084195554 
126 420 10 12 0.08324802 
89 435 11 12 0.08308258 
380 483 11 15 0.08285229 
434 531 15 20 0.0814624 
982 434 11 15 0.07955981 
510 415 9 12 0.07905301 
305 417 9 10 0.07826059 
484 444 14 21 0.077783 
883 422 9 11 0.07707401 
944 419 10 14 0.07658677 
425 423 9 11 0.07633731 
612 429 9 12 0.0763324 
391 406 8 10 0.076308936 
814 407 10 12 0.07587305 
720 446 9 12 0.07368807 
121 586 50 59 0.07356099 
102 421 9 11 0.07330402 
175 426 10 13 0.072999984 
919 400 10 13 0.072289765 
351 474 12 15 0.07143697 
425 523 20 28 0.07140314 
397 440 8 10 0.07116641 
535 408 7 9 0.07037232 
230 421 9 11 0.069696546 
261 391 7 9 0.0696669 
201 423 9 11 0.06942041 
362 455 8 10 0.069112465 
720 453 10 16 0.06890914 
406 416 8 10 0.068893716 
1001 358 12 15 0.06880098 
421 484 12 16 0.06654777 
48 424 10 12 0.06605348 
148 436 13 18 0.06594148 
272 381 7 10 0.06568013 
126 429 10 14 0.065619424 
197 458 11 14 0.06505188 
935 429 13 15 0.064928405 
1 430 8 11 0.06487539 
683 401 12 14 0.064088136 
155 443 18 25 0.063520424 
325 405 9 11 0.06306307 
252 438 11 14 0.06275288 
721 399 8 11 0.06265737 
77 439 11 12 0.061764315 
208 417 9 11 0.061499838 
596 423 8 11 0.061284784 
790 397 7 10 0.061068803 
279 438 10 12 0.060921688 
55 444 10 12 0.060692683 
182 342 8 9 0.060574945 
1012 436 10 16 0.060241245 
169 421 9 13 0.06015412 
24 444 10 14 0.060001347 
550 419 8 11 0.05997097 
977 435 10 14 0.059485685 
163 480 15 18 0.059179004 
431 423 10 11 0.05800396 
301 445 12 15 0.05767773 
425 416 7 9 0.057429254 
888 514 14 19 0.057389297 
480 499 12 17 0.057361074 
383 446 9 11 0.05697742 
525 458 13 18 0.056581702 
260 398 9 11 0.056543857 
438 422 8 11 0.055938106 
485 454 14 19 0.05569919 
168 535 34 36 0.055582557 
181 451 10 14 0.055535566 
280 444 10 13 0.05549694 
728 399 9 11 0.055287555 
351 431 7 10 0.055277273 
316 474 14 19 0.05476535 
990 437 12 16 0.05469397 
424 428 10 13 0.05462318 
134 434 12 14 0.0543036 
367 423 8 11 0.053930532 
368 366 9 13 0.053573858 
178 344 7 9 0.053034335 
1007 444 14 20 0.053018425 
376 480 11 14 0.052880038 
982 420 10 13 0.052396644 
377 390 8 11 0.052206784 
192 454 12 17 0.051725466 
60 439 12 14 0.051718663 
658 447 15 19 0.051668793 
241 430 9 12 0.051655542 
808 392 8 10 0.051483016 
413 436 9 11 0.05144368 
358 431 7 9 0.051404744 
631 398 8 10 0.05123907 
81 426 12 15 0.051084395 
906 435 12 15 0.051047042 
323 474 12 17 0.050784264 
120 422 10 12 0.05065529 
302 398 7 11 0.050475337 
380 453 9 12 0.049973644 
509 269 443 441 0.049945604 
326 499 13 16 0.0491967 
160 466 24 30 0.048889507 
487 413 8 10 0.048860896 
381 429 10 12 0.048837196 
430 445 9 11 0.048596703 
233 417 7 10 0.048458718 
410 404 9 11 0.048337255 
537 532 52 81 0.04832901 
234 390 7 10 0.04823731 
734 411 9 11 0.047604233 
149 476 15 18 0.047547624 
344 435 10 12 0.04721885 
716 416 9 12 0.047015414 
430 439 9 12 0.046970412 
797 407 10 12 0.046883214 
519 431 10 13 0.046772644 
118 429 10 13 0.046499625 
376 448 8 11 0.046465848 
559 432 12 14 0.04641494 
976 431 9 12 0.04635995 
464 409 9 11 0.046318706 
534 414 8 11 0.045943104 
309 427 9 11 0.04581437 
287 428 10 12 0.045573123 
971 458 24 28 0.045401346 
791 406 9 12 0.044711895 
293 427 9 12 0.04452352 
93 450 13 17 0.04399069 
285 439 10 11 0.04384501 
800 393 7 9 0.04383561 
741 405 9 11 0.043573067 
663 399 8 10 0.04329082 
153 506 28 34 0.04327773 
392 401 8 11 0.04320649 
337 429 9 12 0.04304284 
345 407 8 10 0.0429835 
469 408 8 10 0.042940322 
469 451 16 20 0.042933047 
49 444 10 12 0.042916227 
240 435 11 16 0.04265086 
712 419 10 12 0.04258988 
822 398 8 10 0.04246392 
247 418 10 12 0.041959956 
252 427 11 13 0.04190043 
364 539 27 28 0.04184416 
710 453 9 12 0.041829497 
401 525 21 29 0.041285735 
4 467 13 20 0.04103954 
72 452 12 15 0.040987615 
324 493 13 15 0.04089212 
129 460 26 31 0.040867075 
833 407 9 12 0.04071576 
177 467 13 17 0.040586445 
214 422 10 13 0.040292818 
834 422 12 16 0.040172838 
663 405 8 10 0.04014242 
137 464 15 19 0.04011426 
408 431 9 10 0.039963663 
310 416 8 10 0.039751515 
598 398 9 11 0.039728597 
319 431 9 11 0.03936177 
103 467 11 15 0.039211024 
810 382 8 11 0.039186906 
590 460 10 16 0.039111495 
934 423 12 14 0.039015792 
398 399 8 11 0.0389971 
237 391 8 9 0.038965292 
196 505 13 19 0.03895415 
201 427 10 12 0.038939733 
349 445 9 11 0.038888093 
13 503 27 38 0.03871957 
548 475 15 19 0.0384876 
152 535 39 44 0.03813887 
753 434 10 14 0.038074214 
758 364 9 13 0.037893746 
869 400 14 17 0.03783986 
327 432 9 10 0.03770017 
966 437 11 15 0.037647504 
697 358 8 10 0.037643556 
552 459 13 16 0.03752843 
696 371 12 15 0.037294216 
700 358 10 11 0.037188806 
425 444 9 12 0.037167042 
488 409 9 11 0.037043262 
216 443 10 13 0.03676068 
168 391 10 13 0.036728732 
746 367 10 13 0.036654625 
740 399 9 12 0.036615856 
367 448 9 10 0.036576346 
101 430 9 13 0.036548637 
630 393 7 9 0.036434088 
978 398 9 13 0.036334265 
342 506 14 17 0.036236204 
65 428 9 12 0.03593471 
147 471 25 29 0.035820164 
706 454 8 11 0.035626758 
451 444 11 15 0.035613015 
351 496 12 13 0.035526473 
425 438 9 11 0.035505105 
685 342 10 12 0.035468787 
357 495 10 12 0.035337478 
464 504 22 32 0.035335075 
375 422 11 14 0.03522395 
13 76 411 494 0.03515265 
638 400 8 10 0.03503726 
350 439 9 11 0.03500328 
232 344 7 9 0.03461232 
119 513 28 32 0.034482256 
137 425 19 22 0.03430842 
904 431 10 13 0.034181412 
108 459 12 19 0.03406621 
302 406 8 10 0.033919256 
436 496 13 20 0.03389017 
391 415 9 11 0.033853088 
408 452 10 12 0.0337954 
431 497 12 17 0.033781216 
184 545 19 22 0.03373563 
450 418 9 12 0.0337283 
52 424 9 10 0.03361366 
678 414 11 13 0.033561327 
438 430 9 12 0.033474024 
848 426 12 15 0.033445247 
554 461 22 30 0.033409998 
161 549 39 41 0.033350933 
285 389 8 10 0.03332401 
968 426 10 13 0.033221316 
277 431 9 11 0.0329834 
768 382 8 11 0.032920197 
903 493 26 34 0.032880142 
433 408 8 11 0.03285568 
816 399 9 10 0.032797802 
534 429 10 11 0.032722153 
1 546 50 85 0.032709625 
519 458 11 15 0.032591145 
428 486 12 16 0.03252361 
166 416 9 11 0.032469314 
520 420 8 11 0.03242207 
343 470 10 14 0.03227319 
465 457 12 16 0.032183036 
127 434 11 15 0.031977233 
488 429 9 12 0.031760786 
438 486 22 31 0.03175986 
625 374 8 10 0.031610552 
770 332 10 12 0.031473417 
309 477 17 22 0.031382024 
977 421 9 12 0.031300925 
10 442 10 13 0.031091126 
72 439 9 12 0.03104769 
526 428 11 15 0.030875878 
134 443 14 19 0.03077256 
204 474 26 30 0.030686118 
671 415 9 10 0.030653717 
438 485 12 18 0.030602695 
334 343 9 11 0.030544082 
430 427 9 13 0.030458596 
616 417 7 10 0.0304006 
884 413 9 12 0.030379754 
932 410 11 13 0.030271353 
116 435 11 16 0.030202616 
384 423 9 12 0.03013937 
336 352 10 11 0.030098012 
545 420 9 11 0.030093431 
800 434 11 13 0.029800462 
770 371 10 12 0.029730948 
88 533 10 13 0.029602932 
137 392 8 10 0.029566098 
430 333 11 14 0.029387828 
409 436 9 12 0.029378697 
177 350 8 9 0.029324992 
885 406 9 11 0.029321158 
495 422 10 12 0.02924338 
795 411 11 15 0.02920686 
326 423 9 10 0.029119544 
87 462 12 17 0.029091781 
523 434 12 16 0.029071528 
662 342 9 10 0.029024485 
785 405 9 11 0.029020986 
965 422 11 13 0.029014383 
210 341 7 9 0.02900901 
370 430 9 11 0.028893122 
703 404 8 11 0.028863393 
54 468 11 14 0.028843023 
506 497 14 20 0.028750772 
257 402 9 12 0.028662797 
156 436 15 20 0.02866099 
94 463 20 25 0.028584799 
893 464 27 32 0.02848982 
12 462 11 16 0.028383097 
11 475 11 15 0.028374739 
412 521 23 30 0.028369332 
333 508 12 15 0.02835649 
694 405 9 12 0.028354658 
581 398 8 10 0.028224621 
964 445 13 18 0.028196013 
484 309 11 15 0.028061708 
999 428 10 12 0.027923424 
13 528 44 69 0.027879259 
369 439 8 9 0.027834374 
178 460 13 17 0.02776421 
262 424 19 23 0.027759051 
172 473 16 19 0.027708475 
712 404 8 10 0.027502405 
401 416 8 9 0.02746892 
159 408 8 11 0.027449206 
112 424 9 11 0.027422134 
367 269 10 15 0.027399808 
172 447 12 18 0.027338665 
337 391 8 10 0.027312353 
613 423 9 12 0.02722918 
877 403 13 15 0.027184928 
223 416 8 10 0.027077045 
326 401 8 10 0.027063036 
222 408 7 10 0.026952667 
282 391 7 9 0.026867494 
321 390 8 10 0.026702056 
515 436 20 25 0.026691524 
1008 388 12 15 0.026681494 
660 436 23 29 0.026636876 
741 435 11 14 0.026598014 
349 453 9 12 0.026585776 
965 373 8 11 0.026436407 
980 430 19 25 0.026430845 
263 433 13 15 0.026385373 
156 505 16 22 0.026342375 
248 431 20 25 0.026317803 
649 392 7 9 0.026311291 
374 262 21 32 0.02628267 
967 415 9 13 0.026269518 
924 400 21 25 0.026230957 
231 429 10 13 0.02622842 
558 391 7 9 0.026191557 
232 436 11 13 0.026173696 
486 423 8 11 0.026170846 
348 470 21 25 0.026150845 
381 414 9 11 0.026139664 
302 440 10 11 0.026022272 
168 426 11 14 0.026003825 
24 450 10 14 0.025977619 
726 624 50 71 0.025902502 
103 436 10 15 0.025880737 
1006 433 19 26 0.025839498 
625 392 8 10 0.025833352 
268 459 12 14 0.025731687 
273 408 8 11 0.025672425 
-7 106 126 210 0.02565793 
609 398 9 11 0.025657767 
450 409 18 23 0.025609387 
687 349 9 11 0.025524834 
607 374 7 9 0.025501521 
909 492 15 21 0.025461327 
687 365 8 10 0.025403326 
21 406 8 12 0.025361972 
624 405 8 10 0.025284104 
718 333 8 11 0.02513187 
977 415 9 12 0.025131108 
987 421 11 12 0.0251226 
453 524 11 16 0.025085969 
442 523 14 18 0.025035005 
670 392 8 11 0.024881333 
462 418 10 12 0.024863638 
481 409 9 10 0.024852669 
908 476 27 33 0.024840912 
158 500 13 17 0.024779797 
973 647 41 79 0.024662808 
669 406 9 11 0.024654383 
455 409 10 13 0.024635902 
477 426 10 13 0.024464833 
992 365 12 15 0.024411095 
870 445 14 15 0.024364566 
598 438 9 12 0.024291294 
295 439 9 11 0.024271172 
415 478 13 17 0.02422785 
523 454 22 29 0.024147928 
82 447 19 25 0.02405649 
141 471 14 18 0.024050366 
693 437 10 14 0.023993002 
512 428 10 14 0.023933768 
870 467 23 30 0.023885898 
995 472 12 16 0.02386214 
770 390 9 12 0.023858022 
503 408 8 10 0.023807462 
616 403 8 10 0.023803076 
88 443 11 14 0.023731507 
597 416 8 10 0.023728797 
407 324 13 16 0.023723029 
696 366 10 13 0.023671243 
563 436 10 14 0.023621775 
217 408 8 9 0.023603369 
161 367 8 10 0.023570372 
514 327 8 11 0.023507383 
149 422 11 14 0.023485677 
262 358 8 11 0.023456093 
364 483 12 15 0.02342782 
298 405 8 10 0.023374518 
487 437 12 17 0.02325705 
439 437 18 26 0.023145914 
264 352 8 9 0.023131797 
142 459 24 31 0.0230472 
53 429 10 12 0.023028782 
126 452 16 22 0.023028465 
999 402 12 15 0.023027001 
380 326 12 15 0.022981443 
96 382 8 10 0.02296578 
538 453 24 30 0.022964502 
1008 421 9 12 0.022887195 
996 442 13 16 0.02288261 
177 405 9 12 0.022871157 
679 393 8 11 0.022866528 
611 447 14 16 0.022819674 
325 413 9 11 0.02278984 
918 411 14 18 0.022756102 
55 452 10 13 0.022755057 
159 413 9 13 0.02274019 
656 428 9 13 0.022673642 
115 454 21 28 0.02265649 
201 352 7 9 0.022641134 
979 454 12 16 0.022638772 
239 415 8 11 0.022625893 
213 341 7 9 0.022597034 
862 396 15 18 0.022556635 
168 564 37 45 0.022533733 
145 360 10 12 0.022479992 
62 454 11 14 0.022458067 
534 422 9 11 0.022447975 
960 449 13 18 0.022443188 
17 410 10 13 0.022305228 
177 359 7 9 0.02228433 
687 359 7 9 0.022282533 
896 356 9 12 0.022276254 
541 428 10 12 0.022258494 
205 416 19 24 0.022245092 
102 443 11 17 0.022239966 
395 545 14 16 0.022213737 
177 366 8 10 0.022212856 
694 378 11 14 0.02221062 
771 358 12 15 0.022207517 
784 364 9 11 0.022169895 
396 301 14 20 0.022151547 
398 407 8 10 0.022142958 
243 422 19 23 0.022054357 
208 352 7 9 0.022018408 
53 529 27 41 0.022009814 
1003 395 19 25 0.021976825 
374 435 9 11 0.021966774 
47 469 11 14 0.021963045 
346 500 18 23 0.021952974 
789 415 12 17 0.02193235 
623 398 8 11 0.02182999 
518 409 9 11 0.021759968 
597 460 12 18 0.021723734 
476 506 15 21 0.02163984 
242 437 19 25 0.021615904 
480 452 25 31 0.021561747 
703 422 9 10 0.021553462 
369 307 193 229 0.021499578 
462 430 9 11 0.021486593 
697 367 18 25 0.021476889 
438 519 14 18 0.021464568 
263 443 19 22 0.021462712 
358 415 8 9 0.021329533 
333 468 12 17 0.021320837 
625 428 10 13 0.021299995 
400 460 11 13 0.021286318 
729 412 11 12 0.021284977 
333 459 13 16 0.021271342 
359 447 8 10 0.02122412 
773 347 12 14 0.021220446 
0 563 31 49 0.02121106 
728 437 11 14 0.021189878 
320 435 11 12 0.02115781 
924 417 13 16 0.021121 
388 483 11 14 0.021066122 
149 364 10 12 0.020971172 
184 203 29 33 0.020965023 
1007 412 12 15 0.02095647 
421 423 20 25 0.020891227 
994 437 21 27 0.020883778 
167 525 21 23 0.020788841 
640 352 9 10 0.020779636 
901 422 10 13 0.020732237 
72 563 39 61 0.020702306 
483 495 14 18 0.020687504 
174 437 11 17 0.020663638 
922 572 44 54 0.020663094 
658 374 8 10 0.020627072 
384 398 8 11 0.02057959 
358 438 8 11 0.020548157 
23 469 11 15 0.020546088 
145 495 22 36 0.020505922 
547 471 26 32 0.020502033 
836 410 12 15 0.020448735 
556 407 9 11 0.02042707 
384 439 9 11 0.020398192 
678 392 19 25 0.020371072 
773 328 10 12 0.02033656 
999 356 19 25 0.020315025 
360 423 8 10 0.020300832 
257 468 11 15 0.020278731 
686 453 12 14 0.020248791 
399 456 9 12 0.020215733 
556 452 14 19 0.020183647 
272 399 9 10 0.020083694 
895 503 24 33 0.020010818 
239 360 7 8 0.02000177 
