0_Parade_marchingband_1_355
74
563 83 29 46 0.99888366 
455 109 26 37 0.9969194 
689 102 42 54 0.9960532 
885 106 29 39 0.9956792 
815 176 31 41 0.99418604 
537 112 17 22 0.57149297 
352 106 25 30 0.57066935 
342 111 28 34 0.28818044 
814 125 23 28 0.16607718 
963 109 11 16 0.13365343 
907 83 24 28 0.12978294 
139 53 13 16 0.11561083 
696 55 10 14 0.094752155 
983 164 13 15 0.09020705 
326 12 28 36 0.08836854 
533 86 9 11 0.07438144 
584 163 37 50 0.071924664 
205 61 13 18 0.07139014 
333 119 30 35 0.071153425 
331 113 48 58 0.06762032 
988 184 16 20 0.06201738 
464 167 38 48 0.054897845 
898 88 41 49 0.054586206 
513 153 15 19 0.054007467 
772 237 12 15 0.04898444 
429 126 8 11 0.048365667 
542 100 26 34 0.047801025 
959 102 19 27 0.047466133 
789 108 14 17 0.042772923 
338 128 18 21 0.042553727 
111 324 9 12 0.039613396 
810 81 13 17 0.03744941 
658 111 13 16 0.03703342 
422 119 10 13 0.036682136 
750 127 31 35 0.03651072 
965 62 13 18 0.036364138 
660 112 24 32 0.03631976 
161 37 11 14 0.035830613 
928 130 17 22 0.035767708 
379 124 12 15 0.035693925 
196 57 23 28 0.035263382 
120 301 8 9 0.03390854 
922 103 27 36 0.03384751 
125 84 15 19 0.033639383 
191 2 31 33 0.033153288 
423 124 11 15 0.029891303 
867 135 14 19 0.02984909 
549 88 29 37 0.02969718 
563 42 13 19 0.028875062 
106 303 7 9 0.028696617 
124 77 25 31 0.028570091 
981 160 20 26 0.027997611 
333 125 14 18 0.027941262 
408 162 12 17 0.027441813 
436 51 10 12 0.027347732 
136 47 12 15 0.026895624 
594 112 16 21 0.02627424 
590 105 29 33 0.02573597 
389 120 15 18 0.02528462 
196 77 15 20 0.024732973 
201 8 17 21 0.02449098 
336 136 12 16 0.024379635 
367 103 26 31 0.023108998 
126 301 8 9 0.022422284 
73 303 7 10 0.022219786 
530 97 23 30 0.022189092 
179 0 17 15 0.02186981 
429 120 10 11 0.02112756 
178 1 31 31 0.020805396 
777 104 25 31 0.020787477 
147 46 11 14 0.02028628 
117 51 11 14 0.020169975 
415 116 11 16 0.020125654 
327 129 13 16 0.020022126 
