0_Parade_Parade_0_377
532
255 503 71 95 0.9912907 
851 359 74 80 0.9829701 
976 339 21 26 0.95978236 
87 366 57 63 0.9525246 
575 308 26 28 0.9407778 
730 308 22 25 0.9068587 
548 297 18 24 0.88998973 
10 264 49 71 0.87671304 
248 404 25 31 0.8731676 
346 335 23 35 0.8628193 
427 307 18 26 0.7657848 
764 314 19 21 0.7517729 
245 343 30 30 0.73738927 
944 320 17 22 0.7358864 
452 275 21 25 0.71564287 
146 317 43 50 0.5376069 
419 255 17 21 0.52700335 
468 314 15 20 0.5257632 
810 309 14 17 0.5031108 
314 384 23 33 0.49485692 
397 274 16 19 0.4584507 
897 309 14 18 0.43571103 
365 379 25 30 0.40124187 
357 273 24 29 0.36986703 
325 336 25 31 0.36615062 
846 311 12 16 0.34673378 
189 282 17 22 0.344477 
649 315 14 16 0.33473563 
487 294 13 17 0.31618175 
100 235 26 28 0.29560938 
711 316 12 15 0.28864437 
655 334 9 11 0.28227296 
635 312 11 14 0.2706886 
831 318 12 14 0.2636085 
614 315 16 20 0.26220372 
0 238 32 38 0.24591267 
192 411 24 32 0.22429861 
111 456 36 42 0.22267778 
516 314 14 18 0.22017853 
68 386 52 57 0.21757188 
73 254 44 53 0.21608496 
466 296 21 28 0.21483883 
427 296 21 27 0.21460046 
544 256 10 13 0.21178348 
176 221 12 16 0.2115138 
374 232 12 15 0.21004054 
698 292 11 15 0.20382036 
264 253 12 14 0.20098059 
608 348 15 19 0.20087838 
612 301 14 18 0.18864256 
822 495 33 42 0.18608607 
48 413 45 53 0.1858894 
25 239 29 36 0.18167502 
929 315 24 30 0.18155164 
595 314 14 20 0.18042575 
180 223 13 15 0.17914766 
68 353 50 58 0.17823079 
583 279 11 13 0.17674759 
680 287 10 12 0.17661679 
691 315 13 17 0.16956139 
480 244 10 12 0.16865382 
47 349 43 51 0.16637382 
575 260 10 14 0.1618242 
316 274 26 33 0.15850918 
79 198 9 12 0.15452854 
995 299 14 17 0.1481772 
358 377 21 30 0.14703421 
345 274 23 31 0.14651817 
36 238 14 18 0.14613914 
189 223 12 15 0.14480321 
680 334 12 14 0.13968088 
175 215 11 13 0.13933371 
792 300 20 26 0.13918768 
477 347 17 21 0.13699068 
576 278 10 13 0.13438132 
597 330 13 18 0.13068332 
579 325 16 20 0.13049573 
634 392 14 18 0.129002 
328 274 26 34 0.1277951 
768 286 8 11 0.12678428 
230 276 16 23 0.12625897 
854 324 12 15 0.12497613 
364 401 15 20 0.12216014 
349 385 13 20 0.122117996 
684 332 12 14 0.11767878 
719 286 11 14 0.117259495 
536 254 9 13 0.11623395 
589 277 12 15 0.11127347 
260 443 29 33 0.10993736 
16 483 43 53 0.109904654 
951 241 27 31 0.109062 
172 279 26 30 0.1074202 
664 273 8 12 0.10723129 
534 307 13 18 0.106786795 
533 293 11 16 0.10631254 
687 323 13 17 0.105951086 
681 292 10 12 0.10062903 
124 215 10 14 0.10044828 
700 287 11 14 0.09996344 
388 352 22 33 0.09947401 
369 280 16 21 0.099320516 
491 339 15 22 0.09888983 
463 255 14 17 0.09846372 
650 322 13 16 0.09604946 
53 494 50 49 0.095969304 
379 235 11 15 0.09397286 
257 406 29 32 0.093577854 
670 333 10 14 0.09162877 
852 316 12 16 0.09110968 
103 189 11 13 0.09071079 
180 328 13 19 0.09065485 
156 221 10 12 0.09034452 
94 248 32 36 0.08949986 
502 421 39 52 0.088774726 
615 246 8 10 0.087635115 
38 211 11 12 0.08573535 
54 219 11 14 0.08510548 
367 228 15 18 0.08479537 
790 295 12 14 0.08232939 
269 291 14 16 0.081575036 
1004 261 11 14 0.081269085 
60 213 10 13 0.0809635 
682 271 9 10 0.0790283 
57 229 12 14 0.077776395 
734 330 13 17 0.07772772 
30 260 31 50 0.07591311 
662 333 10 14 0.07543979 
320 251 13 16 0.075296804 
270 237 12 16 0.07482525 
510 289 24 31 0.07397161 
89 434 87 98 0.07006167 
614 296 10 13 0.069645606 
364 267 17 23 0.06875153 
188 466 29 40 0.06790469 
656 284 10 11 0.067809656 
554 293 15 19 0.0676931 
678 386 11 14 0.06761467 
76 277 30 36 0.0660375 
932 320 14 19 0.065579295 
547 259 11 13 0.06483167 
477 312 20 26 0.06414979 
168 320 27 37 0.06402272 
446 280 18 21 0.06252173 
815 355 13 16 0.062367387 
208 244 12 16 0.062260117 
500 322 14 19 0.061676525 
269 285 25 27 0.0614657 
604 314 12 18 0.061331574 
387 293 15 20 0.061065804 
390 307 24 29 0.061031185 
630 293 9 11 0.060818925 
408 416 14 17 0.060300197 
279 444 23 30 0.059292167 
206 213 8 9 0.058609176 
492 283 14 18 0.058488183 
371 368 31 36 0.058052044 
479 240 9 12 0.05803876 
59 233 13 15 0.058038183 
558 320 14 20 0.057821546 
212 250 11 13 0.057282947 
265 256 17 18 0.05726164 
651 301 12 15 0.05689737 
178 275 19 22 0.05663045 
776 321 14 18 0.05602636 
630 270 8 11 0.05572854 
795 312 14 18 0.055621266 
476 294 15 19 0.05535877 
676 317 12 15 0.055306666 
295 440 23 29 0.055248607 
669 323 13 15 0.054976966 
332 421 27 37 0.054121077 
197 228 11 14 0.053297848 
392 238 10 14 0.052925 
30 347 41 56 0.052657258 
434 293 16 19 0.052575495 
661 284 9 12 0.052541077 
207 238 11 14 0.05248364 
63 344 37 43 0.05196791 
527 249 10 12 0.051351327 
387 275 22 29 0.05095915 
806 332 14 17 0.05091445 
982 321 15 18 0.05078617 
535 284 10 15 0.050635602 
200 213 10 12 0.05048785 
1001 339 20 26 0.050422974 
54 524 69 64 0.050112236 
527 298 14 17 0.04982588 
96 200 9 10 0.04949436 
773 288 9 11 0.049414016 
545 269 10 13 0.04897582 
373 276 24 30 0.0480535 
32 488 48 53 0.047940146 
858 319 18 20 0.047725778 
261 396 15 20 0.047704127 
213 214 8 10 0.047550518 
684 299 11 14 0.04754028 
103 397 52 67 0.04661061 
188 421 18 25 0.0464957 
303 296 12 17 0.04617159 
605 304 18 25 0.04615541 
425 250 16 22 0.04606768 
140 236 14 19 0.046035197 
460 395 13 16 0.045917187 
488 274 13 17 0.04570065 
264 387 25 27 0.045057114 
323 320 25 34 0.04454525 
129 460 31 38 0.043702777 
462 304 17 23 0.043555982 
457 286 16 22 0.04354729 
972 320 13 17 0.04342824 
45 214 11 13 0.04333875 
51 397 34 42 0.043120157 
1000 382 10 13 0.043090448 
319 347 27 36 0.042958044 
204 221 10 12 0.04287994 
356 265 18 22 0.042802136 
408 326 30 37 0.042478785 
563 308 22 27 0.041728877 
270 274 22 25 0.041703247 
158 277 28 32 0.041538686 
563 291 12 15 0.041336548 
267 265 18 21 0.041310515 
511 275 12 17 0.041205645 
119 435 51 62 0.040860068 
50 485 36 40 0.040746946 
334 419 15 20 0.040562436 
25 363 29 33 0.040523402 
1005 301 12 15 0.040470462 
230 222 10 12 0.040407702 
52 264 43 58 0.04038441 
535 250 7 10 0.04027952 
214 299 28 40 0.040271007 
632 325 11 15 0.040257894 
388 262 23 28 0.040127546 
499 291 20 28 0.040017284 
70 487 33 38 0.03973815 
625 270 9 11 0.03973041 
196 221 13 14 0.03965205 
393 224 10 12 0.039103813 
368 657 46 60 0.0390695 
332 281 15 20 0.038986772 
463 294 15 23 0.03893715 
655 387 9 13 0.03839106 
664 325 9 13 0.038293015 
356 342 28 33 0.038264737 
314 362 27 35 0.038255733 
350 305 16 20 0.03807159 
152 215 10 13 0.037967663 
286 268 14 18 0.037907533 
585 320 21 26 0.03786798 
75 198 9 12 0.037800126 
542 304 14 20 0.037610047 
235 284 15 21 0.037599213 
232 450 21 29 0.03758707 
83 198 11 12 0.03750314 
519 307 19 26 0.037334967 
45 412 27 32 0.037105136 
669 277 10 12 0.036712747 
999 266 13 16 0.036682807 
308 436 22 31 0.036662757 
759 285 10 13 0.03632257 
427 262 15 19 0.036301754 
158 216 9 12 0.035962537 
654 292 12 15 0.035714447 
295 333 42 51 0.03569883 
455 430 12 15 0.03567524 
458 268 18 22 0.035668626 
679 278 10 12 0.03561725 
522 432 15 22 0.03556665 
677 323 14 17 0.035373725 
290 299 16 18 0.034918804 
147 243 13 19 0.034908827 
33 206 10 14 0.034639068 
207 293 28 34 0.03463699 
492 325 20 27 0.034461305 
965 321 14 18 0.033806887 
266 416 25 28 0.033701066 
389 347 16 23 0.033516925 
834 312 18 24 0.03351191 
624 287 8 10 0.033505607 
227 269 16 21 0.0334801 
281 290 17 20 0.0333629 
254 260 11 14 0.033199295 
185 221 21 23 0.0331259 
392 229 11 14 0.033094365 
1012 307 11 17 0.0330413 
56 208 9 11 0.033020247 
340 323 15 18 0.03297922 
516 281 15 21 0.032972384 
214 231 9 10 0.032871086 
343 323 25 32 0.032408755 
503 323 19 27 0.032389794 
331 430 37 46 0.032375433 
539 166 417 480 0.03235153 
472 246 9 11 0.032265015 
647 284 10 11 0.03215806 
714 309 13 17 0.032121405 
188 287 25 28 0.0320714 
376 264 25 30 0.03193414 
259 423 30 36 0.031918567 
616 306 15 18 0.031751957 
805 323 14 17 0.031649735 
437 280 24 32 0.031576134 
663 261 8 10 0.03157218 
474 238 9 12 0.031543996 
350 268 15 20 0.031503905 
91 458 50 55 0.03128514 
475 260 12 15 0.031201953 
544 291 14 20 0.030937208 
1010 340 13 20 0.030899176 
452 394 14 18 0.030887425 
679 325 21 24 0.03087815 
47 218 12 14 0.030848812 
628 301 12 16 0.030810645 
421 318 24 36 0.030809691 
919 310 26 32 0.030676944 
453 238 10 14 0.030385124 
820 307 11 15 0.03035009 
361 360 29 35 0.030340308 
599 240 8 9 0.03008472 
244 228 13 16 0.030074961 
0 281 47 78 0.030001815 
117 302 61 62 0.029893283 
523 321 15 21 0.029687053 
311 286 25 31 0.029605556 
872 523 13 17 0.029580545 
264 400 19 25 0.029509988 
260 243 21 25 0.029355424 
279 340 31 40 0.029184993 
327 322 14 19 0.029130446 
945 348 22 29 0.02911228 
809 337 16 16 0.029054247 
204 498 44 60 0.029050164 
486 286 14 18 0.029011052 
993 292 15 17 0.02900854 
662 256 9 11 0.02900666 
168 213 11 14 0.02893074 
671 350 8 11 0.028878137 
558 288 12 15 0.028771639 
990 337 21 27 0.028613357 
63 376 37 48 0.02858688 
244 281 13 19 0.028566457 
247 260 10 14 0.028538983 
758 302 11 14 0.028499467 
30 400 82 95 0.028183017 
508 402 12 16 0.028148541 
725 289 11 15 0.028118642 
371 391 27 32 0.02806952 
605 339 15 20 0.028059596 
239 347 39 48 0.028025165 
668 272 10 11 0.028024152 
137 238 23 31 0.02797928 
4 230 44 56 0.027942387 
581 275 20 23 0.027920032 
510 304 16 22 0.027744487 
623 293 10 12 0.027694387 
373 225 10 13 0.027678233 
390 428 10 12 0.027360406 
257 346 35 38 0.02731015 
71 204 9 12 0.027281221 
984 321 22 27 0.027229376 
594 277 12 14 0.02716467 
0 323 27 51 0.02715446 
656 375 8 12 0.027033523 
695 285 20 24 0.02699579 
1011 350 13 20 0.026899757 
359 235 13 16 0.026876912 
555 310 15 21 0.02667072 
200 234 10 14 0.02664209 
85 283 34 38 0.026638273 
992 306 14 17 0.026440797 
696 310 19 24 0.026415598 
201 283 15 18 0.026302576 
469 349 17 22 0.026273783 
748 382 14 15 0.02622082 
670 262 9 10 0.026198806 
415 261 14 19 0.02615682 
694 349 9 11 0.026070211 
649 295 11 13 0.02606613 
401 361 14 20 0.026039066 
681 264 8 10 0.025963282 
365 239 14 17 0.025853153 
95 295 56 58 0.025789775 
445 350 13 16 0.025786595 
84 427 47 58 0.025721705 
63 209 9 12 0.02571653 
735 295 11 13 0.025642345 
667 329 18 23 0.025605453 
757 309 14 17 0.025558056 
686 265 8 10 0.025539521 
514 334 17 22 0.025511313 
140 211 11 15 0.025506362 
931 301 14 16 0.025393222 
996 316 14 17 0.025264727 
749 309 12 16 0.025241768 
1014 314 11 15 0.02520442 
678 347 11 13 0.025170555 
156 227 12 13 0.025127769 
429 258 23 30 0.025107162 
758 290 11 15 0.025101677 
172 269 17 21 0.02503703 
805 336 23 30 0.024958435 
519 234 11 13 0.024957828 
477 357 16 20 0.02481874 
324 390 24 30 0.024753608 
146 272 46 54 0.024751315 
592 245 8 10 0.024735143 
701 332 11 13 0.024729853 
232 324 45 52 0.024694724 
695 279 9 11 0.024653094 
785 295 10 12 0.024517577 
434 268 25 30 0.024490371 
318 337 15 20 0.024482856 
229 505 49 62 0.024404492 
209 307 48 58 0.024363331 
403 270 21 27 0.024289344 
291 456 27 34 0.024269877 
664 388 10 14 0.024082808 
263 236 14 17 0.02400836 
272 449 17 22 0.0240038 
351 291 22 30 0.023938123 
411 308 26 34 0.02380194 
319 297 25 33 0.023781167 
215 274 12 16 0.023766339 
855 367 41 49 0.023764487 
830 311 10 13 0.023693537 
322 376 17 26 0.023684034 
491 314 15 22 0.023658218 
421 244 16 20 0.023651134 
326 414 25 33 0.023624921 
256 448 45 51 0.02356167 
259 276 25 29 0.023561351 
482 576 9 11 0.023548607 
147 245 25 31 0.023435952 
956 328 13 18 0.023389662 
240 451 43 51 0.023383705 
255 252 12 15 0.0233749 
237 226 14 18 0.023323175 
562 326 15 20 0.02329832 
212 293 15 19 0.023295296 
399 338 29 42 0.023083253 
970 318 22 27 0.02306975 
230 356 12 16 0.022896724 
306 294 17 21 0.022824792 
470 425 13 15 0.022795826 
435 403 15 18 0.022749892 
446 242 12 17 0.022735931 
336 285 25 33 0.022604933 
1013 398 10 16 0.022603 
158 264 26 30 0.022581378 
173 212 19 23 0.022577496 
418 335 28 36 0.022513155 
246 252 11 14 0.02250697 
631 288 8 11 0.0224765 
526 259 11 15 0.022340309 
45 228 13 17 0.022261057 
296 240 10 11 0.0222579 
466 264 16 20 0.022225013 
341 375 22 32 0.02220164 
282 273 16 21 0.02218457 
198 237 24 30 0.02217731 
336 312 24 31 0.022154985 
381 310 16 23 0.02213956 
662 382 10 13 0.022082642 
329 330 37 50 0.022067871 
436 245 13 19 0.022060938 
504 269 11 15 0.022046488 
1011 301 11 15 0.022007275 
925 308 16 19 0.022005469 
589 254 9 11 0.021995293 
114 235 24 32 0.02197611 
794 294 16 16 0.021945113 
673 383 10 13 0.021907143 
978 408 30 34 0.02185013 
248 275 22 28 0.021849642 
135 203 12 15 0.021826088 
435 300 22 29 0.021781217 
168 440 45 60 0.021724677 
662 317 12 15 0.021705506 
714 320 12 17 0.02169825 
232 226 11 15 0.021687476 
170 302 44 55 0.02163915 
736 303 17 19 0.021605736 
439 235 11 14 0.02160135 
4 491 33 50 0.021584205 
29 506 66 70 0.021550456 
89 287 18 23 0.02146746 
294 410 16 22 0.021461641 
217 321 27 38 0.021392422 
206 299 15 19 0.021383788 
405 252 12 16 0.021251546 
107 329 62 70 0.021188017 
155 267 16 19 0.021158468 
238 234 11 15 0.02114572 
-2 275 27 46 0.021128275 
232 216 9 12 0.021085687 
624 264 9 11 0.021049792 
696 269 9 11 0.021034762 
254 214 11 13 0.021008415 
531 331 13 17 0.020981042 
436 274 14 18 0.020979965 
299 319 26 37 0.020948123 
146 266 28 34 0.020927478 
93 266 33 42 0.020925935 
226 308 18 26 0.020786716 
411 281 14 18 0.0207248 
277 227 13 16 0.020705482 
276 430 25 32 0.02068271 
383 384 18 22 0.02067922 
576 240 8 10 0.020633139 
325 368 15 21 0.020632854 
362 261 16 20 0.020607553 
414 314 15 21 0.020594373 
195 296 14 17 0.020593533 
780 304 20 26 0.020505758 
40 226 21 28 0.020473229 
452 294 15 21 0.020424744 
400 316 27 32 0.020405047 
265 345 18 21 0.020387124 
205 229 11 15 0.020372825 
281 394 15 20 0.020372188 
217 268 11 15 0.020286614 
19 218 15 19 0.020260436 
986 316 16 19 0.020230178 
404 245 24 29 0.020196436 
638 286 11 12 0.020138908 
389 404 12 16 0.020119384 
519 280 22 31 0.020102482 
503 275 12 18 0.02009168 
678 281 19 23 0.020060355 
477 250 12 15 0.020052034 
403 370 12 17 0.02001083 
