0_Parade_Parade_0_873
637
818 503 64 81 0.998705 
319 461 48 61 0.99842024 
402 324 25 33 0.9977278 
298 354 25 30 0.99740416 
149 411 34 38 0.9970521 
612 488 51 73 0.9962205 
745 355 24 31 0.99613804 
772 358 24 32 0.9944886 
450 395 32 44 0.9939547 
627 364 24 31 0.9921079 
716 406 34 45 0.9911317 
727 485 45 64 0.9897098 
453 521 66 84 0.98881197 
957 343 31 36 0.9868019 
95 585 77 105 0.9844318 
853 328 21 27 0.98373204 
29 432 31 44 0.9815553 
867 579 104 122 0.9766947 
902 376 24 35 0.97401625 
964 296 15 20 0.97218704 
211 308 19 23 0.971422 
370 322 20 23 0.9696186 
23 299 13 16 0.9646805 
131 386 27 33 0.962766 
932 297 22 28 0.9619504 
60 336 14 17 0.9573714 
277 373 23 29 0.9540391 
927 404 46 50 0.9539993 
702 290 14 18 0.95151675 
743 314 20 25 0.9495919 
668 363 22 28 0.9485241 
665 393 26 36 0.94837296 
480 310 17 22 0.9467301 
808 352 20 27 0.9462062 
818 319 22 27 0.93239397 
189 358 17 22 0.9234365 
467 349 16 21 0.92241085 
317 403 33 45 0.9222476 
426 307 16 20 0.91376495 
901 350 28 36 0.8868071 
318 322 14 18 0.8823371 
14 362 22 29 0.8773842 
587 322 14 17 0.8750032 
991 308 22 28 0.87175417 
974 458 50 74 0.8702252 
78 461 47 59 0.86696583 
907 307 16 19 0.8647606 
572 309 13 16 0.8567346 
0 390 22 32 0.84217054 
980 294 15 20 0.83988816 
32 338 15 17 0.83280677 
856 380 26 35 0.82583004 
631 310 17 22 0.8139704 
624 333 18 28 0.79900324 
735 300 15 18 0.7843019 
663 312 13 19 0.7820821 
79 371 22 27 0.7716394 
657 616 64 65 0.7594746 
446 371 25 32 0.7527351 
934 271 16 18 0.74853784 
995 363 25 37 0.74599755 
501 322 16 20 0.71111387 
553 424 38 55 0.70874155 
511 372 20 28 0.69267315 
982 283 17 21 0.68531156 
777 416 36 42 0.6643205 
459 317 14 18 0.64231926 
178 336 15 18 0.6190134 
721 366 20 28 0.6160375 
810 438 42 50 0.6101302 
534 359 24 30 0.5926272 
247 323 14 16 0.59249777 
523 345 17 22 0.5531959 
336 369 26 30 0.5475925 
691 389 28 35 0.53719 
140 481 31 55 0.5335519 
794 315 15 20 0.53168803 
293 331 14 18 0.5228869 
96 465 47 64 0.4905671 
246 344 15 18 0.45916885 
77 355 13 15 0.45326707 
969 423 37 54 0.45103678 
811 296 13 17 0.45011884 
807 265 12 15 0.43345746 
151 333 12 14 0.4090078 
99 342 12 13 0.4073741 
275 318 16 18 0.40425047 
161 346 14 17 0.403576 
533 300 11 13 0.40078855 
586 369 25 29 0.39165744 
350 345 16 20 0.38504192 
534 317 14 17 0.38477007 
785 300 15 18 0.38436198 
528 351 22 29 0.38382483 
238 370 23 26 0.3808343 
154 327 11 13 0.37813446 
873 267 10 13 0.37283653 
501 359 17 22 0.3708743 
254 351 16 22 0.36683726 
920 275 12 15 0.3481697 
678 388 28 40 0.33433986 
15 546 28 39 0.31323358 
831 301 12 13 0.30046672 
710 307 15 19 0.30029294 
59 364 13 18 0.29648623 
691 358 15 19 0.29333922 
78 392 22 27 0.281036 
322 326 16 19 0.2791777 
202 399 21 26 0.27124876 
905 358 33 48 0.2708499 
708 270 9 11 0.26422107 
773 328 16 19 0.25680217 
4 326 14 19 0.25524923 
726 336 14 19 0.2551399 
1011 320 13 23 0.250916 
785 344 22 27 0.24882609 
320 352 20 26 0.2483508 
230 342 12 16 0.23588276 
744 268 10 13 0.22908935 
560 311 10 13 0.22132675 
143 392 18 21 0.21226871 
342 328 15 18 0.20996961 
252 327 16 18 0.20409898 
593 325 12 15 0.19868203 
864 341 24 29 0.19673271 
956 384 34 40 0.1905402 
789 424 42 54 0.18831213 
1001 310 18 31 0.1872301 
299 326 12 15 0.18698835 
796 346 23 27 0.18643595 
172 382 22 26 0.18620862 
791 409 33 37 0.18596639 
258 351 22 27 0.18398616 
603 377 22 27 0.17538613 
761 394 30 39 0.17367424 
502 342 13 17 0.17311001 
35 372 13 17 0.17195342 
65 443 30 34 0.17128906 
472 303 12 16 0.17037481 
861 284 13 16 0.16976534 
870 305 17 21 0.16623445 
1003 293 14 19 0.1659398 
436 327 13 18 0.16422176 
771 402 31 42 0.15999164 
913 412 42 51 0.15821126 
12 317 10 13 0.157929 
214 353 15 19 0.15784168 
158 363 13 19 0.15702547 
324 378 29 37 0.15567136 
17 345 15 18 0.15559094 
665 341 17 22 0.15102954 
708 353 17 21 0.15092288 
876 319 17 22 0.1508579 
237 326 12 15 0.15058495 
-1 372 8 15 0.14571226 
567 330 12 16 0.14355199 
681 311 11 14 0.14344688 
519 367 23 30 0.14141749 
967 393 33 43 0.1403269 
779 351 22 28 0.13952868 
150 368 14 18 0.1372696 
327 358 20 27 0.13560231 
573 395 24 29 0.12959015 
948 383 26 34 0.1286425 
582 316 14 18 0.12597321 
10 329 13 16 0.12534495 
835 308 15 18 0.125128 
598 389 24 29 0.123839535 
247 307 14 16 0.12134587 
535 309 13 16 0.11960609 
130 378 19 25 0.11954201 
758 300 13 15 0.11797398 
81 350 13 15 0.11696165 
812 263 10 14 0.11680133 
773 374 28 37 0.11337836 
700 397 32 40 0.112623714 
24 367 18 22 0.10912745 
679 361 19 27 0.107612185 
642 428 27 39 0.10748577 
201 339 12 14 0.106999494 
185 374 23 26 0.10578496 
126 342 11 13 0.10398334 
548 331 11 14 0.101265326 
739 308 14 18 0.10123475 
908 316 21 28 0.1011765 
135 350 12 14 0.10011562 
697 353 17 21 0.09996121 
857 280 10 13 0.09989068 
766 330 14 20 0.097346224 
761 285 11 13 0.0967712 
348 349 24 28 0.096416704 
898 336 16 20 0.09637129 
44 416 15 19 0.09598587 
954 440 55 67 0.095596865 
530 349 39 48 0.094133146 
539 320 15 18 0.09372858 
111 440 35 41 0.09366352 
378 308 14 18 0.09304619 
592 398 22 26 0.09205899 
226 416 30 33 0.091498174 
118 323 11 13 0.0910779 
654 430 30 43 0.09046949 
39 316 10 12 0.0904078 
101 335 12 13 0.09018121 
857 349 24 31 0.0892559 
802 400 28 32 0.08894903 
936 313 24 28 0.08870994 
163 319 12 13 0.08825019 
758 256 8 10 0.08793959 
779 339 21 24 0.086908504 
750 245 8 9 0.086839944 
743 275 11 14 0.08619877 
61 432 26 34 0.08439497 
18 356 17 22 0.08411078 
322 319 14 16 0.08400274 
199 352 20 25 0.083625995 
235 341 13 18 0.0831416 
784 255 8 10 0.08161244 
99 353 15 18 0.08122128 
529 342 16 18 0.08116639 
282 322 14 19 0.08114281 
449 343 16 21 0.08114132 
894 346 22 31 0.08035109 
166 384 17 21 0.080102846 
650 355 16 20 0.07963752 
71 361 13 17 0.07874749 
526 337 10 14 0.07792686 
204 388 22 27 0.07729784 
584 347 18 21 0.0771594 
727 307 15 19 0.07596017 
801 322 14 17 0.07506889 
54 357 12 15 0.074428245 
460 329 15 20 0.0741023 
345 361 19 24 0.07342778 
775 388 30 37 0.072129175 
123 478 36 55 0.071701705 
198 409 22 30 0.07160853 
334 353 23 29 0.071594134 
956 404 45 54 0.07120926 
822 279 8 11 0.07058359 
351 454 41 62 0.069932655 
685 325 14 19 0.069772296 
706 299 15 18 0.0694144 
21 413 22 26 0.06918985 
146 341 10 12 0.069075145 
789 295 12 14 0.06768184 
224 341 12 14 0.06751288 
100 361 21 26 0.06750361 
120 342 11 13 0.06729197 
578 374 26 32 0.06700921 
95 446 40 51 0.06683962 
30 395 14 17 0.06666104 
48 356 10 14 0.06545347 
856 365 25 36 0.06529077 
212 369 15 21 0.0626232 
31 317 10 12 0.062501356 
287 361 22 32 0.062425774 
537 437 45 62 0.06215033 
904 437 31 42 0.062098466 
109 334 8 11 0.06192081 
729 362 17 25 0.061750144 
8 547 45 59 0.061619997 
567 312 13 17 0.060616665 
483 335 16 20 0.060450878 
23 323 10 13 0.060072813 
44 340 11 14 0.059669115 
667 386 18 25 0.058930404 
149 389 23 27 0.058782414 
534 372 26 36 0.058544137 
507 451 44 60 0.058542904 
981 375 30 37 0.058442138 
862 322 21 27 0.058284447 
1016 270 8 13 0.05804141 
10 312 10 13 0.057730973 
942 393 39 43 0.05762768 
87 363 23 28 0.05728685 
159 378 13 20 0.056639455 
564 436 43 61 0.056365605 
760 292 12 14 0.056147076 
64 474 36 40 0.056108236 
45 348 11 15 0.055874456 
274 325 18 21 0.055745907 
328 313 10 11 0.05550931 
217 360 16 21 0.055234585 
8 372 12 16 0.055225916 
72 361 22 28 0.054090414 
429 328 13 19 0.053802676 
37 312 10 12 0.053719964 
911 300 18 22 0.053561144 
162 368 14 17 0.05330423 
988 302 35 48 0.05307698 
29 467 21 30 0.052611608 
844 380 25 32 0.052404266 
880 326 19 25 0.05231542 
830 311 20 27 0.052014425 
257 284 14 16 0.052010704 
925 271 18 21 0.051914822 
321 419 40 46 0.05187517 
218 410 25 32 0.05161084 
915 343 29 34 0.051519904 
229 364 24 28 0.05125633 
864 223 8 11 0.050730467 
249 375 16 22 0.050612554 
82 539 29 43 0.05046915 
106 372 15 20 0.050320055 
968 346 39 50 0.05026722 
748 263 10 12 0.05025509 
158 353 14 20 0.050249226 
713 347 17 22 0.050107006 
198 325 10 13 0.04981726 
22 402 21 26 0.049796227 
233 330 12 15 0.04972647 
132 370 16 21 0.049707286 
792 298 19 24 0.049496915 
644 359 23 30 0.049381 
4 370 24 33 0.049230278 
542 380 26 32 0.04913854 
574 338 13 16 0.049093477 
470 310 19 25 0.0488844 
65 453 39 42 0.04876183 
1001 237 9 11 0.048480816 
997 297 22 28 0.04847565 
582 390 26 31 0.048055146 
202 374 21 26 0.047892205 
582 327 15 19 0.04785305 
745 241 8 10 0.047678765 
361 394 24 28 0.047417775 
1 474 15 22 0.047153424 
214 397 23 30 0.046659242 
17 299 12 16 0.04630811 
455 404 43 52 0.04615578 
712 468 44 63 0.04583275 
914 327 18 22 0.04581079 
761 280 10 12 0.045780085 
513 323 13 16 0.04577798 
760 354 24 30 0.04570502 
688 365 22 27 0.045615576 
128 337 8 11 0.04558791 
94 371 21 27 0.045544654 
829 353 14 19 0.04536374 
266 340 22 27 0.04530075 
609 370 16 22 0.044804845 
902 336 23 31 0.04463461 
701 339 15 17 0.044497054 
928 336 24 30 0.044436168 
87 305 9 10 0.044412214 
677 330 14 21 0.04439525 
329 326 19 23 0.0443405 
787 277 10 12 0.043785773 
373 449 38 60 0.04375979 
963 270 11 13 0.04314026 
18 423 26 34 0.043116093 
7 397 23 32 0.042776395 
803 304 15 19 0.042673364 
7 434 26 34 0.04244969 
44 326 11 13 0.042216774 
56 424 25 30 0.041907128 
900 322 15 21 0.04178917 
715 338 18 20 0.04158462 
774 302 11 14 0.041385796 
78 342 12 13 0.04109324 
837 295 10 13 0.040877823 
692 330 15 20 0.04075552 
37 516 27 32 0.040554468 
139 364 20 24 0.040421933 
49 413 21 26 0.04040001 
763 383 19 25 0.0403942 
171 340 20 24 0.040169057 
533 428 35 41 0.040162105 
752 255 9 11 0.040037606 
150 358 13 17 0.039879397 
161 395 31 36 0.039394487 
530 317 11 15 0.039287124 
864 269 10 12 0.03914521 
341 345 20 26 0.03912433 
45 428 28 38 0.039109528 
984 317 23 30 0.039007984 
564 389 23 30 0.03894386 
318 392 25 36 0.038938385 
327 349 18 22 0.03877578 
306 360 23 34 0.038702212 
931 281 16 20 0.038364355 
632 512 51 71 0.03831563 
31 417 19 27 0.038139023 
538 347 14 18 0.038084 
763 365 27 36 0.038067065 
314 376 16 24 0.038003847 
921 392 35 42 0.03794644 
985 359 27 33 0.03782675 
356 344 21 25 0.037679005 
444 349 16 22 0.037543595 
824 387 25 29 0.03741988 
790 392 31 37 0.037404533 
284 348 14 21 0.037305772 
949 359 44 53 0.037267204 
1005 354 16 21 0.03725668 
658 351 17 23 0.03717026 
911 381 34 40 0.03712111 
683 336 14 20 0.03706242 
355 362 16 21 0.036932297 
269 361 22 28 0.036677923 
947 341 24 33 0.03654222 
667 355 17 22 0.036513135 
555 340 14 16 0.03641535 
952 377 20 25 0.03635029 
232 325 20 23 0.03633769 
134 333 10 12 0.036230713 
651 321 14 21 0.03600227 
747 347 20 24 0.0359701 
224 400 27 30 0.035884105 
570 324 14 17 0.035166148 
220 347 14 19 0.034979325 
644 321 15 21 0.034915753 
704 373 24 29 0.034902837 
78 335 11 12 0.03476687 
952 425 39 56 0.034545716 
732 315 14 18 0.034521528 
888 252 9 11 0.03445461 
888 247 8 11 0.034348648 
253 339 20 24 0.034307342 
816 255 10 11 0.034286983 
745 257 9 10 0.034199122 
337 360 41 48 0.033986993 
938 326 18 24 0.033972777 
824 238 8 10 0.03393082 
58 373 15 20 0.033575732 
47 334 10 14 0.03355138 
312 353 18 24 0.033551235 
105 395 14 20 0.03346477 
111 327 10 12 0.033364158 
252 672 15 16 0.03318256 
476 338 15 20 0.03315272 
15 372 25 31 0.033020705 
35 399 14 18 0.032867458 
955 281 15 20 0.03276703 
774 320 12 15 0.03265341 
367 358 25 31 0.032571085 
372 342 15 19 0.03247447 
980 328 16 20 0.032330558 
580 361 24 31 0.03228749 
454 358 23 29 0.032169692 
910 243 8 11 0.03202388 
321 371 22 32 0.031855315 
30 307 10 14 0.03182669 
7 353 22 31 0.031798568 
93 394 22 28 0.031776275 
645 307 13 17 0.03169016 
911 332 25 32 0.03158662 
292 344 24 31 0.0315176 
549 318 12 15 0.031266224 
226 387 17 20 0.031087685 
579 341 15 17 0.030912373 
589 310 14 17 0.030910568 
574 345 15 19 0.030834224 
926 284 13 17 0.03082874 
682 373 17 25 0.030808989 
1006 232 9 12 0.030623231 
912 269 10 12 0.030566925 
489 333 18 25 0.030482087 
-1 465 13 23 0.030451298 
11 471 22 32 0.03037137 
889 215 8 11 0.030319221 
504 341 20 27 0.029997272 
726 322 14 19 0.029825386 
435 331 20 25 0.02976919 
521 341 13 18 0.029695824 
230 301 12 15 0.02901004 
1014 274 11 16 0.028946104 
654 314 14 20 0.028838087 
880 345 24 31 0.028823763 
356 332 14 16 0.02880156 
600 497 38 53 0.028786557 
905 415 32 38 0.028729396 
229 378 16 20 0.028721321 
52 401 17 20 0.02868435 
237 302 12 14 0.028649377 
397 411 24 27 0.02858689 
789 272 8 11 0.028581161 
703 274 13 16 0.0285732 
855 247 10 12 0.028564587 
523 457 49 62 0.028514866 
9 303 10 13 0.028437573 
35 354 14 18 0.028350042 
714 360 19 26 0.028264344 
667 332 16 21 0.028103583 
116 371 20 29 0.028058892 
130 443 28 35 0.027923767 
1011 346 13 19 0.027861351 
212 372 22 28 0.027736986 
835 373 16 21 0.027736535 
820 309 14 17 0.027698796 
889 321 21 27 0.027676843 
492 366 15 21 0.027659606 
742 223 9 11 0.027649732 
119 335 9 12 0.027633442 
219 392 17 21 0.027526466 
868 291 12 16 0.027505772 
85 343 11 14 0.027473602 
650 302 12 17 0.02746124 
331 317 12 14 0.027448036 
816 278 11 12 0.027370548 
339 333 20 24 0.027194949 
198 337 21 24 0.027084664 
563 402 27 40 0.027070444 
819 332 17 22 0.027002448 
71 303 9 11 0.026965234 
673 342 17 21 0.026943026 
517 331 12 16 0.026941326 
581 471 50 69 0.026692068 
15 552 16 23 0.026665376 
957 273 16 18 0.026624551 
234 402 29 33 0.026586493 
653 308 13 18 0.026442539 
71 572 49 71 0.02635377 
69 398 23 27 0.026252344 
324 338 16 20 0.026182596 
259 376 14 20 0.026073446 
240 307 12 15 0.026055867 
188 390 16 21 0.025923079 
710 246 9 11 0.02590006 
876 555 72 104 0.025885748 
106 494 36 52 0.025838565 
1012 334 13 22 0.025822418 
774 346 16 20 0.02575186 
796 291 14 18 0.025725339 
690 315 15 19 0.025699802 
26 356 16 20 0.025617704 
795 326 15 19 0.025522484 
820 259 10 13 0.025369199 
553 362 18 22 0.02535585 
968 334 25 31 0.02530113 
150 346 12 16 0.025160545 
144 441 28 34 0.025085846 
829 298 20 23 0.024792533 
132 342 11 14 0.02468567 
458 337 19 25 0.024677332 
231 388 26 30 0.024665097 
97 295 8 10 0.024508627 
757 239 9 10 0.024484927 
464 319 15 20 0.02444236 
783 249 7 10 0.024408257 
174 295 10 12 0.024369406 
188 332 12 16 0.024336869 
177 311 10 13 0.024326036 
659 442 19 26 0.024228448 
404 362 14 17 0.024185915 
830 240 9 11 0.02415655 
845 220 10 12 0.02406418 
707 340 16 18 0.023954177 
196 349 15 18 0.023715047 
239 315 19 23 0.02370463 
845 286 10 12 0.023680115 
167 334 12 14 0.023626085 
493 324 20 25 0.02361455 
190 325 13 15 0.023597308 
710 265 9 12 0.023506764 
557 331 13 16 0.023492247 
949 325 24 29 0.023398653 
753 486 48 65 0.023326248 
902 311 16 20 0.023284178 
55 348 12 16 0.023275279 
587 339 16 19 0.02323621 
225 430 20 23 0.02312268 
166 349 21 25 0.023108471 
819 283 11 15 0.023089036 
100 385 16 23 0.023083778 
549 338 13 16 0.02299759 
695 295 15 18 0.022971803 
80 303 9 11 0.022923592 
151 321 18 22 0.022913042 
736 410 28 35 0.022890959 
27 382 21 27 0.0228394 
816 381 25 30 0.022801764 
889 240 8 10 0.02276886 
366 318 17 20 0.022765117 
255 361 22 30 0.022711528 
-2 366 19 30 0.022673013 
500 376 17 22 0.02266705 
148 378 15 20 0.022612346 
788 330 15 19 0.022593983 
94 303 9 10 0.022592304 
790 224 8 10 0.022578228 
120 380 23 32 0.022410383 
1 453 22 34 0.022407822 
28 324 12 13 0.022230968 
7 354 12 18 0.022105722 
332 312 10 13 0.022092005 
915 293 14 18 0.021988872 
192 367 18 22 0.02196224 
636 324 23 29 0.02189987 
526 382 23 33 0.021872604 
974 317 38 50 0.021765562 
364 373 28 35 0.021737635 
70 309 11 13 0.021708557 
870 276 11 13 0.021560613 
19 330 21 22 0.021500986 
664 372 35 48 0.02145252 
286 335 15 20 0.021330122 
40 394 22 27 0.021230001 
44 317 11 13 0.021182664 
531 371 17 25 0.021168908 
174 315 11 14 0.02105364 
729 339 22 28 0.02100064 
22 395 13 18 0.021000013 
495 344 14 18 0.020941282 
183 355 15 20 0.020912115 
235 382 19 23 0.020908497 
221 333 10 13 0.02087241 
765 304 13 18 0.020856043 
1009 296 13 19 0.020854667 
684 345 14 19 0.020849196 
216 329 10 13 0.020805411 
595 382 17 21 0.02075755 
905 240 8 11 0.02075624 
631 425 27 41 0.020722646 
77 382 16 22 0.020720053 
616 373 23 32 0.020703869 
790 286 11 13 0.020676773 
83 367 16 19 0.02067001 
197 395 17 22 0.02066973 
472 425 45 57 0.020643512 
435 452 45 70 0.020634422 
819 299 12 16 0.02060197 
46 361 12 18 0.020600231 
102 317 10 12 0.02049688 
705 264 9 11 0.020409686 
1005 287 13 16 0.02033004 
402 401 18 20 0.020313783 
397 449 42 63 0.020299846 
43 455 28 42 0.020276513 
195 317 13 16 0.020216152 
839 231 8 9 0.020186746 
133 352 21 22 0.02018467 
363 430 29 42 0.020083321 
667 303 13 16 0.020061146 
445 641 43 52 0.02004934 
17 392 23 29 0.0200376 
