0_Parade_Parade_0_239
107
395 285 31 39 0.9992317 
500 375 33 40 0.9989963 
708 291 22 30 0.9975575 
899 278 37 42 0.99687153 
352 293 34 41 0.9948939 
274 303 24 30 0.9947239 
224 316 40 46 0.98393804 
880 326 34 42 0.98367774 
505 290 31 38 0.9699784 
610 293 28 38 0.9527233 
748 293 32 36 0.59004366 
833 309 11 15 0.35126173 
60 76 10 13 0.21394074 
5 300 11 14 0.17700069 
84 60 8 12 0.1577875 
48 298 22 28 0.15636231 
142 356 15 18 0.12651159 
220 388 15 19 0.12595037 
102 63 9 11 0.12548336 
854 310 12 16 0.09664275 
989 233 26 42 0.091449425 
80 71 9 10 0.08934074 
703 257 13 18 0.08397449 
36 79 9 12 0.083803445 
484 278 12 15 0.08377905 
927 38 110 175 0.08068161 
841 109 44 68 0.07036371 
986 313 34 54 0.06970653 
739 293 50 63 0.068870194 
372 324 24 33 0.06085233 
830 304 18 25 0.05480815 
198 5 12 14 0.054675136 
335 287 10 12 0.054403894 
37 306 32 39 0.053158883 
80 76 9 10 0.049972046 
844 309 21 26 0.045657467 
124 52 10 14 0.044103134 
193 27 13 15 0.042829204 
210 229 25 28 0.041765384 
97 67 11 12 0.039865267 
72 70 9 11 0.038023196 
85 288 11 15 0.036563635 
358 321 23 35 0.03641363 
47 77 11 13 0.036329016 
598 253 11 14 0.036193583 
62 434 15 19 0.035581652 
65 285 11 14 0.035303365 
722 -5 53 49 0.033996765 
4 303 14 21 0.03343106 
139 316 13 16 0.033334274 
749 290 20 23 0.03287988 
990 237 14 22 0.032587588 
84 70 8 10 0.032470383 
973 331 25 41 0.032004397 
752 285 18 18 0.03166533 
383 314 15 20 0.031020086 
57 82 10 13 0.030384712 
21 70 10 12 0.030260539 
255 0 22 17 0.029405113 
848 308 12 15 0.029286584 
60 293 12 16 0.029224103 
84 367 19 25 0.029078105 
84 76 9 11 0.028921403 
263 367 28 33 0.028652098 
898 244 22 27 0.028333513 
232 339 35 46 0.02831622 
-1 193 17 33 0.028013568 
108 58 11 14 0.027973058 
791 265 28 37 0.027779171 
710 124 10 13 0.027260652 
333 317 23 34 0.026767354 
477 245 12 17 0.02583415 
822 305 12 17 0.025719281 
525 175 13 16 0.025652478 
670 331 24 34 0.025351923 
70 76 8 12 0.025231127 
41 61 8 11 0.024931122 
705 126 9 11 0.024930334 
482 275 19 28 0.02490182 
62 384 15 20 0.0247971 
966 312 26 35 0.02478333 
5 273 14 20 0.024671458 
710 182 9 11 0.02410845 
4 69 10 13 0.023681298 
672 276 12 17 0.023551188 
174 393 16 24 0.023271853 
954 316 29 36 0.023133332 
706 254 12 15 0.022998145 
519 96 14 17 0.022953905 
54 296 13 17 0.022937998 
8 357 22 28 0.022759292 
996 243 27 49 0.022660328 
54 71 18 23 0.022322943 
44 69 12 15 0.021561328 
377 307 25 35 0.02152234 
789 283 41 52 0.0213443 
104 56 10 13 0.02133738 
337 289 14 19 0.02124148 
999 333 24 41 0.021174263 
22 77 10 12 0.02116471 
637 264 15 18 0.021042433 
852 673 104 102 0.02075603 
14 55 9 10 0.020669188 
814 295 22 30 0.02053101 
972 350 18 24 0.020238271 
1010 136 13 21 0.020202797 
97 38 10 11 0.020156126 
