0_Parade_marchingband_1_759
58
368 22 49 62 0.99956375 
7 34 38 48 0.9994543 
629 117 60 77 0.9993783 
137 148 50 60 0.9989378 
570 136 56 67 0.9984303 
171 5 46 57 0.9972174 
138 48 45 56 0.99689376 
304 22 46 56 0.9968869 
341 125 46 55 0.9966884 
494 139 50 61 0.9964334 
53 43 36 44 0.99556893 
87 15 37 53 0.98907006 
227 14 29 50 0.8809477 
409 132 42 53 0.8457087 
213 92 37 44 0.30610007 
28 15 27 33 0.26430184 
235 9 36 42 0.12236745 
0 20 20 33 0.1024126 
657 584 40 44 0.099892356 
218 100 44 56 0.09463307 
323 347 18 21 0.078418456 
0 17 13 22 0.075854994 
286 94 38 52 0.07316366 
197 99 42 51 0.071824655 
66 0 20 19 0.070441015 
283 115 27 36 0.055555232 
410 246 42 49 0.04902068 
42 18 26 31 0.04674027 
248 132 29 45 0.046323236 
1 26 28 41 0.046313178 
53 188 27 38 0.04445934 
242 -1 35 30 0.03789615 
209 137 41 53 0.034652654 
26 0 26 26 0.03282623 
3 13 25 31 0.030773016 
75 98 41 53 0.030736022 
27 12 18 22 0.029066717 
61 5 27 33 0.028491067 
101 8 31 38 0.028069261 
285 33 33 44 0.027543815 
194 119 46 60 0.02688452 
121 21 30 41 0.026843883 
335 24 44 58 0.025443207 
250 13 42 56 0.024433319 
63 23 26 32 0.024209311 
44 32 29 36 0.024043772 
270 117 32 49 0.022753064 
1 162 25 39 0.022579875 
242 113 36 49 0.022472179 
113 3 20 20 0.022023626 
71 181 32 45 0.022016028 
217 29 44 60 0.021392653 
82 120 27 31 0.02115973 
884 110 29 45 0.021153474 
36 -2 30 26 0.020904087 
471 124 44 56 0.020457506 
72 0 28 29 0.020222336 
581 378 18 21 0.020140832 
