0_Parade_Parade_0_205
280
264 301 73 98 0.9944887 
660 328 44 53 0.8616363 
592 328 23 31 0.8372684 
812 320 25 30 0.67286485 
523 464 14 17 0.427614 
163 32 15 19 0.3142783 
708 337 27 36 0.28553143 
670 0 28 28 0.24107444 
474 220 12 15 0.2398514 
832 287 9 12 0.23344865 
386 290 26 34 0.21897972 
626 543 23 30 0.19828181 
711 305 36 39 0.17906208 
495 210 11 14 0.17035656 
348 194 24 28 0.1686756 
543 469 13 17 0.12870905 
477 340 11 16 0.12684007 
497 542 10 13 0.12607785 
149 300 9 10 0.1085374 
730 355 15 20 0.104738615 
830 292 10 12 0.10310275 
664 266 12 15 0.10105898 
674 552 15 19 0.099399656 
370 450 13 15 0.09894187 
644 335 27 35 0.098465465 
358 164 11 14 0.09545666 
176 48 26 29 0.0953616 
177 301 10 14 0.094733305 
146 295 9 11 0.09249543 
718 346 26 33 0.08791958 
995 198 23 30 0.08329934 
736 567 13 16 0.07967453 
417 231 27 30 0.07948781 
630 475 13 18 0.07905976 
762 291 26 37 0.07789199 
142 312 10 12 0.07327617 
679 271 10 12 0.06927213 
700 324 48 55 0.06697645 
855 325 9 12 0.06671012 
998 83 12 15 0.06478822 
575 321 37 44 0.06381175 
534 403 13 18 0.06325603 
623 245 10 13 0.060790464 
728 582 9 12 0.060381263 
837 284 10 12 0.0601792 
185 43 18 21 0.059782233 
392 176 9 11 0.058161557 
862 558 7 10 0.05670928 
853 300 9 11 0.05603901 
1006 77 19 27 0.05491569 
696 275 13 16 0.05383837 
849 567 9 11 0.052700628 
533 219 11 14 0.052124806 
802 308 41 48 0.051721048 
415 237 15 22 0.05069979 
1011 131 13 22 0.050570432 
136 316 9 11 0.050103307 
303 332 37 58 0.050090175 
707 282 44 52 0.050080355 
511 451 10 14 0.049796503 
872 421 11 13 0.049661532 
687 524 12 15 0.049490534 
770 339 14 16 0.049169753 
591 262 13 15 0.047885973 
519 529 12 17 0.047616452 
257 113 14 17 0.0473466 
528 211 12 16 0.047225535 
693 271 25 29 0.046883322 
896 412 10 14 0.04541623 
641 270 9 13 0.044858575 
389 275 27 33 0.04323308 
168 37 24 29 0.04309142 
397 268 22 27 0.042647883 
172 41 14 18 0.042313978 
773 289 15 22 0.042076945 
520 171 9 12 0.041827828 
891 445 14 18 0.04163599 
596 251 12 14 0.041379217 
475 371 16 22 0.041143745 
833 281 10 12 0.041062802 
725 277 13 16 0.04092558 
795 323 16 18 0.04082886 
848 296 9 11 0.040704142 
973 204 17 18 0.040657304 
1012 510 10 13 0.04039907 
489 211 11 14 0.04025673 
886 317 9 12 0.039910007 
447 355 14 17 0.039580863 
596 518 15 20 0.039452694 
870 354 12 14 0.039354704 
683 267 11 16 0.03918233 
644 277 10 12 0.038911734 
373 382 10 13 0.038903084 
582 245 14 16 0.0385768 
628 261 11 14 0.03854976 
148 27 13 17 0.037864693 
428 227 26 30 0.037797492 
732 583 10 12 0.037742436 
179 303 14 18 0.037268005 
896 473 10 15 0.036868274 
162 560 92 145 0.036663458 
784 430 9 11 0.036532637 
509 435 11 14 0.036456425 
486 161 8 10 0.036431745 
806 322 17 23 0.036360838 
493 600 15 21 0.036338076 
727 548 11 15 0.036310345 
573 253 10 15 0.036095023 
630 558 14 18 0.036053058 
722 299 19 23 0.036016252 
392 180 11 14 0.036000863 
801 441 8 10 0.035787467 
614 373 47 56 0.034977987 
597 563 11 12 0.034776617 
710 565 9 12 0.03433228 
824 329 15 19 0.034318388 
946 398 15 18 0.03431516 
711 558 10 13 0.034313343 
493 471 9 13 0.034049228 
373 532 36 44 0.033920676 
471 217 21 26 0.03382879 
814 440 10 12 0.033788804 
462 325 22 30 0.033537053 
574 445 14 19 0.033336088 
512 158 8 11 0.033263847 
148 34 15 18 0.033247244 
882 357 12 14 0.03303196 
776 439 9 11 0.033016562 
352 187 18 21 0.032937337 
677 543 12 16 0.032892138 
441 233 18 22 0.032538593 
543 536 10 13 0.032035273 
589 438 13 17 0.031890653 
715 461 21 28 0.031045536 
718 557 10 12 0.031022811 
733 546 15 18 0.03086417 
686 260 9 13 0.030834155 
800 446 7 9 0.03081198 
329 469 11 13 0.030542072 
738 542 17 20 0.030121785 
750 371 15 16 0.030062342 
621 238 11 14 0.02996448 
159 351 10 12 0.029748818 
465 367 21 26 0.029658623 
589 252 14 16 0.029639374 
721 328 19 23 0.029442782 
436 256 16 18 0.029369295 
824 439 10 12 0.029298496 
349 179 14 18 0.0292631 
169 302 10 14 0.029207017 
166 357 14 16 0.029146593 
462 357 13 16 0.029134521 
710 278 29 35 0.029072823 
761 726 12 13 0.028979905 
733 589 10 13 0.028975733 
746 522 13 14 0.028889295 
459 367 17 21 0.028408635 
513 447 20 27 0.027949236 
563 325 27 34 0.027600411 
149 383 36 38 0.027321456 
782 535 11 13 0.027308704 
149 309 9 12 0.027212732 
159 343 10 12 0.027092263 
374 401 16 21 0.02708439 
996 336 25 40 0.02700575 
718 534 11 14 0.026728814 
487 450 12 16 0.026570454 
532 467 13 17 0.026564585 
729 306 15 21 0.026510065 
117 317 10 12 0.026376443 
768 533 11 13 0.026301252 
622 250 12 16 0.026271947 
208 327 8 12 0.026183745 
389 459 14 15 0.026165258 
824 286 11 12 0.026158242 
760 339 10 16 0.02599588 
166 46 43 52 0.025945362 
482 163 9 11 0.025821991 
604 246 10 13 0.02580654 
759 309 25 34 0.025784187 
471 334 20 26 0.025776016 
304 194 28 36 0.025673049 
761 305 13 20 0.025485829 
363 169 12 15 0.025448529 
629 265 12 17 0.025310446 
726 566 11 15 0.025249857 
858 372 12 17 0.025190039 
882 373 13 16 0.025068443 
397 402 12 14 0.0246833 
808 441 8 10 0.024545802 
605 426 14 17 0.02446728 
597 448 14 20 0.02443151 
165 348 12 15 0.024269896 
533 393 23 34 0.024095777 
436 438 16 18 0.02406765 
139 478 13 16 0.02406421 
652 251 13 17 0.024005134 
758 501 13 16 0.023913143 
686 276 11 15 0.023699652 
683 581 15 19 0.023569722 
723 291 16 19 0.02350026 
194 32 16 20 0.023483565 
792 330 13 16 0.023363385 
1013 482 10 16 0.02328064 
766 331 22 27 0.023221195 
821 311 11 15 0.023151912 
829 437 10 14 0.023139706 
733 730 10 14 0.023071744 
712 532 11 13 0.022998735 
692 550 9 12 0.022991376 
789 430 9 11 0.022919942 
517 484 14 18 0.022882983 
529 461 12 16 0.022855962 
836 334 10 14 0.022845121 
470 159 7 10 0.022823136 
157 38 16 22 0.022807656 
166 308 10 13 0.022805745 
580 245 22 26 0.022680957 
651 333 15 20 0.02264293 
846 334 11 13 0.022467325 
783 398 10 12 0.022274459 
492 207 18 23 0.022267243 
717 273 15 18 0.02221119 
141 42 25 29 0.02217588 
753 607 9 11 0.022151405 
761 315 41 49 0.022132967 
500 411 15 18 0.021953512 
629 533 13 16 0.02193891 
1001 493 10 15 0.021865591 
760 312 12 22 0.021780878 
1013 125 10 17 0.02176236 
814 418 10 14 0.021742193 
485 363 14 17 0.021714307 
987 108 12 15 0.021691078 
681 532 9 12 0.021591185 
356 379 11 13 0.021580841 
586 259 22 28 0.021546513 
749 583 10 12 0.021469774 
519 192 9 12 0.021351634 
594 558 10 13 0.02127283 
637 337 15 19 0.02126745 
551 535 10 13 0.021233989 
301 539 12 16 0.021226982 
742 580 13 15 0.021223452 
759 494 10 12 0.021214997 
766 506 11 15 0.021214634 
576 509 10 14 0.021211905 
434 242 23 30 0.021177625 
717 588 16 18 0.021099905 
326 179 14 17 0.021025527 
774 346 12 14 0.020940484 
720 540 12 14 0.020917203 
815 286 10 12 0.020913195 
445 238 22 31 0.020862171 
798 557 7 10 0.020837182 
863 295 9 10 0.02079525 
497 274 29 32 0.02072 
685 549 12 15 0.020719545 
127 316 11 13 0.020587817 
670 273 13 15 0.020587387 
903 536 10 13 0.020579841 
893 338 12 16 0.020501103 
741 344 24 32 0.020432303 
589 429 11 13 0.020392846 
528 402 14 19 0.020368448 
630 345 29 32 0.020316197 
156 48 15 19 0.020315453 
740 533 15 17 0.02029851 
500 482 13 17 0.020238837 
838 339 11 15 0.020175189 
1013 434 10 14 0.020173466 
704 565 12 14 0.020145312 
721 467 13 17 0.020129843 
845 444 11 14 0.020114038 
902 518 8 12 0.020107633 
607 543 11 15 0.020100592 
725 586 13 17 0.020067822 
671 445 41 52 0.020050056 
478 383 15 20 0.02001461 
523 455 15 17 0.020000292 
