0_Parade_Parade_0_472
237
57 136 33 36 0.9994011 
321 113 41 50 0.9852132 
513 131 34 40 0.9732132 
645 120 16 24 0.9468409 
629 162 18 21 0.8951147 
953 152 19 21 0.88439894 
747 123 14 22 0.8821476 
562 136 16 26 0.8122899 
830 115 20 27 0.71283716 
979 215 16 20 0.69143414 
975 146 18 19 0.6344481 
657 168 17 22 0.60857064 
836 77 14 17 0.5870056 
707 111 21 24 0.5721561 
933 225 17 24 0.5444638 
734 122 13 19 0.49519357 
252 157 14 18 0.48493522 
996 219 13 17 0.37640184 
174 182 16 20 0.30340916 
922 149 14 17 0.2777164 
797 127 16 23 0.27051997 
988 218 13 18 0.2616992 
602 264 43 51 0.2571086 
738 145 17 22 0.22916828 
222 184 9 12 0.21413964 
841 117 24 27 0.20166345 
511 54 27 37 0.19633125 
309 291 17 20 0.1929551 
250 204 13 18 0.18038443 
0 190 9 15 0.1757082 
820 120 15 21 0.17127043 
1002 156 12 15 0.1631493 
804 184 17 18 0.16314004 
942 154 12 15 0.1583242 
844 167 25 32 0.14750656 
692 136 21 27 0.14714631 
258 291 12 17 0.14666858 
831 82 14 18 0.13483952 
610 176 14 18 0.12964484 
401 130 26 29 0.12883718 
500 480 32 37 0.124312855 
245 180 11 15 0.10799359 
968 295 10 13 0.106937796 
235 281 14 18 0.10371055 
890 472 35 41 0.10333293 
846 480 22 27 0.09661282 
741 118 13 23 0.09534745 
820 151 17 22 0.0950969 
679 126 12 15 0.094816074 
202 233 13 18 0.09369627 
937 155 10 13 0.092093475 
216 188 11 13 0.09147194 
215 242 12 15 0.08904209 
962 140 26 28 0.08771543 
810 119 21 25 0.087600835 
248 327 28 34 0.086739756 
602 145 23 26 0.08545696 
723 115 14 19 0.08507219 
726 122 14 20 0.078782424 
687 203 15 23 0.078743234 
668 145 16 21 0.07872776 
448 483 30 35 0.07802716 
220 307 13 18 0.07676384 
996 150 14 17 0.07436586 
602 226 14 18 0.07331853 
699 126 23 28 0.071751036 
661 187 22 28 0.07146548 
239 187 10 15 0.067995764 
804 114 14 18 0.067798674 
968 217 12 16 0.06544173 
213 300 16 21 0.06496167 
684 136 19 27 0.063374266 
31 288 9 12 0.06335044 
827 146 16 21 0.06313859 
587 227 12 17 0.06291105 
87 187 12 15 0.06285325 
273 370 16 17 0.061299544 
987 146 15 18 0.060787857 
969 245 11 16 0.060619365 
655 123 17 20 0.060248423 
23 178 13 17 0.05984488 
108 180 13 15 0.059080284 
933 150 11 15 0.05839147 
597 221 14 19 0.05569004 
263 276 10 13 0.05491489 
847 157 37 46 0.05466423 
195 311 21 25 0.05363112 
353 280 42 52 0.053620093 
626 192 14 18 0.052472744 
855 120 18 21 0.05101 
994 152 21 26 0.050157744 
216 277 10 13 0.05014995 
740 133 20 28 0.04860865 
801 121 18 24 0.0480848 
250 147 25 31 0.047620893 
232 280 11 13 0.047526833 
674 138 19 26 0.047514014 
115 277 15 17 0.04708581 
0 302 8 13 0.047059 
244 279 13 16 0.04556012 
226 307 14 17 0.045428738 
892 163 24 35 0.044824664 
397 130 15 20 0.04458786 
221 270 10 13 0.04448524 
703 138 17 20 0.04397509 
978 139 25 29 0.043877073 
250 284 17 23 0.04383524 
901 157 11 15 0.0425557 
950 253 14 18 0.0423014 
681 131 14 18 0.04120518 
74 344 10 12 0.04025174 
624 161 15 21 0.040244926 
190 404 28 34 0.04024101 
496 58 33 50 0.04006681 
791 133 24 30 0.03977965 
944 150 22 25 0.038768657 
829 67 20 26 0.037843987 
690 197 15 19 0.03775329 
249 197 10 15 0.037540294 
393 132 11 15 0.037372045 
249 228 9 13 0.03734377 
786 168 15 22 0.03696209 
432 184 13 17 0.03670025 
691 118 22 30 0.035334066 
517 65 27 35 0.035200957 
230 288 12 18 0.034417845 
809 189 16 20 0.034205243 
627 175 15 20 0.03382455 
-1 326 7 13 0.033498075 
206 293 10 12 0.033111952 
611 227 15 18 0.03304037 
0 245 9 14 0.032257408 
825 91 11 15 0.031677164 
670 197 22 29 0.031200407 
923 159 14 18 0.031047262 
596 151 16 20 0.030998684 
830 125 26 33 0.030981064 
828 110 15 22 0.030579386 
229 204 10 12 0.030515341 
232 187 10 13 0.030359956 
539 230 17 18 0.030319823 
205 285 10 13 0.030220734 
972 221 17 20 0.030049577 
962 140 41 48 0.030016473 
70 287 9 12 0.029955825 
798 180 16 20 0.02995268 
134 197 12 16 0.029873675 
895 170 14 22 0.029425798 
167 178 14 19 0.029346984 
465 63 33 49 0.029151654 
833 87 17 18 0.029148549 
743 201 21 31 0.029072527 
733 110 12 16 0.0289604 
971 237 12 16 0.028921029 
230 261 8 10 0.028704619 
764 123 14 20 0.028703062 
831 252 10 12 0.028543836 
77 346 11 14 0.028517567 
57 293 9 11 0.028505128 
788 146 15 20 0.028041042 
62 291 10 12 0.02795984 
484 70 10 14 0.027845003 
1012 153 11 16 0.02771919 
465 91 29 38 0.027711783 
229 182 10 13 0.02764072 
140 197 12 14 0.027622854 
114 182 13 15 0.027415242 
6 301 10 12 0.027206367 
86 323 9 13 0.02715448 
520 153 21 25 0.02710738 
840 81 16 17 0.026910348 
655 219 14 18 0.026771525 
789 137 14 19 0.026653303 
660 152 22 26 0.02641811 
821 109 13 16 0.02641394 
224 261 10 13 0.026160501 
663 175 19 22 0.025818758 
204 240 14 19 0.025766153 
171 393 28 34 0.025619067 
569 132 17 21 0.025536517 
268 274 11 15 0.025028951 
930 150 21 26 0.024915427 
235 182 20 26 0.024720844 
80 326 9 11 0.02468431 
172 174 16 20 0.02429873 
515 55 15 19 0.024295498 
613 209 14 18 0.024210414 
857 163 20 23 0.024192622 
684 118 12 16 0.024149112 
806 163 25 30 0.02410236 
234 308 12 15 0.023978157 
237 193 12 16 0.023910386 
644 177 15 20 0.023822106 
899 157 24 32 0.023645682 
212 220 10 12 0.023545692 
479 74 24 34 0.023418844 
246 172 13 18 0.023239695 
240 175 20 26 0.023199609 
884 153 25 36 0.023168731 
914 242 16 20 0.023069007 
824 134 24 30 0.023057476 
499 118 30 38 0.023029165 
741 213 14 21 0.022989973 
216 270 10 14 0.022976095 
255 254 10 12 0.022970358 
181 283 15 19 0.022912608 
252 166 15 19 0.022896755 
915 152 22 30 0.022852201 
256 324 18 23 0.022848038 
891 180 23 35 0.022710921 
971 202 25 31 0.022502586 
294 288 16 21 0.022462131 
458 265 17 19 0.022384781 
841 69 16 19 0.02233863 
651 175 22 28 0.02231905 
142 227 16 21 0.022272296 
1014 308 8 13 0.022182718 
625 224 16 19 0.022180282 
249 196 22 30 0.022146665 
805 130 22 28 0.022137526 
269 315 10 12 0.02198459 
884 172 23 37 0.021876736 
621 178 14 19 0.021863047 
645 169 14 19 0.021479376 
521 85 17 23 0.021352202 
772 162 23 32 0.021291502 
239 164 11 13 0.021263482 
834 57 17 20 0.021054279 
856 481 18 23 0.021030718 
592 152 26 31 0.020871058 
661 201 15 19 0.02084174 
825 157 16 21 0.020835703 
756 199 13 17 0.020611327 
846 243 28 30 0.020517547 
14 301 8 12 0.020350415 
944 226 14 20 0.020262195 
815 160 14 21 0.020257618 
