0_Parade_Parade_0_120
375
523 332 34 37 0.9971769 
950 305 42 49 0.9962746 
106 302 47 54 0.9924293 
45 324 23 30 0.98416936 
444 326 15 19 0.96667093 
327 314 16 20 0.93352497 
27 376 23 28 0.8414504 
488 311 23 28 0.777472 
748 314 11 14 0.7437896 
992 230 20 30 0.7394334 
664 324 19 22 0.6976248 
627 319 14 17 0.5713668 
562 320 14 18 0.56873775 
391 333 15 17 0.53843725 
851 306 14 17 0.53025293 
699 319 14 16 0.5109634 
285 340 15 18 0.50197667 
813 302 11 14 0.46101755 
809 331 12 16 0.38460112 
13 359 16 23 0.3295368 
726 319 9 11 0.32904738 
231 336 15 21 0.31418025 
796 316 9 13 0.29618865 
209 352 21 23 0.27072355 
765 318 10 12 0.25451496 
602 395 32 33 0.22328538 
377 343 10 14 0.21608733 
836 341 16 21 0.21452802 
219 346 14 21 0.20557 
270 337 11 15 0.20197998 
301 333 12 15 0.19545726 
977 141 12 14 0.18440972 
262 356 12 16 0.1757961 
720 317 9 11 0.17070276 
483 358 27 30 0.16593653 
600 326 11 14 0.16320372 
317 346 13 17 0.15565611 
316 291 10 12 0.15286548 
235 342 14 21 0.15144245 
859 355 13 17 0.1503309 
404 384 16 21 0.14365107 
365 358 10 13 0.14066389 
836 352 16 21 0.13865003 
824 319 12 14 0.13714898 
327 299 14 15 0.12913767 
807 337 13 18 0.12668815 
364 403 10 13 0.12504016 
914 321 18 24 0.1237741 
367 296 9 11 0.12086839 
14 364 22 28 0.12050174 
287 430 15 19 0.11625987 
225 354 14 19 0.1147794 
407 341 11 13 0.113403566 
861 302 12 15 0.1122823 
65 621 18 24 0.10237761 
0 300 8 13 0.10164617 
423 307 11 14 0.10043755 
794 313 9 11 0.097834736 
436 303 10 11 0.0978192 
777 358 10 12 0.09759233 
224 340 18 25 0.097266905 
5 300 11 13 0.09510083 
392 349 12 15 0.09391957 
733 325 9 10 0.0930026 
761 322 10 13 0.092745915 
0 337 13 18 0.09085858 
367 332 10 13 0.08640224 
908 302 14 18 0.084022045 
804 262 8 11 0.08245568 
829 276 8 11 0.082402624 
202 350 19 21 0.08036668 
830 272 8 10 0.079310924 
0 378 10 18 0.07774368 
279 338 13 17 0.07704983 
1004 347 19 26 0.076900564 
361 346 11 15 0.07685303 
1000 237 18 25 0.07654712 
255 352 13 19 0.07642345 
474 303 29 36 0.07581333 
729 322 9 12 0.07430918 
429 306 11 14 0.0735766 
2 354 17 22 0.073338635 
20 357 15 21 0.07283671 
636 298 11 15 0.07179283 
892 320 13 18 0.07093531 
310 366 11 14 0.07054565 
28 356 13 17 0.07053861 
993 339 24 34 0.07053083 
272 276 9 12 0.06938926 
364 341 11 15 0.068581134 
847 310 16 20 0.06852491 
863 297 9 11 0.06715768 
277 272 8 11 0.066209234 
780 119 13 18 0.06616578 
909 311 21 28 0.0659987 
553 476 9 13 0.06488376 
961 158 9 11 0.06477121 
903 305 13 19 0.06308748 
616 325 12 14 0.06287732 
886 323 14 18 0.062815756 
463 294 24 38 0.062200565 
945 134 7 10 0.06188865 
884 330 13 19 0.061614588 
439 425 24 29 0.060708582 
264 288 9 11 0.060137462 
805 255 8 10 0.059822634 
964 232 16 21 0.058676235 
596 501 12 15 0.058219273 
367 286 8 9 0.057541404 
372 334 10 13 0.057507202 
973 283 17 19 0.057008024 
836 333 15 19 0.056616813 
798 348 10 12 0.05550805 
235 326 14 17 0.05510173 
352 302 9 12 0.054729268 
801 256 10 11 0.05443894 
829 345 15 20 0.05437967 
781 254 8 10 0.054212835 
366 280 8 11 0.054006 
818 150 13 15 0.05337104 
12 297 14 16 0.052211944 
718 312 10 13 0.052176777 
412 348 12 14 0.051935595 
808 248 8 10 0.05136566 
332 295 9 12 0.05062266 
896 299 9 13 0.0505425 
766 312 9 12 0.05042809 
799 239 8 9 0.050137483 
693 354 14 16 0.04994223 
265 339 10 15 0.04872628 
901 321 13 19 0.047955252 
865 340 19 26 0.04741756 
406 333 12 15 0.04734481 
343 347 12 15 0.04718822 
428 338 13 16 0.047098976 
760 395 16 18 0.046821054 
357 388 11 14 0.046087585 
793 301 8 11 0.045490794 
294 388 15 18 0.044684026 
826 327 22 27 0.04458458 
880 173 7 9 0.04374827 
557 324 16 20 0.043667216 
850 6 13 13 0.04349563 
268 286 9 11 0.042846687 
877 331 14 18 0.042588443 
713 312 9 13 0.041993316 
374 296 9 11 0.041823573 
902 215 7 9 0.04166159 
874 337 17 22 0.04162101 
598 320 11 14 0.041278273 
818 326 20 26 0.041271683 
476 341 14 17 0.041234642 
784 327 8 11 0.04115368 
267 361 13 17 0.0408249 
629 310 13 18 0.04045592 
415 309 13 16 0.04012868 
922 224 7 9 0.039762266 
346 248 8 10 0.039713502 
772 362 14 16 0.039614014 
908 326 18 25 0.039464884 
2 380 20 34 0.039113156 
1001 226 19 25 0.038911093 
701 313 11 13 0.03850721 
981 320 28 42 0.038191997 
774 318 8 11 0.03757197 
621 324 21 25 0.037489384 
815 297 10 13 0.037485532 
864 222 10 11 0.03688646 
928 208 8 10 0.036859028 
823 346 12 16 0.036810916 
988 220 17 26 0.036593843 
295 332 20 25 0.03619344 
633 295 11 14 0.036144596 
0 110 11 16 0.03605966 
898 310 20 26 0.035993956 
242 346 14 20 0.03555229 
2 347 14 19 0.03545791 
372 300 10 12 0.035457883 
720 365 12 13 0.03524173 
279 348 21 26 0.03521426 
863 336 13 20 0.035071764 
937 224 9 11 0.03497057 
797 323 11 15 0.034848273 
336 272 8 10 0.034740478 
327 286 8 11 0.034516677 
766 365 15 16 0.03441236 
198 314 11 14 0.03438697 
617 285 9 12 0.034193918 
367 305 11 14 0.034193445 
655 311 37 44 0.034032784 
826 272 9 11 0.033992458 
868 332 13 18 0.033894166 
352 285 8 11 0.033804122 
285 288 9 10 0.033740144 
843 331 15 21 0.033615667 
791 153 9 11 0.033523884 
869 223 9 10 0.03345862 
336 285 9 11 0.0334504 
711 317 9 12 0.03341734 
350 333 10 12 0.033393845 
286 399 12 14 0.032928895 
277 360 16 19 0.032847434 
6 368 15 23 0.032836337 
700 329 14 16 0.032665465 
793 296 9 11 0.03258359 
370 394 12 15 0.03257856 
967 279 29 31 0.032423943 
351 280 7 10 0.03241211 
605 296 9 11 0.03219888 
727 338 9 13 0.03219366 
817 337 20 28 0.032081585 
377 268 9 11 0.031918645 
733 334 9 13 0.03146608 
406 354 12 15 0.031370692 
19 299 15 20 0.03121161 
350 246 8 11 0.030702693 
504 562 90 130 0.030479452 
840 286 10 12 0.030429777 
792 324 9 13 0.030271295 
814 272 9 11 0.030165644 
388 50 58 59 0.02987609 
397 390 15 18 0.029698152 
726 313 9 12 0.029625377 
303 370 13 18 0.029507319 
381 295 8 11 0.029326983 
383 279 9 11 0.029164232 
934 135 8 10 0.028925115 
572 324 10 15 0.028875588 
551 321 13 19 0.028867733 
406 325 12 16 0.028865892 
867 301 12 16 0.028815854 
532 452 16 20 0.028746378 
851 327 15 22 0.028718544 
36 297 15 17 0.028605588 
842 360 14 18 0.028523995 
281 286 8 12 0.028437085 
199 358 15 19 0.02835042 
337 278 9 10 0.028091513 
304 366 11 14 0.02785909 
913 304 18 23 0.02772312 
869 318 10 13 0.027703188 
839 308 10 13 0.027523136 
966 151 9 11 0.02750963 
792 350 10 12 0.027256152 
816 315 11 13 0.027129214 
937 230 8 10 0.027069591 
2 293 18 25 0.026990194 
396 355 11 13 0.026921872 
863 324 11 15 0.026907647 
721 323 9 11 0.026797954 
813 343 13 18 0.026625218 
932 316 23 31 0.02648033 
677 279 8 10 0.026367525 
929 136 8 10 0.026350256 
470 339 24 31 0.026000883 
374 404 13 17 0.02580973 
962 153 8 10 0.0257605 
358 316 10 13 0.025707118 
891 329 13 19 0.025652613 
382 284 9 11 0.025556482 
493 296 24 36 0.02550922 
774 325 8 10 0.025420839 
373 363 10 12 0.025380947 
418 335 22 25 0.025366182 
624 310 11 14 0.02529641 
213 341 17 20 0.025295338 
927 225 7 9 0.025275202 
846 322 15 20 0.025257528 
383 334 13 15 0.025168495 
941 223 8 10 0.025085228 
951 141 7 9 0.025066035 
839 293 10 13 0.02504954 
693 342 22 27 0.025046682 
41 504 29 37 0.025022166 
905 285 9 12 0.025020588 
406 370 13 17 0.024978815 
373 342 18 23 0.024709782 
937 237 8 10 0.024699254 
22 382 18 24 0.024696805 
810 307 10 12 0.024640989 
801 247 8 10 0.024612514 
801 331 10 14 0.024558576 
986 220 34 51 0.024536362 
736 294 9 11 0.024492193 
389 284 10 12 0.024373045 
888 191 9 11 0.024269931 
852 347 14 21 0.024259113 
315 360 13 17 0.024195123 
1011 223 14 23 0.02407371 
895 309 13 18 0.023983302 
389 279 9 11 0.023949044 
293 375 22 25 0.023948569 
974 213 9 13 0.02390207 
949 136 7 10 0.023871811 
893 188 9 11 0.023859281 
360 285 9 10 0.023815298 
358 300 11 13 0.023796026 
777 304 9 10 0.023737272 
702 302 9 11 0.023686549 
326 280 8 10 0.023643455 
777 352 9 12 0.023615936 
789 354 13 16 0.023612767 
381 317 10 13 0.02353639 
806 287 9 11 0.023512628 
701 336 12 16 0.023508444 
750 286 8 10 0.023488402 
388 405 13 16 0.023471989 
321 279 10 11 0.02343462 
428 324 14 17 0.023421023 
685 355 16 18 0.023356717 
856 295 10 12 0.023276677 
352 306 11 16 0.023155559 
751 302 9 12 0.023142627 
532 466 16 18 0.023119204 
382 367 9 11 0.02302988 
864 287 7 9 0.022978304 
422 324 13 15 0.022970794 
702 286 8 10 0.022970129 
76 314 12 16 0.02291069 
720 304 8 9 0.022748496 
623 336 23 30 0.022694523 
830 311 12 14 0.022679858 
403 439 38 38 0.022608727 
330 305 20 26 0.022547998 
0 383 13 27 0.022501038 
708 334 10 12 0.022433082 
352 382 12 16 0.02238426 
399 293 12 14 0.02235286 
352 296 9 12 0.022233274 
453 315 11 18 0.022149257 
412 277 10 12 0.021979416 
264 272 9 10 0.021954931 
412 322 13 18 0.021866329 
750 320 11 14 0.021862209 
872 176 8 10 0.021852383 
463 354 14 18 0.021821147 
376 285 9 10 0.021811295 
719 340 11 14 0.021703145 
797 149 10 12 0.021690482 
766 304 8 10 0.02166773 
540 467 12 15 0.021530546 
838 301 10 12 0.021454923 
0 424 23 35 0.021423835 
402 349 22 26 0.021418242 
942 238 8 10 0.02140528 
871 215 9 11 0.021390954 
349 263 8 9 0.021377116 
108 262 12 15 0.021362577 
620 479 11 12 0.021332467 
399 372 11 15 0.021323876 
635 305 14 20 0.021255683 
864 176 9 11 0.02119101 
776 311 9 11 0.021180391 
407 336 21 25 0.021093316 
362 461 12 15 0.021012187 
280 294 10 12 0.020979395 
630 293 19 26 0.020966891 
615 402 18 20 0.020940688 
333 356 12 16 0.0208878 
623 301 9 13 0.020760555 
846 285 9 11 0.020582866 
520 478 11 13 0.020574883 
896 223 10 11 0.020473378 
474 322 28 33 0.02044225 
852 358 16 20 0.020387342 
389 343 20 24 0.020384455 
960 232 12 15 0.020344539 
395 326 14 18 0.020311804 
278 241 9 10 0.020286264 
863 216 10 12 0.020239698 
361 280 9 10 0.020215744 
213 317 11 13 0.02019137 
407 376 25 32 0.02016346 
895 184 8 10 0.020037396 
683 357 24 27 0.02002144 
