0_Parade_marchingband_1_768
554
280 213 37 40 0.9797545 
462 611 20 27 0.9364534 
828 623 24 34 0.6383296 
783 622 12 16 0.6190386 
680 637 27 31 0.5802591 
708 620 13 17 0.46184283 
532 611 16 20 0.33644032 
222 180 24 29 0.21376108 
502 636 10 12 0.18683313 
610 630 9 13 0.18665919 
501 565 9 11 0.18021773 
983 639 32 37 0.17739928 
453 566 10 11 0.17624833 
557 565 10 11 0.15131453 
366 520 8 10 0.14957513 
678 549 9 11 0.12589453 
909 653 27 31 0.12235201 
407 521 8 11 0.11304669 
558 527 8 10 0.11302781 
680 545 8 10 0.104336716 
496 603 11 12 0.10192404 
554 527 7 10 0.1010946 
622 544 8 10 0.097894646 
641 637 10 14 0.09626288 
610 488 7 8 0.095985964 
560 504 7 9 0.0942377 
376 -6 166 241 0.09382429 
465 480 7 8 0.0928898 
557 628 10 13 0.0890814 
617 544 8 9 0.08901682 
599 550 7 8 0.08754414 
1001 550 8 11 0.086734444 
431 470 8 9 0.08369611 
626 581 7 11 0.0773429 
513 511 7 9 0.076525204 
301 651 9 14 0.076523475 
528 495 7 9 0.076344885 
537 614 17 20 0.075382866 
609 575 8 9 0.07456223 
674 551 8 10 0.07414517 
535 600 12 14 0.0728947 
623 576 8 10 0.07266655 
873 559 8 10 0.072196834 
568 479 8 10 0.07165337 
607 560 9 11 0.0715518 
549 619 12 16 0.07100377 
477 533 8 10 0.07064555 
661 597 9 12 0.069995254 
369 544 8 10 0.0698416 
466 456 7 9 0.06770953 
777 620 12 15 0.06765041 
496 518 8 9 0.06747453 
382 463 8 10 0.06739626 
630 583 8 11 0.06655578 
486 516 9 11 0.06575711 
415 551 8 10 0.06559171 
433 518 7 10 0.06539819 
624 518 7 9 0.065184586 
489 544 8 9 0.06515055 
640 527 7 8 0.064417176 
398 626 10 13 0.06432815 
696 559 7 10 0.063906565 
643 645 11 14 0.06388244 
409 525 8 10 0.063815676 
839 633 16 23 0.06373676 
616 549 8 10 0.06279555 
607 565 8 10 0.062690765 
574 520 8 9 0.062453136 
586 573 9 12 0.062069412 
433 512 7 9 0.06176279 
433 11 87 146 0.061623726 
695 576 8 10 0.06093216 
658 496 6 9 0.060661428 
639 502 7 10 0.05969296 
361 488 8 9 0.059656966 
152 518 9 10 0.0589502 
609 50 431 473 0.058936942 
817 621 24 31 0.058875475 
512 487 7 9 0.058671124 
409 495 7 9 0.058147833 
568 544 8 10 0.058129583 
471 479 7 9 0.058020957 
33 518 8 10 0.05752802 
544 549 8 10 0.057291254 
511 536 8 10 0.057057362 
362 518 7 11 0.056473546 
705 535 7 8 0.056258444 
575 464 7 9 0.056176726 
607 520 8 9 0.055804726 
614 488 7 10 0.05575786 
648 574 8 11 0.05541629 
471 503 7 9 0.05530265 
471 455 6 9 0.055085752 
790 557 8 9 0.055043 
520 509 6 10 0.055035036 
679 511 7 9 0.054986026 
438 503 8 9 0.05484799 
616 494 7 10 0.054820575 
552 487 7 9 0.054459985 
235 182 11 16 0.054330356 
400 471 8 10 0.054241367 
464 527 8 10 0.053974472 
608 512 7 9 0.053951997 
575 480 7 9 0.053752773 
408 534 7 10 0.05364348 
432 465 7 9 0.05295332 
600 545 6 8 0.052734714 
624 512 7 9 0.052696213 
662 496 7 9 0.051705614 
481 513 8 10 0.051063027 
497 471 7 9 0.050929666 
478 529 8 10 0.050736245 
489 480 6 8 0.05071266 
496 487 7 9 0.050666608 
598 584 7 10 0.050115395 
976 536 7 10 0.049954362 
567 496 8 9 0.04974355 
447 534 7 9 0.049545426 
437 519 7 10 0.04899855 
502 495 8 10 0.04885539 
422 478 8 10 0.048685506 
664 513 7 8 0.048623405 
576 497 7 8 0.048472036 
528 510 7 10 0.048260737 
703 573 9 11 0.047861405 
614 589 8 10 0.047735136 
502 502 8 10 0.04748461 
511 526 8 9 0.047304824 
432 488 8 9 0.046884328 
554 504 7 9 0.046758667 
449 487 7 9 0.046676464 
352 611 12 14 0.04656561 
455 470 7 9 0.046137873 
455 553 8 10 0.045309167 
345 476 8 10 0.045190584 
463 587 8 11 0.044406477 
655 464 7 8 0.044267893 
607 525 7 9 0.044165887 
584 520 7 9 0.04382877 
498 495 7 9 0.043609902 
515 596 13 15 0.04352869 
392 560 6 10 0.043321926 
608 543 7 9 0.043212786 
593 488 6 8 0.04305756 
678 556 8 10 0.04284419 
512 520 8 9 0.042000793 
456 511 7 9 0.04195796 
520 505 7 10 0.041820496 
876 566 10 12 0.041480828 
568 526 8 10 0.04137957 
447 603 11 13 0.041363053 
527 541 8 10 0.04123831 
551 472 7 8 0.041221764 
129 481 6 8 0.041052833 
406 472 7 9 0.04095871 
669 574 9 12 0.040840063 
449 551 8 10 0.04082919 
482 517 8 10 0.04070103 
599 495 7 8 0.040638115 
820 612 14 17 0.04056302 
623 462 8 10 0.04040273 
663 478 8 9 0.040330525 
383 535 7 8 0.040300522 
489 549 8 10 0.04029667 
471 448 7 9 0.040255494 
472 528 8 11 0.040130813 
400 542 7 9 0.039980493 
498 502 7 10 0.03983606 
433 503 7 9 0.039741598 
376 558 8 10 0.039714254 
393 565 8 10 0.039478216 
481 487 6 8 0.03909477 
455 558 10 12 0.038988106 
626 480 6 8 0.038934436 
391 628 11 12 0.038892187 
616 518 7 9 0.038702644 
480 463 7 10 0.0386553 
601 566 8 10 0.038482297 
529 535 7 10 0.038479 
786 558 8 10 0.038343206 
609 582 8 10 0.038336616 
463 553 8 10 0.038098928 
135 481 7 9 0.037894957 
442 479 7 9 0.037789144 
551 544 8 10 0.037702896 
822 551 8 10 0.037700176 
495 479 7 9 0.037582487 
494 544 8 10 0.03726751 
391 512 8 10 0.03716853 
897 551 7 10 0.03699444 
689 521 7 9 0.036990516 
616 513 7 8 0.036922343 
568 472 7 8 0.0368583 
592 495 7 9 0.036791343 
649 534 6 8 0.03674102 
119 511 7 8 0.036717683 
551 519 8 9 0.036565673 
609 551 7 9 0.036517248 
662 472 8 10 0.036333915 
655 511 8 10 0.036187515 
406 627 9 11 0.03615307 
268 659 13 16 0.036131408 
646 581 10 12 0.035655145 
575 502 8 9 0.035576645 
414 521 8 10 0.03555145 
673 544 8 10 0.035381768 
657 528 7 9 0.035155 
438 464 8 9 0.035133854 
554 622 11 15 0.035127524 
583 544 7 9 0.035084296 
609 463 6 9 0.035052247 
423 496 8 9 0.034992736 
449 471 7 9 0.03495395 
456 465 8 10 0.034933273 
425 471 7 10 0.034894925 
584 568 8 10 0.034880277 
535 534 7 9 0.034634255 
536 573 8 10 0.034510653 
576 567 8 11 0.03448003 
425 448 7 9 0.034423374 
357 534 8 10 0.03440894 
882 603 13 16 0.034378424 
384 503 7 9 0.034324974 
609 480 7 8 0.0342601 
496 513 7 10 0.03406723 
456 479 7 9 0.03406061 
535 511 7 10 0.034013968 
569 520 7 9 0.034003794 
464 462 7 9 0.033947162 
110 603 10 12 0.03379491 
518 566 9 11 0.03368461 
640 520 7 9 0.033633508 
656 502 7 8 0.033595 
647 528 7 9 0.033326056 
817 558 7 10 0.03325081 
413 525 8 10 0.033231456 
376 551 7 10 0.033180863 
208 484 10 15 0.033135895 
818 551 8 11 0.033053335 
631 495 7 10 0.03283676 
600 489 6 8 0.032730162 
543 527 7 9 0.032681376 
513 470 6 9 0.03261132 
544 504 7 9 0.032396827 
576 440 8 9 0.032385614 
672 512 7 8 0.03229819 
557 572 10 12 0.032287538 
424 536 7 9 0.03223519 
590 568 8 10 0.03220721 
726 567 7 9 0.03219238 
583 480 7 9 0.032186523 
640 496 7 9 0.03214707 
537 529 7 9 0.03211792 
616 463 7 10 0.03209588 
464 512 7 9 0.03208531 
352 503 7 10 0.032008093 
517 629 11 14 0.031907808 
432 495 8 9 0.031850506 
679 503 8 10 0.03182764 
504 512 7 9 0.031815786 
824 574 10 11 0.031717543 
416 488 7 8 0.031654 
129 564 9 12 0.031586826 
488 487 7 8 0.031536553 
55 541 8 10 0.031524252 
486 567 8 10 0.03147989 
368 558 7 9 0.031417154 
553 561 9 10 0.0312685 
119 526 8 10 0.031107781 
575 543 7 9 0.030768836 
471 496 7 8 0.030753497 
505 527 8 9 0.030683968 
639 583 9 10 0.03062936 
884 600 10 12 0.030617626 
114 511 7 9 0.030600121 
568 549 7 10 0.030548714 
543 588 8 11 0.030289637 
544 464 6 8 0.030161941 
399 501 7 9 0.030090371 
607 504 8 8 0.030019324 
360 511 7 10 0.029975925 
37 519 8 10 0.029878011 
391 518 8 10 0.029831398 
671 487 7 9 0.029704465 
488 528 8 9 0.029704224 
559 544 8 10 0.029624637 
114 486 7 9 0.029592568 
399 496 7 10 0.029580439 
903 598 9 11 0.029574467 
528 504 7 10 0.02950093 
381 527 8 10 0.029445458 
500 570 11 13 0.029283082 
496 583 10 13 0.029259153 
846 560 9 10 0.02922716 
702 614 16 19 0.029075865 
455 487 6 8 0.0290195 
513 480 7 9 0.028980095 
481 470 7 9 0.028947582 
566 502 7 9 0.028859638 
129 485 7 9 0.028809698 
602 527 8 9 0.028677389 
600 472 7 9 0.028623143 
601 559 8 11 0.02842041 
702 558 7 9 0.02833242 
552 511 8 10 0.028287087 
520 487 7 8 0.028263165 
704 569 8 10 0.028159834 
205 530 13 16 0.028001744 
494 549 9 10 0.027963653 
106 527 8 10 0.027888136 
368 632 10 12 0.027783515 
510 559 8 10 0.027758935 
613 559 8 10 0.0277048 
616 471 7 8 0.02759343 
439 544 7 10 0.027528228 
842 565 8 11 0.027522575 
518 550 7 10 0.0275206 
471 511 7 10 0.027304117 
447 479 7 9 0.02727917 
377 526 8 10 0.027203603 
689 559 7 9 0.027166748 
439 496 7 9 0.027095888 
584 464 7 8 0.027080279 
377 564 9 11 0.02704662 
873 571 10 13 0.02692613 
368 549 7 10 0.026884481 
464 496 7 8 0.02676835 
359 504 8 10 0.026730895 
625 495 7 10 0.026691938 
415 448 8 9 0.026676564 
544 519 7 9 0.026638327 
527 488 6 8 0.026632005 
440 527 7 8 0.026593033 
577 571 8 11 0.026537964 
438 511 7 9 0.026534207 
393 496 8 10 0.026503377 
503 488 7 8 0.026445227 
901 550 9 11 0.026438054 
632 472 6 9 0.02632224 
537 470 7 9 0.02629611 
128 504 7 9 0.026252406 
528 464 7 9 0.02621713 
135 485 8 10 0.026178084 
624 527 7 9 0.026174886 
648 519 7 8 0.02612768 
480 480 7 9 0.026086392 
472 462 7 9 0.026070336 
584 579 9 12 0.026053049 
631 519 7 9 0.026047494 
601 511 8 9 0.026026359 
471 487 7 9 0.025991062 
686 479 8 10 0.025847826 
536 465 7 9 0.025841622 
664 517 6 9 0.025826091 
639 456 7 8 0.025801867 
383 551 8 9 0.025790516 
416 495 7 9 0.025640769 
693 521 8 10 0.025634928 
487 472 7 8 0.02556742 
568 485 8 9 0.025517132 
826 613 14 17 0.025440108 
657 486 7 9 0.025389003 
353 527 9 11 0.025385553 
689 536 7 8 0.025377123 
689 526 7 9 0.025336888 
650 511 7 10 0.02524868 
657 471 7 9 0.025205867 
104 503 8 9 0.02514241 
449 519 7 9 0.025074126 
401 536 7 9 0.025066018 
512 551 9 10 0.025061298 
736 489 7 8 0.02505876 
543 558 8 10 0.024902735 
553 480 7 8 0.024850948 
623 446 8 10 0.02481695 
422 487 8 9 0.02480971 
513 542 8 10 0.024800442 
813 625 16 21 0.024773518 
367 503 7 10 0.024703363 
512 461 204 233 0.024648646 
449 465 7 10 0.024594218 
538 487 6 8 0.024463601 
200 538 11 13 0.024430044 
552 572 10 12 0.024427442 
841 536 8 10 0.02441729 
672 472 7 8 0.024336314 
696 454 8 9 0.024328165 
681 479 8 10 0.02432169 
534 424 7 9 0.024275184 
663 487 8 10 0.024220739 
1000 545 8 10 0.02419269 
439 471 7 9 0.024190709 
911 494 8 10 0.02416716 
633 549 7 9 0.024136368 
543 488 7 9 0.024132999 
480 439 8 9 0.024081979 
722 567 7 9 0.02408185 
392 544 7 9 0.024056967 
625 456 6 9 0.024051605 
73 558 8 11 0.02401963 
825 569 8 10 0.023877695 
409 489 7 8 0.023826683 
686 550 7 9 0.023789028 
360 493 8 9 0.023708833 
129 541 8 9 0.023671806 
486 496 7 9 0.023532543 
136 505 7 9 0.023495888 
865 472 7 10 0.023396965 
641 650 11 14 0.023381405 
857 550 8 10 0.023303922 
649 568 8 10 0.02330145 
848 518 7 10 0.023261936 
608 535 7 10 0.023246031 
431 535 7 9 0.023243042 
673 503 7 9 0.023232145 
531 598 22 29 0.02320181 
526 481 7 8 0.023137067 
633 456 7 9 0.02311032 
822 556 9 11 0.023078404 
649 543 7 9 0.023057915 
537 480 7 8 0.023050308 
656 518 7 8 0.023048244 
574 526 8 9 0.023039142 
365 566 8 11 0.022963991 
349 477 8 10 0.022951914 
825 469 8 10 0.022881405 
418 479 7 9 0.022852644 
665 579 10 13 0.022844024 
96 535 7 9 0.022837143 
584 487 7 8 0.022824233 
418 544 7 9 0.02281287 
689 576 8 11 0.02272109 
835 621 15 21 0.022672778 
623 568 8 9 0.022671781 
361 551 8 11 0.02261893 
695 536 7 8 0.022601772 
665 550 8 10 0.022553364 
520 543 7 9 0.022542577 
113 560 8 10 0.022542534 
384 519 7 9 0.022526335 
367 479 8 9 0.022514636 
631 511 7 9 0.022513364 
593 543 8 10 0.022510571 
489 535 8 10 0.02248621 
456 495 7 9 0.022477265 
503 470 7 9 0.022473043 
625 487 6 9 0.022451097 
505 454 7 10 0.022448905 
439 488 7 8 0.022417957 
425 519 6 9 0.022404278 
360 526 8 10 0.022337103 
205 523 12 16 0.022321517 
591 463 7 8 0.022286057 
448 511 7 9 0.022270784 
558 509 8 10 0.02224764 
119 565 9 11 0.022245228 
506 535 7 9 0.022218049 
710 535 7 9 0.022177964 
133 560 9 11 0.02217001 
552 432 7 9 0.02202865 
535 504 7 9 0.022023922 
560 463 7 9 0.022014663 
480 551 7 10 0.021995677 
632 502 8 10 0.021987248 
496 464 7 9 0.021944948 
120 504 7 9 0.02193627 
442 448 7 9 0.021917434 
657 478 7 10 0.021914816 
309 654 10 14 0.021812383 
641 488 6 8 0.02180804 
577 445 8 9 0.021804368 
465 519 7 10 0.021800347 
574 536 8 9 0.021794638 
467 608 14 17 0.021757036 
521 480 7 9 0.0217442 
696 566 8 10 0.021717276 
377 488 7 9 0.021705214 
789 615 20 25 0.021685358 
680 519 7 9 0.021669328 
887 568 10 12 0.021662686 
713 624 13 17 0.021651236 
847 514 7 8 0.021564113 
231 176 11 13 0.021548424 
616 502 8 9 0.021534394 
603 519 8 10 0.021482611 
512 564 8 11 0.021426799 
479 455 7 9 0.021408273 
503 550 8 9 0.021390367 
654 543 7 9 0.021379141 
537 518 7 10 0.02134241 
110 528 8 10 0.02133144 
705 496 7 8 0.02132198 
545 512 7 9 0.021280224 
696 553 7 9 0.021177193 
494 535 7 9 0.021177178 
632 527 7 8 0.021153716 
672 496 7 9 0.021143936 
647 598 10 12 0.021125542 
447 448 8 9 0.021123564 
377 503 7 9 0.021109356 
152 523 11 12 0.021090068 
881 497 7 9 0.021078583 
673 527 7 9 0.021072987 
423 542 7 9 0.021017062 
815 612 12 16 0.020966364 
614 583 8 10 0.020939229 
584 603 9 12 0.020937156 
383 456 7 9 0.020901805 
393 456 7 8 0.020900462 
639 472 6 8 0.020892397 
500 582 11 13 0.020877665 
769 560 7 10 0.02086089 
401 520 8 10 0.020832706 
686 503 7 8 0.020823615 
681 487 7 8 0.020791655 
640 544 7 10 0.020760288 
384 480 8 10 0.020759227 
558 633 12 15 0.020714963 
440 549 7 10 0.020695817 
511 465 7 9 0.02066046 
472 588 8 10 0.020645497 
455 519 7 9 0.020632995 
656 439 7 9 0.02062972 
442 534 7 9 0.020597626 
535 567 8 11 0.020577492 
519 470 7 9 0.020547595 
341 443 10 13 0.020516755 
569 511 7 9 0.020516066 
81 503 8 9 0.020443585 
511 493 8 10 0.020415708 
86 504 8 9 0.020408867 
136 511 7 8 0.020393847 
96 504 7 8 0.020385876 
809 558 8 10 0.020364758 
680 537 7 9 0.02034152 
592 480 7 8 0.020338053 
537 447 7 10 0.020333193 
393 486 8 9 0.020323284 
520 464 7 10 0.020308925 
584 526 8 9 0.02028311 
465 533 8 10 0.020273225 
598 447 8 9 0.020254914 
856 558 9 10 0.020214174 
367 495 7 9 0.020189632 
502 519 8 10 0.02018166 
837 644 16 20 0.020173179 
574 511 8 9 0.02016288 
374 621 9 11 0.0201576 
608 625 10 12 0.020152327 
353 510 8 10 0.02012695 
592 456 8 10 0.020020006 
592 582 9 10 0.020004783 
846 537 8 10 0.020002859 
366 488 7 9 0.020000558 
