0_Parade_Parade_0_465
54
513 122 101 125 0.9998578 
409 113 93 125 0.9996526 
1004 122 16 21 0.9583142 
106 86 21 32 0.95067596 
946 119 15 20 0.88334006 
903 101 12 13 0.41982606 
501 233 345 487 0.20031385 
678 84 12 17 0.16705391 
914 130 16 21 0.13232967 
76 97 24 30 0.10258325 
931 133 12 15 0.10143649 
925 132 13 20 0.09811987 
341 196 388 472 0.07773121 
877 77 10 12 0.07483226 
1004 143 15 20 0.069052294 
846 75 11 15 0.06764162 
863 116 15 19 0.061652426 
444 382 22 23 0.060067937 
910 126 13 18 0.049510155 
928 101 10 12 0.04696625 
848 138 17 21 0.046439406 
853 101 13 16 0.046435297 
894 99 13 16 0.045562714 
888 99 12 15 0.041446827 
1009 69 8 11 0.040019963 
899 97 20 22 0.036926676 
889 143 11 14 0.03652973 
896 107 13 15 0.035458643 
902 123 13 16 0.0346875 
847 107 12 16 0.032790933 
892 108 23 28 0.03261077 
902 111 22 28 0.03062824 
92 86 27 33 0.029215332 
84 92 40 43 0.028508171 
269 91 61 52 0.028420096 
87 435 29 43 0.027305072 
895 110 38 49 0.026142722 
906 106 13 16 0.02584834 
989 93 10 11 0.025001356 
933 94 10 12 0.024996255 
852 123 26 33 0.024532812 
-1 74 21 35 0.024279542 
715 136 22 31 0.0242541 
933 119 21 27 0.02358237 
867 112 24 33 0.02299105 
713 223 11 14 0.022969991 
766 214 8 11 0.022875745 
860 109 14 18 0.021975424 
692 157 27 43 0.021816282 
724 104 13 19 0.021673644 
717 96 22 30 0.021480888 
893 122 15 18 0.020856703 
910 115 24 30 0.020293437 
671 90 12 15 0.020176781 
