0_Parade_Parade_0_72
129
132 333 32 43 0.9684515 
665 347 25 36 0.9680548 
459 389 24 28 0.9296343 
774 344 14 19 0.8548474 
206 365 22 26 0.80429 
413 382 15 20 0.77238244 
625 344 18 21 0.75614005 
347 466 25 31 0.75066584 
256 384 18 22 0.73847437 
627 368 20 27 0.7168458 
496 339 17 20 0.6770351 
736 366 22 26 0.6598496 
546 378 18 23 0.5962724 
790 266 17 19 0.30766264 
86 294 37 39 0.29430968 
2 475 18 21 0.28142378 
567 593 47 46 0.27339935 
349 376 15 18 0.23757474 
56 526 9 12 0.19803269 
23 543 12 15 0.18521039 
66 558 22 25 0.15369914 
541 372 15 24 0.15216869 
73 533 10 11 0.12565413 
347 498 13 15 0.093717195 
159 446 11 13 0.08721424 
136 460 11 15 0.08603931 
451 401 26 32 0.081709825 
539 381 26 35 0.06852611 
347 366 12 14 0.06732424 
580 356 14 18 0.06449347 
642 562 25 33 0.06381913 
550 351 11 13 0.063560784 
578 362 14 19 0.0603431 
343 370 13 17 0.057514444 
159 515 8 11 0.05483086 
81 516 9 11 0.054227516 
572 376 16 22 0.05057118 
556 376 21 27 0.050140895 
699 351 18 26 0.048713937 
168 479 9 11 0.048014585 
23 516 10 13 0.04769399 
454 370 15 21 0.04764337 
778 447 10 13 0.04571464 
541 364 14 19 0.044508714 
104 477 10 13 0.04318312 
565 343 11 13 0.042618766 
831 340 9 12 0.041941598 
632 352 18 21 0.04098434 
790 329 15 19 0.040538125 
619 399 13 17 0.039710883 
808 407 7 10 0.039288905 
543 356 11 15 0.038902603 
154 512 8 11 0.038847573 
684 355 23 29 0.037608687 
583 351 12 14 0.036586344 
204 375 24 28 0.03602607 
85 511 9 11 0.03593118 
344 494 12 15 0.035353724 
567 382 23 31 0.03511813 
805 379 10 14 0.034199256 
669 361 29 37 0.034056913 
205 359 16 20 0.033993866 
245 394 14 17 0.033807028 
342 465 41 49 0.03224949 
61 550 10 13 0.032237187 
453 374 23 32 0.03206036 
94 499 9 12 0.032048464 
167 512 7 10 0.031919654 
532 403 33 36 0.031887352 
186 447 13 16 0.030481512 
738 378 18 23 0.030267473 
602 628 18 22 0.029134916 
268 381 11 17 0.028807396 
766 374 11 14 0.028086755 
139 413 11 14 0.028014269 
83 563 14 17 0.027487405 
784 268 12 15 0.027355304 
12 469 13 17 0.02697269 
559 602 35 43 0.026943019 
777 349 15 19 0.026813362 
185 431 10 13 0.026506567 
104 310 18 22 0.026299303 
800 373 11 14 0.026116356 
494 326 23 26 0.025891822 
173 469 9 13 0.02580757 
356 364 12 15 0.025658328 
558 348 13 15 0.025414437 
666 342 16 21 0.025359323 
76 528 10 12 0.025285592 
784 237 9 11 0.02523996 
200 509 9 11 0.025040882 
126 492 10 12 0.025038823 
590 614 32 36 0.024982419 
592 609 18 20 0.024905222 
96 477 9 11 0.024892997 
554 386 41 49 0.024877226 
31 510 10 13 0.024778213 
390 485 11 14 0.024777975 
69 443 12 14 0.024764827 
80 493 10 14 0.024479238 
108 483 9 12 0.024320174 
341 361 22 25 0.024217235 
56 549 10 13 0.024159739 
343 477 24 30 0.024009971 
64 558 12 15 0.02391929 
540 410 40 42 0.023520341 
22 521 13 16 0.023245443 
347 460 19 21 0.023082618 
411 442 24 36 0.022953002 
88 499 10 13 0.02274363 
622 362 16 22 0.022219144 
532 404 13 20 0.022186898 
111 508 10 11 0.02197787 
803 266 13 17 0.021877123 
247 388 24 27 0.021845618 
3 486 17 22 0.021774366 
1012 364 10 14 0.021415545 
448 419 13 17 0.021384718 
335 365 12 16 0.021131955 
219 387 16 20 0.021041187 
157 412 15 20 0.020992564 
108 369 13 17 0.020973846 
799 461 10 12 0.020846263 
-1 538 21 30 0.020754827 
247 381 13 17 0.020570247 
320 533 10 13 0.020416649 
458 363 17 20 0.020154934 
61 519 9 13 0.02003105 
166 482 10 13 0.02001821 
