0_Parade_Parade_0_353
154
494 238 26 35 0.989776 
836 262 21 27 0.9430004 
325 295 30 35 0.8932965 
693 247 14 18 0.8921261 
389 259 20 26 0.8857291 
887 247 14 18 0.88249964 
288 288 14 16 0.8780253 
456 284 10 12 0.61958534 
742 248 25 33 0.59510094 
259 298 14 17 0.4211326 
571 256 53 58 0.39304736 
203 304 16 19 0.37926096 
254 289 14 18 0.33890098 
315 265 13 16 0.31915188 
664 218 15 18 0.30316937 
860 249 14 18 0.30252784 
171 294 23 23 0.27791634 
207 300 22 25 0.17767794 
799 256 11 13 0.17542443 
103 246 9 12 0.17374432 
450 241 20 22 0.14809304 
600 235 43 46 0.14284118 
198 309 23 29 0.13291837 
155 374 10 11 0.12965856 
245 310 12 16 0.12627809 
151 388 11 14 0.11488224 
34 339 14 18 0.11325326 
724 253 11 14 0.11180713 
824 277 11 15 0.11040011 
732 253 21 30 0.10712743 
0 367 8 12 0.10582292 
796 275 10 13 0.10524814 
295 340 15 17 0.10485466 
258 311 22 29 0.097786725 
121 370 18 21 0.096062526 
1 398 17 23 0.09225283 
937 249 9 12 0.07217208 
218 305 14 16 0.07073324 
296 336 23 28 0.06804976 
902 242 12 15 0.06782819 
796 267 14 17 0.066616215 
42 331 14 16 0.065944456 
562 266 36 47 0.062017303 
146 40 44 58 0.06188102 
721 255 22 30 0.058517016 
156 319 8 11 0.057232164 
904 302 8 11 0.05713745 
654 204 11 12 0.056761865 
942 248 7 11 0.056000058 
187 300 13 15 0.055881243 
458 278 13 17 0.054361176 
278 358 10 13 0.050626352 
42 338 15 17 0.04955716 
97 369 17 18 0.049548987 
782 269 11 16 0.047139782 
792 260 13 16 0.04500316 
724 289 15 20 0.0441078 
849 255 19 24 0.043678373 
445 267 11 15 0.04323412 
824 254 11 13 0.04272879 
317 329 13 17 0.04246255 
268 219 24 29 0.042245936 
309 258 21 28 0.041461088 
255 301 23 28 0.04139782 
262 328 14 18 0.041304626 
752 249 22 27 0.040970653 
155 380 13 17 0.04077635 
148 307 13 14 0.040077675 
908 238 12 15 0.0400528 
432 280 9 12 0.038834974 
897 233 22 25 0.038332812 
189 355 11 15 0.038257472 
460 288 12 16 0.0378975 
926 240 9 11 0.037621547 
616 252 38 46 0.03706987 
256 288 22 26 0.03706241 
191 362 11 14 0.03677097 
68 365 11 15 0.03611584 
438 282 10 12 0.036109444 
5 371 9 12 0.035922106 
174 349 10 12 0.035541732 
276 323 11 15 0.035149764 
789 267 15 19 0.034440793 
926 246 8 10 0.033602104 
301 308 14 16 0.03310317 
290 315 26 29 0.032666624 
449 277 10 14 0.032626644 
255 308 13 15 0.032035638 
121 390 11 13 0.03149193 
382 266 24 29 0.031405903 
794 254 19 23 0.031374775 
827 272 17 21 0.031158116 
814 253 9 12 0.030573543 
718 255 16 21 0.030068273 
336 310 29 33 0.029762229 
910 253 9 11 0.02914183 
26 311 8 11 0.028733337 
917 239 11 13 0.028527813 
254 323 14 17 0.028140178 
377 276 24 31 0.028040249 
308 331 14 18 0.027606152 
183 349 12 14 0.027484708 
989 255 7 9 0.027447617 
529 192 9 13 0.026864236 
30 334 13 17 0.02675218 
167 317 11 13 0.026591728 
343 322 28 31 0.026377276 
919 254 9 11 0.02633206 
686 260 12 15 0.026234059 
302 303 11 13 0.025965862 
571 259 16 19 0.025829393 
52 333 12 14 0.02533635 
323 292 20 25 0.025222871 
244 305 21 27 0.025036406 
433 180 13 17 0.024910087 
284 345 14 16 0.024862599 
84 322 13 15 0.024809878 
155 402 16 21 0.024794355 
837 290 11 15 0.02473875 
300 312 18 21 0.02470511 
149 383 21 26 0.024661532 
59 366 22 28 0.024180727 
434 235 27 31 0.024146916 
428 335 14 15 0.024063975 
888 236 22 25 0.023988426 
51 340 13 15 0.023717158 
344 297 20 23 0.023693496 
732 251 14 19 0.023530938 
849 265 14 19 0.023453012 
376 285 13 17 0.023367917 
861 250 20 27 0.023023136 
259 266 11 14 0.022981416 
868 246 12 16 0.022934033 
184 342 23 29 0.022913009 
849 232 9 12 0.022667537 
71 324 12 13 0.022630475 
999 263 7 9 0.02232013 
1002 284 8 11 0.02224173 
897 301 9 11 0.02214351 
710 250 11 15 0.022140233 
276 349 14 16 0.022079503 
267 308 12 15 0.021881051 
919 245 9 12 0.021584442 
274 354 11 15 0.021430971 
195 346 15 19 0.021388022 
195 364 13 14 0.021130016 
186 321 28 35 0.020888714 
470 289 11 15 0.020765122 
197 328 15 20 0.02061378 
827 311 11 14 0.02054823 
282 356 13 16 0.020330472 
668 247 10 12 0.020236295 
60 386 14 17 0.020034418 
48 353 28 33 0.020027947 
