0_Parade_Parade_0_247
390
69 429 9 12 0.46599793 
312 419 9 12 0.43743375 
80 469 12 15 0.29982 
52 490 14 16 0.24715947 
988 445 18 22 0.23784456 
125 494 12 17 0.23340821 
39 446 11 13 0.19548242 
891 450 10 13 0.19027595 
46 452 10 12 0.18166941 
879 488 9 13 0.18000744 
100 440 11 14 0.17587818 
733 157 15 15 0.17154725 
917 438 12 15 0.14823373 
560 360 9 11 0.14354724 
821 437 10 14 0.13965479 
79 8 376 428 0.13747118 
254 447 8 10 0.13417965 
543 455 7 9 0.12709974 
522 454 6 9 0.12551664 
415 464 8 9 0.12115227 
17 494 10 12 0.119514555 
54 452 9 11 0.1129277 
710 465 8 10 0.11155353 
400 361 10 11 0.101309456 
343 455 6 9 0.1010521 
352 470 8 9 0.09882519 
35 437 10 13 0.09590107 
351 464 7 9 0.09525318 
473 456 7 10 0.09395642 
576 464 7 9 0.09349141 
765 494 8 10 0.09206784 
514 470 6 8 0.08976842 
599 464 6 8 0.08888912 
136 434 7 10 0.08885922 
173 438 14 15 0.08840347 
455 431 8 10 0.08785282 
58 488 12 14 0.08578471 
465 448 6 8 0.08448825 
293 486 8 11 0.080989 
462 481 8 10 0.080152705 
513 465 6 9 0.07974974 
648 508 8 11 0.07920836 
503 471 7 8 0.07894297 
583 329 13 17 0.078111835 
616 454 7 9 0.07740346 
791 430 10 14 0.07724468 
576 350 11 13 0.07665475 
862 447 9 10 0.07478878 
521 450 7 9 0.07331043 
788 381 16 17 0.07322767 
478 456 7 10 0.07318432 
168 443 12 15 0.07175876 
710 446 8 10 0.07100076 
489 471 7 9 0.069968544 
497 455 7 8 0.06993728 
551 464 7 8 0.06812259 
563 471 7 9 0.06751923 
717 496 8 11 0.0666239 
994 294 29 36 0.06656725 
235 87 246 257 0.066382 
665 455 7 10 0.0658387 
478 480 8 10 0.0648514 
15 452 9 12 0.06462966 
198 12 25 29 0.06434566 
760 493 8 9 0.063609466 
76 451 9 12 0.062997624 
595 465 6 9 0.06230351 
315 416 11 14 0.060830418 
400 456 7 9 0.060621597 
22 445 9 12 0.06007923 
496 479 8 10 0.05974129 
386 423 8 10 0.058924984 
538 463 7 8 0.05865414 
329 463 8 9 0.058150843 
704 448 9 11 0.056204915 
342 472 7 9 0.055812914 
338 138 132 146 0.055676073 
863 487 9 14 0.05562362 
539 455 7 9 0.05506433 
519 470 6 8 0.05486978 
294 438 8 11 0.054483533 
621 487 9 12 0.05407613 
554 480 7 9 0.05272475 
902 444 10 12 0.05211145 
416 448 7 9 0.051486276 
663 342 37 51 0.051162634 
350 167 30 29 0.049436964 
607 334 11 14 0.049386438 
303 445 9 11 0.049337097 
587 317 13 16 0.049138505 
543 461 6 9 0.048078362 
829 363 14 17 0.048007045 
550 376 7 10 0.04742628 
731 154 25 25 0.047284704 
102 449 11 13 0.047047764 
65 425 10 12 0.04617414 
17 489 9 11 0.046051156 
440 447 8 9 0.045608718 
559 480 7 10 0.04549102 
757 454 7 10 0.045472145 
901 254 33 54 0.044177663 
176 459 12 15 0.043777466 
544 472 7 9 0.0427907 
584 489 7 9 0.042463657 
496 463 7 9 0.042352255 
972 493 16 22 0.042299744 
360 455 7 9 0.042007945 
751 505 10 11 0.04182407 
346 462 7 9 0.041803055 
552 471 7 9 0.04150258 
504 465 7 9 0.041260462 
328 447 8 10 0.04125369 
287 232 29 40 0.041065052 
882 113 22 33 0.041022804 
496 449 8 9 0.04084019 
180 438 11 12 0.040716488 
665 478 8 11 0.040714383 
470 438 7 9 0.040694512 
296 470 8 9 0.040558975 
576 469 8 10 0.040411305 
727 518 8 9 0.04029064 
616 470 7 9 0.040282823 
601 480 7 9 0.039939128 
281 439 8 10 0.039857626 
622 429 7 10 0.039257728 
780 319 15 17 0.039223623 
854 355 14 19 0.03918635 
171 451 15 17 0.03909996 
288 437 8 11 0.038967114 
45 421 11 13 0.03892667 
860 355 15 19 0.0389089 
337 470 8 10 0.038775634 
702 480 7 9 0.03875456 
720 513 7 8 0.038736753 
470 433 7 10 0.038366724 
670 473 8 10 0.038224246 
713 379 11 12 0.038167633 
456 439 7 9 0.03803585 
232 494 10 13 0.037919953 
804 400 15 20 0.03768679 
799 396 13 17 0.037580065 
529 480 8 9 0.03749337 
705 463 9 11 0.037406966 
121 453 11 12 0.037264276 
617 425 8 9 0.03719112 
246 463 7 9 0.037084945 
549 456 7 9 0.03660672 
543 438 6 9 0.036365032 
999 172 23 30 0.03632442 
655 463 8 10 0.036281586 
537 471 7 9 0.03620576 
130 437 8 10 0.035825934 
593 469 6 9 0.0353811 
687 419 9 11 0.035022374 
296 445 8 11 0.034543954 
577 489 8 9 0.0343208 
248 455 8 9 0.034220707 
669 454 8 10 0.03409917 
517 414 9 11 0.033857696 
712 10 24 31 0.03377346 
795 386 14 16 0.033724703 
581 336 13 17 0.03372244 
441 431 7 10 0.03365042 
405 360 8 10 0.03351222 
393 447 7 9 0.033407398 
448 454 7 8 0.03338906 
537 449 7 8 0.033346858 
872 414 10 13 0.033261478 
568 465 8 9 0.033076927 
466 454 7 10 0.032897614 
637 326 11 15 0.03280476 
980 494 16 22 0.03271184 
352 456 7 9 0.03258833 
605 480 7 8 0.032564882 
621 425 7 9 0.032469213 
882 101 124 153 0.032308593 
86 503 23 35 0.031921256 
415 351 7 10 0.031864546 
344 448 7 9 0.031666536 
576 343 10 13 0.03139096 
754 493 8 10 0.031195568 
341 478 8 9 0.030864596 
528 199 15 18 0.030856028 
53 499 12 14 0.03061098 
36 431 11 13 0.030601911 
6 443 12 15 0.030600235 
168 438 21 24 0.030551458 
632 469 7 9 0.030492859 
553 325 9 11 0.030421134 
832 422 10 12 0.030337268 
327 439 7 9 0.030310107 
622 479 7 10 0.030088035 
496 471 7 8 0.030004196 
337 454 7 9 0.03000289 
18 496 14 16 0.029553782 
273 440 7 9 0.02950893 
261 431 8 10 0.02949079 
698 180 20 22 0.029472178 
109 508 11 13 0.029229334 
616 463 7 10 0.029210983 
513 479 7 9 0.029110467 
947 466 18 21 0.02897072 
999 179 13 18 0.028931651 
554 484 7 10 0.02887686 
358 473 8 9 0.028796824 
88 496 40 52 0.028783305 
865 397 9 11 0.028681962 
541 310 8 10 0.028593112 
410 464 7 9 0.02854687 
322 439 8 10 0.028483974 
87 509 13 19 0.02841936 
100 502 15 20 0.028410869 
942 465 15 19 0.028311037 
74 467 12 17 0.028240701 
862 429 9 11 0.028155597 
737 438 8 10 0.028015675 
502 479 8 9 0.027950784 
645 192 17 22 0.027934596 
127 145 52 59 0.027753532 
617 449 6 9 0.02763694 
797 330 17 24 0.027497929 
277 494 9 12 0.02740854 
293 217 17 21 0.027287576 
665 448 7 10 0.027129302 
335 464 6 8 0.027007103 
733 480 8 10 0.026902718 
801 55 50 63 0.02681628 
418 455 6 8 0.026751362 
609 472 6 8 0.026592538 
479 484 9 11 0.0265812 
108 453 11 12 0.026566029 
649 448 7 8 0.026562927 
982 187 39 56 0.026559776 
520 463 7 9 0.026402747 
343 174 27 30 0.026391855 
477 540 11 13 0.026372429 
551 496 7 8 0.026280181 
488 448 6 8 0.026264302 
934 435 11 15 0.026157683 
128 474 10 14 0.02607982 
294 419 11 14 0.025993612 
943 459 12 16 0.025884444 
438 397 9 10 0.025854249 
913 443 12 15 0.025852796 
752 520 10 13 0.025851581 
802 389 15 17 0.025847275 
874 419 13 15 0.025831426 
519 421 8 10 0.025737913 
327 431 8 10 0.025715517 
601 487 8 10 0.025672494 
831 70 50 56 0.025591526 
786 220 16 19 0.025545476 
623 464 7 10 0.025516188 
831 428 9 11 0.02548762 
60 447 10 12 0.025402235 
401 390 9 11 0.025379293 
733 123 10 12 0.025367053 
207 17 28 31 0.025215294 
11 430 12 15 0.025188532 
416 441 7 9 0.025166232 
508 309 9 11 0.025125233 
464 432 8 11 0.025112074 
95 499 24 32 0.024994817 
745 520 7 10 0.024972314 
892 47 39 54 0.024968332 
261 191 14 16 0.02483541 
811 399 16 21 0.024824189 
525 455 6 9 0.024817768 
156 485 12 15 0.024610551 
512 486 8 9 0.02455906 
553 319 9 11 0.024440287 
304 472 7 9 0.024425147 
7 436 12 14 0.02433936 
557 323 9 12 0.02430971 
826 436 11 14 0.024285423 
615 440 8 9 0.02427521 
962 284 32 44 0.024273233 
451 173 18 20 0.024270054 
759 519 10 13 0.024221247 
623 470 6 9 0.024194783 
849 86 52 58 0.024174685 
289 445 8 10 0.024108833 
473 479 8 9 0.02410032 
480 440 6 8 0.024062254 
816 444 11 15 0.02397792 
96 431 9 12 0.02394704 
895 431 8 11 0.023925927 
96 448 11 15 0.023901463 
606 487 7 10 0.023883332 
374 431 7 9 0.023784962 
447 469 8 11 0.023772795 
322 445 8 10 0.023735425 
126 486 12 17 0.023729904 
439 439 7 9 0.023670247 
489 478 9 11 0.023513187 
-20 296 102 153 0.02342429 
871 487 11 13 0.02336737 
784 323 24 30 0.023366641 
335 448 7 10 0.023343243 
32 441 12 16 0.02333503 
73 448 9 12 0.023322426 
724 33 46 56 0.02329381 
815 432 11 14 0.023081327 
745 503 9 11 0.023069682 
565 365 8 10 0.023052637 
48 487 23 28 0.023045776 
550 293 8 10 0.022984179 
395 455 6 10 0.022983497 
165 459 12 16 0.022923365 
135 445 10 14 0.022895284 
353 477 8 10 0.022846144 
843 3 16 17 0.022822348 
263 470 8 10 0.022708608 
263 454 9 11 0.022560775 
0 283 57 92 0.022558924 
665 485 7 9 0.022491377 
94 505 15 19 0.022478864 
394 364 10 12 0.02247134 
801 463 8 11 0.022406427 
727 158 16 19 0.022394635 
828 46 43 52 0.022377918 
560 305 8 10 0.02237277 
895 485 14 17 0.022370944 
503 449 8 9 0.022341495 
296 164 118 131 0.022297164 
822 389 15 20 0.022199346 
945 470 29 34 0.022127472 
988 142 23 30 0.02212242 
124 457 12 15 0.022117186 
434 439 7 10 0.022107003 
969 297 37 43 0.022094406 
981 453 23 27 0.022011617 
647 495 7 9 0.021975005 
542 478 8 10 0.021953791 
96 440 18 22 0.021952901 
302 464 7 10 0.021932874 
738 150 17 18 0.0219272 
409 448 7 10 0.021716984 
664 460 8 10 0.021715343 
696 412 11 14 0.021686273 
305 477 7 10 0.021656532 
558 318 10 12 0.021650057 
805 199 16 21 0.021625591 
290 218 29 36 0.021623189 
837 430 8 10 0.021608569 
344 440 7 9 0.021580067 
862 440 9 11 0.02134209 
305 420 11 13 0.02130152 
686 446 8 11 0.021299096 
619 347 12 15 0.02126492 
465 439 9 10 0.021260433 
830 21 29 36 0.021235764 
399 461 7 9 0.02119394 
669 449 8 9 0.021181718 
746 509 8 10 0.021168036 
447 448 6 9 0.021071646 
795 429 11 14 0.021059837 
759 502 9 11 0.021025639 
469 447 7 9 0.021006946 
297 464 8 9 0.02099658 
360 477 7 9 0.020952437 
640 480 8 9 0.020892378 
590 488 7 10 0.020832479 
358 447 8 8 0.02079966 
922 437 14 16 0.02072692 
403 364 9 12 0.020721626 
498 167 22 27 0.020675166 
584 311 10 14 0.020646866 
727 513 7 9 0.020606851 
255 440 9 11 0.020580923 
364 170 19 21 0.020484334 
535 486 8 10 0.020451028 
894 438 10 12 0.0203651 
618 480 7 9 0.020345358 
820 503 15 17 0.020312715 
490 424 8 9 0.020302488 
888 437 9 11 0.02029763 
783 385 15 17 0.020297399 
433 464 7 8 0.020263758 
942 232 30 37 0.020246496 
24 439 10 14 0.020232387 
567 315 12 14 0.020218492 
741 438 9 12 0.020198116 
535 392 6 9 0.020176753 
7 449 12 17 0.020149395 
646 479 8 10 0.020110616 
150 153 12 14 0.020100875 
53 421 9 12 0.020091923 
329 454 7 9 0.020069368 
915 431 13 16 0.020032223 
