0_Parade_Parade_0_125
108
518 339 28 36 0.99730515 
1004 341 21 35 0.9880989 
584 269 25 34 0.9446916 
12 412 13 18 0.91714376 
10 474 20 27 0.8966561 
472 271 23 30 0.8166728 
423 253 10 13 0.24996312 
973 444 9 13 0.18399021 
587 253 27 35 0.17023027 
54 440 25 32 0.1653018 
255 474 15 18 0.16314158 
381 502 10 11 0.13947788 
700 241 15 21 0.13294072 
566 240 15 17 0.12761584 
96 462 10 12 0.11007929 
958 469 8 10 0.097738355 
41 430 9 11 0.0938588 
586 336 25 30 0.08928858 
589 251 17 22 0.080919825 
884 430 9 10 0.07875519 
391 282 14 19 0.07870038 
47 430 10 12 0.07827851 
53 431 10 13 0.077944614 
376 500 11 14 0.077865146 
612 288 23 37 0.07660779 
986 494 31 56 0.06972394 
64 450 14 18 0.063451104 
572 268 26 32 0.05365804 
469 284 15 22 0.052083354 
855 438 7 9 0.047531947 
847 485 7 10 0.04596096 
46 436 13 17 0.0449255 
0 489 10 16 0.043159775 
313 471 10 12 0.04278373 
476 346 18 20 0.041965246 
374 286 13 17 0.041175887 
500 292 14 20 0.04070993 
845 469 9 13 0.040056475 
379 285 15 19 0.039787296 
897 424 9 11 0.03892991 
840 495 7 8 0.038590103 
389 294 23 34 0.038196843 
256 469 25 28 0.038127065 
861 455 7 10 0.037405364 
895 447 8 9 0.03690057 
863 488 9 10 0.0359119 
340 502 12 13 0.035657648 
936 446 7 8 0.035471924 
491 281 13 19 0.035101023 
327 514 14 19 0.03463619 
845 475 9 13 0.03435565 
600 279 26 35 0.034137856 
40 424 9 12 0.033386633 
-1 459 35 47 0.033263136 
137 457 9 11 0.03315972 
93 494 10 11 0.032807074 
849 433 7 10 0.031540226 
906 457 8 10 0.03060624 
40 423 41 56 0.030203756 
482 274 21 29 0.029775558 
46 442 16 20 0.029755825 
846 464 8 10 0.029186815 
954 464 7 10 0.029019477 
729 408 8 10 0.028984588 
139 460 11 13 0.028839517 
592 244 13 17 0.028806118 
373 456 8 11 0.028764136 
1013 314 10 17 0.028533906 
16 469 15 20 0.027956678 
88 462 9 12 0.027184434 
256 446 10 11 0.026937984 
881 460 8 11 0.026877578 
110 455 8 10 0.02677904 
38 543 11 16 0.02659056 
599 337 18 21 0.02646479 
395 289 13 19 0.026241064 
273 398 9 11 0.025966905 
102 457 9 10 0.025675036 
89 495 9 10 0.025437646 
943 397 9 11 0.025409263 
872 439 8 9 0.02537433 
53 455 15 20 0.025163246 
885 424 8 11 0.025139699 
494 288 13 19 0.025041517 
43 433 25 35 0.024967467 
119 465 10 11 0.024608955 
476 261 14 17 0.02446242 
951 399 8 10 0.024134705 
913 446 7 9 0.02376189 
105 470 9 13 0.023578428 
765 480 8 11 0.023529613 
950 447 8 11 0.023438614 
104 485 9 13 0.023288475 
880 503 9 12 0.023261463 
108 471 12 14 0.023243116 
249 476 12 15 0.02312044 
909 455 8 11 0.02306356 
369 501 12 14 0.022546707 
384 214 11 14 0.02253581 
0 414 8 12 0.022531332 
204 469 10 12 0.022474231 
870 487 7 9 0.022264112 
117 469 10 11 0.022164375 
890 470 8 10 0.021741694 
362 294 35 48 0.02133303 
542 344 23 30 0.021130558 
381 268 14 17 0.021059463 
847 503 7 9 0.020703869 
