0_Parade_Parade_0_688
192
882 523 14 17 0.98465085 
278 525 23 27 0.9530134 
452 532 29 31 0.9313982 
536 463 16 20 0.92866874 
449 502 22 28 0.8635895 
839 531 10 13 0.8575832 
565 541 18 22 0.8408565 
846 568 13 19 0.8284055 
805 526 18 20 0.6889985 
822 532 10 15 0.5489098 
365 529 12 16 0.5052137 
215 539 14 21 0.3705599 
531 593 19 23 0.29050705 
190 515 10 12 0.274305 
734 479 14 23 0.1801527 
946 529 7 10 0.17353706 
7 580 12 18 0.17330803 
204 553 14 18 0.17313664 
969 512 8 10 0.16773821 
1014 532 8 12 0.16433598 
1006 547 9 12 0.16071677 
265 533 10 15 0.1582641 
827 534 10 13 0.15612343 
768 541 9 12 0.14604856 
6 573 10 14 0.1307188 
26 561 7 9 0.1204637 
910 534 8 11 0.11683849 
741 531 11 14 0.11190722 
775 536 8 11 0.107171 
309 514 14 21 0.10713168 
949 528 8 10 0.10504066 
338 580 36 39 0.09682461 
228 547 13 16 0.09036936 
238 539 12 16 0.086457156 
975 535 10 12 0.08624902 
65 575 10 12 0.08442595 
958 541 7 10 0.08368474 
856 540 10 14 0.08191771 
862 535 10 13 0.07493809 
471 455 10 12 0.074457094 
581 515 19 30 0.07418767 
784 544 8 10 0.072706275 
1002 543 8 11 0.070733644 
893 533 10 12 0.06931048 
54 556 9 11 0.0689003 
508 516 17 20 0.06846333 
981 535 8 10 0.06838383 
56 552 7 10 0.06718623 
868 538 14 18 0.06647464 
684 601 15 16 0.064162485 
982 541 9 10 0.063216515 
220 538 18 24 0.062440637 
368 477 11 12 0.062200237 
738 527 10 13 0.06078802 
832 557 9 12 0.058714412 
356 488 13 16 0.056060057 
234 545 13 17 0.056010433 
903 533 10 12 0.05438025 
981 600 14 17 0.053917807 
218 534 14 18 0.05364363 
28 565 8 11 0.053071633 
269 530 13 19 0.05264021 
951 533 8 10 0.052154522 
911 529 7 8 0.051697407 
545 570 14 18 0.051377982 
495 471 10 13 0.050837167 
993 534 8 10 0.049993638 
843 529 11 14 0.04921408 
194 572 17 21 0.048973177 
761 540 10 13 0.04813949 
532 500 12 15 0.047385078 
312 504 10 13 0.047362387 
518 540 10 14 0.04671123 
318 755 12 12 0.045873895 
918 541 9 11 0.044342842 
904 529 9 10 0.04422833 
976 528 8 11 0.044217277 
973 516 8 10 0.043847766 
1012 541 10 13 0.043394066 
244 539 11 14 0.043352287 
910 538 10 14 0.043077204 
628 525 11 14 0.0428237 
2 565 9 13 0.042533904 
76 534 8 11 0.042217586 
1 558 8 12 0.04179937 
47 573 8 10 0.039990094 
270 580 26 30 0.03817341 
28 559 9 10 0.037662514 
565 570 13 18 0.037634984 
198 564 14 16 0.037452895 
791 532 9 13 0.0373904 
863 528 9 11 0.03682013 
957 535 8 10 0.034712043 
832 528 9 12 0.034197424 
533 573 25 29 0.033938166 
595 601 15 18 0.033904914 
953 541 9 11 0.03384752 
560 544 15 20 0.03289581 
269 580 15 18 0.032880675 
375 757 10 10 0.032679435 
847 541 9 11 0.03190696 
823 562 10 13 0.031545293 
270 522 20 28 0.031331204 
955 714 41 55 0.0311028 
991 528 9 11 0.030709507 
749 541 9 13 0.030364476 
874 570 14 18 0.029685149 
62 550 7 9 0.029457545 
340 473 13 15 0.02943574 
891 526 10 13 0.029275987 
212 562 11 15 0.029052317 
759 536 10 12 0.029001597 
747 533 10 13 0.028781887 
784 534 8 12 0.02870355 
254 554 11 14 0.028670067 
356 537 15 19 0.028665598 
48 568 8 11 0.028592512 
970 540 9 11 0.02852058 
441 489 27 35 0.028204862 
569 531 16 24 0.028148305 
55 575 9 10 0.027971081 
277 519 12 16 0.027884988 
424 486 11 14 0.027884103 
825 557 10 13 0.027871517 
50 552 8 10 0.027824435 
360 476 13 14 0.02775831 
35 598 11 16 0.027697891 
832 562 10 13 0.027684059 
201 550 12 16 0.027566409 
893 563 13 15 0.027406825 
1012 548 10 12 0.027385434 
301 519 15 22 0.027219161 
1005 535 20 26 0.02674004 
936 527 7 10 0.026587466 
38 583 8 11 0.02654293 
595 588 25 31 0.02639065 
596 516 13 18 0.02615901 
323 521 14 18 0.025978716 
427 514 11 17 0.025802298 
314 507 14 20 0.025621474 
835 557 12 15 0.02559319 
894 548 13 16 0.025092352 
869 565 14 19 0.024910538 
365 492 12 15 0.024770511 
528 465 13 17 0.02475755 
884 548 12 16 0.024651527 
67 589 11 14 0.024453677 
692 559 16 22 0.024231844 
748 582 10 13 0.024164248 
708 479 37 51 0.02407165 
509 537 13 17 0.024053684 
374 492 12 15 0.024021514 
838 578 13 15 0.023890207 
33 583 8 11 0.02368333 
350 756 10 11 0.023642728 
69 577 10 13 0.0235609 
11 573 9 12 0.023548799 
909 545 11 17 0.023544738 
759 571 10 12 0.0234932 
32 590 10 13 0.023365432 
929 534 8 10 0.02332698 
839 566 14 17 0.023294564 
62 544 8 10 0.023244394 
336 470 11 14 0.023210546 
57 581 9 11 0.022916043 
765 547 11 14 0.022911008 
342 486 12 14 0.022285746 
271 518 10 15 0.02220099 
832 580 11 15 0.022091502 
789 541 9 12 0.02207489 
465 534 30 35 0.021967456 
501 468 12 15 0.02195062 
853 559 11 15 0.021921938 
983 548 11 12 0.021764664 
902 538 12 16 0.021757036 
487 473 14 16 0.021623755 
672 469 10 13 0.021540603 
25 596 9 12 0.021504594 
258 577 24 27 0.021450799 
534 570 13 16 0.021368284 
930 529 7 8 0.02131327 
997 535 8 11 0.021272872 
928 692 9 13 0.021212539 
1009 529 8 10 0.021147577 
326 507 12 17 0.021122845 
438 505 14 19 0.020871153 
287 529 23 29 0.020777985 
315 512 20 27 0.020640701 
774 558 9 11 0.020383162 
808 483 209 235 0.020138195 
61 568 21 25 0.0200643 
876 557 25 30 0.020035438 
