0_Parade_marchingband_1_593
740
358 383 9 11 0.7337365 
802 302 7 10 0.7137178 
624 377 8 10 0.67544377 
445 347 10 12 0.6586117 
863 335 9 12 0.6567808 
648 302 9 12 0.6381192 
181 331 9 12 0.61003196 
533 292 9 11 0.6039774 
908 349 10 14 0.5869777 
392 377 9 12 0.577211 
239 307 9 12 0.5693925 
697 347 9 11 0.5504479 
468 380 9 11 0.54072344 
437 287 9 11 0.5329157 
629 311 10 11 0.513519 
487 308 8 10 0.4984925 
597 347 9 11 0.49145907 
542 376 7 9 0.48949343 
580 303 10 12 0.47627687 
753 328 8 11 0.46664682 
77 343 8 11 0.4605216 
475 341 9 11 0.45623562 
430 376 7 9 0.44195867 
502 293 9 11 0.43393746 
351 359 9 11 0.42330137 
273 303 8 11 0.41377148 
614 301 9 11 0.41033027 
471 312 8 10 0.40937227 
103 332 9 11 0.40154737 
624 337 8 11 0.39911842 
253 320 10 12 0.39444038 
229 359 8 10 0.3937767 
176 303 8 11 0.38463703 
318 321 8 10 0.38121033 
584 378 8 9 0.3776164 
592 285 10 12 0.37190714 
561 288 9 11 0.37188303 
153 336 9 11 0.37027735 
599 364 11 14 0.35257182 
222 321 9 10 0.35157093 
110 310 6 9 0.34704077 
542 326 8 10 0.34041283 
310 352 9 12 0.33748838 
477 336 9 11 0.33508828 
137 308 8 10 0.3331663 
196 351 9 12 0.3281438 
782 326 7 10 0.318884 
455 302 8 11 0.29801694 
506 376 7 9 0.28417453 
726 352 7 9 0.27738512 
305 304 9 11 0.27232462 
503 288 9 11 0.27027497 
801 325 8 10 0.2671783 
599 317 9 11 0.2622783 
206 304 8 11 0.26215288 
373 323 8 11 0.26101118 
695 310 7 10 0.2609984 
653 341 8 10 0.25791156 
405 391 7 10 0.24969853 
761 345 8 10 0.24873011 
438 321 8 10 0.24659355 
405 320 8 11 0.23953111 
125 329 8 10 0.23720455 
504 326 8 11 0.23663767 
533 343 8 10 0.23609443 
265 359 8 10 0.23588851 
598 303 7 9 0.23572455 
269 359 7 9 0.22202156 
565 343 8 10 0.21667482 
722 294 7 9 0.21639612 
773 303 7 9 0.21088019 
593 270 8 10 0.20866549 
800 339 9 11 0.20844162 
176 308 9 11 0.20632853 
127 333 7 10 0.2060248 
535 301 8 11 0.20424569 
213 357 9 11 0.20260766 
345 318 8 10 0.1957213 
360 303 7 10 0.19288091 
632 294 7 9 0.1923106 
661 377 8 10 0.18974672 
632 342 8 10 0.18782362 
402 325 9 10 0.18123214 
677 336 7 11 0.18086557 
519 304 8 10 0.18046792 
141 309 8 11 0.18023312 
762 313 8 10 0.17661619 
141 305 8 9 0.17565934 
502 343 8 10 0.17098618 
519 309 9 10 0.16714457 
703 328 8 10 0.1663254 
157 351 8 11 0.16627173 
792 319 7 10 0.16557616 
360 309 8 10 0.16294315 
181 357 9 11 0.1605866 
376 336 9 11 0.15671034 
397 288 8 10 0.1547223 
305 287 7 9 0.15437177 
456 287 7 10 0.14550164 
271 386 8 10 0.14490004 
710 325 8 10 0.14392173 
210 333 7 10 0.13868147 
273 285 8 10 0.1386707 
560 301 9 11 0.13846523 
567 302 8 10 0.13831216 
230 407 9 11 0.13825503 
647 320 9 11 0.13787246 
538 376 7 9 0.13706468 
599 311 9 12 0.13698238 
191 354 9 12 0.1362127 
565 350 8 9 0.13044634 
701 345 8 10 0.13013071 
538 326 8 10 0.12882267 
448 373 8 10 0.12803712 
765 311 9 11 0.12721731 
359 344 7 9 0.12667222 
263 335 7 10 0.12125042 
567 327 9 11 0.12054193 
737 304 7 10 0.120027214 
153 395 9 10 0.11910253 
394 422 8 10 0.11821778 
775 310 7 9 0.117502645 
680 318 8 10 0.11622974 
576 335 9 10 0.11540168 
529 376 7 9 0.115200326 
352 325 8 10 0.11429413 
415 341 7 10 0.11390101 
350 319 7 10 0.112945035 
442 343 10 12 0.11158303 
519 327 9 11 0.11077786 
286 319 10 11 0.11033827 
393 415 8 10 0.10959683 
359 296 8 10 0.107622944 
613 287 8 10 0.10741004 
383 364 9 11 0.10710384 
599 325 9 12 0.10630514 
502 319 8 10 0.104867 
805 326 8 10 0.103638984 
649 287 8 10 0.10100492 
625 317 9 13 0.10077513 
137 356 8 11 0.099701874 
297 342 8 10 0.09767044 
138 288 7 9 0.09592165 
471 297 8 9 0.09572401 
568 364 8 11 0.09556146 
631 304 9 11 0.09533836 
277 303 8 11 0.095011406 
479 326 8 9 0.094369754 
222 303 8 10 0.09411981 
569 319 8 10 0.09321641 
630 337 8 10 0.092890486 
511 352 9 11 0.09210185 
503 312 8 10 0.091875546 
399 292 7 9 0.091798 
370 321 8 10 0.08969589 
214 352 8 10 0.08959184 
120 319 8 10 0.08914262 
489 351 8 11 0.088989735 
108 327 9 11 0.0882643 
503 300 9 10 0.088166505 
87 343 9 10 0.088043146 
654 319 8 10 0.08663184 
582 319 8 11 0.086343035 
815 333 8 10 0.08625799 
729 321 8 9 0.08623173 
543 332 9 11 0.08555385 
648 349 9 11 0.0849679 
541 321 8 10 0.08460126 
580 351 9 10 0.084489495 
447 327 8 10 0.084215425 
447 367 9 12 0.084155284 
337 327 7 9 0.08340107 
496 344 8 9 0.082804024 
153 353 9 12 0.082749136 
561 350 9 12 0.08248207 
557 356 9 12 0.081966616 
509 377 7 10 0.0817979 
564 294 8 11 0.08100669 
94 342 8 10 0.08090047 
593 302 8 11 0.08045225 
453 358 9 11 0.07970419 
214 334 7 10 0.078858316 
638 342 8 10 0.07881616 
597 295 8 11 0.07861689 
578 308 8 10 0.07844019 
594 344 10 12 0.07832882 
318 351 8 11 0.07826538 
401 303 8 10 0.07809876 
345 313 8 10 0.078003235 
695 294 8 10 0.077584855 
614 308 8 11 0.077330835 
505 271 7 10 0.07717894 
218 319 7 10 0.076814756 
560 327 8 10 0.07666466 
593 291 9 12 0.076618075 
528 358 8 11 0.07516961 
406 396 9 11 0.07498987 
309 287 7 10 0.07446246 
358 327 7 9 0.074018374 
800 321 8 10 0.0737829 
433 320 9 10 0.073717155 
312 335 8 11 0.07351364 
527 327 8 11 0.07338135 
466 311 8 11 0.07337802 
632 348 9 11 0.07290481 
513 303 8 10 0.072860576 
680 351 7 9 0.07274414 
143 317 8 10 0.07263822 
250 323 9 12 0.07251452 
726 334 8 10 0.072460145 
215 303 7 10 0.07227701 
653 287 8 10 0.07219426 
437 271 8 9 0.07191573 
448 355 10 12 0.07169707 
575 319 8 11 0.07166352 
231 335 8 9 0.071305834 
430 333 9 12 0.07128002 
497 320 8 9 0.07108492 
254 303 8 10 0.071071215 
478 319 9 11 0.07096927 
283 319 7 9 0.0707126 
574 359 9 11 0.069338694 
729 326 7 9 0.068789616 
326 335 7 10 0.0686407 
890 382 9 11 0.068524614 
651 336 8 11 0.06844324 
410 358 7 9 0.06809676 
741 343 8 11 0.0679014 
225 392 9 11 0.067184165 
576 340 10 12 0.06702196 
680 313 9 11 0.066978 
321 334 9 10 0.06694403 
232 410 9 12 0.06693307 
498 325 8 11 0.066787235 
414 357 8 10 0.066651054 
721 288 8 10 0.06589424 
208 317 9 10 0.06528893 
140 350 10 13 0.064406835 
638 335 8 10 0.0643632 
607 311 9 11 0.06425038 
615 352 9 10 0.06412138 
791 342 8 10 0.06379933 
223 343 8 10 0.06345887 
534 278 7 10 0.06327989 
279 358 7 10 0.06270398 
258 359 8 10 0.06268437 
208 293 7 10 0.06261383 
534 359 8 10 0.06252531 
648 296 9 11 0.062489677 
510 328 8 11 0.062349297 
472 302 8 10 0.06221628 
343 350 7 9 0.062177394 
688 296 7 9 0.06199187 
707 320 8 10 0.06145728 
137 315 9 11 0.061302457 
478 349 9 11 0.06099782 
765 344 8 10 0.06087874 
566 334 10 11 0.060606483 
777 350 8 10 0.06025232 
223 334 9 10 0.06010952 
177 352 8 11 0.060000546 
256 344 7 10 0.059964214 
398 382 8 11 0.05987893 
234 304 9 11 0.05983552 
297 336 7 9 0.05961014 
425 327 8 10 0.05958592 
519 317 8 10 0.05939643 
568 310 7 10 0.057490695 
344 343 8 11 0.05708978 
375 350 8 10 0.057028458 
641 302 8 11 0.056375142 
177 364 9 11 0.056155376 
455 307 9 12 0.05607437 
241 408 9 11 0.055954807 
688 311 9 10 0.05589223 
396 375 8 11 0.055427402 
431 342 8 12 0.055425446 
631 289 9 11 0.055183806 
505 357 8 12 0.054601703 
611 294 10 12 0.054601353 
605 342 8 11 0.054519948 
698 327 8 11 0.054377854 
367 366 8 10 0.054326344 
856 294 8 10 0.054194637 
456 296 8 10 0.05391616 
273 297 8 10 0.05383827 
504 350 8 11 0.053824924 
673 339 9 12 0.053787626 
533 349 9 11 0.05377569 
535 335 9 12 0.05321334 
561 334 8 10 0.053132653 
671 358 8 10 0.05283998 
806 320 7 9 0.052393924 
74 347 9 11 0.05237115 
126 317 8 10 0.051972993 
135 342 8 10 0.051440682 
606 316 8 11 0.051176634 
734 321 8 9 0.051161416 
681 297 9 11 0.05107358 
208 289 8 10 0.05106572 
384 416 8 9 0.050970197 
230 320 7 9 0.050502505 
477 366 9 10 0.050488446 
518 288 8 10 0.05036348 
294 319 8 10 0.050242044 
361 280 7 10 0.050241955 
123 331 8 12 0.050131872 
178 326 11 15 0.050084166 
384 393 8 10 0.049804434 
722 279 6 9 0.049717773 
778 319 8 11 0.049529925 
623 325 8 10 0.04949954 
655 359 9 13 0.049450576 
376 398 7 9 0.049363386 
493 350 9 12 0.04927123 
309 306 8 11 0.049240638 
437 302 9 11 0.049173974 
565 272 8 10 0.049142018 
768 296 8 10 0.048955843 
409 342 8 11 0.0487909 
687 318 8 10 0.048480622 
315 323 8 11 0.04792766 
224 352 7 9 0.047726173 
431 325 9 11 0.047647577 
433 358 8 11 0.047411352 
167 318 10 11 0.04731521 
722 334 7 10 0.047174938 
624 358 9 12 0.047126416 
559 320 7 9 0.04702987 
364 423 8 11 0.04673653 
402 349 8 10 0.046573974 
225 405 10 12 0.0464378 
653 309 8 11 0.04627517 
499 295 8 10 0.046269353 
248 359 7 9 0.04621548 
327 399 9 11 0.04601983 
487 317 8 11 0.045936547 
537 308 9 10 0.045857187 
225 396 11 13 0.045826036 
238 289 8 9 0.045729805 
628 375 8 11 0.04569213 
328 405 9 11 0.045660064 
848 295 8 10 0.045605864 
271 318 8 10 0.04542028 
334 391 8 11 0.045364786 
847 303 8 10 0.04534201 
581 335 8 11 0.04530674 
528 335 9 11 0.045270793 
353 342 8 11 0.044930395 
408 351 8 10 0.04484567 
344 296 7 10 0.04481445 
176 296 9 12 0.04481176 
640 326 8 11 0.044576015 
265 385 8 10 0.044416655 
296 326 7 10 0.044362854 
238 294 8 10 0.044279993 
399 332 9 11 0.044104245 
580 342 9 12 0.04399579 
350 311 9 10 0.043821763 
510 287 8 11 0.043743927 
618 341 8 10 0.043441862 
774 286 7 9 0.043262612 
223 310 8 9 0.042997044 
782 320 8 11 0.042894762 
472 359 9 13 0.04289257 
577 377 8 10 0.0428125 
285 302 8 10 0.04274267 
289 344 7 9 0.04266216 
225 361 9 12 0.04236228 
210 340 8 10 0.042000078 
594 310 9 11 0.04191026 
434 292 8 11 0.041910198 
615 319 9 11 0.041818146 
263 351 8 10 0.04176206 
158 312 8 9 0.041644085 
454 318 8 10 0.041611616 
657 390 9 11 0.041223995 
582 357 9 11 0.040956 
439 280 8 11 0.04075279 
818 342 8 11 0.040730327 
593 327 8 12 0.040620066 
367 359 8 10 0.040595125 
279 309 8 10 0.04037307 
695 305 8 10 0.040353693 
280 352 7 8 0.040337205 
398 408 9 11 0.04028889 
393 409 8 10 0.040187754 
480 309 8 11 0.039929103 
505 331 9 12 0.03985195 
802 306 8 12 0.03964768 
776 344 7 9 0.0390289 
713 421 7 10 0.038995042 
317 304 8 10 0.038806833 
282 325 8 10 0.038799055 
358 350 8 10 0.03877638 
560 309 8 10 0.03863397 
623 351 8 10 0.038514104 
640 287 8 11 0.03849382 
472 346 11 12 0.038267307 
639 296 8 10 0.0382291 
631 326 9 10 0.038228944 
127 339 9 11 0.038208034 
678 325 8 10 0.038160652 
438 357 10 12 0.038083397 
482 303 8 11 0.038073692 
553 303 9 11 0.038028933 
487 295 8 9 0.037992094 
262 342 8 10 0.037990965 
806 309 8 10 0.03788316 
695 318 8 10 0.03785492 
366 309 8 10 0.037773978 
215 343 8 10 0.037755575 
307 356 9 11 0.03775473 
542 369 7 9 0.037665986 
528 301 8 11 0.037541006 
674 326 8 9 0.03749821 
346 358 8 11 0.037483037 
487 288 7 10 0.037380148 
175 288 7 9 0.03723513 
744 350 8 10 0.03723316 
495 357 8 11 0.037200946 
574 326 8 11 0.03702593 
453 364 10 13 0.03692792 
653 348 9 11 0.036839996 
361 286 7 9 0.036794282 
606 327 8 11 0.03676006 
712 304 8 11 0.036722023 
359 366 9 11 0.03659759 
464 326 8 11 0.036575615 
368 350 8 11 0.036510255 
761 295 8 9 0.03640163 
528 349 9 12 0.036314584 
510 294 8 10 0.036311083 
606 335 8 10 0.036297504 
239 316 8 10 0.03629171 
401 367 8 11 0.03628104 
841 304 8 9 0.036147427 
184 340 7 10 0.03613439 
552 327 8 11 0.036047846 
298 286 8 10 0.035978854 
183 320 10 11 0.035939842 
665 352 8 10 0.035915196 
673 320 8 10 0.03589827 
793 337 8 10 0.03587644 
98 334 8 10 0.035823975 
521 333 8 11 0.03580196 
596 279 10 12 0.03578249 
521 342 7 10 0.0354054 
151 318 7 10 0.035404626 
112 317 8 11 0.035342757 
216 326 8 11 0.03530672 
745 327 8 10 0.03515266 
118 343 9 11 0.035095938 
395 292 8 10 0.034996316 
353 352 8 11 0.034985457 
782 350 7 10 0.034871843 
792 313 8 9 0.034866523 
311 341 8 11 0.034858204 
202 308 9 10 0.03470909 
519 294 8 10 0.03465575 
311 396 8 10 0.034615524 
406 405 11 13 0.034511935 
804 341 8 10 0.0344614 
338 350 7 10 0.034394186 
597 264 9 11 0.034380846 
653 294 8 11 0.033946853 
301 343 8 10 0.033760097 
735 349 8 11 0.033748507 
551 332 8 11 0.033622675 
353 303 7 9 0.033578407 
584 288 8 10 0.03341226 
144 325 8 10 0.033396743 
320 392 7 9 0.033392645 
559 366 8 11 0.033347625 
146 335 8 11 0.033328004 
814 312 8 9 0.033305656 
358 377 9 11 0.033301134 
401 395 9 10 0.032977045 
277 279 9 12 0.032827888 
525 310 8 10 0.03280193 
279 296 8 10 0.032798667 
536 367 7 9 0.03275552 
224 412 9 11 0.032713216 
589 376 8 10 0.03267256 
756 331 9 10 0.032612123 
423 359 8 10 0.032583322 
461 287 8 10 0.032460697 
542 310 7 9 0.03243669 
777 357 9 10 0.032424364 
354 387 9 12 0.03229456 
629 359 9 12 0.032018855 
480 296 7 9 0.03181609 
799 296 17 24 0.031806506 
619 336 8 10 0.031765815 
88 317 8 10 0.03164691 
817 348 8 10 0.031619437 
174 314 10 12 0.03141828 
166 324 10 12 0.031380832 
824 319 8 9 0.031255923 
99 328 7 10 0.03124306 
698 332 8 10 0.031173771 
425 333 9 11 0.031095263 
864 345 11 13 0.031039832 
207 375 9 11 0.030996075 
616 356 9 12 0.03089468 
336 359 7 9 0.030884586 
455 335 9 11 0.030844424 
447 381 8 10 0.030812837 
244 407 9 11 0.030799042 
665 358 8 11 0.030709576 
569 375 8 10 0.030703517 
191 344 7 9 0.03068119 
438 366 10 12 0.030542437 
494 302 8 10 0.03053389 
405 385 8 10 0.030510992 
725 286 7 10 0.030487541 
255 311 9 11 0.030347005 
649 391 7 10 0.030275103 
477 358 9 12 0.030201498 
566 277 7 10 0.030082786 
88 312 8 10 0.030056564 
905 344 10 13 0.030019782 
224 277 8 10 0.029961342 
454 327 8 11 0.029938282 
345 302 7 9 0.029931452 
746 358 8 10 0.029841987 
713 359 8 10 0.029744 
78 337 10 13 0.02968872 
394 334 7 10 0.029648881 
321 397 8 10 0.02960411 
454 341 9 11 0.029553823 
633 399 8 10 0.029507285 
159 317 9 11 0.029342642 
169 407 7 10 0.029283617 
720 300 9 11 0.029196382 
463 303 7 9 0.02908675 
451 302 8 11 0.029013885 
104 319 8 10 0.029009387 
367 304 8 10 0.028924523 
390 360 8 10 0.028803086 
198 374 9 12 0.028750295 
391 396 8 10 0.028665738 
171 302 8 11 0.028575532 
405 366 9 12 0.028545897 
520 357 8 11 0.028505052 
582 324 8 11 0.028419465 
380 335 9 11 0.028349254 
326 351 7 10 0.028319178 
513 310 8 10 0.028315812 
767 327 8 9 0.0282765 
751 351 9 11 0.028198633 
551 352 9 13 0.028137773 
519 351 8 11 0.028086994 
854 304 9 10 0.02807679 
387 381 8 10 0.028064236 
231 272 8 9 0.028013712 
581 295 10 12 0.027959095 
151 328 8 10 0.027945045 
165 351 9 11 0.027842306 
265 286 8 10 0.027840111 
327 392 8 10 0.02783192 
256 349 8 10 0.027797773 
231 262 8 9 0.027761709 
129 313 7 9 0.02769153 
246 303 8 11 0.027660746 
440 332 8 11 0.027577301 
529 380 8 10 0.02753815 
280 343 8 10 0.027452726 
262 319 8 10 0.027442668 
249 349 8 10 0.02742967 
701 391 9 11 0.027402015 
134 335 8 11 0.02739869 
358 319 8 9 0.027285492 
624 295 9 10 0.027211143 
369 343 7 9 0.02714464 
441 339 18 22 0.027116984 
180 302 8 11 0.027110077 
152 312 7 10 0.026872272 
695 289 8 10 0.026864517 
400 344 9 11 0.026751459 
831 311 7 9 0.026744386 
432 350 8 11 0.02669716 
726 278 7 10 0.026616592 
230 326 8 9 0.026546985 
693 414 8 11 0.026362164 
424 390 9 12 0.026327249 
433 301 8 11 0.026198924 
785 344 7 9 0.026174044 
671 353 7 9 0.026155533 
286 312 9 10 0.026118666 
620 380 8 11 0.026030177 
533 272 9 11 0.026005177 
373 304 8 10 0.025997603 
366 285 7 10 0.025966406 
464 295 7 10 0.02595652 
463 351 8 10 0.025893304 
696 339 17 23 0.025860997 
633 405 9 10 0.025752205 
367 400 7 9 0.025750209 
495 310 7 11 0.02561817 
619 376 8 10 0.025600743 
208 240 212 246 0.02543749 
191 344 18 24 0.025422996 
462 334 10 11 0.025416758 
454 373 9 12 0.02538438 
258 364 8 10 0.025369223 
358 425 10 13 0.025352405 
408 334 8 10 0.025330039 
287 350 7 9 0.0253138 
233 288 8 10 0.025235029 
599 382 8 9 0.025070934 
607 280 10 11 0.02504813 
448 320 7 10 0.025035353 
792 324 8 10 0.025033241 
857 289 9 10 0.025001658 
181 310 8 10 0.024972474 
759 379 10 12 0.024943229 
214 294 8 10 0.024900245 
285 297 9 10 0.024848452 
326 341 8 11 0.024840387 
728 302 7 9 0.024829285 
499 375 7 9 0.024774201 
494 262 9 10 0.024766019 
207 365 9 11 0.02474609 
224 272 8 10 0.024734057 
668 413 9 11 0.024703382 
663 312 8 10 0.024663303 
392 392 8 10 0.024655204 
297 294 7 10 0.024630357 
593 365 9 12 0.024556953 
270 363 8 10 0.024447234 
639 375 8 10 0.024354596 
720 318 7 10 0.024346858 
254 279 9 10 0.024299681 
505 279 8 10 0.024288913 
199 366 9 10 0.024218572 
344 324 8 10 0.024210224 
576 298 18 22 0.024207339 
466 316 8 11 0.024197586 
95 318 7 9 0.024193028 
355 378 17 22 0.024172153 
88 348 9 11 0.02416181 
743 333 9 12 0.024141619 
234 294 8 10 0.024091763 
695 396 11 13 0.024072219 
370 334 8 11 0.023975343 
642 319 8 11 0.023919975 
486 384 8 9 0.023906147 
711 343 8 11 0.023876084 
394 272 7 11 0.023799472 
672 365 9 11 0.023796288 
702 398 9 11 0.023733167 
365 280 8 10 0.023724863 
249 278 8 10 0.02372186 
141 405 9 13 0.023648845 
562 279 7 9 0.02363032 
143 341 9 11 0.023574276 
592 333 9 11 0.023570271 
166 343 8 9 0.023505978 
624 303 9 10 0.023496704 
200 335 8 10 0.02344966 
473 329 18 23 0.023413062 
400 359 8 10 0.023403656 
544 351 8 11 0.023337489 
199 343 7 10 0.023310319 
387 374 9 13 0.023296101 
157 339 8 11 0.023258518 
640 279 9 10 0.02323173 
616 325 8 11 0.023213917 
711 310 8 10 0.023138931 
712 254 8 9 0.023072565 
344 335 8 10 0.022970809 
415 351 8 11 0.022868391 
149 329 18 24 0.022856254 
449 286 8 11 0.022840785 
529 272 9 10 0.022774972 
247 333 8 10 0.022744367 
750 322 18 23 0.022736773 
224 262 8 9 0.02268721 
486 334 8 11 0.02257553 
540 303 9 11 0.022573026 
394 279 7 10 0.02251131 
719 312 8 9 0.022442287 
687 326 9 10 0.022421323 
689 303 8 9 0.022386493 
143 293 7 9 0.022283124 
770 287 7 9 0.022280388 
593 317 9 11 0.022203175 
334 382 9 11 0.022155223 
353 375 8 11 0.022085818 
368 314 18 24 0.022068197 
806 334 9 11 0.022054961 
296 348 9 11 0.022029385 
358 358 7 10 0.021974027 
398 272 7 10 0.02185896 
822 342 8 11 0.021856619 
166 356 9 12 0.021836266 
463 371 17 23 0.021640694 
473 325 8 10 0.021633552 
362 442 9 13 0.021623785 
782 312 8 9 0.021606365 
302 327 7 10 0.021541292 
363 382 10 12 0.021515548 
672 286 8 9 0.02147917 
303 334 7 11 0.021394765 
503 264 8 10 0.02138742 
210 353 8 10 0.021375788 
216 271 8 10 0.021369498 
671 373 8 11 0.02130568 
527 319 8 10 0.021300646 
496 392 8 10 0.021228686 
305 294 8 10 0.021222616 
166 334 9 11 0.021217743 
606 373 8 11 0.02114369 
295 358 8 9 0.02106263 
338 320 7 9 0.021059483 
861 293 10 10 0.020965766 
638 348 9 12 0.020929994 
426 320 7 10 0.020851957 
214 310 8 9 0.020811504 
296 279 8 11 0.020769825 
600 332 8 11 0.020727975 
230 277 8 10 0.020715185 
327 358 7 9 0.020649927 
511 343 7 9 0.020642115 
669 391 8 11 0.02061676 
638 398 8 10 0.020552298 
577 296 9 10 0.020469405 
689 407 8 11 0.020419504 
262 326 8 11 0.02040927 
455 281 9 11 0.020382907 
489 262 8 10 0.02035208 
721 396 9 12 0.020344427 
248 262 8 10 0.02033524 
721 273 7 10 0.020304741 
499 288 7 10 0.020298468 
522 376 7 9 0.020257255 
214 287 8 10 0.020130152 
397 279 8 9 0.020087793 
589 280 18 23 0.020013671 
