0_Parade_Parade_0_443
132
370 234 51 69 0.9994056 
688 298 69 90 0.9987925 
522 208 73 87 0.99746585 
302 178 41 55 0.98919547 
215 272 31 50 0.9438124 
790 209 22 35 0.90984815 
213 238 22 28 0.8946047 
812 175 13 16 0.60040396 
64 254 10 14 0.39178896 
403 438 11 14 0.33836704 
38 234 28 40 0.24840167 
129 257 7 10 0.2385441 
129 261 8 11 0.23220189 
166 256 8 11 0.19441706 
151 267 10 12 0.18358137 
451 262 23 31 0.15718146 
726 221 10 13 0.15415046 
112 255 8 10 0.14700517 
162 255 8 10 0.14329383 
79 272 9 11 0.12331605 
87 261 8 10 0.11017824 
182 311 11 14 0.106374376 
110 330 15 18 0.105315946 
455 262 13 20 0.090845935 
36 282 23 35 0.08922567 
70 285 8 10 0.08431996 
67 259 9 12 0.08192533 
118 294 10 12 0.08177002 
448 276 26 37 0.07695983 
86 255 7 10 0.0766382 
47 211 13 16 0.074715175 
104 256 7 9 0.071265645 
136 317 10 13 0.06976865 
696 214 7 9 0.06776836 
142 237 8 9 0.062131226 
118 275 9 11 0.06145506 
992 175 9 11 0.05682563 
464 263 15 19 0.05428618 
845 367 42 49 0.052619833 
741 142 15 21 0.05204994 
51 246 14 21 0.051976632 
177 291 9 13 0.05010663 
7 220 31 38 0.048190717 
145 270 10 10 0.04808951 
687 190 7 10 0.046357963 
103 260 8 11 0.04434549 
794 208 36 50 0.044003714 
743 176 8 10 0.04194585 
671 627 27 39 0.04163626 
139 238 7 10 0.041423045 
137 313 9 11 0.041155234 
686 225 8 10 0.040878203 
159 220 10 11 0.04051339 
178 220 9 10 0.04042599 
82 261 9 11 0.039098606 
1 253 10 16 0.038852286 
811 141 10 13 0.038820952 
158 261 9 12 0.038140833 
127 268 9 11 0.037722632 
152 257 8 9 0.037673827 
748 144 13 17 0.036978915 
134 271 9 10 0.036901034 
173 261 10 11 0.03624116 
213 246 39 53 0.035625268 
181 271 11 13 0.035197888 
37 218 27 39 0.0349563 
86 268 9 12 0.03453012 
30 194 16 21 0.034456577 
134 276 10 13 0.034356188 
119 255 8 11 0.03421607 
71 280 9 11 0.03402825 
181 217 10 11 0.03372908 
146 263 9 11 0.033690244 
416 240 26 40 0.033532437 
59 248 20 26 0.033012956 
988 277 11 14 0.03278038 
862 385 29 38 0.032263722 
26 266 39 57 0.0314425 
208 241 15 20 0.031163653 
158 292 9 12 0.03081245 
734 228 10 13 0.030455733 
203 268 13 18 0.029994108 
176 269 9 11 0.029985687 
156 269 9 10 0.029786862 
94 313 8 10 0.02973195 
688 185 8 10 0.029642295 
133 256 7 10 0.029413164 
27 232 423 473 0.029125553 
185 312 14 18 0.029032577 
34 196 23 27 0.028921109 
1014 212 8 13 0.028845076 
177 236 10 11 0.028615385 
44 197 14 18 0.027811307 
759 183 11 13 0.027455626 
87 337 13 17 0.02689086 
681 228 9 12 0.026884193 
45 217 16 22 0.026412163 
119 288 10 12 0.026112465 
688 207 7 11 0.02611042 
120 260 9 10 0.02528754 
176 313 13 16 0.025117913 
208 231 37 48 0.02499143 
97 255 7 9 0.024861729 
112 247 7 9 0.024859687 
192 258 11 14 0.024798159 
44 252 15 21 0.024776489 
160 238 8 10 0.023791222 
694 208 8 11 0.023301389 
85 302 8 10 0.023134878 
105 327 11 13 0.023119973 
160 248 8 10 0.022771657 
705 166 8 10 0.022613628 
737 192 9 11 0.022287289 
34 205 27 34 0.021947939 
3 231 24 39 0.02183375 
88 287 7 9 0.02175273 
828 420 16 24 0.021716876 
49 234 16 25 0.0216579 
213 230 13 17 0.021529607 
86 248 10 12 0.021385202 
446 261 13 18 0.02120882 
104 317 8 9 0.021148624 
14 238 50 59 0.021018676 
738 175 8 11 0.020822862 
676 258 13 17 0.020802323 
223 239 26 33 0.020768894 
86 278 8 10 0.020651245 
801 173 10 14 0.02053286 
53 333 11 15 0.020446884 
230 321 15 20 0.020150628 
20 202 47 61 0.020080978 
79 248 10 14 0.02000983 
