0_Parade_marchingband_1_311
239
477 298 16 23 0.8689749 
832 326 11 13 0.81601226 
263 301 13 16 0.7874981 
543 338 10 12 0.66418433 
574 340 13 17 0.6365044 
202 294 11 13 0.61803484 
719 346 10 12 0.57688326 
584 320 10 11 0.4646009 
772 338 13 15 0.43515086 
619 358 13 15 0.34392026 
336 320 9 11 0.28369597 
551 316 10 11 0.25238922 
615 342 9 12 0.24941815 
217 294 11 14 0.24651395 
730 324 13 16 0.21374498 
392 340 10 14 0.20550723 
622 343 11 13 0.19511048 
728 321 10 11 0.1938143 
664 334 10 12 0.16793022 
608 341 8 12 0.16070762 
413 337 11 14 0.15257284 
222 317 10 13 0.14839974 
247 311 8 12 0.13808654 
301 319 11 13 0.13595088 
375 335 9 13 0.13237332 
415 312 11 14 0.12016874 
408 338 11 14 0.11871674 
778 339 11 14 0.115571894 
600 340 10 13 0.113173746 
769 336 10 13 0.10685381 
53 310 8 10 0.10652777 
585 324 14 15 0.1044781 
484 311 15 20 0.10382134 
705 349 10 14 0.097552694 
145 313 9 11 0.09715801 
334 357 22 29 0.094007134 
223 312 9 12 0.09127036 
608 357 8 12 0.090378456 
657 340 10 13 0.08927324 
97 311 7 11 0.08877496 
637 367 9 11 0.08738443 
310 332 9 12 0.0847623 
831 341 11 12 0.08414892 
718 335 11 14 0.082781516 
342 126 27 29 0.08159295 
240 316 9 11 0.07588819 
150 313 9 11 0.07450339 
844 342 10 12 0.07414611 
256 276 10 11 0.07251043 
557 326 11 14 0.072493054 
319 334 11 13 0.07083166 
835 332 11 12 0.06665478 
399 318 11 14 0.065707 
37 303 9 11 0.06383506 
177 320 7 9 0.06364335 
308 326 10 13 0.06319743 
598 359 10 11 0.0625922 
412 318 16 21 0.060109437 
548 334 11 13 0.05970118 
663 329 10 11 0.059285283 
418 315 12 16 0.05918651 
396 333 12 16 0.05858341 
686 288 10 12 0.057809636 
656 317 9 11 0.055397935 
628 341 11 14 0.05466834 
80 320 6 8 0.053864878 
533 310 12 15 0.05380921 
338 323 11 13 0.053613197 
656 349 11 13 0.053389933 
668 338 11 13 0.053098287 
102 317 8 9 0.052918695 
712 343 10 13 0.05253114 
582 333 10 13 0.052118916 
175 326 8 10 0.051948156 
726 327 13 17 0.04789072 
556 318 9 11 0.04718919 
87 311 7 10 0.047138985 
129 311 8 10 0.047064207 
831 349 11 13 0.046229735 
111 327 8 10 0.045931622 
82 312 7 9 0.045480017 
201 289 9 13 0.043752663 
384 407 10 13 0.0433087 
74 320 7 9 0.043004356 
609 347 9 12 0.042843506 
142 296 9 11 0.04280545 
709 320 9 11 0.042778738 
553 324 10 14 0.04263726 
309 367 10 12 0.042542048 
96 333 8 10 0.042538952 
589 330 12 15 0.042301048 
166 342 8 10 0.042230953 
391 334 19 26 0.04212808 
837 341 10 12 0.041159153 
510 296 21 27 0.04070736 
615 337 9 12 0.040360358 
632 372 11 12 0.040263724 
825 331 11 14 0.040218998 
215 335 9 11 0.040084127 
228 318 10 12 0.039971787 
328 319 9 10 0.039788026 
402 329 20 26 0.0394115 
212 289 19 24 0.039396636 
384 318 9 11 0.039333455 
660 369 13 15 0.039293107 
663 349 10 13 0.039206438 
87 328 8 10 0.039113186 
617 325 9 11 0.0388098 
159 318 8 10 0.03822153 
54 304 7 10 0.03758943 
647 379 10 13 0.037367128 
309 320 9 11 0.03716452 
409 272 191 217 0.037147854 
608 363 9 12 0.03704358 
327 358 12 16 0.036642306 
706 342 10 13 0.036323145 
538 340 9 13 0.036218137 
710 348 11 14 0.03569637 
430 332 12 17 0.035561275 
771 359 237 249 0.034669407 
319 320 9 10 0.034525093 
151 326 8 9 0.03451731 
103 328 8 10 0.034227747 
479 332 10 15 0.034030955 
217 315 12 16 0.03359744 
323 332 13 15 0.032985352 
656 367 11 13 0.03281317 
112 344 8 10 0.032665145 
168 326 8 11 0.03254017 
112 351 10 12 0.032476977 
677 317 12 13 0.032402676 
216 309 11 14 0.0316807 
192 309 8 10 0.031239906 
704 322 10 13 0.030839631 
262 277 9 11 0.030694026 
78 343 8 10 0.030441592 
404 312 18 24 0.030175395 
543 317 10 12 0.030083414 
707 354 11 15 0.03002215 
830 322 17 21 0.030002115 
167 335 8 10 0.029905362 
667 349 12 14 0.02975122 
247 293 10 13 0.02945827 
319 326 10 12 0.029447591 
656 310 12 14 0.029377425 
470 340 10 16 0.029293936 
173 368 9 11 0.029234845 
169 295 8 10 0.029194571 
575 317 11 13 0.029151127 
319 310 9 10 0.029068893 
327 326 10 11 0.029051185 
623 337 10 12 0.029039264 
400 312 9 12 0.02900841 
564 324 12 14 0.02886672 
138 301 8 11 0.02884531 
616 320 9 11 0.028678158 
321 271 8 12 0.028665219 
176 301 7 10 0.028657075 
73 325 8 10 0.028233174 
229 310 9 12 0.02813042 
48 304 9 11 0.028043723 
111 312 7 9 0.027675612 
198 307 10 13 0.027662495 
192 300 9 12 0.027544824 
88 333 8 10 0.027411483 
206 306 11 14 0.027063916 
406 310 12 15 0.026868524 
37 308 10 12 0.026643205 
669 327 11 13 0.026571676 
333 324 23 27 0.026409999 
824 341 10 12 0.026163045 
617 345 20 23 0.026028946 
814 324 12 13 0.025829138 
461 383 9 11 0.025732212 
181 319 7 9 0.0257019 
259 301 10 14 0.02549768 
383 324 9 13 0.025422085 
790 319 9 12 0.02538696 
95 351 8 10 0.025148785 
771 336 21 24 0.0249868 
599 347 10 12 0.024852369 
720 318 9 12 0.024829555 
167 319 8 9 0.024680937 
326 310 10 11 0.024480786 
339 348 16 19 0.024437591 
126 294 8 9 0.024163518 
73 344 9 10 0.024116497 
103 303 8 9 0.02390362 
184 302 7 9 0.023859259 
158 296 9 10 0.02383425 
347 356 13 18 0.023783412 
71 349 8 10 0.023611976 
676 341 11 13 0.023503762 
177 332 8 10 0.023462072 
673 316 10 13 0.023433061 
456 391 11 13 0.023395985 
229 324 10 12 0.023387456 
661 317 9 12 0.023381945 
39 346 13 15 0.023318397 
183 334 8 10 0.023113776 
54 317 7 9 0.023051057 
394 320 21 27 0.022945914 
311 358 11 15 0.02294454 
278 316 11 14 0.022918653 
86 317 7 9 0.022866676 
87 304 8 10 0.022821056 
71 311 7 10 0.022577455 
629 356 10 14 0.022550868 
622 326 9 11 0.022507269 
772 325 14 16 0.022385912 
854 344 11 11 0.022339342 
257 388 12 15 0.022319831 
166 312 8 10 0.022155832 
213 310 20 26 0.022079913 
583 372 12 13 0.021954304 
412 344 14 18 0.021942282 
263 352 9 13 0.021937937 
319 356 11 16 0.021844588 
538 334 10 13 0.021743692 
30 328 8 11 0.021741726 
836 349 10 12 0.021714581 
326 349 13 17 0.02145619 
813 126 26 28 0.021351283 
782 315 11 14 0.02121792 
138 296 7 10 0.021134315 
49 317 8 10 0.020974794 
864 320 8 11 0.020947833 
524 300 11 16 0.020938566 
183 311 8 10 0.020932859 
6 318 9 11 0.020879833 
99 316 8 10 0.020772263 
247 302 9 12 0.020755641 
405 344 12 16 0.020738024 
540 336 18 22 0.020624472 
695 326 10 12 0.020583613 
714 343 18 22 0.020541199 
420 338 12 16 0.020398876 
230 270 8 10 0.020376533 
737 325 14 15 0.02018767 
