0_Parade_Parade_0_917
123
650 122 29 36 0.8390335 
150 237 9 11 0.47253847 
52 399 26 33 0.39149794 
135 261 11 12 0.309479 
0 317 8 14 0.20937549 
156 254 11 13 0.17446266 
324 429 10 13 0.15705271 
728 460 27 33 0.14484851 
991 351 23 30 0.14323963 
136 254 12 15 0.14220016 
544 323 11 15 0.13427 
593 412 26 39 0.12872753 
533 295 12 15 0.12663695 
23 328 8 10 0.12622468 
113 247 11 14 0.10966842 
587 197 15 17 0.095550574 
821 337 30 38 0.08225271 
936 323 40 49 0.074149 
563 418 13 19 0.072471686 
642 108 45 60 0.069388494 
116 261 10 13 0.06843522 
634 325 18 23 0.065114796 
419 302 8 11 0.061793488 
153 259 11 12 0.058373995 
140 248 10 12 0.057180937 
397 384 12 16 0.05634258 
495 347 10 13 0.0549452 
81 294 7 10 0.05138026 
584 438 100 125 0.049249716 
592 299 13 17 0.049043443 
152 244 10 12 0.046314456 
692 109 17 23 0.045689393 
493 393 59 72 0.045659523 
157 247 10 13 0.045620415 
690 418 43 57 0.044983655 
457 397 10 12 0.043903794 
519 360 21 26 0.04296708 
635 132 13 16 0.041841492 
560 425 11 15 0.041799176 
808 335 26 32 0.04065481 
502 318 15 19 0.040588308 
487 278 7 9 0.04034199 
823 283 11 14 0.04029822 
489 343 10 12 0.03992501 
943 289 34 41 0.03913094 
145 232 10 12 0.0389543 
129 262 9 12 0.03830865 
500 147 400 490 0.037714437 
111 287 9 12 0.037559256 
448 263 8 9 0.037496906 
529 292 20 26 0.037494507 
81 288 7 9 0.037482623 
835 344 18 24 0.03731487 
134 232 9 11 0.036373086 
600 332 11 15 0.035740618 
662 128 18 23 0.03556868 
641 328 19 24 0.035531387 
458 405 10 12 0.035272297 
500 349 9 12 0.034818742 
633 126 26 32 0.032786313 
535 287 10 14 0.03244899 
7 325 9 12 0.03221873 
541 286 11 13 0.0310023 
19 253 12 15 0.030852532 
472 363 11 14 0.030819852 
129 232 9 11 0.030606024 
110 241 20 24 0.03058486 
836 514 14 17 0.030435547 
595 295 11 13 0.030120568 
3 316 10 14 0.029407285 
37 253 13 17 0.02917752 
441 344 7 10 0.02836106 
601 408 17 27 0.028359126 
517 493 13 13 0.028318955 
488 361 13 16 0.02828241 
939 338 19 22 0.028137773 
540 293 10 13 0.027606351 
566 406 11 13 0.027191222 
95 287 6 9 0.027159436 
190 244 14 16 0.027069114 
145 230 19 24 0.02686893 
40 246 10 12 0.026702417 
799 323 44 49 0.026558936 
446 343 8 10 0.02654509 
676 122 11 16 0.026146067 
591 351 12 15 0.025926318 
675 82 42 53 0.025764698 
590 390 25 32 0.025722817 
33 258 10 14 0.025538998 
243 382 10 13 0.025189651 
861 318 10 14 0.025006242 
619 351 25 33 0.025004435 
605 109 42 58 0.024917245 
494 357 11 15 0.024794316 
595 402 18 24 0.02474814 
47 285 7 10 0.02467994 
563 408 23 30 0.02457143 
662 259 143 170 0.024440378 
405 304 8 10 0.024363905 
986 152 40 82 0.02435567 
586 300 22 27 0.024255302 
541 316 19 26 0.024109574 
574 478 33 41 0.023314822 
576 460 52 75 0.023258384 
15 333 9 10 0.0230795 
538 298 13 17 0.022524007 
0 248 8 12 0.022509106 
60 251 11 13 0.022506023 
96 295 7 9 0.02240787 
814 318 12 16 0.022228582 
771 313 22 25 0.022003045 
64 401 19 24 0.02192645 
290 391 8 11 0.021614918 
295 400 9 11 0.021348763 
780 303 14 16 0.021339139 
296 406 9 12 0.02116958 
320 -29 398 471 0.021006115 
14 341 11 14 0.020921523 
629 318 14 18 0.020754503 
684 384 15 18 0.020448597 
797 357 16 22 0.020238686 
88 288 7 8 0.020187436 
475 359 11 14 0.020081477 
