0_Parade_marchingband_1_649
106
969 152 33 39 0.9997454 
859 153 31 38 0.9995796 
813 203 34 46 0.99944276 
409 82 37 48 0.9993906 
489 122 36 46 0.9993242 
651 146 29 37 0.9989759 
5 127 27 33 0.99880993 
941 207 39 46 0.9984419 
54 120 31 37 0.998379 
24 198 37 49 0.998166 
174 282 43 51 0.9976672 
556 81 34 47 0.9974657 
248 143 32 36 0.9970594 
760 151 28 34 0.99690956 
341 118 32 38 0.9958287 
660 216 39 44 0.9952631 
295 286 44 55 0.99485695 
896 319 40 51 0.99427986 
795 281 41 54 0.9905171 
700 287 40 53 0.989754 
246 190 39 46 0.98973304 
530 131 30 37 0.98695403 
131 233 37 44 0.98612404 
702 173 24 32 0.98596734 
905 179 23 28 0.9732247 
104 138 25 31 0.94728583 
151 125 21 33 0.7401037 
832 176 24 31 0.59988177 
669 446 23 27 0.5005007 
791 167 24 28 0.475737 
615 425 25 32 0.4355095 
232 152 24 35 0.34396577 
169 114 25 29 0.20972638 
619 421 15 18 0.18742612 
603 444 10 14 0.15744206 
114 439 35 42 0.15548241 
147 154 15 21 0.13305965 
822 184 31 42 0.1055851 
291 456 30 32 0.10403545 
117 139 22 29 0.08788095 
827 172 19 21 0.08286358 
673 472 56 51 0.07654139 
566 436 11 14 0.07013724 
70 364 12 15 0.06020915 
801 458 37 39 0.058202595 
568 431 10 13 0.05727062 
239 156 44 50 0.05707588 
537 444 8 11 0.05511863 
529 431 7 10 0.055053663 
635 419 14 20 0.054508116 
325 472 11 13 0.04812858 
141 133 21 30 0.047163416 
76 360 14 20 0.0446588 
195 128 19 34 0.044510994 
465 469 34 45 0.0444859 
626 422 23 29 0.043143854 
153 223 33 39 0.041254096 
801 163 16 20 0.04094993 
141 317 22 33 0.039663125 
799 171 27 31 0.039037164 
628 417 16 20 0.038671385 
669 453 49 50 0.037872653 
773 298 26 38 0.036975566 
542 443 8 11 0.036911473 
89 431 46 58 0.036562335 
789 156 17 23 0.035632383 
601 438 9 13 0.035488404 
333 451 28 31 0.035374388 
549 502 8 11 0.03269332 
731 447 27 31 0.03108822 
561 444 10 11 0.030332481 
303 464 30 30 0.030229678 
738 460 18 22 0.029914413 
605 431 21 28 0.029404411 
569 425 8 10 0.028737126 
373 493 9 12 0.028680066 
732 280 17 23 0.02728474 
662 446 18 23 0.026829466 
178 124 17 23 0.026758725 
819 378 201 226 0.026029512 
162 122 18 23 0.025821341 
689 456 50 52 0.025589019 
617 502 9 12 0.0251997 
148 140 23 33 0.02500257 
841 171 16 21 0.024766421 
456 384 9 11 0.024445187 
760 139 26 31 0.024255188 
661 438 41 46 0.02353169 
679 444 18 23 0.023421355 
550 462 10 13 0.023086619 
960 297 35 51 0.022703353 
160 130 25 31 0.02268883 
691 464 28 34 0.022565093 
727 116 21 26 0.022358216 
281 462 50 46 0.022245426 
798 185 30 38 0.02210578 
64 363 12 16 0.022071581 
529 437 9 12 0.022040538 
593 430 11 15 0.02183052 
335 630 56 60 0.021466443 
713 441 33 38 0.021327117 
900 519 63 59 0.021180984 
128 144 22 30 0.021167165 
76 203 31 37 0.020455189 
935 516 28 32 0.020417754 
174 130 22 30 0.020326175 
