0_Parade_Parade_0_757
85
241 66 198 276 0.99982905 
768 241 18 21 0.4217914 
605 269 12 15 0.36888778 
660 238 17 21 0.36604565 
717 259 15 23 0.3227886 
705 262 21 25 0.18190616 
586 268 12 15 0.17952763 
655 238 14 18 0.12031855 
915 572 33 36 0.08340561 
829 260 9 14 0.07690837 
842 260 14 17 0.0754357 
919 537 37 40 0.073666595 
512 250 11 14 0.07365672 
556 259 16 18 0.06714172 
854 259 15 19 0.06625592 
573 255 12 16 0.06600972 
914 551 32 34 0.06059618 
840 255 12 14 0.05652145 
539 267 12 18 0.055773597 
554 252 16 17 0.055529714 
755 268 16 19 0.054461025 
887 568 14 18 0.052065767 
564 253 14 16 0.045354575 
858 250 16 19 0.040960718 
413 491 15 16 0.03983994 
904 576 30 37 0.035809398 
504 246 11 13 0.035613954 
930 529 33 37 0.035487555 
700 259 18 20 0.034612723 
868 251 13 17 0.034261037 
551 257 14 17 0.03316009 
838 264 15 18 0.03307971 
410 499 16 17 0.03235038 
444 568 24 24 0.032162234 
542 254 40 49 0.03176885 
549 264 16 21 0.03132782 
420 554 16 20 0.03086919 
787 585 12 15 0.03052413 
568 252 21 26 0.029692687 
723 271 15 20 0.029559294 
588 597 13 15 0.029405216 
414 529 30 33 0.02920894 
501 232 331 406 0.028572747 
542 262 11 15 0.028491348 
840 558 12 15 0.028188938 
694 266 25 28 0.028120898 
391 530 15 21 0.028094415 
761 248 23 29 0.027581615 
800 637 12 13 0.027412884 
792 568 9 11 0.026740434 
546 238 8 11 0.026530735 
599 262 14 17 0.026398072 
796 581 11 12 0.02586924 
890 531 47 57 0.025742099 
427 562 15 18 0.02558286 
838 259 29 32 0.02535885 
916 568 16 20 0.02524909 
389 497 15 17 0.025248403 
762 266 17 23 0.024507899 
396 495 12 14 0.02450728 
654 286 28 33 0.024420733 
831 256 9 13 0.024252255 
419 487 13 14 0.024215214 
761 241 14 20 0.023935115 
1006 556 20 36 0.023504494 
807 580 10 13 0.023361351 
845 253 37 45 0.022939805 
947 537 17 20 0.022927452 
21 128 34 49 0.022744695 
795 597 11 14 0.022486519 
813 571 13 17 0.02216975 
921 562 19 21 0.021830875 
775 597 10 12 0.021517593 
910 562 27 32 0.021467466 
856 246 12 16 0.021441571 
537 261 22 31 0.020950362 
578 256 19 26 0.020922203 
973 415 36 42 0.020897811 
396 527 24 28 0.02069554 
544 246 22 30 0.020659044 
410 544 17 20 0.020479837 
767 546 10 16 0.020132301 
645 292 42 50 0.02003234 
706 253 17 20 0.02002028 
245 630 37 51 0.020012792 
