0_Parade_marchingband_1_653
728
123 148 16 18 0.9879023 
323 136 16 20 0.98487616 
510 131 15 19 0.97544235 
960 180 18 21 0.9721986 
603 138 14 18 0.9694381 
226 140 15 18 0.96783274 
870 193 16 20 0.9656821 
738 132 14 19 0.9615729 
874 116 16 21 0.95750767 
69 98 12 16 0.93938494 
47 46 10 13 0.90534997 
537 194 14 18 0.8969423 
533 95 13 17 0.89362633 
26 139 16 22 0.89003354 
77 143 16 20 0.8877233 
649 128 15 19 0.88738775 
418 141 15 18 0.8854193 
556 36 10 12 0.8676436 
599 185 16 19 0.86697245 
508 33 12 15 0.86434275 
848 91 13 17 0.8523932 
374 144 14 19 0.85208637 
675 93 13 16 0.8489379 
396 88 14 17 0.84778064 
932 94 12 16 0.844272 
559 128 15 18 0.84302926 
763 191 16 21 0.8429275 
173 133 16 24 0.8387758 
460 147 14 18 0.8301337 
959 38 12 16 0.8128417 
480 205 13 17 0.8128203 
364 45 13 16 0.807547 
166 95 13 16 0.80478996 
603 39 12 15 0.8031773 
925 116 15 17 0.7884014 
302 96 13 16 0.78574497 
807 92 12 16 0.7637767 
890 97 13 17 0.7584517 
45 197 15 20 0.75754714 
320 43 11 14 0.74720323 
351 94 14 18 0.7386295 
488 84 12 15 0.7373959 
211 96 14 16 0.73459065 
396 199 14 18 0.72795373 
759 88 13 16 0.70056605 
980 129 15 18 0.6995163 
222 205 13 17 0.6858755 
743 43 10 13 0.6813796 
678 192 15 22 0.67866 
443 94 12 15 0.6697229 
780 134 16 19 0.6534102 
828 32 10 13 0.6402311 
273 154 15 17 0.6332097 
188 44 10 13 0.62505525 
700 27 10 14 0.6209315 
259 109 13 16 0.6150319 
913 31 10 14 0.6136186 
114 89 13 16 0.6133755 
630 90 12 15 0.6064125 
101 53 9 11 0.58460367 
151 58 11 12 0.5831454 
645 103 14 16 0.56295127 
987 92 17 20 0.54632646 
571 148 16 19 0.54081047 
522 153 15 17 0.53851044 
129 202 13 18 0.5220402 
691 121 17 20 0.5204711 
641 75 10 13 0.51990247 
22 96 15 19 0.5143781 
476 55 14 17 0.5113992 
411 38 10 12 0.5030859 
753 63 9 13 0.48275974 
184 156 19 22 0.4794139 
466 38 11 13 0.4705519 
784 35 10 13 0.46896005 
864 40 11 13 0.43302354 
665 42 11 14 0.4222622 
712 45 10 12 0.41187605 
716 84 12 15 0.39695862 
322 197 13 16 0.3793295 
798 53 11 13 0.37331527 
159 74 10 12 0.36671016 
274 55 11 13 0.36281443 
774 103 13 17 0.3549467 
310 208 15 20 0.35046425 
839 145 15 18 0.34862655 
521 52 10 12 0.34234318 
330 60 14 15 0.33983085 
407 104 13 17 0.32929164 
862 109 12 15 0.3238392 
584 90 12 15 0.31371292 
231 47 11 15 0.31182972 
78 115 16 19 0.3110562 
511 199 12 15 0.30457917 
455 111 12 16 0.2985711 
652 23 13 16 0.2971949 
200 62 10 12 0.2870906 
395 239 18 22 0.28451413 
174 112 15 17 0.28424 
840 48 10 12 0.2682999 
973 59 9 12 0.26273423 
873 60 9 12 0.25366613 
318 111 13 17 0.22970821 
547 219 12 16 0.21833178 
375 64 14 16 0.21338287 
465 211 12 16 0.21103898 
89 162 18 20 0.20529981 
879 59 10 12 0.2033081 
710 140 14 18 0.20169288 
823 127 14 17 0.19920292 
821 54 11 13 0.19475529 
796 150 14 18 0.19381078 
334 157 16 19 0.18863055 
943 109 13 17 0.187591 
136 168 14 17 0.18551673 
508 76 11 14 0.18489821 
284 68 12 13 0.1839209 
905 88 10 13 0.18283057 
926 51 11 13 0.18250471 
901 45 10 12 0.1802863 
716 91 13 17 0.17742054 
470 165 15 18 0.17447706 
539 92 12 17 0.1730939 
154 37 8 12 0.16914578 
568 54 10 12 0.1689161 
804 54 9 12 0.1667358 
944 34 10 14 0.15637772 
884 56 10 13 0.15284465 
755 67 10 14 0.1489165 
439 59 10 12 0.14572744 
558 218 10 14 0.14516695 
755 150 15 18 0.14182681 
816 113 14 17 0.14009985 
126 110 14 16 0.13969262 
503 102 11 14 0.13878159 
53 63 11 13 0.13703345 
549 110 12 16 0.13693452 
628 98 15 19 0.13686825 
689 216 16 20 0.13643418 
101 31 8 11 0.13631025 
969 20 10 12 0.13581607 
980 77 13 17 0.13569993 
586 100 14 17 0.13451238 
875 226 16 19 0.13417701 
903 115 12 14 0.13396181 
240 69 10 13 0.13392174 
735 104 12 15 0.13361874 
364 112 12 16 0.13341796 
598 21 7 10 0.13319667 
421 54 11 14 0.13319132 
152 98 10 14 0.13124037 
113 97 15 17 0.13096003 
63 145 13 17 0.1301986 
545 87 10 13 0.1286499 
135 63 9 11 0.12712851 
159 211 9 13 0.126308 
375 206 11 14 0.12496705 
598 110 12 16 0.12408184 
941 100 13 16 0.123527616 
744 24 7 11 0.12264961 
895 76 8 11 0.12236017 
316 202 17 21 0.12031467 
602 258 22 25 0.118912555 
244 63 13 15 0.11567323 
97 48 10 13 0.11382187 
671 88 13 16 0.11052443 
947 103 11 14 0.11002501 
775 52 9 11 0.10867971 
491 223 12 17 0.10808093 
216 112 14 17 0.10682206 
752 24 8 11 0.10577343 
823 48 9 11 0.10436686 
621 104 15 18 0.10322474 
592 15 8 11 0.10298367 
967 138 14 17 0.10195931 
112 69 8 10 0.09910993 
183 59 9 11 0.098077826 
950 52 10 11 0.09740976 
317 83 12 17 0.097110145 
308 225 29 35 0.0970011 
285 171 14 17 0.09691251 
797 138 14 17 0.09549356 
408 41 11 14 0.09534753 
976 35 10 12 0.0945803 
431 107 13 15 0.09406558 
156 55 11 14 0.09141144 
972 145 14 15 0.08933303 
893 140 14 18 0.08930526 
677 249 17 20 0.08735119 
614 57 11 14 0.08658906 
949 32 9 12 0.08638435 
483 58 11 14 0.086330555 
544 112 13 16 0.08499879 
966 87 10 13 0.08464924 
926 158 13 16 0.08206305 
128 77 9 12 0.08134309 
247 214 9 12 0.08105512 
239 160 15 18 0.0804817 
459 108 12 16 0.08046829 
310 207 25 34 0.079873554 
536 60 9 12 0.07943035 
357 30 9 12 0.07894559 
48 61 11 12 0.078469686 
942 25 9 11 0.077799305 
115 104 15 17 0.07753566 
854 56 10 11 0.075170234 
803 151 15 18 0.07516967 
184 53 10 13 0.07446378 
216 234 27 32 0.07363054 
646 19 14 19 0.07318937 
867 108 16 19 0.0731166 
870 54 10 13 0.072813876 
991 152 15 17 0.072521046 
939 94 12 14 0.0722915 
356 84 16 21 0.07202064 
639 105 12 16 0.07047475 
436 161 12 16 0.0704378 
184 235 10 14 0.07024771 
931 110 16 19 0.06952394 
600 218 25 27 0.06932257 
462 101 11 14 0.069148526 
654 67 11 13 0.06851205 
912 43 10 13 0.0683788 
382 168 14 17 0.068034835 
188 51 10 12 0.067523345 
119 63 8 11 0.06603131 
103 70 8 10 0.06578712 
216 209 12 16 0.0656062 
357 62 9 12 0.06520592 
207 86 10 13 0.06516671 
757 24 8 9 0.06327002 
696 36 11 14 0.062197838 
494 119 11 15 0.062109638 
677 201 23 30 0.062081184 
552 44 11 14 0.06176473 
430 163 13 15 0.061674535 
653 145 15 18 0.061142776 
974 205 16 18 0.06062802 
515 36 10 12 0.060129844 
687 109 11 14 0.06003857 
644 72 11 13 0.05983959 
206 136 15 19 0.0596088 
645 2 10 13 0.059497613 
967 55 12 14 0.05949014 
928 87 12 16 0.059188176 
1009 55 9 11 0.05908844 
222 62 9 11 0.059081547 
917 45 10 12 0.058964185 
573 196 11 13 0.05873907 
797 20 9 12 0.058534414 
661 146 14 19 0.058372777 
912 8 8 9 0.057866104 
456 162 13 16 0.057498243 
725 100 12 15 0.05685214 
803 101 16 18 0.05656022 
473 124 15 18 0.056379225 
127 72 9 11 0.056094497 
935 26 11 14 0.055613615 
110 159 11 15 0.055574097 
857 92 14 16 0.05536639 
862 102 12 15 0.05515894 
453 93 11 14 0.054479428 
95 68 9 11 0.05416861 
971 93 13 15 0.054138713 
502 16 10 13 0.053901516 
83 112 12 15 0.05388629 
921 51 11 14 0.053771153 
312 114 14 16 0.05302556 
943 45 10 13 0.052613042 
694 43 11 11 0.05248984 
553 32 10 13 0.052304182 
951 36 13 15 0.051896743 
132 171 21 26 0.051717587 
188 23 9 12 0.051454708 
975 125 15 18 0.051379338 
25 104 18 19 0.05116395 
622 156 13 16 0.050990704 
310 61 10 12 0.05080163 
29 112 15 18 0.05067732 
983 71 11 15 0.050656997 
829 47 10 11 0.050305437 
96 61 10 12 0.050302226 
1007 35 10 12 0.050277814 
934 46 10 12 0.04994826 
748 137 13 17 0.049486 
281 153 15 18 0.04885747 
73 130 21 27 0.048701108 
110 140 12 15 0.048491668 
846 52 9 11 0.048478026 
111 47 7 10 0.047888264 
103 95 10 13 0.0478589 
766 101 13 17 0.04765236 
952 45 11 14 0.047540024 
854 23 9 11 0.047109235 
464 33 10 13 0.046925694 
97 35 10 12 0.046859235 
102 60 8 10 0.04678895 
759 56 10 12 0.04643106 
133 233 17 23 0.046360508 
828 116 14 17 0.046140257 
551 50 10 12 0.045720838 
703 44 9 12 0.0455235 
119 262 10 13 0.045441754 
595 216 18 22 0.04471084 
927 27 10 12 0.044215187 
975 83 11 13 0.044097874 
864 52 10 11 0.04409364 
1012 173 11 17 0.04404445 
886 137 15 17 0.04398452 
1012 60 9 12 0.043893225 
906 110 13 16 0.043513726 
37 29 9 12 0.043323047 
302 60 10 13 0.043290634 
547 89 12 16 0.043007758 
401 84 15 19 0.042499002 
834 14 8 11 0.04247968 
113 65 8 10 0.042455923 
910 13 9 11 0.042376436 
439 87 12 15 0.04212065 
325 54 13 15 0.042011954 
15 96 14 19 0.041959282 
888 68 9 12 0.041877758 
757 30 8 10 0.041824196 
682 184 23 29 0.041803453 
40 50 12 14 0.041444283 
580 79 11 14 0.041376848 
408 32 11 15 0.041295126 
461 93 12 15 0.04121857 
780 52 10 12 0.041050877 
38 37 12 15 0.0409991 
879 90 12 16 0.040928997 
974 21 10 12 0.040764518 
419 209 14 15 0.040722676 
495 100 12 14 0.040677488 
269 129 13 18 0.040606383 
817 58 12 14 0.040561352 
357 107 15 19 0.04053556 
787 30 11 13 0.04033381 
613 156 14 16 0.04023417 
527 110 11 14 0.040173132 
389 67 10 13 0.040065657 
395 229 17 21 0.039819557 
896 41 9 11 0.039590165 
680 46 8 11 0.03953054 
483 83 11 15 0.039477002 
466 218 14 16 0.03936419 
990 62 9 13 0.03930721 
522 47 13 15 0.03919147 
191 212 11 13 0.039089985 
893 61 9 12 0.03908134 
952 16 7 9 0.039074894 
197 44 10 13 0.039038934 
793 16 10 11 0.038938526 
767 52 10 12 0.03893287 
165 59 11 13 0.03884198 
758 78 11 14 0.038826995 
671 105 13 17 0.038563963 
470 130 13 16 0.03850782 
1000 39 10 11 0.038308937 
235 49 12 15 0.038059283 
742 92 11 13 0.03801283 
470 109 12 16 0.037992805 
777 59 10 13 0.037963364 
858 41 10 11 0.03793246 
982 23 8 10 0.03768167 
17 79 9 12 0.03733095 
254 236 12 15 0.037262958 
102 76 10 13 0.037210193 
151 69 11 13 0.03718072 
646 93 13 18 0.037018444 
646 37 10 12 0.03700884 
474 112 15 18 0.036882937 
957 49 13 15 0.03685934 
564 38 9 11 0.03676165 
293 61 13 14 0.036604863 
510 15 9 12 0.036404178 
750 56 9 11 0.036383316 
558 52 11 12 0.036326356 
172 121 18 23 0.036161058 
549 195 12 15 0.035850007 
748 39 10 12 0.035536245 
160 44 9 12 0.035414495 
220 202 22 27 0.03540407 
657 25 13 16 0.035372328 
912 25 9 12 0.035244014 
22 111 15 18 0.03519966 
19 84 15 18 0.03502589 
743 51 10 12 0.0350132 
593 19 9 13 0.034988083 
770 215 17 20 0.034857597 
226 114 14 16 0.03473367 
360 50 11 14 0.034702457 
455 99 11 14 0.03465149 
97 101 10 13 0.034624435 
702 171 13 16 0.034464117 
995 84 23 28 0.034400463 
74 94 12 16 0.03426605 
753 92 10 13 0.034155276 
775 21 8 10 0.034131315 
79 83 10 14 0.034039523 
828 52 10 13 0.03390736 
680 52 10 13 0.033878606 
328 132 15 20 0.03386846 
617 107 12 15 0.033779725 
686 46 10 11 0.0336476 
934 75 12 14 0.033146698 
847 62 10 11 0.032963097 
386 220 13 17 0.03292619 
532 103 14 18 0.03292358 
151 44 10 12 0.032820888 
190 60 11 13 0.032817546 
656 129 15 19 0.032800924 
387 227 16 21 0.03267891 
265 107 14 18 0.032668576 
337 58 12 15 0.032626223 
596 101 12 15 0.032481648 
108 52 9 12 0.03239999 
24 87 23 28 0.032342665 
412 161 15 16 0.032312408 
216 62 9 11 0.03220798 
645 83 12 16 0.032171782 
740 75 11 13 0.03216219 
271 66 12 14 0.032079604 
762 221 24 28 0.031913634 
504 44 10 13 0.031865913 
166 155 14 18 0.031809554 
639 46 10 12 0.0317972 
961 91 11 13 0.031794146 
894 86 11 15 0.03175245 
843 198 11 15 0.03168056 
937 38 9 12 0.031539306 
448 113 12 16 0.031497344 
234 69 9 12 0.03147208 
153 33 8 11 0.031467874 
219 235 16 19 0.03131223 
849 23 9 11 0.03130444 
499 115 13 16 0.03126737 
553 31 17 22 0.031224098 
150 117 11 14 0.031062584 
290 65 13 16 0.031001216 
309 83 16 20 0.030959174 
981 119 14 18 0.030839382 
276 35 11 14 0.030773716 
211 133 19 24 0.030664312 
782 44 10 13 0.030574217 
127 62 9 12 0.030429177 
910 50 11 12 0.030387629 
172 147 21 25 0.03038603 
226 44 18 24 0.030222956 
877 136 14 17 0.030153083 
225 51 11 15 0.030142281 
420 37 10 12 0.030124897 
183 39 18 22 0.03004405 
278 169 15 18 0.029983468 
798 76 11 14 0.029920625 
735 94 10 14 0.029874485 
143 71 10 11 0.029863559 
508 43 11 13 0.029792715 
217 92 15 18 0.02978145 
710 77 13 17 0.029704534 
455 53 11 13 0.029692978 
900 87 18 23 0.029665813 
244 53 16 19 0.02964128 
223 221 25 31 0.029622307 
349 104 15 18 0.029609919 
4 93 15 22 0.029488167 
680 245 24 29 0.029484443 
917 220 10 14 0.029428402 
164 68 11 14 0.029398078 
903 40 9 12 0.029396083 
824 26 18 22 0.029345598 
159 97 13 16 0.02933611 
463 83 13 15 0.029295031 
251 212 12 15 0.029167851 
121 223 10 14 0.029138101 
381 225 14 20 0.029112946 
276 62 20 23 0.029102204 
686 164 16 19 0.029101655 
126 84 11 15 0.028969051 
1013 45 9 13 0.028826775 
380 15 13 15 0.028806536 
32 64 9 10 0.028794426 
889 75 9 12 0.02873816 
993 46 10 13 0.028688064 
138 181 17 22 0.028596984 
353 35 11 13 0.028486902 
501 248 9 11 0.028465519 
206 210 40 51 0.028421612 
358 38 11 15 0.028316481 
920 60 11 13 0.028201375 
261 120 14 18 0.028188536 
769 47 10 13 0.028112382 
945 51 9 12 0.028021745 
640 120 20 25 0.028017817 
119 68 9 11 0.028002884 
311 54 11 14 0.02779762 
311 240 28 31 0.0277971 
158 143 15 20 0.02766873 
695 22 18 23 0.02758605 
571 131 13 16 0.027552394 
771 93 13 16 0.027533775 
902 79 9 11 0.027512409 
275 45 13 16 0.02733009 
587 244 15 18 0.027232042 
637 51 11 15 0.027167832 
825 24 9 11 0.027166272 
603 82 13 15 0.027150692 
420 161 14 16 0.027143368 
509 22 10 12 0.026953941 
841 62 9 12 0.026940113 
830 24 9 12 0.02691327 
965 201 14 17 0.026885182 
502 94 11 14 0.026817357 
380 212 13 16 0.026714737 
684 101 11 15 0.02663732 
735 59 10 12 0.026637146 
424 144 15 18 0.026623959 
319 1 11 10 0.026514236 
624 87 14 17 0.026481548 
145 54 10 13 0.026331358 
599 32 10 13 0.026209025 
838 200 14 18 0.026200764 
76 156 22 25 0.02617827 
836 30 9 12 0.026136095 
2 163 12 17 0.02613129 
942 132 13 17 0.026120855 
950 22 8 10 0.026116835 
21 78 10 13 0.026085787 
599 0 12 11 0.026076203 
203 55 13 15 0.026045669 
373 51 11 13 0.025987236 
50 50 13 15 0.025868623 
265 22 8 10 0.025867442 
590 0 12 11 0.025858138 
454 266 13 17 0.025820408 
740 116 15 19 0.02581374 
744 60 9 11 0.025759064 
823 14 8 10 0.025727956 
920 119 13 17 0.025638394 
230 59 10 12 0.025634844 
879 45 10 12 0.025560532 
120 55 9 12 0.025546748 
585 14 10 12 0.025541348 
70 114 16 19 0.02548072 
207 78 11 14 0.025459517 
947 211 11 14 0.025438251 
839 38 8 11 0.025384048 
468 92 12 15 0.025337422 
736 216 12 15 0.025308106 
980 29 10 14 0.025231175 
391 98 13 17 0.025215225 
319 60 10 13 0.025179403 
398 18 11 14 0.025106566 
683 177 19 22 0.025032287 
20 162 14 17 0.025031315 
500 155 13 15 0.025021309 
550 203 12 16 0.025016561 
977 145 15 18 0.02500257 
861 220 23 30 0.02486602 
507 105 11 15 0.024790978 
24 115 23 30 0.024785692 
676 256 25 29 0.024767084 
466 155 14 17 0.024756549 
653 87 11 14 0.024737593 
966 28 12 15 0.02472518 
444 55 11 14 0.02463735 
16 83 10 15 0.024613 
818 47 9 11 0.024489231 
309 254 26 27 0.02444655 
96 47 18 23 0.024444992 
919 24 10 12 0.02443912 
982 52 10 13 0.02435679 
269 54 19 23 0.024329599 
997 51 11 14 0.024317985 
71 79 9 12 0.02424137 
462 52 10 13 0.024240859 
276 126 14 19 0.024177378 
310 323 16 20 0.024115767 
511 0 10 10 0.024110211 
528 86 11 14 0.024023201 
688 39 10 13 0.024001164 
899 98 13 16 0.023886457 
116 164 13 16 0.02387907 
31 68 9 12 0.02386756 
111 79 9 12 0.023857422 
361 90 13 17 0.023809366 
237 73 11 14 0.023801813 
78 77 10 14 0.023711108 
983 44 10 14 0.023696661 
927 38 9 13 0.023680517 
348 237 11 15 0.023615187 
711 96 14 17 0.023461772 
596 241 15 18 0.023414973 
233 227 14 18 0.023331985 
500 83 12 14 0.023263637 
309 66 13 15 0.023240535 
949 131 13 17 0.023211828 
926 76 11 14 0.023208153 
815 130 12 16 0.023157302 
792 21 10 12 0.023140084 
561 135 16 18 0.023118408 
757 37 10 12 0.023116603 
777 36 10 13 0.02311036 
816 31 10 13 0.023066478 
39 60 9 12 0.023045411 
762 153 15 18 0.023021173 
879 39 9 11 0.023005916 
956 122 14 17 0.022966944 
652 119 13 17 0.022963013 
646 144 16 19 0.022915557 
517 262 8 10 0.022906447 
751 57 17 23 0.022900261 
827 216 15 19 0.022888547 
772 84 12 16 0.022821568 
78 71 9 12 0.022800751 
598 51 11 13 0.022794917 
486 115 12 17 0.022751449 
476 48 13 16 0.022725804 
518 58 11 14 0.02268346 
604 52 13 14 0.022538422 
652 35 11 13 0.022507584 
741 70 10 12 0.02247616 
162 75 12 14 0.022438522 
99 156 16 20 0.02242098 
365 59 13 15 0.022419253 
738 44 10 13 0.022411771 
151 50 18 24 0.022390766 
263 70 11 13 0.022304343 
82 318 23 29 0.02229323 
263 59 12 14 0.022254258 
166 112 15 17 0.022251543 
664 86 10 14 0.022214107 
612 210 16 20 0.022207005 
164 52 13 15 0.02217123 
303 68 10 13 0.02214029 
59 61 11 14 0.022101864 
752 74 11 14 0.022099 
504 72 12 14 0.022087468 
465 138 17 21 0.022070846 
188 107 12 14 0.022061175 
34 109 14 16 0.022060148 
768 38 10 12 0.021979056 
300 228 14 21 0.02195324 
533 77 10 12 0.021948522 
308 108 15 17 0.021904822 
109 237 10 12 0.021853954 
421 48 12 13 0.021714266 
227 122 16 19 0.021704925 
161 134 21 28 0.021687455 
351 54 11 14 0.021667914 
366 21 10 13 0.021650715 
874 54 19 24 0.021543635 
444 162 13 15 0.0215284 
870 32 9 11 0.021512732 
807 21 9 10 0.021509781 
48 58 19 23 0.021499768 
298 224 26 34 0.021481344 
637 114 12 15 0.021456325 
641 37 11 14 0.021446295 
662 38 19 22 0.021440912 
927 17 9 10 0.021440662 
998 106 12 15 0.021418393 
260 237 12 15 0.021355499 
3 154 12 18 0.021336043 
170 159 17 19 0.021287028 
250 60 13 15 0.021273557 
968 51 19 23 0.021256668 
479 99 11 14 0.021243418 
435 112 14 17 0.021210425 
380 55 13 15 0.021184647 
960 21 9 11 0.021160856 
759 199 25 30 0.021153904 
116 141 17 21 0.021151153 
157 80 13 18 0.021127686 
144 47 8 10 0.021114366 
554 107 12 17 0.021108475 
638 1 14 17 0.021098366 
605 98 12 16 0.021077456 
790 318 26 31 0.021029776 
462 16 9 12 0.020971984 
673 236 24 28 0.02097051 
1012 88 12 17 0.02095836 
643 172 15 18 0.020946953 
592 52 9 12 0.020941311 
144 60 9 12 0.020921819 
959 16 8 9 0.020920899 
819 163 15 19 0.020909242 
809 86 14 17 0.02089389 
132 77 11 14 0.020876378 
583 60 9 12 0.020851051 
398 104 15 18 0.020832026 
484 98 13 15 0.020765398 
930 130 15 17 0.020764608 
959 222 10 12 0.020752206 
395 95 16 19 0.020748928 
118 111 14 18 0.020717988 
564 260 12 15 0.020706339 
308 0 13 11 0.020691073 
426 52 12 15 0.020689206 
204 66 12 14 0.020671247 
367 202 15 18 0.020661443 
706 28 12 15 0.02065844 
134 67 10 13 0.020649027 
557 92 12 16 0.020604042 
549 324 13 17 0.020562707 
894 54 10 12 0.020543616 
764 79 12 16 0.020483863 
722 84 12 15 0.02047411 
886 39 8 10 0.020461928 
594 228 24 27 0.020432614 
495 52 10 13 0.02042987 
163 202 15 18 0.020399768 
510 93 11 14 0.020374533 
339 150 14 18 0.02035626 
893 122 14 17 0.020313865 
974 67 12 15 0.020274477 
199 236 10 13 0.020266663 
956 131 14 18 0.020231124 
176 59 10 13 0.020214487 
776 182 21 27 0.020205395 
740 40 18 22 0.020180674 
883 104 15 19 0.020175755 
909 122 13 16 0.020151164 
269 22 9 11 0.02013978 
380 132 13 16 0.020132657 
33 98 14 17 0.020130593 
816 54 21 23 0.020126127 
540 59 11 14 0.020116283 
