0_Parade_marchingband_1_329
375
135 314 22 26 0.99614316 
572 423 19 24 0.9886847 
660 336 18 21 0.98265624 
191 311 21 26 0.9734169 
291 321 17 18 0.972873 
836 326 20 24 0.97151875 
448 415 20 26 0.97066677 
566 339 16 18 0.9613205 
77 295 22 27 0.96079636 
632 428 20 24 0.95993465 
756 389 22 26 0.95829767 
330 323 16 18 0.9490229 
714 371 23 27 0.9489634 
414 322 14 16 0.9455927 
511 428 18 23 0.9373049 
783 349 20 22 0.93374157 
374 330 12 15 0.93101335 
525 321 13 16 0.90538466 
181 393 22 24 0.9026125 
251 383 21 25 0.9016305 
640 310 17 20 0.8747211 
212 338 22 26 0.8613971 
328 387 20 21 0.8443082 
896 335 21 26 0.8347844 
798 400 19 23 0.8316529 
589 313 17 22 0.8045853 
706 333 16 19 0.79762715 
748 343 16 19 0.7774355 
683 331 16 20 0.7580464 
338 358 14 17 0.73373777 
478 316 18 19 0.719228 
542 323 15 18 0.71644235 
506 336 14 16 0.6970246 
159 325 21 24 0.6897378 
654 373 15 19 0.6896692 
388 379 22 24 0.6769946 
627 398 15 20 0.6305147 
566 315 21 24 0.5990568 
355 357 14 19 0.557768 
611 315 16 18 0.52077544 
670 363 15 19 0.47054335 
651 393 20 22 0.4141543 
292 359 13 17 0.39264974 
679 306 13 17 0.3858749 
644 346 15 19 0.3835682 
466 330 13 16 0.37121016 
613 347 14 18 0.36980826 
445 323 13 16 0.36900076 
400 326 10 14 0.34980467 
783 395 12 17 0.34383398 
579 310 20 26 0.33431554 
524 348 14 19 0.30871573 
476 348 11 14 0.3059939 
695 309 14 16 0.3003033 
716 424 20 25 0.28106573 
767 334 14 18 0.26919097 
185 448 17 20 0.26802015 
571 308 17 17 0.25803077 
439 350 13 17 0.25505456 
371 316 14 18 0.25208017 
301 450 15 19 0.24922234 
442 361 15 19 0.2470089 
316 338 12 15 0.2298289 
682 387 13 18 0.22616811 
477 342 11 13 0.21344092 
635 352 15 19 0.21279277 
274 306 15 19 0.21226943 
368 431 14 19 0.20630215 
280 379 18 23 0.18303448 
439 325 13 16 0.17591816 
751 302 13 16 0.17368703 
486 395 15 17 0.16130985 
413 308 13 15 0.15849106 
780 297 24 27 0.15163304 
757 431 16 21 0.14738585 
396 355 14 18 0.14287467 
508 356 10 14 0.13699941 
391 347 12 16 0.1368593 
413 289 12 15 0.13560529 
800 442 16 20 0.13542773 
750 149 13 16 0.13236365 
607 345 13 18 0.13194858 
870 323 16 20 0.1278541 
452 324 12 16 0.11709335 
462 308 9 13 0.11689186 
350 281 12 14 0.11561791 
627 292 15 17 0.11508301 
603 312 18 24 0.11044576 
263 425 14 18 0.10851298 
900 371 12 16 0.10785696 
757 316 11 13 0.10775944 
193 353 15 19 0.10772347 
703 372 14 18 0.10398277 
523 360 14 18 0.09994127 
661 432 25 28 0.099695444 
454 330 12 16 0.09859778 
310 332 15 18 0.098514974 
740 387 13 17 0.09589185 
531 347 16 21 0.09553505 
754 307 13 16 0.09512525 
474 352 13 19 0.09456618 
785 392 19 25 0.0894207 
462 317 12 14 0.088949576 
396 426 14 18 0.08730674 
635 290 12 15 0.08657141 
520 407 19 23 0.08335619 
396 339 14 16 0.07918115 
621 330 13 16 0.07543068 
69 299 18 20 0.075093634 
338 330 12 15 0.07481786 
271 331 12 16 0.0745717 
736 344 14 18 0.07193268 
619 322 13 16 0.07056159 
253 371 20 25 0.07038452 
383 361 14 16 0.0690305 
645 333 13 17 0.06854022 
561 322 13 16 0.068430535 
431 325 11 14 0.06783079 
627 332 12 15 0.06766211 
709 343 14 18 0.06740711 
445 339 11 14 0.066684335 
581 121 17 18 0.065995984 
282 367 21 27 0.06594481 
473 282 10 14 0.06516637 
676 357 14 19 0.06442067 
79 270 14 16 0.06357781 
463 390 12 15 0.06349308 
618 311 15 18 0.06315783 
558 159 12 15 0.062698804 
507 347 13 16 0.062510476 
296 315 16 20 0.060676422 
612 328 15 18 0.05937157 
432 271 8 10 0.059244603 
-47 187 456 490 0.05882602 
520 354 14 18 0.057848886 
713 337 14 17 0.05751015 
767 357 13 16 0.05750822 
686 378 14 21 0.057179984 
477 278 11 15 0.05654198 
784 311 19 20 0.05569237 
765 328 12 17 0.05490358 
388 363 15 17 0.054539915 
260 499 24 30 0.054532662 
334 311 12 15 0.05450772 
343 283 10 15 0.053631976 
348 355 17 23 0.05356261 
725 341 12 15 0.053506467 
373 284 11 13 0.05317393 
717 470 14 17 0.052973136 
265 433 15 19 0.05165371 
580 269 12 14 0.051348772 
114 249 16 19 0.051092375 
299 309 12 16 0.050511703 
756 330 20 23 0.050012253 
494 389 14 19 0.049981005 
228 347 12 16 0.049340162 
445 354 21 25 0.049284264 
659 364 19 24 0.049112048 
350 339 13 15 0.04907237 
542 437 13 17 0.04886097 
94 350 14 16 0.04876263 
114 324 13 17 0.04757873 
485 347 12 16 0.047350492 
718 356 14 17 0.04720101 
715 347 13 16 0.047117203 
390 284 11 13 0.046784103 
327 329 13 16 0.046183962 
749 435 23 28 0.045722917 
709 372 17 22 0.045334086 
247 355 13 16 0.04527611 
518 342 12 16 0.045212135 
648 341 20 24 0.045051817 
356 341 12 14 0.044724897 
669 388 14 18 0.04467049 
199 369 14 17 0.044579584 
473 268 9 12 0.044546872 
476 330 15 17 0.04453719 
300 424 16 21 0.044019513 
243 448 16 19 0.043920152 
388 371 18 21 0.04382794 
470 336 14 17 0.043625034 
335 285 12 14 0.043197013 
101 247 17 21 0.042960726 
392 268 9 11 0.042685803 
515 460 26 30 0.042653624 
336 434 15 18 0.04236565 
790 381 14 16 0.041728858 
773 355 14 17 0.041646067 
613 337 20 25 0.041520834 
611 391 16 20 0.0414982 
747 372 15 17 0.040972598 
425 364 14 17 0.040667776 
439 342 12 16 0.040603776 
402 362 15 19 0.040088806 
405 322 14 17 0.04008688 
419 306 12 16 0.039968424 
301 302 11 13 0.03937042 
680 290 14 18 0.039192908 
795 388 16 18 0.03911523 
212 381 14 17 0.038993057 
650 405 18 21 0.03874936 
74 273 24 30 0.038704608 
822 359 21 28 0.038464375 
591 285 11 14 0.038301066 
751 313 14 16 0.038143862 
793 354 14 17 0.038106393 
280 306 19 24 0.038011007 
643 304 13 17 0.037508767 
415 270 10 11 0.037472565 
735 385 13 19 0.037297085 
550 349 11 14 0.036377266 
740 324 11 13 0.0363242 
356 361 21 27 0.036016595 
507 324 14 18 0.03577606 
682 355 12 16 0.035147205 
431 348 11 15 0.034962527 
277 325 11 15 0.03457136 
111 330 14 17 0.034487456 
592 302 10 13 0.034273535 
914 339 12 16 0.03409642 
533 388 13 16 0.03398009 
417 328 14 16 0.033967063 
564 285 12 14 0.03385439 
256 478 33 36 0.0337854 
409 285 13 16 0.033637024 
743 380 14 19 0.03340581 
793 303 16 20 0.03337103 
335 254 478 485 0.03334695 
717 364 17 21 0.033270795 
689 323 15 19 0.0326421 
756 323 15 18 0.03257056 
745 378 23 28 0.032553263 
516 329 14 17 0.03238528 
295 302 11 14 0.032136757 
152 317 22 26 0.032123677 
465 396 15 18 0.031658288 
786 321 16 19 0.03134841 
469 303 9 11 0.031269655 
401 329 15 17 0.031259198 
756 379 18 22 0.031153973 
414 387 13 17 0.031011742 
206 377 15 19 0.030825568 
354 278 13 16 0.030794147 
436 403 17 20 0.030731061 
484 342 11 13 0.030567244 
838 418 13 15 0.030504761 
672 306 14 18 0.030504212 
629 158 12 13 0.030499097 
591 164 11 14 0.030424831 
237 458 15 18 0.030069487 
370 410 15 19 0.030065527 
240 384 23 27 0.029854054 
646 401 16 19 0.029777473 
796 100 17 18 0.029719288 
802 291 14 17 0.02970186 
309 316 12 15 0.029694483 
859 419 16 19 0.029417234 
796 468 12 14 0.02937947 
557 355 11 14 0.029302152 
380 337 12 15 0.029224899 
359 263 11 12 0.029132754 
624 463 32 33 0.028829677 
235 349 13 16 0.028467946 
419 292 11 14 0.028397182 
369 323 14 19 0.028380625 
712 309 10 13 0.028329827 
744 301 12 15 0.02799584 
632 305 19 24 0.027905209 
224 340 14 18 0.027830182 
422 302 10 14 0.027623782 
786 289 25 28 0.027560914 
540 336 15 18 0.027546788 
677 344 15 19 0.027489858 
593 291 10 13 0.027395982 
471 358 14 20 0.027319461 
284 444 14 18 0.02716656 
784 325 22 27 0.02706981 
930 301 9 12 0.026834697 
260 364 15 18 0.026691532 
105 271 29 32 0.02652944 
593 158 11 13 0.026382955 
814 389 12 17 0.026345868 
617 351 15 19 0.026209917 
739 437 16 20 0.02614665 
217 325 16 19 0.026088329 
452 286 14 16 0.026070971 
592 437 11 15 0.025981333 
490 348 13 17 0.025947966 
608 330 12 17 0.025932617 
433 277 9 12 0.0259233 
440 394 22 27 0.025886705 
895 366 13 17 0.025737979 
454 350 15 18 0.02566665 
400 320 10 14 0.025445903 
633 402 15 18 0.025302356 
468 368 17 20 0.02524359 
648 372 14 18 0.025230154 
222 408 14 18 0.025220618 
711 317 12 13 0.025044143 
204 272 15 19 0.024985313 
577 302 15 17 0.024900729 
745 154 12 15 0.024857324 
328 397 19 21 0.024792152 
264 377 19 25 0.024716265 
742 334 13 16 0.02459276 
82 278 26 36 0.024577407 
644 410 15 19 0.024530753 
624 288 11 13 0.024406848 
203 283 16 20 0.024396403 
461 335 15 17 0.024329511 
432 283 11 13 0.024294842 
778 468 16 20 0.024256926 
698 301 13 17 0.024092145 
275 345 15 18 0.024066707 
567 360 11 15 0.02403338 
212 314 14 19 0.02391951 
318 395 12 16 0.023912434 
830 279 22 28 0.02383881 
327 310 12 15 0.023765752 
429 319 11 15 0.023637462 
523 311 15 18 0.02355488 
806 395 19 27 0.02350512 
454 318 12 16 0.02347316 
717 310 9 13 0.023401955 
747 360 16 18 0.023370655 
519 311 12 16 0.023181576 
749 334 16 18 0.023173176 
64 304 14 18 0.023172544 
796 331 14 17 0.023155449 
907 369 16 20 0.023146529 
384 284 9 13 0.023144595 
702 344 14 18 0.023115264 
944 364 11 14 0.023109868 
338 365 17 21 0.023108365 
191 392 18 22 0.023106003 
325 469 15 18 0.022921644 
252 364 17 21 0.022891227 
183 312 17 21 0.022772174 
168 378 14 19 0.022732852 
835 435 17 21 0.022648154 
467 401 16 21 0.02255763 
525 289 14 16 0.022515003 
475 401 16 20 0.022440948 
780 330 15 18 0.022410622 
629 313 13 18 0.022211665 
362 349 15 19 0.022181839 
309 323 13 18 0.022164976 
383 269 9 11 0.022108918 
193 358 21 24 0.02196804 
471 317 12 15 0.02195887 
178 485 15 17 0.021932283 
753 352 15 18 0.021925515 
323 337 13 16 0.021755917 
409 269 10 11 0.021634622 
335 299 11 14 0.021603111 
710 353 14 18 0.02154355 
351 269 9 11 0.02149235 
510 316 13 17 0.021376763 
220 393 14 18 0.021363901 
395 368 20 27 0.021343987 
493 322 11 16 0.02130168 
575 458 28 32 0.021268712 
100 418 17 25 0.021170756 
391 331 12 16 0.021160226 
533 327 15 19 0.021052953 
158 334 23 28 0.021021115 
907 334 15 20 0.02070912 
772 326 14 17 0.020687215 
752 310 22 26 0.020649744 
742 315 11 15 0.020542037 
413 393 16 20 0.02043154 
190 285 12 17 0.020407619 
264 441 14 18 0.020382443 
196 377 15 20 0.02020438 
430 392 15 20 0.020118957 
