0_Parade_marchingband_1_881
138
330 157 25 36 0.9573182 
142 258 12 15 0.9351107 
52 236 11 15 0.8991643 
720 180 21 37 0.81953925 
638 160 22 34 0.7454049 
228 215 8 10 0.6564936 
96 240 11 14 0.6275582 
856 193 30 34 0.5441071 
185 213 10 13 0.4827573 
239 264 11 14 0.42415118 
882 194 23 31 0.40100312 
935 269 9 11 0.39255708 
999 259 11 13 0.34171999 
893 200 15 21 0.2949485 
934 222 10 13 0.2472766 
6 215 14 16 0.2448953 
312 163 32 36 0.24260154 
196 302 11 15 0.23521312 
279 205 11 14 0.21106648 
296 186 24 31 0.14962016 
79 216 9 11 0.14820108 
768 228 11 14 0.14613241 
568 207 8 10 0.144999 
797 222 11 14 0.13531749 
962 260 9 12 0.11768544 
734 179 33 49 0.11585312 
537 286 11 11 0.107615106 
985 276 8 10 0.10165337 
225 303 9 12 0.09995847 
299 172 32 37 0.093670495 
234 261 11 13 0.08718105 
877 199 16 24 0.08699582 
798 216 8 10 0.08675231 
180 317 10 12 0.083650425 
198 296 10 13 0.08015811 
226 308 13 18 0.075644135 
749 249 15 19 0.073544525 
974 269 9 13 0.069318876 
941 222 10 13 0.063370615 
454 165 38 43 0.060428247 
976 264 8 10 0.059117485 
557 222 9 12 0.05700856 
848 190 26 32 0.054943662 
797 233 12 15 0.054871034 
952 238 9 10 0.05280958 
225 297 8 11 0.050813176 
953 271 9 10 0.050348185 
22 216 9 12 0.0483727 
193 296 10 12 0.04788121 
295 187 15 18 0.047099985 
563 207 7 10 0.046858758 
224 217 12 13 0.046741694 
957 269 9 11 0.04583959 
90 238 11 14 0.045406785 
222 237 11 14 0.044751123 
981 263 9 10 0.044726454 
398 249 73 70 0.044651613 
182 301 9 12 0.044511814 
917 221 11 15 0.04430824 
964 256 9 11 0.04274465 
969 277 8 11 0.04023033 
117 263 10 12 0.039489374 
951 231 8 11 0.03872131 
283 196 12 16 0.037221655 
58 235 12 15 0.036636986 
746 194 29 38 0.03583131 
137 255 11 15 0.035759907 
982 254 8 10 0.03530186 
1003 255 10 13 0.034363735 
279 198 18 26 0.03381333 
192 301 19 25 0.033680025 
439 171 36 34 0.033140402 
177 295 9 10 0.032997172 
574 206 8 11 0.032784324 
766 210 12 17 0.032660823 
948 222 9 11 0.032634906 
199 312 11 14 0.03165935 
974 275 9 11 0.03130492 
299 179 17 21 0.030560048 
188 208 11 15 0.030551713 
619 156 28 34 0.029947612 
988 272 11 12 0.029875716 
899 207 13 18 0.029831985 
912 220 11 14 0.029487416 
931 270 8 10 0.029360037 
942 287 8 11 0.029243683 
110 303 8 11 0.029076017 
700 181 27 30 0.028462116 
150 319 8 10 0.028397946 
245 296 8 10 0.028366424 
128 254 9 12 0.028240414 
285 190 11 15 0.027555993 
113 269 8 12 0.027417338 
39 229 10 13 0.027308932 
105 304 9 11 0.027166337 
891 189 16 21 0.027053354 
235 262 19 24 0.02691807 
950 255 9 10 0.026363704 
976 238 8 10 0.026054384 
88 204 11 12 0.025484264 
804 235 12 16 0.02533996 
159 205 10 14 0.024984473 
308 174 18 22 0.024937028 
181 310 10 13 0.02486735 
199 289 8 10 0.024657108 
165 212 9 12 0.024580711 
846 193 15 21 0.024383878 
24 250 10 13 0.024197668 
940 271 9 11 0.02405395 
792 218 19 25 0.02404597 
173 206 10 12 0.02378283 
976 245 8 11 0.023510054 
88 231 9 11 0.0231374 
261 271 10 11 0.022898352 
105 287 9 11 0.022803402 
134 277 10 12 0.022674998 
135 268 10 12 0.022510251 
967 246 9 11 0.02242569 
913 301 10 12 0.022323243 
967 238 9 11 0.022257531 
943 216 9 11 0.022180354 
745 246 11 16 0.022157867 
306 182 18 23 0.02199224 
111 277 8 12 0.021827193 
561 214 9 12 0.021680515 
149 325 10 12 0.021660132 
724 241 27 37 0.02159957 
937 288 10 12 0.021287004 
23 229 11 14 0.021244556 
744 259 12 17 0.021184277 
802 226 13 18 0.021046707 
79 189 106 130 0.02083905 
224 209 11 13 0.020767597 
888 253 9 12 0.020604556 
934 216 11 13 0.020547684 
722 172 15 24 0.02008889 
231 254 12 15 0.020084487 
748 266 12 16 0.02000595 
