54_Rescue_firemanrescue_54_908
25
854 295 35 47 0.9952909 
858 158 31 38 0.9886286 
620 185 21 28 0.9646466 
438 291 52 56 0.9016027 
437 58 392 442 0.17643538 
463 296 49 56 0.16827457 
798 309 22 31 0.06446099 
426 278 45 53 0.057538833 
525 179 48 61 0.050098766 
881 166 18 24 0.048936903 
1012 60 10 16 0.04155631 
508 196 48 65 0.039271448 
518 276 120 168 0.035376765 
688 221 10 13 0.032002885 
553 175 44 54 0.031895544 
850 254 15 18 0.031183751 
409 254 51 63 0.030034775 
279 481 32 31 0.02966178 
734 157 10 11 0.026265431 
871 166 20 25 0.02505439 
980 227 42 60 0.024393652 
566 221 13 16 0.02373357 
391 95 24 33 0.023521781 
505 210 33 42 0.022288622 
571 185 15 18 0.021382699 
