54_Rescue_rescuepeople_54_493
45
822 384 14 17 0.12364614 
703 319 10 12 0.09911759 
344 67 32 40 0.0892032 
406 84 10 13 0.08691137 
310 117 26 34 0.07108636 
713 310 8 11 0.057115622 
790 88 28 32 0.05513995 
1 64 17 36 0.051584847 
734 321 9 10 0.047307145 
680 502 21 34 0.046237826 
320 113 28 34 0.045699038 
53 200 12 15 0.043158032 
318 32 13 16 0.039928444 
687 383 11 13 0.03958172 
702 107 14 19 0.03808392 
804 413 13 16 0.036113124 
709 319 8 11 0.035814658 
62 201 13 16 0.033951573 
727 320 9 11 0.033071887 
716 310 10 11 0.031708118 
792 121 16 17 0.029737411 
710 325 8 11 0.029570526 
736 326 10 13 0.029487446 
875 86 34 34 0.02834314 
736 332 11 13 0.028041536 
726 383 9 13 0.02791354 
662 101 16 19 0.027740173 
718 320 9 10 0.027524091 
687 311 8 11 0.026329547 
306 122 15 21 0.025924765 
318 92 30 37 0.025507381 
697 302 9 11 0.025467737 
0 189 11 19 0.025126157 
431 151 22 29 0.025087332 
84 190 16 21 0.024774952 
667 285 11 13 0.023136817 
703 434 13 16 0.023132535 
724 342 9 11 0.021486122 
704 243 13 14 0.02116784 
702 296 9 10 0.021154966 
686 436 11 13 0.021134747 
353 121 25 37 0.020778866 
1 237 11 15 0.020767977 
65 -40 229 230 0.020706601 
0 212 10 16 0.020439424 
