54_Rescue_rescuepeople_54_135
217
874 480 63 78 0.9986155 
503 1 52 67 0.9913657 
868 208 28 50 0.9873059 
942 218 24 38 0.9668522 
329 46 34 50 0.93081653 
43 554 71 60 0.87049365 
997 230 24 32 0.47362393 
956 470 46 69 0.3289679 
962 367 36 44 0.30538115 
696 340 17 20 0.23003055 
434 369 27 40 0.21375965 
175 165 12 19 0.21095784 
452 0 45 51 0.20144747 
155 179 21 30 0.19131207 
73 229 27 32 0.18621925 
118 373 38 55 0.18343164 
453 378 16 24 0.17830507 
662 579 44 68 0.1781934 
148 210 15 21 0.17674132 
166 231 13 17 0.16294251 
29 579 70 58 0.1622205 
949 213 34 42 0.1511942 
176 57 16 22 0.1419375 
907 398 39 52 0.11936786 
643 28 10 13 0.11474731 
850 362 46 57 0.11158988 
1005 411 17 34 0.110689014 
743 44 10 13 0.09793642 
669 500 53 63 0.097706534 
75 184 15 21 0.092524394 
149 201 15 21 0.088813 
831 351 51 60 0.08766875 
165 170 24 34 0.086756475 
603 266 23 32 0.084636405 
686 127 9 12 0.08439452 
155 63 15 20 0.081280135 
770 329 15 20 0.07245879 
968 370 48 60 0.06933705 
252 159 28 37 0.06860458 
66 224 22 34 0.06848362 
86 229 27 29 0.06762328 
587 271 25 36 0.06713583 
499 1 35 41 0.06692422 
984 228 37 55 0.06569759 
795 296 24 32 0.06565148 
795 586 54 62 0.06367839 
651 489 44 59 0.062296353 
100 171 13 17 0.060719453 
101 176 19 29 0.058530238 
877 383 44 53 0.058416467 
739 410 31 48 0.057761762 
700 432 22 30 0.056631375 
82 104 8 11 0.056275025 
793 377 55 65 0.056243896 
414 25 28 36 0.054025777 
907 427 45 56 0.05332735 
825 320 49 59 0.05329575 
862 165 11 18 0.052774858 
922 414 32 46 0.050792422 
525 351 10 12 0.04964553 
763 323 18 23 0.04886433 
284 144 16 18 0.048322592 
213 352 36 56 0.04809975 
665 530 63 85 0.047560833 
76 271 17 22 0.047179624 
628 559 25 38 0.046972837 
780 326 59 78 0.04665986 
900 200 26 40 0.046363194 
150 548 28 41 0.045772795 
329 413 41 54 0.045577668 
413 17 45 59 0.04522435 
701 44 9 11 0.045096472 
737 318 10 14 0.04503864 
45 598 44 37 0.044369485 
684 578 95 97 0.043317158 
876 168 15 18 0.042994343 
963 219 41 53 0.042606007 
597 33 12 14 0.04206891 
835 334 28 31 0.041924756 
7 260 29 38 0.04189095 
868 169 14 17 0.041535765 
16 248 25 36 0.04079732 
623 29 8 12 0.040353917 
120 188 21 28 0.038221914 
123 306 32 35 0.03798204 
113 181 21 30 0.037703127 
878 220 33 37 0.03723838 
925 381 48 59 0.03711018 
953 464 32 48 0.036664914 
77 110 22 31 0.036219854 
84 107 11 15 0.035419267 
95 167 13 16 0.035057314 
476 333 11 13 0.03497717 
64 125 10 14 0.03485478 
57 210 16 20 0.03426621 
791 296 48 60 0.03393368 
159 221 22 28 0.033360947 
855 163 13 19 0.033336334 
849 213 42 59 0.03317922 
52 382 27 39 0.032605127 
100 222 22 32 0.032568015 
93 119 13 19 0.032556873 
742 319 9 12 0.032316957 
110 131 12 15 0.03218681 
811 340 86 98 0.03190063 
769 313 26 33 0.031519476 
159 177 12 15 0.031480476 
770 327 24 33 0.031377435 
923 276 38 60 0.031081086 
554 326 25 28 0.030739378 
925 209 33 51 0.03069949 
330 295 35 42 0.030687863 
282 23 48 63 0.030526215 
930 444 48 57 0.030352475 
0 309 40 59 0.030092152 
758 324 15 18 0.029869638 
112 139 11 13 0.029804638 
57 216 24 36 0.029650439 
71 166 11 16 0.029397039 
607 501 40 57 0.029157558 
991 391 32 49 0.02914743 
795 280 27 36 0.028915849 
36 359 45 61 0.02879825 
118 110 9 13 0.028258294 
811 297 51 63 0.027690219 
0 364 10 16 0.027450832 
149 211 24 31 0.027044462 
124 200 15 20 0.027016938 
134 250 23 27 0.026831092 
200 365 36 48 0.026617669 
779 334 29 43 0.026568605 
555 420 12 16 0.026515787 
804 401 47 59 0.026466928 
667 565 75 91 0.026320107 
947 362 79 94 0.026016032 
834 270 45 56 0.026000721 
132 209 27 31 0.025831103 
356 295 13 17 0.025731735 
298 136 26 30 0.025722466 
781 382 29 43 0.025624072 
127 197 23 27 0.025459161 
258 360 42 51 0.025402889 
233 169 45 54 0.025113083 
331 135 33 48 0.024983555 
60 260 15 20 0.024740648 
300 302 26 29 0.024668192 
846 385 47 64 0.024564905 
140 194 40 52 0.024407519 
276 125 48 54 0.024323365 
75 244 19 23 0.02420797 
748 317 12 15 0.024153143 
938 366 49 61 0.024128878 
71 247 28 33 0.024116306 
634 475 50 62 0.024058357 
167 394 30 35 0.023979338 
413 366 38 48 0.023963688 
595 281 15 21 0.023799563 
600 518 32 43 0.023777617 
688 234 32 33 0.023706669 
899 390 34 44 0.023701984 
899 458 54 71 0.023648039 
827 234 14 16 0.023644308 
1008 237 16 23 0.023592044 
787 306 15 18 0.023582017 
13 316 46 64 0.023483446 
83 130 13 14 0.023405574 
775 249 13 17 0.023304008 
11 586 58 60 0.023179146 
826 409 42 57 0.023071736 
578 266 23 36 0.02302667 
34 340 36 48 0.02283614 
973 394 34 48 0.022828959 
705 343 16 21 0.022813305 
252 154 46 55 0.022769429 
63 181 22 33 0.022700584 
500 0 20 20 0.022560045 
573 280 16 24 0.02223956 
202 170 44 55 0.022199815 
959 228 20 26 0.022177355 
175 163 29 38 0.022107374 
291 139 16 20 0.022055347 
556 325 16 18 0.021907551 
277 201 30 34 0.021611802 
934 491 52 70 0.021590242 
278 340 43 52 0.021520974 
776 305 27 33 0.021504378 
177 173 17 25 0.021462742 
860 198 14 19 0.021460019 
184 387 24 35 0.021391764 
780 281 47 59 0.02133259 
393 15 44 59 0.021321265 
67 115 21 28 0.021100527 
638 497 33 48 0.021071529 
922 405 18 27 0.021046966 
294 335 32 37 0.021001546 
516 416 17 23 0.020999698 
153 180 13 19 0.020922383 
76 169 12 16 0.020792307 
142 149 13 17 0.020761082 
346 294 24 32 0.020727757 
171 176 28 38 0.020616708 
117 139 11 15 0.020584796 
162 56 19 25 0.020564219 
344 364 36 50 0.020546498 
987 221 27 38 0.020530742 
796 249 25 29 0.020487102 
458 372 23 30 0.020352874 
397 21 26 36 0.020300806 
333 109 48 71 0.020289904 
0 300 26 46 0.02026021 
262 431 22 35 0.020222928 
239 411 41 57 0.0202014 
140 190 23 30 0.020081243 
976 359 29 41 0.020072618 
732 595 58 67 0.020072116 
54 204 14 20 0.02005323 
657 514 28 40 0.02000794 
