54_Rescue_rescuepeople_54_924
31
641 305 29 32 0.9783442 
838 254 23 29 0.8837893 
472 249 28 34 0.61945826 
380 155 18 24 0.1305962 
873 248 20 31 0.065127924 
847 251 24 29 0.057796158 
636 403 11 12 0.05638952 
631 305 14 19 0.047298938 
567 93 10 11 0.045006555 
459 242 31 38 0.04362967 
463 257 42 43 0.04323349 
646 319 43 43 0.0427799 
639 108 16 19 0.038196586 
653 404 12 14 0.037978604 
573 378 12 17 0.036888633 
605 95 11 13 0.036468707 
653 338 35 40 0.036024217 
833 292 25 29 0.033852242 
567 394 12 18 0.028488915 
630 298 27 34 0.027203105 
971 460 11 13 0.026023258 
578 380 14 18 0.025094122 
458 224 27 29 0.024473004 
458 272 29 42 0.024408517 
471 233 36 38 0.023609586 
637 366 23 29 0.023384515 
648 420 13 16 0.022742527 
612 305 13 19 0.022250656 
651 415 24 28 0.021784276 
531 330 16 19 0.021480476 
463 226 16 18 0.02107265 
