54_Rescue_rescuepeople_54_208
37
249 21 115 225 0.99525875 
301 35 162 252 0.40375733 
632 98 14 18 0.1083288 
361 65 188 256 0.100477286 
184 440 30 41 0.07939586 
414 504 13 16 0.07119839 
1011 580 11 18 0.059325054 
617 68 10 13 0.04863468 
100 51 17 23 0.048534475 
151 373 13 15 0.04619663 
617 76 10 13 0.046120606 
197 595 10 13 0.043341056 
338 469 40 47 0.037373323 
964 14 63 79 0.0367192 
507 542 11 13 0.036179543 
508 534 10 11 0.0357801 
709 135 31 32 0.03541081 
448 518 10 13 0.03344521 
1003 610 14 17 0.03171163 
631 115 13 16 0.029316787 
509 548 10 13 0.028415108 
921 114 97 138 0.02831869 
474 498 24 29 0.028036704 
70 299 117 174 0.027870245 
505 528 8 11 0.0265965 
364 532 16 18 0.025610158 
0 0 29 24 0.025407162 
175 302 28 39 0.02497481 
112 371 12 15 0.024612697 
150 277 12 15 0.023772208 
108 63 14 18 0.023205185 
0 165 35 53 0.023021596 
312 451 209 213 0.022307847 
528 554 15 18 0.020826854 
470 549 10 14 0.020697402 
998 608 23 31 0.02029494 
194 591 10 12 0.02018205 
