54_Rescue_rescuepeople_54_1049
18
447 217 111 154 0.99991 
638 393 96 125 0.9996742 
110 89 136 155 0.7815713 
636 138 106 124 0.610521 
69 61 212 284 0.15536623 
517 50 129 154 0.15313654 
598 209 54 69 0.0838035 
607 172 95 111 0.06873571 
627 195 117 132 0.058103036 
580 75 135 152 0.048591044 
17 20 355 456 0.044736404 
611 218 16 19 0.037715837 
610 241 31 39 0.033516053 
606 217 32 40 0.025798911 
71 221 36 44 0.022032665 
716 396 60 67 0.021932228 
524 -70 404 501 0.020151777 
617 70 188 240 0.020087618 
