54_Rescue_rescuepeople_54_926
23
525 195 100 140 0.9997845 
153 94 99 114 0.9997458 
366 202 69 91 0.9948881 
744 213 374 485 0.09913199 
298 485 13 16 0.058876615 
242 485 11 14 0.044332936 
315 110 16 26 0.042968884 
11 495 19 21 0.040742822 
307 69 19 24 0.0397791 
710 283 276 310 0.036144443 
326 15 27 35 0.035546508 
17 487 18 22 0.035058472 
310 101 36 52 0.034559578 
5 497 16 20 0.029680595 
240 499 10 14 0.02863609 
199 14 30 33 0.027589727 
860 334 34 33 0.026959209 
298 77 23 28 0.024406128 
236 509 10 12 0.02368087 
317 55 11 14 0.023678258 
324 529 32 34 0.022502549 
280 461 12 14 0.021177692 
259 507 12 14 0.020120017 
