54_Rescue_rescuepeople_54_159
335
884 25 33 41 0.99272716 
636 116 17 21 0.9530816 
632 173 29 39 0.93701917 
799 100 25 31 0.8982414 
351 116 20 27 0.87448287 
779 32 20 24 0.8695633 
589 94 21 26 0.85679865 
808 37 18 22 0.85196453 
687 114 24 28 0.8493978 
811 61 19 23 0.8410852 
778 102 17 21 0.8389004 
716 87 19 21 0.78022134 
792 79 20 25 0.75182 
753 52 20 25 0.7446113 
795 87 24 29 0.5530895 
483 427 25 33 0.53121626 
299 206 18 24 0.5029839 
357 399 21 29 0.49585527 
396 317 24 31 0.49439245 
571 86 13 17 0.40580884 
155 80 30 36 0.3663876 
520 181 19 24 0.3517313 
733 19 14 18 0.3079503 
511 393 24 32 0.29029113 
426 230 16 19 0.28771174 
299 554 131 134 0.25208718 
67 177 30 35 0.24569616 
686 94 16 19 0.22636658 
740 96 21 27 0.2211001 
850 18 24 31 0.20911278 
173 127 15 18 0.17302153 
387 244 14 19 0.1703376 
657 119 20 25 0.15640149 
847 16 16 21 0.14937171 
892 13 29 39 0.14403942 
221 278 21 26 0.14369136 
447 58 25 29 0.13448961 
711 18 14 18 0.1320873 
829 50 15 21 0.12696469 
141 20 17 19 0.122349456 
804 14 17 21 0.11256086 
753 132 25 33 0.11024321 
418 219 16 20 0.1059875 
210 292 16 19 0.105141506 
240 212 19 22 0.10172644 
746 90 17 22 0.097981155 
660 52 12 16 0.09775451 
549 171 20 27 0.09723837 
266 128 20 22 0.09503476 
445 49 15 17 0.09269672 
713 142 18 22 0.09168992 
900 3 25 30 0.08976793 
738 26 13 16 0.08721811 
761 102 17 22 0.08687636 
698 113 22 29 0.08657425 
294 80 46 59 0.08414804 
553 353 23 28 0.07997965 
707 112 15 22 0.07937429 
778 22 17 21 0.07643477 
798 71 22 26 0.0762299 
624 174 25 32 0.074905954 
353 322 26 33 0.073625855 
715 21 16 20 0.07303755 
858 24 23 33 0.06856638 
453 45 14 17 0.06536608 
621 162 25 31 0.062278163 
336 13 10 12 0.062253017 
725 16 18 24 0.060546517 
128 68 11 16 0.060200766 
149 65 15 19 0.05993688 
445 417 22 24 0.059201885 
356 280 15 21 0.05854215 
213 283 22 26 0.0578413 
783 103 23 30 0.057628747 
914 77 18 21 0.056834567 
101 83 12 15 0.055331834 
555 227 15 20 0.05519272 
620 160 16 19 0.054493494 
107 109 13 16 0.053713195 
434 413 13 16 0.051801767 
205 296 16 18 0.05086435 
173 246 25 28 0.050525654 
379 51 11 14 0.050408833 
359 52 13 15 0.05023415 
308 116 14 18 0.05005847 
312 273 18 23 0.049832564 
579 91 14 19 0.04942982 
447 94 30 33 0.049342364 
194 878 39 45 0.049108207 
692 14 13 15 0.049032263 
492 444 25 35 0.04745475 
132 188 29 31 0.04645758 
828 76 15 19 0.0462754 
395 45 11 13 0.045090225 
685 13 13 15 0.04455598 
652 126 17 20 0.043997787 
653 115 15 21 0.043870937 
740 13 12 15 0.043636564 
510 282 15 19 0.043606564 
373 387 27 36 0.04355306 
146 282 28 34 0.04335633 
794 31 21 26 0.04258176 
167 45 11 14 0.041690387 
677 118 16 22 0.041622095 
302 121 26 32 0.04116109 
703 13 13 15 0.04081114 
497 462 18 23 0.040086154 
104 114 14 17 0.04008427 
743 5 11 13 0.039753243 
154 231 15 20 0.039726384 
677 62 22 28 0.039424475 
291 423 24 27 0.039373603 
572 91 14 21 0.038744494 
288 201 25 33 0.03868199 
733 30 16 20 0.037929278 
203 33 25 30 0.037541952 
410 327 16 24 0.036483422 
539 370 16 20 0.03642219 
394 243 12 17 0.036121406 
785 64 16 19 0.036091432 
660 137 16 20 0.035717804 
521 388 17 24 0.035455868 
700 81 14 20 0.035217255 
341 118 24 32 0.03496331 
762 60 17 21 0.034840174 
500 403 26 31 0.034604024 
725 86 21 26 0.034302033 
108 98 16 20 0.03426992 
212 108 24 31 0.03424496 
763 45 14 18 0.03415105 
565 93 14 20 0.034125045 
351 23 11 13 0.034051903 
109 129 24 31 0.033918593 
447 280 15 18 0.033881493 
726 131 14 19 0.033329498 
416 226 14 18 0.033181485 
459 43 12 17 0.033093777 
475 26 16 21 0.033027966 
408 14 9 11 0.032929827 
346 110 34 46 0.03284976 
37 223 16 21 0.03267251 
378 528 26 30 0.032657553 
25 221 25 30 0.032650884 
103 39 10 13 0.03251525 
183 230 29 32 0.032219965 
536 151 44 53 0.032158438 
370 400 15 24 0.032009862 
687 18 14 15 0.031934172 
819 103 14 20 0.03188765 
415 52 12 15 0.03148488 
93 4 14 14 0.031217 
690 41 25 30 0.030969577 
211 183 17 20 0.030736886 
443 77 31 36 0.030313132 
170 83 28 34 0.030239467 
734 98 15 21 0.030205311 
484 245 11 15 0.030193659 
261 304 24 29 0.030180976 
292 160 14 18 0.03015353 
285 156 16 17 0.030027678 
525 397 27 36 0.030020753 
308 77 29 34 0.029927852 
300 77 16 20 0.029894844 
56 266 31 35 0.029878175 
562 341 24 32 0.029751793 
350 350 27 32 0.02974735 
433 229 14 18 0.02972706 
263 93 12 15 0.029647013 
365 117 24 32 0.029548176 
248 76 12 14 0.02952587 
906 32 16 23 0.029512802 
143 97 27 32 0.029404711 
723 138 15 21 0.029351791 
648 184 17 25 0.029322244 
478 456 58 53 0.029288322 
300 137 16 19 0.029135788 
118 70 10 13 0.029067427 
568 80 12 16 0.029029377 
387 252 15 20 0.02899604 
24 62 11 14 0.02899444 
544 361 25 30 0.028971298 
250 112 16 19 0.028838238 
100 77 23 28 0.028706731 
252 73 14 17 0.028674709 
792 108 25 31 0.028522706 
394 50 13 17 0.028374674 
640 170 20 25 0.028283902 
302 162 12 16 0.02805469 
149 508 14 13 0.02797637 
711 85 15 20 0.027884886 
463 30 11 14 0.027823057 
409 355 17 20 0.027657308 
484 458 28 31 0.027581267 
477 432 18 22 0.027551852 
583 342 14 20 0.027436277 
316 117 14 17 0.027347857 
789 127 15 21 0.027097672 
205 76 22 30 0.026902651 
144 65 27 33 0.026805263 
315 124 24 30 0.026803598 
475 108 27 31 0.026613815 
759 27 13 16 0.026557606 
316 313 13 17 0.026521584 
833 137 15 18 0.026495425 
475 261 14 18 0.026416246 
203 312 32 36 0.026332887 
731 59 13 17 0.026226595 
445 23 12 14 0.026215404 
405 251 16 21 0.026033333 
438 354 15 18 0.025871295 
243 89 13 16 0.025819262 
190 306 14 19 0.0257633 
243 204 16 20 0.025709104 
398 15 9 11 0.025624923 
817 68 17 23 0.025588347 
712 148 25 32 0.025545448 
408 21 10 12 0.025519785 
620 177 18 24 0.02547587 
667 116 14 21 0.025436917 
118 13 11 13 0.025339594 
113 71 9 11 0.025177578 
375 45 12 15 0.025148943 
652 108 14 17 0.025133973 
305 107 30 38 0.025127092 
429 54 12 14 0.024813132 
542 354 45 48 0.024794672 
101 114 25 32 0.024762362 
693 165 21 28 0.024674298 
556 165 14 16 0.024640335 
197 241 24 28 0.024612844 
778 11 14 18 0.024502564 
811 95 23 31 0.024435475 
218 233 26 30 0.024423191 
536 386 32 37 0.024273043 
419 344 15 18 0.024236593 
357 316 16 19 0.024115268 
415 214 14 18 0.024086876 
36 235 45 55 0.024037585 
375 238 24 32 0.024005478 
558 94 13 17 0.024003142 
112 139 13 17 0.023955379 
298 197 17 21 0.023897847 
251 350 22 28 0.023882046 
403 308 15 20 0.023876896 
397 70 23 27 0.023687525 
567 317 27 41 0.023631766 
184 294 27 33 0.023588572 
274 133 27 29 0.023576254 
429 61 12 15 0.023485184 
458 50 13 17 0.023434967 
85 13 11 13 0.02340322 
600 96 14 21 0.02327554 
162 76 18 23 0.023200447 
502 62 10 13 0.023199247 
708 6 12 15 0.023129899 
308 94 17 24 0.023100441 
831 78 21 27 0.023067094 
763 21 13 17 0.023012523 
299 18 13 17 0.022971345 
668 60 14 18 0.022966497 
651 225 24 31 0.02293134 
709 100 21 27 0.022888776 
580 55 14 17 0.022884773 
745 49 20 27 0.022856524 
561 335 43 52 0.022705017 
195 305 16 19 0.022704368 
268 260 17 24 0.022662355 
494 470 34 35 0.022642069 
391 16 10 12 0.022635601 
446 493 32 45 0.022538554 
18 310 31 29 0.022526823 
127 62 21 26 0.02245454 
88 111 27 34 0.02231244 
295 244 44 61 0.022237109 
237 863 44 56 0.02222853 
434 404 15 18 0.022193955 
677 31 12 15 0.022105426 
309 318 24 31 0.022100259 
405 155 13 15 0.022087837 
119 184 31 37 0.022073025 
437 12 11 13 0.022035645 
605 201 15 18 0.022031503 
692 95 22 28 0.022009201 
652 98 15 19 0.021994296 
456 482 58 67 0.021992784 
700 26 14 16 0.02198371 
858 6 29 36 0.02196346 
680 11 12 14 0.021915209 
411 200 25 31 0.02177154 
130 235 24 30 0.021586658 
323 362 27 32 0.021583699 
194 100 49 56 0.021572938 
183 298 45 53 0.021564055 
375 312 39 48 0.02151858 
138 20 12 15 0.02149511 
631 82 13 17 0.021441048 
196 270 16 19 0.021332957 
262 87 11 14 0.021317579 
108 88 15 20 0.021247094 
394 303 37 50 0.021244884 
693 25 14 15 0.021191921 
466 433 25 32 0.021179108 
282 399 26 25 0.021171022 
62 165 14 16 0.02112255 
404 302 13 15 0.021061134 
103 103 21 26 0.021037824 
119 76 42 48 0.02102693 
306 80 17 21 0.020990271 
137 61 20 30 0.02098762 
34 309 15 17 0.020974206 
199 299 28 31 0.020960359 
768 59 22 25 0.020955414 
-1 108 39 66 0.02086488 
412 14 10 12 0.020852756 
702 125 22 31 0.02079499 
189 246 18 21 0.020778233 
675 161 14 18 0.020767443 
413 117 12 16 0.020709872 
577 334 27 34 0.020697517 
847 5 26 31 0.020599695 
776 6 13 15 0.020561032 
323 98 44 53 0.020360667 
742 451 13 18 0.02035442 
480 239 10 11 0.020346425 
94 29 10 12 0.020242933 
715 817 252 238 0.020239793 
855 791 51 62 0.02021903 
548 183 17 21 0.020183994 
460 427 22 31 0.020159915 
662 143 21 27 0.020138951 
223 81 26 33 0.020116469 
526 184 23 27 0.020088803 
771 132 14 18 0.02004574 
452 420 22 29 0.020025855 
641 125 18 21 0.020014085 
