54_Rescue_rescuepeople_54_54
45
729 390 37 35 0.98989797 
793 410 28 37 0.45077032 
128 506 24 27 0.09949119 
809 412 32 34 0.09806705 
100 512 22 29 0.060599856 
464 70 49 74 0.060370445 
616 18 53 76 0.05925746 
679 368 23 29 0.055099748 
47 38 188 217 0.05244309 
613 505 63 62 0.050376873 
519 85 28 36 0.04813537 
734 372 31 40 0.047557592 
634 293 28 29 0.045663077 
125 512 15 20 0.04043907 
55 23 124 143 0.04013777 
676 1 57 65 0.03761167 
547 429 37 56 0.034211203 
538 691 18 23 0.031299297 
529 96 17 20 0.031222157 
420 69 14 16 0.029505866 
507 66 58 74 0.026058627 
526 691 25 31 0.025883038 
893 564 56 74 0.025768626 
391 14 51 62 0.025593216 
474 85 29 37 0.024581453 
272 -1 57 48 0.0244296 
113 510 24 30 0.024127316 
175 494 23 28 0.023538643 
823 416 19 23 0.023531575 
634 7 60 77 0.023372684 
94 25 12 16 0.02210821 
559 138 12 16 0.022099301 
820 307 14 15 0.022014415 
702 470 31 35 0.021762913 
856 537 88 119 0.021548634 
485 96 14 18 0.021510027 
462 19 27 34 0.021207552 
590 29 55 72 0.021087943 
93 61 72 88 0.02101474 
66 35 15 17 0.02083585 
132 517 16 19 0.020643253 
622 575 53 51 0.020449523 
606 271 10 13 0.02031589 
906 482 18 22 0.02028622 
903 468 14 17 0.020245545 
