54_Rescue_firemanrescue_54_939
60
158 109 77 105 0.99574393 
61 580 20 30 0.85864913 
578 599 15 16 0.3259549 
902 522 11 14 0.29690784 
421 475 35 51 0.22968128 
268 238 26 28 0.13413452 
924 562 15 18 0.12394054 
52 589 19 24 0.10678354 
627 542 15 20 0.102758266 
135 311 65 62 0.09911883 
133 608 26 32 0.096711285 
120 565 25 33 0.08623335 
898 525 10 14 0.081082575 
907 524 11 13 0.05875451 
127 574 29 34 0.043711 
0 224 11 21 0.04302157 
704 30 33 44 0.041974995 
117 556 24 29 0.04127027 
945 561 12 15 0.039724305 
561 638 10 12 0.039544456 
471 619 9 11 0.038689613 
343 456 48 71 0.036995865 
900 530 13 14 0.036855746 
420 656 9 11 0.0366519 
917 524 11 13 0.035909723 
821 540 14 19 0.0355793 
941 513 11 15 0.03394453 
2 583 16 22 0.03372791 
651 9 45 57 0.033374645 
918 554 23 31 0.03217974 
5 605 16 21 0.03198106 
149 610 28 34 0.031712677 
562 631 9 11 0.029989792 
556 257 88 112 0.02885428 
159 669 25 31 0.027673634 
812 564 14 18 0.027489297 
367 109 32 38 0.027235052 
0 543 16 25 0.026341371 
581 593 13 14 0.026301855 
264 225 44 54 0.024663083 
182 690 12 15 0.02448389 
878 528 8 11 0.024314035 
901 518 19 23 0.023974562 
115 566 17 25 0.023892477 
704 646 7 10 0.023369724 
339 451 34 52 0.022968698 
691 482 116 155 0.022348162 
720 225 105 127 0.022282166 
533 678 9 12 0.021989385 
807 516 10 14 0.021684876 
628 530 15 19 0.021654949 
711 646 8 9 0.02161043 
418 659 9 12 0.0211074 
909 532 11 13 0.021070236 
7 624 22 29 0.021042528 
836 509 13 15 0.02093667 
907 153 113 167 0.020825515 
715 30 54 65 0.020614494 
730 663 7 10 0.020562874 
941 557 21 25 0.020517087 
