54_Rescue_rescuepeople_54_431
696
570 459 30 42 0.9983625 
521 514 36 45 0.99830794 
757 455 29 34 0.9973984 
675 397 26 33 0.9970202 
820 376 29 31 0.9955165 
872 423 38 43 0.9953329 
625 552 39 45 0.99343854 
370 398 34 44 0.99310523 
532 380 21 28 0.9850021 
785 523 33 37 0.97710335 
742 403 22 29 0.9721738 
80 312 82 84 0.96787405 
664 356 21 27 0.9571004 
418 229 21 28 0.9304526 
693 315 17 21 0.9007637 
484 214 18 23 0.8936942 
554 191 15 19 0.8916093 
601 286 13 17 0.8863079 
607 317 18 22 0.8861398 
775 326 22 27 0.86862904 
509 168 14 20 0.8366969 
270 323 16 19 0.83417034 
751 301 13 16 0.8044435 
653 275 15 19 0.7737167 
729 449 19 25 0.74556947 
210 284 16 19 0.71778595 
517 258 15 20 0.7090498 
686 293 13 16 0.672561 
753 331 15 20 0.6597362 
598 359 19 22 0.6531459 
211 355 18 24 0.6154317 
466 326 27 34 0.6126203 
572 316 18 22 0.6070202 
889 514 37 41 0.60006934 
239 315 14 18 0.5973376 
312 353 17 23 0.5913448 
300 281 14 17 0.588285 
300 219 14 18 0.5869508 
314 195 13 18 0.5559163 
91 221 34 52 0.55062956 
626 414 18 22 0.50703406 
663 451 24 30 0.5044845 
317 190 13 16 0.451451 
146 282 15 19 0.44559082 
380 205 14 16 0.43820736 
616 299 13 16 0.4299296 
294 197 10 13 0.39436027 
800 395 19 26 0.38995114 
207 277 13 18 0.37228802 
224 223 9 10 0.3697483 
391 187 13 15 0.36407587 
653 229 10 12 0.36023462 
331 208 15 18 0.35046345 
797 460 22 25 0.3494323 
446 212 12 16 0.3249987 
380 256 17 23 0.32055435 
348 184 14 17 0.3075817 
346 397 22 31 0.30408514 
584 274 12 16 0.2790985 
245 197 9 12 0.2724801 
570 424 17 21 0.2716464 
323 301 13 17 0.27061763 
323 186 11 14 0.26157108 
472 184 9 10 0.25270137 
678 222 8 10 0.24567333 
580 233 13 17 0.24137112 
672 181 7 9 0.24078445 
683 249 13 16 0.23593108 
917 141 9 13 0.23118259 
632 245 10 12 0.2306765 
688 217 7 10 0.2270177 
650 231 9 11 0.22639781 
635 368 15 18 0.22520117 
873 133 11 13 0.22410959 
632 240 9 11 0.21997575 
821 422 20 27 0.21665375 
280 188 10 12 0.21576929 
707 466 21 26 0.21063545 
246 192 9 11 0.21039715 
669 209 8 11 0.20817044 
696 175 7 9 0.20778787 
304 316 12 14 0.20709555 
361 394 30 38 0.19715448 
264 293 12 14 0.19367118 
215 289 17 18 0.17420429 
657 246 9 11 0.17401353 
715 394 16 19 0.17372482 
712 316 12 15 0.17128454 
728 379 14 19 0.16038735 
342 148 11 14 0.15389992 
662 230 9 11 0.15312497 
656 252 10 12 0.15289864 
189 214 9 12 0.15173648 
617 176 8 10 0.14625064 
695 222 7 10 0.14432509 
650 236 9 12 0.14387582 
632 274 9 14 0.14261435 
253 183 11 13 0.14112392 
654 288 12 16 0.13519727 
495 325 15 20 0.13465181 
245 295 14 18 0.13101575 
285 187 9 12 0.1308408 
604 237 10 14 0.13019565 
617 394 21 25 0.1296243 
117 222 11 16 0.12928997 
669 350 14 17 0.12790488 
720 159 9 11 0.12516703 
383 527 33 44 0.124409534 
637 221 8 11 0.12342352 
641 260 9 13 0.123384655 
669 190 9 12 0.12325109 
647 341 14 16 0.12295094 
239 238 10 12 0.12285811 
296 276 13 18 0.1225537 
631 314 13 18 0.12187882 
195 329 18 20 0.1209014 
743 386 23 28 0.120757096 
213 248 11 13 0.11896546 
449 200 9 11 0.11700701 
448 206 12 16 0.115895666 
236 263 9 12 0.115643494 
621 220 9 12 0.11470688 
294 314 10 14 0.1143906 
294 192 9 12 0.114351064 
852 403 16 22 0.11371908 
769 166 7 9 0.11268288 
568 432 23 29 0.11249374 
644 270 13 16 0.11248001 
811 405 16 22 0.11208792 
388 194 15 18 0.11207838 
664 190 10 12 0.11149895 
244 239 10 13 0.1104273 
759 328 19 26 0.1102181 
778 409 17 22 0.10922134 
737 354 15 19 0.10557864 
721 176 8 9 0.10334632 
668 237 10 12 0.103235416 
647 274 14 18 0.102029584 
656 225 9 11 0.10174209 
213 230 8 10 0.10136866 
616 256 9 12 0.101120494 
186 221 9 10 0.10092101 
710 183 8 10 0.100830704 
277 354 14 20 0.10068651 
208 224 8 11 0.1004825 
26 398 19 21 0.10042545 
320 279 9 13 0.09945656 
414 201 13 15 0.097237825 
598 190 11 15 0.09680921 
710 176 8 9 0.09406637 
696 262 9 11 0.0934092 
851 534 26 37 0.092406556 
429 198 8 11 0.0923094 
310 385 14 19 0.0901888 
591 305 12 17 0.089823745 
661 252 9 12 0.08970635 
232 266 12 14 0.08813388 
712 190 8 9 0.08721401 
309 300 10 13 0.08712288 
326 205 14 18 0.08658254 
697 310 13 17 0.08566259 
684 260 11 13 0.08524906 
614 408 22 28 0.085117035 
638 254 9 12 0.08435284 
645 411 15 20 0.083236784 
708 407 17 22 0.08319033 
641 191 8 10 0.08292547 
727 181 6 9 0.08242778 
817 410 20 25 0.08146626 
308 293 11 15 0.0809731 
699 486 24 30 0.08013914 
170 281 14 18 0.07828078 
886 167 11 13 0.077437766 
617 221 8 12 0.076659866 
240 283 12 15 0.07656392 
333 318 13 19 0.07598281 
635 433 16 22 0.07576858 
231 230 10 12 0.07565135 
643 387 17 20 0.07544195 
721 457 22 28 0.07535693 
293 269 13 16 0.07500776 
638 216 9 12 0.07493083 
597 229 11 13 0.07479252 
750 327 13 17 0.07470414 
197 302 12 16 0.07469279 
333 308 10 14 0.07468602 
260 285 14 18 0.07435979 
615 180 9 11 0.0738585 
784 142 6 9 0.07251435 
290 356 15 18 0.07161465 
290 199 9 12 0.070400275 
711 222 8 11 0.0701675 
214 214 8 11 0.069050506 
685 239 10 12 0.06847175 
148 252 13 16 0.06819466 
751 174 7 8 0.06802018 
513 175 14 19 0.067131616 
823 118 11 13 0.066895105 
192 293 11 14 0.0668785 
638 204 8 11 0.06686089 
668 441 17 22 0.06602234 
326 323 13 18 0.0659707 
404 211 14 18 0.06595925 
593 190 10 14 0.06594725 
241 242 10 13 0.06402658 
661 225 8 10 0.063619964 
148 203 9 13 0.06296658 
282 354 17 22 0.06291855 
399 205 11 14 0.06258032 
267 297 12 15 0.06248072 
687 230 9 11 0.062251117 
461 226 12 14 0.062176656 
816 151 9 10 0.062140126 
269 395 22 29 0.06158048 
395 183 11 12 0.06148969 
179 251 12 14 0.060827095 
148 259 14 16 0.060558222 
3 76 13 18 0.060350306 
633 295 10 12 0.059973378 
826 158 9 12 0.059558727 
515 232 14 18 0.05955259 
493 181 9 12 0.05940685 
386 200 13 18 0.05936965 
746 375 23 27 0.059272412 
255 240 13 17 0.059001286 
591 231 11 13 0.058773227 
620 259 11 13 0.058703765 
678 259 11 14 0.058667697 
612 306 14 20 0.057581067 
319 312 13 16 0.057296503 
585 282 12 15 0.057082523 
631 419 21 28 0.05660071 
647 256 10 12 0.055964038 
745 192 8 9 0.055426445 
632 442 15 20 0.055368572 
654 259 11 15 0.055208903 
657 189 8 10 0.05518959 
201 361 22 29 0.05510173 
633 199 8 11 0.05483822 
59 244 28 34 0.05483375 
587 235 11 14 0.05467729 
918 137 10 12 0.054378323 
298 406 23 29 0.054211833 
616 199 9 12 0.053774625 
199 376 14 19 0.052997854 
222 321 14 18 0.052873194 
237 232 9 11 0.052817557 
681 294 11 15 0.052765522 
369 204 12 15 0.052679274 
525 360 12 17 0.05254759 
667 176 7 10 0.052538034 
690 299 14 18 0.0523388 
233 234 10 14 0.052317005 
536 195 10 13 0.052268423 
742 159 7 7 0.051968493 
542 182 11 15 0.05194771 
306 322 12 15 0.051864553 
670 282 12 15 0.051540833 
215 223 8 10 0.051396318 
681 216 9 11 0.05118507 
373 260 20 28 0.05103782 
301 196 11 15 0.050801434 
230 216 9 11 0.050630767 
657 185 7 10 0.050497543 
378 551 29 39 0.050124027 
242 308 15 21 0.050058287 
887 126 9 11 0.04990034 
422 198 11 14 0.049821798 
728 199 8 10 0.049178794 
933 129 8 9 0.049058855 
673 454 25 29 0.048881624 
178 304 17 22 0.048745777 
599 280 13 17 0.048580896 
289 243 11 15 0.048496947 
774 419 24 28 0.04823771 
632 216 9 12 0.04804188 
606 232 9 12 0.04795127 
746 300 12 15 0.047834028 
264 199 9 11 0.04752919 
206 272 12 15 0.04751803 
945 539 46 58 0.047265932 
465 188 8 11 0.04696798 
400 209 12 17 0.0469651 
635 299 11 14 0.04653008 
412 211 14 18 0.046032127 
636 389 20 26 0.045827374 
293 379 15 19 0.04571025 
716 312 13 15 0.045542374 
962 465 40 53 0.045480628 
550 443 21 29 0.045469552 
476 321 26 31 0.04544953 
374 207 16 18 0.045306515 
335 377 28 32 0.045258656 
625 240 8 10 0.045216672 
518 323 15 19 0.045058664 
528 295 12 20 0.044698264 
776 302 9 10 0.044544686 
191 298 12 18 0.044012927 
726 205 8 10 0.043686807 
630 191 8 10 0.04365089 
673 255 9 13 0.043375455 
679 277 10 14 0.042946126 
332 367 23 30 0.042919137 
300 249 11 14 0.042837583 
865 142 9 12 0.04247783 
294 248 13 16 0.042376798 
684 267 11 13 0.042219277 
599 242 12 15 0.042166542 
542 175 10 12 0.042156395 
694 460 22 28 0.04200686 
178 247 10 12 0.04139022 
253 293 13 17 0.04136503 
305 225 12 15 0.041309293 
360 536 40 52 0.041053187 
299 351 22 26 0.040939294 
672 169 7 9 0.040805057 
705 183 8 10 0.040754836 
639 176 8 9 0.04070731 
824 176 9 11 0.04064018 
641 183 8 10 0.04050924 
814 167 9 11 0.040339157 
712 206 8 10 0.040306177 
340 197 13 16 0.040185686 
902 149 9 13 0.040142294 
220 247 11 13 0.039958876 
872 523 40 45 0.03989562 
127 253 11 15 0.039874222 
610 433 14 18 0.039850798 
829 118 10 12 0.03982373 
256 270 10 13 0.03974465 
800 175 7 9 0.039713774 
308 278 13 17 0.039488252 
665 184 7 8 0.03931953 
303 289 13 16 0.039187822 
691 176 7 9 0.03913354 
992 144 8 11 0.039038327 
309 308 11 16 0.038922686 
705 189 8 10 0.03887984 
148 268 13 15 0.038766887 
503 233 12 15 0.038721003 
287 218 10 14 0.038697276 
324 314 14 19 0.0385947 
727 152 7 9 0.03853977 
466 183 9 12 0.038474128 
962 603 16 20 0.038375847 
640 269 11 14 0.038370542 
746 230 7 10 0.038044646 
245 203 9 13 0.03803925 
404 204 13 16 0.03786264 
812 180 10 12 0.037742846 
285 292 11 13 0.03767855 
685 278 10 13 0.03763455 
712 198 9 11 0.037566435 
287 238 11 15 0.037520718 
278 293 10 13 0.037464164 
755 297 10 12 0.037402198 
172 290 16 18 0.03737987 
733 567 49 60 0.037351534 
201 333 19 20 0.03733165 
159 373 29 30 0.03717057 
656 208 8 10 0.037123512 
861 543 34 35 0.03706751 
670 230 9 11 0.036868524 
190 231 9 11 0.036826033 
273 189 9 11 0.03673248 
704 223 7 10 0.03671472 
346 233 23 30 0.036709424 
688 183 8 9 0.03670101 
409 217 21 31 0.03670063 
718 191 9 11 0.036676507 
524 454 22 29 0.036629852 
337 204 14 18 0.036307197 
702 242 10 13 0.036224782 
625 245 9 11 0.03620165 
36 320 48 64 0.036162272 
174 297 17 20 0.036029086 
703 176 8 9 0.03599369 
227 329 14 17 0.035953443 
604 189 11 14 0.03582219 
32 90 14 18 0.03577863 
599 185 10 12 0.03560565 
646 191 7 10 0.035480276 
246 230 10 12 0.035288338 
830 151 9 12 0.035246577 
54 313 57 68 0.03521086 
647 197 7 9 0.035013445 
736 101 11 12 0.034802694 
231 312 18 24 0.034519345 
440 216 13 17 0.034499824 
823 151 9 11 0.03435429 
981 477 40 53 0.034265548 
606 310 15 18 0.034229383 
246 213 9 12 0.03417501 
79 333 100 118 0.034045797 
741 549 14 18 0.03399621 
697 64 30 38 0.03396095 
292 238 12 14 0.0339518 
259 277 12 16 0.033907056 
643 331 15 17 0.03390012 
793 159 8 9 0.03377427 
743 152 6 8 0.033711355 
100 204 14 17 0.033707216 
209 214 8 11 0.033497654 
945 150 9 11 0.033165 
813 175 10 12 0.03276427 
347 192 15 18 0.032730326 
728 191 8 10 0.032686274 
658 270 13 17 0.03264415 
745 295 10 12 0.03262483 
929 133 8 10 0.032614272 
489 180 8 12 0.03256053 
801 141 9 11 0.032440674 
265 204 11 14 0.032404307 
201 275 12 16 0.032174934 
239 354 12 16 0.032151233 
191 236 8 11 0.032139443 
395 195 12 15 0.03211598 
365 263 22 31 0.03206803 
735 193 7 9 0.031847727 
761 160 7 8 0.031819873 
813 432 15 20 0.03180189 
613 287 11 14 0.031791728 
542 147 10 11 0.03175584 
254 196 10 11 0.03162332 
788 398 17 24 0.03162268 
617 246 8 11 0.031501766 
635 412 16 21 0.03140624 
349 173 12 15 0.03134666 
223 182 9 11 0.03133715 
768 161 7 9 0.031148186 
743 167 7 10 0.0310787 
680 207 8 10 0.031023154 
647 167 8 9 0.03097759 
622 482 15 20 0.030971523 
387 254 23 28 0.030844724 
1 260 25 28 0.030826883 
700 261 12 14 0.030789787 
825 299 11 15 0.030765038 
607 185 8 10 0.03068822 
135 276 26 30 0.030661386 
845 405 17 23 0.030490264 
190 209 9 11 0.03045056 
645 397 19 26 0.030370051 
2 71 22 31 0.030307796 
744 174 8 10 0.03009903 
557 435 22 27 0.030038852 
291 182 10 13 0.02997788 
800 151 8 11 0.029814636 
734 198 7 9 0.02981371 
91 209 28 36 0.029663632 
217 306 16 19 0.02966061 
751 169 7 9 0.029660596 
208 209 9 11 0.029506898 
201 229 8 12 0.029423112 
320 324 13 17 0.029397786 
798 168 7 9 0.029380258 
288 175 9 11 0.029357925 
797 341 12 16 0.029190816 
584 189 8 12 0.029179212 
282 323 14 18 0.029174225 
877 129 12 14 0.029168116 
262 191 9 10 0.029154615 
199 215 8 11 0.029082196 
429 203 10 14 0.029079337 
404 260 14 20 0.028978564 
129 266 44 53 0.028710177 
979 582 44 75 0.028696835 
650 243 10 12 0.028648129 
318 295 13 17 0.028615646 
300 231 98 109 0.028494047 
559 445 25 31 0.028459128 
169 220 8 11 0.028301446 
686 207 8 10 0.02818743 
936 105 8 9 0.028135173 
314 392 14 19 0.027929835 
870 129 18 22 0.027902657 
736 135 8 9 0.027856912 
279 307 11 14 0.027728338 
711 216 9 10 0.027662655 
728 135 8 9 0.027626192 
338 321 13 18 0.027607737 
881 166 10 13 0.027581021 
214 393 30 33 0.027528578 
738 143 7 9 0.02746612 
738 158 8 9 0.027362162 
737 369 22 26 0.02723463 
169 214 8 11 0.027210198 
544 182 20 27 0.027199611 
302 329 16 18 0.027092494 
336 156 10 12 0.027063802 
143 270 12 15 0.027055088 
782 428 25 30 0.027035052 
882 413 30 32 0.027010387 
407 232 14 20 0.02700875 
290 193 18 23 0.026988894 
638 228 9 11 0.026955632 
731 329 13 16 0.026954273 
632 229 10 11 0.026932279 
580 386 17 21 0.02692523 
636 322 15 18 0.026922869 
794 153 7 10 0.026748579 
492 469 25 34 0.026699783 
188 325 16 21 0.02658893 
193 392 43 53 0.02653204 
886 160 9 10 0.026512872 
377 292 27 36 0.026334908 
397 173 11 14 0.026310215 
282 220 9 12 0.026298637 
736 175 8 11 0.026277399 
725 158 7 11 0.026232855 
175 214 8 11 0.026200654 
680 200 8 9 0.026174415 
168 208 9 11 0.026161857 
516 219 15 22 0.026099507 
152 287 15 20 0.025975145 
695 227 9 11 0.025956824 
201 223 9 11 0.025935346 
177 231 8 10 0.025833502 
801 440 24 30 0.025832681 
299 360 14 19 0.025826698 
820 213 10 13 0.02576574 
736 152 8 8 0.025730316 
696 181 8 9 0.02569918 
726 299 13 15 0.025679294 
218 348 17 22 0.025642553 
294 215 15 19 0.025591329 
839 132 9 11 0.02557411 
919 127 8 10 0.025559511 
156 261 10 15 0.02553773 
653 461 13 17 0.025522994 
686 309 14 18 0.02540973 
268 199 11 13 0.025406782 
880 159 9 11 0.025392367 
187 93 31 28 0.02523373 
337 150 11 13 0.025230564 
203 292 20 27 0.025212836 
711 168 8 10 0.025187341 
407 198 11 14 0.025159104 
794 352 16 19 0.025141543 
325 217 14 17 0.025091933 
985 184 9 11 0.02495386 
721 206 7 9 0.024948884 
774 151 7 9 0.024924472 
330 302 11 14 0.024861002 
783 191 8 10 0.024856344 
303 391 22 26 0.024777025 
591 243 10 14 0.024743252 
573 302 14 16 0.024702888 
808 151 8 11 0.024679765 
721 181 8 10 0.024660548 
804 135 10 13 0.024657417 
638 377 15 19 0.024651075 
808 176 9 11 0.024625706 
830 447 25 36 0.024520287 
770 151 7 9 0.024517126 
744 183 8 9 0.024508903 
499 443 12 15 0.024435949 
455 226 13 17 0.024364172 
463 308 28 33 0.02434518 
609 221 8 10 0.024241582 
821 144 9 11 0.024236208 
634 308 14 19 0.024212172 
45 185 28 33 0.02420572 
863 148 9 11 0.024195967 
488 326 24 31 0.024082808 
831 346 13 15 0.024081059 
586 323 12 17 0.024030779 
694 170 8 10 0.023993481 
413 204 21 28 0.023987392 
886 149 8 11 0.023908205 
499 226 14 18 0.023876 
59 176 47 61 0.023804106 
254 354 15 18 0.02377434 
652 456 23 28 0.023714123 
296 331 24 31 0.0236969 
205 349 17 21 0.023676485 
145 236 9 11 0.02355498 
381 560 16 23 0.023439825 
607 420 21 28 0.023388818 
678 183 7 10 0.023387436 
616 227 9 13 0.023351924 
815 390 25 31 0.023312392 
969 127 8 9 0.02329788 
323 348 13 20 0.02329251 
798 182 9 11 0.023278736 
230 182 8 10 0.023124702 
249 314 14 20 0.02311287 
614 188 8 12 0.023038417 
190 387 24 32 0.022876086 
372 265 28 40 0.02286901 
648 224 7 9 0.022860626 
333 187 11 14 0.022842238 
301 312 20 26 0.022841807 
693 216 8 11 0.022828825 
349 247 13 17 0.022795219 
693 245 9 13 0.022783779 
181 258 11 15 0.022755941 
710 244 10 13 0.022689223 
880 150 10 11 0.022663267 
914 127 8 9 0.022634124 
675 520 27 34 0.022569971 
334 199 13 17 0.022544038 
208 338 16 18 0.022539804 
687 200 8 9 0.022513606 
633 176 7 9 0.022468522 
200 349 40 50 0.022468345 
645 183 8 10 0.022408355 
493 175 10 13 0.022356406 
711 554 43 52 0.022324895 
2 381 15 22 0.022281028 
202 305 14 19 0.02223526 
529 152 8 12 0.022233395 
292 368 16 21 0.022229968 
398 235 12 17 0.02220394 
944 156 10 11 0.022130227 
193 307 24 28 0.022125006 
621 204 9 12 0.022029294 
198 283 13 17 0.021922523 
760 167 7 9 0.021922413 
551 343 15 20 0.02191451 
344 360 24 30 0.021866862 
591 352 21 25 0.021860188 
476 186 10 12 0.021747649 
582 290 12 16 0.021719577 
322 195 13 16 0.02171553 
646 214 8 11 0.021668617 
365 259 15 20 0.021662649 
626 191 7 10 0.02165648 
106 224 24 32 0.021652931 
784 167 7 9 0.02165234 
269 305 13 17 0.02165109 
356 316 12 16 0.021613738 
602 439 21 28 0.021586316 
798 157 8 10 0.021582784 
240 191 18 24 0.02157071 
244 259 11 14 0.021503583 
661 259 11 15 0.021497928 
215 312 14 20 0.021458637 
727 323 13 16 0.021449042 
404 165 11 14 0.021444043 
672 244 9 12 0.021383053 
280 195 11 14 0.021380143 
858 473 27 33 0.021341609 
749 190 8 10 0.021327564 
630 262 11 15 0.02130903 
815 116 13 14 0.021245386 
511 262 16 21 0.021243231 
252 400 25 30 0.021220712 
198 375 23 31 0.02121742 
580 326 15 20 0.021206832 
470 443 12 17 0.021190597 
507 322 15 20 0.021167427 
743 322 12 17 0.02116616 
532 361 16 19 0.021164678 
945 144 8 11 0.021159885 
679 229 9 11 0.021102993 
639 256 20 24 0.020960247 
912 146 11 15 0.02095539 
654 296 12 15 0.020884704 
184 229 10 12 0.02084929 
308 363 20 26 0.020814288 
576 419 16 20 0.02080565 
662 342 14 17 0.020803561 
718 246 10 12 0.020784907 
596 250 13 16 0.020757848 
373 329 26 39 0.020755015 
285 301 11 14 0.020748833 
855 411 23 30 0.020737171 
816 112 23 27 0.02070707 
692 252 10 15 0.020574152 
622 199 8 11 0.020545812 
287 314 13 17 0.020529728 
712 541 29 37 0.020522237 
901 483 29 36 0.020492312 
807 464 16 20 0.020479364 
870 497 26 35 0.020450158 
510 181 13 18 0.020446448 
475 379 26 30 0.02043669 
150 212 8 11 0.020433936 
242 233 18 23 0.020425558 
678 285 11 13 0.020413913 
184 208 10 13 0.020409966 
773 167 7 9 0.020385012 
775 144 7 9 0.020351386 
656 486 21 32 0.020324396 
579 307 15 19 0.02031903 
714 459 17 22 0.020297278 
156 276 13 19 0.020268094 
744 270 10 13 0.020243064 
244 249 13 16 0.020215845 
829 179 12 14 0.020212116 
993 496 31 42 0.020154776 
-2 284 23 34 0.020113623 
821 334 11 14 0.020044256 
157 267 11 15 0.020021396 
239 253 11 14 0.02002064 
