54_Rescue_rescuepeople_54_102
158
407 252 28 34 0.8955231 
548 236 9 11 0.79720896 
397 246 29 32 0.17060244 
534 221 9 11 0.15360765 
493 216 7 9 0.14653483 
510 212 12 15 0.12809645 
512 208 9 11 0.123963945 
1013 306 10 17 0.107095875 
233 236 10 12 0.09865669 
580 364 26 30 0.09637831 
174 199 11 13 0.09283836 
264 239 9 10 0.08828508 
405 253 16 19 0.08613257 
732 371 41 58 0.08423438 
990 231 8 9 0.07412709 
518 207 7 9 0.06887916 
157 192 9 12 0.06766148 
1009 228 9 12 0.062280253 
344 308 34 39 0.062051605 
201 208 9 11 0.060594015 
565 222 8 10 0.057428904 
490 219 8 10 0.056715466 
984 196 9 11 0.0537943 
792 288 43 39 0.052037943 
542 215 7 10 0.049657926 
183 234 12 14 0.048422806 
678 191 8 9 0.04769403 
944 241 9 10 0.04738069 
949 240 9 11 0.04693945 
725 356 31 45 0.04683578 
974 232 9 11 0.04627847 
506 214 10 12 0.045529775 
483 251 15 19 0.045417532 
268 240 10 11 0.045250908 
30 200 8 11 0.04409699 
552 214 8 9 0.044039205 
478 219 9 11 0.043869503 
454 241 12 17 0.043494917 
878 240 14 16 0.042633165 
694 175 8 11 0.04238876 
223 238 9 12 0.042076766 
559 157 8 11 0.040902544 
1014 236 9 16 0.040731855 
469 576 18 21 0.039703872 
505 255 10 13 0.039099794 
511 248 10 12 0.03897584 
289 287 10 15 0.038251042 
679 169 6 8 0.036258668 
551 208 8 10 0.035897657 
537 244 10 11 0.035836097 
238 232 10 12 0.035627514 
495 198 8 11 0.035400745 
177 190 10 12 0.035371806 
397 256 17 20 0.035370342 
968 233 9 11 0.0349894 
562 254 8 10 0.034971535 
167 204 11 13 0.034939773 
257 238 10 11 0.03477072 
662 183 7 9 0.03441924 
504 199 7 9 0.034232225 
205 259 28 30 0.03361599 
182 184 8 10 0.033401508 
519 201 8 9 0.033318423 
442 309 13 15 0.033084344 
300 282 24 29 0.03307765 
559 248 9 10 0.03264731 
560 196 8 10 0.03222514 
418 261 27 34 0.03211894 
88 233 8 10 0.032055285 
673 175 7 9 0.031907354 
663 168 7 9 0.031547014 
705 176 8 10 0.03102813 
53 166 15 17 0.03025749 
799 295 56 58 0.03020362 
54 172 24 29 0.030163506 
535 228 8 11 0.029237784 
536 199 8 10 0.029146977 
222 245 9 11 0.028994756 
332 523 13 17 0.028707761 
424 258 17 22 0.028524661 
998 230 10 11 0.028506761 
520 231 9 12 0.028418813 
169 198 10 13 0.028297728 
470 250 13 16 0.028116468 
160 204 10 13 0.02804333 
543 182 8 10 0.027777087 
472 219 10 12 0.02765632 
512 201 8 10 0.027617265 
688 184 7 8 0.027477315 
543 208 8 10 0.027425624 
59 169 15 18 0.027097547 
449 562 15 18 0.027073128 
244 239 10 11 0.026690293 
229 318 46 55 0.026635077 
454 216 8 10 0.026453745 
545 151 8 10 0.026351681 
541 219 10 11 0.026221698 
561 222 8 11 0.026040506 
754 370 53 71 0.02603531 
524 237 10 13 0.025956076 
153 195 11 13 0.02588449 
676 521 33 33 0.02578079 
446 231 10 13 0.02557511 
1013 224 9 13 0.025501978 
990 192 8 9 0.025499776 
182 188 8 12 0.02506148 
201 269 27 31 0.024985105 
506 206 9 12 0.024831716 
219 260 18 21 0.024475113 
544 231 17 22 0.024444075 
510 253 11 12 0.02438903 
424 329 25 30 0.02434704 
339 295 32 35 0.024309754 
662 198 7 10 0.024114242 
550 243 9 12 0.024101557 
551 152 8 9 0.023954881 
673 169 8 9 0.0238636 
959 239 8 10 0.023841292 
60 602 131 155 0.023778629 
390 258 16 19 0.023658784 
447 235 13 18 0.023645662 
679 247 9 12 0.023427617 
453 250 11 14 0.023339484 
744 359 45 61 0.023299227 
998 300 13 17 0.023295753 
551 252 9 10 0.023290018 
985 236 9 10 0.02319028 
543 255 8 10 0.022726357 
236 259 13 16 0.02267204 
231 242 11 14 0.022513732 
910 240 10 10 0.022218265 
576 208 8 10 0.02218484 
489 198 9 12 0.022104826 
657 177 6 8 0.02197044 
455 220 9 11 0.021943597 
518 387 30 34 0.021876115 
827 297 50 54 0.021848755 
145 277 8 12 0.021811001 
537 190 8 10 0.021687713 
529 215 9 11 0.021667054 
205 211 9 12 0.02154197 
546 0 436 506 0.021319231 
355 254 18 20 0.021291384 
165 292 14 15 0.021179378 
210 274 16 19 0.02108296 
492 253 11 15 0.020950433 
559 215 7 9 0.020871466 
703 193 8 9 0.020802012 
935 240 9 10 0.020760257 
990 235 9 12 0.020733928 
551 222 9 10 0.020681731 
1006 301 13 18 0.020664344 
542 190 8 10 0.020570913 
567 192 8 10 0.020524325 
514 190 8 10 0.020441392 
30 290 23 29 0.020394659 
496 348 12 14 0.020156058 
84 551 42 51 0.0200974 
