54_Rescue_rescuepeople_54_581
436
317 339 9 13 0.90828264 
1013 374 8 13 0.87859714 
287 190 9 11 0.8777081 
538 317 10 13 0.8584842 
436 182 8 11 0.8377154 
58 350 9 10 0.8346802 
624 185 10 13 0.83167315 
748 198 10 13 0.8175572 
973 422 13 14 0.7907377 
791 367 9 11 0.75128686 
507 181 9 12 0.73846525 
263 331 10 13 0.7384406 
691 373 9 12 0.7258592 
654 199 8 11 0.71534705 
841 367 9 12 0.6532156 
937 197 9 12 0.6529417 
959 195 9 12 0.6479404 
96 358 9 11 0.63187206 
852 182 10 13 0.62882245 
691 190 10 14 0.6262171 
92 337 9 11 0.62541795 
406 180 8 11 0.61503935 
373 352 12 15 0.61140645 
167 352 11 13 0.60723174 
597 355 10 14 0.5814196 
383 188 9 11 0.56108856 
816 367 10 13 0.56031966 
882 197 9 12 0.5369024 
537 367 10 12 0.5327432 
886 352 11 14 0.50960267 
454 190 9 11 0.49034053 
908 370 10 12 0.4694768 
997 367 11 14 0.4668281 
918 315 9 11 0.40582052 
361 343 9 11 0.3968682 
887 312 9 11 0.38707128 
193 182 10 13 0.38022372 
399 175 8 11 0.38014147 
807 178 12 15 0.37363985 
912 201 8 11 0.34771705 
409 356 10 11 0.34673303 
482 355 9 13 0.3382218 
965 308 9 12 0.33116367 
812 179 12 15 0.3269621 
481 318 9 11 0.3258397 
305 191 8 10 0.3230062 
233 353 10 12 0.31135604 
209 331 10 12 0.30632156 
4 334 11 13 0.30311596 
709 182 10 12 0.28244817 
642 367 9 12 0.28058404 
323 199 8 9 0.27750203 
844 189 10 13 0.27676865 
741 373 10 12 0.26797363 
673 199 8 10 0.26702705 
421 332 10 11 0.2623111 
480 181 9 11 0.26013687 
105 193 11 14 0.25905403 
684 216 11 14 0.25792065 
879 374 10 12 0.23872405 
906 207 9 11 0.21759917 
395 176 8 10 0.21195927 
206 198 12 14 0.21028902 
333 357 8 11 0.20717935 
927 208 10 13 0.20588982 
360 358 11 13 0.20444034 
413 352 9 12 0.20253643 
979 367 10 12 0.19419423 
541 336 10 13 0.19009587 
428 205 9 12 0.1873537 
233 376 7 11 0.1789431 
966 189 10 13 0.17471607 
883 369 12 15 0.15631066 
820 365 10 13 0.15046932 
366 356 13 15 0.14133827 
270 354 10 13 0.13750152 
925 416 8 11 0.13382515 
801 194 11 13 0.13178511 
805 192 10 11 0.117367476 
389 181 10 12 0.11718633 
88 355 10 13 0.11649597 
836 457 12 15 0.11259909 
484 395 12 14 0.11143363 
796 367 8 11 0.10704609 
387 189 10 13 0.106722735 
240 341 8 10 0.10659299 
449 360 10 13 0.10136997 
265 355 10 13 0.09908469 
868 335 9 11 0.09814301 
204 359 11 13 0.09676317 
698 357 9 11 0.09625885 
110 222 8 10 0.09606297 
249 188 9 11 0.09509835 
117 385 8 10 0.09444868 
477 188 10 12 0.09296106 
716 182 9 12 0.09139086 
549 182 9 11 0.08949616 
391 360 9 11 0.08908742 
12 190 9 10 0.08711751 
1006 394 11 14 0.08568313 
865 180 13 16 0.08441468 
908 407 9 11 0.08354856 
897 452 10 13 0.083467625 
452 364 9 11 0.08230511 
485 176 8 10 0.08130945 
848 178 9 12 0.081043996 
909 412 9 11 0.07789583 
1010 383 13 19 0.07515238 
864 414 8 11 0.07216617 
768 336 10 12 0.07190377 
841 193 11 14 0.068781815 
786 372 10 13 0.06665999 
408 341 9 12 0.0664189 
433 186 9 12 0.06597921 
191 175 20 25 0.06503224 
823 361 9 11 0.06413955 
337 375 9 11 0.063895926 
1009 369 17 24 0.063837335 
98 363 12 13 0.063289694 
969 185 9 11 0.06318337 
95 371 12 14 0.062330235 
975 199 10 12 0.061698012 
884 192 10 12 0.061632223 
529 387 10 12 0.060925756 
704 186 12 14 0.060372517 
783 391 10 12 0.059998408 
903 212 10 11 0.059407227 
407 335 7 10 0.05929444 
532 381 10 13 0.058873743 
474 192 8 10 0.058586143 
885 332 10 12 0.058428053 
593 364 10 12 0.05707228 
757 214 9 12 0.0569708 
843 371 10 13 0.056732804 
366 348 15 17 0.056507137 
34 184 9 12 0.055711154 
185 173 38 49 0.05540874 
60 346 10 12 0.054305866 
862 185 13 16 0.053114116 
1014 314 8 13 0.05161591 
915 199 10 12 0.05143107 
81 351 9 12 0.051206965 
431 318 9 10 0.05059725 
959 430 10 11 0.05056102 
236 195 9 14 0.050502438 
399 357 9 11 0.050141986 
286 351 11 14 0.050023604 
377 348 14 17 0.049851257 
320 205 9 10 0.049637493 
191 358 9 12 0.04804586 
455 333 8 9 0.04775613 
795 209 15 18 0.047303982 
470 341 9 12 0.047288235 
692 368 11 14 0.047069386 
918 205 9 11 0.047064338 
853 427 11 15 0.046880443 
972 538 23 27 0.04680971 
440 327 8 10 0.046738416 
842 182 11 15 0.046712957 
552 318 9 12 0.046255924 
202 363 10 12 0.04580984 
857 392 9 11 0.04573428 
245 336 8 10 0.04570755 
905 225 14 18 0.045599367 
230 334 9 11 0.045540944 
310 197 7 10 0.045416996 
894 335 9 10 0.04540414 
605 381 11 13 0.044484343 
423 349 9 12 0.044450782 
962 390 9 11 0.044432666 
864 195 11 13 0.04386459 
228 326 9 13 0.043829586 
473 197 8 10 0.043557294 
207 374 9 10 0.043147575 
848 177 17 23 0.0426824 
114 389 9 11 0.042329364 
245 342 9 11 0.042074032 
887 180 11 12 0.042011153 
424 213 8 10 0.041994244 
765 357 11 12 0.041702 
809 373 9 11 0.04142632 
486 313 8 10 0.04083666 
983 588 37 58 0.040586 
893 316 11 13 0.040339995 
969 424 12 15 0.040258314 
978 387 10 15 0.04015707 
926 332 12 15 0.03997622 
617 357 10 13 0.039865248 
621 364 9 12 0.039821256 
456 328 9 11 0.039791644 
558 200 9 12 0.039645728 
255 344 9 11 0.039535288 
429 200 9 11 0.03951776 
11 332 11 14 0.039401837 
495 319 9 10 0.039141476 
593 351 12 14 0.039021857 
279 355 10 13 0.03850517 
60 355 10 11 0.03801209 
871 413 9 12 0.03750239 
318 344 9 12 0.037291914 
413 341 11 13 0.037158273 
761 366 10 13 0.03666182 
703 353 8 10 0.03643724 
884 202 10 12 0.03633942 
380 190 8 10 0.035881426 
909 398 10 13 0.035550978 
838 361 18 23 0.035416383 
673 373 10 13 0.03538732 
430 212 9 11 0.035256926 
874 376 10 13 0.035237387 
802 179 11 14 0.03509461 
919 332 12 17 0.035063136 
461 191 7 9 0.034987282 
188 334 10 12 0.034871303 
332 364 9 12 0.03486629 
333 381 10 13 0.03480605 
790 391 9 11 0.034712747 
921 419 10 12 0.03466394 
224 383 8 10 0.034577828 
719 186 9 12 0.03457602 
392 318 7 10 0.034561146 
662 415 7 8 0.034334056 
918 398 9 12 0.034268912 
797 192 21 28 0.034105614 
909 212 11 13 0.033906057 
432 176 17 22 0.033718325 
100 352 10 12 0.03340636 
422 339 10 12 0.033184696 
980 381 13 17 0.03289436 
991 358 11 13 0.032881208 
486 380 11 13 0.032846257 
429 350 9 12 0.032548297 
924 317 8 11 0.032441586 
745 193 16 22 0.032386642 
519 318 10 11 0.032133687 
495 389 10 13 0.03210969 
1005 366 12 15 0.032056335 
692 377 10 13 0.032049812 
433 177 10 13 0.03204901 
855 413 9 10 0.032032993 
453 342 9 11 0.03190594 
753 212 10 12 0.031867452 
510 341 11 13 0.03175508 
254 186 7 9 0.031696264 
414 215 9 11 0.031053297 
766 352 10 11 0.030889282 
855 367 9 11 0.030674808 
313 335 18 22 0.03058712 
358 342 20 25 0.030513378 
11 195 12 14 0.030341856 
747 366 10 11 0.030298563 
971 420 21 23 0.030283231 
24 188 10 11 0.030152014 
882 327 10 12 0.030085582 
1016 210 8 14 0.02994912 
1007 536 12 16 0.029922783 
535 359 12 16 0.029914865 
409 215 9 12 0.029886933 
245 347 10 13 0.029548395 
440 332 9 11 0.02954776 
964 195 10 13 0.02931903 
162 351 10 12 0.029315127 
970 188 12 13 0.02925737 
478 365 10 12 0.02923352 
954 190 9 13 0.029189005 
908 357 11 14 0.02910589 
701 371 10 13 0.0291049 
321 194 9 10 0.029073104 
593 372 10 12 0.028961575 
828 359 9 11 0.028837256 
782 380 10 14 0.028388914 
91 352 19 23 0.028377138 
284 185 19 23 0.028367694 
711 352 8 11 0.028347442 
809 367 10 11 0.028329263 
202 193 20 23 0.028167276 
477 196 8 11 0.028078483 
89 332 17 20 0.028066257 
669 228 11 14 0.028038248 
747 358 10 13 0.02791886 
954 196 10 13 0.027857082 
883 339 107 122 0.027676037 
791 362 9 11 0.027310213 
900 319 11 12 0.027287152 
847 211 12 14 0.027280847 
328 352 9 11 0.027165635 
507 349 13 15 0.027079174 
906 199 9 11 0.026789077 
777 388 10 13 0.026694695 
55 345 17 22 0.026690869 
599 382 12 12 0.026683807 
798 388 10 11 0.026548646 
737 378 11 14 0.026499137 
448 333 7 10 0.026242321 
657 415 7 9 0.026224257 
505 354 10 13 0.02610173 
592 240 9 11 0.026038608 
744 235 13 17 0.026027737 
773 339 11 13 0.025990125 
738 367 10 13 0.02592896 
999 342 9 11 0.025853058 
913 311 11 13 0.025790025 
399 352 8 11 0.025643969 
998 360 11 15 0.025600417 
543 385 14 16 0.025582131 
1003 483 14 17 0.025526049 
198 181 23 27 0.025480853 
903 348 11 13 0.02543623 
999 281 7 9 0.02536373 
621 183 17 21 0.025260054 
862 428 10 14 0.025234342 
391 196 9 11 0.025121126 
518 334 9 11 0.025035536 
846 205 11 13 0.025014836 
367 229 8 10 0.025003728 
982 343 8 11 0.024955599 
999 286 9 11 0.024934376 
862 373 10 13 0.0249048 
314 206 8 10 0.024770321 
808 390 10 11 0.024728363 
313 214 8 10 0.024724035 
967 439 12 13 0.024664667 
224 350 10 13 0.024600498 
788 362 18 23 0.024567703 
408 206 7 8 0.024529498 
797 371 10 12 0.024522426 
449 371 9 12 0.024458917 
199 196 14 16 0.024392087 
184 340 10 13 0.024341827 
549 439 8 10 0.024252137 
918 389 10 13 0.024214976 
673 192 9 11 0.02419076 
485 190 11 13 0.024190305 
495 381 10 13 0.024175998 
725 373 10 12 0.024133595 
894 339 10 13 0.024126885 
918 323 11 14 0.024107633 
202 373 10 11 0.024025092 
476 374 11 12 0.02393189 
373 344 14 16 0.023930771 
885 340 13 15 0.023918936 
329 383 9 13 0.023913547 
1000 298 11 14 0.023904 
484 322 9 12 0.023893232 
991 351 10 12 0.023833442 
167 346 17 22 0.023819545 
998 350 9 12 0.023819232 
958 202 12 13 0.023792662 
825 342 9 10 0.023768032 
901 334 9 12 0.02362316 
918 212 10 13 0.023583805 
944 430 9 12 0.023512486 
3 327 20 24 0.023464458 
799 381 10 14 0.023450086 
774 349 10 12 0.023342947 
545 176 8 11 0.023301113 
369 199 9 11 0.023108631 
908 421 11 12 0.02308078 
602 356 10 12 0.023042658 
279 205 9 11 0.023026867 
928 196 11 14 0.02301994 
471 348 11 14 0.022981985 
877 397 11 12 0.02285881 
932 201 12 16 0.02281288 
872 374 20 24 0.022769375 
259 328 18 22 0.022758732 
709 195 10 12 0.022702591 
928 347 10 13 0.022652963 
385 318 8 10 0.02261461 
964 394 11 15 0.022612216 
783 359 9 11 0.022535712 
879 191 17 23 0.022535056 
680 210 18 24 0.022530625 
964 382 10 13 0.022425054 
565 199 9 12 0.022377905 
440 229 9 11 0.022372613 
470 335 9 10 0.022351496 
35 196 12 16 0.022321893 
678 191 10 11 0.022302898 
940 192 11 14 0.02217976 
550 177 8 10 0.022151837 
919 404 9 12 0.022124235 
708 175 19 25 0.022105036 
977 360 9 12 0.022099655 
448 215 8 11 0.022080129 
879 361 19 24 0.022059387 
798 359 10 11 0.022045387 
207 323 18 22 0.02203938 
897 214 9 11 0.022015769 
760 349 10 12 0.02194551 
406 328 9 11 0.021928104 
701 365 10 13 0.021914084 
375 198 8 10 0.021840552 
448 342 8 11 0.021772036 
495 375 9 12 0.021761503 
865 177 10 12 0.021748563 
633 383 9 12 0.021745378 
876 405 13 15 0.021743124 
201 177 15 19 0.02171441 
199 353 19 24 0.02170208 
925 190 13 14 0.021669328 
982 361 9 12 0.02154505 
14 214 11 12 0.021540234 
389 350 11 13 0.021512438 
293 344 9 11 0.021512162 
40 350 9 11 0.021508094 
805 358 10 11 0.021500932 
983 347 9 12 0.021476507 
819 180 11 14 0.021452457 
205 337 12 14 0.021373158 
494 215 9 10 0.021357795 
202 333 10 11 0.021324592 
764 363 14 15 0.021318128 
952 203 9 12 0.021164397 
678 373 9 13 0.021162655 
700 181 20 23 0.021104645 
291 194 11 13 0.021016842 
340 379 10 12 0.020901877 
104 215 10 11 0.020858964 
988 381 11 14 0.020851422 
78 335 9 11 0.020805072 
590 342 10 12 0.020756604 
335 343 8 10 0.02063107 
820 196 13 16 0.020586047 
501 390 8 11 0.020532554 
850 414 8 10 0.020478584 
566 204 8 13 0.020476092 
755 205 10 13 0.020455126 
976 361 17 23 0.020410808 
862 422 9 12 0.020405674 
931 339 12 16 0.020262515 
505 304 10 12 0.020147089 
621 348 12 15 0.020146923 
628 118 93 130 0.0201181 
903 366 18 23 0.020109663 
233 341 9 11 0.020080175 
