28_Sports_Fan_Sports_Fan_28_557
27
405 185 92 115 0.9996557 
130 9 36 38 0.19754702 
643 74 377 540 0.05069251 
778 201 220 303 0.04714102 
271 49 97 130 0.045570437 
481 0 51 48 0.043028984 
333 -3 66 78 0.042995892 
168 -2 30 31 0.042739138 
49 108 42 50 0.039237194 
174 2 16 19 0.039036438 
0 -5 32 51 0.03396489 
483 0 33 29 0.03368191 
214 42 13 17 0.033202417 
159 4 31 35 0.030268356 
233 56 29 32 0.025948003 
462 19 27 31 0.025303213 
156 12 12 16 0.02496706 
660 558 24 28 0.024802417 
44 132 24 33 0.02424191 
501 136 51 72 0.022697693 
229 36 52 59 0.021882521 
107 2 17 19 0.021807304 
160 6 50 53 0.02084823 
497 23 57 66 0.020668117 
47 120 25 32 0.020602552 
165 11 17 20 0.020402433 
46 8 65 66 0.020052392 
