28_Sports_Fan_Sports_Fan_28_118
127
638 312 91 108 0.99925846 
1 369 81 104 0.9975981 
94 125 31 37 0.9942841 
47 79 31 41 0.9920019 
11 193 69 98 0.9597875 
710 204 39 55 0.9487728 
325 159 38 54 0.9361961 
489 324 85 119 0.91548145 
549 225 34 48 0.75544596 
319 301 41 45 0.73860574 
161 35 68 86 0.63241947 
529 135 23 28 0.5755835 
852 454 52 60 0.48976684 
1 90 22 29 0.41963974 
37 46 15 21 0.28791335 
432 341 40 59 0.23894452 
482 10 13 16 0.19782816 
840 47 17 22 0.15160103 
922 108 17 22 0.1449011 
125 42 14 20 0.13381608 
662 179 26 31 0.12784627 
889 49 15 21 0.121647455 
611 224 30 44 0.114698045 
406 252 42 55 0.108369716 
1 13 10 16 0.10620801 
307 277 49 55 0.09484266 
359 24 15 19 0.091599874 
984 3 12 14 0.09098063 
102 126 40 47 0.089570075 
778 33 15 19 0.087209195 
2 19 15 19 0.08714811 
37 48 23 31 0.084467426 
30 33 24 32 0.07576276 
3 14 24 30 0.0612301 
11 28 12 17 0.060239952 
12 34 15 18 0.05981431 
231 203 24 31 0.0577168 
372 140 29 35 0.055224087 
290 267 41 50 0.05491202 
372 92 17 19 0.05350581 
0 188 50 84 0.052313082 
858 1 20 19 0.04964726 
20 20 25 32 0.049437616 
730 211 43 58 0.049208187 
118 20 23 29 0.048445266 
41 61 27 34 0.048150845 
642 60 12 15 0.047452234 
724 73 11 15 0.046479527 
745 12 19 22 0.04579997 
882 466 46 57 0.04520352 
112 138 42 54 0.043924812 
0 53 19 31 0.043362517 
911 30 10 12 0.041320883 
431 326 85 100 0.0407538 
403 341 44 63 0.03962519 
814 46 11 15 0.039205745 
135 145 29 40 0.038922165 
368 96 28 29 0.03879615 
960 10 12 16 0.038726307 
294 254 27 33 0.03672648 
670 173 12 16 0.035713185 
447 171 99 130 0.034059968 
1001 120 21 29 0.03394053 
403 273 45 61 0.033633325 
118 157 45 62 0.033048276 
835 88 41 49 0.03298458 
15 33 23 28 0.03254079 
380 342 40 62 0.032223552 
733 2 13 14 0.031691805 
602 193 46 66 0.03150725 
194 199 34 43 0.030933449 
106 26 15 21 0.030781096 
105 32 25 34 0.030759703 
405 206 88 112 0.030044844 
842 4 26 25 0.028958263 
4 123 35 47 0.028706174 
140 42 52 67 0.028547008 
240 208 25 35 0.028272033 
119 11 15 16 0.028219812 
635 174 43 54 0.027684847 
593 346 47 65 0.027649686 
496 161 28 39 0.027646009 
110 24 39 53 0.027388792 
819 93 10 14 0.02727049 
741 0 13 11 0.027212609 
680 8 10 11 0.026911281 
844 37 25 31 0.026776364 
836 11 16 18 0.026745154 
686 0 10 9 0.026477102 
11 9 29 33 0.026341993 
172 50 14 18 0.026255041 
918 0 12 11 0.026148066 
337 15 10 12 0.025886467 
308 135 51 70 0.025498847 
113 8 26 30 0.025301589 
853 28 28 32 0.025089497 
301 5 9 12 0.025063861 
339 19 11 15 0.024841335 
409 29 11 12 0.024656907 
0 61 25 37 0.024593519 
919 54 10 13 0.024478413 
773 37 14 18 0.024094185 
770 19 28 33 0.02396072 
336 348 30 46 0.023783958 
116 38 24 31 0.023141507 
274 336 49 57 0.02310888 
213 194 32 41 0.02284988 
516 121 41 46 0.022846129 
911 33 13 17 0.022710474 
1004 13 12 16 0.022297489 
308 150 29 39 0.02215192 
414 256 55 71 0.021959139 
385 28 10 14 0.021884194 
849 32 48 55 0.021772588 
719 13 10 13 0.021701274 
830 434 90 95 0.021613391 
577 53 10 12 0.021508006 
585 219 39 57 0.021409037 
27 34 16 21 0.021201774 
569 239 28 39 0.021200636 
940 0 14 10 0.021112306 
347 345 42 61 0.020741034 
207 42 65 80 0.020711202 
907 475 26 44 0.020158818 
1000 4 10 13 0.0201454 
557 250 31 42 0.020096438 
570 247 15 23 0.020078044 
