28_Sports_Fan_Sports_Fan_28_868
44
682 29 46 63 0.99856997 
511 246 34 47 0.982473 
869 172 42 51 0.75403595 
580 315 37 48 0.06107808 
134 283 14 19 0.058205068 
889 191 32 35 0.05204613 
40 461 33 41 0.047624 
126 269 12 15 0.046578396 
184 410 53 82 0.044124737 
492 253 42 44 0.040717073 
846 170 44 53 0.038602784 
821 316 12 16 0.03808325 
20 2 16 20 0.0376154 
135 261 13 17 0.037557583 
387 3 16 16 0.03684042 
124 283 15 20 0.033148862 
78 318 12 16 0.03205231 
996 251 13 20 0.03155413 
383 571 13 15 0.03110423 
81 62 14 20 0.031072602 
750 10 15 20 0.03077266 
141 255 11 14 0.030296206 
601 283 27 36 0.029296985 
202 318 11 15 0.029238453 
8 1 28 40 0.02912949 
749 8 24 33 0.02884224 
13 383 12 17 0.026886335 
995 375 22 37 0.026558518 
90 280 95 124 0.025639143 
36 443 50 76 0.025094133 
138 384 99 137 0.024932519 
120 287 13 18 0.024521764 
139 0 27 26 0.023811955 
820 49 101 128 0.022855593 
131 267 101 138 0.022569867 
709 92 15 18 0.021906825 
820 173 43 52 0.021846678 
984 10 15 20 0.021805285 
812 68 14 18 0.021355528 
509 5 16 16 0.021031886 
912 351 29 38 0.020785011 
120 277 12 15 0.020744875 
737 81 60 68 0.020157663 
990 252 22 31 0.020016616 
