28_Sports_Fan_Sports_Fan_28_126
192
311 249 75 90 0.99838126 
458 203 85 101 0.99741346 
420 385 60 67 0.99099827 
404 296 25 33 0.9739468 
70 310 13 17 0.95861304 
126 284 10 13 0.83739734 
102 278 8 11 0.55516505 
41 287 9 11 0.4671234 
174 286 8 10 0.26072463 
125 289 13 17 0.2041744 
781 342 8 11 0.17575394 
854 254 9 11 0.12394628 
841 296 8 9 0.11142482 
889 336 7 11 0.10296483 
855 319 8 11 0.10289719 
953 342 7 10 0.09909142 
657 291 10 13 0.08187058 
775 302 7 9 0.08004804 
0 270 8 13 0.0764236 
47 342 10 14 0.07560555 
487 157 10 11 0.070413865 
823 350 8 10 0.07016074 
840 349 10 11 0.068527296 
1005 304 7 9 0.068358324 
824 296 7 9 0.06686045 
822 313 8 10 0.06574738 
55 346 10 13 0.06402547 
861 351 7 10 0.0637252 
830 342 7 11 0.06287742 
91 300 13 16 0.062520035 
845 351 9 11 0.061986845 
39 330 11 15 0.061547108 
65 279 7 9 0.060199194 
937 303 7 9 0.059961762 
817 315 9 12 0.059035 
864 336 8 11 0.057007268 
521 159 9 12 0.056948252 
1001 309 9 11 0.056789886 
919 303 8 9 0.056760598 
800 312 10 11 0.056596197 
169 301 10 11 0.053686712 
845 344 8 10 0.05328839 
44 290 9 13 0.053280767 
817 303 7 8 0.052911624 
846 297 6 8 0.052392475 
601 292 42 55 0.05161812 
776 322 10 13 0.05106931 
993 334 7 10 0.0507868 
806 295 7 8 0.050754353 
127 352 8 11 0.05073893 
13 329 11 15 0.050644882 
518 465 34 39 0.05017573 
911 312 8 10 0.047778446 
910 317 8 10 0.047299474 
832 288 8 10 0.047206927 
109 278 8 11 0.04694095 
93 305 14 16 0.04543205 
402 163 10 13 0.045403033 
65 272 7 9 0.04435626 
977 341 8 10 0.04414212 
60 346 12 13 0.04397086 
133 340 9 12 0.04368103 
997 334 9 10 0.043290205 
148 300 10 13 0.043237597 
145 294 9 11 0.04322606 
173 292 10 13 0.043178026 
840 356 10 11 0.042556472 
825 344 8 10 0.042120036 
199 150 11 14 0.041944604 
814 279 9 12 0.0413466 
63 283 9 11 0.04078731 
775 337 9 11 0.040672854 
870 337 8 10 0.04059716 
864 303 7 9 0.040483724 
65 309 13 16 0.03934403 
73 349 9 12 0.03909324 
791 351 7 9 0.0385635 
238 150 11 14 0.038445704 
841 301 8 9 0.037792895 
144 287 8 11 0.03743391 
821 357 9 12 0.03721225 
801 304 9 9 0.03718908 
906 317 8 11 0.036813255 
4 346 12 19 0.036601678 
0 302 8 12 0.03637728 
840 344 9 11 0.036165074 
857 335 8 10 0.035369 
150 309 11 13 0.035291247 
62 302 11 14 0.034571175 
870 302 7 10 0.03402279 
942 320 8 10 0.03397941 
1013 328 9 12 0.033743564 
965 295 8 9 0.033582572 
881 329 7 9 0.033157233 
834 325 8 10 0.033149038 
962 296 7 10 0.03301187 
839 312 8 10 0.032754723 
8 324 12 17 0.032682315 
870 287 8 10 0.032602932 
952 304 6 8 0.03229541 
858 343 9 11 0.032099362 
98 283 11 13 0.031915262 
851 318 8 11 0.031787183 
152 315 10 12 0.031755548 
122 280 10 13 0.03173651 
800 360 9 11 0.03169065 
776 346 10 13 0.031187866 
125 356 9 13 0.030999584 
42 331 13 16 0.03092251 
879 342 8 10 0.030562704 
880 334 8 10 0.030475497 
5 301 9 13 0.03014599 
77 356 10 13 0.030014714 
166 359 8 10 0.029999018 
805 350 8 9 0.029677114 
845 357 10 11 0.02967251 
937 320 8 10 0.029559266 
982 296 8 9 0.029461725 
69 278 8 9 0.029295651 
792 318 9 10 0.029237214 
23 318 11 14 0.02918164 
894 340 8 11 0.029085224 
978 296 8 10 0.028447865 
865 288 8 10 0.028388632 
881 295 7 10 0.02816922 
871 296 8 9 0.028124686 
98 313 13 16 0.028032456 
831 336 8 11 0.027750976 
817 298 7 9 0.027611658 
392 605 34 39 0.02758965 
22 323 10 14 0.027435018 
792 357 8 10 0.027402973 
118 310 9 13 0.027177464 
838 319 7 9 0.027175127 
807 344 8 10 0.026970787 
131 297 12 15 0.026860118 
40 282 8 10 0.026810978 
783 312 7 9 0.026793899 
906 313 7 10 0.026738731 
79 269 8 10 0.026589815 
240 146 9 10 0.026351755 
781 319 9 12 0.026294863 
815 344 8 9 0.026288027 
97 273 9 12 0.026221894 
101 299 11 15 0.026169613 
943 304 7 8 0.026106365 
934 343 8 11 0.026070109 
774 296 9 10 0.026047686 
101 292 10 14 0.026038108 
94 294 11 14 0.025776466 
68 341 10 15 0.025568468 
190 439 12 17 0.025413994 
929 342 8 10 0.02525479 
727 -14 207 227 0.025183138 
0 294 8 12 0.025134185 
87 307 10 13 0.02505486 
110 237 9 10 0.025025444 
0 361 11 22 0.024619464 
961 312 7 9 0.024586422 
847 336 9 9 0.024435744 
152 339 10 12 0.024223823 
897 324 8 11 0.024220852 
13 319 10 12 0.024203274 
769 319 9 13 0.02413019 
368 580 106 117 0.024091508 
856 296 7 8 0.02404294 
968 342 7 9 0.024036756 
782 347 9 11 0.023642989 
181 294 9 13 0.023601059 
968 336 8 11 0.023596834 
832 294 7 9 0.02356936 
957 343 7 10 0.023064561 
532 165 17 21 0.023026213 
920 296 8 10 0.02279982 
490 156 14 15 0.022532571 
769 350 8 11 0.022072738 
990 295 7 9 0.021942727 
57 308 10 14 0.02183848 
0 282 8 14 0.021778353 
904 335 7 10 0.021719784 
79 363 9 13 0.021651726 
54 260 9 11 0.021549081 
854 200 9 10 0.021417404 
832 319 8 10 0.021239081 
387 306 30 35 0.020995317 
194 443 14 19 0.020819193 
508 161 14 17 0.020755762 
977 264 8 9 0.020755252 
571 113 15 20 0.020539677 
172 307 9 12 0.020530855 
859 302 6 9 0.020161957 
802 294 8 10 0.020073667 
