28_Sports_Fan_Sports_Fan_28_165
22
126 83 120 175 0.9996407 
696 176 118 171 0.9996269 
513 103 126 184 0.99955755 
271 134 88 106 0.86237234 
863 0 71 74 0.44108212 
895 5 55 61 0.15496302 
842 -5 97 154 0.05713789 
174 124 114 138 0.057029977 
721 27 37 46 0.05582402 
242 154 70 90 0.036281288 
434 246 40 44 0.0347714 
698 26 99 130 0.033311848 
421 77 104 133 0.03249865 
714 36 54 68 0.029041102 
950 20 62 72 0.028805936 
602 14 46 41 0.027253158 
833 226 30 44 0.02644907 
562 366 104 104 0.025572632 
-2 171 91 161 0.02445338 
562 131 133 180 0.021722838 
579 385 68 63 0.021090264 
745 48 103 135 0.02010466 
