28_Sports_Fan_Sports_Fan_28_265
105
494 85 233 333 0.99963224 
95 157 266 360 0.99953616 
1011 317 7 10 0.09947295 
912 316 8 11 0.08098487 
976 523 37 62 0.079171725 
922 326 8 11 0.07110075 
941 319 8 10 0.06709666 
974 207 7 10 0.064931296 
1014 261 8 11 0.058933746 
935 281 8 9 0.05576766 
919 319 8 10 0.05227582 
991 230 8 9 0.051366508 
949 335 9 11 0.04574734 
887 305 7 8 0.04514172 
942 312 7 9 0.044641796 
516 429 148 214 0.042584565 
934 286 8 9 0.04252516 
993 208 7 8 0.040598053 
992 288 8 11 0.03979105 
985 270 8 10 0.03966704 
990 184 9 10 0.039339617 
1010 264 7 10 0.035600416 
1009 191 9 11 0.03531131 
989 270 8 9 0.034797944 
999 288 7 9 0.034415346 
926 383 15 21 0.033892438 
921 302 8 9 0.033397958 
897 293 7 10 0.03338652 
968 289 7 9 0.03248077 
970 239 8 9 0.032232724 
928 313 7 9 0.03220153 
1001 240 8 9 0.03202547 
996 468 26 39 0.031529233 
897 289 8 9 0.030686649 
912 297 8 9 0.03055106 
968 264 7 9 0.030518927 
977 319 7 9 0.030322863 
1000 207 7 9 0.028524272 
954 310 8 9 0.028369054 
960 328 6 9 0.028063992 
999 458 14 20 0.028058022 
903 326 7 8 0.028034844 
968 225 7 9 0.027855968 
920 296 8 9 0.027773133 
918 313 8 9 0.02732302 
1013 454 10 17 0.02715977 
1006 208 8 9 0.026968202 
905 304 7 9 0.026961604 
975 248 7 8 0.026929466 
950 288 8 10 0.02664033 
974 487 24 37 0.026432384 
991 224 8 11 0.026239848 
986 231 7 8 0.026097132 
972 493 39 65 0.025900824 
936 296 8 9 0.025838647 
986 239 8 9 0.025642855 
994 280 6 8 0.025510212 
898 311 7 9 0.025393184 
993 199 7 9 0.02506958 
991 254 7 9 0.02501462 
926 302 8 10 0.024962468 
951 237 9 10 0.0248281 
1002 271 7 9 0.02479432 
969 231 8 9 0.024662929 
985 224 7 9 0.02453783 
1001 279 7 10 0.024525767 
944 295 8 9 0.024500877 
952 207 7 9 0.024315549 
385 349 443 438 0.024144359 
973 233 8 9 0.023931524 
904 319 7 11 0.023908794 
889 336 8 10 0.023884295 
983 207 7 9 0.023765631 
998 223 8 9 0.023346571 
967 311 8 9 0.023153162 
975 202 8 9 0.02308009 
927 268 9 10 0.02303898 
1014 196 8 11 0.023012057 
977 280 8 9 0.022483615 
951 263 8 9 0.022278331 
1008 270 7 10 0.02217628 
905 271 8 10 0.021958616 
928 297 6 8 0.02194873 
1008 231 7 10 0.02193267 
975 264 8 10 0.021824708 
-27 575 176 285 0.021804424 
1008 182 8 10 0.021736275 
1006 213 8 9 0.02173607 
1008 254 7 10 0.021705497 
985 292 8 10 0.021546204 
911 336 8 10 0.021487644 
928 247 8 9 0.021393776 
821 293 9 10 0.021148404 
984 200 7 9 0.02091992 
1002 311 8 10 0.020846501 
926 331 10 11 0.020640971 
336 128 65 65 0.020524198 
1002 246 6 8 0.020517472 
983 305 8 9 0.020258665 
968 329 7 8 0.02022999 
1001 263 7 10 0.02016942 
1008 278 8 11 0.020142015 
918 279 8 9 0.020079844 
983 288 9 10 0.020051014 
896 319 9 10 0.02005033 
