28_Sports_Fan_Sports_Fan_28_880
33
420 81 159 237 0.9884173 
400 626 18 20 0.2224517 
389 661 12 15 0.108249255 
437 671 23 29 0.093857765 
380 635 15 21 0.08738754 
385 630 22 27 0.08470637 
861 488 30 36 0.08046491 
443 685 16 20 0.06748137 
174 457 55 63 0.051645476 
660 664 59 66 0.05120547 
400 637 24 28 0.05102439 
551 476 53 65 0.050093994 
249 473 29 39 0.049654823 
342 659 14 17 0.04452474 
688 680 31 33 0.043440577 
367 696 30 35 0.03991222 
343 679 15 17 0.037285812 
192 478 479 516 0.03687913 
724 712 17 20 0.036155883 
357 631 14 16 0.035189606 
432 654 40 50 0.03311183 
407 643 26 31 0.03169447 
382 630 13 16 0.028131008 
365 632 12 15 0.02712392 
638 677 26 28 0.02649274 
390 620 23 28 0.023171602 
453 663 45 58 0.022898 
374 631 12 15 0.02198095 
396 641 16 18 0.021914363 
350 633 15 17 0.021725483 
326 444 13 17 0.021270717 
306 642 14 16 0.020273706 
1006 563 15 21 0.020210009 
