28_Sports_Fan_Sports_Fan_28_866
23
453 128 109 157 0.99990225 
861 123 16 20 0.26699355 
117 386 44 53 0.2660985 
863 387 29 32 0.19492315 
242 199 486 478 0.08158922 
973 335 34 34 0.068269975 
876 237 56 77 0.033824317 
899 156 23 28 0.032580517 
858 128 22 27 0.032111526 
885 393 15 20 0.029096065 
749 538 25 31 0.027569273 
850 179 42 51 0.02727025 
883 194 16 19 0.02517752 
859 176 26 28 0.024646891 
853 126 17 22 0.02436004 
866 191 20 22 0.023019513 
951 420 42 51 0.02200294 
869 117 23 30 0.021964712 
892 195 14 18 0.02186989 
867 136 16 21 0.02169169 
868 146 14 17 0.02131086 
1 348 10 14 0.020866828 
879 114 25 31 0.020117769 
