28_Sports_Fan_Sports_Fan_28_2
258
624 219 149 181 0.9995148 
215 340 119 129 0.9966581 
968 510 26 27 0.40676206 
109 311 11 13 0.3863581 
17 288 8 10 0.33622327 
76 319 8 11 0.2629177 
134 291 9 11 0.24920672 
57 334 9 11 0.23164234 
94 324 8 10 0.2285245 
106 310 9 12 0.19122893 
87 271 9 11 0.1564257 
97 357 9 12 0.14042707 
24 278 7 10 0.1158932 
110 286 8 10 0.1083118 
414 361 8 10 0.1076276 
97 288 7 9 0.10424555 
126 328 8 10 0.1041314 
446 390 8 9 0.10360714 
9 263 8 11 0.1035779 
122 301 8 9 0.10198243 
6 303 8 10 0.09617927 
110 280 7 10 0.09415433 
21 286 9 11 0.09286991 
122 296 7 9 0.090162694 
57 329 8 10 0.09006472 
47 271 8 10 0.090045504 
13 269 8 11 0.08956583 
29 333 12 14 0.08818613 
526 437 12 15 0.08781389 
416 407 10 13 0.08457608 
148 393 46 61 0.08358723 
128 331 9 11 0.082498975 
127 295 8 10 0.075498305 
103 287 8 10 0.074815944 
121 326 8 10 0.07147856 
495 428 10 12 0.07061635 
126 302 7 9 0.070583336 
7 310 8 11 0.06827422 
80 336 7 10 0.06568241 
1012 468 9 15 0.06544214 
103 304 8 9 0.06446567 
14 264 8 10 0.063764535 
63 310 7 9 0.063152574 
963 488 33 38 0.06267691 
530 400 7 10 0.06254203 
956 499 50 53 0.062196687 
455 399 8 9 0.06161846 
480 374 7 9 0.06128438 
110 305 8 10 0.061161198 
476 428 9 11 0.06074869 
413 398 9 11 0.060378127 
472 399 9 12 0.06027376 
38 278 8 10 0.05783374 
74 324 8 10 0.057812568 
447 400 8 9 0.057704084 
2 316 8 12 0.057143442 
61 304 8 10 0.056753475 
105 280 8 9 0.056746945 
145 301 9 13 0.056550402 
74 293 8 11 0.055259213 
536 398 8 11 0.05460803 
57 304 8 10 0.053922035 
89 321 9 11 0.053569343 
489 439 10 14 0.05350581 
19 374 10 12 0.053024467 
502 429 9 11 0.051627625 
87 336 8 9 0.05161945 
64 279 7 9 0.05123335 
129 287 8 10 0.05102771 
141 308 10 15 0.050758213 
138 311 8 11 0.050299004 
81 272 8 10 0.049997102 
32 277 8 10 0.04977072 
88 288 7 9 0.049465217 
424 389 8 10 0.049266122 
2 300 8 11 0.047677536 
462 399 8 10 0.04688807 
6 257 8 9 0.046588887 
292 136 417 489 0.046104144 
441 399 8 9 0.046052147 
111 349 9 10 0.04601822 
920 73 14 16 0.045163333 
479 345 7 8 0.045081254 
2 261 8 11 0.0445715 
38 334 8 12 0.04453919 
6 317 8 11 0.044337347 
1 255 8 11 0.04377657 
119 272 8 9 0.043560714 
576 356 382 410 0.043295056 
118 343 9 9 0.043132126 
8 287 8 9 0.042183686 
497 392 7 10 0.042082805 
413 391 8 10 0.041605957 
116 318 10 11 0.04133836 
46 321 7 9 0.041126978 
8 324 8 13 0.04078848 
73 287 7 9 0.04017308 
113 345 8 10 0.040076945 
465 366 8 9 0.03990387 
510 430 8 10 0.039489176 
120 278 8 9 0.039464764 
419 411 11 14 0.039295293 
471 423 11 13 0.03897837 
454 337 8 10 0.038854264 
1000 55 9 11 0.03872242 
494 444 11 13 0.03871777 
39 326 8 10 0.038664155 
95 263 8 9 0.038321618 
47 325 7 10 0.03830987 
48 334 8 11 0.037854355 
98 294 8 9 0.037339278 
79 288 7 9 0.037294503 
25 249 7 9 0.037165273 
61 326 8 11 0.0370023 
520 367 7 9 0.03638367 
81 253 8 10 0.03637467 
410 385 7 9 0.03635464 
410 359 8 11 0.03623096 
102 328 8 11 0.036059327 
6 294 9 12 0.035748888 
511 436 9 12 0.035747815 
468 441 13 19 0.03569176 
433 343 7 9 0.035653394 
24 272 8 10 0.035181165 
438 359 7 9 0.035159986 
102 353 9 11 0.034764864 
918 502 28 35 0.034665573 
71 334 8 11 0.034598693 
14 325 8 12 0.03449038 
453 431 23 34 0.03442312 
417 342 8 9 0.034243934 
493 436 11 14 0.034198076 
0 280 8 10 0.034060583 
443 392 7 9 0.03309786 
488 377 7 9 0.033031043 
47 294 7 9 0.03277488 
24 253 7 10 0.032757938 
446 385 8 10 0.032568265 
415 384 7 9 0.0317835 
63 319 7 9 0.031727962 
505 375 8 9 0.031611927 
32 272 8 10 0.031607702 
131 332 10 13 0.031419918 
31 286 9 10 0.031352956 
528 357 7 10 0.03132113 
527 367 7 9 0.031008702 
127 279 7 9 0.030984426 
441 375 8 9 0.030653693 
46 253 9 10 0.030648096 
98 302 9 10 0.030376215 
433 359 8 9 0.030322233 
489 428 11 13 0.03026925 
61 339 10 12 0.030178618 
70 245 9 11 0.030072564 
112 292 8 10 0.029915793 
931 498 19 23 0.029904809 
6 341 10 12 0.029759543 
938 469 15 17 0.029588606 
1013 513 11 17 0.029407388 
42 321 7 10 0.029227253 
424 384 8 10 0.028892 
215 237 9 11 0.02889032 
40 272 8 10 0.028749522 
0 246 6 9 0.028302835 
487 398 8 9 0.028260663 
111 271 8 9 0.028129881 
12 318 9 12 0.028122522 
424 310 8 9 0.02793247 
38 287 8 9 0.027772848 
125 342 10 11 0.027736453 
511 383 7 9 0.0273759 
27 406 12 17 0.027200455 
432 400 8 9 0.027110815 
422 398 9 11 0.026996035 
990 463 11 13 0.026849225 
25 338 12 15 0.026845228 
489 360 7 8 0.026736604 
6 332 11 13 0.026545295 
120 334 8 10 0.02652681 
428 426 44 47 0.026440233 
16 279 8 10 0.02629263 
932 476 13 17 0.02615581 
438 328 7 9 0.02604487 
497 352 7 8 0.025971971 
918 477 26 34 0.025840465 
119 287 8 10 0.025685208 
450 337 8 10 0.02535078 
56 254 8 9 0.025306104 
16 247 7 8 0.025285263 
78 293 8 10 0.025269084 
545 361 7 8 0.025147589 
940 540 15 20 0.025053505 
26 239 8 8 0.025045285 
456 359 7 9 0.025029069 
0 349 9 13 0.024963595 
471 367 7 9 0.024951084 
934 482 85 91 0.024874223 
0 341 8 13 0.024835305 
109 125 12 13 0.024675151 
974 467 13 15 0.024652168 
955 479 26 33 0.024626983 
197 208 9 10 0.024434328 
513 451 12 16 0.024357667 
72 279 8 9 0.024180816 
472 392 7 9 0.024150807 
982 463 11 14 0.024047788 
518 442 14 17 0.023976948 
422 359 8 10 0.023836311 
496 398 7 9 0.023776237 
22 264 7 9 0.023761617 
127 310 8 10 0.02363066 
477 399 10 11 0.023397427 
206 238 9 10 0.023393372 
41 246 8 11 0.023387196 
496 359 7 9 0.023315247 
9 239 7 9 0.023265492 
446 167 7 9 0.023162784 
49 288 8 10 0.023145486 
120 367 11 12 0.02308851 
136 272 7 8 0.022653185 
125 350 10 13 0.022508958 
57 263 7 9 0.022489978 
955 513 30 34 0.02222549 
104 332 7 10 0.022207918 
111 263 8 10 0.022175739 
1 322 9 14 0.022159262 
430 391 7 8 0.022076702 
64 263 8 9 0.021936651 
939 500 13 17 0.021887626 
71 313 18 23 0.021874309 
529 352 8 10 0.02158499 
85 340 9 10 0.021561354 
118 312 9 11 0.021542644 
70 265 8 9 0.021536434 
645 187 23 26 0.02151479 
78 312 8 10 0.021428304 
48 265 7 9 0.021288417 
991 40 8 10 0.021201175 
73 271 8 10 0.021057297 
89 264 8 10 0.021014106 
522 376 7 9 0.020955076 
527 415 8 10 0.020811154 
47 309 9 11 0.020795146 
104 262 8 10 0.020790279 
488 380 7 10 0.020739298 
513 359 6 9 0.020727588 
362 372 25 33 0.020727148 
7 279 8 10 0.020561736 
496 406 8 9 0.020538155 
95 279 8 9 0.02045572 
14 331 9 14 0.02045267 
71 340 8 11 0.02039078 
442 383 8 10 0.02038379 
95 332 8 10 0.020357039 
438 352 8 9 0.020240067 
477 437 10 14 0.02015721 
986 45 8 10 0.020088611 
503 352 7 9 0.020074913 
