28_Sports_Fan_Sports_Fan_28_267
152
352 224 19 24 0.9686493 
626 281 20 22 0.9366971 
358 256 19 21 0.9347852 
346 325 20 27 0.92595565 
633 343 19 24 0.9255339 
502 342 21 27 0.91345996 
420 243 18 20 0.90668285 
634 197 19 22 0.9020956 
405 203 16 20 0.82546586 
327 275 17 19 0.78653824 
668 255 16 21 0.73439664 
562 370 14 17 0.58168185 
443 224 17 24 0.53638303 
310 215 19 25 0.49280784 
597 403 15 19 0.4882025 
289 261 17 20 0.47291148 
467 47 56 52 0.44106445 
682 240 14 18 0.4348912 
339 197 13 16 0.4221829 
469 205 14 18 0.38864365 
406 303 27 32 0.3376688 
664 200 22 29 0.32184005 
504 325 17 18 0.1498961 
590 279 12 15 0.13719098 
598 275 12 15 0.13380344 
461 201 16 19 0.13379568 
605 309 20 25 0.1250959 
552 699 9 12 0.078843564 
114 605 17 21 0.076999255 
426 252 17 22 0.07679702 
297 265 13 15 0.0702788 
822 613 11 13 0.06982916 
346 196 13 16 0.06743931 
476 335 22 26 0.06589642 
529 205 16 18 0.061788578 
762 615 8 10 0.060471866 
442 709 10 12 0.05999833 
416 287 27 33 0.056271248 
388 230 10 14 0.056065053 
454 690 10 13 0.055597022 
586 251 13 17 0.05515428 
364 212 14 18 0.053677667 
943 109 9 12 0.05241123 
622 328 15 19 0.05168646 
355 213 15 18 0.051461358 
410 197 17 21 0.050120886 
405 306 17 22 0.04965336 
574 307 14 19 0.049406406 
697 711 9 12 0.04777692 
584 703 9 12 0.04548724 
441 387 16 20 0.045302913 
492 197 17 19 0.044262793 
498 202 15 17 0.042914934 
456 201 14 17 0.042543955 
487 337 22 27 0.042333577 
659 293 14 18 0.041890066 
282 607 10 13 0.040757068 
445 237 13 19 0.040190917 
599 237 11 16 0.039244 
424 306 18 21 0.039076444 
413 388 30 33 0.038747333 
636 226 12 16 0.038510203 
547 199 17 21 0.038435433 
348 201 15 18 0.03807321 
617 315 16 18 0.03782897 
317 210 20 27 0.037611328 
445 704 9 13 0.036440402 
494 239 11 13 0.036295284 
316 706 13 17 0.03608641 
418 309 28 31 0.03575922 
480 283 12 16 0.03539368 
448 687 10 13 0.03532779 
584 243 13 17 0.03505096 
674 263 14 20 0.034967672 
587 229 12 15 0.03468261 
417 300 18 24 0.034361284 
457 210 24 29 0.034263685 
448 219 17 22 0.03325075 
543 292 11 14 0.03298124 
639 699 13 16 0.032469377 
332 211 15 19 0.031992987 
997 574 9 12 0.031966895 
884 176 29 34 0.031955123 
604 252 11 15 0.031788222 
587 235 13 18 0.031530086 
736 705 7 9 0.03129707 
569 370 14 18 0.031226214 
496 669 11 13 0.031022884 
482 300 14 16 0.030644594 
647 197 22 28 0.030242221 
513 666 11 13 0.03003073 
584 281 15 18 0.028938726 
596 357 11 16 0.028897462 
623 204 13 16 0.028595876 
709 550 17 21 0.028405458 
404 291 15 18 0.02834838 
475 294 25 28 0.02801331 
568 707 10 12 0.027850658 
317 694 12 14 0.02713235 
485 201 15 18 0.027060725 
402 290 26 35 0.026963705 
429 236 19 26 0.026866551 
803 694 14 18 0.026517786 
581 257 15 18 0.026234308 
621 297 16 19 0.025842624 
549 275 11 15 0.025710428 
684 268 12 17 0.025598338 
639 190 24 29 0.025387775 
370 271 510 487 0.024960263 
549 610 13 14 0.02494568 
587 261 21 26 0.024768507 
383 233 13 16 0.024464171 
644 266 15 20 0.02421724 
293 599 10 13 0.024157392 
581 370 13 17 0.023907907 
669 394 12 15 0.023838134 
550 365 11 16 0.023419837 
517 699 10 13 0.023313995 
502 687 10 12 0.02330793 
76 610 10 13 0.02326586 
579 238 22 29 0.02311075 
414 225 13 17 0.022938972 
574 702 10 13 0.022937132 
759 708 9 11 0.022891434 
605 202 14 18 0.022614513 
370 258 16 20 0.022477575 
211 701 11 13 0.022377197 
467 214 16 20 0.022232356 
468 234 12 14 0.021926425 
603 243 11 15 0.021872588 
580 225 22 26 0.02182314 
465 709 9 10 0.02167507 
478 270 10 12 0.02162926 
696 325 9 13 0.021389637 
483 290 14 18 0.021270558 
417 195 15 19 0.02123061 
620 306 15 18 0.021065962 
337 201 22 26 0.02090719 
582 220 14 16 0.020791654 
717 703 8 11 0.020759692 
190 545 19 21 0.02070646 
472 703 8 12 0.020703364 
432 314 18 23 0.020548055 
620 211 14 19 0.020544209 
581 266 12 15 0.020536678 
483 278 12 15 0.020492276 
539 343 15 19 0.0204724 
637 313 15 17 0.02045568 
533 740 11 14 0.020349666 
433 247 15 21 0.020327907 
497 718 9 12 0.020033594 
507 304 17 18 0.02001691 
