28_Sports_Fan_Sports_Fan_28_327
33
164 272 104 129 0.9996817 
827 183 90 109 0.99903584 
90 304 39 48 0.9976006 
88 241 41 52 0.99143934 
735 273 37 42 0.980166 
649 263 44 52 0.9570388 
-1 273 23 31 0.88150287 
980 127 43 71 0.85290265 
348 255 32 40 0.79181564 
345 77 88 167 0.748161 
998 272 27 57 0.73005 
953 246 23 33 0.52044857 
475 684 226 278 0.44101238 
362 602 426 384 0.37601396 
953 259 36 54 0.25219542 
330 542 25 30 0.11947622 
363 321 373 511 0.07432203 
770 281 33 38 0.069319494 
967 291 32 47 0.066970676 
319 588 10 11 0.04960096 
315 612 58 64 0.04115622 
-1 309 11 17 0.03742531 
754 282 35 39 0.036208153 
3 281 27 33 0.033277214 
331 22 182 250 0.03313159 
464 426 44 51 0.023927208 
324 279 23 29 0.02236151 
531 359 15 19 0.0221801 
604 392 14 16 0.022028465 
15 284 26 29 0.021587951 
642 430 9 11 0.021254152 
780 274 39 52 0.020718375 
722 275 32 39 0.020052401 
