28_Sports_Fan_Sports_Fan_28_487
218
824 493 36 50 0.99921083 
668 156 33 40 0.9990361 
161 144 36 42 0.9989643 
796 0 35 36 0.9987072 
910 449 37 47 0.998594 
132 446 33 43 0.9985814 
674 275 36 44 0.99849 
329 63 34 42 0.9982722 
971 284 33 42 0.99819154 
622 95 30 38 0.99805874 
339 556 34 35 0.99787843 
938 146 35 40 0.9978696 
570 341 34 44 0.99766695 
512 435 36 44 0.99757713 
109 265 36 46 0.9974848 
617 318 32 37 0.99748033 
991 103 32 43 0.99744475 
713 106 32 39 0.9973435 
558 243 29 37 0.9972735 
549 506 36 40 0.9971283 
674 8 32 37 0.99690056 
668 78 32 43 0.99612266 
416 259 33 43 0.9961164 
884 307 37 43 0.9953485 
963 482 39 52 0.99481285 
430 67 28 34 0.9945015 
554 567 38 43 0.9939247 
915 529 41 50 0.99326706 
603 181 37 47 0.9931753 
784 78 35 43 0.99286807 
211 108 33 41 0.9927604 
708 322 40 48 0.9923923 
163 2 25 32 0.99207157 
406 583 40 48 0.99204046 
873 165 35 40 0.99143034 
956 353 38 42 0.990642 
733 283 35 46 0.98945355 
818 276 39 48 0.989303 
858 422 40 48 0.9888243 
460 509 42 52 0.9884496 
464 205 37 45 0.9876453 
859 241 35 39 0.98743814 
993 335 29 43 0.9870265 
798 401 33 44 0.98557645 
454 285 39 46 0.98500395 
598 440 31 36 0.98232657 
726 590 34 42 0.9798784 
47 445 39 52 0.979871 
787 217 37 43 0.9782431 
751 562 31 39 0.97814935 
469 35 31 40 0.97276545 
665 493 39 52 0.9713354 
957 210 37 42 0.97063893 
158 272 34 41 0.96568966 
56 382 39 51 0.9638461 
424 194 30 37 0.96306396 
345 0 32 35 0.96007353 
483 257 32 35 0.9596574 
15 221 30 36 0.94521815 
593 386 35 38 0.9442104 
821 562 40 50 0.9432953 
407 29 30 35 0.94320023 
735 240 39 42 0.9348912 
603 1 29 30 0.9313767 
146 229 26 31 0.92562574 
207 15 23 30 0.92069006 
220 194 35 39 0.9184498 
619 532 38 46 0.9156126 
261 553 42 59 0.915481 
489 376 41 52 0.91214913 
1 461 33 49 0.9000234 
0 341 21 35 0.8338187 
1003 416 23 47 0.80847085 
187 390 33 39 0.80298465 
428 472 42 48 0.7861774 
546 12 26 33 0.749604 
40 97 31 42 0.72776234 
147 28 17 24 0.7096867 
754 0 32 28 0.69796133 
199 309 33 38 0.67609817 
840 352 33 40 0.65064496 
771 195 27 32 0.64123994 
350 478 26 32 0.6158018 
169 500 42 48 0.6155924 
517 233 27 34 0.51675224 
50 108 32 43 0.44714236 
795 170 28 32 0.24586605 
845 -1 29 25 0.22190247 
891 2 35 24 0.20753764 
32 83 30 35 0.20424944 
696 455 34 44 0.201094 
213 475 39 45 0.16165377 
735 259 32 42 0.13377008 
722 298 40 52 0.12408675 
62 119 28 35 0.11311643 
50 1 23 29 0.10921518 
476 -2 25 18 0.10263078 
400 470 25 31 0.09516309 
140 392 26 33 0.088707134 
4 407 29 42 0.08737609 
334 505 16 20 0.08322182 
805 222 27 35 0.08264713 
23 447 40 53 0.0814139 
93 103 26 32 0.078318015 
366 488 24 29 0.0762248 
606 480 26 30 0.07350977 
897 272 24 26 0.070590526 
677 402 27 35 0.069476485 
114 138 16 22 0.065413 
230 486 31 35 0.062735915 
842 336 29 37 0.060024604 
977 95 27 38 0.05955558 
750 252 32 40 0.05812594 
916 428 27 29 0.05696725 
1001 221 22 33 0.05467761 
410 479 16 20 0.05360138 
408 453 53 64 0.05213878 
623 406 29 34 0.051120516 
739 570 29 34 0.05028732 
44 78 32 39 0.049278792 
100 103 14 18 0.046492685 
421 49 28 36 0.046083998 
388 2 26 28 0.04595414 
100 -2 26 23 0.045403436 
348 122 31 34 0.044858973 
406 516 16 20 0.0437984 
22 207 31 41 0.04354197 
48 82 20 23 0.04212423 
620 429 29 34 0.04182976 
67 197 26 32 0.039929252 
336 494 24 29 0.03913699 
199 404 20 24 0.03821902 
836 14 42 43 0.037597314 
133 233 40 49 0.0369876 
682 351 26 34 0.03661863 
16 74 39 50 0.03550133 
599 399 33 39 0.03533559 
419 479 30 35 0.03501241 
451 126 25 37 0.034469258 
830 262 41 53 0.03411023 
796 570 25 35 0.034031402 
689 399 28 34 0.034009308 
147 55 18 24 0.033803534 
653 458 14 18 0.033644345 
806 568 32 40 0.03355811 
593 420 29 32 0.033091754 
595 526 23 29 0.032714695 
656 76 30 40 0.03181281 
508 241 35 45 0.031054989 
177 518 37 47 0.030965706 
-1 423 32 42 0.030154621 
124 269 36 46 0.029482853 
791 230 39 50 0.029271182 
648 504 40 51 0.028641071 
348 490 20 27 0.028438699 
614 398 29 34 0.028309613 
398 0 29 29 0.028303452 
362 128 29 29 0.027833698 
780 180 31 36 0.027411563 
607 394 22 23 0.027397718 
610 417 31 37 0.026855633 
249 498 16 20 0.026726598 
411 507 17 22 0.026601046 
147 515 30 39 0.026521917 
385 462 31 38 0.02646056 
257 391 24 33 0.02638697 
758 241 29 35 0.02638389 
47 129 27 38 0.026247526 
441 558 25 33 0.025911756 
446 17 24 30 0.025900848 
412 471 28 33 0.02561355 
635 415 26 32 0.025557227 
157 511 45 55 0.025220176 
463 138 27 38 0.025145005 
203 491 37 39 0.025091788 
992 424 26 35 0.024694955 
14 400 42 52 0.024544267 
341 7 21 24 0.024480997 
466 266 41 53 0.024146168 
627 519 33 41 0.024051147 
1001 322 24 30 0.024010628 
76 115 26 36 0.023742111 
671 412 26 37 0.023729566 
803 323 25 30 0.023625573 
607 516 42 51 0.023539284 
176 262 23 33 0.023092948 
422 33 19 23 0.023051804 
770 4 33 33 0.02293703 
35 199 26 34 0.022622358 
409 3 28 31 0.02261703 
793 197 32 40 0.022578923 
90 1 19 20 0.022460707 
527 235 31 39 0.022372808 
191 501 36 39 0.022345131 
-2 434 41 57 0.022336673 
207 293 35 47 0.02211852 
440 481 44 56 0.021995671 
558 17 20 24 0.021982646 
8 46 24 28 0.021951325 
417 477 16 20 0.021945018 
151 147 30 36 0.02191618 
684 465 28 33 0.02181939 
770 230 26 35 0.021738712 
38 108 17 25 0.021667434 
403 36 21 26 0.02163651 
92 119 17 24 0.021633744 
891 280 29 33 0.021394247 
730 579 28 34 0.021315975 
251 438 29 38 0.021098116 
77 96 38 49 0.020937504 
512 61 37 54 0.020719003 
43 77 18 21 0.020695182 
537 336 27 33 0.020309808 
146 384 17 20 0.02024282 
201 334 31 34 0.02023379 
168 405 24 28 0.020194704 
541 232 37 46 0.02017038 
390 451 46 56 0.020037532 
