28_Sports_Fan_Sports_Fan_28_244
84
892 313 24 30 0.8856411 
952 289 30 36 0.5980037 
53 204 22 26 0.3269656 
930 276 25 31 0.32515982 
592 83 46 59 0.3233721 
64 242 18 21 0.20054111 
331 66 35 50 0.1979964 
155 119 28 36 0.18846636 
932 8 21 28 0.18177356 
688 337 30 40 0.17884812 
240 212 57 81 0.13354102 
738 0 30 27 0.12029442 
662 296 46 77 0.10806059 
940 278 30 37 0.10013796 
152 440 16 23 0.09553916 
226 126 46 57 0.09153933 
926 50 25 32 0.09076358 
1 152 19 32 0.09072974 
879 270 23 28 0.086600654 
793 259 32 40 0.077936135 
338 51 57 77 0.069327414 
60 148 17 21 0.066903256 
385 72 46 73 0.0621029 
362 349 30 39 0.06199913 
0 230 19 29 0.06158224 
20 269 16 21 0.06022376 
180 207 41 51 0.05933245 
969 293 29 34 0.05874636 
974 16 15 20 0.05752848 
100 104 21 29 0.057500593 
258 134 49 70 0.056570157 
810 20 27 32 0.054577965 
409 335 18 22 0.052347004 
116 278 16 21 0.051427905 
1010 233 13 20 0.049575325 
962 78 16 21 0.049151015 
205 90 54 61 0.04796032 
137 252 18 25 0.04663994 
20 329 16 21 0.044193875 
644 274 52 78 0.044183318 
223 157 53 69 0.042434305 
754 0 34 34 0.04228494 
823 270 14 17 0.04152497 
44 26 24 30 0.03861811 
762 12 29 35 0.038243823 
205 158 40 42 0.037884064 
255 174 61 85 0.037589982 
1011 376 13 24 0.03736571 
410 403 45 50 0.036073647 
20 81 22 27 0.035729505 
867 252 16 20 0.034156617 
227 432 15 19 0.032347508 
674 327 48 66 0.03217233 
211 137 40 46 0.03035156 
861 256 31 35 0.02885042 
370 357 18 23 0.028642586 
269 329 477 444 0.02859544 
861 270 40 47 0.027878586 
1004 -1 17 17 0.02756296 
882 6 24 28 0.027505891 
690 0 30 24 0.027167944 
925 283 19 24 0.026952336 
230 178 53 85 0.02682629 
881 315 38 47 0.02662683 
525 12 27 33 0.025871575 
985 299 17 22 0.02564772 
433 525 30 44 0.025491882 
766 324 23 30 0.025425015 
217 429 24 35 0.024339076 
585 547 29 36 0.024295283 
851 152 17 21 0.023574473 
355 110 55 74 0.023459783 
204 99 76 92 0.023005728 
0 145 11 21 0.022994963 
395 113 43 51 0.022793122 
1001 87 24 37 0.02200412 
325 83 52 76 0.021951389 
871 98 29 36 0.02189828 
355 78 49 67 0.021610552 
52 245 24 26 0.02159226 
581 116 35 42 0.02120507 
108 211 25 34 0.021053856 
430 412 27 33 0.020834386 
20 65 25 30 0.020660516 
