28_Sports_Fan_Sports_Fan_28_835
21
237 311 159 203 0.9989704 
649 359 146 197 0.99882513 
80 516 251 327 0.22277297 
196 575 52 59 0.104738384 
784 38 13 17 0.09444949 
838 44 14 17 0.081007116 
-88 432 417 486 0.070046924 
244 601 49 50 0.054667838 
599 1036 415 535 0.04905486 
380 634 23 30 0.04085491 
273 0 413 476 0.04077525 
861 22 9 11 0.040708844 
894 42 16 18 0.03721293 
679 896 32 38 0.029098906 
215 585 53 57 0.028115489 
703 159 55 60 0.025803816 
834 714 142 156 0.025504429 
364 27 16 22 0.025452288 
831 43 13 18 0.022606283 
890 19 15 16 0.02229503 
763 536 216 248 0.02011667 
