25_Soldier_Patrol_Soldier_Patrol_25_18
55
226 38 56 63 0.99664694 
830 410 13 17 0.9944983 
754 392 17 21 0.9312398 
506 375 16 18 0.66035914 
589 437 9 11 0.47836253 
787 449 13 19 0.4285277 
903 439 15 20 0.31504512 
642 393 15 17 0.21499269 
860 444 10 11 0.13405673 
487 430 29 33 0.0951654 
898 431 10 13 0.08950032 
823 434 11 12 0.08477688 
907 445 15 20 0.0751692 
609 433 7 9 0.060250837 
485 417 17 22 0.060089048 
305 296 32 42 0.05989639 
147 307 51 51 0.05417307 
858 439 9 13 0.052000392 
587 431 9 12 0.051523156 
682 422 10 13 0.045500956 
887 499 29 36 0.0451896 
861 455 10 12 0.04394869 
915 436 12 16 0.04303115 
827 435 13 15 0.041436095 
203 269 19 22 0.03630594 
654 413 13 16 0.035982247 
227 192 26 27 0.034251463 
498 373 19 26 0.032628175 
805 501 11 13 0.032516986 
908 431 14 16 0.03243274 
589 442 10 12 0.03238901 
836 436 14 17 0.03125495 
886 470 11 11 0.030630255 
197 269 33 35 0.029098341 
509 368 12 14 0.028643856 
947 471 10 13 0.027049035 
809 453 10 13 0.025450787 
208 260 18 25 0.025408892 
245 99 36 37 0.02525955 
512 372 14 18 0.025218371 
782 427 13 16 0.024958368 
856 460 11 14 0.02409755 
781 453 15 18 0.023763863 
660 419 12 13 0.023615254 
530 404 13 15 0.023384515 
780 420 13 16 0.02312424 
1012 533 9 12 0.022570523 
843 435 12 15 0.02241434 
650 404 14 16 0.02170084 
897 428 19 23 0.021608708 
735 452 10 14 0.021466259 
127 337 39 40 0.021158585 
734 479 8 11 0.020971386 
774 417 12 15 0.020693915 
744 393 14 19 0.020671563 
