25_Soldier_Patrol_Soldier_Patrol_25_374
29
228 282 47 60 0.9990625 
51 287 51 68 0.99900407 
494 77 45 59 0.9919361 
374 288 31 39 0.4089748 
913 247 67 79 0.21140566 
811 314 16 20 0.068769574 
717 371 26 32 0.066026464 
917 665 24 30 0.06516771 
921 293 55 64 0.06005567 
461 103 14 19 0.044830605 
694 363 46 52 0.043960784 
747 346 16 18 0.041234624 
445 107 12 15 0.039821703 
558 195 15 20 0.038264718 
892 250 57 72 0.032784253 
353 156 62 53 0.03096241 
771 311 28 32 0.02737885 
285 688 24 26 0.02678577 
920 322 43 42 0.026579978 
12 683 11 14 0.026325462 
742 701 29 32 0.02604793 
146 486 26 31 0.024748538 
651 270 179 233 0.023997 
756 379 16 20 0.02395346 
454 104 15 19 0.022585716 
377 214 18 19 0.022584556 
221 105 53 51 0.022000888 
339 345 15 19 0.020681605 
788 316 27 32 0.020491928 
