25_Soldier_Patrol_Soldier_Patrol_25_436
86
522 51 25 29 0.4391455 
361 115 48 57 0.41693646 
650 186 25 29 0.1549574 
855 156 39 47 0.12314454 
688 149 27 36 0.11018293 
252 238 14 19 0.10642221 
515 29 15 18 0.09724718 
446 372 53 63 0.09167084 
505 39 45 50 0.08037762 
362 81 47 61 0.07887144 
246 212 15 18 0.07493356 
251 226 14 18 0.07422089 
260 215 15 20 0.07083534 
357 124 34 35 0.06886955 
246 233 15 20 0.06806806 
292 144 16 20 0.06564448 
253 214 16 21 0.06026022 
553 213 61 65 0.05963319 
615 167 27 32 0.05577045 
939 50 65 92 0.055155385 
161 37 11 14 0.05400303 
529 16 30 32 0.051864807 
432 393 70 70 0.050452888 
232 229 9 12 0.050452583 
64 71 39 48 0.050376806 
356 190 41 40 0.049961194 
237 217 12 16 0.047471296 
289 147 24 32 0.04390663 
243 221 23 30 0.041345615 
233 220 10 13 0.037824966 
129 241 22 32 0.037438292 
848 110 33 40 0.03621591 
970 309 51 93 0.035679746 
636 170 44 48 0.034777593 
353 105 88 93 0.034050636 
261 241 12 16 0.03365823 
414 399 122 128 0.03357417 
357 166 57 56 0.03343963 
286 248 15 19 0.033028286 
518 22 26 30 0.032768633 
268 212 14 20 0.032096043 
231 238 10 12 0.031381167 
199 156 13 16 0.03109432 
236 211 21 27 0.030797958 
223 238 9 11 0.03071121 
891 74 16 21 0.030436747 
290 160 25 32 0.029923772 
312 177 14 19 0.029688772 
496 158 31 34 0.02916345 
140 61 14 17 0.028724153 
827 173 36 47 0.027904091 
348 170 36 40 0.027836654 
570 197 55 64 0.027787428 
538 18 18 20 0.026132964 
741 24 31 37 0.025546178 
509 29 24 31 0.02549802 
383 116 36 45 0.025311965 
638 -1 50 37 0.024296544 
150 47 10 12 0.02423616 
104 14 9 13 0.023801828 
535 58 16 18 0.023701098 
187 266 13 16 0.023375398 
838 149 13 17 0.023348328 
214 226 14 17 0.023318145 
194 124 14 16 0.023073297 
378 75 33 43 0.022949759 
903 64 34 37 0.022882529 
308 133 12 15 0.022766983 
1 363 155 121 0.02232592 
239 235 12 16 0.022266038 
118 26 11 12 0.022172652 
694 144 16 22 0.021882951 
496 12 96 107 0.021618284 
265 141 10 13 0.021429965 
870 75 29 31 0.021373816 
308 167 23 33 0.021234723 
841 162 38 49 0.021234578 
600 -37 208 204 0.020922188 
115 10 17 19 0.020810027 
430 371 37 43 0.020791369 
104 47 9 9 0.02077529 
497 143 31 32 0.020724786 
84 28 11 14 0.020551132 
160 70 10 13 0.020493932 
199 141 9 11 0.020447267 
94 4 11 13 0.020306274 
