25_Soldier_Patrol_Soldier_Patrol_25_882
19
801 499 133 109 0.8532815 
802 521 38 40 0.087722756 
215 209 15 20 0.07408592 
730 514 15 20 0.05570574 
-21 2 154 238 0.0517354 
522 483 93 109 0.03513379 
404 527 68 61 0.0333231 
679 464 27 29 0.02933624 
407 499 97 109 0.027056057 
726 146 12 16 0.026782008 
795 520 83 71 0.025598388 
903 518 8 12 0.024435887 
812 510 14 14 0.02235561 
776 517 23 34 0.021535609 
829 486 13 16 0.021183655 
855 516 72 69 0.02104041 
899 531 31 37 0.02087289 
795 514 29 35 0.020636963 
786 385 206 257 0.020123502 
