25_Soldier_Patrol_Soldier_Patrol_25_174
132
110 32 29 37 0.9978599 
637 200 37 48 0.9911856 
394 162 34 38 0.97252876 
293 92 22 28 0.9619255 
371 82 24 28 0.93117136 
203 161 23 27 0.91948706 
341 139 24 33 0.45430094 
253 128 11 14 0.39489898 
338 104 15 18 0.3653202 
301 226 25 31 0.26316944 
146 180 24 27 0.15433934 
284 158 22 26 0.13495725 
247 101 11 13 0.13360912 
613 204 34 39 0.10364514 
552 267 12 16 0.10245126 
270 119 16 20 0.09471834 
165 130 11 15 0.08908054 
58 156 31 36 0.0884264 
250 131 17 22 0.085753895 
251 160 15 17 0.08561579 
345 104 16 19 0.08146849 
223 140 14 18 0.08068095 
164 161 13 16 0.077539034 
271 159 11 15 0.05476901 
688 249 24 29 0.053513285 
220 110 11 12 0.052534 
238 158 11 16 0.05169552 
215 161 19 24 0.049878784 
533 156 13 16 0.048892487 
307 182 16 21 0.048678823 
357 176 15 20 0.04852006 
102 152 25 27 0.048424363 
227 135 12 15 0.045983125 
553 295 27 34 0.04583928 
318 92 10 14 0.045667704 
262 197 24 30 0.044200905 
251 171 15 17 0.043130983 
3 272 13 15 0.041307095 
603 237 12 16 0.04117963 
613 328 27 29 0.03998008 
186 153 14 18 0.03973957 
317 150 13 18 0.03929385 
259 156 13 17 0.037622288 
255 85 10 12 0.0370755 
576 248 23 29 0.036987897 
296 177 43 48 0.036724113 
421 65 13 16 0.035991807 
253 120 19 25 0.035934377 
550 261 22 26 0.03568943 
324 159 15 21 0.03509529 
997 230 8 11 0.034789447 
237 118 9 12 0.0336722 
246 144 24 29 0.03323868 
341 256 18 19 0.032972183 
275 92 13 17 0.032954056 
174 146 14 18 0.03255793 
556 255 11 13 0.030944329 
356 89 13 18 0.030934535 
565 244 10 13 0.030397592 
317 157 16 20 0.030084228 
216 146 23 30 0.030008972 
226 95 9 11 0.029892847 
641 376 30 34 0.02953955 
176 129 24 29 0.029286228 
190 157 22 27 0.029082334 
101 65 440 510 0.028798293 
321 209 14 18 0.02862578 
154 174 15 17 0.028545462 
277 158 13 16 0.028343488 
60 162 16 19 0.02818087 
294 58 13 15 0.028142245 
243 167 23 29 0.028038848 
307 211 27 33 0.027917618 
564 250 13 18 0.027844222 
206 109 9 13 0.027808964 
401 178 22 24 0.027807144 
275 154 23 27 0.027295409 
206 86 10 12 0.026562799 
245 191 16 23 0.026435139 
508 207 11 13 0.026410274 
253 288 40 50 0.02627712 
235 156 23 29 0.026247798 
217 115 11 13 0.026228452 
170 154 16 18 0.025994154 
282 169 24 30 0.025809886 
502 175 9 13 0.025805494 
356 165 23 34 0.025759917 
435 233 19 21 0.025619501 
252 191 23 30 0.0255127 
339 94 16 20 0.025217041 
886 48 8 10 0.025130209 
373 99 18 22 0.025099471 
208 92 9 11 0.024792211 
600 232 21 27 0.024376608 
244 179 17 22 0.024027826 
172 106 16 22 0.023762075 
560 248 24 31 0.023581117 
613 220 28 36 0.023398317 
262 85 10 13 0.023358189 
999 1 11 10 0.023066076 
177 154 24 28 0.022906886 
180 147 16 20 0.02282029 
238 110 10 12 0.02280234 
72 210 12 16 0.02277282 
438 299 24 29 0.022666173 
248 80 9 12 0.022613047 
604 220 24 30 0.022609718 
663 370 12 15 0.022424322 
545 268 11 16 0.022288844 
342 215 14 19 0.022093603 
565 239 9 11 0.02198226 
348 91 16 19 0.021822784 
579 243 16 19 0.02177952 
772 77 11 15 0.021603543 
263 117 11 14 0.021542076 
334 72 11 14 0.021537619 
47 188 12 17 0.021312134 
618 214 20 23 0.021285772 
159 157 13 17 0.021236813 
846 77 10 12 0.021165201 
180 179 15 17 0.020925246 
292 183 26 33 0.020903986 
531 150 21 27 0.020857764 
385 87 15 20 0.02077758 
190 94 9 10 0.020708637 
272 98 13 16 0.020644398 
229 110 10 12 0.02058822 
223 102 10 12 0.020565692 
163 184 15 18 0.020413633 
39 167 37 49 0.020379089 
161 123 20 26 0.020255605 
253 93 11 14 0.020157134 
