25_Soldier_Patrol_Soldier_Patrol_25_1026
55
204 219 47 57 0.94475937 
636 130 11 15 0.8963914 
577 231 24 31 0.6669948 
530 135 15 20 0.46104684 
580 141 10 14 0.21110517 
656 310 12 14 0.12566404 
606 126 9 11 0.116367355 
419 246 16 20 0.0734273 
545 330 12 17 0.06306379 
576 144 11 14 0.05814567 
604 119 10 13 0.053509947 
583 137 10 12 0.048832476 
517 149 12 17 0.048177507 
601 123 11 14 0.04567886 
607 132 9 12 0.044931915 
879 441 17 18 0.04359756 
30 214 8 10 0.042668078 
411 234 24 36 0.042628437 
531 361 12 12 0.04164017 
202 191 57 57 0.041102488 
525 142 17 24 0.037349943 
633 154 23 29 0.03729952 
0 180 25 41 0.036623493 
588 141 10 12 0.036281187 
345 215 10 12 0.035549287 
589 135 9 11 0.03508342 
606 341 9 13 0.03388588 
653 302 20 25 0.03353682 
584 255 46 57 0.03005635 
352 238 9 12 0.030038089 
667 299 11 15 0.029927254 
644 156 15 19 0.02883423 
600 142 9 11 0.027618079 
762 191 7 9 0.02645978 
25 213 9 12 0.026114604 
1 388 10 14 0.02598459 
640 189 11 13 0.025583155 
600 133 10 12 0.024132393 
377 217 15 16 0.023794789 
606 139 10 13 0.023145584 
590 150 8 11 0.022597503 
0 250 9 15 0.0225179 
3 397 12 14 0.022300715 
591 116 10 13 0.021976678 
766 192 7 8 0.021629943 
39 213 8 10 0.021564947 
917 82 103 137 0.02137711 
273 182 97 134 0.020948676 
4 403 13 15 0.020917462 
538 138 12 17 0.020902716 
349 220 8 11 0.020621156 
606 112 9 12 0.020204486 
669 307 11 15 0.020168006 
15 319 106 137 0.020142073 
506 292 9 12 0.020074565 
