25_Soldier_Patrol_Soldier_Patrol_25_527
38
755 190 30 37 0.9995276 
330 197 49 64 0.99811757 
108 284 36 47 0.99604756 
863 152 46 59 0.99457705 
698 158 29 46 0.9885737 
509 269 25 27 0.98050964 
542 281 22 27 0.18664669 
443 193 483 492 0.09716792 
515 296 28 32 0.09637914 
726 370 15 18 0.055062942 
99 441 14 17 0.048299517 
547 276 16 19 0.045845743 
93 444 14 19 0.045597784 
665 148 39 59 0.041541234 
507 270 38 46 0.040475428 
529 301 15 20 0.038942967 
19 18 32 33 0.03750283 
644 145 44 63 0.036251254 
780 317 20 26 0.033941608 
95 422 10 12 0.033855233 
116 463 11 12 0.033214815 
552 288 15 18 0.032952573 
87 427 12 14 0.030204935 
538 429 16 21 0.028519714 
807 175 24 31 0.02808296 
705 153 18 28 0.027969431 
168 301 13 16 0.026298827 
64 276 47 65 0.026232561 
290 336 84 102 0.025880802 
690 145 31 44 0.023814566 
897 119 10 11 0.023524819 
794 176 25 32 0.023420626 
442 370 49 62 0.023357643 
102 406 12 15 0.023171742 
464 281 13 19 0.022906931 
800 139 220 266 0.02226546 
533 288 28 31 0.021240588 
119 435 13 17 0.02035438 
