25_Soldier_Patrol_Soldier_Patrol_25_440
44
559 70 61 75 0.9942496 
38 187 52 55 0.949126 
325 608 32 33 0.5923658 
335 598 29 36 0.23077969 
462 483 11 13 0.078033775 
871 84 9 11 0.065216094 
269 357 10 12 0.060702097 
310 613 55 48 0.05331893 
873 403 55 58 0.05257248 
390 219 10 12 0.050963923 
31 540 26 31 0.04846323 
458 507 18 20 0.04570769 
680 604 42 47 0.04267308 
24 152 79 95 0.040822744 
386 221 8 10 0.035323765 
322 619 24 24 0.034732386 
274 645 26 29 0.033736926 
435 546 13 15 0.03342349 
768 651 14 15 0.032083124 
878 86 7 10 0.030176355 
341 589 44 50 0.028541045 
890 77 10 12 0.028009325 
678 607 26 33 0.026716907 
401 230 9 11 0.02541762 
357 548 11 13 0.02494146 
362 558 25 29 0.024883438 
895 167 8 10 0.024471354 
152 284 30 35 0.024279913 
358 514 10 12 0.023959782 
431 231 10 11 0.02326442 
148 297 28 34 0.02319106 
345 223 7 9 0.023165066 
452 532 13 17 0.02278423 
362 223 7 9 0.022609852 
358 555 12 15 0.022529418 
293 597 12 17 0.022483261 
150 395 108 128 0.022303289 
283 690 30 31 0.0220232 
260 582 30 31 0.021424137 
284 607 15 20 0.021385416 
280 592 24 31 0.021370009 
373 558 13 15 0.02107018 
352 527 8 10 0.02069948 
666 161 160 229 0.020469563 
