25_Soldier_Patrol_Soldier_Patrol_25_469
66
913 168 66 77 0.9979773 
266 103 72 94 0.9965546 
609 184 50 62 0.974825 
401 327 30 38 0.47423694 
805 552 103 96 0.28613576 
644 245 44 56 0.2780327 
610 551 42 42 0.19033198 
755 204 14 19 0.12618962 
20 320 18 22 0.117766075 
747 644 24 30 0.10869061 
395 -3 34 40 0.104452565 
789 323 27 35 0.08617966 
355 462 62 70 0.08018354 
240 1 62 59 0.07388515 
526 300 21 27 0.07048744 
619 200 52 70 0.0673784 
686 294 34 42 0.064955086 
759 569 121 106 0.060096603 
443 533 49 61 0.057582967 
402 321 20 22 0.05468059 
460 258 26 32 0.05466444 
775 349 31 37 0.05249323 
727 317 41 50 0.043941453 
865 279 27 32 0.0425304 
721 682 28 29 0.042323545 
736 632 28 34 0.041965995 
51 334 17 20 0.041497648 
0 322 13 20 0.040822275 
835 279 23 33 0.03840303 
698 295 49 54 0.036907095 
620 561 54 55 0.036883775 
644 197 54 62 0.03618043 
722 2 15 16 0.035362046 
611 608 17 19 0.03397447 
51 345 16 20 0.033893604 
763 679 24 26 0.03366967 
719 1 12 11 0.033643536 
168 316 33 48 0.0322114 
756 599 70 65 0.030120678 
949 403 47 58 0.029799012 
318 470 61 65 0.029428434 
176 45 27 38 0.029060105 
719 596 122 111 0.028312853 
1 273 11 16 0.027460208 
845 585 38 38 0.02684198 
677 647 55 50 0.026108084 
868 85 22 33 0.025824817 
395 16 33 39 0.02529161 
722 623 30 33 0.025181253 
757 529 93 102 0.024890231 
35 315 21 27 0.024760768 
684 628 56 51 0.024616672 
325 477 30 39 0.02403971 
594 2 44 50 0.023611648 
750 541 49 55 0.023485601 
0 234 12 22 0.023474254 
693 672 15 18 0.02246466 
776 615 36 40 0.022398788 
699 272 33 40 0.021852905 
510 339 12 16 0.021835811 
935 348 31 35 0.021709364 
987 360 28 35 0.021297716 
0 224 12 20 0.021085773 
12 291 12 14 0.020631243 
680 664 29 34 0.020472236 
929 362 34 39 0.020168383 
