25_Soldier_Patrol_Soldier_Patrol_25_728
30
605 92 120 153 0.9995559 
164 281 14 19 0.10220675 
144 237 11 13 0.04293002 
102 271 506 506 0.036900077 
815 398 45 45 0.03637405 
165 227 11 13 0.032909535 
997 334 10 12 0.03254885 
101 495 15 18 0.032176055 
147 231 11 14 0.03190351 
1001 335 24 33 0.030135026 
269 499 12 14 0.029995266 
260 477 14 17 0.029632367 
311 383 16 22 0.029090043 
167 235 14 17 0.028711211 
431 346 14 15 0.028497433 
481 328 7 9 0.02782227 
197 510 10 12 0.027629474 
779 383 26 29 0.02656847 
278 492 12 15 0.025567038 
334 288 13 17 0.023958454 
318 360 14 18 0.02385686 
160 271 24 32 0.023828302 
518 271 11 12 0.023514543 
161 222 11 14 0.02286887 
282 485 14 16 0.02233431 
354 475 13 16 0.021333735 
159 277 15 19 0.021333415 
673 382 45 53 0.021095896 
256 526 10 12 0.020199442 
384 448 35 40 0.020004403 
