25_Soldier_Patrol_Soldier_Patrol_25_9
219
731 147 122 184 0.56508815 
247 341 15 18 0.33982906 
319 312 10 12 0.2788444 
353 334 12 15 0.23986831 
382 350 11 13 0.18864031 
254 356 13 16 0.16051859 
196 307 13 16 0.15919998 
152 304 27 28 0.14327604 
611 416 226 278 0.12472351 
191 316 11 13 0.10338752 
729 201 53 92 0.08972837 
212 315 13 18 0.08713622 
232 283 11 14 0.083622895 
314 309 10 13 0.081649914 
111 304 11 13 0.078741096 
159 663 8 9 0.06769808 
304 332 10 13 0.06764232 
174 673 8 9 0.065116525 
301 663 9 10 0.060725894 
549 379 381 433 0.058353685 
325 316 11 12 0.057049856 
574 406 52 68 0.056913763 
298 670 8 10 0.056372426 
571 145 130 123 0.055891544 
256 656 9 10 0.05582587 
297 655 9 10 0.055808343 
290 679 9 10 0.054840077 
172 309 13 15 0.051889107 
361 656 8 10 0.051767603 
506 646 9 9 0.050746415 
215 663 7 8 0.049867842 
273 677 8 10 0.048138194 
378 409 17 20 0.04788518 
699 183 100 145 0.04727108 
426 623 8 10 0.04557818 
149 680 9 9 0.045566525 
279 287 10 12 0.045413073 
633 137 155 170 0.045312338 
144 679 9 10 0.04502734 
159 681 8 9 0.043889444 
256 409 11 14 0.043572452 
152 308 14 17 0.043397818 
160 686 9 11 0.04259432 
398 352 10 12 0.0423569 
440 615 9 10 0.04228711 
368 656 8 10 0.041931905 
199 665 7 8 0.041852616 
260 687 8 11 0.041624445 
325 326 11 13 0.040630326 
103 302 12 14 0.040341545 
234 279 11 13 0.040170413 
209 656 8 9 0.039755266 
241 664 7 8 0.038723715 
240 648 8 9 0.038003337 
257 660 9 11 0.03742241 
192 664 6 8 0.03739629 
481 639 7 9 0.036987916 
490 648 8 9 0.03686189 
225 657 7 8 0.036663584 
142 663 10 11 0.03638939 
504 662 9 11 0.035971016 
375 639 8 10 0.03474561 
128 655 9 11 0.034699865 
584 500 73 76 0.03440798 
319 326 11 14 0.034295067 
233 678 8 10 0.033921953 
279 350 8 12 0.033886142 
440 606 9 9 0.03371559 
396 356 12 14 0.033655893 
457 638 8 10 0.033596132 
418 641 6 8 0.033321667 
493 654 9 12 0.03331523 
158 669 8 9 0.033229902 
246 663 8 9 0.0330904 
308 325 12 14 0.03303713 
409 624 8 8 0.03288984 
249 287 8 11 0.03261002 
285 656 8 9 0.03260084 
341 310 8 10 0.032390513 
432 599 9 11 0.032144975 
297 649 8 8 0.03203574 
465 653 8 11 0.032010127 
312 316 12 14 0.03164554 
280 656 8 9 0.031603698 
335 310 10 12 0.031522952 
272 673 8 10 0.031470634 
201 671 7 9 0.03141355 
262 661 7 10 0.03137108 
511 681 7 9 0.03136455 
357 672 42 57 0.031214971 
215 672 7 10 0.031072259 
182 679 7 9 0.030628225 
287 672 9 10 0.030350335 
509 654 10 11 0.030221278 
322 331 13 15 0.030199878 
220 347 13 16 0.029973714 
464 647 9 11 0.029864745 
370 639 8 10 0.029716143 
201 680 8 8 0.029530061 
192 671 8 8 0.029446479 
329 639 7 10 0.029423459 
100 304 23 23 0.029278832 
378 346 21 25 0.029071428 
335 359 9 12 0.029053124 
272 288 10 11 0.028498622 
209 662 7 9 0.028481312 
529 671 8 10 0.02847462 
207 678 8 10 0.028365547 
286 648 7 8 0.0283068 
199 686 9 10 0.028238885 
69 312 9 11 0.028072016 
399 640 8 9 0.027923899 
470 624 8 9 0.0277379 
247 679 8 10 0.027701007 
215 657 7 9 0.02763886 
386 355 15 16 0.027631257 
110 315 12 14 0.027628666 
191 304 11 13 0.027622988 
391 647 7 9 0.027539376 
523 391 47 74 0.027493255 
136 661 9 11 0.027346937 
135 656 7 10 0.027341872 
247 352 17 19 0.027244562 
239 686 8 10 0.027099302 
183 315 11 14 0.027046232 
424 640 7 9 0.02703541 
446 632 9 10 0.026743796 
272 647 8 10 0.026656393 
166 688 8 10 0.026535438 
521 681 7 9 0.026446024 
208 673 8 10 0.026339162 
423 615 8 10 0.02624968 
329 631 7 10 0.025893964 
104 700 9 10 0.025675286 
232 671 9 11 0.025602432 
488 638 8 10 0.0255717 
47 686 10 12 0.025547106 
375 632 9 10 0.025181487 
181 309 11 14 0.025155291 
257 670 8 9 0.02512216 
239 345 14 18 0.025074327 
471 671 9 10 0.024901655 
327 617 8 9 0.024801435 
161 692 9 11 0.024792982 
373 647 9 10 0.02467001 
520 663 9 11 0.024470946 
709 443 127 125 0.024447404 
581 440 39 51 0.024411527 
367 623 9 10 0.024251938 
619 601 12 15 0.024228046 
636 371 45 60 0.024151374 
439 599 9 10 0.02413943 
355 345 14 16 0.02407427 
357 638 9 10 0.023991402 
170 671 8 10 0.023887329 
425 628 8 11 0.023843296 
434 258 408 424 0.023800386 
296 310 9 11 0.023599764 
311 305 10 12 0.023565916 
163 302 16 18 0.023489246 
241 655 8 8 0.023486115 
243 330 24 27 0.023463935 
424 647 8 9 0.023432419 
368 630 9 10 0.023422083 
232 663 8 9 0.023379529 
487 632 8 10 0.023280356 
437 655 10 11 0.023064354 
315 310 19 23 0.023019569 
297 641 8 8 0.022835594 
213 344 15 18 0.022802731 
360 701 12 14 0.022719143 
247 292 10 12 0.022652986 
470 631 8 9 0.02258559 
332 316 11 14 0.02257675 
129 661 9 10 0.02244281 
199 305 19 24 0.022439374 
70 317 9 11 0.022279352 
280 649 8 9 0.02224515 
247 656 8 9 0.02221431 
522 640 8 9 0.022154694 
496 659 9 12 0.021990353 
457 631 8 9 0.021944642 
439 620 10 11 0.02190464 
72 632 8 9 0.021845862 
457 646 9 11 0.021828145 
260 359 13 17 0.021686569 
509 659 10 13 0.021597913 
205 340 14 18 0.021457227 
470 639 8 10 0.021400262 
170 678 8 10 0.021392075 
246 670 9 10 0.021368988 
463 631 8 9 0.021353405 
224 672 8 10 0.02134184 
272 623 8 9 0.021313095 
393 640 7 8 0.021310221 
200 647 7 9 0.021185005 
115 306 11 14 0.021151474 
373 656 8 10 0.021109514 
368 616 9 9 0.021101804 
384 615 8 9 0.021054825 
277 686 9 12 0.020911338 
415 647 8 10 0.020800555 
183 303 9 13 0.02078018 
225 648 8 9 0.020771952 
386 654 8 10 0.02068901 
31 631 9 10 0.020663425 
185 662 8 9 0.020618308 
336 655 8 9 0.020597309 
464 663 9 10 0.020568104 
239 670 9 11 0.020529056 
264 671 7 9 0.020375233 
365 356 11 14 0.020360628 
331 323 12 15 0.020356378 
232 686 8 11 0.020307895 
353 621 8 10 0.020207139 
614 433 138 152 0.020134807 
520 685 8 12 0.02002282 
284 662 9 10 0.020021724 
318 630 9 10 0.020018052 
