25_Soldier_Patrol_Soldier_Patrol_25_121
389
683 87 64 74 0.99874336 
190 84 9 12 0.5436424 
228 194 14 17 0.39211774 
123 157 14 17 0.357666 
251 142 12 16 0.27525628 
158 72 9 11 0.22978166 
309 92 11 12 0.22002174 
205 208 13 16 0.20049159 
254 115 10 14 0.18546723 
292 35 10 13 0.17878273 
113 179 16 18 0.17733549 
142 71 9 11 0.16840029 
158 93 9 10 0.16498533 
238 60 8 10 0.16181532 
239 13 8 10 0.1607389 
173 222 15 20 0.13407315 
265 95 8 12 0.13370353 
233 56 9 11 0.12895916 
303 14 10 12 0.12633707 
199 86 9 11 0.12457819 
113 102 10 12 0.118738525 
292 78 9 12 0.117712416 
229 165 10 13 0.1168689 
201 190 12 15 0.11635755 
173 84 9 11 0.11627982 
191 171 12 15 0.11561147 
249 109 9 13 0.108965114 
152 86 9 11 0.106445864 
216 69 10 12 0.105439365 
141 94 9 11 0.10476731 
161 111 10 12 0.10382039 
223 31 8 9 0.10198818 
216 77 10 13 0.10122069 
126 187 12 16 0.09943634 
165 103 9 12 0.09682099 
168 78 10 12 0.096789174 
256 71 9 11 0.09525441 
232 93 9 12 0.091170035 
136 197 13 15 0.09065382 
288 30 10 13 0.09020326 
172 210 22 27 0.08958264 
143 102 10 12 0.08880991 
173 79 8 11 0.087615915 
242 31 7 9 0.084339 
257 13 8 10 0.08406692 
191 63 8 10 0.08214141 
100 139 15 19 0.07946778 
293 7 10 10 0.07869595 
568 264 61 59 0.078377865 
263 87 8 11 0.078075 
209 16 7 10 0.077610366 
148 251 17 21 0.07730872 
646 390 17 21 0.07704184 
302 19 8 11 0.07694183 
183 186 14 16 0.076829344 
220 63 10 12 0.07631067 
223 94 9 12 0.07536563 
221 135 9 11 0.07523875 
193 31 8 10 0.07502065 
220 69 10 12 0.07495911 
215 46 9 11 0.073373705 
351 319 8 10 0.07232366 
192 53 8 10 0.07201923 
216 39 8 10 0.07156583 
198 31 8 10 0.070640415 
129 61 8 10 0.07047713 
258 45 9 11 0.07022444 
204 86 9 11 0.07010254 
246 127 10 12 0.06995549 
135 88 9 10 0.06948087 
132 125 13 16 0.06910652 
304 6 10 12 0.068273425 
216 8 8 9 0.06684977 
246 31 7 10 0.06649388 
177 205 16 20 0.06638983 
258 38 8 11 0.0657809 
238 8 9 10 0.065498576 
288 70 8 9 0.065369636 
245 38 8 10 0.064816445 
198 0 8 8 0.06475184 
117 95 8 10 0.064681865 
224 14 7 9 0.0645714 
290 8 8 9 0.06378932 
248 134 10 13 0.06355055 
357 81 11 12 0.06351258 
53 125 27 30 0.061929014 
207 64 9 11 0.061391197 
233 15 8 9 0.060422752 
7 267 25 32 0.0602915 
185 81 9 12 0.06002661 
149 109 10 12 0.05997871 
222 100 9 12 0.059731297 
177 45 9 11 0.05939085 
302 0 9 9 0.058988374 
120 72 9 11 0.05880914 
92 122 11 15 0.058618635 
656 98 35 42 0.058545996 
165 45 8 11 0.058233537 
216 23 7 9 0.058038432 
171 169 11 15 0.057992045 
296 15 10 11 0.057989888 
222 87 10 12 0.05783566 
268 101 10 11 0.057505794 
279 16 9 11 0.057313073 
308 13 9 11 0.057216935 
181 39 9 11 0.057156313 
167 225 14 18 0.056806184 
256 6 10 12 0.056517538 
14 446 11 14 0.05483138 
306 87 10 13 0.054661036 
167 72 8 10 0.054554127 
286 22 9 11 0.054536544 
609 466 30 34 0.054301485 
127 104 7 9 0.054168887 
154 30 7 9 0.053734843 
128 85 9 12 0.053302333 
160 39 8 9 0.052811112 
217 31 8 10 0.05257542 
195 79 14 15 0.052410778 
238 164 9 12 0.052178025 
238 127 8 11 0.052051775 
200 91 10 12 0.051286664 
167 22 6 9 0.051269576 
149 119 10 12 0.051255267 
209 68 10 12 0.05111059 
153 70 9 11 0.050754804 
146 194 15 18 0.05046516 
283 141 11 15 0.05038827 
344 0 12 11 0.050355505 
352 272 9 10 0.050119434 
298 20 8 11 0.049434703 
125 71 9 10 0.04937094 
223 191 13 16 0.04916954 
247 55 7 10 0.049042128 
113 88 8 11 0.048280384 
165 40 8 10 0.048135605 
139 147 11 14 0.048065934 
138 93 8 10 0.04795315 
280 302 9 11 0.04771942 
261 2 10 10 0.047555283 
208 21 7 10 0.047448043 
207 163 10 12 0.047375184 
160 23 8 10 0.04731383 
178 31 8 10 0.04715887 
253 181 10 12 0.047001097 
74 194 13 18 0.046770915 
142 88 8 10 0.046695173 
95 145 15 18 0.04639932 
133 56 8 10 0.046335436 
197 134 10 13 0.046333034 
223 37 8 9 0.04615725 
236 101 10 14 0.04606989 
138 72 8 10 0.045967594 
153 255 17 21 0.045875818 
112 192 13 18 0.04557982 
230 159 11 14 0.045308914 
153 92 10 12 0.045274153 
104 134 13 17 0.04454778 
270 37 7 10 0.044307936 
235 95 10 12 0.04412146 
190 69 11 12 0.043982286 
27 597 20 23 0.04380169 
223 24 7 9 0.043068133 
279 65 9 11 0.04301766 
230 88 10 12 0.04301179 
216 15 7 9 0.042926453 
246 153 14 17 0.04225562 
213 183 9 11 0.04219721 
234 126 9 11 0.04212104 
129 155 14 17 0.041965805 
216 143 9 12 0.04187646 
373 283 12 14 0.041793868 
222 8 8 10 0.041367203 
126 78 9 11 0.041164413 
247 6 8 10 0.04083154 
173 70 9 11 0.03989393 
142 124 11 13 0.039672364 
287 13 9 11 0.039314028 
240 143 9 11 0.03930008 
204 195 12 13 0.03929174 
794 122 39 48 0.038840994 
200 23 8 10 0.03880678 
155 149 11 14 0.038620323 
342 84 11 15 0.038473293 
269 95 10 12 0.038459808 
196 167 11 13 0.03820087 
102 38 9 12 0.03728683 
130 189 13 16 0.037133034 
707 43 13 15 0.03705038 
257 1 9 10 0.03697214 
166 116 10 12 0.036954317 
184 24 8 10 0.036804322 
199 48 7 10 0.03680263 
224 107 11 14 0.036800146 
209 7 7 8 0.03624368 
254 64 9 11 0.036152862 
320 0 11 9 0.03604285 
255 30 9 12 0.03573779 
88 38 7 9 0.035640772 
183 63 9 10 0.035348978 
131 176 14 18 0.035314996 
256 24 7 10 0.035209127 
94 78 13 14 0.03519661 
191 24 8 9 0.035188988 
6 114 14 19 0.035153836 
203 116 12 13 0.03507803 
220 140 10 12 0.03503614 
234 8 9 10 0.034847513 
237 133 10 12 0.0347256 
101 204 14 19 0.034722358 
252 136 12 14 0.03429942 
262 153 13 17 0.03429283 
209 149 8 11 0.03424845 
119 88 8 10 0.034056664 
304 167 8 12 0.03400639 
182 31 9 10 0.033794038 
215 148 9 12 0.03349552 
319 279 8 9 0.03294334 
247 24 7 9 0.032891028 
211 272 25 33 0.032811813 
240 70 8 10 0.032526746 
726 242 23 30 0.032349713 
10 109 13 16 0.032329306 
93 191 11 15 0.031970985 
213 189 10 13 0.031733572 
184 54 7 9 0.03163454 
277 174 11 14 0.031554427 
15 524 11 14 0.03152205 
278 294 12 13 0.031479035 
200 62 8 11 0.03137785 
261 70 8 11 0.03135385 
138 277 13 16 0.031298302 
247 70 9 11 0.031256333 
278 136 12 14 0.031171393 
135 77 9 11 0.030917816 
350 84 15 16 0.030811612 
143 40 7 8 0.030795055 
644 424 25 33 0.030521395 
104 180 13 16 0.030483512 
231 79 9 11 0.030482756 
148 200 16 19 0.03046793 
234 384 16 20 0.030386623 
86 117 13 17 0.030386623 
186 177 15 18 0.030312674 
247 86 11 13 0.030175015 
239 45 9 11 0.03007643 
19 317 16 20 0.029990042 
209 47 8 10 0.029927144 
147 103 11 14 0.029841753 
153 77 9 11 0.029778326 
231 150 9 11 0.029704493 
224 170 12 14 0.02959787 
230 368 26 32 0.029527878 
198 53 7 9 0.029445902 
181 45 9 12 0.029359102 
620 433 28 36 0.029210124 
180 194 14 16 0.02915639 
158 31 7 9 0.028992547 
207 184 11 13 0.02898927 
366 235 11 12 0.028464198 
356 271 9 11 0.028330136 
168 138 11 15 0.028324781 
218 95 9 12 0.028230404 
38 248 15 18 0.028198501 
133 110 9 11 0.028142584 
129 109 9 11 0.028016739 
288 181 8 12 0.0278893 
209 39 6 9 0.027716685 
96 22 8 10 0.027532458 
2 607 49 71 0.0272896 
593 244 57 55 0.027224703 
190 246 25 31 0.027224032 
246 62 8 11 0.027173484 
156 631 29 37 0.027148116 
262 37 10 12 0.027093638 
174 118 11 14 0.026976977 
175 64 10 11 0.026956594 
121 39 7 9 0.026935441 
151 14 8 10 0.026920682 
177 53 8 9 0.026895186 
263 167 10 13 0.026873507 
173 92 10 12 0.026774747 
273 21 8 11 0.02675624 
199 36 7 10 0.026578283 
152 64 8 10 0.02654334 
49 264 25 33 0.02650686 
232 119 9 12 0.026387503 
131 118 12 14 0.026328446 
117 107 8 12 0.026327852 
165 94 10 12 0.026233502 
282 29 9 11 0.026168399 
-1 574 79 113 0.026123289 
127 40 7 8 0.026111377 
281 7 7 9 0.025911048 
105 176 21 25 0.02584493 
155 204 15 18 0.025818752 
274 15 8 11 0.025815343 
193 1 9 9 0.025776012 
139 232 26 31 0.02570952 
192 140 11 15 0.025618354 
304 100 11 13 0.025546083 
183 167 11 14 0.025541104 
780 188 32 37 0.025389574 
222 55 9 11 0.025378747 
231 23 7 9 0.025283324 
156 189 11 14 0.025036622 
121 437 11 14 0.025036534 
136 49 8 9 0.024992745 
168 31 6 9 0.024795687 
154 23 7 10 0.024770822 
142 47 8 10 0.024678526 
178 24 7 9 0.024645768 
259 139 12 16 0.024586722 
255 203 9 12 0.024541596 
286 382 8 10 0.024447778 
237 104 13 16 0.024362765 
59 270 13 19 0.02433781 
342 80 9 12 0.024138367 
317 95 11 13 0.024033433 
140 198 15 19 0.023942204 
644 382 17 20 0.023912037 
126 92 9 12 0.023878813 
198 69 11 12 0.023759978 
174 217 26 32 0.023756834 
0 505 14 22 0.02374361 
186 76 18 23 0.023650253 
222 158 11 14 0.02361748 
111 77 9 10 0.023576241 
178 403 10 13 0.023529358 
240 23 7 9 0.023411505 
254 86 9 12 0.023411436 
271 367 8 11 0.023332777 
244 163 11 14 0.023303587 
245 15 8 10 0.023301728 
232 394 11 14 0.023188423 
221 148 11 12 0.023174671 
152 47 7 9 0.023150034 
289 0 22 24 0.023117943 
241 147 10 13 0.023066396 
159 124 9 11 0.023063272 
278 94 11 13 0.02297389 
268 149 13 17 0.022824958 
111 57 7 8 0.022810744 
262 24 8 9 0.022489166 
164 204 14 18 0.022442384 
231 70 8 10 0.022442063 
143 164 12 14 0.02238619 
271 292 10 11 0.022378188 
233 142 9 12 0.02231411 
359 326 10 12 0.022302583 
668 421 31 39 0.022207411 
141 211 15 20 0.022036066 
247 77 9 11 0.022009658 
239 78 8 10 0.021999683 
29 523 14 17 0.021966698 
163 223 23 30 0.021729963 
112 46 7 10 0.021667814 
180 244 15 18 0.021561297 
246 46 8 11 0.021559892 
223 0 8 8 0.021501573 
154 245 17 21 0.021466834 
116 233 14 18 0.021429894 
270 4 8 10 0.021376496 
133 493 14 16 0.021331208 
214 159 11 13 0.0212275 
37 157 12 14 0.021205844 
270 47 8 11 0.021180794 
231 48 8 10 0.021135842 
153 55 7 9 0.02111983 
96 62 8 10 0.021096854 
221 46 10 12 0.021085884 
184 91 10 12 0.021044802 
198 6 8 9 0.021007208 
279 78 10 11 0.021002209 
192 16 7 9 0.02098069 
20 523 14 18 0.02079251 
271 64 9 11 0.020738965 
270 52 9 11 0.02068091 
294 91 10 12 0.020616785 
193 6 9 10 0.020580979 
123 169 16 19 0.020532716 
239 1 8 9 0.020514725 
52 154 13 17 0.020497447 
128 130 11 14 0.020475812 
126 408 13 14 0.020354789 
323 99 11 13 0.020347346 
200 241 26 29 0.02025226 
242 375 14 18 0.020218262 
245 102 11 16 0.020075465 
