25_Soldier_Patrol_Soldier_Patrol_25_614
56
289 112 16 22 0.099155344 
571 250 384 454 0.07109178 
779 150 19 21 0.064643346 
347 186 421 456 0.06218488 
857 109 10 13 0.057212602 
105 219 13 15 0.054929934 
821 144 14 18 0.052678216 
300 112 13 20 0.051420838 
109 199 50 73 0.050124314 
369 279 46 51 0.04944246 
276 148 11 13 0.047759127 
293 217 24 26 0.045622308 
800 125 26 30 0.04532838 
325 220 27 31 0.043285295 
311 188 22 31 0.042000134 
339 399 47 49 0.040764213 
213 322 49 46 0.039158184 
317 217 24 30 0.038917854 
394 301 166 174 0.038769428 
378 286 28 31 0.037427068 
760 451 50 68 0.036709543 
560 381 213 281 0.033407368 
831 123 10 12 0.032965485 
428 256 242 245 0.032543696 
384 282 17 18 0.03177029 
824 104 9 10 0.030086419 
140 1 27 29 0.02952836 
252 76 25 39 0.028223552 
935 127 10 11 0.026977528 
221 247 11 12 0.02691951 
516 144 424 344 0.026853206 
778 133 26 30 0.026637921 
115 483 62 76 0.026203988 
278 70 27 35 0.025259327 
311 91 13 19 0.025083171 
981 406 43 78 0.02482282 
323 327 13 16 0.024531154 
267 227 17 19 0.024279948 
316 88 14 17 0.023980554 
262 65 29 39 0.023306824 
846 110 10 11 0.023124589 
641 372 30 32 0.022959515 
302 335 31 40 0.02288932 
261 96 14 18 0.022480598 
127 214 11 14 0.02239631 
325 92 9 12 0.022383384 
133 188 17 22 0.021937743 
841 110 10 11 0.021772616 
278 101 27 36 0.020889023 
231 224 26 31 0.020851381 
125 220 12 14 0.020784138 
191 238 14 17 0.020665547 
260 57 45 64 0.020544857 
290 90 14 16 0.020528547 
285 80 15 21 0.020316603 
819 181 32 34 0.020159263 
