25_Soldier_Patrol_Soldier_Patrol_25_271
61
524 338 18 21 0.9174798 
140 50 20 25 0.8202456 
508 374 14 19 0.2275356 
518 365 12 15 0.16978438 
608 227 11 15 0.13573152 
473 388 13 14 0.1195775 
511 363 11 15 0.109848715 
509 359 11 13 0.102860846 
570 329 13 18 0.0869984 
459 412 16 21 0.07895212 
545 378 10 14 0.07120464 
493 366 9 13 0.06521935 
563 227 14 19 0.05481352 
644 229 13 17 0.054766886 
152 40 20 27 0.05322365 
567 281 28 34 0.05090229 
461 407 46 48 0.050181534 
639 288 16 18 0.046216596 
634 462 16 19 0.044338748 
510 351 10 13 0.04372891 
533 372 11 15 0.042170104 
487 372 10 13 0.042014252 
584 222 11 14 0.041583423 
463 393 15 19 0.04120453 
621 200 9 11 0.039551117 
114 74 16 20 0.037880264 
471 406 27 32 0.037735883 
532 366 9 13 0.03758205 
564 233 21 27 0.03744026 
369 90 15 20 0.03695888 
557 324 10 14 0.036499165 
511 365 19 25 0.03542109 
613 222 11 15 0.031782046 
580 235 13 16 0.031692024 
524 369 11 14 0.031168856 
164 540 11 12 0.031093897 
617 203 11 13 0.030292286 
622 220 9 12 0.029896835 
524 352 14 16 0.02958379 
569 227 15 18 0.027315345 
615 214 10 13 0.026729595 
460 395 23 30 0.026512926 
579 242 14 18 0.02603528 
130 48 21 29 0.02543695 
32 -23 413 437 0.025292026 
623 245 9 11 0.025102388 
622 239 9 11 0.024919447 
601 227 10 15 0.024845501 
862 251 15 16 0.024820887 
505 363 11 14 0.023256684 
671 231 8 12 0.023209764 
176 586 10 12 0.021748638 
599 220 11 15 0.02174273 
650 214 8 10 0.021281673 
559 272 9 13 0.021159373 
122 517 9 12 0.02108756 
516 360 20 24 0.020959392 
623 213 10 13 0.02089443 
614 235 10 12 0.020601124 
128 55 14 21 0.020447288 
571 238 22 28 0.020300852 
