25_Soldier_Patrol_Soldier_Patrol_25_173
67
275 110 109 141 0.9414497 
453 136 11 13 0.26782504 
517 141 11 13 0.24267612 
469 147 14 18 0.23579216 
558 159 12 16 0.19429822 
311 134 117 147 0.17801465 
580 185 21 35 0.15543287 
580 151 10 13 0.14040145 
476 147 13 17 0.11842066 
374 216 58 71 0.09573883 
520 207 12 13 0.09443634 
565 155 12 16 0.08786467 
484 148 12 15 0.08777733 
120 258 64 79 0.08649007 
430 117 11 14 0.08198377 
347 187 92 114 0.08123405 
597 157 12 16 0.07979714 
552 159 12 15 0.07953957 
573 150 15 19 0.07137253 
465 141 10 14 0.07009118 
579 184 39 57 0.069002904 
469 159 12 16 0.0627754 
521 209 17 20 0.06200629 
439 143 11 16 0.060084146 
447 139 11 15 0.05909895 
245 76 171 228 0.057356536 
223 107 104 124 0.053544443 
429 186 11 13 0.05307962 
592 156 11 15 0.051952995 
455 148 10 16 0.051895782 
513 143 15 20 0.04913988 
558 212 13 17 0.042175803 
258 147 38 49 0.042055327 
544 340 34 35 0.041919883 
533 153 11 14 0.03947095 
603 158 13 16 0.038282994 
295 303 35 36 0.03626259 
368 43 10 12 0.035923555 
526 149 11 16 0.03316359 
514 217 18 21 0.03228917 
494 208 12 15 0.031583507 
595 155 21 26 0.031436883 
606 196 14 20 0.030130617 
381 57 41 55 0.02958473 
555 207 28 34 0.029200846 
614 157 11 14 0.029152801 
465 152 14 19 0.027519759 
597 190 29 37 0.02696049 
394 238 35 43 0.026295414 
501 281 42 49 0.026191896 
609 157 46 57 0.02602434 
444 146 12 17 0.025169024 
598 153 10 12 0.024446828 
508 223 16 19 0.02430897 
426 114 20 25 0.023138909 
627 156 22 31 0.022855258 
492 152 13 17 0.022538107 
616 160 24 33 0.022458822 
566 199 30 39 0.02226877 
453 140 21 29 0.022169258 
542 155 12 15 0.022141011 
560 152 11 13 0.022101695 
637 161 13 17 0.0217587 
543 319 11 15 0.020580495 
611 169 17 22 0.020468155 
460 136 11 14 0.020459134 
398 47 12 14 0.02018479 
