25_Soldier_Patrol_Soldier_Patrol_25_700
89
77 424 30 36 0.9800704 
167 389 29 35 0.89594704 
542 372 27 33 0.7854022 
104 399 22 27 0.56072 
479 418 17 20 0.5586705 
212 404 22 27 0.449328 
586 413 18 25 0.41179672 
873 385 29 29 0.40030095 
431 421 12 14 0.35734966 
67 393 14 19 0.28131437 
575 418 15 19 0.15436262 
461 430 9 12 0.14921673 
227 407 15 21 0.14398979 
54 395 16 19 0.13686146 
31 377 12 17 0.13161103 
181 396 26 33 0.122846484 
206 406 17 24 0.120331414 
75 394 12 18 0.09355458 
151 388 27 35 0.09253945 
116 393 23 32 0.08571942 
49 420 19 22 0.077359654 
403 429 13 15 0.076449364 
115 404 15 21 0.07417083 
461 422 10 13 0.074096724 
233 411 15 20 0.07136871 
123 422 16 20 0.069743335 
895 384 27 33 0.06763238 
92 401 26 31 0.059017867 
613 428 38 37 0.056264594 
436 415 10 12 0.05592071 
412 429 10 13 0.05222061 
114 408 23 31 0.05005399 
195 405 16 25 0.04514413 
325 290 28 31 0.04492156 
57 394 22 28 0.04458417 
462 435 11 12 0.042925052 
447 437 10 11 0.0419324 
859 631 15 16 0.041369427 
491 413 11 14 0.04118368 
49 407 26 30 0.0406544 
126 393 24 33 0.040308587 
94 408 15 18 0.039908122 
532 419 15 16 0.039884653 
445 430 12 13 0.038417898 
69 394 22 30 0.038049 
395 490 15 20 0.03721803 
503 419 13 15 0.037101883 
553 376 17 22 0.035730235 
190 425 16 20 0.035058655 
454 436 12 13 0.034270536 
629 419 13 17 0.033398602 
564 427 13 17 0.032526556 
567 419 11 16 0.03196976 
412 464 12 14 0.031912155 
532 382 18 21 0.031657506 
183 414 27 33 0.0314619 
592 408 14 18 0.031218382 
457 424 9 11 0.03063233 
69 402 39 49 0.030138895 
461 400 9 11 0.0299987 
123 388 16 24 0.029185073 
458 404 9 11 0.028147813 
144 398 29 36 0.02735009 
555 390 16 21 0.027318152 
250 437 17 21 0.026111523 
509 414 11 14 0.02553726 
438 408 9 9 0.025065875 
110 424 26 37 0.024312962 
583 439 12 14 0.024090845 
266 515 23 29 0.024023237 
579 190 378 485 0.02320986 
726 387 33 36 0.023205278 
104 444 25 35 0.023081394 
626 416 28 34 0.023065083 
694 373 36 37 0.022807317 
409 467 11 15 0.022631442 
490 420 12 15 0.02220163 
446 421 11 13 0.022060188 
42 427 23 29 0.022034585 
96 453 27 35 0.021804739 
471 420 16 17 0.021567525 
904 376 28 38 0.021489661 
887 390 19 22 0.021465348 
399 432 12 14 0.020916916 
537 412 15 16 0.020650202 
60 402 29 35 0.020408068 
389 445 12 16 0.020406703 
464 415 9 12 0.02026029 
563 413 12 17 0.020102115 
