59_peopledrivingcar_peopledrivingcar_59_172
66
652 218 12 16 0.8554645 
846 222 11 14 0.25879234 
863 224 9 12 0.14623803 
822 213 14 16 0.10005702 
841 221 10 14 0.07754588 
770 192 26 29 0.07591118 
767 195 12 17 0.071820855 
175 286 25 28 0.06977798 
656 239 11 14 0.060891636 
761 118 16 19 0.06077721 
854 222 11 14 0.060006265 
798 194 13 20 0.057963736 
1012 298 10 15 0.055015128 
880 229 10 11 0.05198505 
704 169 9 10 0.04580694 
913 189 8 10 0.044692043 
927 201 8 10 0.04165858 
694 183 8 9 0.039414905 
887 225 8 10 0.038676172 
952 231 8 11 0.03862398 
472 359 25 27 0.03662181 
647 222 15 18 0.035647716 
942 189 8 10 0.03553358 
1013 177 10 15 0.033591818 
139 260 13 16 0.03292308 
828 218 13 16 0.03269692 
960 206 8 10 0.03227392 
913 185 7 10 0.032093495 
864 238 9 11 0.031192701 
585 372 15 17 0.031022085 
971 181 10 12 0.030541435 
936 199 10 11 0.02944461 
673 183 10 12 0.02802259 
942 200 8 10 0.02782793 
895 227 8 11 0.027221635 
844 218 18 23 0.026996512 
927 205 7 10 0.026667021 
871 228 8 11 0.026532965 
784 198 20 23 0.026374662 
208 174 9 10 0.0263306 
329 321 45 49 0.02594417 
911 199 7 9 0.025693782 
823 209 11 13 0.025285028 
1 99 9 14 0.024888504 
896 149 9 11 0.024733378 
951 236 8 11 0.02466218 
918 214 8 9 0.024339134 
327 286 26 31 0.024276605 
47 388 13 15 0.023780724 
869 224 8 10 0.023763066 
677 160 8 10 0.02332362 
339 284 24 29 0.022815857 
911 205 8 10 0.022651142 
952 198 7 10 0.022325577 
917 190 8 10 0.022044916 
952 216 8 10 0.021916013 
937 183 8 10 0.021701537 
463 175 12 16 0.021666689 
942 184 8 10 0.02164774 
860 321 13 16 0.021548288 
914 229 8 10 0.02150647 
927 224 8 10 0.020814585 
136 204 7 10 0.020678852 
337 310 28 34 0.020653993 
613 270 13 15 0.020549737 
1013 220 10 13 0.020012673 
