59_peopledrivingcar_peopledrivingcar_59_404
30
864 182 48 65 0.9994679 
788 102 28 37 0.66313714 
698 83 14 16 0.2574818 
627 0 125 123 0.22906424 
204 401 87 79 0.14642438 
713 270 27 37 0.13020389 
740 81 14 18 0.12683223 
708 257 45 56 0.07396881 
717 273 16 20 0.06616848 
193 442 129 125 0.056990553 
198 363 76 78 0.042635486 
794 89 34 42 0.042289585 
182 0 111 103 0.041818738 
188 391 213 190 0.03975251 
693 76 25 27 0.037111983 
547 -54 389 438 0.036066283 
800 105 19 25 0.02854652 
233 382 69 75 0.027964462 
734 259 50 57 0.026520599 
799 108 28 39 0.026418418 
703 250 27 38 0.024537025 
837 107 41 53 0.024410091 
208 338 63 66 0.023710174 
767 280 38 42 0.023051756 
450 112 45 46 0.022424709 
247 503 84 66 0.021778978 
671 196 54 62 0.021549752 
721 266 16 21 0.020227803 
-96 61 416 522 0.020207232 
567 130 13 15 0.02013637 
