59_peopledrivingcar_peopledrivingcar_59_659
46
185 252 28 36 0.99569654 
297 274 23 29 0.9686553 
791 322 25 37 0.9611862 
255 243 23 33 0.923031 
509 241 21 27 0.6861854 
594 261 16 24 0.22157806 
774 380 16 20 0.08914139 
798 332 26 32 0.07399031 
245 247 18 24 0.06959471 
581 256 22 27 0.069436185 
580 557 31 45 0.066123016 
519 243 16 22 0.06589408 
638 662 12 14 0.051738236 
199 479 26 29 0.044470783 
790 317 14 24 0.039166972 
490 246 42 50 0.0370938 
597 500 11 14 0.034728106 
597 255 12 16 0.0345617 
470 198 436 527 0.033418488 
557 553 39 52 0.032750595 
589 254 14 18 0.031970676 
579 568 16 24 0.030741615 
572 557 13 17 0.029866714 
813 454 15 16 0.02881378 
179 256 23 25 0.028711691 
329 423 20 20 0.028079754 
580 495 14 17 0.026923712 
283 168 16 20 0.026727598 
582 488 11 13 0.026250048 
273 158 23 29 0.026135609 
501 243 20 23 0.026104407 
210 483 16 19 0.025950752 
574 255 17 22 0.02588896 
685 586 27 30 0.025356963 
456 249 8 10 0.025215529 
269 156 17 19 0.025178444 
237 242 16 21 0.02288613 
590 588 33 43 0.022711923 
241 241 33 46 0.022489883 
731 428 31 38 0.022399582 
199 258 16 23 0.02168921 
589 499 11 15 0.021467885 
425 480 17 17 0.020799896 
266 249 24 35 0.020616397 
391 464 11 14 0.020111114 
566 562 13 16 0.020086883 
