59_peopledrivingcar_peopledrivingcar_59_532
142
132 50 22 30 0.98778194 
232 51 22 30 0.9767928 
95 51 25 30 0.975749 
171 91 22 27 0.973807 
0 74 21 27 0.92638826 
64 87 25 32 0.9208404 
502 90 13 17 0.744168 
301 73 17 21 0.6516515 
196 380 242 269 0.49985385 
786 129 15 18 0.3630235 
352 462 31 34 0.27714172 
714 129 13 17 0.2748286 
943 130 12 15 0.21947677 
672 102 11 14 0.18701218 
817 81 14 19 0.15554458 
879 83 11 13 0.15220419 
381 96 16 20 0.13678275 
513 112 14 18 0.1279447 
210 113 16 16 0.120615385 
873 115 10 12 0.102700576 
293 76 22 26 0.09590048 
373 178 18 21 0.090574786 
844 103 9 12 0.09007636 
652 100 13 17 0.084209025 
290 349 244 324 0.08100485 
257 123 17 22 0.078983806 
462 52 12 16 0.078890845 
862 109 9 12 0.07198533 
52 80 29 37 0.07136356 
841 107 11 13 0.06941014 
589 82 14 16 0.06578188 
854 25 13 17 0.05867484 
404 84 12 14 0.05864911 
506 86 14 17 0.057433236 
529 216 42 59 0.05531374 
713 96 8 11 0.05500026 
540 86 13 15 0.054303687 
177 83 26 30 0.052271992 
641 332 12 14 0.051977634 
456 31 10 12 0.051929 
726 102 10 12 0.050189443 
653 324 10 14 0.04872119 
874 85 9 11 0.04852241 
697 100 8 10 0.047974173 
560 87 10 14 0.047076717 
782 117 19 26 0.04626374 
727 96 47 59 0.045794394 
203 102 24 27 0.04437109 
711 137 14 17 0.044290558 
536 90 11 13 0.043953445 
546 212 13 17 0.042871825 
687 110 9 12 0.04234603 
702 97 8 10 0.041888054 
82 42 32 44 0.040471777 
843 165 9 12 0.03980599 
984 93 9 12 0.0396047 
462 32 9 12 0.03927458 
230 106 16 20 0.039130766 
516 84 12 16 0.038877334 
73 56 28 33 0.03572821 
585 74 23 29 0.035621576 
845 160 8 10 0.035220753 
974 99 10 12 0.03498132 
342 73 14 15 0.0343786 
718 101 10 12 0.034240734 
469 109 11 14 0.033963397 
645 325 12 16 0.033897627 
592 47 11 13 0.03387002 
676 105 11 15 0.03370481 
564 92 11 13 0.033373896 
292 89 18 22 0.03281691 
849 8 118 140 0.03276631 
550 86 10 13 0.03205928 
448 277 12 13 0.031152215 
762 70 14 20 0.030595297 
463 78 11 14 0.029007513 
515 235 14 18 0.028698025 
765 96 43 51 0.028598314 
950 78 10 13 0.028529406 
399 197 32 39 0.028374717 
468 77 10 12 0.028261846 
876 125 11 13 0.028158233 
748 118 12 15 0.028072525 
878 89 13 14 0.027977446 
422 71 10 12 0.027879259 
779 107 15 18 0.027849935 
745 110 9 11 0.027797917 
717 120 10 12 0.027461234 
439 171 13 17 0.027317783 
522 226 24 33 0.026278023 
732 58 42 56 0.026270287 
748 173 12 14 0.026193563 
622 190 11 13 0.026132684 
749 68 24 29 0.025970608 
537 205 24 32 0.025601717 
709 145 16 18 0.025457198 
1013 125 9 14 0.02510067 
680 332 13 18 0.025009163 
854 81 12 16 0.024810242 
807 92 11 15 0.024751933 
469 192 26 29 0.024631502 
727 95 10 13 0.02455475 
575 83 10 13 0.024327723 
585 83 11 13 0.024307357 
856 104 9 11 0.024112733 
710 20 13 17 0.023916675 
926 79 9 10 0.023726197 
740 115 25 35 0.023327557 
921 79 8 10 0.023317246 
942 125 19 24 0.023240421 
581 61 9 10 0.022833256 
740 74 27 35 0.022689898 
668 85 10 12 0.022689618 
488 86 9 12 0.022668157 
902 140 12 15 0.022602376 
354 195 14 16 0.022594875 
455 190 25 29 0.022480756 
398 251 14 20 0.022318365 
245 116 27 31 0.022162532 
455 52 14 17 0.022122381 
989 93 10 13 0.022077117 
540 78 12 14 0.021553412 
945 79 10 12 0.0215146 
610 90 13 13 0.02143595 
407 184 31 38 0.021361696 
936 144 10 13 0.02118231 
896 79 10 12 0.02109766 
529 168 110 145 0.021079173 
876 79 20 25 0.020993492 
392 207 29 43 0.020868035 
467 84 12 14 0.020658601 
397 203 47 60 0.020548733 
268 129 12 16 0.020478912 
976 119 9 12 0.020426665 
157 84 45 47 0.020332962 
870 111 20 25 0.02032987 
706 56 79 107 0.02030853 
304 76 24 28 0.02026181 
902 134 11 13 0.02023501 
469 39 9 11 0.020118948 
812 105 12 15 0.020073084 
331 185 22 25 0.020072522 
