14_Traffic_Traffic_14_361
131
914 292 13 15 0.2918563 
848 291 17 20 0.28423455 
517 301 11 13 0.22370963 
673 319 9 12 0.19075625 
485 308 10 12 0.1826311 
721 310 9 12 0.14108461 
886 289 13 17 0.13350052 
657 320 8 10 0.098822735 
927 292 11 15 0.09128658 
720 317 10 12 0.09119876 
839 287 21 26 0.08990897 
912 287 12 15 0.08850408 
725 310 10 13 0.08709207 
725 317 10 11 0.0797867 
550 278 9 10 0.0740398 
693 290 11 14 0.07363468 
832 281 13 18 0.06720066 
430 305 9 11 0.06249997 
421 333 10 12 0.062195435 
406 334 8 10 0.06153877 
671 312 9 11 0.05745476 
359 321 8 10 0.056748066 
645 334 12 13 0.054196086 
560 272 8 10 0.052028917 
581 247 9 11 0.051931042 
1 236 12 16 0.05143847 
637 238 10 12 0.05133061 
607 315 9 11 0.050410416 
469 315 12 13 0.050101854 
719 286 9 13 0.046185207 
606 270 8 11 0.045731988 
512 283 10 12 0.044707503 
661 323 10 11 0.044565897 
481 309 10 13 0.042200983 
494 324 10 11 0.041673385 
837 150 9 11 0.04082394 
401 335 8 10 0.04028088 
858 289 14 18 0.040215217 
513 278 9 11 0.039916594 
367 321 8 10 0.039407227 
590 270 7 10 0.03922576 
401 246 9 10 0.03846207 
890 285 14 17 0.038429383 
416 333 10 12 0.038361743 
352 320 9 12 0.037340343 
478 283 10 12 0.03700794 
567 327 8 10 0.036106125 
408 246 9 10 0.035834573 
496 302 10 13 0.035809454 
816 267 10 13 0.03579441 
384 215 8 11 0.03553184 
513 273 8 10 0.035453167 
414 304 10 12 0.03532131 
501 301 10 13 0.0352327 
591 248 8 10 0.035019923 
456 286 8 10 0.03484121 
577 280 8 9 0.034757238 
592 230 11 13 0.034528274 
462 316 13 14 0.034276232 
932 297 13 17 0.033844095 
485 279 9 10 0.033671625 
951 298 12 16 0.032968078 
583 264 9 10 0.03241064 
731 308 11 14 0.032196835 
598 255 8 10 0.03217601 
519 366 9 11 0.031916164 
607 294 8 10 0.03177793 
522 300 11 13 0.031525835 
733 318 10 12 0.031183375 
455 318 10 12 0.031138813 
901 286 11 14 0.030886183 
915 280 11 13 0.03069077 
435 222 8 11 0.030327195 
529 274 10 13 0.030320019 
599 262 8 10 0.02940693 
359 342 9 11 0.029353796 
869 286 11 16 0.02925977 
584 269 9 10 0.028798373 
428 263 9 11 0.028773252 
485 271 9 10 0.027507149 
639 242 11 13 0.027203482 
880 288 13 19 0.027100548 
-6 187 283 253 0.026680155 
513 305 11 14 0.026666136 
854 328 22 24 0.026591865 
376 341 11 13 0.026530437 
726 322 11 13 0.02579522 
584 285 9 11 0.025484726 
671 238 28 32 0.025364242 
499 318 10 12 0.025083724 
657 279 9 12 0.024933564 
407 329 9 12 0.024753237 
413 351 9 11 0.024454331 
577 264 8 10 0.024430009 
583 280 8 10 0.024285953 
455 223 10 12 0.024226295 
413 221 10 12 0.024187252 
446 295 10 12 0.02408008 
590 287 8 10 0.02403028 
408 -40 436 518 0.023992985 
732 324 12 14 0.023748588 
590 264 9 10 0.023385897 
425 303 9 12 0.023372523 
677 299 10 13 0.02282095 
714 317 9 12 0.022661762 
585 310 9 11 0.022613466 
556 343 10 12 0.022330241 
460 178 11 12 0.022166578 
356 174 11 14 0.021946555 
380 243 12 15 0.021936951 
662 279 10 14 0.021655442 
337 277 10 13 0.021518229 
444 300 12 14 0.02147336 
675 288 13 17 0.021396033 
468 338 12 14 0.021314334 
552 272 9 11 0.021265628 
652 334 10 12 0.021047808 
441 269 8 11 0.020852014 
640 328 10 11 0.020741498 
644 328 12 13 0.020684166 
358 381 12 16 0.020671755 
601 270 9 11 0.020657906 
590 280 8 9 0.020597966 
818 373 17 18 0.020562457 
903 279 9 11 0.020405022 
608 304 9 10 0.02032938 
664 303 9 11 0.02031444 
671 302 9 12 0.020216072 
452 333 14 16 0.020115927 
662 344 10 11 0.02010032 
631 327 8 9 0.020022778 
