14_Traffic_Traffic_14_834
435
831 429 20 29 0.4588466 
709 455 9 13 0.44938225 
597 124 8 11 0.40124857 
70 357 7 10 0.36512047 
157 422 9 14 0.33233383 
146 353 6 8 0.30705148 
53 365 7 11 0.28621837 
686 426 14 17 0.2498919 
780 412 11 15 0.23711377 
852 391 10 12 0.21151938 
714 351 7 9 0.21013549 
865 343 8 10 0.16657464 
744 443 10 12 0.16294965 
113 351 7 8 0.1627772 
812 374 8 11 0.16089793 
711 411 10 13 0.15204175 
54 362 7 9 0.1456894 
815 349 7 9 0.14409685 
797 352 8 10 0.14223494 
848 379 10 12 0.14153218 
261 384 10 13 0.14008465 
650 366 9 12 0.13840197 
729 358 9 11 0.13226685 
705 411 10 14 0.12946591 
150 352 6 9 0.12547842 
117 343 8 11 0.12526168 
145 356 8 10 0.11635909 
824 345 8 9 0.11567668 
776 366 8 10 0.11413413 
311 342 7 9 0.11282175 
192 334 8 9 0.11034304 
748 439 10 12 0.10829999 
295 351 7 9 0.10664718 
830 420 15 25 0.10322547 
129 351 6 9 0.10032641 
41 375 7 10 0.09973179 
806 365 11 13 0.0921403 
593 350 6 8 0.091707304 
193 328 8 11 0.09040671 
806 396 12 15 0.08820224 
103 359 7 9 0.08805216 
183 220 9 12 0.08658967 
258 388 10 13 0.08619348 
468 390 14 16 0.08465918 
587 374 7 10 0.08450019 
799 384 10 12 0.08431466 
581 422 10 12 0.08325811 
66 353 8 10 0.083008036 
837 335 8 11 0.07857087 
270 285 10 12 0.07818078 
848 395 11 12 0.077349715 
469 334 10 14 0.075813465 
90 360 7 9 0.07489539 
90 366 8 10 0.07463415 
864 347 9 11 0.07462911 
692 422 10 16 0.072032735 
704 374 8 10 0.0717766 
695 351 6 8 0.071598165 
618 311 8 11 0.06856121 
797 356 9 11 0.06772159 
364 156 394 485 0.06677275 
281 367 8 9 0.0666747 
680 336 7 10 0.06515485 
529 342 8 10 0.06470763 
4 341 10 12 0.0639987 
788 395 11 13 0.063788004 
606 343 7 9 0.06373543 
160 390 9 13 0.063706405 
153 417 10 13 0.06365344 
290 353 7 9 0.063124664 
94 366 7 9 0.06293387 
697 359 9 11 0.062819034 
120 360 7 9 0.06268262 
199 277 8 10 0.061758846 
800 398 11 14 0.061245944 
218 351 7 9 0.06088924 
791 468 26 27 0.060295723 
80 327 8 11 0.06024657 
800 404 11 15 0.05981247 
464 340 10 12 0.059776444 
120 390 8 11 0.05957466 
839 375 10 12 0.058833364 
830 343 8 9 0.058589865 
807 360 9 12 0.05838945 
951 341 9 10 0.05830493 
88 352 7 10 0.05773654 
348 254 8 12 0.056756433 
777 373 10 11 0.05629434 
142 341 8 10 0.056121454 
96 353 7 9 0.05585166 
569 344 7 9 0.054823767 
81 351 7 10 0.05479253 
809 344 8 11 0.054641813 
577 349 7 9 0.05456938 
331 336 7 9 0.053953648 
809 349 9 10 0.053711016 
682 319 8 11 0.053591542 
686 402 12 14 0.053540144 
21 350 8 9 0.05299682 
543 343 7 9 0.052963138 
812 379 10 12 0.052105643 
576 345 6 10 0.051600747 
95 359 7 10 0.05094777 
585 344 7 9 0.0508935 
556 395 10 12 0.050506666 
659 24 48 60 0.050356504 
662 419 9 14 0.05032662 
22 344 7 9 0.050193366 
264 365 7 10 0.05016758 
702 422 18 28 0.04954398 
600 351 7 9 0.049239382 
801 365 11 13 0.049100436 
118 349 7 9 0.04799844 
114 375 7 9 0.04761007 
104 353 7 8 0.047209006 
177 359 8 9 0.046783157 
512 318 6 10 0.046448935 
657 327 7 10 0.046285402 
390 321 11 14 0.04623111 
709 419 12 19 0.046214636 
822 359 9 11 0.0460745 
153 272 7 10 0.045689348 
87 390 8 10 0.04567422 
661 452 21 32 0.04554586 
823 348 8 10 0.04536361 
590 345 7 9 0.044976212 
334 320 7 10 0.044541594 
127 358 8 9 0.04423615 
103 343 7 9 0.04380205 
158 381 8 11 0.043698374 
720 346 7 9 0.043593183 
135 351 7 9 0.04358208 
384 344 8 9 0.043153785 
697 365 9 11 0.0431323 
702 476 10 13 0.042441312 
17 350 8 10 0.041711688 
590 369 7 10 0.041518863 
520 326 7 9 0.041399695 
47 373 8 10 0.041366816 
37 351 7 9 0.041322503 
1004 259 13 18 0.041252445 
285 366 8 10 0.040942136 
186 311 8 11 0.04076244 
833 375 8 11 0.040654138 
603 345 7 8 0.040180597 
486 267 11 14 0.040104616 
642 459 13 16 0.039861433 
138 334 9 11 0.039655905 
638 142 11 15 0.03965495 
865 338 8 9 0.038911305 
255 350 6 8 0.0387571 
738 304 9 12 0.038571175 
943 388 12 16 0.03851875 
422 328 14 19 0.03842378 
759 447 9 11 0.038250897 
151 357 8 11 0.03809399 
502 408 11 13 0.037971184 
33 351 8 9 0.03791192 
175 350 7 9 0.03766958 
729 352 7 9 0.037378967 
377 344 6 9 0.037057873 
713 356 9 12 0.03705227 
498 341 8 10 0.036166213 
167 223 8 11 0.036160927 
186 334 7 9 0.03586968 
775 361 8 10 0.03565627 
821 435 23 31 0.035369303 
609 129 11 17 0.035345826 
612 150 13 16 0.03411027 
103 328 8 9 0.03400861 
811 390 11 13 0.033895653 
175 345 7 9 0.033637833 
652 370 11 14 0.033584427 
325 261 8 12 0.033475272 
23 333 9 11 0.033316422 
694 456 14 20 0.033209894 
890 361 7 10 0.03304848 
801 409 16 18 0.032996047 
210 311 7 10 0.032920234 
287 407 9 11 0.032687835 
605 238 10 13 0.032603767 
696 238 8 11 0.032506615 
63 382 7 8 0.03244409 
37 343 7 10 0.032304894 
656 334 7 10 0.032162677 
688 367 7 11 0.032120567 
592 405 10 11 0.031998686 
602 271 8 10 0.031975027 
337 364 8 10 0.031905543 
640 65 12 16 0.031466674 
249 344 8 9 0.031454843 
808 380 10 12 0.031142017 
623 344 7 9 0.03107593 
687 374 7 9 0.030987442 
816 491 14 18 0.030985827 
852 375 8 11 0.030911073 
667 453 12 19 0.030858152 
307 342 7 9 0.03072953 
679 380 9 12 0.030636778 
20 358 9 12 0.03057487 
117 376 8 10 0.030520784 
209 344 6 8 0.03049799 
353 383 8 12 0.030308917 
368 384 10 12 0.030263534 
696 215 11 13 0.029932737 
82 319 7 10 0.029855808 
475 395 11 13 0.029825093 
118 366 8 10 0.029680973 
326 367 8 10 0.029610524 
407 231 10 14 0.029600188 
832 380 10 12 0.029593792 
104 334 8 10 0.029477922 
687 391 8 11 0.029414607 
343 366 7 10 0.029380219 
383 127 13 13 0.029353788 
701 270 8 11 0.029308995 
384 224 10 13 0.029298732 
808 481 26 31 0.029243656 
801 442 28 31 0.029238988 
154 380 8 12 0.029192341 
153 375 8 11 0.029141668 
345 259 10 13 0.029097289 
743 462 11 14 0.028998293 
38 358 7 10 0.028897965 
55 374 7 9 0.028834164 
586 139 9 12 0.028598532 
72 328 8 11 0.02849375 
760 367 9 11 0.028321782 
287 358 8 9 0.028293967 
575 327 8 10 0.028218867 
536 336 7 9 0.0280859 
785 349 8 10 0.028076805 
640 167 8 11 0.028010156 
870 350 8 10 0.027971143 
649 240 8 10 0.027825234 
639 356 8 10 0.02780707 
684 410 14 18 0.027763722 
86 382 8 10 0.027677396 
376 351 8 9 0.02764249 
113 368 7 9 0.02763981 
716 452 11 14 0.027624736 
280 343 7 9 0.027603408 
640 352 9 11 0.027515989 
280 312 7 9 0.02737814 
367 351 7 9 0.027374737 
702 465 13 17 0.027338829 
830 349 8 10 0.027306871 
390 342 7 9 0.027297826 
63 376 8 9 0.027160058 
673 263 8 10 0.027157322 
728 345 6 9 0.027152391 
478 343 7 10 0.02710278 
168 345 7 8 0.027075948 
709 374 8 11 0.02691906 
697 373 8 10 0.026751535 
649 246 8 10 0.026747141 
118 381 7 10 0.026678322 
535 342 7 10 0.02665172 
624 329 8 9 0.026585467 
201 350 7 9 0.02653821 
253 344 7 9 0.026489588 
234 271 8 10 0.026475998 
793 332 10 12 0.026458219 
778 407 9 13 0.026444849 
185 328 7 10 0.02630015 
543 336 7 10 0.026257524 
85 327 7 10 0.026242947 
416 24 8 10 0.026108729 
379 530 12 16 0.02599576 
103 365 7 10 0.02597526 
31 328 7 9 0.025965285 
777 417 11 14 0.02588685 
701 452 18 25 0.025845602 
16 328 8 10 0.025819194 
713 346 8 10 0.025818149 
692 398 10 13 0.025683394 
199 345 7 8 0.025656743 
330 341 7 10 0.025644774 
24 329 7 10 0.02560393 
95 373 7 10 0.025572425 
849 360 8 9 0.02543791 
607 374 7 9 0.025393121 
191 391 9 11 0.02522284 
166 359 8 9 0.025208106 
362 350 7 9 0.02517277 
361 344 7 9 0.024997357 
755 472 14 18 0.024993952 
319 335 6 9 0.024989977 
871 337 7 9 0.02494708 
33 344 7 10 0.024910064 
250 365 7 10 0.024903813 
337 352 6 7 0.024815174 
369 365 7 10 0.024775805 
617 343 7 10 0.024660364 
261 397 9 12 0.024609214 
648 334 7 9 0.024539212 
673 335 8 10 0.024468191 
352 344 8 9 0.0244563 
63 391 7 10 0.024322566 
569 348 7 10 0.024312617 
702 306 11 14 0.024172863 
221 286 8 10 0.024167964 
695 413 10 15 0.024096774 
653 437 13 17 0.02408978 
789 435 12 15 0.024045935 
545 350 7 9 0.024040394 
144 422 11 14 0.02403105 
624 374 7 10 0.02392085 
531 396 8 11 0.023882898 
153 318 8 10 0.023853054 
641 329 8 9 0.023825355 
266 344 7 9 0.023766162 
864 356 8 10 0.023734102 
57 381 8 10 0.02373326 
457 341 9 12 0.023717623 
248 350 7 9 0.023679597 
681 403 11 15 0.023645464 
479 349 8 10 0.023628032 
154 417 16 23 0.023535214 
437 407 10 13 0.023520665 
472 289 12 16 0.023438513 
6 347 10 13 0.023418978 
712 365 8 10 0.02336293 
686 311 8 10 0.023280708 
118 180 8 12 0.023179058 
605 399 8 9 0.023147652 
128 345 7 9 0.023121487 
707 461 14 19 0.023118721 
514 325 6 9 0.023105416 
193 342 7 8 0.023046933 
537 327 7 9 0.023034682 
384 183 11 14 0.023033122 
334 341 7 9 0.023015551 
125 189 12 16 0.022999378 
253 467 11 14 0.022987531 
196 332 8 10 0.022986937 
136 327 10 12 0.022928331 
657 414 9 14 0.02287428 
55 342 8 10 0.022828428 
222 368 7 10 0.022764785 
488 397 9 12 0.022751616 
553 343 7 9 0.022682033 
159 360 8 10 0.022668011 
733 453 12 14 0.022645775 
760 326 8 11 0.02261875 
168 351 7 9 0.022585616 
681 326 8 10 0.022563305 
849 365 9 11 0.022531968 
287 327 8 10 0.022512116 
463 386 23 27 0.022492759 
702 388 12 13 0.022475082 
497 327 7 10 0.022470582 
304 328 7 9 0.022467984 
788 474 18 19 0.022449864 
744 464 25 29 0.022364078 
325 256 9 12 0.022355907 
213 311 8 10 0.022349361 
303 464 8 10 0.022299197 
486 351 8 10 0.022297623 
646 351 8 9 0.022223849 
655 149 11 13 0.022192609 
653 360 9 12 0.022186253 
748 431 11 13 0.022169333 
160 351 8 9 0.0221352 
80 345 7 9 0.022084827 
89 398 8 10 0.022064889 
792 455 29 31 0.022027988 
742 453 11 14 0.022008752 
115 388 9 13 0.0219772 
822 382 10 12 0.021924222 
408 31 7 10 0.021896401 
917 366 9 12 0.02186821 
409 326 9 11 0.021860538 
326 374 7 9 0.021856003 
0 359 7 12 0.021829763 
680 375 9 11 0.021827847 
649 360 9 11 0.021806516 
812 401 13 16 0.021792492 
745 376 7 10 0.021741578 
528 337 8 10 0.021725716 
800 470 27 32 0.021724114 
310 303 7 9 0.021717483 
249 360 7 10 0.02157605 
415 325 24 31 0.021566866 
295 462 9 11 0.021497898 
222 350 7 10 0.02147243 
543 311 7 10 0.021471877 
602 357 7 10 0.021437585 
852 418 13 20 0.021387283 
529 347 8 10 0.021356855 
838 388 12 15 0.02134658 
73 415 8 10 0.021337165 
758 441 10 12 0.02133522 
336 360 8 10 0.021310188 
351 367 7 10 0.02126134 
182 365 8 10 0.021251814 
684 32 31 42 0.02120508 
158 430 12 18 0.021162584 
625 350 7 9 0.021151766 
417 38 8 10 0.021062264 
719 358 9 11 0.021041835 
271 361 6 9 0.021023516 
848 340 8 10 0.020997217 
593 117 18 25 0.020955242 
80 358 7 9 0.02095335 
551 321 8 9 0.020949038 
343 351 7 8 0.020929748 
654 309 8 10 0.020845242 
445 365 11 14 0.020830695 
840 396 11 12 0.020818055 
498 336 8 10 0.02080444 
879 335 8 10 0.02077638 
5 335 10 13 0.020761413 
814 358 9 12 0.02070547 
648 254 10 12 0.020697402 
143 364 9 12 0.020660479 
696 301 10 15 0.02056612 
760 373 9 10 0.0205446 
282 351 8 9 0.020525554 
778 406 17 24 0.020507062 
700 506 25 32 0.020471297 
65 344 7 9 0.020462655 
294 302 8 9 0.020438194 
118 336 9 11 0.02041313 
393 351 7 10 0.020410642 
343 327 8 10 0.020400433 
511 313 7 10 0.02028793 
701 366 8 10 0.020144315 
777 378 11 14 0.020123709 
716 280 380 434 0.020120448 
460 269 9 13 0.020090912 
893 360 8 10 0.020089839 
640 27 47 61 0.020060237 
98 334 8 9 0.02004134 
532 392 10 12 0.020037968 
