14_Traffic_Traffic_14_267
77
74 445 17 21 0.9691854 
153 436 18 23 0.9600059 
230 475 19 27 0.9540904 
168 459 17 23 0.9532841 
737 233 16 21 0.16658054 
51 373 15 20 0.14595173 
631 436 9 12 0.14064775 
321 414 10 13 0.09987269 
65 489 12 15 0.095521495 
84 468 11 15 0.09173568 
256 471 9 12 0.091317244 
492 262 13 16 0.074246936 
76 391 9 12 0.07109114 
527 360 11 13 0.068912655 
688 407 9 11 0.06270379 
998 635 24 34 0.06265271 
392 313 31 35 0.06167079 
486 265 13 14 0.05939841 
288 436 9 12 0.052408315 
287 465 8 10 0.050910108 
468 263 9 11 0.04812906 
269 472 9 11 0.046760164 
225 223 8 10 0.04533576 
626 436 10 14 0.04486221 
84 461 11 14 0.044271808 
212 263 11 13 0.04330122 
190 232 8 11 0.041112278 
715 232 13 17 0.040518098 
215 232 9 11 0.04035047 
538 436 13 15 0.038669635 
255 398 9 9 0.037476536 
510 303 10 13 0.03640097 
746 301 9 13 0.03616156 
304 340 10 12 0.034922373 
734 350 10 12 0.0341446 
406 316 24 30 0.032787398 
224 228 9 12 0.032667514 
189 235 11 14 0.03224472 
481 268 11 12 0.031332865 
646 188 9 11 0.031271357 
273 232 8 10 0.031170245 
47 424 10 12 0.03084515 
693 301 10 13 0.0299253 
631 200 11 13 0.029698458 
496 360 8 9 0.02919441 
579 678 12 15 0.028213657 
262 471 9 12 0.027457159 
178 550 28 32 0.027343228 
483 262 22 25 0.02712065 
579 238 11 13 0.027036306 
380 159 14 17 0.026919808 
416 322 14 18 0.026231917 
134 366 12 15 0.026098091 
281 469 9 11 0.025716854 
840 237 8 10 0.025358578 
801 240 8 11 0.02526913 
263 398 8 9 0.024936153 
1009 643 13 20 0.024932694 
733 236 25 32 0.024522403 
713 366 7 10 0.024471639 
582 334 8 12 0.023792772 
704 182 8 9 0.023500675 
322 409 8 11 0.02300674 
524 359 21 24 0.022781529 
248 398 9 11 0.022600567 
281 463 8 10 0.02258161 
505 303 10 13 0.022471 
51 377 22 26 0.022205798 
210 268 8 12 0.021735378 
717 366 8 11 0.02163133 
223 280 8 9 0.021564491 
229 224 8 10 0.021168388 
7 690 13 14 0.02098326 
626 230 12 14 0.02078144 
466 268 9 12 0.020775432 
511 293 10 12 0.020424789 
33 425 10 11 0.020384753 
