14_Traffic_Traffic_14_677
51
605 207 192 269 0.99966943 
729 466 179 249 0.99955493 
412 77 185 287 0.9993432 
244 37 191 256 0.99913186 
110 212 113 175 0.56469524 
505 152 166 260 0.37547606 
168 186 510 595 0.37218353 
575 781 11 14 0.11623018 
198 108 183 229 0.113310024 
133 169 155 236 0.08221537 
554 805 12 14 0.06105137 
344 787 11 12 0.045527484 
657 801 14 17 0.04422463 
711 800 18 20 0.042658202 
330 802 14 17 0.042165067 
683 802 14 18 0.04037726 
319 789 9 11 0.03845584 
348 783 12 14 0.03350461 
592 790 10 13 0.032318544 
324 798 22 28 0.03070402 
278 790 8 10 0.030508343 
560 749 9 11 0.030130573 
326 788 9 11 0.029648224 
490 637 24 27 0.029421508 
35 420 14 17 0.029361377 
302 807 9 11 0.0292919 
67 613 23 34 0.028913373 
599 798 24 28 0.028629055 
216 724 10 15 0.028222214 
581 743 9 13 0.027436128 
256 791 9 13 0.026176274 
554 719 8 12 0.026077036 
288 789 12 13 0.025450313 
288 798 10 13 0.025439953 
555 735 38 55 0.025119266 
518 718 8 10 0.024951417 
286 803 10 12 0.024583602 
615 788 11 12 0.02370935 
575 746 11 14 0.022697816 
604 803 15 16 0.022442525 
273 790 9 10 0.022423726 
548 764 12 16 0.02234747 
288 781 12 14 0.0217342 
540 768 13 17 0.021706417 
624 798 9 11 0.021545446 
536 719 8 11 0.021134196 
653 777 11 15 0.020747669 
571 722 13 18 0.02058744 
514 718 8 11 0.020335296 
678 413 188 239 0.020206222 
566 769 12 16 0.020116119 
