14_Traffic_Traffic_14_504
27
784 249 33 37 0.9983228 
339 105 54 72 0.99094486 
337 325 53 80 0.15741828 
228 311 97 120 0.15309305 
34 103 37 46 0.1284698 
27 96 29 39 0.06917625 
448 35 379 510 0.053626243 
63 269 12 17 0.052463323 
31 94 12 15 0.040352825 
34 109 53 69 0.035567682 
124 522 13 15 0.034483425 
992 295 9 10 0.030203873 
950 317 11 13 0.030162875 
991 303 10 11 0.028314112 
982 315 10 14 0.027716625 
481 161 218 307 0.02656398 
308 334 56 82 0.025301108 
989 308 11 14 0.025035944 
989 334 11 12 0.024659578 
309 120 66 87 0.023676641 
304 90 51 75 0.022864716 
397 15 118 114 0.022461219 
28 96 18 24 0.021991799 
125 78 58 74 0.021083398 
349 343 37 44 0.020793946 
479 52 33 38 0.020476425 
461 186 17 20 0.020129332 
