14_Traffic_Traffic_14_644
64
523 159 15 19 0.99388736 
652 97 15 20 0.9902644 
642 164 17 21 0.9784732 
587 387 21 25 0.9779398 
336 105 16 19 0.9478941 
406 155 17 21 0.93268925 
439 32 16 18 0.69976836 
804 151 16 18 0.6677482 
353 26 13 17 0.5950982 
472 84 15 16 0.42271575 
787 146 11 15 0.3362993 
482 198 12 14 0.09748255 
483 157 14 16 0.09605695 
494 174 11 12 0.08504432 
505 155 14 16 0.07927131 
364 175 9 12 0.07062016 
452 73 12 16 0.06706724 
237 513 36 41 0.06378012 
684 161 11 15 0.061253738 
783 142 20 24 0.059753463 
95 269 9 10 0.05527613 
485 148 14 16 0.050414845 
813 143 11 13 0.047947794 
381 71 10 15 0.04051162 
806 145 13 16 0.039418668 
319 139 22 30 0.038687017 
462 85 12 16 0.038181532 
448 93 8 11 0.037690595 
447 157 12 15 0.036969565 
783 152 13 17 0.034343198 
448 67 20 26 0.034250293 
123 304 11 13 0.03392046 
412 69 11 15 0.032768317 
462 157 14 17 0.031466506 
189 143 25 31 0.030847797 
452 155 13 16 0.029821401 
625 238 9 11 0.028984897 
408 27 9 12 0.0289676 
448 84 10 13 0.028862605 
459 75 13 17 0.027992724 
475 178 14 17 0.027062917 
276 44 11 15 0.026561946 
502 162 12 14 0.026559277 
86 24 13 17 0.02620105 
389 223 7 10 0.025339553 
358 0 13 18 0.025306754 
398 238 8 10 0.025029844 
322 172 10 13 0.024544861 
319 139 13 19 0.0244166 
266 116 10 13 0.024059055 
243 443 27 33 0.023663068 
372 102 10 13 0.022751551 
344 75 28 31 0.022057652 
441 161 11 15 0.022029279 
335 76 23 29 0.021763379 
333 81 13 18 0.021685934 
276 38 10 14 0.021669533 
365 17 10 14 0.021658767 
358 99 13 14 0.0215154 
542 237 9 11 0.021432562 
349 40 13 15 0.020836733 
270 36 12 15 0.020836357 
454 83 12 15 0.020612506 
818 148 12 15 0.020393128 
