14_Traffic_Traffic_14_380
146
651 199 32 37 0.99102074 
299 241 85 79 0.98470277 
718 224 48 60 0.9839342 
45 165 27 31 0.96996325 
541 191 33 43 0.962495 
923 274 84 105 0.8454833 
765 117 19 25 0.78153723 
190 162 21 24 0.7398736 
1 154 16 19 0.69730735 
995 147 17 19 0.6124253 
495 187 23 29 0.4034023 
224 163 24 28 0.33764136 
799 209 46 73 0.3252986 
606 449 29 32 0.22792144 
408 181 24 29 0.1880901 
451 154 20 27 0.17907344 
457 176 23 29 0.17896973 
116 166 23 28 0.1534615 
441 185 17 23 0.121347934 
628 347 16 20 0.117595635 
899 295 59 81 0.115461014 
923 126 23 28 0.10599084 
127 144 12 15 0.10119246 
401 187 25 33 0.10110932 
890 211 38 39 0.098092064 
398 169 25 35 0.08429195 
173 181 14 16 0.07969047 
0 179 10 16 0.07771856 
445 160 16 22 0.06822619 
391 147 12 13 0.0681386 
385 199 28 43 0.06658669 
379 161 15 18 0.06087353 
988 122 11 14 0.06078075 
884 269 59 85 0.059679825 
985 119 11 13 0.058056746 
20 261 15 21 0.057838492 
763 148 12 16 0.057246126 
1012 98 11 17 0.054932337 
598 405 11 12 0.054720227 
424 183 25 29 0.05309813 
382 164 24 36 0.052410994 
258 124 9 12 0.050856385 
775 119 16 20 0.049217403 
988 222 38 63 0.048491117 
894 221 54 59 0.04660997 
420 140 12 14 0.045903336 
734 140 12 16 0.045508582 
37 352 12 15 0.044467844 
793 173 27 37 0.043635424 
471 213 13 18 0.04335421 
438 179 15 21 0.042904634 
0 224 16 20 0.0425988 
724 117 9 13 0.041745715 
829 214 60 74 0.039902024 
740 123 11 14 0.039180536 
691 158 24 30 0.039020292 
484 161 13 16 0.0382526 
387 162 12 16 0.037731018 
190 175 13 17 0.03741851 
652 449 14 16 0.036234457 
442 166 22 32 0.036225386 
378 306 15 20 0.03505217 
533 167 16 21 0.03495081 
821 191 54 75 0.033923827 
228 159 14 17 0.03324481 
260 163 12 15 0.032941226 
878 242 54 66 0.03255182 
126 136 13 15 0.032455128 
497 180 18 23 0.032225933 
244 169 14 19 0.032186914 
191 186 11 15 0.032009155 
178 186 12 15 0.03153305 
1009 147 13 20 0.031506825 
397 208 16 24 0.03094196 
1002 143 16 21 0.030814422 
108 142 20 27 0.030698163 
556 153 15 19 0.030596558 
388 155 14 18 0.030230267 
901 251 63 77 0.030107355 
288 142 9 11 0.028621208 
640 171 12 13 0.02857421 
257 142 8 10 0.028488748 
117 138 14 19 0.02793809 
418 189 18 21 0.027754258 
171 180 24 27 0.026674205 
460 217 21 34 0.02662775 
280 136 7 10 0.02658808 
487 253 13 17 0.025822144 
810 224 53 74 0.025701806 
447 182 23 30 0.025452193 
725 124 9 12 0.025441678 
451 225 26 38 0.025245488 
337 141 9 12 0.025133492 
510 216 27 40 0.025098015 
211 162 25 31 0.025027439 
279 159 10 13 0.0248998 
110 141 12 18 0.024876295 
125 154 13 16 0.02471729 
642 348 12 15 0.024625706 
536 179 27 41 0.024622476 
922 117 46 57 0.02460534 
468 232 12 18 0.024542667 
218 176 27 29 0.02452178 
402 197 29 39 0.02450768 
479 163 12 16 0.024400188 
783 223 38 56 0.02433568 
617 453 35 32 0.024314778 
759 141 21 28 0.024191774 
429 148 9 13 0.023922352 
439 148 12 15 0.023874713 
371 162 27 32 0.023590049 
491 222 12 15 0.0235627 
622 466 36 39 0.023527248 
109 158 24 30 0.02332499 
184 209 24 34 0.023282554 
13 317 12 14 0.023240983 
801 248 33 49 0.023034204 
644 167 12 15 0.02301648 
438 170 15 21 0.022949575 
395 143 13 14 0.022941098 
413 145 16 17 0.022901446 
502 181 26 32 0.022364799 
777 164 28 34 0.021945802 
104 194 27 32 0.021814609 
338 247 62 59 0.021752408 
656 154 12 16 0.021579059 
540 201 20 28 0.021576388 
630 448 30 29 0.021514395 
475 180 12 17 0.021415425 
734 205 53 74 0.021297468 
803 176 30 42 0.021163693 
384 150 11 13 0.021153193 
459 159 21 30 0.021115186 
194 168 24 27 0.02107492 
807 194 31 46 0.020984113 
123 141 21 24 0.020875033 
486 232 13 16 0.020865552 
939 131 13 16 0.02059095 
904 266 31 44 0.0205898 
405 161 15 21 0.020454818 
266 237 57 72 0.02041991 
432 219 48 56 0.020385494 
469 221 21 28 0.020332094 
278 118 8 10 0.02029212 
787 160 29 35 0.020187747 
111 184 26 31 0.020112993 
