14_Traffic_Traffic_14_443
156
660 154 13 17 0.96564275 
510 130 13 16 0.7810232 
459 159 10 12 0.23721783 
473 168 10 12 0.22701077 
497 143 8 11 0.18938269 
802 147 11 15 0.16206416 
643 170 12 15 0.11412486 
732 192 11 13 0.110900305 
299 206 15 18 0.0891307 
56 309 8 11 0.08739702 
421 150 8 11 0.0780163 
455 161 12 15 0.07548277 
429 224 16 18 0.075360335 
497 147 10 13 0.07216487 
1006 267 13 21 0.06656575 
603 124 11 14 0.0662512 
749 189 9 11 0.0655768 
501 140 12 14 0.062341325 
1 176 12 22 0.061005916 
690 150 11 15 0.060916312 
478 159 9 12 0.060892653 
449 156 10 13 0.06023665 
500 148 13 14 0.060177453 
40 311 8 10 0.05941924 
478 143 7 10 0.059353475 
22 310 7 10 0.05883804 
565 156 10 14 0.058742367 
735 223 10 12 0.05801464 
819 228 15 19 0.056886893 
590 150 11 14 0.05557825 
89 139 12 16 0.052635703 
742 230 12 15 0.05173368 
612 140 12 13 0.05161469 
449 174 9 13 0.050825495 
557 161 15 19 0.050518196 
21 334 8 11 0.050408848 
634 244 12 15 0.05005883 
671 287 9 12 0.04982643 
572 170 14 16 0.04964901 
582 150 11 13 0.049204662 
640 166 11 16 0.049068186 
381 140 14 16 0.04854914 
472 160 9 11 0.04808211 
597 108 8 11 0.046588197 
421 155 9 13 0.04653587 
88 311 10 12 0.04608804 
742 197 12 16 0.04504661 
748 196 13 16 0.044711106 
595 150 12 15 0.04396286 
704 179 9 12 0.043731704 
478 150 8 10 0.043600217 
18 305 7 10 0.04354089 
476 176 11 15 0.041604217 
509 145 14 16 0.041236304 
632 157 9 14 0.041038897 
825 152 9 11 0.041001335 
509 157 12 15 0.040786684 
798 141 19 25 0.04009928 
125 377 9 10 0.039450448 
685 131 9 12 0.038838867 
506 132 11 15 0.038580425 
576 149 11 13 0.037037067 
848 266 12 15 0.035852373 
661 110 10 12 0.034444578 
1006 258 13 19 0.03443345 
380 146 18 19 0.034242254 
744 190 9 11 0.033958185 
62 312 8 10 0.033768892 
875 216 17 21 0.033724643 
567 153 10 12 0.03349651 
384 135 11 14 0.03340351 
542 172 11 17 0.033012148 
525 133 10 13 0.03284901 
495 134 9 13 0.031737357 
82 312 7 10 0.031387895 
729 232 8 11 0.031200102 
454 156 20 24 0.030838031 
509 102 209 227 0.030348307 
495 155 11 14 0.03014359 
992 240 9 13 0.030089717 
80 317 8 11 0.029879615 
514 135 15 19 0.029788857 
663 221 11 13 0.029553577 
658 143 10 12 0.029497065 
548 169 15 19 0.029155513 
56 140 9 12 0.028540881 
64 334 7 9 0.028412357 
447 153 9 11 0.028262332 
1002 252 20 34 0.028189704 
485 163 11 15 0.027824681 
575 142 12 14 0.027808143 
472 160 18 24 0.027382165 
469 170 21 26 0.026972076 
93 312 8 10 0.026964445 
95 315 8 11 0.026490396 
734 200 12 16 0.026452815 
128 320 7 8 0.025817206 
79 336 7 8 0.025725741 
568 169 11 16 0.025677864 
104 384 7 9 0.025417099 
121 376 8 11 0.025266405 
184 222 9 11 0.025265403 
509 179 25 30 0.025220776 
502 154 14 16 0.025189476 
515 156 13 16 0.02516929 
16 328 8 10 0.025079392 
70 327 7 9 0.025006823 
136 384 8 10 0.02493427 
852 172 16 20 0.024490861 
23 329 8 10 0.024452271 
40 305 8 10 0.024420092 
606 131 11 14 0.024176395 
668 163 11 14 0.02412334 
520 160 24 31 0.024067853 
632 191 8 12 0.024020208 
822 156 158 218 0.02384563 
573 154 13 15 0.023731837 
730 223 8 11 0.023658605 
502 133 19 24 0.023539197 
892 34 31 33 0.02351758 
637 158 9 12 0.02348214 
736 229 11 15 0.023420643 
72 310 7 10 0.02312313 
858 179 12 17 0.022800032 
294 211 15 17 0.022458917 
532 142 11 13 0.022249797 
179 243 13 15 0.02199105 
966 275 10 12 0.021859774 
676 173 10 14 0.02184318 
104 345 8 10 0.021789303 
871 164 13 16 0.021770455 
40 334 7 9 0.021767983 
64 317 7 10 0.021743877 
631 151 9 12 0.021431789 
746 184 9 12 0.021416284 
22 305 8 11 0.021395432 
448 165 11 15 0.0212881 
740 224 12 14 0.021160215 
561 125 9 11 0.021044359 
55 327 8 11 0.020996379 
830 152 9 12 0.020862961 
120 319 6 8 0.020805422 
496 128 9 11 0.020767512 
959 274 11 13 0.020760462 
574 128 10 13 0.020698315 
670 195 10 13 0.020596696 
644 101 9 13 0.020439912 
531 147 13 16 0.020437144 
999 264 24 40 0.020419663 
48 310 8 11 0.020397753 
929 562 13 13 0.02038779 
801 231 10 13 0.020351924 
145 319 7 9 0.020325268 
104 318 7 9 0.02023683 
709 176 9 12 0.02015874 
534 170 14 19 0.020144796 
