44_Aerobics_Aerobics_44_332
131
427 305 29 35 0.9981341 
547 304 15 22 0.9836097 
748 305 15 20 0.97685724 
124 300 14 19 0.96348464 
180 306 22 26 0.9548558 
22 293 13 17 0.9380815 
75 300 10 13 0.91286147 
832 302 17 23 0.8835012 
700 308 24 28 0.87485385 
986 303 14 16 0.855909 
655 298 12 16 0.84448195 
393 299 16 21 0.8274742 
208 298 14 20 0.81435925 
533 285 12 15 0.80649394 
869 302 11 14 0.78136164 
300 306 11 14 0.6984323 
769 295 9 13 0.6619244 
238 290 16 19 0.6056737 
384 304 15 19 0.38023046 
49 310 9 11 0.29630443 
312 299 10 14 0.28803068 
36 335 10 12 0.28382823 
333 291 8 11 0.20733103 
670 302 11 13 0.13570249 
76 325 10 12 0.12032305 
644 326 10 14 0.11648908 
934 301 10 12 0.113262 
940 323 12 16 0.110028006 
525 301 12 16 0.10419068 
329 289 9 12 0.10155401 
71 324 10 12 0.096512884 
232 290 14 18 0.093864605 
263 317 10 14 0.09300136 
933 296 9 11 0.079745255 
268 317 12 16 0.07613325 
648 295 10 13 0.07187913 
901 325 13 16 0.07145882 
565 361 12 16 0.06902487 
861 357 9 12 0.06792359 
274 344 9 11 0.06642802 
934 317 13 17 0.06381307 
66 323 10 12 0.06235786 
941 301 10 13 0.059866432 
866 294 10 12 0.058866575 
49 305 9 11 0.05862124 
-1 300 7 12 0.05672262 
535 306 14 18 0.054111823 
712 310 17 22 0.05351745 
47 313 12 16 0.053184304 
174 307 18 20 0.052826118 
314 293 12 14 0.04996804 
642 296 8 11 0.049927387 
928 318 11 15 0.048716463 
889 326 10 13 0.046169534 
646 319 11 14 0.04590331 
169 306 13 19 0.04497017 
675 302 10 14 0.044015467 
325 327 10 11 0.042340133 
488 334 23 30 0.04213678 
148 310 12 15 0.041221507 
538 290 13 17 0.040885374 
143 315 13 17 0.03914492 
192 299 18 26 0.039045695 
783 318 9 12 0.03896522 
930 300 9 11 0.038893975 
54 305 8 10 0.038635027 
297 262 9 11 0.038627572 
822 306 15 19 0.038162537 
700 300 19 24 0.03582137 
333 317 11 14 0.034981094 
780 349 13 17 0.034457102 
942 296 10 12 0.034412336 
947 324 11 15 0.03400984 
262 312 10 13 0.033685263 
754 302 11 16 0.033352055 
894 325 12 16 0.032996338 
862 287 9 12 0.03260427 
695 311 16 22 0.031998385 
88 323 9 12 0.031695034 
259 363 13 16 0.031495504 
527 291 13 16 0.031468354 
452 292 12 18 0.031129662 
994 326 14 17 0.030999992 
588 291 12 17 0.030723829 
769 372 10 13 0.030452332 
257 318 11 14 0.030428743 
48 322 10 12 0.03032473 
317 308 9 12 0.030067822 
946 389 9 12 0.0298799 
71 295 17 22 0.029480042 
343 316 10 15 0.02931873 
577 309 10 13 0.028690372 
88 310 9 12 0.028145669 
61 343 9 10 0.02766035 
585 286 10 13 0.027135728 
149 277 13 16 0.026927948 
284 286 10 12 0.025618503 
92 317 12 13 0.0255357 
103 310 11 15 0.025248015 
628 293 11 15 0.025202641 
775 318 10 12 0.025015272 
899 267 11 13 0.024933893 
349 315 12 17 0.024619795 
571 359 11 14 0.024590066 
774 324 9 12 0.024494871 
934 306 13 17 0.024460452 
767 290 16 21 0.024206992 
17 287 10 13 0.02395426 
710 292 24 31 0.023943463 
101 368 9 12 0.023881402 
93 311 10 13 0.023504833 
856 350 11 16 0.023329215 
958 356 10 14 0.023111338 
377 306 12 18 0.022887921 
255 322 11 15 0.022871152 
328 341 8 11 0.022717593 
838 298 13 17 0.022181958 
994 301 11 16 0.022168398 
518 294 11 17 0.022040166 
856 287 9 12 0.02167598 
72 304 11 14 0.021629615 
640 317 11 16 0.02138347 
318 286 11 14 0.021187779 
880 270 10 12 0.021056987 
693 301 14 19 0.020998104 
311 306 10 13 0.0209643 
947 299 11 16 0.020889968 
149 269 11 13 0.020886332 
781 340 11 16 0.020767294 
666 490 19 23 0.020609288 
270 358 11 14 0.02031863 
