44_Aerobics_Aerobics_44_852
138
236 257 27 32 0.99877316 
438 252 29 37 0.9987483 
349 214 15 19 0.99696535 
388 275 36 44 0.99665856 
699 260 41 49 0.9958554 
121 289 26 38 0.9930502 
487 230 22 29 0.98598665 
947 201 18 24 0.9851348 
327 222 19 24 0.98348516 
190 236 17 22 0.97647536 
223 224 15 19 0.9717557 
92 257 22 26 0.96491 
909 193 14 17 0.9643052 
168 241 18 21 0.9539025 
264 241 21 26 0.8998023 
0 240 12 19 0.8061129 
676 225 18 20 0.7499427 
493 203 14 16 0.58009315 
847 197 12 16 0.48114714 
981 173 13 17 0.46847454 
874 174 9 11 0.37927353 
713 226 19 22 0.2955103 
266 264 15 18 0.25897387 
931 173 14 19 0.2367348 
638 239 15 19 0.19320783 
682 234 25 30 0.19187322 
533 246 18 22 0.16886777 
285 234 15 20 0.16223654 
650 200 14 20 0.13932799 
564 246 18 21 0.13896616 
683 232 16 19 0.13062376 
806 223 8 10 0.12756445 
340 215 17 24 0.114547394 
899 230 14 19 0.11193008 
614 200 13 18 0.11137498 
178 238 18 24 0.10064622 
886 169 13 16 0.09043671 
908 173 10 14 0.08652927 
619 203 13 17 0.08358976 
266 251 20 27 0.08334083 
277 238 20 26 0.082212955 
618 234 14 16 0.0692268 
612 228 15 19 0.066462144 
35 313 13 18 0.0662014 
572 235 13 17 0.06479165 
986 173 16 19 0.061552007 
491 31 386 452 0.05590284 
875 178 12 15 0.054788515 
273 246 17 21 0.051594213 
836 183 11 13 0.051137958 
870 214 12 15 0.051062174 
933 166 13 16 0.05100808 
847 209 11 14 0.05014359 
308 260 23 25 0.047880773 
564 233 22 28 0.04577538 
306 202 13 16 0.044590093 
905 168 9 12 0.044162784 
245 249 24 31 0.041721143 
273 236 16 19 0.04102607 
852 210 11 14 0.040691156 
922 15 8 11 0.040657654 
976 176 13 16 0.040176794 
609 202 12 15 0.03965869 
325 200 16 18 0.039601106 
37 179 437 425 0.039298628 
13 278 13 16 0.038998883 
132 298 27 31 0.038269155 
807 216 8 11 0.03718774 
490 200 10 12 0.034574326 
903 176 13 17 0.034049314 
924 210 14 18 0.03404325 
921 21 8 11 0.033540465 
889 236 11 15 0.033517603 
686 241 31 34 0.03345715 
627 225 15 19 0.033410244 
918 209 13 17 0.033255663 
998 38 10 13 0.032505654 
806 227 9 12 0.032495853 
909 211 12 15 0.032485094 
535 240 13 17 0.03215703 
176 542 12 16 0.03204447 
834 188 9 11 0.031784873 
277 194 13 15 0.031489532 
291 229 14 20 0.030100377 
583 251 11 15 0.029581254 
621 231 22 24 0.02956786 
862 214 12 15 0.029059755 
822 176 9 10 0.029005513 
914 201 15 18 0.028818117 
935 159 9 13 0.028614273 
846 202 21 27 0.027702702 
941 227 16 21 0.027646014 
7 274 12 17 0.027524296 
618 337 16 19 0.027478043 
790 222 9 11 0.027109617 
841 205 11 13 0.026844272 
927 167 12 15 0.026692875 
547 248 14 19 0.026540305 
917 170 12 16 0.02641806 
989 165 14 17 0.02637235 
285 222 12 15 0.026316775 
907 234 12 17 0.026193434 
934 204 13 18 0.02594122 
612 235 25 25 0.02583499 
6 267 11 15 0.025735414 
201 265 15 20 0.02552048 
831 204 9 12 0.025241282 
361 272 24 31 0.025222309 
558 241 17 21 0.02497193 
702 89 361 423 0.024616279 
871 168 18 23 0.024454366 
801 216 9 10 0.02434288 
117 262 12 16 0.023994945 
670 230 17 21 0.023924481 
487 207 20 23 0.023851244 
216 275 12 17 0.023629567 
616 201 22 26 0.023136398 
902 219 12 17 0.022748595 
62 219 13 16 0.022634389 
998 28 11 13 0.022563102 
19 277 13 15 0.02255061 
1004 23 8 11 0.022211479 
677 217 15 18 0.022191811 
597 197 11 13 0.022182211 
113 211 15 19 0.021954037 
877 185 11 14 0.021535732 
543 234 24 31 0.021120355 
164 256 15 17 0.021119162 
625 215 22 25 0.020871101 
151 280 21 32 0.020627553 
636 212 13 16 0.020550024 
788 213 10 13 0.020543667 
839 211 11 14 0.020478988 
401 258 25 32 0.020471696 
863 172 10 13 0.02046648 
244 210 16 19 0.02022824 
599 202 11 14 0.020227483 
391 166 378 455 0.02014643 
