44_Aerobics_Aerobics_44_66
20
904 230 29 40 0.9995915 
780 202 48 60 0.9992805 
435 235 36 48 0.9992188 
254 142 68 97 0.9971433 
676 195 40 42 0.98692256 
90 256 16 19 0.9727279 
474 260 22 28 0.96120423 
334 197 41 51 0.188424 
54 268 56 61 0.10002101 
627 621 17 17 0.051294666 
315 168 78 100 0.04932397 
239 166 21 35 0.0473861 
569 349 507 350 0.041480206 
575 150 47 59 0.035800677 
344 205 51 66 0.03359935 
31 247 98 97 0.028575644 
75 67 33 33 0.022147806 
261 370 49 37 0.02142165 
458 541 31 37 0.020778783 
576 153 14 19 0.02040658 
