44_Aerobics_Aerobics_44_17
45
824 340 54 68 0.9964318 
378 66 31 39 0.99637765 
275 325 51 57 0.9903775 
158 153 28 33 0.7069909 
213 188 29 40 0.2839191 
492 129 32 29 0.26164198 
378 271 42 37 0.19222762 
178 188 35 35 0.15224035 
191 177 48 53 0.101086415 
678 12 11 14 0.08182632 
568 5 26 28 0.05381268 
475 131 57 45 0.0518785 
796 343 49 67 0.048540596 
144 140 32 38 0.047013585 
294 7 13 16 0.045939278 
371 248 67 58 0.04557796 
133 133 31 36 0.04076725 
50 80 44 56 0.040089093 
182 28 10 13 0.039474968 
637 13 11 13 0.037605096 
428 70 25 29 0.03736342 
414 51 39 49 0.03733297 
313 21 26 33 0.03451054 
454 146 29 36 0.032418646 
413 49 17 21 0.03202896 
595 310 53 47 0.031838655 
131 122 28 33 0.03094889 
880 227 27 35 0.029673325 
272 13 10 13 0.028509952 
671 7 11 15 0.028278098 
299 6 12 14 0.028275337 
219 184 44 55 0.026127962 
523 152 15 19 0.025853433 
104 233 16 20 0.025235895 
412 53 24 31 0.025189891 
499 235 58 49 0.02509061 
496 95 110 122 0.024770947 
16 5 17 18 0.024712441 
181 148 83 96 0.024320593 
247 191 46 58 0.024079658 
208 226 26 31 0.02356636 
222 180 13 17 0.023133397 
173 177 31 34 0.022933122 
60 310 215 255 0.022179097 
688 92 26 34 0.02184736 
