44_Aerobics_Aerobics_44_329
39
325 71 16 21 0.90149814 
685 326 16 23 0.71011394 
946 257 15 23 0.3596786 
873 294 15 20 0.26849067 
68 36 124 178 0.12774411 
839 275 12 15 0.1053513 
516 286 18 22 0.100510165 
678 251 12 18 0.08934292 
502 503 34 35 0.0787197 
505 480 37 47 0.06911511 
83 406 28 31 0.06411254 
805 336 15 22 0.059637148 
821 262 10 15 0.059215933 
811 338 51 62 0.052125186 
951 263 18 22 0.052032016 
876 355 17 20 0.041030526 
332 320 18 22 0.03969253 
807 325 22 30 0.03647826 
365 101 11 13 0.03130661 
505 288 39 60 0.030757554 
513 290 24 34 0.030568874 
160 363 11 15 0.030414952 
800 331 12 20 0.030300923 
795 319 81 105 0.028181674 
83 369 27 32 0.028037183 
85 383 26 30 0.028004203 
189 393 13 16 0.026240382 
809 343 17 20 0.02610405 
374 103 9 12 0.02543651 
689 328 22 26 0.024335928 
818 328 16 19 0.022506418 
318 337 14 20 0.022471411 
83 393 43 52 0.021765262 
510 287 15 22 0.021438811 
83 403 16 19 0.02104429 
518 279 13 18 0.021022955 
98 402 14 19 0.021018256 
288 151 10 13 0.020776628 
814 348 32 39 0.020520438 
