44_Aerobics_Aerobics_44_742
29
163 194 27 36 0.99936956 
775 256 27 36 0.9985714 
270 242 32 40 0.9981173 
461 134 37 50 0.9928946 
594 262 22 28 0.96673757 
702 241 29 34 0.9561414 
676 254 47 55 0.2323708 
706 228 24 30 0.15491264 
308 245 29 35 0.08161945 
570 242 15 18 0.0738778 
709 221 16 18 0.06410741 
700 234 20 23 0.0406557 
343 245 26 37 0.035358865 
37 199 10 13 0.033026904 
348 237 14 17 0.03263065 
369 243 19 24 0.03136511 
674 276 36 38 0.031246647 
341 225 16 21 0.026849464 
310 244 17 19 0.024456527 
343 216 19 20 0.023815164 
577 252 47 54 0.023412649 
312 256 50 66 0.023066463 
187 234 16 20 0.02283115 
235 287 42 53 0.02206095 
729 294 45 54 0.022005549 
342 241 17 20 0.021548117 
652 236 17 19 0.020988123 
722 255 16 20 0.020912882 
147 221 14 18 0.020566922 
