44_Aerobics_Aerobics_44_629
22
349 258 57 70 0.99906224 
552 259 52 67 0.99875176 
828 245 47 61 0.99654156 
712 282 53 68 0.9964037 
323 94 39 53 0.986782 
265 75 17 19 0.1390932 
94 661 37 43 0.08641219 
764 298 34 51 0.065664254 
664 316 36 55 0.061391693 
825 627 56 70 0.05250179 
797 605 60 69 0.036205042 
282 83 13 17 0.034477416 
269 78 22 26 0.032157667 
658 643 15 18 0.03061028 
413 108 25 34 0.030305749 
669 624 17 19 0.02870213 
656 644 27 35 0.027631737 
790 578 103 123 0.026623897 
792 609 39 49 0.023741504 
119 154 369 449 0.02307516 
733 622 24 31 0.021387713 
741 282 44 61 0.020535838 
