44_Aerobics_Aerobics_44_443
40
378 261 102 144 0.9999001 
242 830 54 54 0.46016333 
548 1131 106 129 0.43313295 
824 1019 209 325 0.33234712 
462 1150 42 58 0.32790104 
429 205 58 68 0.32483363 
4 202 38 51 0.146944 
841 352 196 299 0.14686605 
32 500 33 46 0.09719545 
46 384 100 114 0.06330162 
34 277 117 123 0.057091475 
-19 279 192 267 0.052821822 
761 348 382 408 0.050893493 
747 981 145 199 0.048938006 
58 307 73 71 0.046980247 
407 219 90 112 0.046860777 
0 524 25 46 0.040411253 
928 881 72 70 0.0383527 
-9 181 70 111 0.03680945 
-57 844 423 490 0.03547744 
899 850 110 126 0.033555113 
-77 107 360 520 0.03297371 
39 543 50 59 0.032370042 
4 506 40 59 0.031753924 
842 756 179 284 0.030117618 
101 543 46 57 0.02779927 
25 207 33 37 0.027530795 
13 445 56 67 0.026436342 
782 593 43 39 0.026020799 
23 514 49 61 0.025149541 
-1 457 22 35 0.024925265 
5 445 90 116 0.02411144 
17 194 48 67 0.023200877 
584 1143 63 85 0.023048634 
20 483 31 41 0.022158109 
10 259 51 63 0.021885008 
42 209 26 30 0.021756925 
0 516 9 15 0.021674039 
675 809 320 439 0.021464882 
520 1117 38 42 0.020419205 
