44_Aerobics_Aerobics_44_167
60
894 486 134 187 0.999617 
885 322 57 79 0.99816006 
682 268 23 29 0.99806076 
272 309 69 94 0.9975701 
611 307 26 32 0.994618 
374 281 32 44 0.9946162 
844 232 18 23 0.9914552 
958 261 14 18 0.991256 
176 278 24 29 0.98623174 
791 274 36 48 0.9861718 
926 244 21 29 0.98433083 
724 261 19 23 0.9520083 
748 245 14 18 0.92819387 
573 245 17 20 0.902525 
1004 266 17 22 0.89673537 
768 270 23 35 0.85355234 
875 259 16 19 0.6848117 
376 264 19 23 0.6741636 
907 279 17 19 0.31015435 
373 269 26 35 0.27052334 
903 282 26 30 0.17873405 
993 220 9 11 0.16337825 
828 257 15 20 0.1328768 
595 105 24 29 0.11550248 
720 126 28 33 0.098190784 
703 130 26 32 0.093913406 
990 261 12 17 0.07596673 
979 235 12 15 0.07533741 
1010 261 13 21 0.06882459 
869 268 23 30 0.056314837 
953 285 16 22 0.05574191 
984 316 31 42 0.05514667 
1012 300 12 17 0.050906204 
752 274 27 36 0.050734174 
528 351 9 12 0.04946341 
189 373 30 34 0.048257872 
820 263 21 29 0.04717528 
868 282 15 20 0.04668117 
568 343 11 13 0.046457104 
206 296 17 21 0.04266878 
616 411 29 30 0.04255828 
997 262 15 20 0.0361582 
601 177 29 36 0.035075594 
571 352 15 17 0.03481324 
893 294 33 36 0.03014242 
555 111 26 33 0.028823376 
743 278 23 32 0.026660416 
1000 618 25 41 0.025284471 
886 286 28 31 0.025197916 
964 269 14 20 0.025024556 
913 293 18 23 0.02490124 
563 345 24 28 0.02473384 
769 268 15 21 0.024389606 
736 251 21 26 0.022875946 
603 111 25 32 0.022086028 
628 135 17 21 0.020992074 
692 143 28 34 0.020847425 
890 289 16 20 0.020568147 
803 269 26 35 0.02029165 
984 261 12 15 0.02015909 
