44_Aerobics_Aerobics_44_610
31
386 110 88 121 0.9987703 
298 449 27 33 0.30115002 
208 589 176 251 0.12213152 
462 996 13 15 0.0692435 
79 742 54 66 0.069091335 
0 411 360 479 0.053719837 
792 685 51 63 0.051269848 
0 907 27 48 0.0502493 
7 854 53 54 0.043066893 
635 914 20 23 0.042633727 
630 598 346 442 0.04254235 
47 971 56 65 0.03950115 
43 987 90 104 0.035933882 
895 911 10 13 0.033534937 
0 874 46 65 0.033160362 
814 687 33 43 0.03298473 
445 989 10 11 0.030175505 
579 371 334 482 0.029613096 
296 455 15 23 0.02382766 
675 587 54 76 0.02365533 
843 751 13 14 0.022345526 
76 767 38 44 0.02196318 
712 672 41 51 0.021356635 
492 614 106 159 0.021277614 
994 21 9 13 0.021223208 
672 154 52 63 0.021174992 
731 693 15 17 0.020811902 
992 84 11 15 0.020640783 
309 440 15 16 0.020388365 
387 87 394 381 0.020236067 
349 447 28 31 0.02009262 
