44_Aerobics_Aerobics_44_585
43
820 209 35 47 0.9958372 
530 185 28 39 0.98101693 
180 206 27 39 0.9751133 
594 171 24 32 0.80027604 
309 151 27 32 0.64527327 
283 193 36 54 0.53134763 
243 142 29 34 0.19625324 
295 154 25 31 0.105802484 
84 395 204 296 0.10018172 
344 163 23 32 0.09550676 
285 156 22 30 0.090305984 
525 195 37 51 0.072952434 
251 150 29 42 0.05045522 
929 224 28 33 0.049697407 
323 153 29 34 0.04917072 
124 166 21 27 0.041970413 
693 239 15 18 0.038321856 
339 152 22 32 0.03753697 
342 148 16 20 0.037307635 
238 235 40 53 0.036038607 
170 197 14 20 0.035282202 
102 168 11 13 0.032532986 
330 155 39 48 0.031361204 
270 216 35 48 0.030976092 
285 185 26 39 0.029753484 
626 185 28 37 0.029728925 
271 152 28 39 0.028896907 
243 229 26 33 0.028435051 
393 362 237 332 0.028298201 
183 181 13 16 0.02801762 
315 177 29 33 0.02707096 
589 175 19 24 0.025879195 
188 179 15 19 0.02579857 
292 168 46 62 0.025310863 
253 211 30 36 0.02446601 
171 199 24 35 0.024039749 
421 180 35 53 0.02274441 
664 136 45 60 0.022660919 
42 268 12 15 0.022100192 
264 204 31 42 0.021761939 
285 167 27 36 0.02171446 
269 242 28 39 0.021610156 
269 177 39 55 0.020935114 
