44_Aerobics_Aerobics_44_916
58
248 307 48 57 0.9980292 
519 315 48 57 0.9977062 
371 198 42 53 0.99629337 
343 182 34 47 0.99583167 
702 301 47 56 0.99555355 
493 64 44 61 0.9951616 
790 199 43 50 0.9914664 
618 201 41 51 0.9906598 
489 190 37 45 0.97962874 
130 205 44 51 0.9756236 
596 196 28 35 0.6253835 
469 565 28 34 0.54310584 
718 204 37 53 0.34325925 
460 192 27 36 0.3380917 
547 583 49 47 0.29864156 
723 229 38 54 0.12155275 
522 518 27 32 0.0935578 
518 224 22 29 0.0786929 
557 254 30 39 0.06376996 
851 149 91 131 0.06323626 
852 176 54 75 0.06045576 
553 267 36 48 0.05511219 
473 226 24 31 0.053100925 
467 204 27 36 0.049333464 
473 198 39 46 0.04820842 
585 206 28 37 0.044921238 
500 204 30 40 0.04016445 
442 459 30 44 0.03891216 
531 227 25 32 0.038042996 
709 249 44 54 0.037925262 
471 554 19 21 0.03725251 
590 538 48 64 0.035136197 
538 233 16 20 0.035094563 
392 567 36 46 0.03394181 
441 280 32 42 0.033830427 
203 271 41 53 0.03357672 
706 216 41 58 0.032905027 
334 553 31 37 0.032766715 
646 460 30 44 0.031546693 
627 436 46 67 0.03151193 
588 539 32 41 0.03057153 
698 278 46 56 0.029366221 
321 174 43 59 0.02930416 
105 141 17 22 0.029196141 
570 556 51 63 0.027983692 
546 263 29 39 0.027178694 
783 364 29 47 0.026979987 
234 109 11 15 0.026930355 
570 222 36 49 0.026541596 
422 236 37 51 0.02644928 
199 295 43 56 0.024770828 
605 427 49 69 0.024655353 
620 365 38 40 0.023689497 
465 300 31 43 0.02342356 
420 227 24 36 0.022890361 
293 333 28 45 0.021136405 
579 191 30 39 0.020874815 
27 112 15 21 0.020739563 
