44_Aerobics_Aerobics_44_216
64
727 64 24 35 0.9871895 
150 382 22 32 0.88456076 
794 79 15 19 0.87714183 
338 252 29 37 0.813685 
588 138 31 34 0.6527367 
235 392 13 16 0.60723865 
201 378 21 31 0.25942114 
581 135 24 34 0.2542277 
81 474 15 19 0.16143718 
753 16 101 90 0.1241079 
161 392 22 28 0.11113983 
836 18 17 21 0.105836004 
734 75 29 35 0.09277138 
827 21 27 38 0.09148443 
575 13 431 517 0.08950631 
165 398 26 30 0.07982008 
767 61 10 14 0.07683492 
388 208 474 447 0.06930045 
212 380 22 29 0.0667411 
227 411 12 17 0.06079442 
75 465 23 33 0.05771807 
325 340 14 14 0.056593593 
772 37 58 62 0.056366008 
717 54 43 54 0.05546823 
355 220 29 41 0.047552396 
333 239 25 43 0.04739244 
315 363 12 15 0.047335304 
727 60 15 24 0.046974495 
179 432 43 53 0.04599905 
232 396 23 30 0.043420866 
796 43 44 45 0.042480458 
345 243 42 43 0.037064813 
411 187 18 24 0.036706425 
759 64 23 30 0.035384517 
263 145 395 468 0.035316594 
566 165 22 31 0.031580538 
8 253 351 434 0.031558406 
218 392 15 20 0.029846199 
364 221 44 49 0.029672088 
0 337 19 28 0.028518679 
242 409 17 22 0.02743501 
792 65 26 29 0.027332857 
2 373 31 39 0.027073655 
365 242 45 47 0.026681205 
221 405 22 28 0.026520513 
195 367 23 33 0.026439441 
678 131 15 20 0.026276618 
256 358 30 34 0.026271861 
58 450 43 53 0.025713904 
241 394 12 16 0.025562387 
13 337 31 36 0.023726434 
373 204 33 38 0.023675384 
576 147 29 36 0.023341365 
400 192 29 33 0.023265451 
192 380 21 29 0.023009943 
177 427 27 37 0.022995226 
38 456 55 68 0.022922758 
170 410 28 35 0.022094788 
650 123 15 20 0.021664092 
196 363 17 22 0.021327673 
204 497 218 238 0.021150729 
323 332 25 29 0.020851584 
827 42 191 255 0.020529725 
235 415 17 21 0.020049714 
