44_Aerobics_Aerobics_44_343
60
590 175 30 40 0.99911827 
288 180 38 47 0.99361354 
898 200 22 29 0.9906899 
387 162 18 25 0.925984 
762 173 15 21 0.85741854 
798 180 12 15 0.7403207 
926 159 15 18 0.7003616 
944 236 12 16 0.37158102 
836 169 13 17 0.24981909 
657 185 17 21 0.18734471 
974 275 16 21 0.11240846 
664 184 22 28 0.11026842 
734 202 13 15 0.08119101 
688 171 10 13 0.074822 
676 191 17 22 0.070109956 
1001 228 16 19 0.06852492 
861 184 13 18 0.062920325 
664 165 11 13 0.058010776 
855 181 11 14 0.05712348 
732 187 14 17 0.048336796 
933 250 15 21 0.047620777 
804 187 11 13 0.039818708 
739 205 12 15 0.039766315 
527 178 21 30 0.038547933 
853 186 14 18 0.03828606 
866 245 18 22 0.037272874 
547 186 15 20 0.036915176 
815 181 9 12 0.03393437 
246 246 49 62 0.0329434 
846 195 13 16 0.03259129 
854 173 12 15 0.031109992 
701 214 10 14 0.030479489 
1004 189 13 17 0.029831044 
734 209 14 17 0.029585034 
939 238 20 26 0.02926034 
672 206 25 29 0.028381255 
565 176 21 29 0.028186752 
859 192 14 20 0.027484437 
653 191 26 30 0.027197199 
540 184 16 20 0.026799597 
658 173 23 30 0.02494924 
793 175 11 15 0.02493186 
682 190 21 27 0.024872335 
859 162 14 17 0.024676587 
822 196 12 15 0.023686286 
821 159 10 14 0.02359871 
991 224 14 20 0.023437079 
835 148 13 16 0.02338656 
958 259 12 17 0.022785138 
978 269 15 19 0.02239562 
976 259 28 35 0.022286788 
834 155 14 18 0.02160254 
800 280 10 12 0.021489508 
822 190 10 13 0.021399327 
731 192 19 24 0.021098537 
668 199 17 20 0.021026125 
831 179 11 14 0.021021599 
641 260 19 21 0.020984935 
836 142 11 13 0.020655816 
996 229 23 33 0.020442676 
