33_Running_Running_33_786
197
506 127 31 34 0.99936193 
503 459 35 41 0.99521303 
522 238 30 34 0.9936837 
130 375 26 31 0.99346936 
732 454 29 42 0.9907804 
917 450 21 31 0.98502594 
314 374 16 19 0.9793703 
943 352 14 19 0.95521635 
901 119 12 16 0.8766703 
953 113 15 20 0.8730611 
47 465 12 15 0.8354525 
883 337 15 20 0.7646573 
91 456 12 16 0.72102505 
333 255 16 18 0.6982651 
339 461 16 21 0.6112353 
979 342 13 18 0.5553629 
144 463 10 14 0.5289524 
181 370 17 22 0.3882135 
962 152 28 30 0.38591373 
73 102 30 38 0.30681306 
887 153 16 18 0.23660016 
919 134 9 11 0.23279501 
511 340 9 12 0.21527815 
112 247 9 12 0.19955027 
877 341 15 19 0.18242897 
992 365 12 14 0.17630254 
848 137 7 10 0.17395663 
712 354 23 31 0.17278689 
534 399 11 13 0.17141816 
350 113 31 37 0.16520946 
804 137 13 16 0.159505 
278 229 15 17 0.14729063 
77 383 15 22 0.13611658 
927 143 11 14 0.1309667 
84 383 15 21 0.13020894 
985 346 13 16 0.11759715 
444 331 10 13 0.10638827 
949 131 12 16 0.10511124 
367 334 11 15 0.10137935 
946 155 12 17 0.09916406 
712 332 17 20 0.09461122 
951 117 23 28 0.08491019 
58 387 25 28 0.07813717 
989 370 15 18 0.075541995 
913 133 8 12 0.07431058 
870 149 10 13 0.073110685 
117 246 10 12 0.07068863 
101 378 15 20 0.070638716 
236 469 14 20 0.07033059 
7 267 9 13 0.06906749 
47 237 10 13 0.068530425 
956 373 10 12 0.06261292 
945 162 14 19 0.062408056 
297 270 11 14 0.06220366 
879 141 11 15 0.062052578 
370 253 11 15 0.06070126 
109 237 10 12 0.058723897 
247 455 11 13 0.058072384 
946 139 14 18 0.057843328 
89 378 20 28 0.054109894 
930 146 11 15 0.05206782 
215 252 27 35 0.05203103 
709 337 21 26 0.05169638 
947 146 14 19 0.051129308 
896 131 12 15 0.04896554 
548 338 11 14 0.04879645 
944 133 12 15 0.04733214 
906 123 11 15 0.04717016 
502 397 12 14 0.0462647 
299 276 10 12 0.04585392 
272 334 9 13 0.044616662 
857 513 9 11 0.043205492 
642 289 19 21 0.042997915 
894 139 13 16 0.042939708 
699 120 29 35 0.042864315 
507 336 10 12 0.041459583 
975 335 10 15 0.040370297 
883 140 13 17 0.039786093 
160 251 12 13 0.0396895 
982 398 16 22 0.03942978 
136 247 7 10 0.039357156 
920 139 11 14 0.038151335 
919 148 10 14 0.038120516 
412 178 14 19 0.03762969 
95 181 24 27 0.037496164 
43 273 14 17 0.037188113 
872 339 13 18 0.03717002 
87 106 30 37 0.036925137 
105 234 10 13 0.03687039 
989 357 13 16 0.036378995 
106 246 10 13 0.035979934 
924 155 13 17 0.035444435 
925 134 9 12 0.035318583 
762 233 17 19 0.034794692 
927 506 11 15 0.03466706 
66 376 23 27 0.03450671 
884 135 10 12 0.03447324 
49 233 9 12 0.034462076 
531 396 10 13 0.034341734 
872 144 10 12 0.034171123 
962 110 14 18 0.034066737 
965 391 9 12 0.033656098 
179 379 18 22 0.033530705 
293 252 23 28 0.03351983 
443 348 17 23 0.03303255 
551 397 10 13 0.032083414 
1005 400 11 13 0.03185615 
72 113 13 17 0.03176545 
13 270 8 11 0.031725105 
869 154 10 14 0.03147979 
59 365 24 28 0.031149002 
512 237 26 31 0.031133488 
47 448 21 27 0.031006675 
981 150 25 31 0.030974923 
48 430 25 29 0.030487671 
422 163 12 15 0.029825788 
849 151 8 10 0.029209713 
899 138 12 14 0.02909446 
42 244 13 18 0.028678942 
662 162 34 41 0.028646098 
639 234 13 16 0.028554123 
143 457 18 24 0.028422717 
950 132 24 29 0.028378885 
992 378 14 18 0.027984358 
994 145 24 33 0.027902389 
963 118 22 26 0.027820129 
431 413 11 14 0.027771832 
42 458 20 26 0.027492682 
559 526 12 14 0.02729007 
125 246 8 11 0.026835855 
990 335 11 13 0.026746145 
933 134 10 13 0.026566824 
416 174 23 31 0.026412578 
356 125 18 21 0.026256569 
1008 284 8 13 0.026157344 
670 121 16 21 0.02604428 
883 108 12 16 0.026028292 
247 449 10 12 0.026019089 
886 520 10 11 0.025975458 
925 142 20 24 0.025771996 
119 241 10 13 0.025509562 
623 215 42 49 0.025504606 
616 294 12 16 0.025502179 
955 132 40 45 0.025373999 
956 367 10 13 0.025164627 
413 405 8 10 0.024941286 
105 384 16 22 0.02492305 
876 380 10 13 0.024880342 
322 448 39 53 0.024802726 
687 327 13 15 0.024763545 
988 130 13 17 0.024667596 
930 498 16 21 0.024525631 
94 384 25 31 0.024521917 
970 324 9 13 0.024205672 
7 212 11 15 0.024146494 
286 225 10 13 0.02414376 
484 415 11 12 0.023822894 
637 96 15 18 0.0237788 
51 373 24 31 0.023738576 
721 338 17 21 0.023582691 
861 293 11 12 0.02349876 
921 326 9 11 0.023484863 
627 291 14 16 0.023301065 
690 331 13 15 0.023242265 
999 402 11 15 0.023238515 
420 182 14 18 0.023232812 
627 278 39 44 0.02312856 
982 107 13 17 0.023121864 
1008 279 8 11 0.022462985 
329 253 14 16 0.022377385 
983 363 10 13 0.022297481 
970 116 14 18 0.022227686 
518 408 8 12 0.022029854 
911 139 10 13 0.021845166 
529 392 9 11 0.021527302 
865 151 9 11 0.02146655 
496 398 12 14 0.021197839 
75 101 18 23 0.021130847 
293 246 15 16 0.021125045 
49 418 26 29 0.020817252 
964 103 12 15 0.02080848 
324 368 10 13 0.020780591 
714 251 16 21 0.020763332 
238 461 13 18 0.02075266 
991 328 9 10 0.020708278 
975 216 11 14 0.020686137 
698 102 34 37 0.020650206 
442 158 43 50 0.020588871 
933 154 11 16 0.020451305 
572 414 13 15 0.020415222 
972 108 12 16 0.020239182 
242 454 9 12 0.02021832 
13 276 9 11 0.02020153 
98 113 18 24 0.020185832 
971 223 18 19 0.020166462 
974 324 9 12 0.02016595 
16 425 27 34 0.020041497 
