33_Running_Running_33_286
53
479 291 53 72 0.9989208 
70 342 11 14 0.11108371 
23 485 9 12 0.09106396 
148 485 9 11 0.08639099 
661 471 8 9 0.0755088 
865 477 7 9 0.073629074 
848 472 9 11 0.06873763 
823 485 8 10 0.06110545 
656 479 9 11 0.04777026 
873 476 8 10 0.04493066 
606 472 6 10 0.04289681 
920 472 7 9 0.04288721 
696 478 9 11 0.04188369 
818 472 7 9 0.038265936 
162 488 8 9 0.036383297 
889 471 8 9 0.035973992 
674 479 9 10 0.034137335 
1005 368 13 19 0.03399005 
716 476 10 13 0.033946797 
71 493 8 10 0.03292419 
818 479 7 10 0.032784723 
166 488 7 10 0.032394767 
677 473 8 10 0.031689566 
432 477 115 129 0.030633591 
853 472 8 10 0.030529646 
597 429 10 13 0.03012355 
657 465 7 9 0.02992462 
873 392 8 10 0.02990164 
638 472 8 9 0.029323628 
612 432 9 11 0.02927443 
855 592 11 14 0.027906744 
711 473 10 12 0.02734186 
792 471 7 10 0.02688669 
608 430 9 12 0.026802408 
696 576 10 12 0.025733767 
702 475 11 13 0.025581243 
54 493 8 10 0.025305836 
1008 407 10 13 0.025121355 
647 481 8 11 0.024900956 
85 486 8 10 0.024896884 
744 590 9 13 0.024670752 
806 479 8 9 0.024314946 
689 600 8 10 0.023925193 
733 480 8 10 0.02360298 
818 484 9 11 0.023472613 
674 471 8 11 0.023368802 
831 472 8 9 0.022137005 
866 409 8 10 0.02190136 
640 479 8 11 0.02176875 
703 575 9 12 0.021524822 
1010 988 9 13 0.021517875 
230 387 11 13 0.020366265 
661 479 8 10 0.020333549 
