33_Running_Running_33_341
38
510 256 68 93 0.9966859 
814 606 30 45 0.06872403 
450 992 8 10 0.06802174 
431 980 11 12 0.042339865 
432 952 9 10 0.03784182 
914 870 10 11 0.036898166 
439 974 8 11 0.034149136 
548 526 36 36 0.033864126 
1012 875 10 15 0.033072755 
433 999 9 11 0.032791026 
799 1007 8 10 0.031748526 
456 0 118 140 0.03091363 
351 1014 10 11 0.030500142 
437 1004 11 12 0.030008957 
432 958 9 10 0.029963976 
942 839 9 11 0.029514845 
759 992 9 10 0.028771972 
4 1069 12 15 0.026820822 
910 832 8 9 0.026212953 
768 1005 9 11 0.025303114 
767 998 9 11 0.024481328 
416 997 10 11 0.024305513 
703 1059 9 12 0.023982111 
118 285 30 35 0.023001619 
864 353 216 267 0.022621423 
409 918 8 10 0.02259118 
680 947 9 12 0.02212409 
766 992 8 9 0.02211101 
441 967 9 10 0.021949442 
432 988 10 12 0.021818979 
912 864 10 12 0.021758545 
471 999 9 10 0.02101234 
769 1013 9 12 0.020760216 
511 998 9 10 0.020272363 
456 951 9 11 0.020192077 
936 837 9 11 0.02018169 
672 1053 10 11 0.020105716 
16 1191 56 63 0.020011552 
