29_Students_Schoolkids_Students_Schoolkids_29_66
86
648 127 33 43 0.9943473 
399 106 34 43 0.9942128 
450 169 32 43 0.99308044 
324 195 26 49 0.9884416 
191 91 28 40 0.97905356 
15 142 24 40 0.9426742 
320 109 37 45 0.93459743 
816 181 21 33 0.8843565 
474 127 25 41 0.87500936 
919 174 21 35 0.8537078 
169 141 27 50 0.7891417 
284 120 21 35 0.5825558 
704 201 23 42 0.57559824 
780 144 22 32 0.551965 
0 164 21 44 0.5479209 
864 145 22 28 0.50302374 
502 127 27 41 0.47066617 
113 125 23 46 0.41062406 
307 116 36 42 0.37575835 
650 230 19 21 0.28018764 
4 153 27 47 0.23960477 
633 233 16 21 0.15529127 
771 179 18 21 0.13772608 
534 78 21 38 0.10824983 
582 121 15 22 0.1077151 
849 179 22 31 0.10672877 
288 115 37 47 0.08451861 
448 474 10 13 0.07727312 
909 166 23 40 0.076081276 
25 272 16 18 0.07306112 
963 169 24 41 0.06912248 
977 146 28 34 0.068915516 
693 198 26 39 0.066925965 
300 208 33 36 0.0666481 
171 125 38 55 0.066643216 
0 164 11 18 0.05988037 
717 203 24 40 0.059876155 
84 211 60 66 0.05469239 
859 160 23 30 0.05151131 
873 157 16 22 0.05097417 
250 279 27 36 0.046060115 
101 127 26 37 0.044494033 
453 460 10 12 0.04416355 
911 209 14 18 0.041397717 
884 197 13 17 0.04094457 
586 126 16 22 0.036633674 
423 472 14 18 0.035096135 
988 148 30 37 0.034058925 
812 135 17 25 0.033573736 
420 464 23 30 0.033510707 
852 192 24 32 0.033508178 
969 155 34 42 0.033251073 
684 209 29 35 0.03283806 
764 182 17 22 0.03258995 
641 228 23 30 0.031670786 
1001 153 25 41 0.031198956 
857 218 17 19 0.02957734 
101 63 23 32 0.02885293 
597 459 12 16 0.027867148 
486 481 11 16 0.027641265 
774 158 24 31 0.027552705 
123 137 27 44 0.02743906 
660 198 26 37 0.027110398 
807 170 26 34 0.02705701 
663 290 28 30 0.026615802 
450 511 16 18 0.026160246 
910 188 25 33 0.025501998 
13 154 16 26 0.025240947 
187 139 40 53 0.025149195 
204 99 32 34 0.024762163 
242 124 16 19 0.024693362 
630 476 8 11 0.02434833 
513 137 18 27 0.024027577 
493 475 16 19 0.024012933 
904 210 24 28 0.023659637 
36 149 28 34 0.023211278 
926 173 27 34 0.022742255 
728 205 22 35 0.022368979 
862 186 24 32 0.022179486 
651 232 27 36 0.02207799 
525 85 24 38 0.02172055 
639 130 27 38 0.020507218 
629 233 27 34 0.020404981 
619 227 26 31 0.020397298 
575 96 24 38 0.020135028 
597 445 10 12 0.02008209 
