29_Students_Schoolkids_Students_Schoolkids_29_626
31
770 341 107 134 0.9999709 
-4 399 125 167 0.99971443 
510 164 31 41 0.9995388 
86 179 37 49 0.999116 
575 149 61 84 0.9990735 
967 158 55 72 0.9980673 
859 149 29 38 0.9975667 
155 179 72 92 0.99646664 
316 167 32 36 0.9898707 
980 253 43 91 0.92668283 
705 131 25 46 0.86623853 
878 156 25 34 0.11618518 
891 158 23 34 0.076478615 
1005 494 18 24 0.069751486 
501 365 16 23 0.056699466 
708 134 41 64 0.05572519 
521 509 35 42 0.053122953 
737 220 38 52 0.051855173 
841 147 29 38 0.03373526 
983 449 39 64 0.03090221 
995 495 30 41 0.03063599 
211 356 28 34 0.026724458 
332 160 32 36 0.026592953 
683 145 35 35 0.025511736 
972 236 43 77 0.024517817 
644 373 38 58 0.023947397 
999 469 25 44 0.023564676 
980 505 42 62 0.022064462 
307 166 53 59 0.021504518 
669 40 69 60 0.020187767 
828 147 27 38 0.020049779 
