29_Students_Schoolkids_Students_Schoolkids_29_380
21
402 187 139 173 0.9997867 
743 170 38 47 0.2848016 
686 81 32 39 0.08944672 
152 47 122 170 0.07686627 
681 150 17 19 0.05417286 
710 121 29 36 0.050841965 
737 -2 28 22 0.041846145 
762 107 41 51 0.03367866 
588 445 38 38 0.03142527 
646 108 27 34 0.030950002 
362 52 42 56 0.030132398 
751 247 35 40 0.030112296 
908 59 17 22 0.028384652 
682 0 16 13 0.023736764 
389 46 11 13 0.021887686 
729 81 32 40 0.021609893 
721 98 40 47 0.021359276 
368 38 10 13 0.021351825 
497 450 102 134 0.021217497 
534 5 373 443 0.020669548 
596 459 41 38 0.020344274 
