29_Students_Schoolkids_Students_Schoolkids_29_374
35
691 128 28 37 0.99752015 
392 116 21 28 0.9862211 
410 270 58 56 0.95128304 
465 488 51 61 0.24111898 
677 188 16 18 0.23176073 
472 88 14 20 0.1298519 
428 463 45 47 0.114153005 
486 480 50 77 0.11267049 
439 479 49 49 0.10204592 
382 277 58 64 0.08897312 
673 162 14 17 0.070560254 
810 88 8 11 0.046714824 
320 486 62 63 0.039277047 
701 116 25 29 0.03646666 
728 79 9 11 0.03399994 
712 123 16 21 0.033098873 
443 502 43 45 0.032537278 
685 229 13 17 0.031647887 
489 469 28 48 0.029300727 
328 498 36 40 0.02892609 
381 259 15 20 0.028758537 
725 100 24 34 0.026913198 
9 0 19 23 0.024662258 
586 531 42 47 0.023621988 
231 461 53 83 0.02335947 
732 77 10 12 0.023109104 
422 465 27 41 0.022571472 
367 203 12 17 0.022113971 
345 508 69 72 0.022095932 
436 262 37 51 0.02203244 
484 91 11 16 0.021588389 
435 180 17 20 0.02142119 
99 235 382 438 0.021248614 
707 109 16 20 0.021189036 
468 476 37 46 0.020084182 
