29_Students_Schoolkids_Students_Schoolkids_29_358
163
491 381 15 21 0.9690571 
546 379 17 23 0.95356333 
624 376 19 25 0.9192578 
269 364 15 19 0.88448256 
573 392 16 20 0.8778086 
941 421 22 26 0.8474558 
713 372 19 24 0.8304366 
364 423 16 20 0.78442097 
846 411 16 21 0.71886176 
672 391 16 19 0.6712395 
498 422 17 20 0.5869172 
770 391 17 22 0.48844376 
435 425 15 19 0.37281844 
889 403 12 16 0.29550233 
455 418 15 19 0.26354453 
434 402 14 18 0.19669713 
883 369 15 20 0.16109692 
475 437 12 14 0.14855091 
341 442 15 18 0.13895342 
417 412 13 16 0.12974107 
829 417 15 19 0.11530686 
406 412 12 16 0.09730731 
902 420 14 18 0.090202615 
313 446 9 11 0.087175794 
536 403 12 15 0.08127773 
799 402 13 16 0.07927543 
900 403 13 16 0.076610714 
696 392 13 17 0.07589472 
836 426 10 14 0.07278831 
469 419 11 15 0.0684679 
538 421 13 16 0.06802092 
903 413 12 14 0.06626671 
1004 462 18 23 0.06443117 
739 428 13 17 0.06253993 
250 436 11 14 0.06028597 
803 398 13 16 0.059629023 
327 452 10 12 0.058633592 
803 416 13 15 0.05396876 
828 402 14 17 0.052356645 
400 438 10 12 0.052337155 
461 434 11 13 0.051182773 
461 456 10 13 0.04734918 
871 401 13 15 0.046776067 
977 430 11 15 0.04565565 
407 406 21 26 0.04522745 
404 418 14 18 0.044676967 
479 461 11 14 0.044616736 
348 419 12 15 0.044075042 
346 437 14 16 0.043157995 
505 419 15 19 0.042646423 
382 422 9 13 0.042429354 
799 410 14 17 0.042272422 
874 420 12 14 0.042213153 
584 414 10 12 0.041010886 
415 436 11 13 0.04091477 
693 357 20 29 0.040708296 
380 434 13 16 0.040557913 
517 397 15 18 0.04052077 
837 409 18 25 0.04045076 
702 365 22 29 0.040318172 
287 441 12 15 0.03970011 
502 414 13 16 0.038969997 
778 391 13 17 0.037764966 
947 413 14 18 0.036171317 
282 433 22 25 0.035714053 
534 387 11 15 0.035583813 
420 407 12 16 0.03541163 
881 366 12 16 0.035264418 
892 388 12 14 0.034646593 
518 412 12 15 0.033792354 
371 431 14 16 0.033383567 
508 414 12 15 0.033255663 
825 414 11 15 0.032765426 
414 425 10 15 0.03258968 
417 403 20 27 0.032509472 
901 378 11 14 0.03223492 
441 418 19 25 0.031897817 
252 430 12 15 0.03148539 
836 399 10 13 0.031194197 
573 373 12 14 0.03112578 
487 404 10 14 0.031043127 
879 377 14 19 0.03075837 
476 414 10 13 0.03072659 
1006 428 14 18 0.030593159 
342 431 12 15 0.030283993 
695 354 14 20 0.030116377 
541 409 12 15 0.030063314 
358 445 11 14 0.030061897 
433 433 11 15 0.029529681 
779 401 13 17 0.029475499 
805 389 11 15 0.02931476 
470 427 12 16 0.029313233 
501 442 13 16 0.028193932 
277 357 12 18 0.028037319 
475 428 13 17 0.027813839 
759 387 11 16 0.027804684 
813 396 11 16 0.027650576 
550 410 10 14 0.027556133 
709 362 15 20 0.027470833 
380 447 16 20 0.027234618 
431 408 13 19 0.027183428 
533 404 20 25 0.027077537 
791 404 12 17 0.026811078 
860 396 11 14 0.026284723 
881 375 23 28 0.026199665 
383 413 10 13 0.025886467 
780 381 11 14 0.025772812 
399 443 9 13 0.025681267 
886 383 14 17 0.025547959 
460 414 20 25 0.02517369 
774 383 11 13 0.025140317 
877 386 11 14 0.02511337 
248 443 10 12 0.02488838 
580 380 13 18 0.024840986 
470 460 11 14 0.024460187 
400 408 10 13 0.024313368 
757 403 11 15 0.024288818 
856 396 10 12 0.024249999 
791 388 11 14 0.024172638 
924 410 12 17 0.024171535 
614 404 13 17 0.024116274 
741 393 13 16 0.023750035 
478 404 10 14 0.023703596 
951 424 16 21 0.023695504 
716 358 15 18 0.023655774 
524 401 12 16 0.023642436 
872 381 11 15 0.023616921 
811 402 12 16 0.023464536 
567 373 11 15 0.02331094 
439 407 21 26 0.023117121 
551 420 11 14 0.023029538 
334 450 13 14 0.023007203 
707 411 11 15 0.022902802 
871 393 20 25 0.022860454 
907 402 12 17 0.022565853 
378 426 14 17 0.022442468 
404 435 11 14 0.022160914 
446 413 11 15 0.022147229 
699 351 14 16 0.022088392 
571 381 13 18 0.021994902 
860 391 10 13 0.021975128 
620 405 13 17 0.021969184 
390 427 10 14 0.02193973 
288 454 9 11 0.021828933 
974 426 20 27 0.021569597 
990 423 11 13 0.021280317 
387 450 13 18 0.021232273 
495 368 9 11 0.02111673 
748 388 14 18 0.021032372 
558 420 12 15 0.021019503 
724 355 13 16 0.020918773 
895 420 14 17 0.020878065 
775 375 9 11 0.020871835 
738 383 21 28 0.0206297 
399 426 13 15 0.020596817 
476 370 14 15 0.020356428 
567 387 15 21 0.02030052 
337 437 13 15 0.020253677 
316 439 11 13 0.02023412 
833 445 10 13 0.020116989 
532 372 11 14 0.020052215 
524 386 13 17 0.0200382 
811 412 12 15 0.020000853 
