29_Students_Schoolkids_Students_Schoolkids_29_221
92
260 227 30 39 0.9968953 
232 222 35 55 0.9621997 
523 192 14 21 0.957196 
382 219 22 44 0.9021228 
733 190 10 12 0.654954 
292 237 15 23 0.6417173 
444 270 24 46 0.5869678 
757 216 10 12 0.357866 
716 195 9 13 0.33123615 
282 232 22 33 0.2906615 
568 197 8 9 0.2804215 
189 238 38 48 0.20934069 
810 215 7 9 0.1773687 
560 205 8 10 0.15821956 
164 241 14 19 0.15178792 
784 184 7 9 0.12886779 
768 193 7 8 0.12342941 
50 298 14 18 0.117471196 
530 193 13 18 0.109116256 
785 206 8 10 0.10564916 
561 201 7 9 0.102303006 
785 190 7 9 0.101309426 
493 199 9 12 0.091609776 
314 262 15 20 0.08701455 
302 253 26 32 0.08570907 
496 204 8 11 0.08479859 
20 302 62 58 0.07896548 
792 220 8 11 0.07486045 
39 294 24 27 0.06972772 
166 385 431 411 0.06549353 
761 192 6 9 0.061422113 
205 232 41 55 0.05910192 
294 244 24 35 0.057977095 
539 197 9 11 0.050923184 
741 215 8 11 0.04938147 
798 216 8 10 0.048677597 
76 274 15 18 0.044322494 
736 214 8 11 0.042970542 
801 232 8 11 0.042102627 
71 317 29 36 0.04128969 
71 277 13 16 0.03791386 
753 192 8 9 0.03753145 
20 283 14 17 0.03725296 
84 271 17 20 0.037141267 
465 357 44 51 0.037067715 
785 199 8 10 0.0367333 
774 223 8 9 0.036443174 
500 205 10 14 0.03544997 
359 235 26 34 0.03519063 
742 221 7 11 0.03347674 
426 281 38 46 0.032992143 
392 354 11 14 0.031005802 
549 248 8 11 0.029892942 
785 212 9 12 0.029599532 
492 188 12 15 0.028875398 
0 285 11 16 0.02814306 
736 220 9 12 0.027638242 
553 199 8 10 0.026983166 
761 196 7 9 0.026978273 
522 314 23 39 0.026684223 
520 185 10 12 0.026476048 
1 289 15 19 0.026162872 
23 292 13 17 0.026130583 
61 317 11 16 0.026111323 
74 329 17 20 0.025823964 
185 471 63 56 0.025295135 
728 208 10 11 0.025152124 
513 195 13 17 0.025066903 
158 243 23 30 0.025060834 
759 209 9 11 0.024933726 
127 293 11 16 0.024273781 
801 160 8 10 0.024082664 
150 239 36 51 0.023781523 
368 226 33 48 0.023721425 
775 192 8 9 0.023393871 
541 205 9 12 0.02279622 
783 231 9 11 0.022709945 
38 309 33 37 0.022347383 
789 198 8 10 0.02214479 
712 252 10 13 0.021801561 
710 228 9 11 0.021761706 
640 16 423 467 0.021474114 
564 258 11 14 0.021351682 
28 294 17 18 0.020977832 
109 305 14 19 0.020896483 
57 297 13 18 0.020885566 
309 513 46 57 0.020871714 
778 183 8 10 0.020839917 
35 304 19 20 0.020817062 
710 223 9 11 0.020672599 
785 221 9 10 0.020498335 
346 230 25 39 0.020048706 
