29_Students_Schoolkids_Students_Schoolkids_29_494
128
786 127 30 38 0.9971226 
294 320 58 69 0.99419266 
354 246 48 53 0.9930796 
717 129 29 46 0.98745245 
282 27 44 52 0.97626126 
464 157 29 33 0.97591406 
542 148 25 31 0.9581626 
438 161 23 27 0.91584986 
352 159 22 33 0.8709092 
383 167 33 36 0.8671059 
863 139 28 33 0.72218204 
908 141 26 27 0.6887771 
826 135 19 23 0.68656945 
653 137 26 37 0.49280807 
610 194 28 45 0.4809908 
670 152 34 34 0.36709052 
286 571 53 47 0.31032085 
530 204 18 23 0.2758478 
551 246 26 30 0.18251772 
549 158 22 32 0.16659267 
893 137 14 24 0.16503495 
674 240 34 40 0.16239487 
804 131 29 32 0.16133969 
529 141 23 30 0.14949812 
41 146 84 102 0.13815325 
369 171 52 56 0.13486919 
510 161 14 18 0.13313954 
406 158 27 36 0.12843515 
881 133 21 30 0.1267147 
896 134 21 29 0.123662 
471 244 32 37 0.12144449 
761 121 26 38 0.12007616 
682 128 42 47 0.10181349 
183 627 57 77 0.09445684 
480 272 29 35 0.09208954 
688 344 61 73 0.08866802 
616 137 21 31 0.080531225 
200 341 52 66 0.077349685 
387 292 37 53 0.07511111 
583 200 38 48 0.0735673 
565 170 24 29 0.073525935 
622 148 23 29 0.07036164 
1 366 36 67 0.068800606 
523 144 16 23 0.06831916 
642 133 23 32 0.056793272 
261 296 42 55 0.05554591 
526 305 13 15 0.054703742 
557 166 22 31 0.05025264 
507 639 38 34 0.048697382 
386 198 43 52 0.04548367 
667 129 38 42 0.04541015 
428 162 18 24 0.04522792 
914 130 23 30 0.044713624 
53 126 65 78 0.0439763 
661 167 41 50 0.043075554 
92 422 46 53 0.04273639 
249 218 31 38 0.04082571 
586 249 28 36 0.039900325 
705 113 56 59 0.039425388 
617 204 35 40 0.038663656 
828 499 15 20 0.03829882 
183 329 45 62 0.037936404 
567 240 38 41 0.037929874 
440 151 34 43 0.037411433 
467 252 20 27 0.03734311 
421 165 17 25 0.036483817 
357 150 44 54 0.03603594 
883 218 13 14 0.035479527 
431 195 13 17 0.035440203 
513 151 20 27 0.034520935 
769 126 36 46 0.034360923 
598 136 24 29 0.031949 
547 241 19 27 0.031366494 
508 174 17 21 0.031314503 
164 303 47 61 0.031133864 
491 163 14 20 0.030901626 
362 391 33 41 0.030561794 
884 204 49 57 0.029969687 
594 184 15 21 0.029710097 
575 215 40 47 0.02906921 
555 151 27 33 0.02888112 
278 564 42 39 0.028087504 
606 202 15 25 0.027979208 
860 143 21 22 0.027952777 
912 152 26 29 0.02749764 
816 138 28 31 0.027425263 
667 222 32 47 0.0265093 
629 133 24 30 0.02638146 
567 155 26 34 0.026353212 
462 165 18 23 0.02633296 
228 673 11 14 0.026232671 
588 209 16 20 0.025391566 
677 183 31 35 0.025188345 
579 165 28 32 0.025180094 
318 231 392 479 0.024981584 
221 349 55 67 0.024778564 
486 245 30 35 0.024778513 
526 159 13 18 0.024757367 
173 310 28 38 0.024674939 
156 587 97 136 0.024564156 
905 119 29 33 0.023532497 
409 153 18 25 0.023480285 
642 129 16 22 0.023163678 
64 89 95 155 0.02316284 
518 201 13 17 0.02249221 
352 202 57 67 0.022415837 
572 175 28 30 0.02241333 
603 263 16 21 0.022248179 
541 225 31 38 0.022181448 
874 129 17 24 0.022043487 
506 282 27 32 0.022031853 
615 133 14 20 0.02183045 
462 237 28 36 0.021724079 
532 154 15 21 0.021545017 
677 190 18 22 0.021469412 
522 153 21 30 0.021424325 
542 141 16 23 0.021415645 
681 115 37 40 0.021393906 
386 247 26 36 0.021363638 
511 294 27 28 0.021087602 
498 152 21 30 0.020938743 
737 143 31 36 0.020764919 
570 182 17 21 0.020606892 
800 78 8 11 0.020533983 
651 144 40 46 0.020410212 
80 134 57 88 0.020326871 
474 144 27 36 0.02029822 
888 124 24 34 0.020172115 
