29_Students_Schoolkids_Students_Schoolkids_29_250
28
662 55 106 150 0.99966 
133 188 16 21 0.83855605 
74 166 21 29 0.834818 
166 169 16 22 0.52695584 
30 196 14 19 0.24476388 
845 211 13 17 0.08752003 
171 169 22 26 0.086762324 
144 630 11 14 0.08630549 
206 197 14 19 0.076151334 
262 471 13 16 0.062751174 
245 468 10 12 0.048065245 
178 163 15 19 0.04654105 
237 491 29 36 0.045186307 
114 210 15 20 0.03889761 
774 165 54 69 0.03568982 
91 146 15 19 0.03561466 
-1 105 23 37 0.035306457 
142 163 13 19 0.033816885 
852 220 13 17 0.031082382 
125 154 20 25 0.028646428 
264 476 16 16 0.026784888 
243 465 9 11 0.026426997 
80 155 23 29 0.024580602 
118 280 15 18 0.023515305 
860 223 14 17 0.021940148 
162 238 16 22 0.021860873 
211 187 16 26 0.020872422 
842 201 20 29 0.020594489 
