29_Students_Schoolkids_Students_Schoolkids_29_130
70
108 264 49 58 0.99557364 
534 246 27 38 0.9828111 
377 166 42 51 0.9806984 
240 243 28 32 0.9716974 
606 426 53 63 0.91877675 
13 236 13 17 0.72151554 
378 242 19 22 0.7080912 
680 504 34 52 0.62398857 
323 205 13 19 0.2493117 
476 206 17 22 0.19259386 
154 252 26 31 0.0925074 
252 291 27 29 0.089846216 
307 242 16 20 0.08354561 
311 211 15 17 0.06935657 
475 197 13 18 0.062942706 
43 243 14 20 0.05760793 
900 482 33 46 0.05667731 
7 241 12 17 0.056069028 
254 243 26 31 0.053340197 
383 236 21 24 0.051281657 
170 518 13 15 0.046997767 
50 233 14 16 0.041616324 
664 512 34 48 0.039435368 
549 407 48 61 0.039003372 
266 294 17 22 0.0384159 
303 246 23 28 0.03699002 
509 189 23 32 0.03645896 
241 278 42 50 0.03526986 
0 260 25 54 0.035192847 
505 484 17 20 0.034373548 
53 254 29 38 0.034316633 
340 555 19 24 0.033565413 
313 231 21 28 0.0334097 
410 503 33 41 0.03236974 
702 490 32 46 0.0322562 
4 250 13 19 0.030181462 
467 195 23 31 0.03017786 
317 225 15 21 0.029571114 
324 233 13 20 0.028937265 
270 286 21 33 0.028829282 
660 663 137 112 0.028477801 
460 204 37 50 0.028199803 
301 236 15 20 0.028162925 
265 248 16 21 0.027889067 
584 402 57 65 0.027620327 
331 211 12 17 0.02723324 
329 247 19 28 0.025888218 
325 241 13 21 0.025186358 
442 514 23 33 0.024852356 
325 547 15 18 0.02471859 
678 558 61 71 0.024398766 
334 236 21 31 0.024349682 
47 243 24 34 0.02404284 
318 250 22 30 0.023860835 
618 444 56 83 0.02327645 
675 147 16 21 0.02327607 
461 396 27 35 0.023178821 
351 220 13 17 0.0228702 
1 251 21 36 0.02248371 
341 343 24 31 0.022333844 
669 556 101 111 0.022305889 
14 270 42 68 0.022168228 
0 326 19 37 0.022034872 
274 178 400 492 0.021388609 
624 416 37 50 0.020781988 
240 255 43 47 0.020748967 
308 214 22 27 0.020692628 
340 510 17 20 0.020547133 
367 231 23 30 0.020402482 
223 278 30 39 0.020207398 
