29_Students_Schoolkids_Students_Schoolkids_29_822
45
468 45 84 107 0.99659926 
334 261 81 101 0.994839 
597 264 74 101 0.99366003 
200 265 17 23 0.7435567 
679 225 13 17 0.05624617 
830 116 12 15 0.05432258 
860 115 11 13 0.051273923 
878 111 11 14 0.04784013 
701 230 9 13 0.045816213 
928 106 10 13 0.041849528 
208 271 18 21 0.04139913 
223 253 12 16 0.04057703 
973 173 9 12 0.040430535 
953 117 9 11 0.040141042 
343 217 11 15 0.039541457 
913 126 9 12 0.03839884 
952 110 9 11 0.0378729 
928 132 8 12 0.03662285 
917 144 8 10 0.035558764 
229 246 11 15 0.03457775 
216 273 17 21 0.030115042 
629 542 114 150 0.028557537 
911 118 9 11 0.02818534 
936 119 8 11 0.026287548 
933 107 10 13 0.026156608 
412 162 22 28 0.026143301 
913 132 8 11 0.025907077 
944 107 9 12 0.025694033 
668 289 51 77 0.025350934 
951 236 9 12 0.025204994 
949 183 10 11 0.024779875 
959 316 9 11 0.024133863 
957 110 8 11 0.024079401 
795 148 11 14 0.024068786 
711 642 15 19 0.023711974 
78 354 432 415 0.023457272 
871 396 160 204 0.022599416 
969 107 8 12 0.021820707 
928 157 8 10 0.021814993 
879 136 9 11 0.021600302 
182 270 11 15 0.021295043 
980 106 12 15 0.020910492 
402 167 21 26 0.020705014 
199 253 12 15 0.020603219 
294 362 31 35 0.020287277 
