29_Students_Schoolkids_Students_Schoolkids_29_525
125
608 176 181 221 0.99936825 
353 103 84 105 0.9971635 
193 35 62 71 0.9866443 
486 491 12 14 0.30378357 
155 121 12 16 0.08082043 
538 447 7 9 0.08046916 
469 478 9 12 0.06455264 
342 5 9 12 0.06302714 
506 423 8 10 0.058630634 
637 18 11 14 0.057383314 
503 462 8 10 0.057327643 
537 431 8 10 0.057071038 
495 454 8 10 0.055467654 
538 438 8 10 0.05541059 
520 433 7 9 0.05439212 
518 416 7 9 0.052192748 
514 398 8 10 0.051074 
488 454 7 10 0.050710045 
125 104 12 17 0.050395355 
462 456 9 11 0.05025024 
527 424 8 10 0.049685366 
555 440 8 10 0.04824491 
584 13 8 11 0.048117477 
511 431 9 10 0.046632797 
520 437 7 10 0.04629748 
565 191 48 75 0.045971747 
505 469 9 11 0.04255968 
542 431 9 11 0.04126682 
464 433 7 9 0.040726766 
519 453 9 10 0.039808307 
417 326 8 10 0.039784346 
526 431 8 9 0.039285343 
342 13 9 12 0.03926501 
488 448 7 9 0.03878224 
487 412 10 12 0.03849407 
526 447 7 9 0.038073722 
502 456 8 11 0.037994776 
244 41 52 63 0.037086464 
519 423 8 9 0.036999583 
535 425 7 8 0.035963047 
505 430 9 10 0.035001285 
570 211 28 47 0.034396403 
745 449 146 159 0.034322787 
450 445 8 9 0.034280896 
286 460 47 63 0.03376137 
512 455 8 10 0.033743527 
509 470 9 11 0.033409946 
464 439 7 9 0.03307727 
520 447 8 10 0.03301166 
480 439 8 10 0.032903608 
149 116 22 29 0.032583196 
457 457 7 10 0.032515526 
538 542 7 10 0.032449566 
544 407 7 9 0.032448888 
454 440 8 10 0.0323615 
448 439 9 11 0.032323204 
504 438 8 11 0.032186124 
510 424 8 10 0.03202816 
456 391 8 10 0.030858824 
534 456 8 9 0.029737212 
503 486 9 10 0.029626157 
530 462 8 10 0.029232932 
537 416 7 7 0.029223427 
453 422 9 11 0.028902449 
472 440 7 9 0.02874484 
471 417 7 10 0.02848094 
463 416 7 10 0.028394535 
1 153 12 20 0.028217023 
511 463 9 11 0.028194647 
471 494 8 11 0.0281924 
482 135 43 54 0.028129682 
533 22 10 13 0.028020203 
544 425 7 9 0.027902111 
522 509 10 13 0.027583044 
487 431 8 10 0.027351182 
533 3 13 14 0.027209852 
491 488 10 12 0.027039854 
470 484 8 10 0.026864816 
536 408 7 9 0.02645214 
505 407 8 9 0.026393363 
446 461 8 10 0.026228769 
559 422 7 9 0.02602511 
544 454 7 9 0.025857756 
528 455 8 9 0.025753403 
518 493 8 10 0.025726808 
488 423 9 10 0.025667213 
513 415 8 10 0.025552599 
480 446 8 10 0.025371362 
518 488 8 10 0.02531724 
480 478 9 11 0.025263421 
161 113 9 12 0.0252526 
464 484 9 11 0.024913952 
527 408 8 8 0.02468589 
464 502 7 10 0.024478635 
534 463 8 9 0.024187962 
526 523 9 11 0.023760859 
505 479 10 11 0.023753831 
582 0 11 11 0.023713464 
479 500 11 12 0.023189891 
492 414 9 11 0.02309743 
513 436 8 11 0.023084136 
482 463 8 10 0.022845525 
541 472 8 10 0.022776742 
555 444 8 11 0.022758221 
525 438 7 10 0.022718411 
448 302 10 11 0.022375852 
456 462 8 10 0.02221214 
492 423 9 10 0.022003965 
552 454 8 10 0.021989604 
509 477 8 10 0.02183963 
498 460 8 11 0.021836331 
493 431 9 10 0.021709831 
486 439 8 10 0.021290816 
482 454 8 10 0.020888116 
469 472 9 12 0.020780655 
381 29 13 17 0.020697981 
464 421 7 10 0.02066396 
537 536 8 10 0.020648245 
416 342 10 12 0.020634778 
465 445 8 11 0.020372244 
528 400 8 8 0.020344494 
501 531 14 16 0.020268284 
350 15 9 12 0.02023929 
495 479 9 10 0.020157823 
168 114 32 35 0.020145478 
