29_Students_Schoolkids_Students_Schoolkids_29_310
38
283 196 56 75 0.999624 
652 190 58 74 0.99957854 
96 205 59 79 0.99922645 
831 213 63 76 0.99904054 
469 196 54 74 0.99874496 
544 150 107 128 0.9965699 
367 208 101 134 0.9819074 
468 417 11 12 0.4188703 
658 386 11 15 0.40834638 
678 380 12 15 0.35519373 
837 408 11 13 0.35080802 
762 184 84 106 0.31109828 
487 415 10 11 0.23200285 
592 168 84 98 0.22158371 
79 398 11 12 0.11668009 
72 391 62 55 0.09247871 
505 415 9 13 0.06643734 
674 378 21 26 0.059816305 
797 191 81 90 0.056253858 
697 383 12 15 0.044681188 
478 418 12 15 0.04106509 
857 402 13 15 0.038249407 
510 420 10 12 0.036930446 
519 427 26 28 0.03419222 
723 436 14 24 0.03166381 
356 406 11 13 0.030003263 
347 390 52 60 0.02816537 
841 405 13 15 0.028028239 
406 211 84 99 0.027239455 
682 376 13 15 0.025623748 
489 419 12 13 0.025525171 
444 437 13 15 0.024108918 
466 412 18 21 0.022534845 
436 440 16 17 0.021274837 
519 430 12 14 0.021133319 
74 393 28 28 0.021046538 
589 -11 462 465 0.020963559 
269 451 35 30 0.02081522 
