29_Students_Schoolkids_Students_Schoolkids_29_10
105
657 366 26 32 0.9984382 
576 337 22 28 0.9957373 
458 295 17 20 0.98451936 
524 377 23 28 0.9832608 
525 317 17 22 0.98102355 
557 280 14 18 0.97627777 
481 368 21 27 0.9614566 
422 353 26 33 0.9566907 
465 330 18 24 0.9231758 
523 275 12 15 0.91802835 
483 304 14 17 0.7012261 
612 323 17 21 0.45646822 
629 352 21 23 0.40886328 
595 290 14 17 0.35175124 
510 287 11 14 0.2574002 
527 295 12 14 0.2503204 
584 413 19 19 0.13632135 
431 338 13 16 0.12428189 
439 300 12 16 0.12103503 
498 321 14 19 0.11575436 
501 300 13 17 0.10665216 
482 276 10 12 0.10348064 
641 353 16 19 0.07708875 
516 227 11 14 0.073529094 
503 291 12 16 0.07342032 
618 317 14 18 0.0718837 
462 243 11 14 0.06698607 
493 300 13 17 0.064102896 
508 298 14 19 0.06365192 
599 262 10 12 0.06279715 
485 270 11 14 0.06167397 
525 361 17 21 0.06145394 
542 198 16 22 0.060852848 
493 271 10 13 0.060005695 
517 282 13 15 0.056350455 
508 259 11 14 0.054317474 
504 250 11 14 0.053736653 
605 316 15 19 0.04628671 
550 373 12 16 0.04619585 
566 334 23 29 0.043258794 
593 253 10 12 0.04201294 
464 291 16 21 0.041957464 
495 293 11 15 0.040730458 
456 276 10 13 0.040254682 
531 274 11 16 0.038742166 
545 300 12 15 0.038021002 
557 342 15 21 0.035541784 
452 229 12 15 0.03539669 
642 363 23 31 0.035099953 
601 266 10 13 0.034739744 
507 322 13 17 0.03449783 
124 190 17 22 0.032975867 
492 248 13 16 0.031223336 
426 339 22 28 0.03120217 
471 278 10 11 0.029998358 
551 289 12 18 0.029848592 
642 397 14 18 0.029736914 
541 401 16 22 0.02912473 
488 247 11 13 0.028241158 
446 199 9 10 0.028000368 
611 332 16 22 0.027965484 
442 304 13 16 0.0278997 
443 295 19 25 0.027436417 
583 130 16 20 0.02690139 
496 286 10 14 0.026778178 
574 203 45 57 0.026728831 
637 566 11 15 0.026292691 
486 264 10 12 0.025912791 
575 80 437 566 0.025496121 
523 297 19 22 0.024884196 
472 270 10 12 0.02480373 
606 263 10 12 0.024707634 
613 278 10 13 0.02465012 
463 173 10 12 0.024633938 
529 310 15 19 0.024615256 
567 434 13 17 0.024189562 
540 275 13 16 0.024090262 
485 293 13 16 0.023565399 
502 269 11 14 0.023257198 
-7 7 361 486 0.023236128 
421 339 14 16 0.023163162 
427 482 16 20 0.023149366 
633 369 17 20 0.023117643 
608 278 10 13 0.023097804 
549 321 14 19 0.023010219 
484 285 12 15 0.022991624 
516 292 12 15 0.022985367 
493 262 10 12 0.022898959 
833 38 8 11 0.02271647 
615 262 11 13 0.022406427 
624 353 16 20 0.022148045 
605 285 10 13 0.02200808 
512 277 12 16 0.0219822 
420 369 26 34 0.021890424 
593 260 10 12 0.02168648 
449 278 8 11 0.021563964 
446 286 10 13 0.021486782 
604 308 15 18 0.021401988 
163 179 25 27 0.021394374 
459 270 11 13 0.021265645 
508 247 10 12 0.0211234 
441 462 17 17 0.020444643 
625 348 12 16 0.020433875 
467 239 10 13 0.02042363 
508 312 15 19 0.020098073 
