29_Students_Schoolkids_Students_Schoolkids_29_21
78
464 157 103 127 0.99991536 
741 197 126 171 0.9998714 
317 94 54 72 0.9992556 
616 58 51 66 0.9982736 
945 62 57 68 0.99729913 
209 106 52 64 0.99700373 
76 143 64 85 0.99614835 
880 13 36 48 0.99413353 
769 62 54 70 0.9933595 
11 71 27 35 0.99327254 
454 60 44 57 0.9903902 
73 61 36 46 0.98877585 
437 33 32 43 0.9838127 
729 34 36 50 0.98257774 
583 14 26 34 0.9823408 
112 53 40 51 0.98099273 
157 82 44 62 0.98010534 
992 29 31 44 0.9790552 
469 24 25 30 0.9734501 
926 36 40 52 0.9697305 
580 50 35 50 0.9469438 
406 51 24 32 0.9409325 
506 48 30 37 0.9372005 
664 27 27 39 0.9282556 
808 22 29 34 0.92645633 
518 95 52 64 0.5468995 
593 49 45 62 0.29322037 
370 76 32 43 0.26550618 
455 29 29 32 0.26293102 
736 23 31 41 0.25644785 
704 523 26 36 0.2521814 
149 65 27 33 0.14932983 
540 105 48 65 0.14282216 
1 119 13 20 0.14220428 
897 90 35 52 0.11733227 
493 52 33 46 0.09313654 
133 73 43 55 0.08276128 
427 43 26 35 0.08272206 
385 79 26 36 0.07892379 
501 63 44 60 0.069784954 
448 36 42 54 0.06942877 
48 158 48 69 0.068612814 
438 0 27 27 0.055016786 
57 125 48 70 0.049367502 
981 37 43 60 0.048450276 
788 -1 30 28 0.04306986 
998 101 27 40 0.043014888 
882 94 34 54 0.041968603 
541 79 46 60 0.041508682 
569 63 39 58 0.039543923 
478 67 49 61 0.0338821 
802 -1 21 15 0.03360065 
749 118 49 62 0.03174092 
745 17 21 25 0.029585287 
438 11 28 32 0.029513754 
874 -1 29 29 0.02890774 
423 64 27 41 0.028605951 
509 86 46 51 0.028046645 
609 120 34 45 0.0267753 
940 33 37 42 0.026367126 
581 29 31 43 0.026061246 
844 137 43 59 0.025541976 
656 57 35 53 0.024870342 
180 89 33 45 0.024690973 
741 104 43 53 0.024523748 
623 390 49 80 0.023789871 
627 280 94 113 0.023772392 
483 0 18 15 0.022877216 
970 224 48 67 0.022236954 
905 97 44 60 0.02214545 
416 78 30 39 0.02207696 
71 173 33 53 0.021222213 
787 33 47 56 0.020908752 
674 46 30 49 0.020797044 
696 50 26 35 0.020465342 
442 1 17 14 0.020343136 
914 75 41 59 0.020336803 
246 0 53 67 0.020175451 
