29_Students_Schoolkids_Students_Schoolkids_29_585
24
109 165 45 55 0.9975364 
465 48 72 88 0.99725395 
1012 143 13 20 0.05176273 
137 156 24 34 0.043994658 
388 341 13 17 0.041631434 
280 216 8 10 0.04004305 
888 31 9 10 0.037131812 
305 238 11 12 0.036122285 
1001 137 21 32 0.035432447 
1001 191 11 15 0.030139592 
280 220 9 11 0.029772224 
994 144 15 18 0.029202424 
859 58 14 18 0.028067153 
342 296 15 18 0.026611196 
1 463 8 13 0.025739316 
363 313 17 22 0.02472057 
965 156 13 16 0.024537144 
857 82 10 12 0.023924904 
858 12 14 15 0.023744011 
1005 193 14 19 0.023486834 
272 221 10 12 0.02261518 
445 270 29 48 0.022026287 
1008 228 12 15 0.020793812 
860 20 12 13 0.020516565 
