29_Students_Schoolkids_Students_Schoolkids_29_251
47
637 168 60 76 0.9992188 
485 470 57 75 0.9986112 
315 328 57 68 0.99856466 
263 461 69 92 0.99855214 
51 311 58 72 0.99845123 
382 476 65 77 0.9984005 
217 261 66 76 0.9981621 
732 295 71 91 0.9980008 
111 195 61 75 0.9979412 
500 218 67 86 0.9978934 
657 269 62 79 0.9976156 
906 212 64 72 0.997355 
49 558 75 85 0.99712557 
406 112 51 62 0.99593073 
376 278 52 56 0.99520606 
745 493 75 94 0.9933282 
544 353 75 69 0.98989534 
897 96 50 61 0.98814374 
216 195 44 52 0.97599494 
383 208 47 50 0.6491535 
509 138 39 51 0.631111 
825 261 19 21 0.22424902 
537 144 36 46 0.21593651 
370 220 56 65 0.1380162 
631 569 47 76 0.12462591 
563 244 41 57 0.0749944 
857 305 46 61 0.06727007 
993 242 30 55 0.061202884 
778 115 13 20 0.057948403 
842 258 15 18 0.052989308 
632 290 47 68 0.03850028 
97 591 87 102 0.037800767 
818 263 30 32 0.035460472 
243 575 17 18 0.0336809 
403 202 37 48 0.03178349 
779 156 15 18 0.030344322 
845 126 14 15 0.030063929 
834 250 24 29 0.02799644 
537 238 53 68 0.026860865 
487 435 47 52 0.026161665 
858 168 18 23 0.02356312 
438 277 43 57 0.021960583 
824 159 10 15 0.021819176 
837 233 25 29 0.021704972 
861 84 12 14 0.021521728 
819 276 32 39 0.020612525 
527 155 52 60 0.020185068 
