29_Students_Schoolkids_Students_Schoolkids_29_684
38
456 39 51 66 0.9989317 
205 58 59 72 0.9979796 
789 480 8 10 0.63973665 
357 136 36 37 0.36478662 
959 464 14 19 0.2044626 
824 464 10 13 0.13556428 
991 472 9 10 0.13113715 
847 463 10 13 0.07459699 
829 467 9 12 0.050145525 
426 541 9 11 0.04770922 
551 524 13 17 0.044032473 
840 459 10 13 0.043279305 
361 151 22 23 0.040631384 
138 632 52 57 0.040342133 
786 482 10 14 0.038818266 
321 518 8 10 0.037516084 
955 470 16 21 0.035311844 
440 520 7 10 0.03527618 
661 487 9 11 0.03424184 
997 483 15 20 0.032971855 
294 509 8 10 0.03161002 
554 501 8 10 0.03144759 
851 467 9 12 0.031212145 
685 487 10 12 0.030764537 
986 470 10 14 0.029510636 
527 494 10 11 0.029408649 
345 165 48 48 0.026396798 
639 502 11 12 0.026201112 
996 477 13 17 0.02613797 
951 465 14 21 0.025446877 
556 528 15 18 0.024056554 
799 468 9 12 0.023634952 
474 557 10 13 0.023175633 
401 535 7 10 0.022953264 
837 468 12 13 0.022075024 
984 469 21 25 0.022046385 
441 525 7 10 0.02177911 
657 492 10 12 0.021656211 
