29_Students_Schoolkids_Students_Schoolkids_29_624
148
147 150 43 55 0.996863 
758 261 10 12 0.832574 
1007 261 14 19 0.39962345 
557 289 12 17 0.29922134 
511 256 9 11 0.23160177 
253 254 8 9 0.22875653 
564 278 8 12 0.20181723 
342 247 8 10 0.18928303 
564 292 10 13 0.14108557 
263 276 8 10 0.13026461 
798 256 7 9 0.11454343 
565 311 9 11 0.104557656 
286 264 11 13 0.098208 
696 248 10 12 0.096641496 
564 335 8 10 0.09561556 
507 277 10 13 0.091061644 
685 261 9 12 0.08981246 
281 254 8 9 0.08574446 
237 276 9 12 0.08343741 
231 277 11 13 0.072569735 
574 304 9 10 0.07087528 
688 254 8 11 0.07003219 
39 269 9 11 0.06802491 
205 264 8 9 0.06473825 
345 128 8 10 0.06324304 
60 256 10 12 0.06297893 
250 249 8 10 0.06185384 
958 256 8 11 0.060420908 
280 262 10 13 0.06011116 
225 294 8 10 0.060075905 
739 254 10 13 0.05932779 
401 249 10 12 0.05642846 
507 253 9 12 0.05533704 
968 246 10 14 0.054478817 
505 247 9 12 0.053666946 
824 241 8 9 0.05345528 
473 265 9 11 0.051771842 
201 279 7 9 0.04816774 
453 231 11 14 0.047766205 
537 284 8 12 0.047501504 
958 261 9 10 0.0471286 
230 284 10 12 0.047031447 
58 259 9 12 0.04657657 
287 272 12 15 0.04497654 
375 221 8 10 0.04494007 
247 259 8 11 0.044642802 
285 255 8 9 0.04450159 
515 261 9 12 0.043776892 
226 287 8 10 0.043650854 
583 239 7 9 0.042834315 
799 209 8 9 0.04227902 
293 276 9 12 0.040834095 
506 272 8 11 0.040226474 
281 277 9 12 0.040216327 
206 286 7 9 0.03807353 
303 262 9 11 0.037855174 
575 308 9 12 0.036966596 
543 311 8 12 0.036505233 
201 272 8 10 0.03618266 
255 262 8 10 0.035762437 
565 273 9 11 0.0357477 
207 302 10 12 0.03570132 
505 260 9 12 0.034724645 
477 268 9 11 0.033668593 
735 247 10 13 0.03360569 
672 246 8 10 0.033437714 
560 273 9 11 0.032841183 
568 301 9 12 0.03224702 
293 262 9 12 0.03202267 
809 245 9 11 0.031835597 
651 302 12 16 0.03164579 
584 290 9 12 0.030715711 
566 328 7 9 0.030637953 
95 277 12 14 0.030490527 
192 278 8 10 0.030380217 
550 336 8 10 0.029702125 
558 260 8 10 0.029533997 
815 246 7 10 0.029528739 
793 262 8 11 0.029501202 
549 341 9 12 0.029468665 
495 308 10 12 0.029227113 
549 372 13 14 0.029046655 
348 126 10 11 0.02863262 
582 278 8 11 0.028598394 
370 222 8 11 0.028137976 
792 270 8 11 0.027999448 
655 181 29 31 0.027811158 
248 278 9 11 0.027705966 
561 327 9 11 0.027693573 
359 120 9 11 0.02762733 
732 259 14 18 0.027611796 
954 262 9 11 0.027407732 
727 253 11 14 0.02728136 
719 246 10 12 0.027217379 
582 272 9 10 0.027177256 
758 247 9 12 0.0268255 
273 253 8 10 0.026710354 
493 279 9 11 0.026705593 
581 310 8 10 0.026126016 
515 255 9 12 0.02601246 
280 299 9 11 0.02563925 
539 283 12 15 0.025556903 
583 254 7 10 0.025537537 
776 263 9 10 0.025213111 
341 250 10 14 0.024995694 
783 263 8 10 0.02493964 
966 263 9 11 0.024777757 
781 294 9 11 0.024685895 
1000 260 12 17 0.024593303 
755 244 8 11 0.02458054 
206 269 9 11 0.023740456 
1005 254 14 17 0.023605831 
302 287 8 10 0.023561932 
366 126 8 11 0.023411024 
543 303 9 11 0.02331744 
255 276 9 13 0.02328403 
960 248 9 12 0.023228798 
728 261 11 15 0.023214553 
237 301 10 12 0.022818664 
863 201 210 248 0.022669839 
529 278 7 11 0.02262785 
561 240 8 10 0.022422409 
535 241 7 10 0.02240726 
213 300 9 11 0.02236333 
263 248 9 10 0.022249667 
755 256 19 22 0.022231495 
274 263 9 12 0.021759532 
239 255 9 11 0.021420762 
551 297 11 13 0.021297527 
96 284 13 14 0.021236397 
564 339 9 12 0.021185223 
272 269 10 13 0.021089286 
304 293 8 10 0.020936688 
206 279 8 11 0.020746754 
360 125 10 12 0.020659253 
551 327 8 10 0.02065923 
439 227 11 15 0.020556437 
579 255 7 9 0.020386657 
375 135 7 9 0.020368183 
360 248 8 11 0.020265711 
699 251 10 13 0.02026415 
446 229 12 16 0.020248275 
816 240 9 11 0.020234808 
213 271 9 11 0.0202073 
1004 274 12 14 0.020173095 
367 248 8 10 0.020160394 
79 294 12 14 0.02014135 
542 293 11 13 0.020036776 
