57_Angler_peoplefishing_57_251
54
539 223 38 53 0.9952495 
418 299 41 53 0.9951127 
727 238 12 15 0.64888656 
458 301 25 35 0.30264574 
1007 201 17 34 0.16034931 
709 230 10 12 0.10393002 
773 721 28 32 0.09523723 
726 736 42 33 0.074785516 
712 244 12 15 0.06686479 
703 269 14 20 0.061150353 
854 190 17 20 0.058331933 
1000 188 27 39 0.03800875 
872 727 25 30 0.037374083 
708 263 11 15 0.03704437 
903 184 23 33 0.031747803 
211 320 48 60 0.030567832 
886 209 15 18 0.028818464 
154 566 9 12 0.028655827 
149 592 10 11 0.027172523 
642 555 14 20 0.02662218 
662 254 12 14 0.026230942 
67 325 26 30 0.026214125 
816 730 30 35 0.026127454 
50 338 52 64 0.026046045 
931 505 35 39 0.02571088 
146 605 11 14 0.025656065 
937 31 8 10 0.025224691 
252 322 56 61 0.025199577 
134 319 41 58 0.025012325 
227 316 31 36 0.024824932 
42 332 92 102 0.024173668 
721 237 12 16 0.024161775 
891 206 12 16 0.02406765 
281 613 28 30 0.024006404 
746 244 10 13 0.02347796 
237 316 49 59 0.022532292 
150 365 51 62 0.022375762 
777 235 15 17 0.022164071 
775 671 33 38 0.021741882 
797 241 14 19 0.021718623 
63 584 11 13 0.021618031 
322 474 61 62 0.02135923 
195 341 54 69 0.02111912 
94 645 11 13 0.021097586 
77 320 43 58 0.02094794 
725 716 39 37 0.020899968 
253 644 15 16 0.020890964 
628 740 17 23 0.02057192 
596 420 30 44 0.020547427 
657 541 97 129 0.020510506 
837 261 14 16 0.020321995 
53 306 43 62 0.020230021 
6 539 48 91 0.020020427 
120 606 13 16 0.020019826 
