57_Angler_peoplefishing_57_139
407
241 341 12 16 0.9568793 
200 319 13 16 0.9514232 
626 299 13 17 0.92736375 
410 345 16 20 0.9036312 
551 315 13 18 0.9034085 
780 251 12 17 0.809165 
691 276 11 14 0.7987224 
661 260 10 13 0.769298 
178 340 13 17 0.7423264 
700 301 11 13 0.70216876 
474 339 13 15 0.67065066 
654 286 9 13 0.6039594 
851 346 10 14 0.5456194 
755 356 12 16 0.5347127 
676 294 10 14 0.5162706 
672 322 10 13 0.48490426 
815 295 12 15 0.43529752 
649 355 12 16 0.3938079 
555 308 14 19 0.38488987 
976 351 11 15 0.38189435 
355 382 10 13 0.3547121 
659 343 14 18 0.34716254 
469 378 12 18 0.33402365 
514 300 12 16 0.3244073 
889 232 9 13 0.32129088 
543 383 12 14 0.31235403 
810 310 13 16 0.30962902 
711 278 11 14 0.3076936 
617 323 11 14 0.30368257 
391 370 11 14 0.28435794 
823 332 11 14 0.28430668 
333 378 11 14 0.28194502 
743 303 11 12 0.2669578 
471 346 14 18 0.25694063 
559 423 13 17 0.24303347 
829 282 11 15 0.24133857 
476 381 11 14 0.23360611 
872 405 10 13 0.2324572 
959 358 13 17 0.22854656 
434 305 12 16 0.22694688 
871 315 10 13 0.22149351 
793 380 14 17 0.21991615 
427 372 15 20 0.19950846 
781 347 13 17 0.19581452 
859 379 11 17 0.19521151 
296 339 9 12 0.18977346 
863 273 11 16 0.17617339 
966 326 10 13 0.16800867 
603 316 11 15 0.16278264 
653 347 13 18 0.15651369 
560 390 12 15 0.15629192 
712 331 12 15 0.1428263 
525 402 11 14 0.14076793 
779 334 11 14 0.13976017 
328 373 9 13 0.1396067 
634 364 13 16 0.13787657 
487 349 10 14 0.131559 
689 332 10 14 0.13075987 
582 370 12 15 0.1296191 
702 445 8 11 0.12653892 
715 324 13 16 0.12590392 
821 214 18 25 0.12514855 
564 424 15 17 0.122236535 
828 332 10 13 0.12044789 
885 323 14 19 0.11902663 
680 384 10 13 0.11902485 
876 317 9 12 0.11640526 
675 319 9 13 0.10763884 
716 316 12 14 0.106515154 
700 348 13 16 0.103966355 
521 369 16 17 0.10011266 
553 358 10 13 0.09889961 
817 364 11 15 0.09875828 
830 361 13 16 0.094039835 
777 338 15 20 0.093326636 
581 355 15 19 0.09195591 
435 372 14 19 0.09074021 
782 304 11 17 0.08853183 
570 388 12 15 0.08796056 
729 262 9 11 0.08747552 
774 305 12 16 0.08674438 
325 406 9 11 0.08524558 
325 368 8 12 0.08164377 
318 397 9 12 0.080433294 
716 282 10 13 0.079394996 
896 310 11 14 0.077909924 
672 288 10 12 0.07737324 
341 374 10 13 0.077103995 
937 449 14 18 0.0758827 
699 369 12 15 0.07424454 
302 399 9 12 0.073393665 
815 333 11 14 0.073150754 
716 446 13 15 0.07241583 
371 414 13 15 0.071578264 
688 272 11 14 0.071350925 
571 427 13 14 0.070934676 
867 333 13 15 0.070723355 
759 385 14 21 0.07043492 
186 395 17 18 0.07032705 
663 301 9 12 0.06800623 
175 345 12 15 0.065809146 
955 461 12 17 0.0656625 
866 348 14 17 0.06461531 
519 405 11 14 0.06422987 
351 376 10 13 0.06370864 
406 396 15 18 0.06349244 
638 293 11 14 0.06349057 
556 363 10 14 0.062821314 
696 296 10 13 0.06204435 
835 358 11 14 0.061857875 
534 428 9 11 0.061450824 
280 399 9 11 0.06024791 
733 261 10 12 0.05895775 
599 320 12 16 0.058396783 
632 359 11 13 0.057915512 
299 335 11 13 0.05593473 
230 381 9 11 0.05588273 
515 338 13 16 0.05569346 
319 357 8 10 0.05499084 
878 322 14 19 0.054912765 
787 306 12 16 0.053921882 
646 341 11 15 0.05378797 
778 190 11 13 0.053150218 
956 245 14 18 0.052873787 
164 374 14 16 0.05176616 
588 349 10 13 0.051606387 
870 456 12 15 0.05121562 
893 315 13 18 0.051097367 
492 353 12 15 0.05109214 
647 289 12 15 0.050668757 
668 310 12 15 0.050572727 
958 369 11 16 0.050321326 
599 311 12 15 0.049945954 
391 379 10 15 0.049538165 
865 238 10 15 0.049285293 
683 388 11 13 0.049227826 
500 372 12 16 0.04870576 
224 347 11 13 0.04848619 
543 299 10 13 0.048239302 
525 331 15 19 0.0481668 
376 378 10 13 0.04816466 
170 355 14 18 0.047825687 
229 324 11 14 0.047824644 
666 316 10 13 0.047398012 
389 386 14 18 0.04728478 
696 353 12 15 0.04718172 
521 378 17 18 0.047084432 
772 287 9 12 0.046824172 
483 379 12 16 0.046623677 
779 194 14 16 0.046329305 
351 356 10 12 0.04607719 
343 368 9 12 0.04573149 
808 346 10 16 0.045719475 
771 292 12 15 0.04570485 
664 310 11 14 0.045571856 
582 378 12 15 0.045421068 
808 446 12 13 0.045177042 
680 271 8 12 0.045008376 
338 379 13 15 0.04469975 
775 324 12 15 0.044519357 
727 286 10 13 0.04420143 
313 350 9 11 0.043483157 
501 379 11 15 0.04341941 
531 313 16 22 0.043242414 
774 317 12 15 0.04284646 
734 319 9 13 0.042833533 
310 392 10 12 0.04277586 
590 325 12 15 0.0425589 
620 317 12 16 0.041580047 
164 414 13 16 0.041559163 
463 373 13 20 0.04134855 
636 409 13 15 0.041247662 
551 351 11 14 0.041218515 
262 343 11 12 0.040777612 
560 455 10 12 0.040171266 
510 354 15 17 0.03964469 
166 351 12 14 0.039615322 
542 425 10 13 0.039565064 
819 359 13 16 0.039110158 
759 293 12 16 0.039073583 
278 373 10 13 0.038664926 
278 366 9 12 0.038640574 
638 315 10 14 0.038501855 
697 296 17 22 0.03797104 
383 372 11 15 0.03754411 
879 235 12 15 0.03736366 
954 424 26 30 0.037346926 
243 317 12 14 0.037312165 
944 404 11 17 0.037300747 
502 387 12 14 0.036392327 
510 398 10 13 0.03636824 
396 349 20 24 0.035989366 
703 277 10 13 0.035968047 
658 256 10 13 0.03566266 
975 344 18 25 0.035637785 
512 404 11 14 0.035600703 
845 487 12 15 0.03553003 
961 243 17 20 0.035528306 
546 386 13 17 0.035277035 
530 429 8 11 0.035161473 
767 299 12 15 0.035128873 
545 315 13 17 0.034939412 
349 306 204 199 0.03483718 
392 415 10 13 0.03472165 
886 449 13 17 0.034676038 
620 328 12 16 0.034574453 
912 234 12 15 0.034295607 
831 192 10 12 0.034195784 
314 396 8 11 0.034149434 
415 340 16 21 0.03399197 
191 335 11 13 0.033868548 
522 318 23 29 0.033515114 
636 298 11 15 0.03343717 
559 384 11 15 0.03339522 
301 325 10 11 0.033197988 
641 340 10 15 0.033184618 
288 340 12 14 0.03315189 
813 340 11 14 0.03292724 
488 327 10 12 0.032865193 
231 341 10 13 0.032401893 
189 357 14 17 0.03240142 
814 324 12 16 0.032355573 
802 411 17 20 0.03224564 
392 348 12 16 0.032114126 
969 351 19 23 0.031962145 
419 317 12 15 0.031880233 
494 327 10 12 0.03182271 
963 318 20 27 0.031608693 
672 277 10 12 0.031285316 
671 271 9 11 0.031253006 
616 299 12 15 0.031015586 
786 211 13 16 0.030981515 
608 402 12 14 0.030960048 
192 420 11 12 0.030903557 
989 339 13 16 0.030891525 
861 265 19 24 0.030804096 
875 400 12 14 0.030791009 
520 388 13 15 0.030667998 
886 345 13 16 0.030648308 
940 437 11 13 0.030589346 
423 448 12 14 0.030554948 
187 348 12 13 0.030496245 
297 404 11 13 0.03047433 
869 322 13 18 0.029955646 
910 498 15 17 0.029826846 
367 351 10 12 0.029812679 
712 374 11 14 0.029624704 
947 457 23 31 0.029535532 
381 380 11 13 0.029532047 
504 435 9 11 0.029424844 
286 366 9 12 0.02935013 
565 390 14 18 0.02933707 
824 261 12 15 0.029275052 
514 43 26 29 0.0292564 
790 394 14 16 0.029251289 
212 316 11 14 0.029140592 
414 335 13 16 0.029109724 
639 308 11 16 0.02894898 
660 285 10 13 0.028936312 
830 454 9 11 0.028848467 
583 327 11 14 0.028845876 
501 365 12 17 0.028571645 
589 340 12 15 0.02845975 
254 339 9 13 0.028411755 
612 366 9 12 0.02837136 
321 370 10 15 0.028335346 
746 306 12 14 0.028329289 
675 468 11 13 0.02832713 
983 339 23 29 0.028250882 
861 280 12 17 0.028229592 
750 447 10 14 0.028207583 
704 282 11 14 0.028169874 
513 411 10 13 0.028156955 
681 263 8 11 0.028049896 
590 314 14 17 0.027964313 
732 285 12 14 0.027961668 
566 454 9 12 0.027878275 
139 391 12 14 0.027813347 
839 349 12 14 0.02752943 
245 324 11 12 0.027512105 
804 381 12 15 0.027506292 
853 351 11 15 0.02732581 
708 274 18 23 0.027209997 
301 349 10 12 0.027179291 
649 282 18 22 0.027089516 
391 355 12 16 0.027000243 
172 415 11 14 0.02686401 
855 385 14 17 0.026816802 
935 318 11 14 0.026489595 
181 356 12 16 0.026449494 
471 316 12 14 0.026415817 
585 364 12 15 0.026367629 
180 323 13 15 0.026233887 
562 307 12 17 0.026222168 
633 371 11 14 0.026170036 
982 341 13 16 0.02609892 
943 469 11 15 0.026087955 
749 283 11 14 0.026056563 
891 499 12 15 0.026033873 
394 389 22 26 0.025927586 
573 382 13 15 0.025823144 
588 331 12 15 0.025802597 
875 331 20 26 0.025774721 
764 324 14 19 0.025747517 
860 396 10 14 0.025709633 
543 335 13 18 0.025708778 
709 336 13 17 0.025631556 
279 361 9 11 0.025570467 
700 381 11 12 0.025479943 
317 351 10 12 0.025332604 
383 395 11 16 0.025309458 
598 346 10 13 0.025273548 
265 346 11 13 0.025072485 
605 322 12 14 0.025064113 
865 334 20 24 0.02506131 
886 523 14 17 0.02500279 
198 330 12 14 0.024919081 
606 459 12 13 0.024861697 
326 387 11 13 0.024725553 
287 347 11 14 0.024615413 
361 332 10 11 0.024490831 
909 230 22 26 0.024385897 
333 383 13 17 0.024261327 
667 262 9 11 0.024220623 
708 347 12 17 0.024068007 
379 439 14 16 0.02405577 
766 289 21 27 0.024030292 
334 396 11 13 0.023932274 
862 202 10 14 0.023808675 
916 241 14 17 0.023797877 
809 335 10 13 0.02377198 
823 271 18 25 0.023625903 
300 468 14 16 0.023528801 
305 391 10 12 0.023491474 
182 405 55 69 0.02341856 
294 365 10 14 0.023380214 
768 446 10 12 0.023271669 
608 390 9 12 0.023259165 
399 343 11 15 0.02312063 
871 312 20 24 0.023064516 
179 341 24 26 0.022974253 
463 398 10 13 0.022933142 
814 288 11 15 0.022924403 
273 367 9 11 0.022867719 
756 411 14 17 0.022862809 
929 268 10 13 0.022689648 
686 264 8 10 0.022688825 
835 370 13 16 0.022622472 
205 340 12 14 0.022620872 
826 267 13 18 0.022598395 
278 434 11 12 0.022560786 
388 367 19 23 0.022532798 
652 437 12 16 0.022460153 
783 203 12 15 0.022440588 
175 316 11 15 0.022352116 
689 268 18 23 0.022340883 
365 380 10 13 0.022329511 
246 373 10 11 0.022253143 
294 356 10 11 0.02224694 
781 456 10 12 0.022236243 
657 256 18 22 0.022185382 
726 322 11 15 0.022181513 
910 447 16 19 0.022174528 
847 340 17 23 0.021918396 
634 405 10 14 0.021908503 
230 334 11 14 0.021854322 
517 400 18 23 0.021827707 
492 330 14 17 0.021804253 
524 304 14 22 0.02179714 
868 438 12 14 0.021774894 
712 441 21 26 0.021767806 
711 292 10 14 0.021758942 
875 453 13 17 0.021730967 
670 327 12 16 0.021725474 
819 328 18 22 0.021707643 
638 380 10 13 0.021506038 
639 389 9 11 0.021497522 
465 347 12 17 0.021305764 
631 278 10 12 0.021286372 
879 445 11 14 0.02125363 
639 287 11 14 0.021150049 
206 349 13 15 0.021056263 
504 394 12 15 0.021039067 
195 338 13 14 0.021036373 
696 263 10 11 0.021007083 
995 338 14 18 0.021004718 
695 340 11 14 0.020993887 
381 356 11 14 0.020991445 
829 289 10 15 0.020966286 
514 346 14 18 0.020932805 
958 241 12 14 0.02092469 
863 233 20 26 0.020873444 
786 352 12 17 0.020771982 
383 387 12 17 0.020747062 
766 333 20 27 0.020661412 
312 333 9 13 0.020533532 
917 251 11 13 0.02046026 
378 333 8 10 0.020400409 
158 451 13 18 0.020281425 
887 476 11 12 0.020207629 
486 332 11 16 0.020199569 
507 369 15 19 0.020177634 
662 293 10 14 0.020170104 
565 460 9 12 0.020165717 
550 371 12 16 0.02006824 
604 331 13 15 0.020008944 
887 354 11 14 0.020003367 
