57_Angler_peoplefishing_57_394
24
223 357 47 59 0.9897343 
330 452 23 25 0.11000452 
550 510 14 18 0.09715366 
371 477 11 15 0.08036564 
507 502 12 14 0.06033563 
504 452 10 12 0.054420203 
573 496 15 18 0.045686793 
579 498 16 18 0.042867787 
349 460 11 13 0.039071485 
366 482 13 16 0.036996696 
78 482 35 39 0.03296892 
350 453 12 15 0.0323142 
508 495 12 14 0.0315961 
367 471 11 13 0.030765338 
519 492 11 13 0.028840119 
176 400 49 62 0.027776957 
357 460 11 14 0.026834453 
485 480 14 17 0.023169912 
333 463 17 19 0.022564095 
567 483 13 15 0.021876559 
508 448 10 13 0.021113135 
207 362 40 42 0.02098742 
570 484 24 28 0.020411577 
3 483 12 15 0.020031022 
