57_Angler_peoplefishing_57_51
61
471 121 59 54 0.99853134 
698 58 62 86 0.994501 
137 200 37 55 0.9647682 
818 123 64 83 0.9026335 
263 48 28 36 0.7264404 
369 145 14 18 0.24033645 
410 184 25 33 0.18176335 
352 145 13 19 0.14468662 
228 187 10 13 0.1410122 
312 157 9 11 0.13256903 
995 327 26 33 0.108578704 
184 326 17 20 0.087961376 
83 180 27 34 0.07992548 
333 145 16 18 0.061328005 
121 265 44 51 0.049371015 
346 33 11 16 0.048656393 
516 306 32 51 0.043000847 
386 156 13 16 0.041956045 
132 144 24 30 0.04109382 
137 140 17 18 0.040962014 
85 188 15 19 0.039941978 
327 148 13 15 0.035626844 
230 49 16 21 0.034839734 
380 229 31 48 0.03447521 
94 186 27 38 0.034179516 
418 193 32 35 0.03189313 
317 149 10 13 0.031064982 
85 133 46 56 0.030656423 
173 316 39 48 0.030108169 
268 187 9 13 0.029313898 
352 22 9 13 0.029293783 
279 101 12 17 0.028783806 
904 128 46 55 0.028750345 
417 259 54 55 0.028595243 
351 168 8 11 0.02799397 
252 139 10 12 0.026846062 
384 149 11 14 0.02670002 
1011 469 14 22 0.026364153 
851 559 66 84 0.026102472 
133 161 13 17 0.025809094 
300 158 11 12 0.025796136 
83 155 33 46 0.02573145 
413 181 14 23 0.02511068 
728 306 65 59 0.02508887 
344 168 9 12 0.02327101 
105 193 24 36 0.022697018 
171 139 11 13 0.022673853 
231 42 27 34 0.02258224 
203 145 15 19 0.022406269 
221 123 11 14 0.022392107 
238 134 10 12 0.022176886 
287 126 9 11 0.022094099 
100 192 16 21 0.022035614 
311 140 12 14 0.021860816 
839 451 187 222 0.021351175 
298 172 14 16 0.02116804 
75 93 14 17 0.020882446 
70 173 29 40 0.020687276 
886 544 105 111 0.020613369 
281 125 10 13 0.020372065 
107 195 14 21 0.020278528 
