57_Angler_peoplefishing_57_661
80
102 427 14 19 0.9000157 
203 414 13 15 0.846063 
364 410 11 13 0.52607995 
244 387 10 12 0.3987124 
402 409 9 11 0.33528975 
233 412 10 11 0.27835643 
282 419 9 11 0.20802699 
447 414 9 12 0.1687543 
36 419 12 16 0.16473779 
0 389 10 15 0.12660262 
244 392 12 16 0.122150965 
496 405 9 11 0.108739324 
368 383 9 11 0.10232175 
446 409 9 11 0.06936685 
452 414 9 12 0.067979574 
324 404 10 12 0.06295353 
579 352 25 34 0.057010636 
208 417 13 16 0.053283688 
304 403 11 12 0.053113684 
322 383 9 12 0.04895768 
0 437 11 14 0.046752404 
82 456 9 12 0.04275617 
320 397 11 13 0.04185203 
7 421 11 15 0.038991753 
308 396 9 13 0.038768645 
344 397 11 13 0.03695082 
97 432 12 15 0.036553416 
73 420 9 13 0.036135703 
142 439 11 13 0.033734255 
143 298 27 33 0.033552222 
287 384 11 13 0.033217665 
14 456 9 13 0.032618977 
1 430 9 14 0.032352876 
6 428 10 13 0.02845386 
442 414 10 13 0.028371144 
391 448 9 11 0.02765377 
308 406 9 12 0.026230127 
232 445 13 15 0.026061857 
16 388 10 12 0.026039464 
72 415 9 13 0.025718043 
237 419 11 14 0.025582265 
215 395 11 16 0.025393201 
456 395 9 12 0.025391005 
350 391 8 11 0.025196439 
311 413 9 11 0.024901727 
92 227 14 17 0.024789752 
566 344 46 52 0.024411675 
13 419 14 19 0.024312645 
390 421 11 13 0.02426409 
381 436 11 13 0.023974035 
220 396 12 17 0.023719525 
415 384 9 12 0.023637848 
338 398 8 12 0.023622014 
51 404 15 19 0.023559922 
83 254 17 21 0.023528814 
55 384 8 10 0.023245703 
13 469 9 12 0.023245433 
8 456 11 13 0.022820659 
663 447 68 75 0.022692287 
391 412 10 13 0.022104232 
571 360 25 32 0.022026364 
85 399 16 21 0.021991853 
343 402 11 14 0.021932619 
365 161 98 140 0.021746226 
295 422 11 14 0.02153145 
415 394 11 13 0.021343688 
408 388 10 13 0.02133622 
227 301 165 204 0.021288075 
440 419 11 14 0.020987585 
273 412 10 12 0.02098352 
6 413 11 15 0.020940438 
360 403 18 23 0.020598054 
90 488 44 48 0.02054247 
408 438 10 12 0.020445917 
613 478 184 240 0.020399405 
350 406 9 11 0.020311015 
277 407 10 12 0.020274404 
501 401 8 10 0.02026106 
664 398 106 129 0.020111661 
244 401 12 14 0.020066088 
