46_Jockey_Jockey_46_909
143
509 288 26 35 0.9987318 
452 416 51 48 0.9910946 
495 555 58 66 0.9785402 
783 184 16 21 0.9464384 
652 248 16 21 0.933279 
275 183 14 18 0.8994859 
913 283 18 30 0.85402495 
739 177 13 17 0.8457162 
694 181 13 19 0.8362151 
486 155 9 13 0.8042618 
210 572 48 81 0.6451827 
534 160 10 12 0.62771755 
740 268 17 21 0.59222853 
496 324 20 26 0.59088355 
643 191 11 14 0.49297312 
596 107 14 18 0.36821413 
478 190 13 17 0.29813516 
507 154 10 14 0.26648366 
677 254 9 13 0.23531432 
767 208 14 18 0.20474927 
542 157 9 11 0.16511016 
734 333 12 19 0.13178928 
569 345 29 41 0.12814043 
922 286 21 28 0.124590084 
444 327 17 23 0.116233446 
371 547 58 63 0.10730613 
604 275 21 25 0.10390769 
748 262 13 20 0.102239825 
930 276 24 30 0.08665089 
468 406 39 41 0.08544109 
550 139 10 12 0.08292052 
734 270 16 20 0.07485193 
472 180 10 13 0.074052826 
521 542 60 70 0.07093892 
726 204 10 14 0.07065485 
519 413 10 14 0.06981632 
653 291 12 16 0.068906784 
788 277 14 17 0.06888253 
248 544 80 105 0.06814364 
718 235 10 15 0.06642715 
727 282 10 14 0.06569483 
629 264 10 13 0.06501672 
668 299 14 15 0.06049233 
475 181 13 17 0.059312597 
531 163 11 13 0.053292796 
797 260 15 17 0.052319795 
719 309 12 14 0.05174797 
648 284 11 14 0.051566962 
0 212 10 20 0.050853677 
629 273 13 19 0.050751988 
527 184 8 10 0.050027546 
612 271 21 27 0.049182292 
792 186 13 18 0.04877947 
636 284 12 15 0.047091633 
446 141 12 16 0.045944653 
355 189 14 16 0.045881364 
495 149 9 12 0.044683006 
443 134 24 32 0.0436141 
636 277 11 15 0.04165961 
779 268 13 17 0.040456653 
412 220 12 15 0.037051935 
512 173 10 12 0.036864668 
706 186 12 15 0.03681703 
224 566 32 57 0.036578994 
482 152 10 13 0.03615295 
32 413 32 46 0.0356725 
923 631 47 52 0.033949964 
316 191 12 14 0.033774532 
448 320 15 22 0.031589348 
545 123 9 12 0.031347733 
502 151 18 23 0.031218404 
658 290 15 18 0.030767499 
773 188 19 26 0.03059198 
575 134 9 12 0.030506918 
782 309 11 16 0.030486645 
760 142 9 11 0.030155936 
418 359 30 37 0.029944107 
652 279 11 14 0.029601082 
475 174 12 14 0.029597644 
352 194 12 15 0.029274331 
437 110 13 16 0.029201677 
646 203 9 12 0.02918215 
496 143 9 13 0.028872445 
862 228 11 14 0.028854214 
728 338 13 17 0.028685343 
591 301 10 14 0.028623005 
701 97 12 16 0.02837138 
529 363 28 31 0.02823663 
910 278 15 24 0.02804715 
226 556 53 83 0.027723953 
806 244 11 14 0.027577149 
719 302 12 14 0.027509894 
608 157 9 12 0.027315225 
450 405 31 45 0.027293535 
482 151 17 23 0.02721675 
823 333 52 66 0.02714429 
719 293 10 12 0.026978403 
429 412 13 17 0.026954655 
671 256 12 16 0.02656022 
479 540 54 69 0.026464486 
989 627 12 16 0.026245195 
549 156 8 10 0.02539881 
595 102 22 29 0.025035283 
361 194 14 17 0.024849165 
662 297 14 17 0.024644807 
143 95 12 16 0.024608286 
454 127 10 11 0.024177497 
407 338 23 30 0.02415286 
926 654 29 33 0.024130888 
739 342 59 64 0.024006149 
546 140 9 13 0.023937857 
725 360 50 52 0.023868168 
398 197 12 12 0.023850909 
527 189 8 9 0.023835126 
631 281 13 17 0.023779664 
436 334 23 30 0.023590341 
631 291 13 17 0.023544967 
797 250 15 17 0.023308666 
791 263 22 25 0.023197195 
550 150 9 12 0.02279201 
328 556 60 67 0.02244868 
407 349 31 36 0.022380378 
732 197 11 15 0.022199493 
645 287 19 24 0.022004705 
596 299 11 15 0.021915296 
504 319 25 37 0.02190136 
699 86 22 31 0.02168937 
613 141 8 10 0.021620251 
422 649 28 34 0.0213341 
844 302 17 22 0.021292586 
509 161 11 14 0.021269437 
343 196 12 15 0.021081582 
485 401 28 36 0.021010092 
819 227 12 15 0.02099819 
682 250 14 19 0.020555696 
489 133 8 10 0.020544093 
613 150 8 12 0.020497615 
486 268 10 15 0.020461773 
608 141 9 10 0.020441502 
938 270 16 20 0.020292414 
570 134 9 13 0.020254228 
598 284 19 25 0.020113396 
786 274 24 29 0.020088427 
