46_Jockey_Jockey_46_444
31
409 169 34 41 0.9994941 
315 149 34 41 0.99943393 
616 139 33 43 0.9994024 
712 146 36 48 0.9992473 
219 139 32 38 0.9991817 
522 154 35 41 0.9991442 
218 336 34 43 0.99866533 
98 350 37 45 0.9969574 
484 333 39 49 0.9959137 
341 330 43 55 0.9953607 
814 131 35 48 0.99306136 
858 343 41 52 0.98988277 
666 362 38 47 0.989565 
866 170 17 19 0.10945762 
997 90 12 15 0.069633834 
723 498 45 40 0.06692962 
789 494 45 32 0.06574757 
160 445 32 30 0.05829136 
155 454 31 33 0.04385419 
144 479 41 40 0.04366987 
451 189 16 18 0.035972964 
302 511 42 31 0.032730494 
601 394 28 31 0.032520182 
1005 91 10 14 0.032054942 
447 193 15 19 0.02958113 
532 354 16 22 0.02918381 
144 201 7 9 0.026462078 
966 94 10 12 0.02256659 
422 397 36 47 0.022387056 
168 432 27 33 0.02132002 
299 165 15 21 0.020773737 
