46_Jockey_Jockey_46_923
28
641 498 58 81 0.92878973 
229 556 30 51 0.29740787 
526 1047 10 13 0.09904239 
464 163 31 37 0.08667824 
543 1047 10 13 0.08595851 
520 1048 10 13 0.071875475 
548 1058 23 31 0.06779203 
448 180 16 21 0.056221973 
246 326 22 32 0.04900888 
416 1057 32 32 0.04334877 
467 164 19 23 0.04208567 
412 1059 460 497 0.03509994 
698 310 34 36 0.035080075 
615 462 100 116 0.034257594 
535 1046 10 13 0.033477187 
521 252 95 111 0.033116378 
513 1048 9 12 0.03171227 
449 1063 10 13 0.029793138 
744 522 30 38 0.029097935 
458 176 31 36 0.025752122 
466 165 49 55 0.025729898 
436 199 16 18 0.02487159 
692 525 10 14 0.023853341 
467 1220 73 57 0.022998938 
687 497 61 70 0.022344701 
481 1045 8 12 0.021207873 
453 1067 13 16 0.020818377 
460 1070 15 19 0.020526832 
