46_Jockey_Jockey_46_779
73
539 120 52 65 0.99386555 
933 117 38 48 0.94519997 
657 293 38 57 0.5613213 
634 301 48 60 0.3530347 
989 119 27 34 0.33924806 
895 48 29 31 0.2564201 
625 313 35 45 0.25041515 
1003 198 22 35 0.17957653 
930 212 14 20 0.17456149 
116 329 19 22 0.14957741 
957 66 16 23 0.11326521 
483 439 9 12 0.11130977 
457 361 15 21 0.106623575 
493 288 16 19 0.102252476 
503 433 9 10 0.08709755 
526 432 9 10 0.08087349 
322 350 7 10 0.0806154 
922 11 14 19 0.08019938 
412 266 11 14 0.07127653 
995 117 17 23 0.06886644 
792 211 23 29 0.06868793 
496 356 12 14 0.066401236 
892 45 17 20 0.06367367 
501 437 8 10 0.06081707 
510 431 8 10 0.05330423 
490 297 15 19 0.052145824 
5 378 30 37 0.051268682 
497 282 18 21 0.051192004 
582 276 11 14 0.049535733 
980 131 31 37 0.04796863 
923 4 23 33 0.047126673 
626 331 48 52 0.045134913 
342 294 33 36 0.042757254 
949 124 31 43 0.041810025 
455 354 25 34 0.04060901 
1004 115 14 21 0.037301417 
497 438 9 12 0.036350947 
829 252 14 18 0.034354653 
930 206 25 32 0.033086393 
952 73 12 18 0.03270823 
366 333 44 51 0.032378793 
634 353 43 42 0.03180307 
513 440 8 10 0.031802475 
845 141 16 23 0.031770974 
888 43 13 19 0.03170858 
902 44 20 21 0.030802727 
886 49 47 55 0.030182049 
518 422 9 12 0.0301255 
981 101 42 57 0.029086923 
521 430 8 10 0.028859505 
500 406 11 15 0.028643427 
485 301 14 16 0.028395638 
977 25 24 35 0.026968477 
-56 182 428 516 0.026784318 
691 52 138 220 0.025967583 
628 322 17 24 0.025410283 
911 6 22 27 0.025079904 
682 105 15 21 0.024895279 
506 282 11 15 0.02484777 
519 415 8 11 0.024126777 
524 462 10 13 0.023737779 
407 268 12 16 0.023387756 
511 446 10 11 0.023013914 
598 319 15 17 0.022653563 
947 60 37 50 0.02215701 
988 135 19 23 0.022133768 
355 303 20 21 0.022082439 
190 318 18 22 0.021793233 
482 286 26 28 0.021707255 
209 284 27 30 0.021628808 
897 37 20 22 0.021375595 
629 305 15 22 0.020580932 
400 276 12 17 0.020124463 
