46_Jockey_Jockey_46_202
24
484 77 58 63 0.99242836 
887 118 22 32 0.12116885 
419 119 48 57 0.111890845 
377 143 402 466 0.0964498 
575 539 14 18 0.09523454 
703 463 30 36 0.08242945 
123 676 40 37 0.07557796 
789 168 53 66 0.06637461 
625 567 28 33 0.059094977 
815 157 120 166 0.057023134 
414 109 38 48 0.04194794 
508 73 47 49 0.032902837 
33 717 12 15 0.031794466 
558 212 29 34 0.026799638 
119 590 9 12 0.026281968 
786 146 110 129 0.025702069 
99 588 10 14 0.025228513 
92 682 27 34 0.024890868 
0 652 10 17 0.022519007 
122 352 209 266 0.021218874 
101 614 10 12 0.021075582 
721 471 19 23 0.020103212 
122 637 10 13 0.020078458 
572 213 29 34 0.020048445 
