46_Jockey_Jockey_46_569
83
871 129 41 49 0.99433124 
275 155 43 54 0.99145436 
383 131 14 16 0.90461785 
316 129 13 18 0.8959853 
411 136 13 17 0.87353206 
698 12 40 55 0.86947215 
189 132 12 16 0.8206806 
150 98 36 62 0.76476115 
444 124 30 36 0.6999236 
366 135 11 14 0.6887831 
226 138 13 17 0.6607415 
320 211 19 21 0.5799932 
460 123 28 31 0.2509178 
655 24 11 14 0.20893478 
532 27 10 14 0.15622568 
682 25 12 15 0.14996295 
781 37 8 10 0.13181615 
509 7 9 11 0.107686706 
525 72 38 46 0.10575021 
472 124 20 22 0.0861808 
846 183 10 14 0.08322892 
125 108 52 59 0.08130785 
809 43 9 12 0.0763031 
360 136 12 17 0.07605547 
216 137 11 16 0.07536233 
399 178 15 19 0.07398065 
448 142 28 35 0.0655963 
519 10 11 15 0.057535175 
525 11 9 13 0.051244836 
460 5 9 11 0.050278332 
700 167 11 14 0.04886427 
523 139 51 61 0.047025405 
529 22 11 15 0.04644764 
777 52 10 13 0.044055507 
760 65 8 11 0.04373614 
778 34 8 11 0.041199274 
459 139 33 40 0.041103654 
654 21 19 26 0.04083826 
602 12 8 10 0.04068708 
162 106 42 61 0.038828522 
813 41 8 11 0.037815645 
372 132 12 17 0.03768283 
353 158 9 13 0.035450865 
780 46 11 15 0.03482551 
393 179 25 32 0.034594465 
214 132 22 27 0.03346408 
808 54 10 14 0.033291094 
786 208 24 28 0.033178452 
88 135 55 70 0.03232319 
398 140 12 16 0.03197693 
372 117 11 14 0.031767033 
765 68 9 12 0.03160432 
678 21 20 27 0.03083919 
702 138 14 18 0.030835856 
516 6 22 28 0.030803282 
711 135 29 33 0.03060247 
774 111 10 13 0.029477088 
393 216 9 12 0.02879464 
822 189 11 14 0.028322168 
717 146 33 40 0.027874019 
649 22 12 15 0.026880877 
389 148 12 15 0.026534246 
849 178 13 18 0.025585808 
844 174 21 29 0.025324745 
710 156 12 16 0.025205282 
246 211 16 18 0.025003357 
412 211 12 17 0.024631567 
524 22 20 25 0.024619773 
386 136 13 16 0.024521582 
671 59 15 20 0.024414845 
71 111 11 14 0.023331562 
515 75 26 40 0.023247123 
136 94 34 49 0.023019167 
708 144 17 20 0.022944998 
504 9 10 14 0.02275637 
605 10 9 11 0.02247887 
532 33 12 15 0.02114291 
512 155 45 57 0.02105554 
43 230 114 149 0.020794204 
409 142 12 17 0.020780154 
255 167 26 41 0.020656675 
819 181 23 30 0.020378042 
198 215 9 10 0.02011253 
