46_Jockey_Jockey_46_79
75
556 83 36 53 0.99476576 
595 45 35 51 0.9942967 
322 242 44 55 0.9936655 
666 22 30 45 0.99011785 
417 223 32 47 0.98768616 
624 29 24 43 0.9854235 
393 249 38 51 0.9820327 
428 172 40 51 0.9727916 
196 404 23 47 0.9581846 
532 110 23 36 0.8596302 
317 306 29 41 0.7353705 
680 0 26 26 0.6900938 
538 41 37 47 0.6673297 
267 347 28 35 0.60537636 
249 387 22 36 0.4744442 
279 339 26 37 0.43691882 
501 309 15 20 0.24661188 
445 139 34 42 0.12912183 
181 323 26 47 0.1270108 
299 294 37 47 0.10453759 
672 4 33 41 0.08029779 
537 103 37 49 0.06888885 
193 480 34 42 0.06851552 
558 43 45 57 0.059559066 
468 22 8 11 0.056656625 
517 7 9 12 0.052286636 
247 342 28 39 0.051781088 
313 258 43 57 0.05164539 
455 160 29 38 0.04722038 
505 86 33 41 0.046334088 
146 390 31 49 0.043616805 
517 121 29 32 0.039403066 
120 102 11 12 0.038414426 
977 7 10 11 0.036478397 
367 256 12 19 0.03527657 
257 356 25 41 0.034794886 
479 327 13 14 0.0344049 
434 150 43 53 0.034148403 
937 27 8 11 0.034098033 
290 302 30 37 0.033932175 
519 32 8 10 0.031925607 
375 86 9 11 0.031756263 
513 75 44 54 0.031560723 
116 88 9 11 0.030532164 
466 175 15 20 0.030306954 
206 383 24 42 0.030251833 
307 312 19 24 0.029354481 
614 1 13 12 0.0288412 
214 56 11 15 0.028821746 
144 46 11 14 0.028623074 
318 675 14 14 0.027774042 
924 28 10 12 0.02734664 
978 12 9 11 0.027189337 
413 180 31 36 0.02696842 
470 152 23 34 0.026894452 
920 31 8 11 0.02650448 
473 179 347 454 0.025463995 
573 93 34 44 0.025040276 
636 1 19 20 0.02467871 
513 105 30 37 0.024138208 
117 94 9 10 0.023535574 
580 54 11 17 0.023427289 
339 439 42 49 0.023301395 
151 458 33 47 0.02326433 
498 300 22 24 0.023194928 
694 0 17 22 0.022892967 
178 337 40 55 0.022752604 
607 130 42 58 0.0227148 
314 22 31 29 0.022172801 
194 603 39 41 0.021816662 
146 316 29 42 0.020573404 
501 5 9 11 0.020475287 
224 87 9 10 0.020236682 
563 68 31 42 0.020197386 
372 21 10 12 0.020088358 
