31_Waiter_Waitress_Waiter_Waitress_31_118
18
369 92 163 199 0.9971872 
390 789 9 12 0.08916428 
132 170 12 16 0.060695942 
691 17 11 16 0.047611024 
950 534 12 16 0.04736342 
820 752 25 29 0.046687886 
427 767 16 17 0.030792598 
668 18 11 14 0.029048644 
360 770 52 58 0.02894181 
14 323 429 505 0.02833076 
668 551 123 98 0.02685045 
917 254 23 30 0.026653543 
780 758 12 16 0.024237318 
809 732 44 55 0.023313195 
952 539 23 28 0.023077585 
660 343 22 27 0.022687003 
934 534 11 13 0.022310946 
663 15 12 16 0.02046129 
