31_Waiter_Waitress_Waiter_Waitress_31_212
20
518 350 84 119 0.5225556 
527 272 58 67 0.42231005 
409 249 111 136 0.25829092 
571 135 48 80 0.15496211 
641 161 67 69 0.14790952 
455 253 104 112 0.08736043 
550 332 96 140 0.07344689 
604 144 82 102 0.06841879 
513 258 53 65 0.060490057 
710 231 44 59 0.053141944 
67 6 29 45 0.047732066 
516 70 313 412 0.044907384 
199 10 356 487 0.044183765 
693 221 46 58 0.04305955 
57 41 42 66 0.04044096 
653 189 62 75 0.030421633 
761 31 110 126 0.025620334 
622 159 101 117 0.02390764 
910 -13 123 136 0.022919975 
360 186 187 234 0.02209924 
