31_Waiter_Waitress_Waiter_Waitress_31_358
50
308 279 63 74 0.9994566 
500 277 67 105 0.9961183 
804 170 80 86 0.99582785 
684 363 24 30 0.97865784 
174 309 42 62 0.96506727 
136 257 22 27 0.9495049 
359 358 53 70 0.56048787 
683 254 33 41 0.20806938 
618 418 12 15 0.15889962 
159 260 16 19 0.1102306 
660 247 48 58 0.07675159 
612 389 24 29 0.054616448 
580 365 16 20 0.049212433 
573 346 27 36 0.048529807 
148 311 58 78 0.043294597 
131 253 39 46 0.04165407 
629 400 16 21 0.041000076 
892 642 11 12 0.03958556 
365 16 448 547 0.03903806 
76 287 93 97 0.03458524 
606 376 25 31 0.031260528 
637 405 14 20 0.03123228 
412 304 48 65 0.030107114 
904 627 12 15 0.029203428 
615 407 20 26 0.028867181 
644 382 16 20 0.028002575 
674 404 18 21 0.027842397 
620 400 17 21 0.027005792 
698 344 9 12 0.026644072 
928 653 11 13 0.026435563 
154 278 50 68 0.025749082 
164 264 23 27 0.025502734 
944 618 12 13 0.025244374 
902 660 11 12 0.024879567 
790 605 31 39 0.024849914 
903 654 10 11 0.024555208 
161 279 25 36 0.02445844 
598 380 11 14 0.02408413 
631 357 11 14 0.023843927 
588 349 14 17 0.021441767 
202 253 13 16 0.021405209 
889 644 10 12 0.021330006 
956 638 10 12 0.021262657 
589 365 44 57 0.02107569 
450 302 31 51 0.020835102 
674 360 40 48 0.020580254 
691 405 13 16 0.020500021 
673 409 26 30 0.020197956 
892 654 12 13 0.020122027 
131 -14 519 442 0.020041883 
