31_Waiter_Waitress_Waiter_Waitress_31_484
30
334 176 109 146 0.99993825 
574 72 120 172 0.99986553 
126 712 11 13 0.18402512 
87 704 8 9 0.099248834 
130 681 7 9 0.090406395 
95 683 10 13 0.08293922 
112 692 9 11 0.067804165 
577 462 145 181 0.047473785 
159 696 10 12 0.044812657 
119 719 9 11 0.036435448 
28 740 9 11 0.03502561 
116 739 12 15 0.033880763 
89 727 9 11 0.03339248 
103 712 8 9 0.027516352 
100 680 9 11 0.027458318 
153 701 10 11 0.02594117 
64 691 9 11 0.025243979 
113 720 9 10 0.024284616 
118 689 7 9 0.024164474 
61 735 10 13 0.022929765 
110 711 8 9 0.022776542 
117 693 9 10 0.022423675 
81 676 8 9 0.022406956 
164 695 10 11 0.021581016 
94 704 7 9 0.021237833 
73 710 10 13 0.020888133 
61 740 11 15 0.020619385 
134 685 8 10 0.020497182 
77 716 9 12 0.020301402 
144 718 10 12 0.020019868 
