31_Waiter_Waitress_Waiter_Waitress_31_915
39
463 195 113 164 0.99979407 
941 558 24 30 0.9639698 
619 215 219 296 0.11854425 
714 292 93 117 0.1132972 
114 513 16 18 0.101170704 
40 463 11 13 0.08897317 
37 475 14 16 0.08193673 
1001 640 21 34 0.07243746 
521 210 374 462 0.06590364 
981 554 16 20 0.05997042 
21 505 12 15 0.05383749 
56 487 9 11 0.05066973 
171 532 12 15 0.049263082 
118 494 9 10 0.044122264 
22 484 11 14 0.038727444 
20 461 11 14 0.037741147 
676 337 46 52 0.03319553 
124 515 16 16 0.03315228 
88 621 23 29 0.031358115 
581 361 26 33 0.02844416 
580 -1 190 241 0.02748454 
974 584 26 32 0.026969843 
562 609 18 20 0.026588589 
36 490 12 15 0.025423363 
971 579 16 20 0.025157956 
17 507 11 15 0.024837784 
711 320 57 71 0.024424277 
630 338 48 52 0.024116654 
30 482 13 16 0.023571819 
96 601 13 15 0.02267621 
29 501 12 15 0.022663256 
5 579 15 18 0.02262801 
13 566 11 14 0.022122756 
33 468 12 14 0.021729149 
47 559 10 13 0.021188343 
10 573 14 17 0.020679018 
61 572 11 14 0.020625612 
31 462 11 14 0.020551853 
1001 104 9 12 0.020461205 
