31_Waiter_Waitress_Waiter_Waitress_31_420
183
463 179 29 44 0.99932647 
653 219 26 33 0.99774736 
582 217 28 32 0.9975781 
915 209 32 43 0.997133 
332 301 22 28 0.99311996 
690 236 26 34 0.98865545 
372 299 22 30 0.985642 
552 220 21 32 0.96895915 
40 219 21 28 0.9687102 
532 205 23 28 0.956973 
240 314 19 25 0.9511778 
489 218 24 29 0.9461486 
281 316 17 21 0.865176 
195 290 17 21 0.83916926 
868 306 23 28 0.5906723 
696 208 23 28 0.57958466 
378 289 23 31 0.5525924 
408 234 17 22 0.5452737 
148 262 19 22 0.506778 
130 307 16 19 0.42373416 
168 313 15 19 0.4200147 
387 285 21 28 0.32004324 
451 43 30 35 0.2852997 
389 272 15 17 0.2258159 
347 283 12 16 0.217827 
868 275 12 15 0.2132619 
166 292 14 19 0.20445225 
695 218 27 35 0.19338264 
306 315 14 19 0.18656327 
248 300 14 16 0.14669509 
537 223 24 33 0.1464401 
189 293 17 21 0.14494921 
230 284 11 13 0.14040671 
411 221 24 32 0.14026003 
346 222 15 20 0.1394285 
122 298 17 20 0.13093106 
271 344 14 22 0.121169396 
518 282 32 36 0.11429219 
299 296 21 28 0.11373326 
93 220 23 29 0.11045804 
573 201 16 19 0.10773689 
300 288 15 18 0.1075993 
205 323 15 23 0.1063243 
117 291 14 19 0.09767482 
295 290 11 15 0.0860503 
840 159 8 11 0.081867926 
188 275 13 15 0.07682478 
491 213 18 21 0.07565575 
355 282 12 16 0.07520677 
844 283 12 14 0.07334363 
433 168 14 20 0.071092166 
234 282 12 14 0.0691268 
11 264 13 16 0.06873263 
816 246 10 12 0.06852166 
156 340 15 19 0.06808847 
225 285 10 14 0.0676607 
738 198 10 12 0.06367076 
253 296 11 14 0.063655734 
375 277 10 12 0.06343778 
235 294 11 14 0.061305933 
758 222 10 13 0.06066455 
260 281 11 15 0.06008765 
509 208 19 26 0.05508109 
184 298 13 17 0.054922275 
753 208 8 10 0.054905314 
816 239 10 11 0.05338347 
570 220 25 31 0.05318099 
98 276 21 31 0.05300782 
350 196 9 11 0.05279792 
207 276 11 14 0.049178198 
143 363 13 17 0.048846588 
219 323 12 17 0.048410855 
893 220 13 18 0.046314407 
502 214 20 27 0.044265863 
316 260 10 13 0.04425291 
86 274 12 17 0.043538008 
289 306 20 26 0.043308936 
997 294 15 21 0.0430979 
741 192 9 11 0.04309117 
162 354 22 25 0.042216614 
874 189 10 11 0.041760653 
874 207 9 11 0.04103724 
699 226 16 21 0.040764354 
140 330 13 16 0.04004823 
109 287 13 20 0.039119266 
203 285 14 19 0.038862657 
376 253 10 11 0.038809076 
141 271 17 21 0.03868893 
208 316 21 30 0.036830205 
433 40 43 55 0.036823682 
894 190 8 9 0.036361516 
164 329 15 19 0.036261994 
892 215 24 33 0.036212016 
473 306 26 37 0.036072105 
213 271 11 14 0.035934012 
776 224 9 12 0.035014175 
186 270 11 13 0.03453308 
275 350 15 20 0.03450766 
93 273 15 21 0.034488466 
781 229 9 10 0.034293473 
279 362 14 20 0.034106612 
158 313 16 20 0.033829927 
157 353 16 19 0.033472825 
513 144 18 22 0.03283774 
232 298 14 17 0.032549884 
421 307 17 23 0.032309838 
46 375 10 12 0.03178806 
212 292 10 15 0.03123436 
24 285 12 15 0.031157222 
148 278 15 19 0.030971423 
336 289 23 29 0.02975544 
430 160 11 15 0.029626645 
620 211 14 18 0.029531417 
828 116 11 14 0.029378062 
719 204 12 16 0.029172715 
349 272 9 11 0.02876998 
830 263 10 14 0.028685255 
122 372 12 15 0.028557722 
384 275 11 15 0.028067417 
137 311 15 19 0.027927913 
58 251 17 23 0.027866011 
313 313 14 19 0.027396156 
383 284 13 19 0.026983697 
749 224 14 18 0.026725166 
199 263 9 11 0.026405908 
152 275 21 26 0.025980556 
162 348 15 18 0.025941603 
241 111 10 13 0.025895448 
406 252 11 15 0.0258754 
881 312 21 26 0.025857516 
760 199 8 9 0.025523657 
776 239 11 13 0.025489649 
147 357 13 16 0.02543568 
741 205 9 11 0.024227273 
733 215 11 12 0.023976168 
11 284 11 14 0.023954162 
892 318 15 20 0.023949705 
238 355 14 19 0.023697535 
229 278 19 23 0.023688523 
376 191 8 11 0.023620663 
160 264 13 19 0.023513798 
333 284 14 16 0.023503222 
420 212 14 18 0.02344103 
799 246 9 11 0.023312641 
100 238 16 20 0.023307115 
405 261 12 15 0.023245485 
189 285 16 20 0.023155568 
836 274 21 26 0.023140639 
779 250 16 19 0.023056997 
532 235 19 24 0.022985656 
509 288 28 34 0.022856945 
834 158 9 12 0.022845257 
421 180 11 15 0.022741696 
160 289 14 18 0.02239977 
889 222 11 14 0.0223756 
427 51 25 32 0.022366865 
195 269 11 14 0.021999832 
757 214 10 12 0.021988926 
430 54 12 18 0.02194722 
23 277 11 14 0.021839133 
28 301 11 14 0.02172512 
715 232 17 24 0.021549495 
768 211 9 12 0.02142891 
423 194 13 18 0.021342035 
872 185 10 11 0.021301836 
328 263 10 12 0.021180758 
554 212 17 23 0.021137966 
425 297 18 23 0.021053025 
329 268 10 13 0.02092765 
128 263 9 13 0.020882651 
207 261 8 11 0.02072549 
600 220 18 25 0.020545246 
99 215 15 19 0.020538865 
696 205 14 18 0.020526456 
877 211 9 12 0.02052152 
302 29 92 113 0.020423483 
864 281 13 16 0.020392949 
21 268 13 15 0.020357832 
222 279 11 15 0.020282809 
89 226 12 18 0.020273486 
873 247 9 11 0.02026564 
150 299 10 13 0.020087931 
183 284 13 17 0.020068439 
