36_Football_americanfootball_ball_36_279
34
539 304 115 128 0.7990738 
80 92 121 174 0.18272842 
496 304 64 85 0.15721337 
-1 569 83 134 0.12125885 
601 308 102 128 0.11396501 
732 711 109 105 0.11129869 
369 670 188 179 0.078320734 
531 499 377 462 0.07556993 
446 174 67 84 0.07498621 
909 -2 41 29 0.072610155 
483 609 70 82 0.06545123 
372 152 48 71 0.06376083 
498 290 109 124 0.058030535 
126 102 71 99 0.054578997 
714 413 76 81 0.043300666 
339 132 92 124 0.03633302 
394 149 47 70 0.035545148 
677 606 203 247 0.035164285 
381 721 199 279 0.034045655 
727 460 39 53 0.033284906 
133 330 57 78 0.031835534 
417 141 84 106 0.02897998 
352 692 81 77 0.028577015 
458 262 112 132 0.027288616 
584 294 169 198 0.02721371 
394 874 131 168 0.025961427 
353 892 35 37 0.023462003 
246 66 193 245 0.022633007 
926 878 65 67 0.021659499 
574 347 39 39 0.021530665 
753 687 69 89 0.021483317 
327 637 167 175 0.02060535 
781 514 108 116 0.02054151 
488 343 59 71 0.020096714 
