36_Football_americanfootball_ball_36_510
33
573 142 68 77 0.99500054 
161 33 65 81 0.36359072 
968 74 42 58 0.31547344 
390 86 42 55 0.298433 
564 28 48 65 0.26225513 
495 29 43 53 0.13897634 
104 39 105 100 0.0987888 
240 345 51 63 0.084302254 
203 13 35 45 0.08182743 
879 9 54 77 0.08163585 
391 110 44 55 0.0781333 
857 113 50 58 0.073780976 
954 86 40 52 0.06496211 
284 76 40 55 0.06413861 
1 0 37 47 0.054505613 
178 12 61 72 0.054191668 
908 44 53 74 0.05060632 
925 86 40 55 0.041375194 
710 0 27 21 0.03692302 
571 17 36 45 0.03611448 
862 572 15 19 0.035769287 
467 230 86 100 0.034742378 
351 86 47 59 0.03238223 
81 -4 159 186 0.030983303 
900 0 82 102 0.02971777 
970 32 49 81 0.027903095 
870 32 38 56 0.026065065 
187 56 59 75 0.024097899 
-97 325 393 433 0.023566728 
639 170 13 17 0.023037244 
245 56 16 22 0.020801002 
781 1 31 35 0.020746997 
634 497 31 32 0.020059481 
