36_Football_Football_36_23
48
382 94 56 67 0.99955696 
736 54 56 73 0.9994123 
227 54 55 75 0.99916136 
600 46 61 82 0.9908228 
547 117 28 35 0.7880175 
71 0 23 25 0.42783692 
140 5 20 24 0.40721005 
565 25 18 22 0.3310421 
180 25 19 22 0.29880196 
369 12 19 23 0.29505926 
228 -1 52 56 0.26371953 
83 33 18 23 0.2404268 
361 13 29 38 0.17953874 
303 -1 27 25 0.17708233 
27 55 25 32 0.1578471 
801 13 19 23 0.12212414 
224 27 54 70 0.10245341 
494 34 17 22 0.078881785 
73 8 27 32 0.06815689 
640 5 30 36 0.05981973 
963 120 25 28 0.05269624 
14 114 34 40 0.051390585 
424 522 33 41 0.050408773 
349 20 36 48 0.043396905 
850 74 26 31 0.041555785 
10 0 29 29 0.04010837 
58 -2 29 31 0.03891114 
428 443 29 37 0.03373691 
954 101 41 48 0.030886443 
615 16 61 85 0.030249542 
554 74 17 21 0.029048674 
148 7 25 33 0.02841301 
195 42 43 62 0.02758149 
446 35 23 31 0.026494058 
207 1 49 55 0.025276272 
169 8 28 36 0.024593892 
485 3 17 20 0.024310693 
541 82 42 58 0.02413754 
934 114 27 33 0.024134224 
660 0 29 35 0.022393083 
413 2 27 33 0.021645783 
172 13 42 54 0.021279968 
819 77 23 29 0.021086019 
996 209 18 23 0.021063967 
556 54 11 14 0.020741858 
63 13 42 49 0.020690434 
552 36 72 102 0.020374274 
135 2 17 22 0.020311827 
