36_Football_Football_36_80
38
750 295 32 36 0.9965264 
192 231 26 31 0.9950889 
599 176 20 28 0.9816491 
845 193 27 49 0.9637188 
790 323 37 43 0.8137722 
92 221 23 32 0.2959511 
149 231 16 23 0.08287329 
768 261 14 17 0.079066426 
929 239 17 21 0.07285528 
673 383 14 17 0.060238652 
123 226 22 31 0.051887993 
141 222 20 34 0.03738675 
881 189 20 33 0.033892546 
64 253 10 13 0.031925652 
302 351 29 28 0.03191263 
844 190 18 35 0.029772356 
469 215 8 9 0.028946321 
63 196 10 12 0.028607639 
8 152 8 10 0.027137201 
466 215 7 8 0.026513543 
386 279 8 11 0.026412806 
98 235 28 29 0.025804274 
684 114 13 16 0.025314616 
408 263 9 11 0.025040861 
112 238 26 29 0.024156908 
423 281 9 11 0.022691222 
47 182 8 10 0.022581007 
40 184 7 9 0.021538394 
40 189 7 10 0.021256128 
622 262 12 14 0.021170944 
1 173 7 11 0.02108081 
926 226 23 30 0.021061124 
729 160 9 11 0.021014253 
340 270 9 11 0.020748656 
341 261 9 11 0.020597085 
110 221 28 32 0.02055546 
822 314 15 17 0.020445308 
712 157 8 10 0.020096194 
