36_Football_americanfootball_ball_36_126
76
52 132 42 56 0.633632 
780 95 38 42 0.4074565 
691 93 42 50 0.3732856 
925 57 29 51 0.2594209 
332 161 48 74 0.25717548 
792 87 33 37 0.21388002 
780 116 32 39 0.21319665 
331 319 19 21 0.15190826 
664 211 29 34 0.14541352 
1010 505 13 19 0.1370278 
963 58 43 59 0.11932783 
690 78 35 44 0.11576232 
203 171 65 64 0.087206736 
946 31 29 31 0.07321732 
674 74 30 39 0.072656505 
506 289 38 40 0.07213888 
340 149 34 50 0.069328636 
705 77 19 23 0.06530385 
123 191 26 30 0.06112913 
785 130 19 23 0.053192228 
646 218 33 39 0.052901085 
670 218 41 49 0.049251936 
709 102 33 44 0.04808087 
203 149 52 58 0.042132236 
926 162 35 36 0.041446637 
612 279 57 55 0.037448954 
131 188 16 20 0.037390575 
974 55 28 40 0.036980808 
920 134 14 18 0.03681493 
808 95 17 22 0.034907833 
694 68 28 35 0.03447257 
38 117 26 34 0.034077402 
11 264 15 25 0.033430394 
645 227 13 15 0.033196624 
595 261 60 59 0.032545064 
329 305 30 38 0.032542948 
725 108 32 43 0.03207305 
111 191 43 51 0.029777853 
543 213 206 246 0.029688813 
34 190 25 31 0.029644836 
917 133 23 32 0.029580435 
710 126 35 40 0.029573042 
201 133 44 50 0.029313654 
950 36 15 18 0.029273452 
526 312 39 41 0.029253885 
678 87 38 46 0.028781014 
268 123 12 15 0.027629595 
326 191 42 52 0.02692518 
464 496 28 30 0.025911245 
772 101 25 34 0.025548909 
518 290 49 50 0.025292149 
571 247 59 54 0.025234625 
937 143 36 47 0.024791036 
932 55 48 67 0.024660502 
980 111 43 68 0.024660349 
22 199 27 29 0.023757026 
536 285 56 56 0.023674257 
966 88 49 67 0.023605106 
789 127 30 38 0.023382109 
635 216 30 34 0.023365151 
76 292 32 53 0.0231399 
10 172 42 49 0.022912508 
742 105 25 36 0.022558907 
38 115 73 94 0.022497443 
564 279 63 58 0.022423435 
0 406 21 47 0.02227908 
686 244 34 37 0.022041142 
41 124 36 48 0.021931022 
767 107 12 19 0.021480937 
714 76 15 21 0.02141045 
748 115 14 20 0.02127164 
7 231 12 16 0.020989295 
67 146 37 46 0.020973315 
320 163 39 50 0.020694194 
694 115 33 45 0.020137353 
946 119 45 64 0.020049637 
