36_Football_Football_36_138
236
131 53 26 37 0.998572 
881 86 27 36 0.9918263 
644 218 21 27 0.99158365 
749 131 20 26 0.95808446 
406 216 23 29 0.9099111 
539 230 16 26 0.8896996 
499 314 16 19 0.8329014 
290 81 22 35 0.8148346 
520 204 10 14 0.76120096 
557 200 12 16 0.73969907 
709 184 15 18 0.564601 
980 74 14 17 0.5451502 
89 24 9 11 0.45483756 
667 120 14 17 0.43585235 
679 196 13 17 0.42691046 
389 190 11 14 0.40965948 
452 194 15 19 0.39206535 
283 74 22 27 0.35835904 
285 157 31 31 0.35329628 
681 100 17 21 0.2985546 
567 195 11 15 0.2799254 
755 225 23 29 0.27930796 
861 78 9 13 0.25604612 
469 212 12 14 0.24295796 
924 89 13 18 0.24083026 
678 85 12 15 0.20678023 
448 203 11 15 0.17459321 
405 336 14 21 0.16429248 
441 181 10 11 0.16373225 
735 154 14 18 0.14384288 
385 187 11 14 0.12901072 
469 259 12 14 0.12864766 
677 91 15 19 0.12806444 
448 187 13 17 0.12707368 
356 227 11 15 0.120774746 
420 208 15 20 0.114460595 
445 183 11 14 0.10597249 
970 153 15 23 0.098828994 
626 309 12 15 0.09819031 
168 18 12 15 0.0948019 
86 37 9 12 0.09202039 
865 180 16 19 0.09191564 
41 23 9 11 0.09036264 
590 210 12 16 0.086314075 
112 23 10 11 0.08210436 
493 184 8 10 0.08044821 
957 129 26 32 0.07664665 
351 189 9 12 0.07305813 
572 191 11 16 0.0719945 
323 203 11 16 0.0719912 
372 146 22 28 0.0708435 
514 203 12 16 0.06811848 
529 224 20 30 0.06745386 
528 221 12 17 0.06634915 
942 128 14 16 0.06615492 
261 85 23 31 0.06561305 
735 203 15 19 0.06303009 
74 20 8 10 0.062679194 
747 182 12 15 0.06164728 
741 76 10 14 0.060944255 
509 183 10 11 0.0603809 
684 116 12 15 0.0597076 
461 202 14 18 0.059663586 
448 300 10 14 0.059050754 
649 279 14 18 0.058465898 
599 250 14 18 0.0577515 
506 190 9 11 0.055778775 
525 211 10 14 0.053995464 
631 245 13 18 0.053985097 
85 45 11 13 0.053019624 
490 186 10 13 0.052995447 
928 79 12 14 0.052435864 
112 38 10 13 0.052310534 
582 211 14 17 0.05185563 
506 182 8 10 0.051504806 
336 32 10 12 0.05102653 
748 118 13 15 0.050307244 
116 36 11 14 0.050151646 
459 308 14 17 0.049934655 
505 308 17 21 0.04734649 
539 303 15 19 0.047173824 
56 20 11 12 0.04672694 
743 55 9 13 0.0450555 
531 225 35 44 0.044731822 
528 301 11 15 0.044325512 
558 192 10 13 0.043836135 
247 17 12 14 0.043751556 
254 18 12 15 0.043430828 
365 227 11 14 0.043363996 
827 132 13 18 0.043363404 
839 148 14 17 0.04299591 
739 195 15 17 0.042654376 
701 164 14 17 0.04264825 
573 212 13 16 0.042600885 
708 174 15 20 0.042311992 
671 200 16 19 0.04175162 
429 193 14 16 0.04115573 
277 73 19 22 0.04047113 
445 209 11 15 0.04044212 
116 29 11 14 0.040351354 
866 174 14 16 0.040240597 
543 203 11 13 0.040109 
836 142 23 28 0.040063236 
972 133 13 17 0.03984459 
407 339 22 28 0.039068475 
583 205 12 15 0.038720015 
604 257 14 17 0.03868742 
81 39 10 11 0.038160957 
929 91 16 19 0.038114138 
440 218 12 15 0.037969198 
532 304 13 18 0.037625484 
465 257 11 13 0.037592445 
563 201 13 17 0.037521765 
741 177 20 26 0.037181765 
668 261 13 16 0.03647585 
352 198 9 12 0.03625711 
529 259 11 15 0.03572375 
518 199 16 23 0.03572107 
759 90 14 17 0.03519849 
755 117 14 15 0.035029225 
949 127 11 15 0.034979038 
477 268 10 13 0.03492928 
361 141 22 28 0.03487819 
475 212 11 15 0.034510843 
673 120 14 17 0.034510247 
527 332 10 14 0.03443352 
967 135 25 29 0.034397565 
400 332 13 21 0.03427919 
965 132 14 20 0.034190882 
671 101 21 26 0.03407696 
669 268 14 17 0.03337558 
405 205 16 17 0.033335622 
690 104 13 17 0.033079084 
278 21 9 11 0.0330553 
605 267 13 17 0.032884117 
744 80 10 15 0.032846566 
149 47 13 16 0.03255349 
809 155 9 13 0.03242227 
410 206 22 26 0.032091703 
748 54 9 12 0.03161995 
328 19 9 12 0.030941082 
837 264 16 17 0.030894902 
407 267 11 13 0.030746803 
372 223 9 12 0.030562252 
275 82 26 32 0.030330488 
393 194 13 16 0.030210052 
747 84 12 14 0.030191151 
267 74 25 30 0.029949842 
106 39 9 12 0.029656174 
833 126 24 31 0.02958962 
516 188 11 14 0.029333306 
471 241 13 17 0.029298287 
237 23 9 11 0.029285738 
437 190 20 26 0.02912655 
78 22 9 10 0.02841778 
566 210 13 16 0.02833464 
438 186 14 17 0.028201692 
934 115 14 18 0.02786915 
259 19 13 15 0.0277179 
440 227 11 15 0.027625421 
928 100 24 27 0.027567197 
232 24 11 12 0.027516909 
579 217 15 20 0.027483696 
677 116 12 15 0.02746681 
511 198 11 15 0.027244272 
518 184 9 10 0.027125672 
858 191 18 21 0.027014527 
742 122 16 19 0.02676224 
373 161 16 18 0.026760576 
451 183 14 17 0.026534343 
476 200 9 12 0.026519934 
411 348 27 28 0.02629031 
270 18 11 13 0.026057906 
452 291 13 19 0.025872443 
523 200 10 14 0.025723618 
646 300 12 15 0.025588606 
903 130 42 51 0.025522176 
671 92 14 17 0.025488328 
413 353 15 18 0.025214009 
463 254 21 24 0.025131052 
937 98 16 19 0.025013724 
505 196 10 12 0.024926182 
596 257 14 18 0.024818256 
979 134 12 16 0.024800744 
631 302 11 14 0.024365224 
758 196 11 15 0.024239292 
822 122 22 29 0.024166627 
387 283 13 14 0.023963228 
425 204 15 20 0.023876056 
555 205 16 20 0.023605933 
386 189 18 22 0.023476342 
832 155 12 15 0.023423648 
339 35 12 13 0.023397356 
440 235 10 15 0.023370553 
461 288 15 20 0.023317976 
596 207 11 14 0.02330911 
628 225 13 17 0.023305388 
376 171 11 13 0.023287034 
352 221 19 25 0.023266822 
769 251 13 17 0.023218509 
134 22 10 11 0.023216506 
863 181 26 30 0.023153419 
666 33 444 501 0.023103029 
548 306 14 17 0.02306846 
783 168 10 13 0.022980494 
367 245 10 13 0.022940427 
593 261 10 15 0.022568263 
408 191 11 13 0.022564275 
966 125 12 16 0.022413945 
469 286 15 20 0.022235934 
462 274 14 16 0.022231828 
111 29 22 27 0.021711648 
919 94 15 20 0.02163116 
476 288 13 18 0.021565579 
468 265 14 16 0.021552447 
446 198 23 28 0.021550272 
740 68 12 17 0.02151318 
514 306 14 19 0.021467391 
376 185 12 16 0.021318538 
439 297 13 17 0.021303868 
857 73 18 24 0.021295514 
748 173 12 16 0.021064447 
568 198 21 26 0.021018676 
400 220 15 20 0.020982243 
40 27 9 12 0.020900173 
561 206 22 27 0.020894496 
639 279 22 28 0.02086487 
149 27 11 13 0.020745438 
357 145 15 19 0.02072875 
935 127 14 18 0.020680998 
438 255 11 14 0.020505087 
639 307 11 15 0.020440834 
417 357 29 31 0.020392029 
943 124 25 28 0.020352207 
445 177 11 13 0.020314675 
90 45 11 14 0.02012591 
