36_Football_americanfootball_ball_36_6
191
938 153 14 17 0.9915324 
406 156 16 20 0.9865176 
610 251 16 21 0.9809651 
613 161 13 17 0.9703884 
652 160 14 19 0.9680016 
355 169 13 17 0.9623462 
300 173 14 17 0.96046895 
353 270 14 19 0.95817965 
596 216 13 17 0.9576668 
565 124 14 17 0.9405863 
251 171 14 16 0.92546326 
398 194 14 17 0.9183557 
377 217 14 18 0.91245675 
443 196 22 27 0.89061177 
492 168 15 20 0.8386191 
573 271 15 17 0.82661253 
24 152 15 18 0.7818796 
646 230 13 16 0.7808894 
969 259 13 16 0.7512621 
479 242 37 40 0.7216707 
548 221 12 15 0.53596926 
801 119 40 57 0.5296749 
994 154 13 17 0.5260328 
166 155 30 32 0.3917827 
988 222 12 16 0.38603154 
121 101 41 54 0.37382096 
451 174 11 15 0.35083884 
318 202 11 15 0.26554474 
576 198 12 16 0.25733575 
764 135 45 55 0.22871657 
250 271 15 18 0.2185048 
1014 211 9 14 0.21618718 
643 279 28 33 0.21600026 
19 188 23 28 0.17465127 
949 245 11 15 0.15166444 
287 205 10 12 0.14549358 
295 224 10 12 0.14457032 
418 312 50 61 0.13653585 
544 226 16 18 0.12745257 
990 264 9 12 0.123018086 
493 194 15 18 0.12248461 
3 317 27 29 0.122245446 
157 161 30 41 0.109739035 
1001 251 9 13 0.10621169 
957 211 12 17 0.10459534 
637 321 22 31 0.10287105 
962 203 14 18 0.09484973 
267 231 10 14 0.0919041 
647 289 16 19 0.08663656 
974 221 11 14 0.07946943 
300 244 15 18 0.07635191 
824 126 35 43 0.072725825 
602 300 17 18 0.072317496 
344 212 11 14 0.06724345 
544 215 13 16 0.066672996 
558 294 15 18 0.0630255 
546 250 13 18 0.062365886 
957 219 11 14 0.059981264 
637 257 41 48 0.058295377 
0 206 9 16 0.05469483 
777 191 56 60 0.05447242 
721 184 29 38 0.053976066 
366 201 15 20 0.053660445 
926 212 10 14 0.053507064 
324 137 12 15 0.051258188 
507 268 13 17 0.04974622 
759 169 59 66 0.048858088 
790 126 31 49 0.048217304 
574 236 11 16 0.047548454 
73 192 30 34 0.047024596 
591 164 12 17 0.046629347 
983 261 10 13 0.045357723 
746 150 51 54 0.04529441 
14 192 16 19 0.045020383 
985 244 10 14 0.04494593 
959 326 11 15 0.044849128 
714 173 28 37 0.044679914 
996 143 12 15 0.04316011 
507 202 13 17 0.043080166 
534 192 13 17 0.04281645 
229 167 11 13 0.041984286 
911 231 24 27 0.04080766 
50 284 36 42 0.040606447 
499 200 16 18 0.040463 
840 132 26 34 0.040343374 
562 249 15 16 0.03972747 
44 189 13 17 0.039525855 
448 169 10 12 0.038859073 
989 251 10 13 0.038691245 
709 173 52 61 0.038089346 
142 170 44 60 0.037533212 
498 173 16 21 0.037461627 
677 180 10 13 0.036533605 
956 244 12 16 0.03643752 
23 198 28 31 0.0360241 
321 139 10 13 0.03587622 
260 309 12 15 0.03587603 
868 154 25 29 0.03529858 
679 175 10 13 0.034950685 
0 237 10 16 0.03491858 
317 150 10 12 0.034897614 
4 191 23 31 0.034196757 
995 191 14 18 0.034018613 
19 320 14 17 0.03330834 
723 137 13 15 0.03329421 
554 219 12 15 0.03301902 
70 165 45 53 0.032798193 
1006 258 12 15 0.03252064 
1 367 10 16 0.032447554 
415 188 12 15 0.031785928 
959 199 13 16 0.03099284 
599 276 12 14 0.030874224 
613 343 14 17 0.030730372 
938 293 10 13 0.030586567 
0 238 21 31 0.029850326 
27 318 12 14 0.029676827 
304 178 13 16 0.029610306 
1013 259 12 16 0.02918423 
76 200 17 22 0.029173404 
409 285 46 55 0.028855655 
713 171 18 21 0.028831424 
6 195 12 16 0.028335674 
490 254 32 39 0.027857283 
628 323 15 20 0.027846074 
566 219 11 14 0.027818762 
995 167 13 17 0.027618732 
144 200 35 51 0.027269632 
982 215 13 18 0.02716767 
675 189 87 102 0.026947571 
353 463 11 13 0.026879432 
272 213 10 13 0.026653571 
919 211 13 16 0.026089966 
966 217 13 16 0.025757007 
658 289 16 19 0.025395835 
548 257 13 19 0.02529139 
565 152 16 19 0.024880841 
545 215 21 25 0.024732135 
558 119 12 14 0.024635639 
420 193 13 16 0.024327438 
771 137 20 25 0.024260528 
410 218 14 18 0.02418875 
597 269 12 16 0.02411268 
2 203 14 18 0.023873784 
983 253 10 13 0.023741394 
723 157 46 57 0.023566177 
247 230 10 14 0.023337604 
673 183 11 12 0.023291105 
143 126 43 58 0.023187438 
973 212 11 16 0.023092873 
279 175 11 13 0.02309104 
899 229 26 31 0.023079257 
883 153 15 20 0.023076028 
549 267 13 20 0.022917777 
624 143 10 13 0.022677932 
505 169 14 20 0.022664718 
877 219 14 18 0.022590641 
893 153 14 20 0.022416297 
325 158 12 15 0.022399845 
710 204 28 39 0.022284439 
542 163 14 17 0.022168517 
35 186 16 20 0.022141114 
997 261 11 14 0.022079153 
268 153 13 16 0.021935552 
984 237 11 14 0.02183072 
284 180 11 14 0.021651564 
548 228 23 27 0.021640211 
296 168 11 14 0.021511948 
542 238 21 26 0.021268763 
443 187 18 21 0.021266835 
136 123 31 39 0.021265903 
626 309 13 14 0.021264546 
110 103 32 38 0.021262886 
529 196 22 30 0.021137398 
855 127 41 56 0.021097708 
355 315 24 32 0.02101101 
79 188 12 16 0.020883689 
611 318 38 46 0.020697154 
350 325 11 13 0.020694273 
873 210 27 32 0.020678362 
925 275 10 14 0.020438299 
893 243 26 34 0.020364555 
345 317 8 12 0.020317664 
318 162 12 15 0.020242387 
955 324 22 28 0.020240853 
596 260 13 17 0.02018332 
297 251 20 27 0.020172553 
591 265 13 16 0.020144 
754 114 80 97 0.020120513 
391 189 14 19 0.020117488 
313 150 9 12 0.020102762 
299 227 11 12 0.020057937 
