36_Football_americanfootball_ball_36_81
61
169 66 63 73 0.99164635 
913 5 46 52 0.9803011 
473 42 49 53 0.95749795 
373 116 57 62 0.86114377 
284 0 33 34 0.5281458 
699 84 35 40 0.5084662 
339 41 35 35 0.34573197 
230 36 39 47 0.16321185 
578 9 23 28 0.1547469 
569 226 48 55 0.12357639 
818 132 81 128 0.11545625 
808 32 43 58 0.10770143 
883 -5 30 40 0.104787074 
623 -2 27 23 0.07270129 
592 225 37 41 0.06747332 
846 7 26 34 0.059316058 
829 101 56 71 0.05744078 
685 26 23 30 0.054401204 
338 190 18 25 0.053029023 
335 17 50 53 0.053005327 
516 126 42 53 0.05069065 
377 0 35 30 0.044911843 
638 305 54 61 0.040075596 
549 2 48 58 0.03938208 
900 455 17 22 0.03771518 
617 30 46 64 0.03718667 
888 0 43 51 0.0363598 
564 211 27 34 0.035085358 
635 -1 25 29 0.034209553 
557 207 44 61 0.033950783 
972 15 43 52 0.032629523 
682 -1 25 19 0.031782653 
349 -1 52 46 0.031464327 
89 194 52 85 0.031124325 
802 164 30 41 0.03097922 
358 134 60 69 0.029933166 
441 0 49 45 0.029738482 
158 -1 28 23 0.029534435 
607 30 29 35 0.029050725 
564 259 32 37 0.028620027 
572 44 23 28 0.028262096 
816 121 63 82 0.028181896 
994 125 16 26 0.027826473 
706 29 42 53 0.027374431 
334 44 51 55 0.026752826 
535 7 33 40 0.024908269 
581 237 54 61 0.024426555 
805 148 55 77 0.024320513 
979 0 41 49 0.024046458 
404 196 12 14 0.02402304 
335 120 30 35 0.023850776 
230 106 37 39 0.023652337 
340 113 52 59 0.02214068 
843 169 102 141 0.021620316 
571 198 54 60 0.02142534 
611 6 51 62 0.021343373 
598 200 54 61 0.02116041 
989 112 26 43 0.021077147 
806 100 54 66 0.02047497 
841 12 47 55 0.020449938 
646 28 24 32 0.02036053 
