36_Football_americanfootball_ball_36_487
2141
167 237 14 17 0.9766535 
801 331 27 29 0.9764639 
276 198 12 16 0.96314967 
46 253 13 16 0.9589024 
55 303 14 21 0.95233905 
204 231 12 16 0.938841 
222 251 13 17 0.89563453 
380 67 11 14 0.8847833 
513 196 12 16 0.8795651 
284 79 10 13 0.8774558 
63 221 12 16 0.8682764 
291 258 13 16 0.8632125 
608 242 12 15 0.8601174 
89 220 12 17 0.8587713 
168 117 11 13 0.85841364 
374 251 12 16 0.857259 
114 52 10 12 0.8427391 
296 183 12 14 0.8393116 
860 148 10 14 0.83571184 
916 164 11 15 0.8307347 
144 166 12 15 0.8284295 
112 88 11 14 0.8238636 
6 216 11 14 0.8144794 
101 155 11 14 0.8105671 
657 182 9 12 0.80925065 
13 143 11 14 0.8050168 
129 140 10 12 0.80471945 
871 230 12 15 0.79582417 
27 234 12 17 0.79547256 
905 189 10 13 0.7950027 
380 44 10 14 0.79259676 
823 207 12 14 0.7919007 
960 174 10 14 0.791551 
231 232 14 16 0.7801617 
887 199 10 13 0.7682474 
292 159 11 13 0.7671756 
585 221 11 14 0.763997 
884 19 12 15 0.7544982 
371 96 12 16 0.7516073 
950 119 10 12 0.74832624 
526 245 11 16 0.74548393 
396 250 12 15 0.74141383 
908 121 11 15 0.73686755 
195 174 11 14 0.72783154 
103 175 12 16 0.72103876 
885 163 11 15 0.71741515 
896 225 12 16 0.7165533 
628 228 11 14 0.715836 
900 271 14 17 0.7146326 
921 180 10 14 0.70517313 
359 273 13 17 0.70483327 
885 43 11 13 0.7015478 
339 85 12 15 0.69349086 
59 157 10 13 0.6920773 
413 232 11 14 0.6865795 
839 42 10 14 0.6836516 
774 244 11 14 0.6747087 
919 210 12 15 0.6746137 
70 196 12 14 0.67109 
625 6 11 13 0.6631314 
767 111 9 11 0.65999013 
799 222 9 11 0.6558357 
197 6 8 10 0.64982617 
719 231 10 12 0.63073087 
16 93 9 11 0.6295731 
880 126 10 13 0.6288709 
83 257 12 15 0.6251625 
606 44 9 11 0.6197372 
319 186 11 14 0.6114381 
184 16 9 13 0.60989517 
318 52 9 13 0.5979945 
86 108 11 14 0.5967328 
437 29 8 11 0.5964859 
670 78 8 10 0.5956831 
622 185 9 11 0.59309983 
973 7 11 13 0.5897167 
417 253 13 15 0.58592355 
942 143 10 13 0.58525234 
844 211 10 13 0.5836052 
99 244 12 16 0.5795148 
674 238 9 12 0.5784982 
95 92 9 12 0.57757825 
392 54 8 12 0.57417357 
977 102 9 12 0.5717767 
85 34 11 14 0.5689142 
164 15 10 14 0.5667219 
312 275 16 20 0.56510997 
13 66 10 13 0.5634245 
174 99 11 13 0.5633427 
927 119 8 11 0.56230253 
797 50 11 14 0.56060684 
826 168 9 11 0.55981773 
321 255 10 13 0.55889285 
716 126 8 12 0.5587252 
77 135 10 14 0.5553057 
872 180 11 13 0.5548815 
544 197 11 13 0.55367076 
843 174 9 13 0.55267084 
328 36 10 13 0.5516614 
392 86 10 13 0.5455579 
625 73 10 13 0.5444108 
1001 171 10 13 0.5418381 
451 37 8 11 0.5410186 
264 35 9 12 0.5410041 
235 23 10 12 0.5400729 
32 103 10 13 0.5387579 
844 2 11 14 0.53756803 
913 55 11 13 0.53596365 
365 238 11 13 0.53522396 
697 118 10 12 0.534757 
562 11 9 12 0.5273736 
701 246 12 15 0.52313125 
304 92 10 12 0.5177568 
659 207 11 13 0.5147942 
459 284 21 26 0.51336485 
59 53 10 12 0.51197356 
41 59 9 12 0.5100198 
60 142 9 11 0.50839746 
768 195 9 11 0.5080579 
727 199 11 13 0.5076263 
8 108 9 11 0.50760895 
790 172 10 13 0.49853536 
941 103 10 12 0.496598 
357 181 10 14 0.49489778 
770 31 10 12 0.4936375 
986 226 13 15 0.4883385 
228 77 9 11 0.48749584 
940 173 11 13 0.48452562 
253 158 10 12 0.4759978 
630 204 11 14 0.47585243 
130 47 10 13 0.47004336 
10 36 10 12 0.46942532 
398 133 11 14 0.4689955 
285 5 9 12 0.46499678 
336 278 11 14 0.4628905 
398 93 10 14 0.46100757 
65 180 10 12 0.4549141 
432 189 8 11 0.45357051 
40 135 10 12 0.4523245 
749 247 11 14 0.4505796 
703 78 10 12 0.44847873 
913 232 11 14 0.44811904 
943 87 11 12 0.44760448 
81 68 10 12 0.44667855 
64 92 9 12 0.44635773 
181 68 10 12 0.4448607 
454 57 9 12 0.44474578 
971 253 16 19 0.44364443 
704 208 9 12 0.44296515 
865 39 11 13 0.44251114 
506 71 9 12 0.44227841 
25 173 9 12 0.43961388 
257 76 9 12 0.43498594 
533 83 9 13 0.43046606 
480 36 8 11 0.42498982 
325 107 9 12 0.42386183 
30 20 9 12 0.42344025 
143 102 10 13 0.41973168 
941 226 11 13 0.41831982 
1010 147 10 14 0.4179988 
46 69 10 14 0.4166073 
533 197 11 14 0.41618842 
864 314 24 30 0.41524884 
201 69 10 13 0.41378802 
309 13 8 11 0.41218758 
554 222 9 13 0.4079941 
709 14 8 11 0.40784705 
900 88 9 13 0.40587115 
793 326 24 28 0.40549305 
462 182 10 13 0.40481764 
486 202 13 15 0.40370953 
598 134 10 13 0.3985904 
278 163 9 12 0.3934227 
661 30 9 11 0.39322856 
977 176 8 10 0.38434172 
736 71 9 12 0.38255242 
272 104 10 13 0.38112503 
537 110 10 12 0.38010904 
975 124 9 11 0.37859637 
924 272 15 17 0.37750524 
419 106 11 14 0.37364727 
796 93 8 10 0.36989883 
976 144 10 12 0.3697284 
136 29 10 12 0.36953345 
349 129 14 17 0.36500436 
285 231 9 12 0.36475816 
320 72 9 10 0.36391503 
328 12 10 13 0.35897377 
946 38 9 11 0.35020816 
764 143 11 13 0.34975663 
790 200 10 12 0.34919438 
20 308 13 20 0.347885 
528 24 8 10 0.3465377 
789 32 10 14 0.34543255 
823 132 12 15 0.34411153 
126 32 8 11 0.34344047 
191 85 9 12 0.3415004 
575 39 9 12 0.3412524 
940 256 16 20 0.34056786 
494 127 10 12 0.33849737 
58 102 8 11 0.33738995 
483 308 24 30 0.33539426 
6 304 17 21 0.33233795 
504 99 10 12 0.3314114 
383 283 13 16 0.33054942 
930 14 9 12 0.3299293 
205 77 8 10 0.32928783 
40 93 10 12 0.32760686 
1004 101 9 11 0.32671005 
388 231 12 15 0.32661536 
81 16 11 12 0.3212834 
103 35 10 12 0.3192775 
817 236 10 12 0.31730154 
777 302 17 19 0.31677407 
457 330 24 31 0.31648815 
219 219 12 15 0.31550643 
190 31 10 12 0.31484598 
641 46 8 11 0.3138716 
706 94 9 12 0.3125372 
462 84 10 12 0.31228185 
601 87 9 13 0.3097249 
230 151 9 11 0.3071994 
950 21 9 11 0.30719402 
449 133 11 13 0.30595013 
589 31 9 12 0.30497074 
350 48 8 11 0.30377775 
863 104 10 13 0.30113864 
231 156 9 12 0.30044487 
725 31 9 12 0.29805642 
688 184 8 11 0.29630414 
248 104 10 13 0.29251835 
257 117 11 14 0.29213172 
1 123 9 13 0.29168007 
42 126 8 10 0.2895293 
298 55 9 11 0.2892065 
62 38 10 11 0.2891901 
426 141 11 14 0.28824598 
98 141 9 12 0.2880713 
228 134 10 12 0.28717163 
917 171 12 16 0.2863829 
393 13 8 11 0.2856887 
141 250 12 15 0.28431013 
678 96 8 10 0.2837563 
885 79 10 13 0.2825386 
909 14 10 13 0.28143862 
117 255 11 14 0.28016627 
424 65 10 14 0.28009066 
758 175 9 13 0.27851638 
300 103 10 12 0.2775217 
6 258 10 13 0.276454 
913 76 9 12 0.27638894 
861 77 10 13 0.2706046 
813 54 8 11 0.2705294 
805 277 13 15 0.27001095 
458 184 9 11 0.26897216 
223 2 10 11 0.268133 
808 38 9 12 0.2676336 
86 181 9 12 0.2655061 
733 247 9 12 0.26544857 
1012 244 10 16 0.26492262 
175 46 9 12 0.26381782 
24 77 10 12 0.2625723 
551 38 10 12 0.26152164 
159 62 9 11 0.26138312 
466 133 8 12 0.26126003 
767 166 9 11 0.25940993 
847 256 11 13 0.2588863 
199 64 11 12 0.2585527 
752 259 12 15 0.25742868 
444 190 11 13 0.256012 
85 14 9 11 0.25552914 
1013 21 8 11 0.2553796 
105 8 9 12 0.25458366 
454 112 11 13 0.25168636 
495 39 10 12 0.2515257 
488 104 9 12 0.25117153 
773 0 9 11 0.25017104 
285 286 15 19 0.24890389 
422 284 13 17 0.24858673 
924 96 9 13 0.24813111 
605 87 9 11 0.247917 
231 92 9 11 0.24765927 
875 314 21 26 0.24727145 
652 78 8 10 0.24621497 
334 62 10 12 0.24473569 
662 112 7 10 0.24446262 
871 204 8 11 0.2442193 
100 202 10 13 0.23960598 
695 28 9 12 0.23737773 
678 11 10 12 0.2372139 
646 87 9 12 0.23590401 
634 134 8 11 0.235383 
310 167 11 13 0.23476036 
90 340 15 18 0.23290311 
919 23 8 10 0.23223618 
567 222 8 11 0.23194253 
119 107 9 12 0.23083541 
828 181 11 14 0.22896719 
684 277 13 16 0.22830336 
620 283 12 14 0.22453324 
575 192 9 13 0.22419472 
185 33 9 11 0.22369298 
264 294 10 14 0.2223023 
341 180 11 13 0.22214118 
18 124 9 11 0.21931131 
334 249 11 15 0.21839522 
582 104 9 11 0.21711506 
523 278 15 20 0.21678936 
151 124 9 12 0.21667518 
389 178 10 12 0.21632417 
63 116 9 11 0.2158126 
538 341 18 25 0.21397986 
991 104 9 11 0.21368052 
806 46 11 13 0.21365057 
1002 30 8 10 0.21307346 
1 218 9 14 0.21294056 
40 164 10 12 0.21194728 
862 70 11 13 0.2109202 
728 6 9 11 0.20867479 
60 150 10 14 0.20753331 
360 19 10 13 0.2073705 
488 238 18 23 0.20648234 
673 59 9 11 0.20647395 
508 95 9 12 0.20646855 
362 4 9 10 0.20589331 
535 260 13 16 0.20559004 
104 267 13 18 0.20536599 
288 213 10 12 0.2052384 
629 97 8 11 0.20404309 
327 135 11 15 0.20350808 
335 181 10 13 0.2011986 
299 288 14 21 0.2000617 
223 93 8 11 0.19761907 
598 4 8 10 0.19610113 
543 290 17 22 0.19492523 
616 143 10 11 0.1948646 
783 13 10 13 0.1948002 
436 94 11 12 0.19426432 
262 248 12 16 0.19404407 
745 231 8 11 0.19382408 
957 54 8 10 0.19123131 
496 14 9 11 0.19103384 
326 183 10 14 0.19069085 
238 220 10 12 0.19014929 
368 250 12 16 0.18754122 
946 22 8 11 0.18717045 
966 39 8 11 0.18572548 
844 87 9 12 0.18499506 
688 74 10 12 0.18469256 
347 297 13 17 0.18372141 
479 213 14 17 0.18366992 
317 27 9 12 0.18308438 
46 119 8 11 0.18188603 
932 237 15 16 0.1813672 
438 46 8 10 0.18072191 
76 321 14 17 0.18057759 
681 109 9 12 0.17851171 
29 150 9 12 0.17534263 
109 11 9 12 0.17503113 
828 91 10 13 0.17494828 
171 343 12 15 0.17343424 
177 70 10 12 0.1727505 
521 62 10 11 0.17227748 
563 309 16 21 0.17206529 
740 275 14 19 0.17151348 
424 29 7 11 0.17132558 
85 152 9 11 0.17126 
645 198 8 10 0.17103384 
82 30 10 13 0.17014429 
146 64 8 10 0.16972692 
820 115 11 12 0.16955556 
814 160 9 12 0.16881138 
922 38 8 11 0.16825362 
0 72 7 11 0.1682009 
574 0 8 9 0.16795267 
365 243 12 16 0.1674504 
505 2 8 9 0.16723666 
385 216 9 12 0.16715743 
592 5 9 11 0.16704085 
721 86 9 11 0.16681118 
56 11 11 13 0.16622147 
157 71 10 13 0.16584228 
246 84 9 11 0.16218948 
566 126 8 10 0.16211152 
968 223 10 12 0.16179222 
230 4 10 13 0.16173562 
140 24 11 12 0.16154876 
573 275 12 14 0.16088335 
25 314 13 17 0.16059554 
23 169 9 12 0.16051003 
567 145 8 11 0.1601767 
718 192 9 11 0.15980098 
482 134 9 11 0.15857053 
366 313 17 20 0.15815474 
56 111 9 11 0.15768133 
262 123 10 15 0.15732926 
298 107 11 13 0.15687957 
510 3 7 10 0.1565867 
277 317 15 18 0.15654369 
582 36 10 12 0.15638973 
503 280 13 17 0.15587196 
577 111 9 11 0.15562962 
85 64 8 11 0.15480186 
982 240 13 17 0.15458827 
1004 96 10 11 0.15386674 
342 224 10 12 0.15342055 
344 52 9 11 0.15307388 
553 31 8 11 0.1525794 
245 275 10 13 0.15221602 
13 242 14 16 0.15195188 
221 358 10 13 0.150987 
645 16 9 11 0.15008852 
519 40 8 11 0.14980501 
49 150 7 10 0.14960551 
624 99 9 12 0.14903903 
617 317 17 21 0.14822455 
704 85 9 11 0.14782532 
353 77 9 12 0.14635503 
296 60 10 13 0.14563707 
234 47 9 12 0.14552715 
475 316 24 32 0.14531706 
672 10 11 14 0.14433646 
994 1 9 11 0.1442807 
445 78 8 11 0.14426194 
700 184 9 12 0.14418896 
999 14 8 10 0.14324369 
46 282 14 19 0.14311594 
36 100 11 13 0.14308599 
886 276 10 13 0.14261922 
907 289 11 13 0.14228393 
154 78 9 12 0.14200047 
367 187 8 11 0.14192209 
695 184 11 13 0.14130339 
161 36 10 12 0.14116958 
951 134 11 14 0.14009687 
287 1 9 11 0.14003752 
0 54 8 12 0.13976765 
891 197 11 13 0.13934655 
708 289 13 16 0.13915679 
230 118 7 10 0.13814195 
95 316 12 17 0.1380427 
766 171 10 13 0.13803323 
232 51 9 12 0.13778648 
23 70 9 12 0.13765238 
934 7 10 11 0.13742997 
154 320 14 18 0.13696687 
254 109 9 12 0.13640448 
463 0 11 11 0.13638704 
812 47 9 12 0.13563272 
6 244 10 14 0.13530336 
241 292 13 16 0.13495499 
896 106 11 15 0.1349432 
882 307 15 20 0.13390413 
693 25 8 10 0.13326001 
700 289 15 18 0.13305932 
263 353 13 16 0.13287781 
711 21 8 11 0.13277079 
781 76 9 13 0.13250339 
167 46 8 11 0.1324318 
587 268 15 20 0.13216616 
780 276 11 13 0.13178596 
344 292 13 16 0.1311214 
237 6 9 11 0.13086005 
784 158 9 12 0.13065608 
679 101 9 11 0.13019402 
707 245 11 15 0.12982649 
943 65 9 11 0.12960762 
709 77 9 11 0.12887502 
592 75 9 12 0.12861538 
685 7 9 11 0.12833741 
646 46 9 12 0.12745471 
926 124 9 12 0.12726554 
542 13 8 11 0.12649126 
710 98 10 12 0.12648973 
413 315 16 20 0.12602872 
70 313 15 20 0.12587257 
198 2 9 10 0.12584537 
48 74 9 12 0.12581472 
733 275 15 19 0.12481944 
910 316 21 26 0.12450008 
485 218 14 16 0.124440305 
279 142 10 12 0.12423881 
726 115 10 12 0.1228912 
213 63 8 11 0.12276877 
865 62 10 13 0.12249493 
427 282 13 16 0.122291364 
695 76 9 11 0.121947385 
125 110 8 11 0.12132598 
721 196 9 13 0.12049395 
797 244 11 12 0.12026238 
948 227 10 12 0.12017206 
647 111 8 11 0.11988713 
153 84 9 11 0.11851327 
612 120 9 11 0.117885195 
169 285 11 15 0.11775376 
344 8 9 11 0.1174882 
502 16 8 10 0.11718827 
737 123 10 13 0.116975516 
210 118 8 11 0.11586919 
252 307 13 17 0.115867525 
837 269 13 15 0.115621686 
761 292 11 14 0.11558249 
253 231 10 13 0.11520225 
1008 239 12 13 0.11520166 
705 47 8 12 0.114759274 
618 137 8 9 0.11475151 
653 72 8 10 0.11429903 
817 205 9 12 0.11396006 
951 31 8 11 0.11350606 
869 290 12 16 0.112811536 
64 30 9 11 0.112656325 
883 14 10 13 0.11252813 
598 78 8 10 0.112381384 
1003 39 10 12 0.111922786 
39 289 13 17 0.11136252 
246 182 8 11 0.11099199 
30 8 8 10 0.11088878 
98 150 10 12 0.11054141 
777 227 9 13 0.11042757 
416 182 10 12 0.11007366 
407 336 13 18 0.109948285 
1014 180 9 13 0.109748624 
502 40 9 11 0.109706804 
529 81 10 11 0.10861576 
327 344 15 18 0.10841973 
775 61 9 12 0.10773467 
948 140 12 14 0.1073014 
273 163 9 12 0.1070717 
581 272 14 18 0.107053384 
198 46 9 11 0.1068894 
64 24 10 11 0.106870376 
22 86 10 13 0.106788844 
557 28 10 12 0.10647485 
57 48 10 13 0.10623313 
782 183 9 12 0.10521414 
172 122 10 13 0.1048595 
231 173 9 11 0.1045394 
157 87 11 12 0.10450246 
786 141 8 11 0.104465924 
21 120 9 12 0.104368515 
296 70 10 12 0.10425473 
268 36 10 11 0.10395749 
879 214 10 12 0.10383911 
884 132 9 13 0.1030968 
913 159 11 15 0.10306363 
582 262 13 15 0.10289007 
809 59 11 13 0.10269063 
197 38 8 10 0.1024797 
260 71 9 12 0.10241832 
508 321 23 28 0.10238899 
29 37 8 11 0.102328554 
38 182 9 10 0.102084525 
518 15 8 11 0.10188954 
94 6 9 11 0.10176007 
199 21 10 11 0.101686865 
436 110 10 11 0.10124374 
836 30 10 13 0.10087058 
734 13 10 12 0.10000501 
671 220 9 11 0.09996426 
127 246 11 14 0.0996533 
32 190 10 13 0.09888099 
703 226 9 12 0.09873388 
335 164 12 15 0.09872548 
864 83 9 12 0.0981709 
94 24 8 10 0.0981611 
942 167 11 14 0.09812485 
877 174 10 14 0.0980984 
278 193 11 14 0.09800547 
832 79 8 10 0.09793872 
333 119 11 13 0.09770071 
477 287 15 19 0.09762482 
640 110 8 12 0.097526856 
357 95 10 13 0.097323366 
852 130 10 14 0.09717398 
743 208 9 11 0.09717336 
584 72 8 11 0.09704759 
390 204 9 12 0.09675094 
334 270 13 17 0.096723534 
549 94 10 13 0.096505225 
271 147 8 12 0.09621253 
616 102 9 11 0.09601013 
150 235 11 13 0.095903136 
777 16 9 11 0.094957426 
665 307 14 17 0.094448045 
449 59 10 13 0.09428443 
270 128 10 12 0.09426993 
879 137 11 14 0.094131514 
662 252 14 19 0.09410021 
229 141 9 13 0.09377407 
937 179 12 13 0.09358173 
957 22 9 12 0.09344129 
708 207 8 11 0.09335787 
648 116 8 11 0.09327318 
336 172 11 14 0.09307729 
876 222 10 13 0.092814796 
531 252 13 15 0.09250773 
373 165 9 12 0.09247559 
840 235 11 13 0.09145832 
773 190 10 13 0.0913353 
507 274 19 24 0.091190934 
936 109 9 12 0.0910927 
311 22 11 13 0.09104883 
68 176 10 12 0.09081764 
786 204 9 12 0.09075043 
599 110 8 10 0.09064201 
825 87 10 12 0.090637445 
88 9 9 11 0.090636335 
567 252 11 13 0.09055272 
672 29 9 11 0.09006165 
834 37 10 14 0.08969825 
711 9 8 11 0.08932888 
720 36 9 11 0.08909558 
340 246 11 15 0.088991664 
809 275 15 16 0.088701084 
223 228 13 17 0.08855478 
950 112 9 12 0.08831394 
383 49 10 13 0.08811488 
24 266 10 14 0.08780011 
253 13 9 12 0.08770584 
818 110 10 13 0.0874966 
353 100 11 13 0.087469175 
217 86 8 10 0.08733921 
905 17 10 14 0.08711356 
950 47 9 12 0.08707014 
516 192 11 14 0.08706757 
649 52 9 11 0.0866053 
301 78 8 10 0.08655395 
380 73 12 15 0.08644373 
196 29 10 13 0.08641213 
23 148 9 12 0.086397104 
133 246 13 15 0.086386725 
333 6 9 11 0.08623963 
15 55 9 12 0.08593573 
741 174 10 13 0.08581778 
193 168 9 12 0.08581479 
565 101 8 11 0.08565153 
1013 70 9 12 0.08559752 
458 78 9 11 0.08547029 
249 443 9 12 0.08544118 
608 126 8 10 0.085277125 
422 47 8 12 0.08516539 
720 4 9 12 0.0849931 
491 220 12 15 0.084633246 
278 59 10 13 0.08452991 
486 132 10 12 0.0842746 
857 72 9 13 0.08370746 
57 96 9 11 0.08314698 
948 84 9 12 0.08308181 
352 317 12 16 0.08302756 
520 22 9 12 0.082955405 
774 20 10 12 0.082770616 
550 1 8 9 0.08262879 
917 71 8 11 0.08236887 
622 134 8 10 0.0823414 
845 299 16 20 0.08219699 
968 103 8 10 0.08196515 
602 182 7 11 0.08178349 
727 324 11 15 0.0815445 
482 284 14 18 0.081512734 
452 31 9 12 0.08093081 
583 129 7 9 0.08075962 
674 0 7 7 0.08067393 
218 1 9 10 0.08052901 
582 133 8 10 0.0799968 
110 29 9 13 0.07988191 
852 5 10 13 0.07967471 
55 115 9 11 0.079595685 
755 246 11 13 0.07887821 
588 309 13 18 0.078758724 
288 150 9 11 0.07859629 
132 195 12 15 0.0783993 
901 215 10 12 0.07818243 
613 126 8 10 0.07808491 
360 250 13 15 0.07787105 
182 46 8 11 0.07762626 
981 182 10 13 0.07747075 
457 84 11 13 0.0771775 
1000 23 9 11 0.07654708 
791 178 10 13 0.07647298 
653 144 10 12 0.07643292 
294 0 8 9 0.0763242 
132 316 14 16 0.07620828 
736 357 9 12 0.07569547 
927 110 10 13 0.07569104 
814 335 18 23 0.07555838 
432 226 11 15 0.07553678 
3 254 10 14 0.07545168 
32 155 9 12 0.0753509 
774 271 12 14 0.07512506 
45 298 15 20 0.07481482 
728 276 12 15 0.07472108 
296 77 9 12 0.07472023 
876 298 18 21 0.07453608 
703 72 9 12 0.074383594 
511 313 15 19 0.074337915 
680 315 15 19 0.07429845 
100 282 13 18 0.074285425 
303 124 9 10 0.07416599 
206 63 9 11 0.074062854 
542 55 8 12 0.07350219 
1009 22 8 10 0.07335993 
420 204 11 13 0.073270224 
223 85 9 12 0.073270105 
226 125 9 10 0.07326346 
641 198 8 10 0.07310169 
695 37 9 12 0.073096104 
225 73 10 12 0.073033735 
96 1 8 9 0.07301172 
732 205 10 12 0.07265272 
494 55 9 12 0.07249346 
631 283 12 15 0.072475374 
855 312 22 30 0.07246332 
656 128 9 10 0.072231464 
838 25 9 10 0.07205993 
701 112 10 12 0.07172294 
327 364 10 14 0.071590275 
193 2 10 10 0.07152743 
944 46 10 13 0.071269475 
249 13 9 11 0.07119216 
820 232 11 13 0.07119188 
188 14 10 13 0.07118048 
190 79 9 11 0.0710584 
715 318 13 18 0.07073005 
586 5 9 11 0.07065758 
388 218 12 14 0.07060549 
450 110 10 13 0.07021512 
61 7 11 13 0.07021002 
453 128 9 11 0.070049 
168 141 10 12 0.06998948 
463 71 9 10 0.069807015 
1006 107 8 11 0.06976075 
798 101 10 13 0.06964754 
53 77 8 11 0.06958845 
678 0 8 9 0.06949079 
97 249 11 15 0.06921347 
753 179 10 13 0.069063105 
550 5 9 10 0.06883278 
385 84 10 13 0.06869821 
839 168 12 15 0.06863757 
822 302 12 15 0.068623185 
107 156 10 12 0.0685794 
522 28 8 11 0.06849147 
213 159 7 10 0.06838899 
791 213 8 10 0.06806196 
126 116 9 11 0.06794762 
946 32 9 11 0.067923896 
101 161 12 16 0.06777909 
793 47 11 14 0.06774241 
970 11 9 12 0.06752483 
112 103 11 13 0.06732943 
599 129 9 11 0.06718987 
4 117 10 14 0.067160785 
402 93 12 16 0.06714275 
151 63 8 11 0.06703561 
928 240 13 16 0.06678492 
942 51 9 12 0.06674685 
824 187 11 13 0.06670903 
227 243 14 19 0.066651836 
927 18 10 13 0.066599004 
622 266 12 14 0.06644951 
767 86 11 13 0.06629606 
233 38 10 12 0.0662389 
313 48 10 13 0.06603791 
939 233 14 17 0.06594167 
981 166 9 12 0.06578827 
404 289 12 15 0.06577473 
330 408 9 12 0.06570305 
340 62 10 12 0.065652154 
843 266 15 19 0.06544241 
351 117 14 15 0.06540728 
162 44 9 12 0.065396704 
392 30 10 11 0.065344565 
568 276 11 14 0.06475324 
420 246 13 16 0.06462919 
750 325 11 16 0.06446304 
691 268 13 15 0.0644283 
537 54 8 12 0.06440608 
132 204 12 15 0.06422114 
186 331 10 13 0.06418354 
333 1 9 9 0.06400527 
481 93 8 11 0.06379312 
932 116 9 12 0.06372495 
789 21 11 12 0.06371958 
681 282 10 14 0.0633117 
805 125 10 14 0.063169956 
192 91 9 12 0.06303883 
365 15 9 12 0.06280288 
215 4 10 12 0.06276496 
140 259 13 16 0.06268272 
766 78 9 11 0.06267796 
848 127 11 15 0.062262014 
298 15 8 10 0.06214638 
131 135 10 13 0.06211789 
714 229 10 12 0.062111218 
247 7 9 10 0.06209235 
240 276 11 14 0.06208736 
734 213 9 11 0.062024217 
924 188 10 12 0.062012017 
776 55 8 11 0.06190817 
340 237 10 13 0.061603397 
261 61 9 11 0.061459504 
150 274 13 16 0.061163455 
853 267 12 16 0.061150424 
418 234 13 17 0.061122753 
789 143 9 12 0.060843874 
62 135 9 12 0.06078729 
945 158 9 11 0.06065127 
172 109 11 14 0.06064384 
647 40 8 10 0.060523834 
554 23 8 10 0.060391787 
156 310 12 13 0.060378585 
545 1 8 9 0.060348075 
829 136 12 14 0.060343824 
313 253 10 13 0.0603371 
727 92 9 12 0.06027625 
503 119 8 10 0.060234968 
911 8 10 12 0.060096193 
873 186 9 13 0.059992783 
679 70 8 10 0.059794113 
52 276 11 15 0.059655998 
794 221 8 12 0.05961977 
844 275 15 17 0.059582654 
246 62 8 11 0.059504293 
879 96 10 12 0.0594789 
968 119 9 12 0.059469227 
784 134 9 13 0.05920518 
741 76 11 13 0.05920125 
57 38 10 12 0.059176635 
636 281 14 19 0.05915622 
172 289 15 18 0.05907619 
37 189 9 11 0.0590465 
262 56 8 11 0.05899629 
354 293 15 17 0.058979254 
1015 119 9 12 0.05893851 
109 261 11 14 0.05884491 
961 38 8 11 0.058785632 
278 134 8 10 0.0586265 
45 56 8 11 0.058620345 
479 8 10 11 0.058616742 
900 427 12 13 0.058597617 
465 38 9 11 0.058438282 
374 160 8 12 0.05836979 
997 5 9 11 0.058071107 
182 142 9 12 0.05802004 
732 312 11 15 0.057869557 
530 274 14 19 0.057640623 
951 80 9 11 0.05762394 
725 330 12 16 0.057546243 
264 163 9 12 0.05738983 
543 7 9 10 0.057306927 
242 298 15 18 0.057260655 
969 122 10 14 0.05722611 
543 29 8 11 0.057189625 
608 111 8 10 0.05717533 
233 375 9 10 0.05711721 
958 275 12 16 0.05688963 
14 100 10 13 0.056745782 
254 267 12 15 0.05669018 
759 85 10 13 0.056684207 
308 88 9 12 0.056644272 
122 36 9 11 0.056583356 
93 37 10 12 0.05653219 
514 111 7 11 0.056406274 
526 68 8 11 0.056255076 
110 134 10 13 0.056122642 
656 283 9 14 0.056111306 
159 56 9 11 0.05608927 
661 230 10 13 0.056041718 
985 71 8 10 0.056041542 
136 102 8 11 0.05597506 
318 469 9 11 0.05591728 
165 32 9 11 0.055865806 
326 70 8 10 0.055864308 
519 183 8 10 0.05567997 
239 371 9 12 0.055522133 
892 39 10 13 0.055434957 
919 117 9 12 0.05536392 
8 294 11 15 0.05525831 
198 13 9 12 0.05520209 
373 182 10 13 0.055182464 
485 297 17 20 0.055116035 
232 214 11 13 0.05499401 
446 85 9 11 0.054983802 
1000 42 10 13 0.054866467 
351 95 11 13 0.054865982 
920 29 9 11 0.054862015 
149 217 13 16 0.054707795 
657 111 8 11 0.054693993 
960 0 9 9 0.054557543 
437 117 9 12 0.054190405 
787 108 12 16 0.05416694 
533 289 14 19 0.054134946 
231 165 9 12 0.054121133 
432 100 10 13 0.054016914 
9 135 9 11 0.054015294 
1006 86 10 12 0.05400303 
994 13 9 10 0.0539505 
862 283 13 18 0.05387828 
453 92 11 14 0.053824916 
398 221 9 12 0.053727597 
503 20 8 11 0.053632565 
464 129 8 11 0.053611286 
985 233 14 18 0.05360755 
104 103 9 11 0.053431176 
728 316 12 16 0.05314259 
371 237 11 14 0.053091828 
852 259 11 15 0.052962136 
983 107 8 11 0.052932724 
863 174 12 14 0.052902706 
88 55 8 10 0.052868877 
688 40 10 12 0.052735426 
29 27 10 13 0.052714307 
0 286 8 14 0.052639745 
62 330 14 18 0.05258515 
328 117 11 14 0.052446388 
957 30 9 11 0.052303888 
109 141 10 11 0.05219493 
574 56 9 11 0.052174486 
487 0 8 8 0.052155077 
880 276 12 14 0.052074306 
207 7 9 10 0.052071616 
447 450 14 16 0.052062385 
811 204 9 11 0.052007098 
74 308 18 22 0.0519685 
479 13 9 11 0.05193613 
551 89 9 11 0.051835015 
1000 199 12 15 0.05178802 
640 191 8 10 0.05177395 
882 204 11 14 0.051621225 
974 61 8 10 0.051585544 
790 100 11 14 0.05156997 
396 230 9 13 0.05156395 
397 6 9 12 0.051418368 
976 97 9 11 0.05135573 
920 43 9 12 0.05134881 
9 88 9 12 0.051289678 
813 31 10 12 0.05120735 
983 39 8 10 0.051132575 
656 178 8 11 0.051124923 
641 20 11 13 0.050958663 
142 268 11 13 0.050900064 
285 144 8 11 0.05077686 
440 14 10 11 0.050703287 
231 61 10 12 0.050646525 
68 28 9 12 0.050596338 
616 279 12 15 0.05045411 
727 24 9 10 0.05023246 
879 60 8 12 0.050216604 
438 39 8 11 0.050181918 
789 261 12 14 0.050066315 
84 21 10 11 0.05001102 
206 309 11 13 0.050007556 
217 134 9 12 0.049973045 
297 47 9 12 0.049966626 
7 172 8 11 0.049925014 
563 299 15 18 0.049882468 
388 288 13 15 0.049834102 
814 262 13 15 0.049816854 
153 70 10 13 0.049554043 
891 165 10 13 0.049491175 
336 81 9 11 0.04948086 
86 186 10 14 0.0494785 
301 61 9 12 0.04943432 
901 103 10 13 0.0493889 
456 6 10 11 0.049360283 
877 188 9 12 0.04932102 
147 244 13 16 0.04930975 
519 84 10 11 0.04919658 
800 281 13 16 0.049141258 
934 20 9 12 0.049109653 
171 278 11 15 0.049101304 
390 37 10 13 0.04908181 
881 82 11 12 0.048988614 
946 123 11 13 0.048923947 
16 166 9 12 0.048915066 
421 183 9 11 0.04890045 
20 240 14 18 0.04888742 
886 9 8 11 0.048871763 
686 102 9 11 0.048771452 
729 10 10 12 0.048756078 
305 9 9 12 0.04872681 
772 88 10 12 0.04851801 
917 7 9 11 0.04846259 
422 221 11 13 0.04845794 
840 178 10 13 0.04826898 
791 148 8 11 0.04825351 
527 54 8 11 0.04823804 
70 24 9 11 0.04819899 
1009 15 8 10 0.04805868 
534 24 9 11 0.04797353 
490 228 15 17 0.047940675 
85 335 14 18 0.04787304 
1008 76 9 12 0.047872763 
8 166 7 11 0.047770273 
289 287 20 24 0.047758464 
135 0 9 9 0.04761621 
446 93 11 14 0.047583047 
512 22 7 11 0.04756327 
64 126 9 11 0.04754934 
103 137 9 12 0.04754339 
133 292 13 17 0.047517832 
663 116 8 10 0.047461275 
663 221 8 12 0.047442697 
538 13 8 11 0.04729148 
844 232 10 12 0.04725892 
763 340 11 14 0.047225855 
511 39 8 11 0.047101125 
718 93 10 13 0.047004662 
207 83 8 12 0.046916097 
748 229 10 13 0.046814542 
1006 179 11 14 0.04680428 
536 7 8 10 0.046726637 
178 40 8 10 0.046694994 
423 76 10 14 0.046657406 
799 217 8 11 0.04650488 
722 110 9 11 0.04643176 
259 305 13 18 0.046396412 
238 40 9 11 0.046385862 
785 115 11 13 0.046362374 
15 46 9 11 0.046232738 
334 300 11 16 0.046227723 
624 375 8 11 0.046227694 
864 55 11 12 0.04600859 
93 309 12 18 0.04599403 
585 24 8 10 0.045986872 
236 14 10 12 0.045872703 
335 55 10 12 0.04574936 
249 229 10 14 0.045723967 
1017 37 8 11 0.04568137 
206 301 11 13 0.04566358 
887 72 9 11 0.045650735 
81 339 12 16 0.04557951 
317 174 9 12 0.045575093 
725 237 9 11 0.04553877 
979 173 10 12 0.04546103 
263 15 11 14 0.04545602 
335 46 9 12 0.04538858 
535 1 8 8 0.045356113 
704 8 10 12 0.04533966 
54 1 9 9 0.04527876 
577 70 9 12 0.04527633 
852 275 12 18 0.045249734 
448 282 12 17 0.0451312 
13 137 10 11 0.045101948 
976 256 16 20 0.04507826 
688 237 10 12 0.04502084 
0 148 7 12 0.044894896 
918 259 11 15 0.044739157 
3 246 8 12 0.04465798 
78 329 14 17 0.044626985 
881 159 12 14 0.044595685 
644 283 13 18 0.044510603 
639 69 8 11 0.044498134 
937 92 10 12 0.04440273 
526 192 10 12 0.04433575 
281 1 10 10 0.044139463 
958 169 11 14 0.044051323 
2 313 22 30 0.044049665 
701 32 8 11 0.043961786 
765 136 11 13 0.043935254 
929 8 10 12 0.043887928 
870 54 10 13 0.043833777 
385 175 10 13 0.043788757 
198 93 8 11 0.04369428 
365 78 9 12 0.043667853 
285 220 9 12 0.043622933 
417 381 12 15 0.043622334 
46 87 8 11 0.04358708 
21 143 9 13 0.04353678 
699 435 15 20 0.043504383 
135 266 13 16 0.043453377 
742 258 12 16 0.043427005 
817 150 9 11 0.043419834 
925 130 11 14 0.043323506 
1 59 9 14 0.043280274 
82 155 9 12 0.043252226 
417 52 9 12 0.043214545 
760 7 10 11 0.043206938 
170 373 12 13 0.043139398 
73 139 10 12 0.04302445 
471 53 8 10 0.043016836 
264 102 9 11 0.042985007 
379 245 13 17 0.042973373 
736 19 9 13 0.042906698 
834 131 13 16 0.04290342 
72 63 8 11 0.042830292 
831 24 9 11 0.04279211 
432 435 12 16 0.042711806 
141 36 8 11 0.042612143 
827 340 13 19 0.0425082 
49 6 9 11 0.04238944 
941 6 9 10 0.042317618 
182 118 9 12 0.042224377 
938 53 8 10 0.042179793 
501 214 10 13 0.042127907 
761 70 8 10 0.042018767 
440 193 12 15 0.041947342 
313 182 10 14 0.04193396 
593 88 8 10 0.041922092 
1007 248 15 18 0.041895155 
694 101 8 10 0.04187066 
451 139 11 14 0.04185325 
396 284 15 18 0.041822042 
542 103 9 12 0.04171626 
632 45 10 12 0.041641854 
967 237 13 15 0.04162866 
325 146 11 15 0.041628543 
671 233 10 13 0.04160255 
27 14 10 13 0.041543 
326 301 11 14 0.041522235 
264 219 10 12 0.041521933 
241 385 9 12 0.041420687 
255 82 9 13 0.041374482 
438 88 11 11 0.041317474 
767 212 9 12 0.04129303 
740 119 11 14 0.041251257 
506 195 10 14 0.041236136 
912 112 9 12 0.04119351 
270 0 9 9 0.041171942 
552 216 9 12 0.041114386 
320 158 9 12 0.040991392 
776 184 9 11 0.04095794 
453 283 18 21 0.0409567 
872 119 10 12 0.040953606 
301 48 9 12 0.040825546 
896 191 10 12 0.040825136 
607 6 9 10 0.04082052 
458 268 14 16 0.040765148 
511 116 9 11 0.04060822 
592 92 8 11 0.040601123 
479 276 13 16 0.04058977 
940 188 10 13 0.040556766 
880 38 12 15 0.040431097 
745 223 9 12 0.0403884 
431 195 11 15 0.040308475 
425 188 9 12 0.040296577 
88 42 10 13 0.040295895 
3 195 11 15 0.04027156 
282 74 17 22 0.04024559 
437 98 12 15 0.040244397 
707 320 22 28 0.04021628 
661 279 10 13 0.040193934 
277 326 17 22 0.04017431 
622 1 18 22 0.040087894 
845 217 11 13 0.04005932 
741 291 13 14 0.040038582 
99 320 14 17 0.040036984 
810 162 9 12 0.040021773 
775 68 11 14 0.03993212 
70 8 9 11 0.039926015 
735 258 11 14 0.03991801 
697 113 9 11 0.039897766 
431 203 10 12 0.03987122 
489 14 7 11 0.03984717 
295 176 10 12 0.039842885 
587 281 13 16 0.039806228 
912 444 11 12 0.03977342 
741 15 11 13 0.03977101 
655 229 13 16 0.03974098 
388 185 12 18 0.03971532 
244 333 11 14 0.039664384 
701 38 8 10 0.03964645 
463 31 10 12 0.03964085 
480 128 10 12 0.039623085 
439 54 9 11 0.039598018 
192 62 8 11 0.03956751 
239 2 8 10 0.039520558 
214 191 9 11 0.03951828 
128 102 9 12 0.03945598 
49 112 8 10 0.039455693 
173 142 11 13 0.039376993 
1000 177 12 15 0.039340477 
795 198 9 12 0.039311856 
260 467 10 13 0.039270982 
238 158 9 12 0.039181415 
239 428 9 11 0.03916458 
779 61 10 13 0.03914637 
198 291 11 15 0.03911025 
191 292 11 14 0.039099727 
858 100 11 14 0.039054714 
602 244 11 15 0.039005484 
656 202 17 22 0.038948614 
184 265 12 16 0.03892272 
919 109 10 13 0.038901355 
821 160 11 12 0.03888751 
164 63 9 10 0.038854945 
865 205 9 11 0.0388396 
702 277 12 15 0.038829215 
458 277 18 20 0.03878966 
827 118 12 14 0.03876273 
445 100 12 13 0.038655154 
785 212 9 11 0.038640015 
636 229 10 13 0.03859619 
55 151 17 22 0.038586725 
900 233 12 16 0.03858459 
198 53 10 12 0.038565863 
65 187 11 14 0.03845918 
247 29 9 12 0.038449988 
597 72 8 11 0.038442228 
148 268 12 16 0.038379602 
696 229 8 11 0.038379535 
377 20 10 13 0.038375925 
57 86 8 11 0.038319807 
869 85 9 11 0.038307063 
182 75 10 12 0.038287528 
560 69 9 11 0.038268212 
822 162 18 22 0.038256206 
417 283 11 17 0.03814575 
787 7 12 14 0.038144074 
454 152 11 13 0.03809444 
701 257 14 16 0.038077038 
205 22 10 11 0.03794644 
462 16 9 10 0.03790743 
4 190 10 12 0.037868407 
826 126 14 18 0.03785011 
62 59 8 11 0.03781322 
912 85 9 12 0.03780285 
461 110 10 13 0.037770286 
767 2 11 13 0.037768684 
79 86 9 11 0.037751768 
87 198 9 11 0.037745994 
957 169 18 23 0.037711646 
737 47 9 13 0.037564427 
348 307 13 15 0.037483536 
912 305 22 26 0.037438318 
528 5 10 11 0.037431307 
247 162 10 13 0.03742618 
350 284 13 16 0.037329365 
480 23 9 11 0.037250575 
192 47 9 12 0.037235696 
382 15 10 12 0.03722183 
352 109 13 15 0.03719347 
101 304 14 20 0.037175797 
268 384 10 13 0.037159692 
867 107 10 14 0.037151963 
470 275 13 19 0.037123926 
342 68 9 11 0.0371037 
111 24 9 11 0.037041213 
19 249 13 17 0.037034106 
110 151 9 12 0.0370263 
635 205 11 14 0.0370242 
646 30 9 11 0.037012804 
974 273 15 20 0.03699283 
374 171 10 13 0.03698455 
256 214 9 12 0.03695127 
5 183 9 11 0.036920324 
640 184 8 11 0.036917552 
323 156 13 16 0.036892846 
891 203 11 13 0.03688836 
799 108 11 14 0.036827657 
126 195 12 16 0.03681893 
326 56 9 11 0.03679452 
707 269 13 15 0.036729492 
768 270 11 14 0.036716253 
821 243 11 12 0.036714096 
30 166 9 13 0.036693644 
350 203 12 14 0.036658358 
179 64 9 11 0.036641404 
798 270 12 15 0.036556005 
139 290 16 18 0.03651664 
144 117 9 13 0.036494765 
683 183 9 11 0.0364755 
494 102 9 12 0.036435094 
269 220 10 12 0.036430717 
70 111 8 11 0.036409862 
297 20 8 10 0.03636356 
643 269 11 14 0.03629141 
377 39 11 15 0.036228146 
789 275 13 16 0.036162898 
83 313 14 19 0.03613381 
388 47 10 13 0.036128867 
560 269 12 14 0.03612591 
698 427 16 18 0.036031235 
302 118 9 12 0.035978492 
326 356 13 17 0.035931624 
389 195 11 16 0.035911802 
304 174 10 12 0.03585832 
350 39 9 11 0.03585375 
868 102 11 14 0.035845395 
492 214 11 14 0.035813455 
98 151 19 22 0.035706118 
86 77 9 11 0.0356622 
285 205 11 14 0.035654657 
538 60 10 12 0.035650082 
709 47 10 12 0.035646394 
588 217 10 12 0.03564626 
191 149 8 11 0.035639722 
31 179 9 12 0.035628326 
568 271 21 25 0.035612017 
286 55 10 12 0.035599474 
804 221 9 13 0.035597943 
142 229 13 15 0.035561763 
870 295 15 21 0.03551857 
568 121 8 10 0.03547906 
447 71 9 12 0.03542246 
702 267 12 15 0.035417564 
570 191 10 13 0.03532569 
629 2 9 10 0.03531595 
279 171 9 12 0.03530435 
656 103 8 11 0.035298 
918 16 8 11 0.035284832 
90 93 9 11 0.035244178 
785 148 9 12 0.03521862 
874 123 10 13 0.035159387 
287 72 10 13 0.035125792 
712 28 9 11 0.035111777 
358 52 9 13 0.0350507 
937 167 10 13 0.03499307 
215 46 9 11 0.034897964 
480 118 9 11 0.034896575 
227 156 9 12 0.034877904 
215 68 9 12 0.034850884 
229 219 14 17 0.034774974 
6 209 12 15 0.03477367 
881 8 9 12 0.034708526 
144 97 8 10 0.034695167 
134 180 10 13 0.034688402 
1006 7 8 11 0.03468652 
216 197 9 12 0.03456866 
575 228 9 13 0.03449494 
975 22 8 10 0.034491464 
823 80 9 11 0.03444731 
837 79 9 11 0.034433607 
245 221 10 13 0.0344318 
688 230 10 12 0.034410823 
167 114 17 21 0.034371212 
969 61 9 10 0.03436144 
486 270 13 15 0.034347203 
627 279 20 25 0.03430304 
407 270 11 15 0.034299742 
615 6 8 11 0.034253042 
31 144 8 10 0.03424028 
490 54 8 11 0.034203295 
29 261 10 13 0.03413836 
246 38 9 11 0.034132574 
548 192 9 12 0.03400392 
445 22 10 14 0.03396178 
594 273 12 16 0.033924643 
456 72 8 11 0.033901475 
415 277 11 15 0.03388516 
930 267 13 17 0.03383867 
883 211 11 15 0.033833075 
798 30 10 12 0.033800606 
938 241 16 20 0.033761073 
584 1 9 10 0.033744846 
325 307 11 14 0.033742867 
327 18 11 13 0.033705264 
976 29 8 10 0.033699855 
565 258 12 16 0.033696655 
830 262 14 17 0.033691376 
873 213 10 12 0.033689518 
68 116 9 12 0.03368838 
327 432 9 11 0.033634327 
392 19 9 12 0.033585 
480 43 9 11 0.033584885 
815 111 20 24 0.033574898 
654 177 17 23 0.03357092 
463 22 8 10 0.033566546 
634 109 8 11 0.033508074 
808 200 10 12 0.03348944 
907 194 11 13 0.033443443 
606 49 10 13 0.03335474 
704 133 9 10 0.03323372 
512 434 11 14 0.03318275 
333 31 9 12 0.0330521 
339 284 13 16 0.033028927 
181 96 9 11 0.032997314 
652 85 9 12 0.032956347 
225 438 10 11 0.032911833 
385 207 9 11 0.032911014 
647 104 8 11 0.032877363 
832 273 13 16 0.03286509 
895 170 11 15 0.032767925 
614 37 9 11 0.032677498 
529 1 8 8 0.03265667 
26 30 9 12 0.032630194 
944 16 9 11 0.032537542 
545 44 9 12 0.032506935 
319 59 10 12 0.0324792 
375 292 13 16 0.03247673 
1007 137 18 25 0.032447077 
1013 154 9 13 0.03240986 
703 63 9 11 0.032397516 
289 60 8 12 0.032384068 
654 116 10 11 0.03231332 
79 191 10 13 0.032310516 
755 252 11 14 0.032302056 
102 212 10 14 0.032294217 
855 205 9 12 0.032287892 
1015 27 9 13 0.032270472 
785 311 24 31 0.032252092 
688 149 9 11 0.032192443 
559 4 17 22 0.032083705 
269 21 10 11 0.032073043 
240 164 9 13 0.032072924 
496 33 8 10 0.032068897 
350 175 13 16 0.032064114 
176 208 10 12 0.032009803 
742 198 9 11 0.03200922 
343 305 12 14 0.03200328 
869 77 11 14 0.0319861 
497 1 9 9 0.031974334 
246 176 9 11 0.031919226 
436 223 11 14 0.031881057 
822 200 12 14 0.031875104 
629 188 9 12 0.031870447 
262 109 9 12 0.03182732 
499 124 10 13 0.031825427 
197 86 9 12 0.031814553 
896 216 12 14 0.031795733 
304 166 9 12 0.031777836 
905 8 9 12 0.031758968 
795 116 14 17 0.03174237 
373 298 14 16 0.031709824 
133 221 12 15 0.031668585 
948 147 11 13 0.03161687 
281 222 10 12 0.03161046 
718 24 9 11 0.031609982 
961 102 9 12 0.031577695 
570 43 10 12 0.03156813 
319 195 10 13 0.03156766 
697 14 9 10 0.03156583 
156 220 11 15 0.03155488 
498 312 17 21 0.031547084 
102 0 8 9 0.03152958 
887 49 10 13 0.031506255 
404 251 11 15 0.03148924 
63 70 9 10 0.031476114 
7 158 8 11 0.03146339 
642 91 9 12 0.03146197 
263 215 9 12 0.03146081 
675 98 9 12 0.03145881 
887 93 10 12 0.03145741 
560 274 13 16 0.031455528 
2 327 17 22 0.03144978 
762 114 9 12 0.03142963 
208 191 10 11 0.031413447 
830 333 13 18 0.03135312 
867 68 11 13 0.031147284 
487 96 8 10 0.031136362 
350 14 10 11 0.031116297 
107 299 15 21 0.03105307 
782 83 9 13 0.031052038 
536 266 14 16 0.030965025 
207 1 9 9 0.030889813 
541 23 9 11 0.03088156 
289 452 10 12 0.030849574 
57 180 9 12 0.030746965 
220 338 12 15 0.030741509 
165 88 9 11 0.030710045 
784 330 14 20 0.03070992 
470 48 8 10 0.030701663 
471 5 8 10 0.03060182 
215 375 8 11 0.030557096 
818 84 9 12 0.030539697 
566 270 12 15 0.030498754 
550 50 10 13 0.030498179 
883 460 11 15 0.030486496 
572 397 12 16 0.030480912 
283 276 15 18 0.030479014 
316 164 11 14 0.030471658 
640 252 8 11 0.030466834 
860 261 12 16 0.030462865 
427 470 9 12 0.030459506 
551 218 18 21 0.03042382 
222 38 10 11 0.030389609 
386 277 14 17 0.030372571 
166 53 9 11 0.030354664 
623 68 17 22 0.030339677 
1 111 8 11 0.030325232 
153 328 13 16 0.030322885 
173 485 11 12 0.030317802 
719 80 8 10 0.030313239 
868 306 18 23 0.030302836 
337 227 11 15 0.030286975 
874 292 16 18 0.030183975 
126 136 18 22 0.030126685 
232 17 17 22 0.0301259 
762 165 8 12 0.030115124 
582 234 12 14 0.030104361 
643 276 13 17 0.030050222 
909 183 10 13 0.030045154 
694 7 10 11 0.030000338 
18 351 14 21 0.029934432 
971 231 21 25 0.029897403 
638 6 9 11 0.02989413 
855 118 10 13 0.02988716 
844 39 11 14 0.029883457 
118 62 9 10 0.02987452 
638 64 8 11 0.02984929 
980 124 10 13 0.029815014 
695 296 13 16 0.0298148 
768 24 10 13 0.029785734 
223 111 10 12 0.029609067 
66 214 13 16 0.029605601 
29 85 8 12 0.029517062 
517 117 8 11 0.02950602 
890 21 10 13 0.029504234 
971 227 13 16 0.029481176 
796 216 18 23 0.029443767 
597 447 10 13 0.029435525 
748 21 12 15 0.02939798 
746 282 12 14 0.029378174 
955 140 10 14 0.029359128 
498 8 8 11 0.029356336 
863 31 9 12 0.029335603 
119 245 12 16 0.02933267 
624 198 10 13 0.029314563 
731 321 12 16 0.02928264 
919 124 10 13 0.029226158 
893 70 10 12 0.029200424 
561 120 7 10 0.029195426 
183 319 10 13 0.029189127 
670 233 17 23 0.029171903 
37 108 9 12 0.029145064 
798 260 10 13 0.0291426 
641 28 10 13 0.029067805 
242 181 9 12 0.029011777 
160 9 9 11 0.02900644 
148 282 14 17 0.029002942 
246 214 11 13 0.028993407 
431 306 15 17 0.028860522 
199 64 17 23 0.028841529 
682 187 9 12 0.02884139 
966 107 9 12 0.028822908 
694 240 9 11 0.028789252 
38 174 10 12 0.028752169 
253 7 9 11 0.02871596 
241 85 8 12 0.028698724 
496 121 10 11 0.028668499 
645 454 11 14 0.02866386 
862 93 9 12 0.02865518 
717 284 11 16 0.028652163 
775 271 20 24 0.028627513 
648 72 10 11 0.028609743 
917 86 10 12 0.028598968 
465 46 9 11 0.028597552 
88 87 9 10 0.028582959 
738 181 9 11 0.028576735 
789 114 13 17 0.02857447 
711 120 10 12 0.028529927 
673 414 10 12 0.02850265 
374 230 11 14 0.028476689 
214 54 8 11 0.028458912 
697 224 8 11 0.028433133 
341 158 10 14 0.028409448 
992 31 8 10 0.028407238 
693 283 13 17 0.028406367 
65 203 11 14 0.028377691 
943 136 11 13 0.028369475 
761 78 9 12 0.028364435 
983 44 7 10 0.028363982 
768 239 12 15 0.028355507 
921 132 10 13 0.028344471 
168 93 10 14 0.028341716 
871 325 25 32 0.028304407 
941 138 17 22 0.028297521 
680 133 8 10 0.028272295 
364 52 11 14 0.028222516 
94 30 9 11 0.028201977 
855 167 10 12 0.028167883 
135 78 8 11 0.028152272 
670 126 9 11 0.028151454 
94 239 14 16 0.028109679 
756 264 11 14 0.028107712 
646 204 10 13 0.028059484 
817 139 12 14 0.028040737 
415 176 10 14 0.02803342 
519 0 9 9 0.028010909 
910 150 10 12 0.028004143 
355 341 12 17 0.027989754 
926 291 13 16 0.027939413 
239 348 14 17 0.027937043 
918 1 9 9 0.027926618 
829 236 11 13 0.027924469 
153 13 9 12 0.027918251 
791 122 12 15 0.027906874 
237 67 10 13 0.027899034 
434 37 8 10 0.027843533 
542 128 9 11 0.027812855 
747 317 13 17 0.027789026 
781 1 11 11 0.027783325 
791 190 10 12 0.027774975 
926 31 8 11 0.02772809 
1000 107 9 10 0.027690014 
28 70 9 12 0.02767988 
151 8 9 11 0.027673675 
397 78 10 13 0.02765156 
715 381 12 17 0.027622784 
518 287 16 20 0.027611913 
804 103 10 13 0.027607301 
892 30 10 12 0.027573403 
461 176 17 23 0.027558435 
88 1 9 9 0.027553884 
502 56 8 11 0.027548902 
257 55 9 12 0.027512277 
711 224 9 12 0.027487433 
663 24 9 12 0.027433323 
93 45 9 11 0.027414136 
591 12 9 12 0.02738378 
824 22 10 12 0.027329283 
707 275 14 17 0.02732017 
661 104 8 10 0.027276976 
351 61 10 12 0.02726303 
559 331 11 15 0.027228177 
335 399 8 10 0.027225537 
521 67 10 12 0.02719658 
167 134 10 12 0.027191414 
767 25 16 21 0.027180254 
838 59 11 13 0.027174367 
433 25 10 12 0.02714968 
81 8 9 11 0.027115028 
107 283 12 17 0.02707718 
94 272 14 19 0.02706928 
796 205 9 11 0.027056359 
695 112 18 24 0.027026448 
46 142 7 11 0.027020719 
346 115 22 25 0.02701872 
66 196 10 14 0.026976867 
715 291 11 15 0.02697411 
288 265 14 16 0.026935278 
471 36 10 12 0.02691422 
703 0 9 10 0.026906302 
582 117 8 10 0.026883122 
185 86 9 11 0.026880521 
717 100 8 11 0.026872607 
879 0 9 10 0.026853569 
168 366 11 14 0.026839852 
671 83 9 10 0.026832698 
422 213 11 13 0.026827244 
191 101 10 11 0.026816955 
178 59 18 23 0.026788693 
472 415 12 15 0.02675747 
457 -1 12 11 0.026754476 
469 129 9 11 0.026719587 
325 162 13 17 0.026713599 
820 53 9 12 0.026701862 
593 126 8 10 0.026691118 
1004 259 13 17 0.026679462 
108 37 10 11 0.026628802 
589 292 10 13 0.026613945 
861 167 10 12 0.02660512 
160 118 9 11 0.026604734 
1015 101 8 11 0.026597576 
239 174 9 12 0.026535178 
895 264 12 13 0.026495468 
145 124 9 12 0.026483199 
665 72 9 11 0.026479227 
734 191 10 11 0.026459236 
177 292 15 19 0.026453834 
440 71 8 12 0.026418833 
341 97 13 15 0.026406927 
555 43 10 13 0.026388507 
990 86 10 12 0.026385812 
846 9 11 14 0.026377901 
733 92 10 13 0.026377192 
241 103 9 12 0.026374105 
462 53 9 12 0.026370214 
154 56 8 11 0.026351772 
819 268 12 16 0.026347717 
268 14 11 13 0.026309764 
699 212 10 13 0.026307715 
167 439 7 9 0.026303126 
143 84 9 11 0.02629729 
492 108 10 12 0.026279924 
239 62 10 13 0.026265847 
128 285 12 15 0.02625168 
489 280 19 25 0.026249437 
839 49 12 14 0.026246998 
585 14 9 11 0.02622082 
529 76 18 22 0.026192797 
560 77 10 11 0.026163673 
397 59 9 12 0.026134731 
733 29 9 12 0.026128557 
260 236 13 17 0.026119411 
967 190 11 13 0.02610722 
49 1 8 9 0.026095623 
717 225 10 13 0.026090307 
766 187 17 22 0.026076749 
354 275 11 15 0.026075635 
246 45 9 12 0.026068756 
263 287 11 15 0.026059147 
388 330 14 19 0.026050543 
204 291 13 17 0.026035128 
193 0 18 22 0.026033951 
133 285 14 16 0.026018998 
88 205 9 11 0.025983699 
78 277 12 14 0.025961384 
759 159 9 11 0.025947073 
257 463 9 12 0.025932299 
80 75 9 13 0.025910197 
510 212 11 14 0.025910173 
312 161 9 11 0.025897361 
286 11 8 11 0.025891894 
304 19 9 12 0.025869532 
556 292 14 18 0.025859984 
884 195 17 22 0.02585595 
254 220 10 13 0.025850898 
244 312 13 15 0.025842937 
221 204 11 13 0.025819574 
662 35 8 11 0.025819294 
244 125 9 12 0.02577988 
479 55 8 10 0.025745783 
949 166 10 13 0.025733503 
457 12 8 11 0.025706891 
860 276 12 17 0.025673974 
110 80 10 13 0.025667295 
184 175 9 12 0.025639264 
49 12 10 12 0.025576418 
292 207 11 13 0.025541618 
193 373 9 10 0.025538618 
1 174 8 11 0.02552978 
133 16 10 11 0.025517533 
134 71 8 9 0.025513543 
503 66 16 23 0.025506787 
379 99 11 15 0.025499972 
21 63 9 12 0.025479918 
749 223 9 12 0.025478926 
142 193 13 17 0.025455136 
92 214 12 16 0.025453558 
661 429 13 17 0.025433168 
205 28 10 12 0.025425002 
591 45 9 12 0.025418313 
1007 153 11 14 0.025401695 
364 279 12 16 0.025308993 
762 285 12 15 0.025295557 
761 28 9 13 0.025265384 
301 88 18 22 0.025251059 
92 13 10 11 0.025248813 
311 248 10 13 0.025232103 
619 180 17 21 0.025193756 
689 243 11 14 0.025119925 
945 81 10 12 0.02510261 
39 149 8 12 0.025083628 
653 47 8 11 0.025054786 
432 88 9 10 0.025051337 
989 71 8 9 0.02501255 
207 14 10 12 0.02500547 
976 86 10 12 0.024997322 
376 285 11 14 0.024981277 
511 30 7 10 0.024953684 
590 24 8 10 0.024916314 
802 41 19 23 0.024882708 
313 47 19 23 0.024880122 
406 223 9 11 0.024876874 
176 182 8 10 0.02487016 
348 245 12 14 0.024870096 
171 334 12 14 0.024857154 
845 304 22 31 0.024818262 
676 55 9 12 0.024799975 
959 15 9 11 0.024747508 
599 22 9 12 0.024741555 
396 331 13 18 0.024712993 
788 267 14 16 0.024707282 
252 230 19 25 0.024652371 
119 68 10 12 0.024649506 
131 147 11 13 0.024618963 
924 218 11 14 0.024612617 
857 95 9 12 0.024595203 
317 183 18 22 0.024569776 
955 203 16 18 0.024564642 
637 150 9 11 0.024539918 
719 118 9 12 0.024530811 
971 3 18 22 0.024524912 
786 27 17 22 0.024508074 
16 75 10 12 0.024494965 
513 184 9 11 0.024491763 
183 441 8 10 0.02443002 
321 35 9 13 0.024418782 
464 138 10 13 0.024418274 
1014 134 10 13 0.024406385 
781 252 11 14 0.024402514 
30 46 9 11 0.024400836 
467 85 9 12 0.024371 
640 104 8 11 0.02436162 
741 352 10 12 0.024351798 
467 184 13 17 0.024349373 
245 371 9 12 0.024349224 
351 331 12 16 0.024348682 
181 206 9 12 0.02429936 
57 135 9 12 0.02427708 
68 38 9 11 0.024271866 
701 143 9 11 0.024270257 
22 132 9 11 0.024262326 
383 6 8 10 0.024258528 
159 230 11 14 0.02421357 
74 131 18 21 0.02419001 
83 264 15 17 0.024186246 
857 82 10 13 0.024173819 
927 1 9 9 0.024132494 
34 234 12 17 0.024111576 
999 87 11 12 0.024090149 
215 39 9 11 0.024075154 
215 124 7 10 0.024061255 
104 78 8 11 0.024034545 
684 12 9 11 0.02400426 
10 218 13 15 0.023984795 
767 205 10 12 0.023984523 
67 337 13 17 0.023973914 
55 126 9 12 0.023971584 
199 100 9 11 0.023961946 
887 221 11 14 0.02395133 
937 98 19 22 0.02393515 
720 319 20 25 0.023932181 
109 291 12 17 0.02392428 
903 130 10 14 0.023911944 
280 0 18 22 0.023894679 
102 4 18 22 0.023891008 
24 189 10 14 0.023880122 
256 456 8 10 0.023877144 
927 197 11 13 0.023872165 
486 8 8 10 0.02386692 
608 13 10 12 0.02381439 
798 57 10 13 0.023782412 
278 48 10 12 0.02377529 
55 136 19 23 0.02377125 
959 47 8 12 0.023755388 
98 173 10 14 0.023749916 
592 109 8 10 0.023747815 
238 51 8 11 0.023747561 
141 46 8 10 0.023736658 
273 190 11 13 0.02371953 
479 88 9 12 0.023689087 
1005 235 19 24 0.023679392 
793 46 18 23 0.023679333 
597 29 10 12 0.02366526 
565 133 8 10 0.02365876 
199 375 8 10 0.023640819 
772 195 10 13 0.023630045 
61 323 13 18 0.02361545 
630 129 9 10 0.023600508 
627 200 19 23 0.023596084 
679 38 9 11 0.02356767 
127 69 9 12 0.023566026 
976 131 10 13 0.023530534 
936 2 8 10 0.02351349 
358 83 11 14 0.023512347 
279 95 9 11 0.023504768 
310 322 12 16 0.02348592 
224 30 10 11 0.02348441 
256 243 14 19 0.023479259 
415 77 11 15 0.023472002 
512 15 8 11 0.023447638 
664 235 10 13 0.023443894 
523 295 15 17 0.023428824 
560 261 13 15 0.023416543 
326 77 9 11 0.02340625 
966 0 9 10 0.023369046 
687 118 9 11 0.023364753 
574 260 13 17 0.023358043 
733 130 12 15 0.02331448 
561 251 11 15 0.023308268 
893 78 9 12 0.0233059 
208 55 7 10 0.023294982 
356 308 13 16 0.023289915 
82 103 9 12 0.023265567 
433 21 18 24 0.023249984 
13 258 11 15 0.023230346 
160 111 9 12 0.023202857 
45 226 11 15 0.023194028 
271 4 9 11 0.02318635 
879 54 9 12 0.023168482 
533 89 10 13 0.023161856 
503 88 10 12 0.023158457 
653 94 8 10 0.023156777 
667 265 14 18 0.02315548 
686 289 12 15 0.023061251 
222 99 10 12 0.023033647 
430 184 19 24 0.023017246 
492 265 13 16 0.02300085 
589 302 13 16 0.02298736 
656 134 9 11 0.022976613 
359 374 11 13 0.022973238 
335 288 13 18 0.022960633 
417 28 10 13 0.022947134 
350 464 9 12 0.022926055 
719 276 11 14 0.02292082 
7 42 11 14 0.022916753 
590 104 8 10 0.022907773 
871 93 10 13 0.022904066 
189 340 10 13 0.022891713 
166 70 10 12 0.022848072 
210 234 12 16 0.02284095 
744 299 12 15 0.022705438 
306 447 9 12 0.02270242 
110 47 16 22 0.022661516 
951 172 9 13 0.022644348 
128 191 20 25 0.022630308 
118 202 11 15 0.02261924 
271 86 9 11 0.022564232 
333 203 11 14 0.022563731 
823 28 10 13 0.022558795 
999 167 16 22 0.022547733 
528 201 11 14 0.022543527 
846 200 9 12 0.022540892 
214 164 8 11 0.022538764 
535 183 8 10 0.022491742 
127 211 12 15 0.02248261 
712 1 9 10 0.02246906 
815 68 9 11 0.022463083 
417 61 9 12 0.022461794 
693 259 15 17 0.022451412 
756 288 19 23 0.02242464 
30 284 14 19 0.02241154 
896 135 9 12 0.022410084 
57 31 9 11 0.022402946 
135 36 9 12 0.022387214 
498 302 39 48 0.022362191 
280 445 9 12 0.02235916 
672 111 9 11 0.022340236 
963 178 11 13 0.022312757 
497 68 8 12 0.022300279 
569 108 9 11 0.022294374 
161 236 12 16 0.022288948 
342 21 10 12 0.022288805 
216 362 9 12 0.022262696 
707 211 10 13 0.022260854 
745 285 21 25 0.022254933 
761 191 8 11 0.022250587 
908 308 15 18 0.02222245 
623 37 8 10 0.022220485 
363 233 18 23 0.022202428 
806 319 24 30 0.022189682 
247 1 9 10 0.022186546 
882 39 18 22 0.022185484 
9 61 18 23 0.022183591 
622 381 9 12 0.02217111 
343 124 14 18 0.022150792 
247 152 9 11 0.02214572 
918 301 14 16 0.022130895 
884 138 11 13 0.022129524 
365 85 11 14 0.02210934 
224 71 17 22 0.022108855 
976 156 10 13 0.02208387 
820 151 11 12 0.022081655 
309 452 9 11 0.022067856 
600 117 8 10 0.022046622 
601 39 9 12 0.022043632 
156 282 12 17 0.022033878 
960 6 9 11 0.022029921 
53 7 19 22 0.022027407 
231 179 9 11 0.022023851 
798 190 8 10 0.02201621 
318 255 17 21 0.022004507 
912 211 11 15 0.02199223 
548 202 10 14 0.021979742 
729 242 19 24 0.021958008 
292 153 10 12 0.021952318 
319 300 12 15 0.021945259 
822 101 12 15 0.02193256 
946 234 12 15 0.02191907 
1009 13 17 26 0.02190375 
160 441 6 8 0.021900063 
334 21 9 12 0.021880459 
6 55 9 12 0.021878557 
855 29 10 12 0.02187493 
662 127 8 10 0.021824477 
847 277 19 25 0.021823838 
329 119 20 24 0.021822864 
467 107 11 14 0.021815125 
771 240 18 23 0.021814886 
947 115 18 22 0.021801177 
685 96 9 11 0.021778252 
72 69 9 11 0.021771125 
79 164 10 12 0.02176757 
215 79 9 11 0.021763837 
546 38 9 12 0.021762343 
558 86 9 10 0.021748817 
224 173 9 11 0.02172262 
767 70 10 13 0.021720588 
814 222 10 13 0.021704363 
495 86 10 12 0.021687431 
317 325 10 14 0.02167863 
1000 188 10 12 0.02167495 
247 95 9 11 0.021662537 
778 293 16 18 0.02166176 
609 105 7 10 0.021653393 
22 221 10 13 0.021637144 
396 171 11 14 0.02163382 
216 204 9 13 0.021622287 
321 151 10 12 0.02160065 
327 203 11 13 0.0215878 
22 53 9 11 0.021575779 
216 333 12 15 0.021564906 
1015 111 8 11 0.021557305 
863 213 9 11 0.021505797 
797 251 12 15 0.021495456 
623 210 12 15 0.021483323 
624 129 9 10 0.021439103 
347 252 11 14 0.021426426 
342 2 10 10 0.02142533 
557 216 11 14 0.021418624 
247 21 10 12 0.021397665 
180 284 12 17 0.02137627 
959 109 10 12 0.021367077 
80 0 9 9 0.021364052 
456 261 12 14 0.021358583 
352 185 12 14 0.021345915 
183 136 9 11 0.021336589 
768 -8 21 23 0.021325592 
190 109 11 13 0.0213188 
671 285 10 14 0.021313976 
614 261 13 16 0.021310411 
713 174 9 12 0.02129996 
785 103 10 13 0.02129967 
127 77 9 11 0.021281747 
9 0 8 8 0.021281293 
487 39 8 10 0.021269882 
783 261 12 14 0.021269813 
105 70 8 12 0.021243995 
452 100 12 16 0.021242516 
622 46 10 11 0.02123273 
911 252 12 14 0.021230165 
878 147 11 14 0.021223506 
468 177 10 12 0.021222744 
137 172 11 13 0.021219008 
696 143 9 12 0.021205293 
845 29 10 13 0.021204675 
199 300 11 13 0.021196648 
815 201 9 12 0.02119562 
666 12 10 13 0.021181233 
975 3 9 10 0.021180274 
582 256 11 13 0.02117471 
231 113 8 11 0.021148404 
246 469 9 12 0.0211142 
774 166 9 12 0.021093 
797 23 10 12 0.021091064 
156 211 12 17 0.021072945 
485 182 12 14 0.021071455 
606 425 12 16 0.021056896 
616 96 8 10 0.021054396 
887 193 11 13 0.02104717 
86 275 12 15 0.021042971 
173 134 10 11 0.021040184 
128 96 8 11 0.021023622 
880 70 8 11 0.02101089 
222 128 19 23 0.021009441 
277 127 9 11 0.021007748 
493 33 19 24 0.021004453 
1 165 8 12 0.020996759 
308 101 10 12 0.020993866 
141 97 18 23 0.02099149 
824 70 7 10 0.020979999 
989 181 10 13 0.020976517 
964 282 12 16 0.02097254 
242 283 14 18 0.020955043 
215 174 9 11 0.020951208 
611 425 14 17 0.020928238 
381 30 11 12 0.020904103 
490 46 7 10 0.020894906 
254 20 9 13 0.02088134 
39 295 15 21 0.020878205 
641 116 9 11 0.02087816 
245 98 18 23 0.02087655 
759 63 8 11 0.020846007 
412 265 14 17 0.020839557 
118 7 9 10 0.020836601 
207 38 9 10 0.02082366 
1016 63 8 12 0.020801272 
166 244 15 20 0.020797104 
696 62 9 11 0.020785352 
1 306 14 19 0.020782644 
869 11 11 14 0.020768749 
921 319 14 18 0.020768153 
327 172 9 13 0.020763725 
238 151 8 11 0.020761926 
166 9 9 11 0.020756219 
951 61 9 12 0.020738611 
364 478 11 12 0.020720795 
957 303 23 32 0.020718098 
52 71 9 12 0.020717528 
1014 186 11 14 0.020708248 
795 317 18 22 0.020702569 
877 121 17 22 0.020688657 
7 77 9 12 0.020686744 
799 289 15 18 0.020686561 
263 95 8 11 0.020680191 
322 363 10 14 0.02067362 
607 31 9 10 0.02067097 
958 60 8 11 0.020657321 
980 6 10 12 0.020635484 
957 148 9 12 0.020622948 
516 212 12 15 0.02058721 
23 46 9 11 0.020581057 
38 56 17 22 0.020557549 
348 82 11 14 0.020549342 
851 291 15 20 0.020534087 
303 0 9 10 0.020530239 
119 213 9 13 0.020518284 
526 183 8 10 0.020500712 
128 42 16 22 0.020495117 
751 158 11 13 0.020458499 
356 312 18 23 0.02043228 
844 257 19 21 0.02041737 
281 225 18 22 0.020413041 
264 129 10 13 0.02038863 
93 53 9 11 0.020378288 
71 54 9 12 0.020371722 
270 99 17 22 0.020370984 
276 310 15 17 0.020368615 
108 244 12 15 0.020360354 
347 226 12 15 0.02035913 
103 23 9 11 0.02033732 
592 119 8 10 0.020329885 
700 203 18 23 0.020319209 
449 42 10 12 0.020318223 
356 71 10 12 0.02029629 
615 0 9 9 0.020279298 
481 0 9 9 0.020248843 
894 1 10 10 0.02022871 
559 96 10 13 0.020219129 
731 110 11 13 0.020216204 
974 138 17 23 0.020215577 
636 140 9 12 0.020204931 
511 124 8 11 0.02020376 
108 125 12 14 0.020191582 
248 117 10 13 0.020164944 
540 114 9 12 0.020147108 
406 310 15 18 0.020122256 
137 108 9 12 0.02011396 
349 7 9 11 0.020104969 
712 148 9 11 0.020102076 
77 202 10 14 0.020100694 
395 36 11 13 0.020094318 
171 232 12 16 0.020091241 
142 1 9 9 0.020090403 
358 260 14 16 0.020089822 
55 47 18 23 0.020073894 
313 71 9 11 0.020073378 
716 226 18 22 0.02006072 
729 132 9 13 0.020044945 
422 354 12 16 0.020043237 
375 1 9 9 0.020041924 
7 328 25 33 0.020036468 
983 119 8 12 0.02002987 
534 70 10 11 0.020026352 
711 122 17 22 0.02002614 
36 20 9 12 0.020021856 
694 147 11 13 0.020018851 
838 126 12 15 0.020014975 
886 60 9 12 0.020010173 
