6_Funeral_Funeral_6_760
47
211 123 99 127 0.99919194 
667 358 26 33 0.99462503 
962 161 15 19 0.8975718 
414 319 22 31 0.66012424 
755 161 17 24 0.5007992 
864 332 8 11 0.18959731 
674 427 17 23 0.17535806 
629 158 18 21 0.07987133 
620 325 30 34 0.06758398 
953 309 10 12 0.067527965 
846 191 59 78 0.051076986 
888 316 18 20 0.044621475 
644 361 42 45 0.04362789 
889 129 37 53 0.03902597 
733 192 37 57 0.038950663 
762 157 15 22 0.036464218 
576 354 10 13 0.03598456 
924 165 10 14 0.03251089 
703 301 38 50 0.029301967 
903 156 12 18 0.028721465 
741 170 16 18 0.028713925 
613 166 10 13 0.027826745 
613 367 14 19 0.026820406 
893 154 12 17 0.025698042 
601 356 10 12 0.025690172 
774 300 11 13 0.025688699 
128 273 410 459 0.025046565 
834 115 46 56 0.024723692 
745 165 24 30 0.024101993 
443 309 24 28 0.023906251 
858 332 10 12 0.023460975 
860 341 11 13 0.02327116 
691 203 14 17 0.023090977 
912 293 11 14 0.02307076 
861 160 14 18 0.023024462 
99 189 79 116 0.022781296 
908 323 11 14 0.022740873 
767 154 22 27 0.022569247 
893 147 13 17 0.022039307 
867 326 11 13 0.021894202 
899 172 12 14 0.021822907 
834 406 8 11 0.021524338 
655 234 12 18 0.021020511 
899 179 12 14 0.020974128 
896 260 12 16 0.020233845 
387 301 94 123 0.020215318 
735 186 13 15 0.02006038 
