6_Funeral_Funeral_6_177
415
446 259 26 38 0.99759895 
782 155 38 45 0.9969511 
877 155 31 40 0.9941772 
550 215 33 56 0.9934564 
624 185 38 46 0.9865515 
687 171 33 44 0.96541417 
422 261 27 39 0.9361914 
913 152 30 37 0.9211215 
226 234 27 41 0.92016995 
494 261 25 38 0.91302896 
900 193 31 35 0.8881432 
539 261 23 34 0.87860763 
262 179 32 53 0.84246385 
964 163 23 28 0.819728 
360 189 9 13 0.5561871 
518 191 10 13 0.47256726 
449 187 10 14 0.37599245 
410 176 13 18 0.3326287 
155 184 32 33 0.30934682 
438 240 17 20 0.28710747 
414 400 32 37 0.28492734 
55 550 8 10 0.28041136 
30 504 8 11 0.26973146 
930 151 32 38 0.23973957 
158 581 9 10 0.19625582 
458 264 25 34 0.1940672 
127 469 7 9 0.19375019 
144 656 9 12 0.1836493 
127 588 9 11 0.17964081 
116 605 10 12 0.17882182 
60 574 10 12 0.17873241 
157 536 9 11 0.17346513 
98 598 10 12 0.17218247 
85 542 9 11 0.17015415 
290 542 8 10 0.17010862 
67 606 11 13 0.16924798 
378 189 13 18 0.16855776 
305 558 9 11 0.15994021 
316 213 17 23 0.15828536 
277 553 9 10 0.15594865 
102 550 9 11 0.15278152 
169 518 8 11 0.15208834 
73 559 10 12 0.14176898 
39 488 9 11 0.14167151 
44 566 9 11 0.14003639 
31 551 9 12 0.13860151 
213 235 27 33 0.12530336 
65 484 8 10 0.12091226 
153 462 7 9 0.117155775 
128 542 9 11 0.11647208 
165 201 15 18 0.114284255 
401 197 22 37 0.11336788 
510 170 11 14 0.11258864 
182 577 9 11 0.11151889 
97 476 8 10 0.11067322 
154 581 9 10 0.10549026 
145 595 10 12 0.102832235 
69 481 9 11 0.09975118 
302 215 28 33 0.09856645 
55 500 8 11 0.09426745 
262 538 10 13 0.09391675 
40 567 9 11 0.09209547 
85 491 10 11 0.0913342 
475 266 28 33 0.09107324 
323 209 15 23 0.090372145 
173 591 9 11 0.08946212 
73 432 9 11 0.0884931 
113 534 7 9 0.08830295 
827 138 14 20 0.08756349 
275 176 44 59 0.08737776 
144 479 8 10 0.087083906 
86 614 11 14 0.087075934 
370 192 22 33 0.085278064 
496 166 12 14 0.08217022 
297 496 10 12 0.0819887 
308 311 45 43 0.081284575 
478 274 16 21 0.07877235 
155 192 19 21 0.07827383 
356 152 15 19 0.0777863 
318 542 8 9 0.077158585 
576 175 11 14 0.075862005 
61 567 8 10 0.075784504 
185 528 8 11 0.07543653 
142 526 8 10 0.07501522 
47 609 9 12 0.07457394 
505 265 23 36 0.07433164 
103 424 9 12 0.07416402 
17 519 8 11 0.071853206 
259 226 25 40 0.07182974 
501 185 14 19 0.07075209 
999 197 26 45 0.069052026 
129 535 8 11 0.068512104 
85 416 9 11 0.06845644 
405 181 19 29 0.06802881 
552 175 10 14 0.06733692 
250 197 15 23 0.06716206 
284 600 9 11 0.06713096 
169 472 8 9 0.06598938 
509 149 11 13 0.0659843 
488 401 17 21 0.06493889 
522 189 11 15 0.064545214 
976 160 24 32 0.06451409 
133 495 9 10 0.06339502 
174 473 8 9 0.06291493 
118 558 9 11 0.061712712 
0 204 46 81 0.061268907 
372 165 12 15 0.061182857 
178 455 7 10 0.06043925 
362 467 17 20 0.059819713 
401 262 24 31 0.059290987 
44 439 9 10 0.058821987 
24 509 8 10 0.05852022 
405 194 14 22 0.057682686 
209 572 7 10 0.056521706 
253 442 9 12 0.056386568 
22 526 9 11 0.056244288 
251 190 25 39 0.056174472 
150 591 9 12 0.056053523 
311 484 10 11 0.055998787 
23 557 8 10 0.0559862 
37 551 9 11 0.055734355 
909 168 41 50 0.0556681 
158 479 8 9 0.055380706 
365 192 14 20 0.05471521 
117 480 8 11 0.05380765 
102 473 9 11 0.053625613 
525 224 12 20 0.052748866 
25 492 7 10 0.052639686 
726 158 23 40 0.0516727 
116 599 10 12 0.05131553 
316 424 10 11 0.05104862 
246 229 26 42 0.05049439 
116 660 11 11 0.05044829 
285 480 10 13 0.049958352 
166 576 9 11 0.049498532 
160 198 26 31 0.049292743 
56 623 11 14 0.04907237 
361 453 16 18 0.048757583 
133 486 8 11 0.048283566 
243 171 42 60 0.047371518 
193 513 7 9 0.047351394 
144 543 9 11 0.04705275 
492 230 17 22 0.046839997 
435 228 23 27 0.046783376 
672 171 35 50 0.04669798 
312 542 9 10 0.046404235 
501 169 13 16 0.04606811 
471 179 10 13 0.046021566 
394 159 23 28 0.045879446 
45 560 9 11 0.04538557 
89 559 9 11 0.045058765 
291 201 30 39 0.044661514 
103 181 10 15 0.04383967 
113 486 8 9 0.043756157 
0 196 12 19 0.04360893 
173 653 9 10 0.04348078 
526 259 26 37 0.04331388 
483 202 14 16 0.042990085 
90 564 9 12 0.042957205 
397 193 15 21 0.042708367 
905 192 45 52 0.042538222 
379 198 17 23 0.042324208 
239 103 32 32 0.042167522 
169 195 16 18 0.04212504 
153 520 8 10 0.041733142 
129 421 8 9 0.04136594 
47 488 8 11 0.0413118 
145 549 9 11 0.041176 
420 178 13 20 0.040888723 
541 196 12 16 0.04068828 
364 203 24 38 0.04060834 
434 246 23 32 0.040439665 
103 502 9 11 0.039888617 
366 161 13 16 0.039424207 
7 520 8 10 0.039241094 
17 553 8 10 0.03911418 
190 529 8 10 0.03893515 
390 207 14 20 0.038904548 
133 542 8 11 0.03841159 
102 543 8 10 0.03829861 
515 184 19 25 0.038058773 
21 519 8 11 0.038035758 
174 518 8 10 0.037901778 
21 567 9 10 0.037852567 
167 581 9 10 0.03760151 
237 221 25 43 0.03745872 
178 264 51 60 0.03735044 
54 545 8 10 0.037284102 
227 270 17 23 0.036815077 
358 160 14 16 0.03663394 
140 166 36 37 0.036587007 
45 509 9 11 0.03645826 
350 150 14 17 0.036448102 
396 207 16 23 0.036314443 
20 574 10 12 0.036270544 
143 472 8 10 0.03600008 
113 408 8 10 0.035979584 
63 495 8 11 0.03579013 
372 158 11 13 0.035712346 
512 192 13 16 0.035674714 
17 492 7 10 0.035593625 
58 445 9 12 0.03524794 
17 568 8 10 0.03510475 
118 551 9 11 0.03508408 
740 180 9 14 0.03504215 
136 584 9 11 0.035005346 
105 555 9 12 0.034832954 
23 213 45 62 0.034707814 
0 583 8 11 0.034637578 
95 580 9 12 0.034626316 
41 609 9 11 0.03439726 
75 564 10 13 0.034317132 
56 423 8 10 0.034264836 
157 526 8 10 0.03415545 
270 616 8 9 0.034108937 
403 257 37 46 0.03397669 
81 495 8 9 0.033912193 
182 454 7 10 0.03338343 
255 538 11 15 0.033372108 
296 333 35 35 0.03328658 
62 519 9 10 0.033213202 
36 623 10 13 0.0329647 
119 503 9 10 0.032839637 
129 548 9 10 0.032829717 
383 189 22 29 0.03253571 
62 439 8 10 0.032386303 
393 256 22 32 0.032281894 
479 195 13 17 0.032256145 
837 176 15 17 0.03204681 
183 471 7 9 0.03198471 
61 579 10 12 0.031971935 
491 220 15 20 0.03193339 
174 542 8 10 0.031844284 
119 407 8 9 0.031377774 
1012 445 13 21 0.031199217 
126 529 9 10 0.03115399 
73 502 8 10 0.031100826 
113 529 7 10 0.030979382 
178 195 14 18 0.030970369 
70 496 9 10 0.030827364 
268 535 11 13 0.030580102 
306 177 38 53 0.030357473 
6 487 7 11 0.030133255 
316 166 23 33 0.030096538 
47 503 9 11 0.030036116 
549 291 12 18 0.029970886 
77 573 11 12 0.029953098 
364 155 13 16 0.029921234 
509 154 12 16 0.029809918 
393 270 25 34 0.029800462 
500 225 16 25 0.029474702 
127 595 10 13 0.029219558 
951 154 39 50 0.02914194 
152 457 8 10 0.028922876 
119 430 8 10 0.02890087 
596 181 11 14 0.028751312 
502 158 11 14 0.028699405 
463 180 12 14 0.028283838 
76 430 9 11 0.028278695 
84 663 14 14 0.028189097 
39 580 9 11 0.028172692 
282 208 40 59 0.028138705 
463 190 11 14 0.028126242 
489 167 10 13 0.027857224 
110 425 8 9 0.027846241 
342 147 24 28 0.027798984 
516 170 11 14 0.027692702 
175 476 8 10 0.02769185 
504 161 20 26 0.027647302 
70 544 8 10 0.02757872 
606 166 8 10 0.027576037 
24 533 9 10 0.02752194 
87 548 10 12 0.027515465 
78 581 11 14 0.027510483 
717 172 29 40 0.027473208 
80 479 8 10 0.027450796 
131 177 27 32 0.027417364 
83 210 44 62 0.027288219 
7 492 8 11 0.027176758 
360 154 22 26 0.027051305 
169 654 9 11 0.027034314 
39 572 10 12 0.026981657 
150 495 8 10 0.02691986 
31 494 8 10 0.026908169 
251 525 12 14 0.026569312 
379 163 13 16 0.026512476 
486 388 13 17 0.026511455 
111 592 10 11 0.026497588 
244 201 25 37 0.026467323 
151 541 9 10 0.026454719 
72 551 8 10 0.026372086 
519 184 11 15 0.026366368 
83 605 11 13 0.026130583 
468 188 11 15 0.026126897 
143 521 8 10 0.02610017 
175 582 8 10 0.025953485 
168 513 9 10 0.02587347 
309 154 24 34 0.025802488 
37 527 9 10 0.025785679 
271 556 9 11 0.02570408 
135 566 10 11 0.025631098 
421 175 21 28 0.02557545 
391 160 16 19 0.025532797 
353 189 11 16 0.025516117 
329 207 14 22 0.025322247 
597 185 14 16 0.02517161 
174 536 8 9 0.025150158 
149 550 9 11 0.025146686 
536 188 11 16 0.02514196 
120 528 8 10 0.02508444 
164 213 18 22 0.025082866 
225 251 25 39 0.024895843 
214 568 7 10 0.024886651 
23 613 9 11 0.024804203 
362 183 13 16 0.024798244 
46 517 8 11 0.02475401 
282 343 35 34 0.024687786 
229 152 69 103 0.024568036 
57 580 9 11 0.024562944 
159 461 8 9 0.024511866 
411 208 13 20 0.024296653 
540 178 15 19 0.024249543 
134 559 9 11 0.024230039 
56 439 9 11 0.024181847 
452 404 24 37 0.024169117 
593 177 9 10 0.024022253 
141 186 14 18 0.023947742 
507 178 12 17 0.023897968 
1 526 8 10 0.023862027 
158 485 9 10 0.023816533 
167 220 41 55 0.023810947 
133 550 9 10 0.023787655 
80 600 10 11 0.02373046 
1 587 9 13 0.023719009 
134 597 11 13 0.023702048 
73 509 8 10 0.023700431 
32 526 9 11 0.023644209 
476 396 28 35 0.023563446 
50 213 44 59 0.023476982 
151 502 9 10 0.023440937 
96 592 10 13 0.023404997 
62 512 8 9 0.023357084 
81 536 8 10 0.023316452 
991 158 26 38 0.023315605 
149 558 9 11 0.023294494 
33 568 9 10 0.02328752 
146 485 8 10 0.023264512 
0 478 7 11 0.02323833 
133 534 9 11 0.023172481 
7 536 8 10 0.023102492 
120 471 8 10 0.022965342 
134 481 8 10 0.022960996 
70 600 9 12 0.022944111 
149 188 18 21 0.02292392 
138 519 8 10 0.022918608 
136 464 7 10 0.022824407 
432 233 15 19 0.022816047 
137 183 44 51 0.022667166 
197 583 9 10 0.022585947 
112 599 18 23 0.022543922 
43 573 11 12 0.022491654 
136 501 8 10 0.02248364 
372 381 31 36 0.022429291 
104 566 9 11 0.022401663 
273 657 10 13 0.022384875 
47 590 10 11 0.02237312 
120 437 8 11 0.02232845 
247 443 10 13 0.022327682 
40 505 8 10 0.022309044 
304 542 9 11 0.022274293 
536 180 11 15 0.022252444 
112 558 9 11 0.022223325 
30 608 9 11 0.022184642 
572 173 19 23 0.02206826 
236 189 26 35 0.02206119 
153 414 8 9 0.02202448 
145 495 9 10 0.02202035 
439 187 11 15 0.021947773 
40 518 9 10 0.021819407 
304 562 11 14 0.021622987 
426 279 21 28 0.021571454 
231 423 10 13 0.021561498 
182 460 7 10 0.021478813 
324 184 16 22 0.021365304 
32 626 11 13 0.021324612 
477 175 9 11 0.021226542 
197 589 9 10 0.021163825 
327 180 23 34 0.02115461 
300 229 17 23 0.021080097 
515 304 18 23 0.02105391 
199 527 8 10 0.020969938 
3 148 61 91 0.020952713 
168 595 10 12 0.020935163 
295 559 9 10 0.020888185 
504 144 22 28 0.020876335 
97 536 8 10 0.020871647 
54 488 8 10 0.020793384 
484 190 14 17 0.02074152 
381 157 12 14 0.020714205 
255 533 21 24 0.020699035 
343 149 12 15 0.020575436 
64 525 9 11 0.02055842 
255 318 34 37 0.020552846 
120 564 10 12 0.02049941 
315 202 18 24 0.020411802 
412 269 17 24 0.020410255 
95 550 9 12 0.020386914 
220 348 43 45 0.02035615 
16 504 7 10 0.020225614 
523 231 15 24 0.02021048 
119 425 7 9 0.020197002 
439 160 9 13 0.020149346 
184 478 8 10 0.020123502 
184 447 7 11 0.02006891 
977 173 39 53 0.020062959 
