6_Funeral_Funeral_6_1006
36
31 1 61 71 0.99958414 
644 33 72 98 0.9967079 
441 173 72 89 0.99567187 
474 4 71 70 0.041750807 
716 23 60 77 0.041714996 
425 7 133 151 0.041366015 
1000 217 22 31 0.03766877 
159 147 366 477 0.037437454 
947 173 17 21 0.0362832 
974 3 16 18 0.033714317 
676 17 80 104 0.03348671 
930 212 14 18 0.0327564 
1014 98 11 17 0.03222175 
933 55 14 19 0.03216866 
995 159 16 20 0.027047997 
903 156 13 16 0.025523137 
235 209 109 179 0.025519082 
205 195 179 303 0.025489762 
425 109 96 135 0.0254634 
1005 243 14 17 0.024463933 
994 97 14 19 0.024387056 
853 38 13 17 0.024128554 
1005 117 14 18 0.023952678 
940 54 12 16 0.023906117 
911 18 13 17 0.023368968 
950 168 12 15 0.022869976 
939 251 14 18 0.022808215 
867 224 14 18 0.021949336 
395 25 103 149 0.021882799 
907 63 14 19 0.02175052 
900 163 15 19 0.021676123 
926 50 13 17 0.021608336 
964 99 14 18 0.020532697 
896 167 12 16 0.020528344 
982 205 12 15 0.020442719 
901 178 12 15 0.020144392 
