6_Funeral_Funeral_6_531
485
164 319 16 19 0.9799137 
135 323 19 26 0.9512709 
43 339 20 23 0.93712157 
81 330 21 27 0.915573 
229 327 12 17 0.73809934 
267 284 14 17 0.6711458 
319 277 14 18 0.66228795 
384 268 11 13 0.63570434 
263 290 12 16 0.6291242 
205 358 10 14 0.44810715 
246 295 13 18 0.40096128 
222 313 14 18 0.39572385 
434 253 9 12 0.39261568 
353 278 11 12 0.35276467 
337 279 10 13 0.34237257 
864 223 10 13 0.31389186 
413 263 11 12 0.26692292 
114 329 13 17 0.25207114 
195 318 10 13 0.23039322 
292 311 11 15 0.22672983 
804 287 10 13 0.20275143 
829 237 12 14 0.19684258 
959 157 11 13 0.19400978 
905 141 8 10 0.19117561 
884 136 10 11 0.19089682 
409 263 9 12 0.18225239 
961 151 10 12 0.17110755 
976 206 9 11 0.16685131 
448 248 8 10 0.16095527 
981 186 13 17 0.16093716 
869 144 8 10 0.16083212 
785 127 9 12 0.15438995 
902 206 9 11 0.15282339 
713 199 10 13 0.15195051 
928 261 9 11 0.13964984 
950 216 11 15 0.13824154 
897 212 10 14 0.13578466 
896 206 10 13 0.13345827 
910 141 8 10 0.13341779 
889 245 9 11 0.12905449 
877 205 13 14 0.12608989 
994 243 16 19 0.1200316 
823 237 11 13 0.11914706 
909 204 10 11 0.11893434 
855 158 8 11 0.11829713 
192 311 12 13 0.11738752 
865 215 9 11 0.11443565 
223 321 16 20 0.11177929 
800 143 10 12 0.111543074 
421 72 14 17 0.10851583 
800 190 10 11 0.10663802 
934 213 9 13 0.10653636 
911 233 7 10 0.10623134 
831 208 11 13 0.10511078 
958 218 13 16 0.104566894 
287 300 12 14 0.10445763 
978 250 15 18 0.103961885 
735 163 11 13 0.103009135 
919 239 9 11 0.100977965 
936 160 9 10 0.09990598 
1001 181 11 14 0.09923133 
765 149 10 13 0.097731255 
504 101 10 14 0.09689928 
799 184 9 11 0.09635573 
860 182 9 12 0.096169956 
390 54 8 10 0.09305517 
252 292 13 17 0.09089774 
951 198 9 11 0.09068424 
458 256 8 10 0.089437224 
726 215 9 10 0.08776727 
734 222 9 11 0.08774589 
838 166 8 11 0.08764559 
896 151 7 9 0.0869456 
876 197 12 13 0.08662605 
791 165 12 15 0.08636376 
870 213 10 12 0.08606088 
836 211 11 12 0.08597453 
416 256 10 12 0.08593414 
862 160 9 10 0.082720935 
274 284 14 17 0.081977114 
855 244 10 14 0.08186646 
816 375 9 10 0.079726875 
813 245 10 12 0.07921014 
670 213 9 11 0.07903979 
815 239 9 12 0.07711367 
815 278 9 11 0.076434165 
831 244 11 13 0.07611754 
964 156 11 14 0.076049305 
848 158 9 12 0.07560547 
886 205 9 13 0.07274396 
829 253 10 11 0.07218185 
331 117 13 15 0.0715149 
424 62 24 31 0.07101562 
718 204 10 13 0.07042109 
215 333 10 14 0.07027808 
919 244 9 13 0.069501 
944 216 9 13 0.06932952 
867 228 11 14 0.06830548 
514 85 11 12 0.06806083 
720 214 10 12 0.06800064 
385 47 8 10 0.06779446 
816 180 10 12 0.06662417 
742 136 9 12 0.06662156 
504 97 9 11 0.066182025 
870 149 9 10 0.065863825 
472 116 9 12 0.06339757 
776 196 11 14 0.063358516 
357 282 8 12 0.063306786 
847 129 8 10 0.062919565 
487 74 11 13 0.062484436 
807 181 9 12 0.062356263 
421 256 8 10 0.06223198 
856 228 10 13 0.061877713 
388 264 10 13 0.06090268 
522 49 9 11 0.060664933 
910 190 11 12 0.059077464 
438 247 9 12 0.058665477 
887 175 10 12 0.058295008 
974 163 11 12 0.057682734 
856 118 8 10 0.057048075 
797 173 10 12 0.056826066 
517 30 9 12 0.056277614 
896 159 7 9 0.055442624 
917 272 8 10 0.055155363 
975 195 12 15 0.054568578 
888 128 9 10 0.05440383 
919 175 9 11 0.054378767 
1008 160 8 11 0.05427405 
402 261 9 12 0.054200973 
974 244 15 18 0.053729724 
543 39 8 10 0.053579107 
872 207 11 13 0.053483177 
324 274 10 12 0.052453984 
543 95 10 11 0.052300476 
487 255 8 10 0.052278794 
825 151 9 11 0.05207852 
911 174 9 12 0.05200819 
802 271 12 13 0.051925093 
816 120 9 11 0.051565535 
503 53 9 11 0.051429417 
962 234 15 19 0.051209725 
836 235 12 14 0.051138703 
848 176 8 10 0.051098954 
987 196 12 15 0.05083039 
804 231 11 13 0.050741527 
904 168 9 11 0.050583377 
826 157 10 12 0.04874385 
981 241 20 24 0.048713174 
807 237 9 11 0.048421133 
767 144 10 12 0.04831034 
975 181 10 12 0.04808419 
856 141 8 10 0.048006214 
873 173 8 11 0.04756038 
952 174 11 13 0.046961427 
753 198 8 12 0.04641439 
974 176 10 12 0.04624567 
825 207 10 13 0.045437273 
478 241 8 10 0.045383297 
925 168 10 11 0.045347214 
903 200 11 12 0.045055788 
856 136 7 9 0.044623256 
951 246 9 13 0.04459786 
863 164 9 11 0.044570077 
919 151 9 13 0.04442949 
919 198 9 12 0.04438635 
217 315 12 16 0.04432254 
386 51 9 12 0.044283856 
820 174 11 13 0.04418205 
956 215 20 26 0.04378827 
894 127 9 10 0.042672586 
855 238 10 13 0.04194784 
786 119 9 11 0.041592713 
952 204 10 12 0.041566193 
663 207 10 11 0.04155689 
462 277 8 10 0.041498862 
896 200 9 12 0.040991846 
862 207 10 12 0.040950403 
912 236 8 11 0.040852975 
737 158 13 14 0.040634647 
869 246 10 11 0.040614057 
792 160 10 13 0.040573377 
647 229 9 12 0.04045847 
718 220 10 12 0.040298056 
833 165 9 11 0.040263638 
488 55 9 10 0.040097106 
957 199 9 12 0.03991283 
755 134 11 13 0.039747346 
285 291 12 15 0.039728824 
838 251 10 13 0.039647937 
880 151 9 11 0.039517913 
953 160 11 13 0.03932517 
831 144 8 10 0.03930643 
21 330 11 16 0.03902622 
517 81 10 12 0.03900244 
877 192 11 12 0.039001066 
735 109 10 12 0.038934033 
879 157 8 10 0.038841303 
847 152 10 11 0.038711775 
495 86 10 10 0.03870386 
102 325 12 16 0.038182143 
462 160 9 10 0.037815224 
960 226 14 18 0.03779962 
945 198 9 11 0.03777611 
913 150 9 12 0.037731875 
685 199 12 14 0.037502326 
935 209 9 10 0.037310477 
861 246 11 12 0.037267204 
742 202 10 13 0.037074037 
863 127 10 11 0.036998674 
774 245 8 11 0.036941204 
959 242 12 16 0.036803223 
979 204 11 14 0.036747716 
415 74 14 18 0.036714435 
461 260 8 11 0.036665488 
840 132 10 11 0.036635015 
437 260 9 11 0.03639701 
148 324 12 17 0.03625926 
358 273 9 12 0.03622708 
920 135 8 10 0.036074337 
869 236 10 12 0.035961617 
952 165 10 12 0.03594322 
856 153 8 11 0.035425924 
823 244 10 13 0.035378315 
439 239 8 10 0.035199493 
785 182 8 10 0.035192084 
800 236 10 13 0.03482276 
752 119 10 10 0.034648627 
862 310 13 16 0.034439974 
472 110 10 13 0.03439342 
830 151 8 11 0.034338757 
486 261 8 10 0.03424104 
806 175 9 12 0.034201622 
944 251 9 12 0.03396099 
447 91 11 14 0.033930622 
543 63 8 10 0.033929866 
728 115 10 12 0.03377584 
918 231 10 11 0.033691064 
102 318 11 15 0.03365805 
799 128 9 10 0.0335681 
846 231 9 12 0.03352519 
454 93 8 11 0.03337882 
913 180 10 12 0.03337013 
773 136 9 10 0.033339173 
838 269 11 14 0.033328284 
792 143 9 11 0.03323297 
920 262 8 10 0.03320206 
728 220 11 12 0.03316839 
526 103 8 10 0.033131793 
766 264 10 12 0.0328533 
879 219 10 12 0.032768197 
716 124 13 18 0.03266786 
517 119 10 12 0.032646514 
233 324 12 17 0.032609295 
808 198 8 10 0.032382365 
799 135 9 10 0.031992346 
470 55 9 11 0.031771313 
536 30 9 10 0.031740136 
823 166 11 13 0.031685375 
824 231 11 14 0.03157529 
904 248 8 9 0.031528436 
95 328 19 25 0.031476986 
871 255 9 10 0.03137076 
505 160 9 11 0.0311976 
135 310 10 12 0.030932333 
878 256 9 11 0.03081694 
31 349 11 14 0.030773059 
902 219 9 12 0.030687595 
943 172 9 12 0.030686691 
832 119 7 9 0.030524792 
758 196 11 14 0.030491196 
886 117 8 10 0.030372003 
985 158 10 13 0.030313285 
991 201 11 15 0.030233791 
772 224 8 10 0.030154256 
344 127 9 12 0.03015147 
846 311 9 12 0.030123997 
246 304 11 14 0.030006167 
365 271 9 11 0.029804729 
864 149 8 10 0.029779244 
960 144 11 12 0.029767282 
908 167 9 12 0.029530585 
387 274 11 12 0.029527493 
398 55 9 10 0.029481685 
1007 198 11 15 0.029392881 
488 167 9 12 0.029338198 
789 131 10 11 0.029286273 
781 192 10 13 0.029195843 
537 63 9 11 0.029180845 
495 129 9 11 0.02912535 
828 261 11 14 0.02907369 
513 126 9 10 0.029012142 
557 223 8 11 0.02896362 
892 240 10 12 0.028786412 
895 143 8 10 0.02838263 
714 222 9 12 0.028377522 
936 239 9 11 0.02830442 
510 93 11 13 0.02818455 
782 164 14 16 0.028167002 
781 151 11 13 0.028104398 
853 269 11 15 0.028062282 
870 262 10 12 0.02805485 
965 216 12 14 0.027896153 
192 318 18 23 0.027801177 
888 168 8 10 0.027781827 
465 101 9 12 0.02775245 
925 239 9 11 0.027685285 
3 335 14 19 0.027604066 
415 151 10 12 0.027547179 
350 8 9 10 0.027543295 
552 32 8 9 0.027417066 
906 231 8 10 0.027408425 
863 269 10 13 0.027384385 
908 210 12 14 0.027373428 
800 214 10 12 0.02733379 
863 133 9 11 0.02730165 
518 91 11 13 0.027295602 
815 142 8 10 0.02724072 
896 262 10 12 0.027233545 
772 142 10 12 0.027003577 
116 318 11 15 0.027003529 
965 143 10 12 0.026801474 
886 112 8 10 0.026728032 
23 339 11 14 0.0266567 
14 329 12 16 0.02654851 
941 239 10 11 0.026402071 
791 182 10 11 0.026325064 
760 149 10 13 0.02624583 
0 358 8 13 0.026237348 
943 166 9 12 0.026223147 
796 156 11 14 0.026068328 
432 93 10 14 0.025957813 
824 143 8 10 0.025874767 
754 149 9 12 0.025800385 
400 257 9 11 0.025784912 
943 206 9 11 0.025755914 
752 107 11 12 0.025666622 
838 142 9 11 0.025659008 
784 214 9 11 0.025638025 
956 179 11 12 0.025560357 
497 271 7 9 0.025556566 
470 85 10 11 0.025444897 
766 198 10 13 0.025382752 
927 207 8 11 0.025369067 
463 239 8 11 0.025329497 
872 192 10 12 0.025178595 
829 318 11 13 0.025031535 
1011 203 11 16 0.02490692 
848 245 9 13 0.024848064 
220 336 12 16 0.024698528 
859 222 19 23 0.024639076 
182 317 10 14 0.02462222 
415 248 8 10 0.024618588 
736 254 8 10 0.02459845 
857 205 9 12 0.02454922 
783 143 10 12 0.024506662 
846 269 13 16 0.024374453 
553 111 10 12 0.024372377 
948 214 20 24 0.024259314 
776 180 9 11 0.024240205 
544 88 10 12 0.024200728 
924 245 10 12 0.02417923 
650 12 10 11 0.02412363 
803 147 11 14 0.024060005 
287 310 20 23 0.024042776 
174 311 11 13 0.024007902 
886 15 10 12 0.023983993 
806 207 10 11 0.023976525 
423 137 11 14 0.023948861 
757 141 11 13 0.023935372 
831 111 8 10 0.023902087 
462 271 9 10 0.023861745 
508 55 9 10 0.02383864 
821 120 8 10 0.02377599 
458 165 10 13 0.0237305 
501 128 9 11 0.023686776 
790 222 8 10 0.023668328 
533 164 9 12 0.023626043 
887 221 10 12 0.023584565 
519 62 10 12 0.023479965 
437 93 11 14 0.023433264 
488 83 11 12 0.02341951 
886 199 10 13 0.023409963 
823 222 10 12 0.023403723 
215 244 11 12 0.02338826 
832 268 10 13 0.023348834 
862 199 10 12 0.023282554 
481 77 9 12 0.023274088 
812 249 12 14 0.023265405 
702 230 10 11 0.02318593 
1013 180 9 13 0.023140708 
854 176 10 11 0.023029502 
303 109 8 11 0.022982562 
815 272 8 12 0.022960884 
544 44 8 11 0.022924285 
631 270 9 11 0.022778995 
477 125 9 11 0.022721399 
403 61 11 13 0.022719018 
886 147 10 12 0.02268021 
718 158 10 13 0.02265101 
774 150 12 14 0.022607148 
985 246 24 28 0.022552917 
551 79 8 10 0.022504648 
541 32 8 10 0.022432873 
974 210 11 14 0.022416057 
841 301 10 11 0.022367159 
878 173 9 12 0.022333039 
847 222 10 13 0.022325145 
1003 186 12 14 0.0222961 
439 232 7 9 0.022289095 
861 187 10 12 0.022219433 
840 294 9 12 0.022190291 
814 214 9 12 0.022178043 
951 140 11 13 0.022126958 
535 23 8 10 0.022067338 
981 213 11 14 0.022053301 
706 196 10 14 0.022047814 
168 302 10 12 0.02199427 
924 198 9 11 0.02196911 
1014 244 11 14 0.021966143 
926 135 8 10 0.021935863 
206 316 9 14 0.021925552 
864 104 8 9 0.021876644 
713 121 9 12 0.021863863 
958 191 9 11 0.021807512 
794 398 12 14 0.021746483 
632 293 10 12 0.021742724 
950 251 9 13 0.021725515 
744 182 8 10 0.021723967 
897 103 8 10 0.02167822 
543 69 8 10 0.02166 
724 207 10 12 0.0216555 
178 322 12 16 0.021643363 
509 107 9 12 0.021636821 
710 150 8 10 0.021515332 
6 327 20 25 0.02149839 
805 262 10 13 0.02140152 
902 254 9 10 0.021395747 
1003 196 21 30 0.021294849 
736 269 9 11 0.021290122 
528 30 9 11 0.021252768 
841 182 9 12 0.021242354 
473 240 8 10 0.02121981 
839 161 9 11 0.021212604 
941 151 8 11 0.021131493 
976 148 9 12 0.021092016 
85 318 12 15 0.021049056 
749 247 10 13 0.020950142 
704 247 10 12 0.020935144 
200 352 10 12 0.020861385 
713 158 10 11 0.020840628 
832 127 8 10 0.02083128 
488 63 11 14 0.020818524 
534 140 10 13 0.02078674 
667 301 13 17 0.020760026 
880 111 8 11 0.020743474 
775 162 11 15 0.020729639 
990 218 11 14 0.020724384 
862 120 8 9 0.020710604 
800 255 10 12 0.020693112 
791 216 9 11 0.020686308 
474 245 8 9 0.020667225 
920 222 11 13 0.020546071 
800 221 10 13 0.02052596 
937 198 9 11 0.020457404 
535 36 11 13 0.020398246 
525 63 8 10 0.020391593 
895 269 11 13 0.02037528 
417 52 9 12 0.020297097 
490 69 12 15 0.020274082 
521 159 9 12 0.020251563 
704 261 11 13 0.02017911 
912 246 10 12 0.020155026 
927 127 8 10 0.020140415 
783 255 8 10 0.020133229 
104 301 9 12 0.020131567 
757 127 10 11 0.020124359 
896 134 9 10 0.020111661 
817 88 7 10 0.020099081 
816 137 8 10 0.02009869 
897 109 8 10 0.02009186 
918 191 10 12 0.020085683 
839 150 9 10 0.020066729 
445 42 13 15 0.020060038 
727 172 9 12 0.020025322 
493 253 8 10 0.020022847 
