6_Funeral_Funeral_6_77
473
332 338 25 27 0.9619962 
583 361 23 25 0.90909386 
549 358 16 21 0.89604783 
85 354 19 23 0.83789873 
182 369 14 18 0.827632 
946 505 19 25 0.82261693 
427 364 15 18 0.817948 
607 350 23 27 0.78594077 
926 496 16 23 0.7685622 
911 437 13 16 0.65772665 
478 374 13 17 0.62612826 
637 371 15 19 0.6197986 
493 353 17 19 0.5886462 
799 375 11 15 0.5837567 
446 356 13 18 0.5636842 
919 357 9 12 0.5626928 
358 358 24 28 0.5619597 
72 330 15 18 0.56134707 
915 466 15 18 0.54473567 
948 411 21 27 0.52355 
531 375 16 19 0.4871313 
1006 566 16 23 0.47843096 
982 516 22 28 0.4594185 
909 510 16 21 0.44568536 
926 541 16 19 0.43940142 
853 361 11 14 0.42994243 
988 429 11 14 0.40906683 
824 373 10 13 0.40293548 
734 373 11 14 0.39364937 
114 367 16 20 0.3817202 
899 401 12 16 0.37031 
768 360 9 11 0.35550898 
199 398 10 14 0.2696283 
10 373 16 19 0.26857492 
940 498 19 27 0.2675375 
805 374 11 14 0.25461125 
170 330 15 18 0.24373598 
404 348 11 13 0.24318346 
975 519 16 23 0.23215182 
131 364 14 17 0.22116676 
198 349 10 12 0.21710558 
945 379 9 13 0.21364005 
282 380 13 15 0.21193074 
315 370 13 17 0.21059039 
871 371 10 12 0.20414636 
462 458 10 14 0.19333844 
999 537 22 27 0.19190463 
222 369 14 15 0.18932827 
189 347 11 13 0.1888335 
740 374 13 15 0.17671782 
36 370 16 19 0.17197043 
823 407 9 12 0.17029709 
892 443 12 15 0.15876828 
0 397 7 13 0.15382695 
963 610 16 18 0.15337728 
993 624 15 18 0.15229166 
43 377 12 15 0.14738502 
434 363 15 18 0.1457554 
748 378 11 14 0.13398553 
997 457 15 19 0.13386339 
992 527 24 29 0.1336088 
897 432 9 11 0.132756 
842 414 9 11 0.1311779 
727 409 13 15 0.12863313 
502 392 13 17 0.12812422 
824 413 9 12 0.12587969 
999 570 23 34 0.12105775 
895 437 11 14 0.11860918 
723 364 13 17 0.11832852 
190 323 10 12 0.11535386 
667 364 13 16 0.11505203 
727 372 10 13 0.11286584 
634 381 17 20 0.11188827 
147 370 15 18 0.10921743 
293 386 13 17 0.107154705 
224 397 9 11 0.10183549 
508 386 14 18 0.09897843 
793 373 10 13 0.097723804 
815 373 10 13 0.097658135 
584 386 13 15 0.09320504 
830 368 9 12 0.09095499 
735 367 12 16 0.08934645 
262 382 10 14 0.08874381 
940 445 10 12 0.08751085 
125 347 10 13 0.086968094 
123 367 14 18 0.08404406 
78 418 43 51 0.08381777 
691 365 12 15 0.08280029 
468 391 13 16 0.082582496 
939 634 16 21 0.08195767 
974 447 15 19 0.081044465 
404 352 14 18 0.08055626 
455 380 11 13 0.0799734 
332 351 23 30 0.07963563 
280 386 12 14 0.079109855 
182 343 12 15 0.07876828 
690 372 13 14 0.0773235 
294 395 12 15 0.07618067 
924 356 9 12 0.07496348 
1008 420 13 14 0.07495494 
254 381 12 15 0.07311148 
362 352 17 19 0.07303611 
286 386 11 15 0.07267935 
240 383 9 11 0.07165094 
111 384 14 17 0.0716482 
500 359 14 16 0.071110815 
507 355 12 16 0.07069923 
1003 454 13 18 0.070456706 
205 366 10 14 0.06855067 
247 387 9 12 0.06768675 
585 347 41 48 0.067425564 
879 365 9 11 0.066850774 
551 536 7 9 0.065908186 
66 361 15 19 0.06530335 
916 449 17 19 0.0652662 
1005 555 19 27 0.06518218 
948 376 9 12 0.06473751 
986 465 17 21 0.06372305 
924 545 23 25 0.063500755 
732 405 13 17 0.06322527 
912 472 12 16 0.06310053 
981 396 9 11 0.061868377 
108 373 22 25 0.061791055 
880 358 10 13 0.061721563 
268 380 11 15 0.061404414 
904 437 10 14 0.06101333 
995 429 10 13 0.05989757 
886 475 10 12 0.059459146 
897 351 9 12 0.059386764 
954 480 16 21 0.059093542 
439 355 15 19 0.058375973 
18 379 13 14 0.058263447 
887 509 11 16 0.057995178 
187 357 14 15 0.057852738 
795 410 17 19 0.05761082 
139 364 14 17 0.057436675 
416 428 25 31 0.05671665 
702 386 14 18 0.05511023 
770 364 11 13 0.05506972 
400 341 13 17 0.05471431 
991 375 11 14 0.054579735 
133 344 8 10 0.05401548 
517 354 12 15 0.05393513 
185 320 10 12 0.053232852 
528 333 13 15 0.052457336 
156 370 12 17 0.052349728 
840 408 10 12 0.051643886 
850 359 10 13 0.051515535 
198 365 13 15 0.051179737 
133 349 10 12 0.051147066 
515 380 12 16 0.050727632 
903 514 16 20 0.05045468 
465 395 12 17 0.050423678 
216 367 11 14 0.050301842 
905 375 10 12 0.04927476 
877 472 10 12 0.048384625 
885 365 8 10 0.04815774 
464 405 11 14 0.04815563 
100 381 13 16 0.048103288 
914 565 23 26 0.048036106 
895 477 11 13 0.047671113 
627 354 14 17 0.04705794 
405 362 13 16 0.04697436 
721 381 10 13 0.04692807 
853 473 12 13 0.046867773 
1013 379 10 14 0.04651615 
948 487 22 30 0.04648932 
0 373 9 14 0.046266433 
707 383 11 14 0.046232156 
228 391 9 12 0.04618052 
909 379 10 12 0.045989968 
719 355 15 19 0.045830958 
472 377 13 17 0.045623902 
414 363 11 14 0.04500506 
735 399 11 13 0.044984486 
242 388 9 11 0.044943016 
303 373 12 15 0.044940386 
334 366 15 20 0.04447417 
845 373 11 13 0.044397935 
100 360 14 19 0.044369295 
119 346 12 15 0.04393659 
35 359 17 19 0.043818638 
198 335 10 12 0.042749163 
486 362 13 16 0.042678326 
0 426 9 14 0.04266902 
955 595 13 16 0.042362396 
973 569 16 19 0.04215329 
460 380 11 15 0.041823998 
975 389 11 12 0.041708022 
397 364 13 16 0.041643046 
468 411 11 13 0.04142829 
994 630 17 19 0.041382223 
610 364 18 21 0.041325614 
732 368 19 23 0.04113368 
580 376 23 28 0.041058216 
313 332 11 15 0.040830005 
760 398 11 15 0.040422738 
918 538 15 18 0.040414467 
1007 380 11 13 0.04039341 
456 461 12 15 0.04026878 
979 391 10 12 0.040190734 
32 378 12 15 0.040127505 
546 536 7 10 0.039835773 
838 373 9 12 0.03974795 
623 358 23 28 0.039500535 
626 293 37 40 0.039431825 
664 369 13 17 0.039392434 
560 527 7 9 0.039387334 
111 351 22 27 0.03930651 
271 396 10 13 0.039294627 
172 342 13 17 0.03927775 
61 357 13 17 0.039186623 
992 412 9 11 0.03871873 
51 328 15 18 0.038101044 
20 412 12 15 0.03785775 
691 378 25 31 0.03768201 
762 360 9 11 0.03766746 
179 332 12 15 0.037443183 
413 371 11 15 0.037412327 
668 378 10 13 0.037409805 
902 469 11 15 0.037397128 
980 427 19 23 0.037193738 
1006 372 13 16 0.03705319 
405 371 12 13 0.036866333 
141 374 17 20 0.036812395 
198 355 12 14 0.036793776 
387 385 14 18 0.03666555 
543 332 12 14 0.036630813 
723 388 11 13 0.036358915 
345 353 26 32 0.03631376 
368 356 16 19 0.03606638 
920 498 13 20 0.035851583 
710 372 10 12 0.035810675 
191 330 10 14 0.035772774 
920 461 17 20 0.035499126 
901 484 12 14 0.035488006 
61 332 12 15 0.035206176 
216 341 9 10 0.035132043 
38 386 12 15 0.035102747 
954 555 17 19 0.03507288 
215 399 9 12 0.034857918 
203 396 13 16 0.03480453 
947 405 17 19 0.03479839 
982 471 17 19 0.034670733 
641 366 23 28 0.034645908 
663 357 15 18 0.034476783 
777 423 10 12 0.034393273 
896 483 11 14 0.03433079 
388 340 14 17 0.034247555 
422 389 9 11 0.033876248 
561 48 169 249 0.033657778 
192 398 11 14 0.033611633 
560 520 6 9 0.033400476 
269 387 11 14 0.033358943 
96 385 12 14 0.03335384 
966 638 11 12 0.03316547 
983 375 11 13 0.033053387 
910 503 13 18 0.032903153 
453 386 11 15 0.03283931 
790 368 9 12 0.03276288 
845 407 12 13 0.032672975 
635 393 16 21 0.032554965 
997 375 10 13 0.032347914 
827 406 10 12 0.032307647 
509 372 14 18 0.03225346 
693 391 14 19 0.032244075 
531 338 12 15 0.03213606 
847 474 10 12 0.031972274 
568 389 10 15 0.031919736 
555 353 20 26 0.031901717 
943 401 14 17 0.031725727 
228 397 10 11 0.03172277 
923 555 23 26 0.031678643 
860 359 9 13 0.03151609 
891 509 21 28 0.031514253 
846 381 9 11 0.031305306 
830 421 10 12 0.031240974 
572 387 12 16 0.031158116 
640 567 9 11 0.031156482 
111 343 12 16 0.03090683 
933 514 24 30 0.030805562 
990 544 15 19 0.030760761 
1011 396 12 15 0.03067776 
756 371 13 16 0.030648446 
199 390 13 17 0.030540094 
913 517 15 23 0.03051852 
856 410 11 13 0.030368337 
939 483 23 29 0.030257175 
496 386 15 19 0.030242488 
280 374 12 16 0.030114079 
125 357 13 17 0.03009047 
1001 563 15 20 0.0299844 
974 546 14 18 0.029653443 
996 381 10 12 0.029649848 
949 350 12 15 0.029648121 
901 476 11 14 0.029578129 
692 356 14 15 0.029281631 
479 432 12 15 0.02923407 
452 468 12 15 0.02921453 
61 369 16 18 0.029211175 
536 367 19 23 0.028822681 
262 395 11 14 0.02867184 
221 379 12 14 0.028650386 
944 516 23 32 0.028563667 
4 386 13 16 0.028475832 
25 318 9 11 0.028456619 
866 372 9 12 0.028310401 
390 365 13 16 0.028235635 
822 367 18 23 0.028214881 
734 335 9 11 0.028177857 
469 312 13 15 0.028168282 
889 404 10 14 0.027979055 
902 356 8 11 0.027854646 
740 386 13 15 0.027847275 
976 515 36 45 0.027822044 
789 403 15 17 0.027779022 
458 355 12 17 0.027672186 
862 364 10 13 0.027608342 
879 341 10 11 0.027373884 
165 371 12 17 0.027346082 
933 602 15 19 0.027324764 
493 340 15 16 0.027307931 
808 369 10 13 0.027241483 
686 369 23 30 0.027071532 
971 672 15 16 0.027012084 
261 407 12 14 0.026989132 
671 388 10 12 0.026888028 
1008 543 16 23 0.02677503 
888 493 10 15 0.026750255 
46 338 15 19 0.026739867 
903 556 13 16 0.026714228 
871 415 10 11 0.0267116 
887 397 10 14 0.026708556 
1004 415 20 25 0.026634004 
204 359 10 12 0.0265445 
911 461 14 20 0.026424758 
216 350 10 11 0.026414087 
140 351 11 12 0.026152411 
751 398 11 15 0.026080627 
942 438 10 14 0.026069745 
1013 445 9 13 0.026059002 
920 397 10 12 0.026013779 
447 389 10 13 0.025996253 
791 419 13 14 0.025962697 
907 528 15 20 0.025961883 
976 426 14 19 0.02592775 
252 417 12 15 0.02592186 
699 354 13 15 0.02587051 
892 448 14 18 0.025780505 
197 320 10 11 0.025763575 
960 383 9 11 0.02571713 
267 375 19 25 0.025673032 
957 637 11 14 0.025569143 
887 499 12 18 0.02551253 
293 375 19 25 0.02549765 
1012 160 12 19 0.025494402 
785 403 10 15 0.025491808 
972 381 14 15 0.025477149 
989 508 17 22 0.025423117 
837 366 9 12 0.025419936 
175 336 20 26 0.025412979 
885 423 10 13 0.025354149 
834 446 8 11 0.025226941 
881 318 9 11 0.025184862 
879 423 10 13 0.025105797 
784 368 9 12 0.025100846 
814 420 12 14 0.025099797 
883 558 13 17 0.025070889 
967 383 11 13 0.025049603 
1005 403 14 16 0.024894293 
924 397 11 13 0.02480193 
916 505 22 30 0.02480049 
727 336 10 12 0.024529235 
53 378 12 15 0.024517942 
617 366 25 30 0.024469094 
422 359 14 18 0.02442216 
1 332 11 15 0.024324698 
232 404 10 12 0.02415193 
278 393 11 14 0.024091832 
587 390 15 19 0.024041234 
499 379 20 25 0.024023587 
570 393 14 20 0.023986012 
305 369 19 26 0.023851654 
859 406 13 15 0.023850087 
887 458 11 15 0.023819897 
0 379 10 16 0.023782713 
1005 383 21 28 0.023716087 
845 421 11 14 0.023622347 
998 388 11 14 0.023595644 
181 354 22 25 0.023558673 
141 358 12 15 0.023491517 
982 645 14 17 0.023436975 
722 367 18 24 0.023367995 
722 341 12 14 0.02330642 
4 258 12 14 0.023186661 
25 300 9 12 0.023097977 
929 534 17 20 0.023073345 
221 351 10 13 0.023067998 
271 360 9 12 0.023065904 
176 366 14 16 0.023039497 
921 478 22 29 0.023026051 
118 342 20 24 0.022870421 
940 466 16 18 0.02280812 
185 344 20 22 0.022788735 
957 595 23 26 0.022737052 
764 434 12 15 0.022676913 
43 384 13 16 0.02264358 
51 346 15 17 0.02261619 
464 519 9 12 0.022606505 
518 373 11 17 0.02246326 
1012 364 12 17 0.022407018 
115 392 13 17 0.022336133 
457 454 19 26 0.02226735 
174 321 10 12 0.022254169 
100 380 24 26 0.022204986 
738 402 14 17 0.022178354 
25 379 24 27 0.022177318 
556 396 13 16 0.022091912 
438 398 11 12 0.021972027 
789 428 13 15 0.021945942 
55 354 13 17 0.02184787 
445 342 12 14 0.021831704 
803 417 13 15 0.021828786 
478 405 10 14 0.021744192 
945 355 11 15 0.021734798 
622 377 11 14 0.021612322 
207 327 10 11 0.021522732 
903 433 17 22 0.021515293 
751 360 8 11 0.021379689 
430 349 12 15 0.021365648 
916 530 14 20 0.021238338 
199 378 13 16 0.02122183 
855 460 10 12 0.021154873 
735 381 24 26 0.021117117 
816 411 11 15 0.021089958 
318 366 18 25 0.021069005 
517 434 14 19 0.021059325 
338 370 22 29 0.021044368 
998 81 11 15 0.021008564 
582 301 12 14 0.020983828 
186 373 14 18 0.0209761 
324 358 20 28 0.020973956 
952 420 25 31 0.020843305 
718 405 12 17 0.02083049 
806 389 11 13 0.02076104 
30 387 12 15 0.020760152 
817 405 11 13 0.020748494 
381 364 12 16 0.020745285 
701 348 14 17 0.020686142 
997 395 12 14 0.020645844 
422 332 11 15 0.020629354 
127 332 10 12 0.020619389 
929 608 24 34 0.020586703 
166 365 12 15 0.020564195 
992 396 11 14 0.020507995 
230 335 9 12 0.020499656 
915 353 18 22 0.020453751 
916 404 12 14 0.020429803 
790 388 11 14 0.02042552 
58 375 21 26 0.020416308 
398 335 12 15 0.02041202 
871 418 12 15 0.020368923 
718 452 10 14 0.020319136 
824 479 9 11 0.020308658 
315 338 12 14 0.020282181 
256 376 18 24 0.020206213 
930 466 15 19 0.020191915 
906 473 23 28 0.020163719 
708 450 15 19 0.020128366 
207 300 102 124 0.020059103 
1011 459 11 16 0.020049157 
909 481 13 17 0.020046236 
613 377 12 15 0.020007433 
