6_Funeral_Funeral_6_109
113
122 216 31 40 0.9995116 
355 225 24 31 0.9986267 
388 311 27 35 0.9968766 
195 213 32 38 0.99670464 
716 293 22 29 0.9930936 
303 229 24 30 0.9919629 
778 229 17 20 0.9871997 
247 220 26 33 0.98704046 
423 238 22 29 0.9870235 
802 254 19 22 0.9824133 
459 224 22 29 0.9800417 
593 301 24 31 0.9783085 
303 197 21 27 0.9752892 
645 218 22 25 0.9693271 
618 220 18 23 0.96615225 
547 221 17 21 0.9661183 
915 220 20 24 0.9615289 
882 237 16 19 0.95868754 
411 205 19 23 0.95521617 
269 221 24 33 0.9503226 
520 232 20 25 0.9491085 
698 247 16 20 0.9437129 
369 204 20 26 0.9421203 
588 228 19 23 0.93878895 
568 210 16 20 0.924207 
455 303 20 25 0.9144382 
740 254 16 19 0.86997086 
716 254 15 19 0.85623175 
836 241 16 19 0.80657303 
486 215 20 23 0.77351075 
572 323 21 28 0.75142866 
660 300 20 23 0.7207383 
491 235 22 27 0.69850075 
564 238 12 16 0.601586 
982 217 16 18 0.46590662 
489 247 18 22 0.39189744 
501 230 20 27 0.3777737 
678 251 13 17 0.31304047 
899 265 13 16 0.23035873 
334 219 15 20 0.21671195 
860 262 12 17 0.21588558 
548 325 12 18 0.20571668 
710 236 11 13 0.18734932 
704 248 18 23 0.18288545 
835 275 13 16 0.17944282 
84 140 14 16 0.17153136 
361 210 23 32 0.1296464 
635 389 15 20 0.115340024 
828 266 15 19 0.105737135 
86 134 14 16 0.09739176 
630 255 14 18 0.0911129 
798 225 17 19 0.09090012 
158 221 21 28 0.068218306 
332 231 16 21 0.064910695 
860 255 10 14 0.06403876 
672 230 12 15 0.061534286 
543 278 11 14 0.06139626 
558 234 14 17 0.057028197 
839 259 23 29 0.05213051 
444 193 17 18 0.05027186 
426 373 16 22 0.045862794 
751 383 13 16 0.044795834 
522 172 11 15 0.041379593 
441 201 22 25 0.040856738 
223 197 14 18 0.040498786 
625 250 15 19 0.04021003 
709 375 16 17 0.040094294 
303 213 27 36 0.03914507 
487 232 18 22 0.03791002 
712 259 20 28 0.036687512 
509 189 13 15 0.0355957 
481 271 16 20 0.033778764 
854 217 13 18 0.033171557 
822 259 14 20 0.032712992 
712 276 11 15 0.03266853 
81 145 14 19 0.03126609 
556 210 18 25 0.031264864 
318 230 21 27 0.031146895 
827 3 52 64 0.029528694 
855 244 10 15 0.029278846 
754 210 15 17 0.02912564 
836 229 16 19 0.029063765 
548 239 13 17 0.028906891 
569 234 14 18 0.028298872 
856 195 12 14 0.027946793 
503 202 13 16 0.027718991 
591 195 13 15 0.026365094 
507 196 15 18 0.025703084 
852 260 18 26 0.02506187 
674 235 13 15 0.024707431 
525 177 12 15 0.024634754 
564 227 15 19 0.024509838 
582 316 23 29 0.024453571 
900 422 11 15 0.024398612 
395 208 16 21 0.023740135 
55 159 11 15 0.023739804 
162 155 25 31 0.022694288 
36 147 12 13 0.022556828 
854 236 11 15 0.022535287 
792 439 11 15 0.02251095 
137 218 26 34 0.022182189 
841 247 14 19 0.022140114 
685 242 19 25 0.021925062 
705 363 26 32 0.021864323 
831 247 14 19 0.021773035 
399 319 17 23 0.02160888 
586 328 16 21 0.021504754 
570 224 16 20 0.02111829 
354 103 37 41 0.021058353 
562 242 17 23 0.0210201 
251 -3 61 54 0.02062318 
318 117 11 13 0.020565884 
836 256 15 21 0.02048423 
