6_Funeral_Funeral_6_364
427
470 128 32 41 0.9983376 
170 137 33 41 0.99054235 
558 85 38 54 0.97848547 
6 602 14 20 0.5685316 
471 542 12 13 0.39589208 
356 556 10 12 0.37283403 
637 117 20 27 0.3299878 
308 656 15 20 0.3244062 
582 583 9 12 0.26911595 
615 624 9 13 0.26160875 
678 677 22 28 0.24419531 
29 598 13 16 0.2169571 
753 693 8 11 0.1956171 
501 578 10 12 0.19307727 
516 583 11 14 0.18154128 
496 646 10 12 0.17777453 
335 548 12 15 0.17490499 
485 582 10 12 0.17304708 
678 662 20 27 0.168113 
624 638 12 15 0.16421786 
8 581 9 12 0.15851288 
496 582 9 11 0.15786324 
364 576 9 11 0.14748278 
565 572 11 14 0.14648025 
598 572 13 18 0.14086126 
565 567 10 12 0.13981512 
366 628 9 12 0.13716564 
628 134 29 34 0.13091573 
623 594 11 14 0.12993425 
270 675 12 14 0.12885804 
72 97 11 14 0.12557743 
772 696 9 11 0.124037296 
584 566 10 12 0.11931689 
20 597 13 17 0.118548535 
125 595 15 21 0.11658788 
622 644 13 16 0.11514389 
315 664 15 20 0.11441676 
367 619 12 15 0.112335645 
585 572 9 12 0.11185529 
783 672 9 10 0.11167576 
604 577 13 16 0.11154497 
713 687 11 13 0.11095184 
119 604 12 18 0.11050665 
392 587 13 16 0.10790105 
14 597 12 20 0.10521233 
500 644 10 13 0.10160909 
272 629 12 16 0.10048331 
550 672 13 19 0.10003274 
448 543 11 12 0.09875196 
416 549 10 12 0.09321847 
564 711 10 13 0.09288855 
629 626 14 16 0.09241161 
270 650 12 15 0.090132795 
361 632 9 11 0.0886753 
528 566 9 12 0.086801514 
513 587 11 14 0.085277 
773 616 12 14 0.083398886 
362 580 9 11 0.0829351 
472 559 12 14 0.081355885 
340 542 10 12 0.08120459 
551 527 10 11 0.08017214 
446 556 15 17 0.08011001 
316 597 10 14 0.07926668 
807 563 10 14 0.07826577 
1 85 19 39 0.077346794 
451 548 10 12 0.07558652 
721 574 8 11 0.075091384 
417 543 9 11 0.07427991 
313 650 14 20 0.07414945 
350 614 8 12 0.07332663 
613 590 12 15 0.07198553 
750 579 12 15 0.06991362 
479 582 12 15 0.06872831 
133 641 16 21 0.06840171 
418 607 14 17 0.06676069 
452 583 15 18 0.06672328 
472 624 10 12 0.066144474 
285 539 10 12 0.0659292 
551 511 8 10 0.06488751 
738 677 9 12 0.06475558 
610 622 10 12 0.063099094 
302 691 25 33 0.062984765 
430 628 14 18 0.06287453 
317 645 12 15 0.06232871 
576 582 9 11 0.06134953 
290 572 11 13 0.061322186 
642 139 16 21 0.06121043 
369 613 13 16 0.059428036 
350 598 9 12 0.056643024 
757 688 9 12 0.05605761 
2 581 9 14 0.055034127 
486 536 9 10 0.054494783 
611 580 11 14 0.053991877 
327 556 9 12 0.053820007 
326 570 11 13 0.053615123 
606 526 10 12 0.052906103 
769 613 10 14 0.052693177 
518 642 11 12 0.052349877 
313 518 8 11 0.051885445 
788 671 9 10 0.051628888 
825 672 10 12 0.05114679 
614 667 24 31 0.05104028 
421 658 16 20 0.05096519 
50 682 14 18 0.050501157 
365 638 11 13 0.05032963 
776 676 10 13 0.050167095 
206 587 15 20 0.049297526 
791 610 13 16 0.049231954 
448 621 10 12 0.048680034 
509 556 9 11 0.04866913 
1008 692 10 12 0.048329987 
383 576 9 11 0.048306167 
32 575 10 12 0.048015974 
843 588 16 20 0.0473295 
508 550 10 13 0.04706883 
694 649 14 16 0.04682483 
688 682 17 21 0.046496484 
613 658 14 17 0.045956008 
619 621 14 17 0.045874942 
344 567 9 12 0.04557242 
397 550 8 11 0.04541006 
288 566 12 14 0.04493205 
327 532 8 11 0.044530395 
458 581 13 17 0.04440951 
312 611 12 14 0.04419509 
423 581 13 16 0.04417648 
566 605 11 13 0.044125583 
439 610 12 14 0.04403567 
789 540 8 10 0.043634295 
788 655 9 10 0.043332994 
614 651 14 17 0.043157917 
626 651 12 15 0.042883668 
780 611 13 18 0.042873275 
552 573 9 13 0.042804632 
382 598 11 15 0.042655215 
568 517 8 11 0.042478748 
346 518 8 10 0.042413592 
807 677 9 12 0.04239749 
607 566 12 15 0.042342257 
591 571 10 14 0.0418367 
344 525 10 11 0.04155119 
367 644 11 12 0.041490003 
767 655 8 11 0.041390583 
360 636 9 11 0.04121366 
336 581 10 14 0.041013375 
415 587 10 13 0.040980633 
511 543 9 10 0.040278897 
317 517 9 12 0.040090255 
73 582 10 12 0.039652526 
785 541 9 10 0.039608464 
761 612 9 13 0.039580587 
527 631 10 13 0.039508082 
746 588 14 17 0.039473925 
571 605 13 16 0.03941422 
706 13 9 12 0.039262462 
493 586 10 12 0.039088406 
467 541 10 13 0.038843766 
767 701 10 12 0.038791507 
487 551 10 12 0.03796425 
354 495 8 10 0.037772164 
798 573 11 15 0.03764938 
408 551 10 13 0.037604727 
431 626 22 28 0.03758267 
618 117 25 30 0.03728099 
792 618 12 15 0.037062787 
1 609 10 15 0.03701687 
222 541 15 19 0.03686453 
583 518 8 10 0.036843173 
611 116 17 22 0.03683839 
518 575 11 13 0.036833085 
476 627 10 13 0.036494605 
575 566 9 12 0.03623954 
373 605 11 14 0.036075287 
352 592 9 12 0.03582769 
363 588 12 14 0.03579614 
525 670 13 16 0.035792846 
566 561 9 11 0.035710614 
736 695 8 11 0.035531197 
312 602 13 16 0.035516743 
711 677 10 12 0.035431642 
309 543 9 11 0.035026178 
4 585 14 18 0.03501717 
636 623 12 15 0.034975074 
345 513 6 8 0.034631148 
744 653 9 11 0.03441659 
544 549 8 11 0.03438283 
572 574 9 12 0.034297712 
789 661 8 11 0.034222003 
277 602 14 18 0.03401003 
589 566 10 13 0.033982676 
599 110 24 29 0.03389973 
727 549 9 11 0.03367755 
545 512 7 8 0.033598363 
713 574 9 11 0.033203945 
743 647 9 11 0.033179056 
608 594 13 16 0.032984868 
582 560 10 12 0.032934926 
525 637 11 13 0.032919563 
719 661 9 13 0.032869805 
6 621 13 15 0.032773275 
360 542 8 11 0.03262535 
407 612 10 14 0.032527227 
559 560 9 12 0.032302514 
568 598 10 13 0.03223921 
749 637 10 12 0.032195706 
496 576 11 12 0.032179635 
598 567 11 15 0.032161113 
691 666 15 19 0.032092974 
575 588 10 11 0.03206703 
685 655 10 13 0.031933863 
252 577 14 20 0.0318827 
630 121 18 22 0.031689566 
391 593 13 16 0.031451207 
140 597 10 13 0.03131822 
417 582 10 14 0.031245338 
40 573 12 15 0.031239105 
505 565 10 12 0.0312167 
343 534 10 12 0.031169731 
462 558 9 12 0.031140465 
166 120 25 41 0.03108019 
472 587 12 15 0.030968925 
141 554 17 21 0.030741055 
243 530 23 31 0.030706376 
620 629 20 24 0.030467328 
495 534 8 11 0.030338176 
262 667 12 15 0.029989433 
363 621 10 14 0.029966844 
308 706 16 25 0.029950278 
772 700 11 12 0.029935826 
526 587 8 12 0.029710408 
610 571 13 16 0.029511873 
505 544 9 11 0.029385734 
352 633 9 11 0.029363798 
719 679 9 11 0.029296247 
71 598 11 15 0.029255573 
366 596 10 12 0.029229807 
760 662 9 11 0.029182216 
431 624 10 14 0.029082777 
561 619 49 58 0.028979046 
486 630 10 12 0.028959244 
134 630 15 17 0.028942585 
207 617 11 13 0.02890965 
310 645 15 18 0.028817594 
783 695 9 10 0.02872647 
781 675 9 12 0.028527904 
274 669 13 17 0.028444704 
510 642 11 13 0.028344415 
773 565 8 11 0.02834132 
590 709 12 13 0.028287364 
28 606 15 17 0.028276708 
391 619 11 14 0.028266203 
738 684 9 12 0.028259732 
575 536 8 9 0.02820049 
745 572 11 14 0.028195327 
328 549 11 14 0.028145632 
444 606 10 14 0.028088063 
562 604 10 13 0.028076869 
475 546 11 13 0.028053172 
551 518 9 11 0.02792593 
816 635 8 11 0.027847927 
375 502 8 11 0.027794056 
435 581 13 16 0.027540818 
439 638 15 20 0.027521012 
598 628 11 15 0.02751712 
734 653 9 12 0.02738978 
1001 687 10 13 0.027355686 
261 661 11 15 0.02729104 
53 592 16 21 0.027239347 
112 605 12 15 0.027221574 
576 559 9 12 0.02720907 
31 591 14 17 0.02717871 
831 581 9 12 0.027160171 
615 633 11 16 0.027124984 
486 576 10 12 0.027097533 
12 606 13 17 0.026974466 
360 612 9 13 0.026866637 
451 561 13 16 0.026866507 
44 574 15 19 0.026857575 
783 686 8 10 0.026831316 
384 623 9 12 0.026701823 
461 575 11 15 0.02669111 
288 633 12 16 0.02659386 
201 575 24 35 0.026509877 
766 661 8 10 0.026457256 
575 623 9 10 0.026442682 
789 599 20 26 0.026217153 
428 584 15 18 0.02616219 
214 538 26 31 0.026148504 
414 553 11 14 0.026119558 
830 597 12 14 0.026022892 
648 120 15 21 0.026003806 
750 568 12 14 0.025873007 
761 702 9 11 0.025830006 
349 573 10 12 0.025735414 
723 678 10 12 0.025690323 
167 653 10 12 0.025600232 
487 662 11 14 0.025516957 
292 541 10 13 0.025497489 
24 556 9 12 0.025380863 
760 655 10 12 0.025330804 
230 610 16 21 0.025213743 
61 609 14 18 0.025115846 
511 595 12 16 0.024983613 
407 581 10 13 0.024901008 
454 575 13 15 0.02466224 
524 618 13 15 0.02464781 
519 540 8 10 0.024586443 
350 603 10 14 0.02454678 
415 628 12 15 0.024451079 
767 636 11 12 0.024420464 
357 562 10 13 0.02426266 
517 557 9 12 0.024212454 
327 602 10 13 0.02417643 
535 543 9 11 0.024126453 
353 500 8 11 0.02410981 
838 599 13 18 0.024047252 
798 627 10 12 0.024035068 
329 512 7 10 0.024021693 
782 631 10 11 0.023986477 
727 660 10 14 0.023956481 
736 647 9 12 0.023928246 
774 632 11 12 0.023927275 
767 709 9 11 0.023895344 
390 604 10 13 0.023750342 
162 621 13 17 0.023742074 
725 636 11 12 0.023686605 
509 575 11 13 0.023658797 
646 614 9 11 0.02361256 
317 591 10 13 0.02358583 
270 576 9 13 0.023582203 
551 548 8 11 0.023538996 
465 547 10 13 0.023404365 
622 612 12 14 0.023398567 
617 590 20 23 0.023386693 
761 543 8 10 0.023356495 
357 605 11 15 0.023319354 
385 629 9 12 0.02326878 
727 591 10 13 0.023261445 
493 650 12 14 0.02323837 
608 614 11 14 0.023191996 
603 575 22 25 0.023174973 
574 495 8 10 0.023070179 
291 578 12 14 0.023066483 
601 509 11 14 0.023008723 
405 604 12 15 0.022907294 
126 619 13 17 0.022890931 
268 581 11 14 0.022833858 
362 659 13 14 0.022828447 
655 491 13 16 0.022820788 
537 548 9 11 0.022638638 
784 573 10 12 0.022608295 
382 526 8 10 0.022604762 
833 589 24 29 0.022585234 
636 635 12 15 0.022543723 
277 658 12 17 0.022426108 
449 536 10 11 0.022413347 
124 607 14 18 0.022394927 
716 93 10 12 0.022372585 
571 641 17 21 0.022353524 
784 704 9 11 0.022259511 
630 511 10 12 0.022096606 
560 598 10 13 0.022092028 
598 586 12 14 0.022069873 
780 637 11 13 0.02203018 
800 564 11 15 0.02200684 
38 655 10 12 0.021869922 
239 564 13 17 0.021852741 
759 621 9 12 0.021848785 
509 577 18 23 0.02179868 
324 660 11 15 0.021759288 
774 637 11 14 0.021739434 
261 636 12 15 0.021719746 
569 525 8 10 0.021617157 
561 568 19 23 0.021570772 
821 595 12 14 0.021570463 
492 660 12 15 0.021570181 
504 586 10 13 0.02151943 
745 581 11 14 0.021498797 
774 573 9 11 0.02146036 
501 650 12 15 0.021373592 
428 575 12 15 0.021372085 
624 508 9 12 0.021360662 
377 581 8 11 0.02128459 
269 657 13 17 0.021261496 
797 597 12 15 0.021256449 
533 615 10 13 0.0212545 
277 581 10 14 0.021252915 
777 709 9 12 0.021236487 
578 577 19 24 0.0212309 
782 709 9 11 0.02113526 
409 543 9 10 0.02108672 
358 535 7 10 0.02106515 
769 610 21 25 0.021064585 
385 658 17 19 0.021049408 
517 551 9 11 0.021027798 
705 9 8 10 0.020965975 
324 694 12 16 0.020938007 
560 590 9 12 0.020928264 
558 511 8 10 0.020882888 
654 485 22 26 0.020791655 
590 675 12 14 0.020781228 
231 571 10 14 0.02073076 
432 542 10 12 0.020713123 
571 635 28 34 0.020704042 
273 518 9 12 0.02069147 
291 659 14 18 0.020673206 
358 595 11 14 0.020588199 
557 534 8 10 0.02052499 
646 498 11 14 0.020522831 
623 604 11 13 0.020484919 
576 628 9 11 0.02044457 
500 676 12 15 0.020387208 
479 536 9 12 0.020383691 
569 496 8 10 0.020354979 
455 527 9 11 0.020344902 
553 567 9 12 0.020324115 
318 665 21 28 0.020323556 
173 624 14 18 0.020298174 
238 533 17 24 0.02026582 
304 544 10 12 0.020259257 
159 626 13 16 0.020255098 
776 14 8 10 0.020198965 
532 572 9 11 0.020152507 
180 525 22 28 0.02012993 
526 509 9 11 0.020072594 
358 495 7 10 0.020010319 
391 511 10 11 0.020009018 
