6_Funeral_Funeral_6_745
33
92 398 122 147 0.9999019 
527 476 111 137 0.9998116 
776 524 116 127 0.9998084 
418 166 119 174 0.9997013 
540 206 103 147 0.99961036 
765 389 117 144 0.9937835 
108 271 126 113 0.27253217 
474 196 116 157 0.048443682 
254 143 9 11 0.038096257 
370 623 7 10 0.028677396 
319 93 8 11 0.027330069 
369 607 8 9 0.025820676 
297 151 7 8 0.025202129 
374 621 8 11 0.024870263 
249 145 7 9 0.024732701 
280 145 8 9 0.02464044 
320 566 7 9 0.024477193 
341 624 8 9 0.024129258 
246 120 7 9 0.023524255 
344 174 8 10 0.02303794 
280 128 7 9 0.023014875 
281 150 8 9 0.022834944 
242 120 7 9 0.02257561 
291 1006 22 27 0.022487314 
26 70 8 11 0.021905232 
296 120 7 9 0.021596279 
287 144 7 9 0.02114816 
314 1020 17 20 0.020834167 
103 315 123 185 0.020547044 
273 135 7 9 0.020540323 
16 40 7 8 0.020457674 
25 88 7 10 0.020447088 
30 71 8 11 0.020402145 
