6_Funeral_Funeral_6_572
33
499 339 30 38 0.9997054 
654 340 31 39 0.99948883 
610 300 34 42 0.99944955 
339 322 28 37 0.9994018 
795 291 32 40 0.99935013 
286 344 28 35 0.9992368 
553 295 31 38 0.999201 
415 343 31 35 0.9991559 
228 356 29 34 0.9991326 
546 352 30 38 0.9990889 
354 368 29 35 0.99886924 
738 315 33 42 0.99853134 
163 363 26 34 0.9980001 
396 537 12 15 0.099101655 
981 569 12 14 0.054890405 
1005 565 11 15 0.0465564 
917 566 8 10 0.043621194 
896 549 10 11 0.03679511 
912 520 10 12 0.036117975 
977 568 10 13 0.03307046 
879 598 10 12 0.02972426 
425 582 8 10 0.028804502 
796 567 12 15 0.028275885 
1014 570 9 13 0.027484642 
343 396 13 16 0.026993942 
1007 619 11 13 0.02603531 
958 568 8 10 0.025696326 
864 597 8 10 0.022902591 
988 566 10 13 0.02264219 
984 535 9 11 0.021330863 
200 288 394 475 0.021009032 
960 539 12 15 0.020609394 
470 508 15 18 0.020607775 
