3_Riot_Riot_3_166
124
581 641 390 470 0.51691043 
37 272 86 112 0.4751918 
643 76 15 20 0.3568735 
857 158 32 41 0.27645272 
639 413 388 520 0.25659534 
477 222 352 450 0.24196938 
649 127 33 43 0.21725923 
695 456 105 138 0.15476714 
594 152 46 65 0.14919144 
643 11 29 33 0.1325777 
373 75 32 46 0.12244303 
178 133 29 31 0.121882975 
923 368 105 139 0.102731846 
435 15 382 450 0.09997608 
453 344 42 53 0.09432642 
186 112 35 38 0.08832 
0 378 42 85 0.0760884 
750 759 118 122 0.07543633 
259 248 387 495 0.070894204 
129 70 25 31 0.070192195 
595 51 25 37 0.068156496 
662 753 241 262 0.06578957 
680 754 100 121 0.06259432 
585 121 53 74 0.060974937 
691 287 324 399 0.06058202 
880 340 113 144 0.056976166 
563 30 47 57 0.055728566 
729 762 57 78 0.05540044 
567 859 170 149 0.054156225 
-1 119 20 38 0.051455062 
126 145 399 502 0.050635774 
557 51 25 37 0.05060471 
793 827 120 144 0.04844724 
402 615 413 526 0.046435077 
628 125 48 65 0.045631297 
658 3 30 35 0.045422535 
221 245 56 52 0.045141008 
999 195 23 34 0.043524884 
21 590 104 149 0.042785477 
905 79 49 59 0.042608004 
330 63 44 55 0.042387914 
727 735 98 120 0.042152226 
62 573 87 117 0.042075895 
964 919 45 79 0.041398816 
490 21 25 32 0.041354556 
95 158 25 29 0.041277986 
579 104 48 59 0.03893319 
268 65 24 34 0.03864971 
790 197 23 29 0.0371885 
0 339 30 50 0.036985163 
647 142 93 96 0.03663852 
589 92 88 107 0.035562173 
803 229 31 34 0.035365123 
69 236 26 34 0.034944005 
386 66 17 20 0.03439256 
865 169 43 52 0.034316804 
203 220 114 115 0.034252346 
194 116 19 20 0.03412511 
373 61 115 119 0.033193897 
30 193 24 28 0.032973584 
383 387 375 455 0.032877993 
1001 129 20 36 0.032495853 
728 22 25 28 0.031948708 
308 152 45 60 0.031133264 
272 86 30 39 0.030849967 
334 54 16 22 0.030731514 
11 301 85 119 0.030479731 
634 112 15 22 0.03005019 
580 139 77 102 0.029776212 
547 116 16 21 0.028946849 
661 614 245 293 0.028328264 
613 148 50 71 0.027974116 
73 186 19 24 0.027685344 
606 110 55 65 0.02762229 
553 104 46 60 0.027610581 
456 738 38 39 0.027505783 
870 833 58 71 0.027379345 
277 195 34 39 0.027111875 
525 490 351 408 0.02704823 
674 69 31 44 0.026488796 
942 39 40 48 0.026231715 
899 617 106 161 0.026223484 
638 60 27 33 0.025939398 
594 28 109 138 0.025794389 
572 105 32 38 0.025478026 
693 29 26 30 0.025417527 
419 76 32 32 0.025396967 
167 86 60 60 0.02534894 
891 695 29 45 0.024767695 
542 126 55 68 0.024397938 
832 883 98 119 0.024340188 
620 61 46 58 0.024185166 
234 230 53 52 0.024146197 
612 108 27 36 0.024077024 
518 768 263 253 0.024000673 
158 81 99 99 0.02386062 
230 147 36 35 0.02371273 
428 83 18 19 0.023654299 
2 345 53 84 0.023619756 
768 192 42 47 0.023399604 
168 141 29 29 0.023179611 
690 -74 355 447 0.022786772 
333 54 28 41 0.02267229 
540 32 46 59 0.022586945 
757 761 61 76 0.022103166 
555 100 12 15 0.02205461 
357 76 34 48 0.02197229 
875 184 47 56 0.021939414 
796 799 70 78 0.021775432 
212 256 37 40 0.021342013 
942 61 30 36 0.02127878 
672 0 30 36 0.02122736 
568 141 57 74 0.021151148 
631 83 103 116 0.020964665 
45 139 33 36 0.02092783 
721 450 69 85 0.02080504 
600 367 42 41 0.020782018 
727 786 38 63 0.020767111 
205 41 13 14 0.020732904 
927 66 51 64 0.0204093 
988 59 29 40 0.020337313 
849 821 37 52 0.020328177 
19 212 23 30 0.020183042 
71 723 200 249 0.020103475 
