3_Riot_Riot_3_186
29
209 27 66 76 0.98933583 
386 50 43 51 0.9884566 
790 142 17 21 0.71588516 
544 41 39 53 0.5873269 
611 -1 38 26 0.3407133 
167 158 14 20 0.26628196 
217 321 53 62 0.14325102 
332 25 42 50 0.113135025 
355 19 31 41 0.08645622 
757 116 13 16 0.07045772 
404 0 28 24 0.0656251 
627 50 94 110 0.060526203 
315 99 43 54 0.05726503 
664 54 91 122 0.047236633 
315 40 51 60 0.040707972 
349 1 36 36 0.03976851 
393 313 90 106 0.039601613 
784 144 15 21 0.038195867 
349 46 41 51 0.03732822 
553 22 49 60 0.037127595 
758 108 23 31 0.031533364 
335 235 51 56 0.026962737 
609 -1 59 60 0.026091024 
500 190 27 35 0.0241078 
746 95 48 64 0.023111021 
657 88 31 35 0.022852499 
568 12 53 59 0.02274752 
699 101 91 114 0.022234073 
577 20 31 35 0.02093574 
