3_Riot_Riot_3_710
61
613 78 60 60 0.99807006 
2 196 23 29 0.9773071 
494 171 63 84 0.9544266 
34 193 17 22 0.81930244 
970 130 53 86 0.65834516 
290 68 43 61 0.41788992 
62 178 13 16 0.18316132 
44 200 14 19 0.16928533 
50 202 14 18 0.16475248 
14 192 23 29 0.13889219 
953 117 45 67 0.13333625 
965 162 39 51 0.1313011 
26 180 14 17 0.11456712 
71 190 12 14 0.09626694 
698 0 53 77 0.08270785 
77 190 10 13 0.08206181 
569 150 48 63 0.077279545 
156 199 11 14 0.06484083 
42 179 14 18 0.058851123 
997 25 23 34 0.057090618 
85 188 11 13 0.0495113 
101 206 12 14 0.046936613 
79 375 9 13 0.046591833 
57 202 14 19 0.04282016 
729 7 51 71 0.039990712 
1001 328 23 41 0.036543544 
59 209 15 21 0.03574778 
576 144 34 43 0.034631975 
44 394 13 17 0.031557184 
133 182 9 12 0.031428542 
898 37 42 57 0.03103465 
52 429 19 20 0.030781066 
993 80 16 20 0.029890992 
241 76 46 53 0.029584264 
531 162 59 77 0.0291752 
202 113 31 40 0.028264878 
124 204 13 14 0.028065147 
62 196 12 16 0.027352426 
118 357 13 16 0.02715969 
21 185 22 27 0.02625725 
987 105 34 39 0.026163904 
0 260 12 18 0.02593293 
372 224 31 34 0.02578932 
69 216 15 20 0.025457384 
40 186 17 22 0.025391683 
67 191 19 24 0.025327409 
76 212 13 19 0.025156297 
0 180 10 13 0.024942942 
368 236 32 35 0.024764217 
56 178 12 17 0.024470022 
305 56 35 60 0.024462266 
502 103 24 29 0.024163136 
438 177 16 22 0.02302794 
942 120 35 55 0.02272811 
38 368 19 28 0.021907654 
122 362 16 18 0.021228896 
24 196 25 31 0.021011284 
67 176 13 15 0.02082482 
594 152 37 50 0.020778278 
651 403 39 50 0.02058108 
112 158 10 12 0.020350855 
