3_Riot_Riot_3_263
105
436 164 17 23 0.97175556 
478 164 22 29 0.91041577 
386 162 17 24 0.8999961 
419 164 15 20 0.81924367 
865 220 24 30 0.7931339 
6 130 22 29 0.71217567 
547 173 14 18 0.55239415 
207 143 15 21 0.49146795 
885 147 34 38 0.47632286 
349 143 12 17 0.3052818 
856 204 42 51 0.13319604 
540 330 55 52 0.08435808 
164 4 17 20 0.0821435 
630 130 125 143 0.081062645 
503 297 50 60 0.079046205 
777 147 62 71 0.07722733 
491 277 29 39 0.07230998 
664 489 36 41 0.0629321 
375 169 14 19 0.062402863 
195 91 14 18 0.05978565 
475 174 17 22 0.05849706 
275 146 13 16 0.05534921 
358 183 11 14 0.053537607 
117 113 23 30 0.051033083 
202 15 17 23 0.04919755 
827 198 33 44 0.048798047 
873 152 43 56 0.04873892 
527 178 13 16 0.048588995 
245 9 28 33 0.04685526 
392 110 7 9 0.046310265 
756 141 52 60 0.04627685 
111 115 39 50 0.042227283 
493 278 46 61 0.042204596 
661 165 14 15 0.041599844 
355 146 12 17 0.0411009 
268 139 14 19 0.039857417 
235 0 16 13 0.039004654 
517 305 57 63 0.036819782 
867 182 12 16 0.036653686 
364 123 15 19 0.03613431 
554 173 11 16 0.03546142 
0 104 11 20 0.032818332 
22 195 11 14 0.03280912 
106 118 25 29 0.031835005 
401 106 7 9 0.030629244 
874 199 50 60 0.03023983 
482 157 16 20 0.02955303 
400 110 8 10 0.029044483 
193 86 23 29 0.028576823 
1 95 18 30 0.028529875 
451 6 11 13 0.028513454 
471 281 35 42 0.028191462 
406 172 12 16 0.02814752 
499 265 29 40 0.028119622 
221 0 15 13 0.027874026 
230 1 29 30 0.027758999 
515 130 14 18 0.027712142 
525 185 14 18 0.026875986 
190 96 15 20 0.026875533 
1 92 12 21 0.026341302 
815 172 52 63 0.025090124 
414 176 13 18 0.025033899 
385 109 8 10 0.024966208 
171 19 15 16 0.024959542 
517 196 13 19 0.02488581 
236 19 29 33 0.024789697 
370 124 17 20 0.024634318 
802 188 50 62 0.024533676 
23 102 27 32 0.024417318 
161 8 26 27 0.024284627 
420 174 13 17 0.024030704 
574 66 202 224 0.02399243 
203 90 12 17 0.023554472 
623 102 31 45 0.023535771 
102 0 34 35 0.023519652 
384 105 8 10 0.023366945 
187 135 41 56 0.023207873 
22 125 24 33 0.023181582 
844 194 28 40 0.023166606 
160 8 14 18 0.023060124 
876 172 51 63 0.023043055 
349 121 12 16 0.022920558 
779 125 52 59 0.022658167 
4 497 18 20 0.0225687 
852 215 29 33 0.022493513 
52 89 17 19 0.022317192 
319 193 10 14 0.022308733 
351 165 11 15 0.022112815 
859 172 14 19 0.022076972 
349 136 11 14 0.022064527 
360 121 12 17 0.022004696 
395 158 12 18 0.021899115 
925 212 13 17 0.021470556 
51 10 11 13 0.021161593 
218 -2 27 26 0.021126533 
366 169 15 19 0.021042252 
375 110 8 10 0.021019747 
1014 165 9 15 0.020889023 
885 157 19 24 0.020853674 
457 288 27 46 0.02082557 
555 352 35 34 0.020522764 
658 153 75 85 0.020475438 
400 116 10 12 0.02045464 
740 123 95 109 0.020379294 
530 168 21 26 0.020318272 
