3_Riot_Riot_3_725
109
728 262 25 30 0.99756086 
816 247 28 32 0.9905668 
389 230 23 28 0.9859439 
462 243 25 28 0.98579097 
384 276 26 35 0.98424363 
262 237 22 27 0.974871 
634 214 39 48 0.974683 
296 246 21 28 0.97055095 
514 281 29 34 0.96619415 
324 239 18 25 0.8271563 
899 155 13 17 0.76991946 
941 151 12 16 0.68357277 
680 248 28 35 0.6785377 
734 233 18 20 0.64523834 
280 217 15 18 0.5482399 
227 284 12 15 0.3815159 
837 132 10 15 0.29907858 
307 223 18 21 0.29806897 
419 272 21 28 0.26950452 
452 240 25 32 0.2666154 
544 120 16 19 0.21422108 
863 146 15 20 0.19720744 
299 228 25 33 0.19358471 
959 184 14 22 0.19024703 
442 241 16 23 0.16833955 
247 253 12 16 0.13323654 
888 189 10 14 0.11401945 
692 287 21 27 0.10132417 
409 232 16 21 0.10127345 
534 115 26 30 0.09976504 
833 350 17 23 0.096751824 
768 247 12 14 0.095297046 
482 301 12 16 0.09155813 
893 188 14 18 0.08123619 
867 143 12 15 0.07904129 
946 155 12 15 0.07525258 
315 230 19 27 0.07454962 
475 244 24 28 0.06948662 
950 454 11 14 0.06882028 
985 549 25 30 0.06199159 
524 127 24 30 0.060376123 
525 139 16 22 0.05939036 
314 241 22 28 0.058318224 
895 160 13 17 0.05772769 
476 105 58 59 0.05588286 
53 75 212 198 0.054623403 
780 288 14 20 0.05413826 
675 273 29 38 0.050573792 
435 351 17 23 0.048762087 
851 181 12 15 0.047425658 
691 243 16 23 0.04695557 
316 323 13 14 0.046057254 
459 223 16 18 0.04538839 
668 241 16 22 0.0451979 
783 284 21 28 0.04509073 
765 248 18 24 0.044700705 
854 155 13 17 0.044107165 
962 177 24 33 0.042779293 
831 134 21 30 0.042551614 
38 12 129 106 0.042242654 
490 239 22 27 0.041579194 
417 100 42 45 0.041037194 
533 128 14 18 0.04071501 
540 257 25 32 0.039793894 
342 273 15 20 0.039645985 
670 241 27 32 0.03884846 
426 285 17 21 0.03848196 
447 224 362 477 0.03661178 
459 92 95 97 0.036008492 
427 212 20 25 0.035516452 
-27 288 390 445 0.03494655 
439 220 14 19 0.034462065 
748 236 12 17 0.030295493 
503 105 56 55 0.030216195 
768 260 20 28 0.029523078 
513 132 25 29 0.02851805 
487 122 35 35 0.028444998 
710 314 16 20 0.028307581 
950 163 11 13 0.027729241 
353 45 103 104 0.027106002 
309 216 14 17 0.027014753 
771 269 22 28 0.026408104 
864 143 23 28 0.026403282 
395 68 83 93 0.025972974 
414 267 16 23 0.02515927 
905 154 14 18 0.02507931 
766 298 19 25 0.02493431 
863 135 12 14 0.024202406 
827 339 29 37 0.024104707 
256 232 35 46 0.023829993 
836 126 19 25 0.023665905 
620 261 28 35 0.023614313 
270 213 12 16 0.023559837 
432 245 24 29 0.023396572 
425 85 91 88 0.022727087 
919 135 20 27 0.022665767 
650 233 33 35 0.022565782 
373 242 12 16 0.0225628 
944 451 12 17 0.02254701 
438 223 19 27 0.022402141 
280 207 11 15 0.022302141 
151 129 102 158 0.021908859 
846 174 21 27 0.021522585 
251 241 25 31 0.021230886 
701 293 24 32 0.021101076 
889 165 11 14 0.021070566 
832 249 17 22 0.020874264 
341 257 16 21 0.020603396 
900 580 17 17 0.02039625 
