3_Riot_Riot_3_958
120
135 3 29 34 0.99969006 
234 9 29 37 0.9992749 
52 22 29 35 0.9985598 
372 33 24 31 0.9967159 
568 112 53 64 0.9954508 
520 45 27 34 0.9936062 
108 30 28 35 0.9902991 
14 9 35 44 0.9867329 
923 75 24 31 0.9844311 
865 20 35 42 0.9835015 
69 3 27 32 0.9792433 
401 23 37 51 0.97449434 
665 56 22 26 0.95859945 
775 39 29 36 0.95621127 
709 30 23 31 0.94832146 
336 36 21 28 0.9296069 
314 38 17 24 0.8936646 
951 58 26 35 0.8611312 
207 27 23 27 0.8332916 
497 33 20 25 0.81841856 
176 28 21 29 0.6063495 
307 0 15 18 0.41353083 
971 18 16 21 0.36478865 
823 44 26 31 0.29557896 
288 37 17 21 0.27815482 
962 57 26 31 0.27589485 
459 34 20 33 0.23993814 
870 61 24 30 0.21530443 
606 45 16 20 0.19938642 
771 46 17 24 0.18493952 
186 21 16 19 0.17400722 
395 20 27 36 0.17136525 
486 48 14 19 0.16839509 
771 119 27 35 0.16785344 
-3 24 14 24 0.14856495 
588 118 57 69 0.13375565 
187 46 16 21 0.12259416 
489 38 22 29 0.09811062 
191 26 22 29 0.09744557 
960 14 22 27 0.09469875 
297 115 24 26 0.08190602 
502 37 26 34 0.08133892 
2 15 25 35 0.073182866 
300 31 19 26 0.07146207 
579 51 18 21 0.065174796 
965 17 28 35 0.063210726 
756 63 24 33 0.062629834 
716 14 27 32 0.05567231 
306 24 20 29 0.054913033 
977 21 16 21 0.05468236 
637 56 11 13 0.054030024 
757 66 16 18 0.051018447 
1013 51 10 16 0.049671788 
646 62 11 14 0.048233498 
357 121 48 50 0.048001014 
307 5 20 26 0.047129177 
937 62 27 35 0.0465405 
383 27 36 49 0.046243213 
559 81 43 59 0.04622893 
259 2 16 19 0.0458453 
904 56 41 55 0.045220286 
108 0 22 24 0.044698335 
464 277 25 34 0.043430842 
861 31 42 57 0.043186 
629 56 23 26 0.040200733 
739 0 14 12 0.040098958 
475 42 19 27 0.039301503 
955 35 37 47 0.038175736 
227 0 15 13 0.03582205 
812 1 24 25 0.03368936 
702 247 102 128 0.033531222 
564 -1 17 17 0.032834746 
765 47 28 39 0.03220881 
573 54 17 23 0.03162775 
675 210 56 72 0.030459821 
422 33 30 34 0.030112058 
196 -1 16 15 0.03003367 
654 64 13 18 0.030019568 
280 68 11 15 0.029769467 
748 7 22 26 0.028910458 
1000 59 23 33 0.028787626 
764 54 16 23 0.028575532 
612 46 23 27 0.028514052 
954 51 17 24 0.027802505 
729 0 22 18 0.027212154 
740 8 14 18 0.026498526 
675 49 23 29 0.026275815 
975 59 16 20 0.026107745 
482 262 31 36 0.025748167 
841 28 39 52 0.025647013 
312 0 14 13 0.025549097 
1004 49 20 30 0.024751648 
750 54 10 14 0.024671273 
610 39 14 17 0.024651043 
322 0 22 24 0.024555333 
283 66 24 27 0.024325555 
263 382 198 258 0.023972075 
782 46 33 39 0.023816139 
641 0 25 29 0.023290005 
330 516 73 72 0.023256684 
438 40 26 34 0.02296966 
638 58 23 28 0.022515023 
718 3 29 28 0.022371534 
495 43 23 33 0.02219545 
474 283 14 21 0.022060167 
476 271 28 35 0.021949064 
744 81 29 38 0.021833133 
955 3 23 28 0.021428136 
962 6 14 16 0.021372236 
701 37 24 33 0.021361608 
-104 6 436 465 0.021221882 
749 57 23 30 0.02120508 
644 55 10 13 0.02114586 
874 42 43 58 0.021010626 
262 64 17 20 0.020822149 
502 323 42 40 0.020688845 
557 69 29 49 0.020437337 
700 24 24 32 0.020435568 
485 247 37 35 0.020418597 
825 59 22 24 0.020302702 
