3_Riot_Riot_3_273
35
238 320 32 38 0.99493545 
306 234 26 34 0.99194884 
97 415 44 58 0.9796969 
377 322 18 23 0.8030481 
349 337 23 29 0.8013844 
168 100 48 53 0.7435588 
466 390 48 52 0.6624451 
65 172 18 24 0.21781978 
398 101 40 49 0.11742185 
219 397 43 62 0.094861075 
388 383 16 22 0.07536215 
331 347 16 20 0.072881475 
308 139 26 31 0.044311795 
360 326 23 29 0.036849644 
398 224 97 95 0.033084884 
366 282 13 17 0.032645103 
334 343 22 30 0.032214794 
342 326 40 48 0.030328456 
343 330 15 19 0.029619921 
289 355 25 30 0.0289957 
536 183 46 65 0.027927889 
570 73 416 522 0.02701479 
295 391 27 31 0.026201848 
346 324 24 31 0.024471655 
180 112 51 56 0.023622062 
290 333 23 28 0.022921326 
371 308 14 16 0.022797989 
372 301 12 14 0.022759685 
295 401 13 20 0.02250672 
262 319 26 33 0.02225359 
342 437 30 33 0.022098005 
377 387 21 31 0.021525053 
361 346 16 20 0.021484485 
413 351 12 17 0.020679655 
274 273 23 29 0.02008387 
