3_Riot_Riot_3_542
425
172 259 19 26 0.98038566 
198 334 28 34 0.9779573 
228 255 18 23 0.96330994 
453 397 24 38 0.9623737 
102 255 18 21 0.95130473 
895 266 15 18 0.85742927 
139 256 20 23 0.84911084 
309 271 17 21 0.8406839 
767 260 13 17 0.76496613 
74 267 21 25 0.71859604 
398 248 8 11 0.6819203 
298 252 14 17 0.66796154 
805 273 12 16 0.64459306 
940 264 21 26 0.641268 
788 260 13 16 0.58844995 
420 270 10 14 0.56800514 
297 215 8 10 0.55071807 
343 259 11 14 0.52144736 
438 248 10 13 0.49428228 
418 249 10 11 0.4854442 
695 273 14 18 0.47837576 
458 261 13 15 0.4752452 
628 267 14 17 0.46667743 
124 256 13 17 0.4279188 
365 260 11 15 0.4265482 
478 248 10 12 0.39988568 
359 266 13 17 0.38997594 
215 215 10 13 0.36283678 
232 290 26 28 0.34525204 
327 241 11 14 0.33916575 
827 261 13 16 0.32040733 
179 191 11 13 0.25265068 
119 281 12 16 0.25100255 
576 253 12 16 0.2466539 
562 243 13 16 0.2421978 
669 255 11 15 0.23979963 
211 247 14 19 0.23586512 
441 284 12 15 0.22987011 
372 260 10 13 0.22410639 
417 386 30 34 0.2155305 
613 258 11 14 0.20044869 
722 256 13 17 0.19988975 
399 275 11 13 0.19790311 
280 261 12 15 0.1966197 
394 246 9 12 0.19488193 
456 247 12 14 0.18851694 
743 271 10 13 0.18189058 
593 260 10 12 0.18116118 
847 244 13 16 0.17469695 
896 247 10 13 0.17086306 
346 231 8 11 0.16683498 
992 249 14 18 0.16399676 
351 238 10 12 0.16100535 
795 259 11 13 0.1610002 
760 258 13 16 0.15579017 
458 253 13 15 0.15541579 
509 252 11 13 0.15466696 
661 235 12 14 0.1540183 
267 280 12 17 0.15103094 
625 228 9 11 0.1504975 
560 250 11 13 0.14907415 
960 246 12 15 0.14156142 
416 310 13 17 0.14080316 
637 231 10 12 0.14064524 
312 245 10 14 0.14041108 
931 323 15 19 0.14014246 
684 256 13 16 0.13977946 
350 230 10 12 0.13756156 
324 231 9 11 0.13695204 
316 253 11 13 0.13422152 
252 265 15 17 0.13275811 
645 256 10 13 0.124770045 
358 224 10 12 0.12331144 
841 268 16 20 0.12259543 
863 227 10 12 0.12178258 
382 239 8 11 0.12153392 
894 251 14 17 0.1209644 
474 250 11 14 0.1156637 
860 250 14 18 0.11494223 
329 215 9 11 0.11383501 
766 293 15 20 0.11247857 
4 201 32 35 0.11190286 
615 240 11 13 0.11111765 
408 263 9 11 0.11032715 
353 243 10 13 0.10925204 
313 220 10 12 0.10683797 
932 319 24 30 0.106686816 
872 245 12 17 0.10632394 
281 225 10 12 0.10606865 
326 220 11 13 0.103058316 
66 271 23 29 0.10257934 
311 240 10 12 0.10112031 
655 273 13 15 0.100563206 
264 246 10 15 0.10007212 
255 211 10 11 0.099888705 
206 243 15 19 0.098149024 
219 270 16 21 0.09797658 
722 236 15 18 0.09556465 
593 223 9 12 0.09348912 
655 244 12 14 0.09303048 
392 239 8 10 0.09202827 
393 231 8 9 0.0896079 
827 273 15 18 0.08806844 
317 245 10 13 0.08790428 
59 285 14 20 0.08649158 
316 259 12 15 0.085879676 
631 230 10 13 0.085873045 
814 295 11 15 0.082910754 
0 266 13 22 0.082836166 
853 248 14 18 0.082571946 
134 214 10 12 0.082230985 
961 142 10 13 0.08204443 
478 275 15 17 0.08203273 
593 251 13 17 0.081831835 
622 237 10 13 0.08144039 
809 236 9 11 0.080856405 
815 254 10 13 0.079222046 
279 205 9 13 0.078768276 
406 268 12 15 0.07734308 
421 293 13 16 0.07675323 
574 245 11 15 0.076550156 
318 222 10 12 0.07626255 
661 271 11 14 0.075762235 
270 234 12 16 0.07476435 
609 253 11 15 0.07403506 
284 228 9 12 0.0739831 
619 242 11 14 0.072922096 
638 260 13 16 0.0722741 
1004 264 17 20 0.071697146 
740 287 16 19 0.07168063 
574 238 9 13 0.07004162 
543 273 13 15 0.06947203 
405 379 30 33 0.069348596 
360 256 12 15 0.06903437 
248 207 11 14 0.06897176 
693 252 12 15 0.06876964 
844 298 14 18 0.06865629 
276 238 432 460 0.06785461 
701 251 13 16 0.067201026 
1 259 23 35 0.06714726 
572 362 19 20 0.0671016 
377 239 9 11 0.065838516 
708 257 13 17 0.06545882 
241 188 9 12 0.06509862 
394 251 10 13 0.06435101 
935 254 12 15 0.06387308 
563 231 13 15 0.063300125 
952 315 26 32 0.06190149 
833 239 8 11 0.061288875 
478 269 13 15 0.06112459 
421 263 11 14 0.059990276 
85 304 16 20 0.059496928 
349 404 92 98 0.059156824 
308 249 14 17 0.059143253 
838 244 11 13 0.05872898 
264 228 12 15 0.058362715 
503 247 11 13 0.058161885 
337 259 12 15 0.057824172 
542 255 12 15 0.057809945 
356 487 32 29 0.057452127 
320 272 15 21 0.057021175 
112 253 19 23 0.05638902 
397 241 9 10 0.05632078 
484 267 14 15 0.055226587 
397 285 11 14 0.054855373 
621 257 19 23 0.054195352 
800 270 11 14 0.05415948 
951 142 24 28 0.053435326 
549 227 9 12 0.052947953 
15 185 12 14 0.05270713 
115 306 13 18 0.0519502 
837 240 9 12 0.05178048 
443 391 28 37 0.051764127 
287 253 12 16 0.051275596 
422 288 11 13 0.05075099 
376 245 9 11 0.050419368 
478 258 13 16 0.050316192 
290 300 17 21 0.049792666 
460 313 13 19 0.04948004 
852 241 11 14 0.049281437 
264 235 12 15 0.04897091 
670 275 12 17 0.0487512 
142 185 11 14 0.048478115 
378 281 13 18 0.0483144 
244 260 15 19 0.048191153 
320 206 8 10 0.047030963 
606 244 10 14 0.046788737 
242 233 15 19 0.046553962 
393 269 11 14 0.04630719 
548 260 12 14 0.046117462 
747 253 14 17 0.045528404 
444 247 9 12 0.0454209 
296 210 8 11 0.045402154 
393 287 10 14 0.04522561 
159 232 14 18 0.045187768 
267 243 13 17 0.04482541 
629 221 11 13 0.044734977 
596 243 13 18 0.04457182 
495 238 8 11 0.044265985 
654 251 10 14 0.044230837 
656 237 13 15 0.04419528 
679 254 12 16 0.043751225 
352 225 11 12 0.043408014 
61 286 22 28 0.043399855 
940 323 31 35 0.043382615 
688 255 21 25 0.043055065 
742 300 14 17 0.04304348 
416 299 14 18 0.04298795 
596 269 10 13 0.042577673 
308 257 15 19 0.042030428 
947 255 23 29 0.041952673 
772 256 11 15 0.041700244 
746 276 12 14 0.04166689 
301 269 17 21 0.04139327 
25 306 53 56 0.04130314 
719 332 8 11 0.04129588 
399 222 8 11 0.041024175 
579 245 12 15 0.04048821 
199 187 10 12 0.040128708 
646 266 12 16 0.04012598 
665 254 10 13 0.039952032 
618 285 12 16 0.03978628 
502 260 10 12 0.03956314 
139 206 10 13 0.039537802 
744 244 11 13 0.039483514 
997 288 20 28 0.039411817 
445 251 10 15 0.038892187 
227 347 28 34 0.038836967 
496 286 12 15 0.038600948 
67 305 14 17 0.03859697 
633 264 15 18 0.03857405 
596 237 11 15 0.0385233 
835 260 15 17 0.038476583 
433 250 12 14 0.038303737 
359 289 13 17 0.038298137 
981 279 21 30 0.038007308 
405 247 9 10 0.03787567 
982 261 10 14 0.037648816 
482 245 12 13 0.037075654 
375 275 13 17 0.037050206 
841 255 20 25 0.03636832 
819 254 13 16 0.036187135 
366 222 8 10 0.03603802 
596 228 10 13 0.036011502 
453 419 32 37 0.035464928 
789 295 11 14 0.034831848 
558 234 20 24 0.034746505 
276 262 19 26 0.034736462 
486 239 11 12 0.034670133 
414 262 11 14 0.034409903 
697 256 20 25 0.0341796 
447 239 8 11 0.03410058 
430 453 44 57 0.03401351 
214 209 10 13 0.033983156 
375 222 8 10 0.033886705 
494 324 297 271 0.03387314 
72 300 22 26 0.033754714 
348 254 11 16 0.0334551 
286 206 8 11 0.03344604 
772 271 13 16 0.03338366 
252 243 14 17 0.033379 
212 238 12 17 0.033021234 
798 283 13 16 0.03298481 
201 242 12 16 0.032704458 
707 245 12 16 0.03253634 
581 237 11 14 0.03235799 
646 235 10 13 0.031672243 
846 228 10 12 0.031401303 
405 391 33 41 0.031314835 
608 269 10 13 0.031293828 
317 215 9 11 0.03128682 
497 246 9 12 0.0311925 
44 225 12 16 0.031162534 
281 200 8 11 0.031085715 
1003 269 21 30 0.031000873 
320 199 9 11 0.030816413 
469 247 20 24 0.030741997 
533 261 11 14 0.030670032 
590 235 13 17 0.030653263 
645 228 11 13 0.030652532 
660 284 14 17 0.030567575 
660 242 11 14 0.030475078 
259 272 17 24 0.030370904 
575 284 10 12 0.030256705 
336 253 11 14 0.0302532 
867 255 15 22 0.030231876 
440 441 27 35 0.029791817 
258 212 12 14 0.029373687 
391 261 10 12 0.029297601 
327 208 8 10 0.029072218 
415 244 17 22 0.029024096 
795 293 13 16 0.029013248 
407 221 9 10 0.028821282 
112 283 12 16 0.02881015 
491 267 11 13 0.028593885 
700 282 13 16 0.028561823 
376 231 8 10 0.028537635 
960 304 22 30 0.028479224 
382 244 9 11 0.028457446 
895 241 10 12 0.02842925 
399 259 10 13 0.028347068 
392 420 85 104 0.028290497 
580 267 11 13 0.028203968 
240 230 12 17 0.028201416 
351 265 13 17 0.028095955 
849 253 20 26 0.028090583 
73 181 14 16 0.028082103 
995 283 16 21 0.027917806 
995 254 21 24 0.02788661 
285 199 8 11 0.027809996 
658 291 15 18 0.027792484 
333 220 10 12 0.027661735 
276 243 13 17 0.027622208 
636 222 11 13 0.027567567 
833 243 11 14 0.027557641 
244 268 24 27 0.027438937 
614 264 12 16 0.027398359 
245 222 11 14 0.027282137 
934 273 14 18 0.027280577 
352 216 8 9 0.027215514 
839 251 12 16 0.027047453 
998 382 25 47 0.027028479 
789 274 12 15 0.026886242 
957 239 14 16 0.026809392 
218 279 16 21 0.026742965 
258 260 12 16 0.026634207 
669 248 10 12 0.02653056 
276 665 29 36 0.026406609 
623 273 13 16 0.026246391 
397 231 8 10 0.026065338 
807 254 9 12 0.026002701 
630 215 10 13 0.025955437 
927 275 13 17 0.025835188 
415 266 18 22 0.025358744 
668 251 19 24 0.025326593 
610 253 21 26 0.02525197 
364 286 12 16 0.025174428 
372 267 12 16 0.025152074 
639 247 11 13 0.02493594 
395 242 17 23 0.024866266 
407 240 9 10 0.024638673 
499 238 12 14 0.024608944 
264 267 18 25 0.024553007 
81 261 15 20 0.024527455 
343 224 9 12 0.024483874 
295 265 13 19 0.024354957 
383 221 9 11 0.024267266 
394 433 16 19 0.024211349 
259 207 11 12 0.024156524 
737 269 11 14 0.024091471 
343 246 10 12 0.024067752 
443 444 17 20 0.02396495 
706 291 13 14 0.023905948 
742 259 13 16 0.02385094 
539 302 15 17 0.02381687 
568 241 20 24 0.02371374 
471 269 12 15 0.023667218 
249 277 22 28 0.023658656 
809 268 14 16 0.023621604 
261 221 12 16 0.023525244 
614 279 10 13 0.02352371 
447 646 31 33 0.023458669 
131 217 13 16 0.023446767 
837 239 20 26 0.023439748 
348 290 14 18 0.023401236 
554 363 47 48 0.023389095 
273 206 10 13 0.023353577 
997 273 16 21 0.023345778 
784 257 12 14 0.02332633 
569 366 27 31 0.02332362 
784 264 12 16 0.023240661 
542 248 10 13 0.02315283 
956 249 22 29 0.023017231 
647 274 13 15 0.022882672 
251 249 16 21 0.022869356 
250 291 16 21 0.0228017 
859 263 16 21 0.022710104 
5 205 43 55 0.022658188 
494 517 37 37 0.02251472 
929 253 11 15 0.022302598 
652 259 12 15 0.022285605 
888 259 13 19 0.022235377 
659 333 14 15 0.022199554 
876 207 13 16 0.02218526 
568 284 11 13 0.022132259 
581 286 10 12 0.022124397 
286 247 11 14 0.02210852 
471 258 13 16 0.022054346 
1001 407 22 38 0.022045441 
270 223 10 13 0.022034228 
454 242 20 23 0.022008859 
742 262 21 25 0.021982506 
354 289 21 28 0.021893037 
347 284 13 16 0.021844069 
576 212 10 13 0.021745246 
540 257 22 26 0.02170168 
414 240 10 11 0.021699548 
260 286 16 22 0.021620726 
684 265 15 18 0.021612024 
284 254 18 24 0.021534543 
528 261 11 14 0.021477802 
851 264 16 21 0.021453021 
1001 297 21 34 0.021373434 
812 237 9 12 0.021283764 
387 423 34 38 0.021218507 
789 252 20 24 0.021121513 
966 296 22 30 0.02106719 
933 251 23 29 0.021056294 
639 250 20 25 0.02096141 
63 276 13 18 0.020848226 
812 254 19 24 0.020841256 
731 242 13 16 0.020746088 
450 290 14 16 0.02068177 
406 255 9 11 0.020617684 
348 303 24 32 0.020565838 
300 352 22 30 0.020561164 
814 247 10 14 0.02054441 
374 290 12 15 0.020330062 
862 235 11 15 0.020322477 
951 243 11 14 0.020249799 
832 271 24 28 0.020186834 
707 265 13 16 0.02016487 
936 265 16 20 0.020131903 
625 216 10 12 0.020049036 
351 275 12 14 0.02000826 
