3_Riot_Riot_3_306
59
743 85 63 85 0.9987495 
267 140 58 68 0.9986406 
651 173 70 71 0.9949058 
478 190 50 58 0.9927086 
916 65 75 76 0.91555893 
144 150 21 26 0.8754877 
323 127 21 29 0.87524664 
238 185 29 39 0.67521775 
-1 20 86 115 0.64103633 
233 268 57 68 0.5990912 
295 246 29 59 0.4129555 
473 135 34 37 0.30354694 
181 151 17 23 0.26946914 
221 88 15 18 0.16559853 
414 141 24 27 0.14245805 
223 193 33 38 0.13028872 
467 140 51 54 0.10628109 
272 253 44 58 0.10309967 
445 224 22 31 0.09925481 
71 207 11 13 0.09725895 
30 137 58 72 0.08839194 
472 126 23 30 0.05609834 
469 161 55 65 0.052160367 
174 153 16 22 0.05136168 
206 137 14 22 0.041877955 
428 218 40 51 0.040204756 
522 81 15 18 0.039135493 
319 125 38 50 0.03902822 
502 92 45 55 0.03434745 
539 314 59 74 0.032759737 
195 134 21 30 0.030892882 
183 141 13 18 0.03079807 
422 336 51 57 0.030633895 
839 128 15 20 0.03018949 
187 139 22 30 0.029980646 
639 157 57 72 0.029470531 
12 106 93 120 0.028466797 
478 112 46 53 0.028205164 
950 64 55 62 0.027558396 
552 125 24 34 0.026806219 
180 165 16 21 0.024946377 
962 -7 51 52 0.024871342 
0 361 15 24 0.024852809 
530 114 43 55 0.024704391 
520 79 25 30 0.024016775 
439 153 29 32 0.02401446 
108 176 14 18 0.023989623 
77 221 12 14 0.023328992 
509 90 25 31 0.022903932 
217 185 26 36 0.022773264 
457 290 35 35 0.022277419 
509 93 15 20 0.02222296 
477 116 27 33 0.022206733 
913 42 57 73 0.021850754 
388 107 15 22 0.021141348 
805 315 16 19 0.02087374 
515 91 15 20 0.020872783 
419 150 30 34 0.020801464 
165 153 14 21 0.020685507 
