3_Riot_Riot_3_506
104
194 165 83 111 0.9819905 
448 261 30 36 0.9711661 
475 291 17 21 0.19425514 
663 11 13 15 0.1614503 
750 124 44 51 0.16133009 
583 427 16 22 0.14623243 
2 338 17 20 0.12292176 
468 3 24 29 0.07827487 
583 41 15 21 0.077031896 
476 296 21 31 0.07200763 
713 159 25 26 0.07049989 
684 34 13 17 0.068521805 
99 323 55 57 0.06675176 
707 163 16 18 0.06322295 
511 119 12 18 0.06300837 
486 121 10 13 0.06300509 
363 394 13 20 0.06169347 
812 296 26 33 0.05058342 
786 133 27 37 0.05052635 
583 289 48 64 0.047820922 
850 203 13 16 0.047067083 
937 312 84 148 0.046822246 
657 34 11 15 0.045203313 
1 408 26 30 0.04481555 
855 378 10 13 0.044265382 
657 7 11 14 0.044083484 
463 270 17 22 0.043884546 
838 366 11 13 0.042896975 
796 141 13 17 0.04234373 
765 357 9 11 0.04189035 
605 51 12 16 0.041236315 
422 447 38 40 0.040655777 
949 344 53 89 0.039983384 
851 420 15 18 0.039145585 
852 415 12 14 0.03809846 
77 350 16 21 0.036933355 
797 383 10 13 0.036898635 
325 206 37 55 0.03463537 
621 19 10 14 0.03413612 
387 0 21 18 0.03243081 
117 344 15 18 0.031769782 
791 157 12 14 0.031713706 
658 75 24 28 0.031489797 
790 163 13 16 0.031136967 
390 298 13 17 0.030554594 
642 28 11 16 0.029882886 
837 179 12 17 0.02961314 
408 592 11 12 0.028632073 
644 94 16 19 0.028470198 
329 209 25 32 0.028267225 
608 10 12 15 0.028181348 
549 0 14 13 0.027342532 
445 298 23 30 0.02718644 
708 192 37 44 0.026382128 
842 226 57 56 0.026245343 
787 168 26 31 0.02612075 
644 52 10 13 0.02583851 
553 229 26 34 0.025833745 
616 40 11 13 0.02552044 
816 398 9 10 0.025116276 
87 379 449 450 0.02505213 
79 325 53 61 0.025020633 
364 429 32 43 0.02485887 
333 213 15 20 0.024634095 
497 78 9 12 0.024607968 
573 212 26 33 0.024262372 
774 350 9 11 0.02415489 
731 184 14 18 0.023850678 
705 39 9 11 0.023831923 
513 78 11 13 0.023741262 
556 207 40 50 0.023740672 
481 116 13 16 0.023674047 
840 230 33 33 0.023424966 
546 358 16 21 0.022843387 
361 508 32 33 0.022841062 
834 364 11 13 0.0227788 
374 484 12 13 0.022778396 
503 109 9 12 0.02277382 
702 166 34 39 0.022764077 
470 309 23 34 0.022665953 
721 61 11 14 0.02222682 
410 462 31 36 0.022030564 
501 61 10 14 0.021738794 
450 266 41 49 0.021569982 
758 181 14 17 0.021402366 
764 150 16 20 0.02134979 
645 46 10 12 0.021336872 
692 67 18 22 0.021247907 
768 248 30 32 0.021219634 
722 22 11 14 0.021213979 
136 89 158 197 0.021186491 
222 167 100 125 0.021012912 
855 246 38 43 0.020981884 
455 301 29 38 0.02092854 
401 312 25 29 0.020813854 
800 423 9 11 0.020808075 
574 69 12 15 0.020798923 
646 85 24 27 0.020770784 
719 39 9 12 0.020764621 
109 335 31 32 0.020681798 
720 170 28 35 0.020594262 
815 366 10 12 0.020570416 
543 87 10 11 0.020408114 
814 440 12 14 0.020086875 
