8_Election_Campain_Election_Campaign_8_157
170
163 420 33 45 0.9993456 
268 441 21 25 0.9826612 
219 456 21 27 0.9654578 
-1 471 20 30 0.9547979 
326 460 23 36 0.9344633 
805 461 12 16 0.70883054 
726 415 17 21 0.6962998 
405 460 13 18 0.45749706 
645 443 12 15 0.3751358 
333 433 13 15 0.32540345 
1004 340 15 22 0.22060595 
630 424 13 14 0.21345751 
766 439 23 31 0.19382511 
585 547 18 20 0.17217211 
686 451 14 18 0.16256924 
606 464 15 20 0.1571148 
921 448 8 9 0.15704058 
583 450 22 30 0.14473452 
894 389 9 11 0.14295663 
583 403 13 16 0.13680714 
666 441 14 21 0.13330558 
662 438 13 19 0.12318502 
906 441 7 10 0.122415446 
653 441 12 18 0.10702221 
920 262 17 20 0.10681946 
612 461 12 16 0.10200041 
774 360 8 11 0.09510108 
854 436 11 15 0.092607915 
792 370 10 13 0.08330848 
991 306 11 13 0.07953008 
536 446 9 13 0.07910785 
820 453 10 13 0.076487996 
360 266 12 15 0.0740605 
309 460 26 31 0.0730886 
903 452 11 13 0.071963765 
464 395 13 18 0.07169726 
434 440 25 30 0.071633235 
685 443 14 18 0.07067538 
830 463 9 12 0.06802945 
894 448 7 10 0.065683804 
890 447 8 11 0.06495067 
874 351 9 11 0.06298889 
447 275 11 14 0.06279069 
702 421 9 10 0.06247963 
951 386 11 14 0.06247243 
503 464 13 18 0.060993556 
690 457 14 16 0.060945313 
909 446 9 11 0.058812518 
810 460 11 14 0.05836376 
946 253 10 12 0.056416873 
617 483 11 17 0.055146307 
958 448 11 12 0.05438927 
832 437 11 15 0.053749405 
662 489 14 20 0.05305107 
830 113 31 38 0.05103554 
915 247 25 29 0.047375 
932 236 10 13 0.045437444 
338 433 13 18 0.04475687 
816 454 10 14 0.044389885 
594 458 21 28 0.042656623 
909 452 11 13 0.042107437 
358 273 13 15 0.040783413 
678 441 14 18 0.040736504 
399 463 14 19 0.040565897 
826 185 19 35 0.03994488 
790 450 13 17 0.03906991 
693 438 11 14 0.03849925 
799 306 12 16 0.03821601 
919 250 15 18 0.037955493 
887 342 9 10 0.037888046 
438 449 24 34 0.037717544 
797 452 14 18 0.03728914 
734 441 16 19 0.037123967 
397 474 11 16 0.037090696 
719 453 13 17 0.036245055 
655 430 9 13 0.0357207 
894 397 8 10 0.035629824 
940 437 10 12 0.03516672 
851 323 12 17 0.034521177 
572 415 10 12 0.034272764 
405 449 20 28 0.034081142 
772 453 16 19 0.03329318 
230 540 20 30 0.033237785 
559 457 14 20 0.033177927 
557 451 25 31 0.033148047 
951 454 11 12 0.03296492 
612 474 14 19 0.032806735 
769 364 8 10 0.032770842 
461 413 12 16 0.032605127 
508 439 10 13 0.032542292 
639 438 11 15 0.032456562 
759 376 8 10 0.032143228 
617 438 16 20 0.031896308 
562 437 38 47 0.0318446 
625 348 10 12 0.031810638 
680 451 12 16 0.031681344 
936 445 11 13 0.031426392 
653 327 13 17 0.031404078 
885 410 10 13 0.03119449 
623 425 15 18 0.03117759 
822 461 11 13 0.031172974 
530 503 39 53 0.030875023 
895 453 9 10 0.03048983 
589 440 22 32 0.030315462 
811 315 14 18 0.03020538 
56 607 9 12 0.029750869 
662 360 15 19 0.028875744 
985 300 10 12 0.028072573 
863 455 11 12 0.027872575 
687 432 8 11 0.027820462 
556 438 10 15 0.02756107 
502 441 13 18 0.027479233 
822 447 11 14 0.027435582 
105 527 23 30 0.026904376 
774 323 9 13 0.026466414 
477 440 14 16 0.026367482 
912 236 26 28 0.02632665 
465 459 24 27 0.026289921 
863 470 11 12 0.02599163 
900 388 10 12 0.025722913 
890 384 9 13 0.025597222 
800 464 13 15 0.025450524 
832 432 10 12 0.024950158 
777 447 16 21 0.024914917 
832 338 12 17 0.024821475 
1004 445 12 16 0.024682878 
801 310 25 30 0.024589207 
489 449 22 29 0.024494462 
943 389 13 16 0.024050111 
574 443 13 16 0.023905197 
829 454 11 13 0.023577165 
233 524 22 33 0.023415748 
449 463 14 20 0.023356022 
672 471 10 12 0.023346703 
846 309 21 33 0.02308812 
574 450 16 22 0.02301121 
726 444 12 16 0.022868743 
547 441 22 30 0.022828758 
764 340 10 14 0.022772597 
832 308 10 13 0.022744905 
503 432 10 11 0.022678962 
570 366 215 213 0.022660859 
944 455 10 11 0.02218213 
455 389 21 27 0.022099245 
849 470 8 12 0.021969678 
680 458 12 16 0.021958197 
917 333 13 14 0.021938175 
805 313 15 19 0.02173416 
479 455 24 29 0.0217312 
236 559 13 18 0.02172055 
793 301 42 50 0.021700274 
349 442 12 17 0.021324646 
766 324 10 13 0.021265656 
789 340 11 15 0.021239806 
537 449 13 17 0.021192716 
867 459 11 13 0.021159336 
597 471 16 20 0.021098495 
616 398 11 15 0.021038564 
614 482 20 29 0.02100893 
732 408 12 14 0.02093705 
543 352 12 16 0.0208535 
676 470 11 13 0.020841435 
889 439 7 10 0.020618562 
519 292 9 12 0.02057256 
760 324 9 12 0.02045367 
343 430 22 29 0.02040849 
342 440 12 16 0.02029931 
944 460 10 13 0.020256631 
781 326 8 12 0.020217318 
549 484 11 13 0.02015654 
