8_Election_Campain_Election_Campaign_8_84
186
122 543 42 54 0.99414486 
35 527 29 35 0.99271303 
210 507 24 37 0.9903824 
311 496 25 31 0.9892587 
490 190 17 22 0.9873487 
76 502 24 31 0.97080964 
128 484 17 23 0.9553516 
291 500 21 29 0.95417506 
881 506 19 27 0.94710195 
631 203 18 24 0.9362851 
444 185 17 22 0.9134022 
524 178 14 18 0.9076052 
534 512 22 28 0.90473104 
976 487 25 29 0.88717514 
923 601 37 61 0.84412134 
8 530 19 25 0.8304095 
257 426 18 25 0.78583205 
88 503 24 31 0.7696517 
185 489 15 20 0.56748056 
846 485 11 14 0.49771607 
778 486 19 30 0.48312575 
164 464 13 17 0.3915771 
445 539 24 31 0.38223884 
100 505 23 31 0.3744411 
675 247 13 17 0.36592093 
198 456 11 16 0.3013672 
220 469 11 13 0.282634 
227 440 12 17 0.23136544 
218 475 16 21 0.21569112 
154 446 10 11 0.20781964 
946 508 15 18 0.20309862 
173 469 12 16 0.1727599 
972 463 17 21 0.16721644 
179 422 8 11 0.15637842 
174 381 7 9 0.13938613 
178 474 12 15 0.13838919 
604 214 12 16 0.13073333 
560 179 12 17 0.13031477 
207 437 8 11 0.11676913 
287 419 14 17 0.1086703 
166 397 10 12 0.10700599 
292 430 15 22 0.1049042 
670 269 14 19 0.104832195 
183 429 7 10 0.103848435 
927 465 15 20 0.094402865 
228 431 10 12 0.0875496 
987 430 17 20 0.08462933 
602 213 21 26 0.08124958 
450 187 22 29 0.07968791 
882 387 15 20 0.07909938 
975 454 11 15 0.076396056 
992 487 16 23 0.0757682 
190 413 8 11 0.07478058 
176 416 8 11 0.07430001 
216 461 13 17 0.07328682 
973 472 26 32 0.070332415 
932 451 12 15 0.07026322 
831 464 8 11 0.06993403 
454 571 26 42 0.06807121 
158 451 8 11 0.067495726 
228 422 9 11 0.06632366 
32 412 10 12 0.06412098 
153 439 10 12 0.06407555 
921 593 27 44 0.063795485 
214 480 23 30 0.058058795 
176 559 25 39 0.05617707 
167 392 10 12 0.053728018 
539 196 23 30 0.05371012 
142 413 10 12 0.052066647 
611 213 13 16 0.051669687 
167 404 8 10 0.051331308 
206 431 9 12 0.050894037 
170 377 7 9 0.049873315 
826 462 9 12 0.049832422 
108 509 25 32 0.04883243 
189 431 8 10 0.048312526 
542 240 15 19 0.04816472 
206 444 9 12 0.04809224 
299 431 13 20 0.047811013 
770 387 15 19 0.046926953 
930 460 14 18 0.04593597 
553 182 22 31 0.04465466 
283 421 20 29 0.043751664 
184 416 8 10 0.043498117 
207 424 8 10 0.04307716 
138 414 8 11 0.042589415 
792 367 12 16 0.0421883 
368 643 21 29 0.040863525 
168 414 8 11 0.040777486 
880 727 38 42 0.04063369 
113 506 17 23 0.040545903 
135 431 8 12 0.040491953 
515 251 12 14 0.037978232 
260 520 17 23 0.03732941 
197 512 23 34 0.037292823 
173 390 10 11 0.03704841 
184 536 24 34 0.037024997 
168 432 8 11 0.036978815 
430 589 47 69 0.036669243 
141 524 27 33 0.036165733 
854 619 14 18 0.035957545 
622 237 13 16 0.034669068 
201 447 8 10 0.034637842 
151 430 8 11 0.034428194 
115 452 11 15 0.034286592 
273 422 21 30 0.034132328 
152 449 11 15 0.033875093 
952 460 10 14 0.033726923 
529 182 15 20 0.03364045 
957 453 10 14 0.033122852 
952 469 12 17 0.033122007 
821 358 9 12 0.033083003 
143 430 9 12 0.033076346 
8 737 26 31 0.032489516 
57 420 9 13 0.032429613 
508 203 14 17 0.03207597 
940 453 10 14 0.032038644 
291 416 10 13 0.03200439 
186 518 22 33 0.031958383 
563 182 14 20 0.031950004 
244 444 14 18 0.03156203 
611 222 16 19 0.031455472 
572 181 10 13 0.03133182 
177 429 8 11 0.031308822 
984 332 10 13 0.031103948 
642 256 15 20 0.031022396 
927 445 14 18 0.030893836 
705 308 11 14 0.030736271 
236 442 14 18 0.030446207 
194 455 11 15 0.030336624 
29 419 12 16 0.030157018 
150 423 8 11 0.029618727 
803 421 9 12 0.029249374 
167 454 9 11 0.029157626 
260 413 15 18 0.029117113 
168 437 8 12 0.02906639 
449 533 17 21 0.028948521 
550 180 11 16 0.028749714 
170 446 8 11 0.028628182 
160 414 8 10 0.028625146 
549 173 11 14 0.028435161 
638 264 17 19 0.02745374 
921 453 9 12 0.026912652 
225 417 8 10 0.026190998 
926 477 14 18 0.02534394 
668 253 20 27 0.025251003 
529 173 14 18 0.025078418 
926 449 21 27 0.024876833 
160 389 9 12 0.024578473 
336 428 9 13 0.024556879 
786 483 16 24 0.024368696 
224 479 16 20 0.024084443 
623 203 15 21 0.024020912 
605 206 13 18 0.024000363 
944 503 12 16 0.023356147 
458 181 16 21 0.022967499 
549 186 13 19 0.022960825 
641 207 15 20 0.022949759 
838 464 8 10 0.022936597 
56 12 110 126 0.022546507 
201 437 10 12 0.02248488 
554 200 15 20 0.02233026 
535 202 14 17 0.022248553 
663 250 13 18 0.022238927 
973 427 14 18 0.02194929 
142 436 8 11 0.021639265 
864 465 11 16 0.021632915 
25 422 10 13 0.021592865 
764 625 43 80 0.021511719 
173 406 9 11 0.021502743 
22 399 9 12 0.021492906 
136 422 8 11 0.021453824 
141 512 26 30 0.021399112 
542 179 13 17 0.021361528 
683 249 12 17 0.021326587 
941 460 10 15 0.02128977 
574 188 10 15 0.021274252 
785 500 16 21 0.021258276 
279 505 16 20 0.021170923 
223 427 20 27 0.021161005 
242 415 39 50 0.020584028 
826 455 8 11 0.020527136 
840 479 19 24 0.020505423 
516 183 42 50 0.02025207 
221 453 11 14 0.02013719 
172 395 10 12 0.020109192 
