8_Election_Campain_Election_Campaign_8_347
55
212 131 33 43 0.9967001 
754 167 24 35 0.99138707 
923 587 12 15 0.9148614 
22 571 14 20 0.8943351 
1010 572 11 16 0.5986606 
967 577 14 16 0.4581376 
175 562 13 17 0.30694574 
887 579 14 17 0.16855237 
965 586 13 15 0.12276658 
145 565 15 18 0.08798572 
41 660 11 14 0.086082295 
1007 565 17 25 0.08566295 
960 587 10 13 0.08528944 
759 283 12 14 0.084176175 
892 575 11 14 0.082414806 
1001 641 9 11 0.07754613 
53 513 12 16 0.073772736 
933 556 10 12 0.06911146 
16 574 14 19 0.055850506 
933 614 11 14 0.050606813 
951 598 12 14 0.04735518 
967 634 10 13 0.046645097 
951 588 10 12 0.044396654 
34 572 15 19 0.041919876 
167 563 14 18 0.041832343 
852 572 11 16 0.038285453 
330 177 56 67 0.036621083 
778 677 29 45 0.031561468 
957 596 11 15 0.031347927 
1014 639 9 11 0.03123097 
929 613 10 13 0.030693473 
117 516 11 17 0.030578418 
1004 644 10 12 0.029296648 
930 588 10 13 0.029064458 
675 334 13 16 0.027530743 
108 520 16 20 0.026985012 
966 593 11 13 0.026758984 
463 579 13 17 0.02589603 
913 621 9 11 0.025357509 
911 590 9 13 0.024147691 
43 656 10 12 0.024117853 
901 572 10 14 0.02374588 
477 586 15 19 0.023543958 
929 542 9 11 0.023365758 
912 616 9 11 0.0230932 
31 74 113 144 0.023017112 
935 607 10 13 0.02277062 
938 613 11 14 0.022166422 
45 603 13 15 0.022149602 
158 564 12 15 0.022094108 
962 660 12 16 0.021923795 
1012 582 13 18 0.020754104 
397 613 9 11 0.020728426 
961 656 10 12 0.020097222 
134 564 15 19 0.020088837 
