8_Election_Campain_Election_Campaign_8_252
443
293 441 52 67 0.9984523 
492 378 25 33 0.99621445 
412 391 29 37 0.9956012 
140 453 84 97 0.9951449 
922 309 28 36 0.9916285 
853 302 14 16 0.9602275 
897 297 15 18 0.9291008 
670 350 15 19 0.92816556 
877 311 15 19 0.9225903 
884 333 17 21 0.91029185 
365 387 26 32 0.8683473 
790 335 16 20 0.846942 
608 365 12 15 0.737404 
651 363 14 18 0.72089744 
755 334 13 16 0.67486656 
38 423 10 13 0.6622661 
86 449 21 27 0.6259425 
823 353 15 23 0.6127583 
110 423 12 14 0.55472785 
711 298 14 15 0.5441301 
301 379 15 18 0.53264886 
846 331 18 20 0.42592508 
676 377 12 15 0.38224432 
655 301 9 12 0.3606262 
712 323 12 16 0.36005726 
984 288 24 28 0.34424806 
623 359 11 13 0.32252747 
726 452 26 34 0.2932807 
952 314 15 21 0.28954482 
910 302 10 13 0.28672716 
769 316 12 14 0.27410397 
633 344 11 14 0.2727098 
737 335 10 12 0.2628868 
576 356 12 15 0.2507003 
671 403 13 16 0.24851647 
178 407 12 15 0.22420296 
79 412 11 14 0.2159264 
242 397 9 12 0.21551098 
711 384 13 18 0.21465406 
52 477 25 34 0.19842114 
683 333 11 14 0.18953198 
705 351 11 13 0.17275234 
296 404 12 16 0.17176905 
283 389 11 14 0.17015794 
33 422 11 14 0.16996238 
648 342 10 14 0.16761528 
466 377 15 18 0.16457635 
726 354 14 17 0.16349116 
97 410 11 16 0.16220742 
372 364 15 19 0.15877682 
663 304 9 11 0.15337998 
263 388 8 11 0.15332411 
475 345 11 15 0.15303493 
654 339 11 14 0.15183134 
1 426 11 16 0.15071699 
432 367 11 13 0.14601786 
239 391 9 12 0.13860506 
487 334 11 14 0.1360206 
745 301 11 12 0.13384503 
728 314 9 13 0.1321071 
542 350 11 13 0.12888302 
305 403 25 32 0.12422548 
868 292 11 14 0.12151197 
686 363 13 17 0.12131379 
773 297 14 15 0.119085364 
297 379 12 15 0.11817175 
838 275 11 15 0.11788698 
494 339 11 14 0.11580394 
78 419 13 18 0.11477951 
519 341 11 13 0.112995066 
632 410 13 19 0.112599954 
508 335 13 15 0.1123208 
766 322 13 17 0.110730395 
648 358 12 15 0.10975845 
837 243 13 17 0.099051595 
662 323 10 12 0.09772282 
269 453 45 58 0.097511016 
948 386 25 31 0.09694085 
459 358 11 14 0.095929794 
231 380 8 10 0.09588489 
732 348 13 17 0.0948791 
300 390 14 19 0.09472578 
895 305 12 15 0.093935944 
913 300 13 17 0.09292277 
306 374 14 18 0.09260594 
851 345 17 21 0.0925432 
1008 274 12 17 0.092148356 
658 334 12 14 0.091325186 
209 391 8 11 0.08769098 
477 333 12 15 0.08651807 
527 335 11 14 0.08607535 
844 243 14 18 0.084742375 
278 368 7 10 0.08318836 
306 384 14 17 0.08238564 
272 373 9 11 0.08151547 
271 398 8 11 0.07864307 
36 430 15 18 0.076788545 
715 319 12 15 0.07648107 
63 436 11 15 0.07612245 
237 382 8 10 0.07585093 
831 353 18 23 0.07544716 
105 421 11 16 0.07497806 
226 380 7 10 0.073880956 
580 361 12 15 0.073161066 
0 461 8 13 0.07303135 
823 295 10 14 0.07292732 
453 392 14 19 0.07255882 
71 426 15 19 0.072397366 
258 384 8 11 0.0714489 
763 329 13 18 0.071338445 
349 387 11 16 0.070956916 
384 325 12 15 0.07084027 
654 318 9 12 0.070562884 
541 385 25 31 0.07012793 
739 339 11 14 0.06968006 
501 340 12 15 0.06853074 
376 394 16 20 0.06839848 
684 369 13 18 0.06812283 
848 306 13 17 0.068029754 
739 368 15 18 0.06785428 
426 392 24 31 0.0673279 
668 303 8 12 0.06447321 
48 444 10 14 0.063770615 
404 350 9 13 0.06350615 
981 296 16 19 0.063023075 
614 359 12 15 0.0629793 
198 400 9 10 0.06294782 
112 404 10 11 0.06294165 
768 299 12 13 0.061867822 
771 355 12 17 0.06149197 
839 342 24 27 0.061304763 
114 428 12 14 0.0608256 
129 395 9 12 0.0602086 
281 385 8 10 0.060003527 
750 464 32 35 0.05977021 
309 367 9 12 0.059675004 
650 348 12 15 0.059559718 
891 341 16 21 0.05942806 
747 307 12 14 0.058951776 
308 405 15 19 0.058585946 
739 348 12 15 0.057934728 
961 246 8 10 0.05765281 
980 283 35 49 0.057451278 
686 359 10 13 0.057117008 
316 388 12 16 0.056925856 
407 364 12 15 0.056734204 
297 400 21 27 0.056083024 
216 375 8 10 0.056073543 
657 306 11 14 0.055780392 
295 395 14 18 0.055600755 
805 327 11 13 0.055145733 
845 311 14 19 0.054262564 
647 335 9 12 0.05286409 
193 398 9 11 0.05262088 
581 44 10 12 0.05244471 
693 359 9 13 0.05148494 
377 369 13 17 0.05057629 
117 400 9 11 0.04952777 
29 485 13 17 0.049321335 
273 369 9 11 0.0487252 
298 387 12 15 0.048511297 
445 392 13 18 0.047822718 
648 324 9 12 0.047617715 
301 386 25 32 0.047598567 
157 347 9 11 0.047504637 
164 398 10 11 0.04725897 
285 384 9 12 0.046695393 
719 362 12 16 0.046482086 
445 465 34 54 0.046402454 
422 349 10 13 0.04610425 
841 368 17 19 0.04596919 
24 421 11 15 0.045847274 
784 405 25 36 0.045774348 
650 319 9 12 0.04548164 
1008 330 13 19 0.045057837 
306 375 24 31 0.04499151 
779 294 11 14 0.044725142 
883 323 16 22 0.044566397 
404 356 12 14 0.04450057 
64 479 15 24 0.04428532 
265 395 9 12 0.04304718 
893 314 12 16 0.042968083 
52 443 13 16 0.04292271 
794 344 14 18 0.04273505 
44 433 12 17 0.042410005 
33 419 18 22 0.042329114 
245 404 9 12 0.042251807 
118 435 10 13 0.04128263 
903 241 9 12 0.041095164 
570 351 11 14 0.041007165 
920 287 9 12 0.040771168 
279 417 46 57 0.04064109 
915 304 25 32 0.04061692 
277 373 8 10 0.040405583 
360 366 9 11 0.039777316 
287 401 12 16 0.039659653 
227 411 13 15 0.03942668 
655 324 10 13 0.039388202 
687 303 9 12 0.039360385 
688 318 9 12 0.039342508 
43 486 33 39 0.039319992 
734 437 46 45 0.039187517 
898 244 8 11 0.039155737 
72 423 24 30 0.039034087 
822 571 47 60 0.03896289 
539 398 27 37 0.038826887 
772 391 22 32 0.03869781 
368 345 11 13 0.03845095 
535 362 12 16 0.038337722 
316 392 15 20 0.038323175 
705 301 9 12 0.038173907 
925 284 12 14 0.037962884 
572 348 20 26 0.03789768 
586 357 12 15 0.037874542 
673 410 14 17 0.03785144 
685 326 9 12 0.037827756 
268 390 9 11 0.037778415 
866 286 10 13 0.03765929 
600 374 10 14 0.037611526 
814 315 12 16 0.037329733 
798 327 12 15 0.037126236 
763 338 13 17 0.03694594 
910 295 12 15 0.03671848 
438 360 9 12 0.036422975 
15 428 10 14 0.03632876 
374 348 9 12 0.036264975 
716 304 13 16 0.03614742 
720 381 21 29 0.036121525 
30 484 27 30 0.03611527 
182 400 11 12 0.036048472 
280 394 13 15 0.03600233 
677 341 11 14 0.03559696 
15 487 26 32 0.03556505 
833 250 11 14 0.035302386 
696 302 9 13 0.035250437 
175 389 9 10 0.03508908 
575 400 24 32 0.035071634 
45 490 18 19 0.03506864 
841 354 18 20 0.034998138 
604 375 14 20 0.03470131 
726 301 10 13 0.034579787 
525 0 12 11 0.034556367 
789 357 12 15 0.03454826 
499 331 21 24 0.034469053 
797 353 12 15 0.034250543 
998 286 21 29 0.03416579 
670 383 15 19 0.034055866 
413 356 11 13 0.03401186 
444 371 13 17 0.033926114 
459 384 16 19 0.033896845 
291 407 22 27 0.03388213 
916 294 11 14 0.033751994 
244 492 39 57 0.033674676 
890 323 16 22 0.03332467 
716 329 12 14 0.033302486 
216 381 8 10 0.033194534 
599 344 8 12 0.03296932 
73 411 12 15 0.032943763 
753 412 45 47 0.032878816 
473 376 16 21 0.032730196 
758 355 12 16 0.0327157 
448 347 11 14 0.03255835 
232 390 9 11 0.032098472 
1011 338 11 16 0.031934164 
270 381 9 12 0.0318939 
802 331 13 17 0.03189082 
812 323 12 14 0.031845577 
845 462 22 27 0.031823613 
852 308 15 19 0.031822093 
83 426 11 16 0.031810973 
207 396 10 12 0.03155032 
161 393 9 10 0.031547055 
832 458 11 15 0.031482633 
671 356 20 24 0.031190598 
659 369 14 17 0.031174442 
204 415 10 12 0.031003028 
279 359 7 9 0.030759523 
531 337 13 16 0.030732427 
732 371 23 27 0.030652747 
709 305 14 16 0.030640388 
685 350 9 12 0.030582942 
733 461 40 33 0.030524101 
6 498 13 17 0.030479683 
921 365 24 31 0.030379932 
166 404 11 13 0.030371016 
966 306 11 14 0.030154161 
559 371 13 16 0.030125188 
579 417 18 25 0.030021492 
630 339 18 23 0.030020004 
460 363 12 16 0.02991903 
709 343 12 14 0.029861506 
960 253 8 10 0.029860415 
565 365 12 16 0.02973195 
399 352 12 17 0.029658156 
616 358 18 23 0.029657835 
54 417 46 53 0.029615084 
574 25 8 9 0.029577408 
470 341 20 24 0.029438889 
436 370 14 17 0.029321566 
729 308 14 17 0.029239513 
535 37 11 13 0.029066216 
365 466 28 46 0.02883429 
733 364 14 17 0.02875265 
820 315 12 17 0.028587282 
840 314 12 18 0.028581977 
368 360 11 15 0.028427484 
488 330 21 24 0.028420186 
454 100 11 13 0.028390644 
591 375 10 12 0.028378032 
638 353 11 16 0.028296147 
900 459 17 22 0.02819246 
444 325 16 20 0.027946236 
265 376 8 10 0.027912248 
191 405 9 12 0.027791474 
285 412 16 19 0.027620133 
664 349 14 17 0.027603116 
939 291 12 14 0.027443346 
6 416 22 26 0.02736217 
833 236 12 16 0.02721681 
312 383 28 35 0.027206348 
37 441 13 16 0.027088774 
1006 279 16 23 0.026981207 
190 412 9 11 0.026800241 
416 349 11 13 0.026625441 
492 346 14 16 0.026363173 
12 497 15 20 0.026291514 
704 346 18 23 0.026279364 
342 385 15 20 0.026157038 
378 377 15 21 0.026149211 
902 296 18 23 0.026061857 
868 329 14 19 0.025930058 
772 347 13 18 0.02573722 
706 316 10 14 0.025722938 
640 335 9 11 0.025669668 
360 393 14 18 0.025631282 
150 407 10 12 0.025616234 
452 340 13 17 0.025512852 
784 362 12 15 0.025478765 
569 24 9 12 0.02540101 
402 377 26 33 0.025365133 
822 384 14 18 0.025364166 
631 389 11 15 0.02533821 
614 445 12 16 0.025324937 
55 413 10 13 0.025288094 
387 331 11 14 0.025165645 
766 361 13 15 0.025161274 
688 308 10 13 0.025133869 
488 353 13 16 0.025089588 
280 399 41 50 0.025029121 
553 377 30 29 0.024975203 
952 394 41 45 0.02490235 
257 377 8 9 0.024901204 
716 390 16 21 0.024771135 
839 281 11 15 0.024686104 
975 299 11 16 0.024683187 
419 341 13 16 0.024662595 
730 400 29 32 0.024568046 
968 386 37 41 0.024524193 
621 405 21 31 0.024456698 
526 363 14 16 0.024417773 
950 302 14 20 0.024388224 
724 430 31 43 0.024370264 
694 307 10 13 0.024336189 
755 342 15 20 0.024174597 
729 388 27 31 0.024174122 
653 334 20 24 0.024164502 
79 402 21 25 0.02409187 
368 356 23 31 0.023911957 
909 245 9 10 0.023897069 
373 332 11 14 0.023814442 
829 229 11 13 0.02376813 
438 393 21 31 0.023726393 
149 275 15 18 0.023651116 
396 391 25 30 0.023598982 
144 412 12 15 0.023444965 
399 333 11 14 0.023354977 
144 284 11 15 0.023171827 
326 382 28 36 0.023137229 
284 394 21 27 0.023018308 
749 315 10 13 0.02293036 
461 340 13 15 0.022811048 
835 374 16 19 0.02277727 
10 452 23 31 0.022718783 
885 255 9 11 0.022481445 
120 390 8 11 0.022401365 
793 414 16 23 0.022283396 
881 231 7 10 0.02225354 
250 445 46 57 0.022125673 
222 394 12 15 0.022115398 
703 343 12 15 0.02207173 
213 390 11 13 0.022042634 
22 490 15 19 0.02196505 
279 385 20 23 0.0219095 
825 299 13 16 0.021900779 
615 369 21 30 0.021878526 
742 296 20 24 0.02183784 
157 276 16 20 0.021796888 
721 464 28 41 0.0217236 
613 436 11 15 0.021691954 
581 373 11 13 0.021671036 
66 479 26 34 0.021644287 
206 404 10 12 0.02163566 
190 390 10 11 0.021630052 
726 342 11 15 0.021595938 
0 426 18 27 0.02153626 
697 296 9 12 0.02150609 
95 449 17 23 0.021499788 
717 352 19 25 0.021483364 
101 444 12 17 0.021467747 
684 402 12 16 0.021465428 
845 272 10 13 0.021454321 
734 301 11 14 0.02143884 
200 419 11 13 0.02143517 
51 431 20 27 0.021376375 
551 393 31 34 0.021349221 
547 414 34 35 0.021341097 
387 393 14 20 0.021296045 
380 317 21 27 0.02123269 
13 490 13 18 0.021171408 
1001 212 10 13 0.020956023 
779 307 14 17 0.020907048 
653 379 12 17 0.020823497 
315 379 14 19 0.020798393 
790 301 11 15 0.020781906 
592 24 7 9 0.020775009 
957 261 9 12 0.02074816 
538 358 15 19 0.020682972 
-5 186 47 73 0.02066782 
96 484 30 41 0.020646818 
693 316 9 13 0.020552944 
369 325 24 29 0.020526554 
714 433 23 36 0.020521706 
438 328 15 18 0.020518327 
668 323 10 14 0.020347754 
451 366 20 26 0.02029696 
286 368 7 10 0.020283721 
438 387 16 22 0.020281827 
13 420 13 16 0.020256659 
521 333 19 24 0.020176753 
766 346 13 18 0.02015932 
455 351 21 25 0.020113396 
7 495 26 32 0.020037841 
111 433 11 14 0.020002259 
