8_Election_Campain_Election_Campaign_8_174
717
737 484 63 71 0.999303 
266 453 31 39 0.9990433 
129 413 34 44 0.99899286 
899 509 58 73 0.99889684 
311 442 30 33 0.99881446 
608 418 24 29 0.9988122 
584 458 39 47 0.9987159 
69 470 45 54 0.99812263 
742 444 32 36 0.997741 
8 480 46 56 0.99744654 
206 432 33 41 0.99706846 
503 343 32 40 0.9962857 
817 574 86 122 0.99616665 
167 423 30 37 0.9956494 
169 529 71 78 0.99563956 
951 465 40 51 0.9947484 
623 503 42 53 0.9946414 
198 478 37 44 0.9943869 
930 420 29 39 0.99425125 
386 537 73 85 0.9939044 
166 453 37 44 0.9934424 
297 486 45 52 0.9933529 
580 415 28 32 0.99292094 
453 448 40 44 0.9920615 
850 385 18 23 0.9913728 
656 421 23 28 0.99043244 
167 609 83 89 0.9889402 
822 441 29 34 0.98848736 
420 428 28 32 0.9825618 
990 333 13 15 0.981859 
434 446 27 38 0.98013294 
91 393 22 29 0.9794063 
771 380 17 21 0.9780824 
890 391 16 24 0.97413176 
693 397 18 24 0.9706407 
876 460 41 49 0.9694996 
258 422 27 28 0.9661257 
754 372 16 21 0.9630304 
979 405 23 28 0.95508933 
49 426 24 28 0.9462176 
449 616 75 87 0.94050395 
613 359 13 17 0.93606275 
805 413 19 24 0.9339773 
247 420 24 29 0.9296924 
346 393 14 19 0.9286299 
954 419 25 32 0.9256344 
52 445 28 37 0.91978 
432 381 18 23 0.9093984 
320 473 35 46 0.90411514 
578 341 11 15 0.8872683 
428 437 26 33 0.8830593 
33 386 21 27 0.8829032 
183 350 9 11 0.8702119 
936 338 19 24 0.84360945 
727 397 18 22 0.8176589 
214 402 22 28 0.8062483 
854 308 11 14 0.8053202 
306 415 23 26 0.7914985 
491 330 13 16 0.7912774 
171 373 14 17 0.78895336 
1011 362 12 19 0.7807383 
675 363 11 14 0.7712905 
667 462 25 35 0.73283046 
932 392 23 26 0.7272064 
291 422 18 23 0.72205347 
557 357 12 14 0.7198274 
721 431 19 23 0.70751774 
428 502 43 59 0.6947419 
577 376 15 19 0.68868446 
871 385 15 20 0.685712 
402 398 15 20 0.68126017 
627 378 15 18 0.6667018 
893 338 11 14 0.6496704 
758 413 27 29 0.6430596 
228 380 14 16 0.6310013 
725 374 11 14 0.62582386 
641 340 10 13 0.6042248 
475 368 14 19 0.6013584 
971 337 11 15 0.5900352 
795 398 19 22 0.58314615 
336 379 11 14 0.5761025 
656 398 19 21 0.5755127 
114 340 13 16 0.55542773 
665 336 10 13 0.55029625 
487 591 66 75 0.54238653 
129 373 11 14 0.5311466 
163 349 9 11 0.52287674 
830 373 14 18 0.51638734 
596 379 12 15 0.49364376 
281 373 10 13 0.48989016 
676 385 13 16 0.486454 
313 379 9 12 0.48374194 
1001 439 25 39 0.4662061 
151 392 15 20 0.45616588 
999 386 18 22 0.4463053 
445 418 25 29 0.44228333 
624 344 9 11 0.44189203 
728 342 9 12 0.43487278 
706 373 9 12 0.42419493 
496 380 11 14 0.39950043 
93 377 12 15 0.3984741 
636 380 15 17 0.39842802 
176 464 40 48 0.39759156 
255 381 10 12 0.35860458 
741 366 10 13 0.3526512 
798 372 15 18 0.3413818 
665 595 74 75 0.33759883 
543 372 14 17 0.3211355 
876 374 12 15 0.30177268 
679 451 27 33 0.2992626 
239 400 15 21 0.29820147 
981 292 9 11 0.2870248 
39 362 11 13 0.28653252 
1 373 11 15 0.2760427 
409 375 9 11 0.27514005 
272 364 8 11 0.26700017 
69 392 17 19 0.26378873 
941 296 9 11 0.25513917 
376 375 12 15 0.25298 
255 374 10 12 0.23793866 
455 381 13 16 0.23443551 
179 403 13 17 0.23373082 
319 349 8 11 0.22794273 
130 390 17 21 0.22739945 
279 368 9 11 0.22457126 
190 370 9 12 0.22025318 
821 378 15 19 0.21857719 
711 367 11 13 0.2150484 
299 374 8 11 0.21198286 
0 397 9 15 0.21005993 
38 332 8 11 0.20465863 
466 518 36 57 0.20449588 
21 342 8 10 0.20082328 
660 377 12 15 0.20039551 
917 346 11 14 0.1991031 
1014 299 9 13 0.19743441 
55 408 17 20 0.1973399 
996 296 8 10 0.19671719 
12 370 10 13 0.19398504 
95 359 9 11 0.19162601 
800 406 20 25 0.18759182 
928 399 27 36 0.1851843 
564 378 13 16 0.1824465 
398 340 9 11 0.17686799 
467 345 14 18 0.17442138 
186 365 9 13 0.17409092 
206 373 11 14 0.17117761 
319 330 6 8 0.16106972 
215 371 11 14 0.1595307 
718 436 26 32 0.15869199 
263 358 8 11 0.15823269 
409 326 7 9 0.15779655 
136 388 19 25 0.15702453 
437 425 28 33 0.15640593 
255 368 10 12 0.15564136 
21 351 9 11 0.15509973 
845 175 10 13 0.15471464 
406 513 59 74 0.15132613 
231 357 9 10 0.15124412 
184 353 10 13 0.15075995 
430 366 11 14 0.14926717 
387 404 13 16 0.146673 
903 308 10 12 0.1463589 
835 402 16 19 0.14104769 
920 302 8 10 0.14034393 
219 368 10 12 0.14019641 
716 365 10 12 0.13797532 
760 410 16 19 0.13721223 
902 302 9 12 0.13489157 
24 355 9 12 0.1343716 
916 394 12 19 0.13293195 
141 381 13 16 0.13204618 
684 327 8 10 0.1292814 
224 342 8 9 0.12592444 
720 377 13 18 0.12540671 
232 335 7 8 0.122752935 
61 364 13 15 0.12064104 
392 326 6 9 0.12006006 
653 377 14 17 0.11852849 
328 367 9 10 0.11780284 
409 400 15 21 0.11638941 
320 345 7 9 0.1162368 
360 381 11 14 0.113731064 
161 343 10 12 0.113487214 
192 333 7 9 0.112687096 
571 422 26 34 0.11159045 
565 356 11 14 0.110397376 
298 380 10 12 0.109761626 
685 380 11 14 0.108926296 
353 365 9 12 0.1075121 
5 418 14 22 0.10475922 
131 381 14 17 0.10366097 
976 521 37 55 0.10363946 
83 447 25 30 0.103594765 
928 300 9 10 0.10229061 
918 319 8 12 0.101376355 
784 311 7 10 0.10054488 
965 299 11 12 0.100019604 
290 358 8 11 0.099566266 
7 366 13 16 0.09882778 
353 329 8 9 0.09794485 
158 335 8 10 0.09787477 
690 446 23 31 0.09730999 
392 352 8 9 0.0967212 
694 373 10 13 0.09658132 
284 401 16 20 0.095755145 
716 449 27 39 0.093603544 
199 342 7 10 0.093393475 
303 337 7 10 0.09338761 
359 375 8 12 0.092624456 
37 375 13 16 0.09214092 
201 372 9 12 0.09082726 
452 334 10 12 0.090516165 
285 408 22 28 0.09043867 
479 359 11 14 0.0904271 
452 359 11 14 0.09014743 
353 361 9 11 0.090034634 
53 346 10 13 0.08996252 
384 415 24 33 0.089143984 
629 347 10 12 0.08872514 
89 374 12 15 0.08714829 
241 410 23 30 0.08702197 
8 349 9 12 0.08641446 
578 443 35 44 0.08611186 
74 340 8 12 0.085487776 
334 341 8 10 0.08541938 
688 376 11 13 0.0847458 
572 354 11 15 0.08416296 
78 336 7 10 0.08348289 
280 395 13 16 0.08340103 
760 437 26 31 0.08330842 
248 359 8 9 0.08326447 
280 390 10 13 0.082751945 
236 374 11 13 0.081761345 
832 369 10 12 0.08060629 
374 325 8 10 0.08049874 
172 309 9 11 0.08022327 
727 368 11 14 0.07938662 
415 350 8 10 0.07930926 
54 366 12 15 0.07915555 
943 392 18 20 0.079143055 
900 335 10 13 0.07901963 
448 333 10 12 0.07801682 
644 376 13 16 0.0779979 
1004 436 19 23 0.077925324 
485 359 10 13 0.077898465 
52 381 14 18 0.077792734 
927 346 11 14 0.07772222 
116 400 15 20 0.07751235 
98 350 8 11 0.07697658 
758 312 8 10 0.0748509 
936 299 9 11 0.07439381 
34 334 8 10 0.07431648 
653 406 24 29 0.07413538 
217 335 6 8 0.0739446 
358 329 7 9 0.07243845 
36 381 15 19 0.07243684 
152 335 8 11 0.07235917 
753 316 9 11 0.0720904 
787 462 27 33 0.071975656 
1003 396 16 22 0.07171314 
272 425 16 19 0.07138689 
772 364 13 16 0.07124436 
730 440 29 35 0.07081686 
152 359 9 11 0.07079035 
791 311 8 10 0.070771866 
351 370 10 13 0.070672475 
78 340 9 12 0.07050164 
31 357 10 12 0.07023809 
238 368 8 10 0.069788165 
193 432 27 34 0.06888431 
744 313 7 10 0.06854513 
613 394 14 17 0.068479195 
319 333 7 10 0.06830338 
961 300 10 11 0.06785678 
285 368 9 11 0.06638632 
753 391 16 19 0.06616653 
335 337 7 9 0.06607108 
771 359 11 13 0.06559608 
431 543 53 67 0.0652173 
444 380 13 18 0.06502569 
37 312 9 12 0.064214356 
766 312 7 9 0.06416415 
248 366 10 12 0.063783534 
591 374 13 17 0.062322173 
696 367 8 11 0.062320273 
902 296 8 11 0.062299132 
76 393 23 28 0.062027924 
389 398 12 15 0.06190652 
633 359 9 12 0.061420936 
207 388 11 14 0.06068065 
122 396 20 24 0.06053728 
636 363 12 16 0.060093515 
666 396 15 19 0.060082827 
302 368 8 10 0.059913002 
693 378 11 14 0.059695665 
620 395 15 18 0.059572924 
22 335 9 11 0.05928697 
390 400 19 24 0.05920624 
990 449 30 45 0.058906663 
452 372 16 19 0.058709603 
155 380 12 15 0.057912715 
446 349 10 12 0.057694845 
337 359 7 9 0.05736677 
315 328 7 9 0.056974348 
407 322 7 9 0.05676784 
898 301 9 11 0.05639716 
49 343 10 12 0.056159396 
263 364 8 12 0.056043234 
896 396 17 21 0.055842184 
708 376 13 17 0.05581444 
324 404 15 17 0.05526566 
909 309 8 11 0.055090982 
424 385 13 18 0.05507318 
603 379 13 15 0.054982156 
101 375 10 13 0.05490504 
74 336 8 10 0.054765683 
658 390 16 19 0.053981155 
136 351 9 10 0.0534676 
147 380 13 16 0.05269355 
399 561 88 104 0.05257543 
757 317 8 9 0.05233039 
256 352 8 10 0.05207405 
63 443 29 34 0.05198887 
358 359 10 11 0.051985875 
981 363 15 17 0.051945787 
31 374 12 15 0.051723994 
213 359 10 11 0.051660586 
369 326 8 10 0.05146053 
548 365 12 14 0.051434353 
340 376 11 14 0.051367518 
186 334 8 10 0.051065113 
223 385 15 16 0.051043913 
97 344 9 11 0.05058131 
982 299 10 12 0.05053629 
710 465 32 42 0.050449803 
382 342 8 10 0.05018774 
676 371 12 14 0.05000926 
565 438 13 19 0.04937039 
45 384 21 26 0.049111187 
206 368 10 12 0.048932925 
186 328 8 10 0.048765726 
816 384 14 18 0.04868887 
189 380 11 14 0.048672 
978 288 10 11 0.048565026 
867 463 29 41 0.048111003 
393 334 8 11 0.047998864 
34 329 8 10 0.047792524 
384 398 11 14 0.04761481 
21 312 8 11 0.047421686 
408 471 26 34 0.04730046 
415 344 8 10 0.04692259 
265 435 32 39 0.046890963 
693 458 29 34 0.046780318 
238 424 22 31 0.0467787 
206 394 11 17 0.0466361 
130 367 12 15 0.046495117 
538 274 15 18 0.046312507 
992 398 20 27 0.046228074 
446 328 9 11 0.04602684 
993 299 11 13 0.045995932 
62 392 15 18 0.045746595 
910 366 11 14 0.045530085 
224 356 9 12 0.045479756 
8 343 8 12 0.045294024 
364 379 12 17 0.044591613 
443 411 21 23 0.044446036 
45 363 11 14 0.044433944 
636 391 13 18 0.044211723 
174 406 25 28 0.04403573 
368 375 9 12 0.04399142 
761 371 16 20 0.043991208 
980 459 29 37 0.04384864 
165 354 10 13 0.04380782 
896 462 30 37 0.04366025 
600 531 23 35 0.043230616 
945 309 9 12 0.04316588 
22 327 8 10 0.04299958 
175 562 49 52 0.04271907 
133 399 25 31 0.0426161 
825 425 25 34 0.042511705 
415 452 31 42 0.042452715 
671 381 13 16 0.042405065 
788 379 13 17 0.042355087 
790 372 14 18 0.042250123 
181 370 11 16 0.042239573 
181 380 11 14 0.04221728 
912 318 10 12 0.04195762 
383 336 9 10 0.041604996 
912 343 10 13 0.04136981 
380 383 13 18 0.041141883 
918 393 21 29 0.040692095 
560 419 23 33 0.04068817 
262 353 7 10 0.040674176 
286 325 8 11 0.040596757 
592 421 19 23 0.040392842 
234 366 10 11 0.04024199 
299 337 7 9 0.04020542 
385 320 7 9 0.039910845 
777 312 8 9 0.03988091 
342 358 7 10 0.03983871 
20 318 9 11 0.039819792 
225 351 8 10 0.039798427 
685 445 18 23 0.03957604 
493 373 19 26 0.039395273 
46 327 8 10 0.039330512 
16 348 10 13 0.03932258 
713 360 10 13 0.039235394 
680 332 9 12 0.039172012 
387 378 11 15 0.039152004 
291 396 14 17 0.03908316 
716 420 18 21 0.039071575 
733 349 10 11 0.039026238 
30 261 8 11 0.03900024 
713 324 11 13 0.03898865 
59 465 35 43 0.038841996 
629 391 14 20 0.038758717 
600 342 7 11 0.038459577 
987 373 15 18 0.038442735 
644 336 11 14 0.038408846 
475 349 12 17 0.03825443 
329 373 8 11 0.038109586 
25 262 9 10 0.037976637 
314 407 22 27 0.037938006 
224 337 7 9 0.037860688 
294 352 8 9 0.03767453 
334 376 18 23 0.037483416 
344 351 6 9 0.037469957 
88 365 10 13 0.037170373 
534 370 13 18 0.037122976 
8 357 11 14 0.03709753 
655 319 9 11 0.036875166 
732 371 12 15 0.036779102 
305 358 7 10 0.036681898 
991 289 9 10 0.036625855 
492 329 20 24 0.036350504 
825 414 22 28 0.036228266 
655 325 9 11 0.036130685 
238 358 9 10 0.03607405 
910 464 26 33 0.03593986 
670 351 10 12 0.035815716 
903 372 11 13 0.03570265 
668 510 14 20 0.035659295 
214 350 9 12 0.03564954 
421 404 13 17 0.03549188 
468 308 9 12 0.035439063 
620 381 17 21 0.035344794 
272 325 8 10 0.035112634 
406 342 8 10 0.03498007 
177 399 11 13 0.034900766 
150 339 9 12 0.034899496 
1012 352 11 16 0.034750856 
224 403 16 21 0.034693465 
313 351 8 11 0.03469267 
289 351 8 10 0.034677543 
198 335 7 10 0.03441 
574 435 26 35 0.034406353 
767 431 19 24 0.034300726 
23 302 7 9 0.034034148 
257 335 8 10 0.034023818 
357 386 13 18 0.03400015 
87 389 15 20 0.033926394 
178 435 36 44 0.03390913 
657 334 9 12 0.033876464 
196 278 12 14 0.033794962 
946 351 15 19 0.033632334 
692 392 14 18 0.033569712 
965 317 11 13 0.033453867 
180 345 18 22 0.033399973 
296 367 8 10 0.033306196 
409 349 8 10 0.033256743 
713 334 9 11 0.033183023 
606 395 14 17 0.033182446 
730 303 8 11 0.03316917 
446 372 14 17 0.03303828 
682 386 13 18 0.03297115 
256 357 10 12 0.032915264 
871 340 9 13 0.032826494 
413 366 11 14 0.03274104 
85 342 8 11 0.032737594 
248 374 10 12 0.032684796 
606 386 14 16 0.032631863 
125 341 9 12 0.032543544 
442 327 8 11 0.03242059 
705 443 27 33 0.032316007 
284 391 12 14 0.032148983 
274 407 24 28 0.0320652 
329 361 8 10 0.032046754 
375 321 8 10 0.03197151 
909 482 50 63 0.031929333 
645 345 10 13 0.031914365 
471 377 12 15 0.031862035 
1013 410 12 17 0.031861495 
733 334 9 12 0.031854827 
103 344 7 10 0.031714763 
765 363 12 16 0.031630028 
173 303 9 11 0.031589624 
846 370 12 16 0.031499047 
441 332 9 11 0.031419963 
157 366 11 13 0.03131662 
234 386 13 16 0.031155925 
329 342 7 10 0.03114835 
337 328 7 8 0.031114995 
55 419 20 24 0.031018483 
661 320 8 10 0.030653104 
699 475 38 47 0.030602327 
250 380 10 13 0.030600064 
568 465 27 36 0.030375892 
1009 296 8 10 0.030359425 
334 366 8 10 0.03028375 
596 365 12 14 0.030230757 
443 440 29 37 0.030228311 
328 336 7 9 0.03021064 
442 347 9 13 0.030123781 
869 368 11 12 0.03010543 
544 358 12 15 0.030008284 
911 379 14 21 0.029988024 
498 577 48 57 0.029951567 
850 315 9 12 0.029896695 
237 335 8 9 0.029867165 
297 369 18 22 0.029691795 
448 342 10 13 0.029657321 
983 376 15 20 0.02956776 
211 377 12 15 0.029450634 
466 347 22 26 0.029407984 
311 422 28 33 0.029170662 
911 296 8 10 0.028980857 
735 327 8 10 0.02897859 
591 365 11 14 0.028785314 
476 333 11 15 0.028774817 
369 320 7 10 0.028568663 
427 371 20 25 0.028567167 
593 493 26 33 0.028522605 
361 350 9 11 0.028351197 
312 460 33 41 0.028277228 
184 431 18 24 0.028148837 
497 335 26 33 0.028128665 
424 634 60 64 0.028039126 
611 383 22 25 0.028036943 
23 365 11 14 0.027960153 
554 353 20 25 0.0278646 
605 371 14 16 0.027847243 
277 360 8 11 0.02777744 
975 396 35 46 0.027756616 
313 334 8 10 0.027749747 
183 287 9 11 0.027713537 
391 322 7 9 0.027698243 
455 360 22 26 0.027625052 
62 432 20 24 0.027586691 
401 373 9 13 0.027547458 
159 342 17 23 0.027506433 
565 534 40 59 0.027402848 
911 303 9 11 0.027359106 
669 369 14 17 0.027343059 
160 373 11 15 0.0273411 
857 448 28 35 0.027211925 
232 329 8 10 0.027017886 
214 397 14 19 0.027014012 
684 621 44 45 0.026991216 
873 315 10 14 0.02695767 
718 319 7 10 0.02693996 
200 348 9 11 0.026700502 
8 335 7 10 0.026575204 
423 371 13 15 0.026508823 
984 327 12 16 0.026494034 
158 355 11 14 0.026452057 
249 352 7 9 0.026272245 
20 395 12 17 0.026185222 
686 358 9 11 0.02611541 
789 341 8 11 0.026112959 
46 333 8 10 0.026080227 
952 119 10 11 0.025965218 
397 349 9 11 0.025899624 
285 428 19 23 0.025795022 
424 494 33 49 0.025741823 
213 390 11 14 0.025671279 
174 336 8 9 0.025660058 
424 345 8 11 0.025553599 
655 437 26 35 0.025527349 
714 487 28 38 0.025438868 
272 381 9 11 0.02534802 
791 351 9 12 0.025322553 
249 343 7 9 0.025260411 
983 279 8 11 0.025155427 
475 339 12 17 0.025154648 
523 260 10 12 0.025102494 
661 114 32 41 0.0250569 
887 474 47 58 0.024951154 
613 404 15 19 0.024874302 
192 341 8 11 0.024836807 
444 466 49 61 0.024756117 
33 315 10 12 0.024752012 
411 378 12 14 0.024629919 
457 379 23 27 0.024483634 
87 294 9 11 0.02446652 
824 378 20 25 0.024404496 
476 503 28 51 0.0243964 
418 476 15 20 0.024389142 
333 417 12 17 0.024332274 
695 320 10 12 0.024294643 
879 370 11 13 0.024164788 
419 387 21 27 0.02416158 
88 272 9 10 0.024135143 
574 417 18 22 0.024132619 
610 463 29 34 0.024128102 
38 288 8 11 0.024039486 
305 350 8 10 0.02401982 
793 498 26 41 0.024010021 
903 314 11 13 0.023969254 
399 392 12 16 0.023893254 
752 301 9 10 0.023873707 
917 352 12 17 0.023867944 
803 368 12 16 0.023800036 
608 508 40 56 0.02376227 
256 328 8 10 0.023699844 
724 386 20 26 0.023623876 
1007 286 9 11 0.023608768 
662 327 10 13 0.02350547 
142 351 8 10 0.0234964 
882 372 12 16 0.023478216 
384 350 8 11 0.023433264 
543 360 19 24 0.023357762 
190 294 9 11 0.023356415 
613 381 12 16 0.02329045 
262 336 7 10 0.02325559 
645 393 13 17 0.023239683 
779 374 14 17 0.023229707 
903 391 18 26 0.023222355 
199 396 12 18 0.02321963 
167 486 51 63 0.023200944 
71 269 9 10 0.023198057 
430 344 9 11 0.023110213 
7 317 8 11 0.02310592 
474 571 57 70 0.023069417 
737 357 11 14 0.023049576 
955 347 12 16 0.023039678 
419 479 28 39 0.023010852 
65 267 9 11 0.023003519 
464 372 22 24 0.022850132 
56 286 9 12 0.022842938 
14 357 10 13 0.022767888 
545 541 45 59 0.02274921 
706 363 18 22 0.022661557 
278 368 18 22 0.022619396 
256 342 7 8 0.02261562 
836 327 9 12 0.022527585 
416 357 9 11 0.022523662 
145 342 9 11 0.022518462 
395 419 27 35 0.022439683 
914 463 38 48 0.022436459 
736 318 8 9 0.02238522 
337 351 7 10 0.02233953 
344 327 7 9 0.022333123 
30 363 13 16 0.022293855 
425 410 15 18 0.022293838 
58 401 24 30 0.022272324 
399 367 10 12 0.022196768 
294 389 12 14 0.022176044 
702 336 9 10 0.022134518 
851 305 18 21 0.022102145 
333 393 15 19 0.022064744 
898 308 10 13 0.022011729 
1010 402 13 20 0.022009479 
933 454 28 37 0.02197881 
69 260 10 13 0.021898583 
735 67 60 88 0.021898532 
43 379 15 21 0.021883952 
32 339 10 12 0.021877173 
720 312 7 9 0.021870697 
928 518 49 62 0.02185897 
648 414 23 29 0.021848999 
728 308 9 12 0.021838633 
696 335 9 11 0.021832507 
238 352 8 10 0.021817952 
311 357 8 9 0.021813158 
45 373 12 17 0.021706713 
298 342 8 10 0.021693055 
964 308 12 13 0.021606322 
173 385 12 15 0.021482766 
167 369 12 14 0.021438641 
667 386 20 23 0.021372309 
133 355 12 13 0.021342019 
209 350 9 12 0.021325843 
862 340 11 15 0.021317655 
463 401 12 16 0.021282006 
408 368 10 14 0.0212188 
830 407 16 21 0.021207115 
162 481 36 45 0.02106638 
382 369 11 13 0.021061487 
925 318 9 12 0.021040488 
721 341 9 12 0.021003108 
217 341 7 10 0.020965291 
200 377 12 16 0.020774484 
106 395 15 22 0.020760294 
0 413 11 19 0.02074087 
376 350 9 11 0.020721331 
154 438 29 40 0.020705143 
680 467 33 37 0.020694455 
273 372 10 12 0.020677123 
343 343 7 9 0.020651013 
977 283 18 22 0.020634899 
328 388 11 13 0.020586377 
407 368 19 24 0.020541234 
185 302 9 11 0.020530248 
153 363 9 12 0.02049354 
375 369 10 12 0.020438509 
462 353 14 17 0.020408848 
229 341 9 10 0.02037191 
43 433 31 36 0.020305501 
623 375 13 17 0.02024782 
280 321 9 11 0.02022006 
189 508 57 69 0.020218235 
400 328 7 9 0.020173294 
288 345 7 9 0.020105561 
143 357 8 11 0.020078486 
38 340 9 12 0.020057008 
659 500 24 34 0.020009551 
