8_Election_Campain_Election_Campaign_8_118
156
712 376 106 129 0.9996939 
291 165 55 69 0.99942493 
532 167 35 46 0.998552 
405 207 72 92 0.99846846 
888 331 58 76 0.99752134 
994 237 31 38 0.9952057 
649 201 36 42 0.9948125 
693 244 88 126 0.9926514 
174 215 38 50 0.98842084 
531 292 66 106 0.9796704 
362 172 41 58 0.9717927 
215 190 41 51 0.9704737 
959 272 35 43 0.95661145 
148 196 45 61 0.9459999 
211 279 37 52 0.8752842 
889 234 23 34 0.57502687 
104 199 36 52 0.5116958 
921 484 106 195 0.47055912 
2 553 23 40 0.4486664 
960 226 15 17 0.41306955 
990 327 36 46 0.38675046 
884 245 24 37 0.35826406 
818 229 35 64 0.2717832 
901 200 10 12 0.2581635 
597 196 12 16 0.25656623 
805 183 11 13 0.24735962 
860 184 10 12 0.23260929 
866 226 38 55 0.21546166 
952 200 11 12 0.2133804 
584 164 10 12 0.20156838 
773 183 10 14 0.19433342 
983 201 12 15 0.18440966 
721 196 19 24 0.16230965 
195 202 40 53 0.16026667 
811 220 31 45 0.15310895 
712 186 9 13 0.1367729 
822 182 8 11 0.13466933 
899 232 12 17 0.12194547 
626 160 13 17 0.11551717 
53 190 29 45 0.10522271 
588 234 21 30 0.10320435 
810 216 18 22 0.101181515 
236 420 14 19 0.09622572 
931 190 11 13 0.09557806 
638 197 13 19 0.0949665 
116 197 47 58 0.08893018 
885 194 11 14 0.08815849 
641 196 29 35 0.08206462 
945 180 11 15 0.078409016 
985 208 19 21 0.06646115 
990 276 28 37 0.06508127 
950 225 14 18 0.063023314 
498 179 25 41 0.06276979 
909 244 11 16 0.056434937 
604 322 60 82 0.055434488 
907 254 21 30 0.05421181 
845 182 8 10 0.054141674 
950 239 17 22 0.052148867 
817 218 18 23 0.051495332 
948 485 68 106 0.048419368 
383 201 34 51 0.046183683 
954 233 18 20 0.04557306 
832 228 30 54 0.044701852 
721 172 10 12 0.04462637 
715 188 13 16 0.044271596 
711 235 56 77 0.04327322 
727 198 26 30 0.042985406 
826 68 17 23 0.042766858 
993 263 27 35 0.040651944 
0 609 42 62 0.039502233 
972 258 39 52 0.039237406 
639 157 10 13 0.038806017 
814 180 12 14 0.03872904 
977 197 11 15 0.03864748 
724 173 12 14 0.038467437 
863 331 56 82 0.03678739 
880 192 11 13 0.03672335 
1012 187 11 18 0.036634866 
832 417 58 93 0.036544316 
92 239 13 17 0.035321113 
632 148 12 14 0.03520809 
87 207 45 61 0.034954492 
913 262 25 33 0.03493431 
947 186 13 15 0.03300546 
688 288 105 178 0.032685984 
70 198 43 57 0.032609597 
815 175 9 11 0.0324628 
928 195 10 13 0.031813674 
763 212 17 20 0.0311983 
946 198 10 12 0.03119041 
855 194 14 15 0.031123305 
651 167 14 17 0.03111619 
868 35 13 15 0.030448347 
840 176 8 10 0.030075315 
915 253 14 19 0.02943351 
804 214 29 38 0.028999427 
1007 203 12 17 0.02894804 
920 190 8 10 0.02886683 
723 190 15 18 0.028855393 
1000 61 22 36 0.027374227 
976 274 18 25 0.027182303 
783 388 92 133 0.026957806 
101 243 15 20 0.026648257 
982 222 25 29 0.026583927 
910 191 8 9 0.026552407 
591 190 20 27 0.026431898 
949 246 28 33 0.026388861 
499 141 13 17 0.026382262 
62 243 12 15 0.026351145 
717 180 13 17 0.02621946 
741 44 12 15 0.026196288 
632 197 22 29 0.025984883 
705 186 11 15 0.02534526 
732 174 11 14 0.025296792 
474 410 61 63 0.02517574 
895 255 16 25 0.025045376 
855 183 19 22 0.025003055 
965 197 10 14 0.024832511 
643 158 10 13 0.024818601 
907 197 10 13 0.024771318 
801 180 19 23 0.024676789 
158 177 31 57 0.024414819 
911 251 12 17 0.02437865 
812 204 15 18 0.024230154 
636 144 10 12 0.024007443 
956 255 28 35 0.023972085 
870 189 9 12 0.02385261 
599 142 9 13 0.023663033 
679 69 9 11 0.022913612 
822 54 10 13 0.022802988 
1001 280 17 22 0.0225599 
733 180 11 14 0.022389205 
565 297 83 105 0.022185072 
823 186 9 12 0.02209351 
655 76 12 16 0.021937251 
827 223 17 29 0.021893773 
646 165 12 16 0.021838851 
85 221 28 38 0.02183167 
597 146 12 16 0.021751966 
913 271 35 48 0.021655643 
958 190 10 13 0.02164729 
884 421 93 134 0.021557871 
789 10 18 22 0.02155167 
994 203 14 18 0.021523112 
959 374 53 65 0.021504218 
0 559 39 68 0.021482896 
980 189 15 18 0.021421744 
807 176 11 14 0.021199277 
920 199 10 12 0.021190507 
589 229 16 21 0.020871988 
949 194 18 23 0.020763991 
731 189 16 19 0.02066801 
981 216 16 19 0.020257298 
-6 331 82 142 0.02024219 
793 3 16 16 0.020193579 
850 408 89 130 0.020141052 
