8_Election_Campain_Election_Campaign_8_269
44
387 201 244 316 0.9999219 
491 1452 16 20 0.08841265 
172 1189 85 64 0.082873546 
627 1305 13 17 0.066963784 
579 1421 13 17 0.05973818 
580 1100 15 20 0.05971335 
493 1322 13 15 0.056590486 
524 1330 13 15 0.047565944 
484 1348 12 17 0.042376194 
519 1294 12 15 0.03937617 
508 1021 15 19 0.03861346 
520 1010 12 16 0.0383236 
180 1171 119 105 0.036006782 
554 1390 14 17 0.035831667 
525 1041 14 19 0.034750883 
519 1329 13 17 0.033467405 
502 1365 13 14 0.032099184 
550 955 13 16 0.03163251 
487 1325 11 15 0.030873828 
484 1169 12 16 0.03016875 
607 1038 14 19 0.02961855 
551 998 12 15 0.029501038 
550 1303 20 29 0.028243672 
599 966 15 20 0.027491206 
481 1296 14 18 0.026941258 
588 1103 15 19 0.0269071 
586 1298 17 19 0.0267116 
565 1348 13 18 0.026468562 
495 1365 11 15 0.02639461 
547 1001 13 18 0.026115784 
629 1449 22 27 0.026076566 
500 1371 16 18 0.026000913 
556 994 12 16 0.02550602 
154 1149 202 202 0.024717882 
509 1390 11 14 0.024326151 
543 1021 13 17 0.023423038 
551 1294 13 16 0.023080112 
575 1152 15 20 0.02242641 
644 1374 16 20 0.02206778 
427 1074 393 486 0.02196091 
555 1427 13 18 0.021582449 
559 1371 14 17 0.02143525 
525 1413 12 15 0.02037292 
526 1374 13 14 0.020312395 
