8_Election_Campain_Election_Campaign_8_148
469
243 370 102 126 0.9998474 
812 287 67 77 0.999345 
676 254 62 69 0.9991615 
626 348 89 111 0.9990596 
888 422 70 82 0.9986033 
965 295 59 76 0.9985281 
428 293 83 107 0.9980673 
733 259 65 78 0.99777156 
2 208 69 94 0.99760216 
502 212 55 65 0.9973502 
719 440 103 154 0.9971675 
571 319 71 88 0.99715924 
426 228 57 65 0.9965264 
373 120 15 20 0.9960783 
585 189 43 55 0.99479717 
194 113 25 31 0.99400395 
316 273 73 95 0.99377453 
128 84 27 33 0.99362224 
478 149 28 33 0.9932074 
504 284 63 98 0.9730367 
861 493 82 109 0.9595988 
93 205 50 59 0.95809 
481 112 16 21 0.94018006 
0 377 64 124 0.93696886 
753 101 10 12 0.93387353 
614 134 16 20 0.93348926 
726 131 16 19 0.8987222 
510 152 20 26 0.8979643 
170 96 20 25 0.88393587 
321 98 20 28 0.8799089 
552 120 15 20 0.8752428 
754 219 32 36 0.87102526 
637 179 23 27 0.87059367 
996 142 15 21 0.8570641 
7 8 14 18 0.84299105 
660 108 10 13 0.77166414 
36 11 12 15 0.7373743 
766 117 10 13 0.7138648 
495 148 26 32 0.66541564 
800 125 10 13 0.6357645 
807 98 10 14 0.62965393 
225 103 18 22 0.61496884 
248 287 56 67 0.5801827 
650 86 9 12 0.5654665 
781 100 10 12 0.55924994 
566 150 18 22 0.53836745 
301 70 9 12 0.5263573 
903 598 90 110 0.5147594 
596 156 25 29 0.51466477 
379 245 52 69 0.5118 
846 124 13 18 0.4960779 
685 91 10 13 0.48926154 
659 148 13 17 0.48727456 
687 121 12 15 0.47154844 
324 93 15 21 0.37912446 
908 248 29 36 0.34348834 
704 124 11 14 0.33808064 
889 124 18 21 0.33727676 
557 73 9 11 0.32848027 
838 129 15 18 0.3190429 
232 55 10 13 0.31142032 
706 116 13 16 0.28641787 
682 87 9 12 0.27812812 
212 55 9 12 0.2710295 
271 66 12 16 0.25787863 
928 180 19 30 0.25397313 
268 76 11 15 0.25323552 
590 102 11 15 0.24597333 
505 95 9 11 0.24031733 
820 130 12 18 0.23141202 
422 247 66 87 0.21941015 
85 470 38 59 0.21724732 
373 135 12 17 0.20291616 
93 14 10 12 0.191634 
317 30 10 13 0.18922639 
703 98 10 12 0.18553445 
823 110 12 16 0.18267058 
666 86 8 11 0.17896655 
269 199 13 17 0.17184621 
339 180 16 19 0.16975918 
520 70 8 10 0.16812468 
487 86 8 12 0.16625936 
495 71 8 11 0.16387288 
159 10 9 12 0.1637766 
117 26 11 14 0.16255642 
949 146 16 20 0.1602951 
755 130 11 15 0.15732087 
340 44 11 13 0.15648873 
67 2 13 16 0.14652461 
758 125 11 15 0.14613235 
343 132 21 24 0.14583957 
301 163 12 16 0.1413347 
275 243 15 17 0.1373265 
630 101 9 11 0.13594595 
884 540 96 123 0.13453816 
393 505 88 118 0.12589715 
489 72 8 10 0.12583447 
604 87 8 10 0.12354077 
153 265 54 89 0.12317318 
288 36 9 11 0.12277079 
179 96 22 27 0.12099675 
735 104 10 12 0.12006416 
630 96 9 12 0.12004931 
900 245 26 31 0.11620784 
302 64 9 12 0.11454015 
554 76 9 11 0.11203754 
951 299 28 43 0.11088652 
921 162 15 22 0.108683504 
246 84 13 17 0.106354795 
931 138 14 19 0.10336176 
337 184 23 26 0.10054021 
898 124 16 20 0.096782774 
836 192 30 43 0.09627612 
270 7 11 13 0.09247462 
727 78 8 11 0.09073578 
615 102 9 12 0.08887739 
589 94 8 11 0.08861783 
790 162 13 17 0.0880868 
585 93 8 11 0.08799071 
629 107 10 13 0.08753167 
996 182 11 16 0.08483986 
153 10 10 13 0.08325332 
621 86 8 10 0.081814356 
700 163 16 19 0.079463184 
36 124 19 25 0.07887426 
836 507 66 94 0.07855228 
139 15 13 15 0.07839902 
186 103 24 29 0.077546574 
728 220 31 34 0.07718483 
188 75 15 19 0.076066166 
588 522 49 57 0.07587148 
366 137 12 16 0.07569444 
270 22 8 10 0.07527015 
635 77 8 11 0.07423914 
876 155 19 23 0.07401758 
550 102 11 13 0.0736172 
54 0 15 18 0.07347828 
464 62 10 11 0.072726935 
939 140 13 18 0.07203661 
656 104 12 15 0.070943266 
897 256 29 39 0.07047793 
923 263 16 22 0.07005617 
734 87 10 12 0.06948231 
617 87 8 10 0.069180235 
44 565 43 59 0.069025144 
810 95 11 13 0.06737651 
704 110 13 15 0.06721244 
751 84 9 11 0.06705119 
114 22 11 14 0.06624775 
678 122 12 16 0.06465032 
190 7 9 11 0.064535245 
221 294 66 87 0.0640948 
936 184 20 30 0.064035274 
255 645 131 130 0.06304953 
520 152 15 22 0.06261952 
278 165 10 13 0.06252382 
924 164 24 34 0.06151776 
528 84 11 15 0.061308138 
212 103 21 28 0.061253823 
624 103 9 11 0.060894888 
24 54 10 14 0.060571857 
61 64 15 22 0.05951062 
166 13 9 12 0.059355795 
704 86 8 10 0.058381937 
891 234 26 31 0.05834107 
743 78 10 11 0.0582335 
355 133 14 17 0.05799543 
707 129 14 17 0.05733831 
294 15 8 10 0.057122793 
987 215 22 29 0.056636658 
261 30 8 11 0.055918343 
597 108 9 12 0.05575623 
356 251 58 76 0.055447858 
396 184 42 47 0.055284083 
1010 419 14 29 0.055148106 
729 94 10 13 0.055052444 
624 107 11 14 0.05492922 
247 37 9 13 0.053644944 
987 692 40 62 0.052755587 
654 81 9 11 0.052684408 
297 63 9 13 0.052245352 
158 576 55 66 0.05208677 
575 100 10 14 0.050937258 
233 322 103 121 0.050474174 
756 165 15 19 0.050297733 
17 547 42 68 0.0498367 
187 93 16 20 0.049823828 
647 81 10 12 0.049603306 
772 468 102 121 0.049081646 
584 105 13 17 0.048879262 
577 95 8 11 0.04830872 
942 144 15 19 0.048138123 
851 121 13 18 0.047610957 
482 86 9 11 0.047472622 
388 137 12 14 0.04719687 
29 51 11 15 0.04698904 
517 77 9 11 0.04693942 
756 96 9 13 0.046596307 
845 196 15 22 0.04657742 
663 81 10 12 0.046458412 
391 229 69 91 0.04515816 
598 79 9 11 0.045068327 
726 64 9 11 0.045006737 
216 99 14 20 0.04470856 
266 188 21 31 0.044661537 
651 89 11 14 0.04400573 
743 85 11 12 0.043524724 
47 4 12 16 0.043417122 
650 363 97 132 0.043133024 
310 63 8 11 0.043023303 
887 226 23 29 0.042525105 
696 80 9 12 0.04249347 
397 134 14 15 0.042487532 
293 280 57 70 0.042460207 
885 117 15 20 0.042233948 
313 36 10 12 0.042176828 
434 148 15 20 0.04207285 
233 108 16 21 0.041913766 
772 115 10 13 0.041433647 
657 113 11 15 0.04110651 
830 130 13 19 0.040864445 
816 125 11 17 0.04042205 
265 24 8 10 0.04039125 
404 138 13 14 0.039665747 
781 105 11 15 0.039379463 
43 10 12 15 0.03908538 
788 52 10 13 0.03878241 
776 109 9 13 0.038734768 
69 93 9 13 0.038475353 
270 293 41 45 0.038350943 
876 451 83 104 0.037926614 
294 74 11 13 0.037830252 
406 148 15 18 0.037820034 
934 559 71 96 0.037531685 
226 60 11 13 0.03749703 
208 59 11 12 0.037366126 
144 58 12 16 0.037190035 
331 149 12 17 0.03712468 
87 19 11 14 0.037035245 
655 48 8 10 0.037000265 
696 403 103 141 0.036858227 
609 155 15 19 0.03669014 
701 67 10 12 0.03647243 
673 124 11 14 0.03589656 
630 62 8 10 0.035696045 
725 115 14 18 0.035548892 
533 81 9 11 0.03508901 
778 274 65 82 0.035063483 
1 533 38 78 0.03506075 
644 67 10 13 0.03488236 
224 31 9 11 0.03485215 
577 87 7 9 0.034732208 
192 30 9 11 0.034198724 
721 64 9 12 0.034191653 
502 70 8 10 0.034145843 
614 95 9 11 0.03406675 
484 104 13 16 0.03400434 
663 90 11 14 0.03398009 
250 89 13 17 0.033892386 
742 71 9 10 0.033715047 
951 175 25 30 0.033679273 
996 129 22 28 0.033670865 
125 12 11 15 0.033525437 
118 14 13 16 0.033382356 
598 71 10 12 0.03333936 
112 60 11 14 0.03323164 
310 263 52 64 0.03293538 
962 183 17 21 0.032544468 
950 534 61 77 0.03252825 
276 175 16 21 0.032183927 
750 97 16 22 0.03202837 
577 502 46 58 0.031907324 
879 165 24 35 0.03187913 
752 202 28 36 0.03151502 
720 134 15 20 0.031385213 
727 110 11 14 0.031338554 
283 145 13 17 0.03127419 
525 69 8 10 0.031259164 
263 108 12 18 0.0312307 
913 233 25 34 0.031184914 
134 413 32 45 0.031083873 
670 92 10 12 0.031007355 
264 80 13 16 0.030921333 
821 103 12 15 0.03077571 
358 553 95 151 0.030702965 
606 92 10 12 0.030630765 
655 142 14 18 0.03054436 
757 86 8 10 0.030448882 
706 167 15 20 0.030292396 
778 96 10 13 0.030096294 
625 95 9 11 0.029999683 
701 80 10 12 0.029976528 
65 26 10 15 0.029860571 
304 57 8 12 0.02980774 
61 87 15 18 0.029764533 
0 83 7 15 0.029628728 
148 20 13 15 0.029544966 
716 120 19 25 0.029497625 
584 89 8 10 0.029445982 
227 12 10 14 0.029356202 
144 90 17 21 0.029342663 
697 64 8 11 0.0292295 
324 30 9 12 0.029096538 
341 157 10 13 0.028959764 
736 64 9 11 0.028797893 
50 593 47 62 0.02879296 
69 8 12 16 0.02871128 
310 68 9 12 0.02868802 
561 237 15 19 0.028675877 
235 59 11 13 0.028672032 
759 138 10 14 0.028664138 
829 251 36 37 0.028561162 
277 75 11 16 0.028553512 
184 284 71 104 0.028483974 
923 150 23 31 0.028481333 
313 24 10 13 0.02821084 
232 49 9 12 0.028128704 
794 126 10 12 0.028101088 
732 224 19 21 0.028057076 
279 157 12 15 0.028056148 
316 68 10 12 0.027972156 
633 72 8 11 0.027835388 
397 201 47 55 0.027817767 
505 89 8 10 0.027792621 
304 40 8 10 0.027620088 
944 192 16 22 0.027397884 
803 119 12 16 0.027393425 
734 78 11 12 0.027313016 
56 69 13 18 0.027243046 
137 205 25 45 0.027208073 
262 48 7 10 0.027007435 
336 38 19 24 0.026892882 
910 216 13 17 0.026885798 
757 79 8 10 0.026858583 
149 264 37 53 0.026484394 
534 712 17 21 0.026346598 
93 5 12 15 0.026286758 
803 128 12 16 0.026284317 
984 117 37 50 0.026256813 
248 33 8 11 0.026249608 
720 77 9 12 0.026155971 
288 62 11 12 0.02609299 
899 1 12 12 0.025950786 
492 86 9 12 0.025944553 
699 97 21 26 0.025865516 
630 43 10 13 0.02577471 
639 70 9 12 0.02575661 
622 80 9 11 0.025705561 
92 110 16 19 0.025646053 
896 307 42 52 0.025514035 
604 78 9 11 0.025492858 
516 141 16 21 0.025343144 
274 5 11 13 0.025337774 
743 102 10 12 0.025194237 
681 81 8 11 0.025182834 
637 140 12 17 0.025157245 
687 79 9 12 0.025099438 
47 93 10 12 0.025012255 
817 78 11 12 0.024974402 
615 105 11 14 0.024950344 
656 51 9 12 0.024821209 
346 173 14 17 0.024818394 
667 151 15 19 0.024790274 
469 68 10 12 0.024681775 
101 -1 16 14 0.024626782 
0 9 13 19 0.024557885 
265 7 10 12 0.024457026 
794 157 14 19 0.024438217 
741 64 9 11 0.024436692 
199 100 23 33 0.02442943 
100 21 10 13 0.024334025 
185 40 7 10 0.024311326 
116 34 12 15 0.024209198 
481 71 8 11 0.024124641 
238 69 11 14 0.024098571 
223 22 9 10 0.024085417 
550 108 14 18 0.024064926 
777 75 9 11 0.023922209 
752 170 16 20 0.023859749 
67 22 11 14 0.023828588 
369 211 18 21 0.02376552 
494 55 8 9 0.023617536 
347 43 12 15 0.023607757 
772 186 13 16 0.023480106 
783 169 15 17 0.023413708 
954 143 22 27 0.02333404 
646 148 12 16 0.023260377 
96 411 31 39 0.023177495 
774 132 10 14 0.022993688 
655 122 10 14 0.022978408 
141 24 12 15 0.022944206 
757 108 10 13 0.022930268 
308 84 11 16 0.022925187 
448 237 62 70 0.0229238 
304 97 12 17 0.022912633 
293 32 8 10 0.022887759 
756 211 18 22 0.022845995 
195 81 12 17 0.022841036 
407 178 32 33 0.022646217 
989 246 17 22 0.022610517 
15 116 10 12 0.022603823 
150 137 24 37 0.022578612 
509 99 9 13 0.022543145 
782 73 9 10 0.022508591 
887 16 14 17 0.022477977 
261 53 9 11 0.022466537 
544 91 10 14 0.022450669 
459 159 22 29 0.022354295 
511 109 10 15 0.02232361 
346 126 16 19 0.022292307 
815 85 11 12 0.022249984 
892 179 17 27 0.022223754 
938 146 22 29 0.022217518 
655 133 10 14 0.022203792 
597 80 20 24 0.022202747 
457 534 46 66 0.022058921 
333 620 98 131 0.022037935 
358 155 10 12 0.022026282 
257 48 8 11 0.021996783 
174 21 8 11 0.021970913 
649 47 9 10 0.021962283 
688 70 9 11 0.021927606 
760 149 11 16 0.021925906 
890 333 46 56 0.021862518 
53 88 14 18 0.02182714 
532 89 11 16 0.021810707 
977 203 25 33 0.021804221 
191 35 8 12 0.021750433 
266 12 10 13 0.021703541 
314 67 108 126 0.021668596 
335 50 12 15 0.021634137 
288 69 11 14 0.021587549 
910 95 23 30 0.021579377 
920 142 21 28 0.021556325 
668 79 11 13 0.021554086 
286 76 12 16 0.021507883 
223 36 9 12 0.021470435 
495 94 8 11 0.021453917 
762 113 18 23 0.021451084 
694 95 9 12 0.021424346 
19 10 14 18 0.021322437 
489 66 7 9 0.02127221 
388 188 12 17 0.021207089 
235 95 21 26 0.021201499 
95 0 11 11 0.021043397 
22 117 10 13 0.021011692 
478 235 62 71 0.02094429 
49 0 12 13 0.020928586 
55 69 23 32 0.020914683 
736 212 41 46 0.020865602 
794 131 11 14 0.020808455 
1003 405 23 47 0.02079036 
257 53 8 11 0.020773234 
71 187 52 69 0.020582557 
270 29 8 11 0.020467719 
640 83 9 12 0.02044984 
256 24 8 10 0.020438978 
238 47 10 12 0.020405265 
356 147 12 15 0.020339401 
553 67 18 23 0.020304864 
255 35 10 12 0.020216506 
561 39 8 9 0.020187097 
856 154 22 32 0.020167818 
0 54 8 15 0.02013971 
716 115 13 19 0.020094704 
375 236 37 47 0.020092934 
681 86 18 23 0.020091001 
297 64 17 23 0.020070381 
35 50 13 16 0.020049686 
