8_Election_Campain_Election_Campaign_8_412
1713
808 138 29 38 0.9983084 
251 171 24 33 0.9974368 
425 424 29 41 0.9965724 
303 561 45 67 0.9941247 
902 353 29 39 0.9939551 
372 66 18 22 0.9912998 
730 499 31 47 0.9902992 
640 424 38 48 0.9878594 
965 532 39 50 0.9848467 
168 246 25 34 0.9843433 
976 263 30 35 0.98408407 
7 262 29 38 0.9835504 
271 257 30 37 0.97925025 
548 144 28 35 0.9782177 
693 446 37 57 0.9773302 
323 132 19 22 0.9738028 
774 594 46 59 0.96702987 
511 178 23 31 0.9629267 
273 491 33 41 0.94990367 
643 306 30 37 0.9486482 
16 506 32 53 0.94852716 
620 389 31 43 0.9444044 
358 232 27 35 0.94426495 
964 207 28 34 0.94271195 
767 431 31 48 0.9391498 
616 292 23 33 0.93838286 
365 143 17 22 0.9344835 
627 142 17 21 0.9315367 
538 117 17 20 0.9273649 
105 352 32 36 0.92713654 
356 121 18 21 0.9246812 
403 70 15 19 0.9228475 
333 398 37 46 0.921219 
732 121 15 19 0.9210799 
859 454 39 47 0.91822994 
485 257 31 41 0.91765213 
394 113 17 22 0.9131035 
275 548 51 66 0.9104371 
276 16 16 20 0.9017477 
557 113 17 21 0.8987366 
983 319 32 40 0.89481485 
911 595 39 52 0.88218564 
282 97 17 20 0.8807033 
439 287 23 30 0.8730497 
773 128 20 26 0.87070435 
846 318 24 34 0.8694056 
293 35 14 18 0.8687525 
139 303 30 41 0.8667213 
303 64 13 16 0.8544884 
161 172 17 21 0.8498286 
492 137 21 25 0.8492438 
670 239 23 29 0.84817135 
466 84 15 20 0.8464834 
554 378 32 43 0.838928 
465 27 16 19 0.83538693 
931 319 28 36 0.83031374 
464 250 31 40 0.8302301 
624 287 26 32 0.82631516 
628 194 15 22 0.8212227 
233 69 16 19 0.8205605 
350 180 20 26 0.8190479 
365 496 33 43 0.81046987 
622 521 34 46 0.7851972 
94 328 27 32 0.77709174 
222 417 36 57 0.7732484 
811 421 29 47 0.7709282 
371 45 11 14 0.77025723 
621 258 21 27 0.74811417 
335 157 20 26 0.74631447 
243 130 18 21 0.7445031 
582 85 13 16 0.7397295 
525 29 13 18 0.73403376 
865 352 28 33 0.7315646 
697 84 14 19 0.73008347 
115 153 12 16 0.71913 
20 384 26 35 0.71814656 
559 561 38 52 0.7053444 
305 174 19 23 0.6931213 
569 215 24 30 0.6903376 
939 189 22 28 0.6890494 
947 404 29 46 0.6843624 
36 343 20 27 0.6711792 
802 356 29 38 0.6647361 
305 13 11 14 0.66402125 
718 104 15 19 0.65929943 
214 268 21 32 0.65260255 
397 370 25 32 0.65220124 
614 101 11 13 0.6367571 
116 3 11 14 0.6162676 
763 77 14 16 0.6141318 
173 382 32 37 0.6115181 
420 67 14 17 0.6112003 
560 187 19 23 0.60795295 
738 2 18 21 0.6022513 
920 519 32 44 0.59964234 
347 486 35 49 0.59188503 
602 128 15 20 0.5889759 
224 106 14 18 0.5837092 
198 542 29 41 0.580478 
662 211 16 19 0.5683532 
207 9 13 17 0.56322277 
30 462 22 31 0.56059533 
367 96 15 18 0.56027347 
486 581 29 36 0.5566114 
914 177 14 16 0.5560598 
277 218 18 22 0.5540435 
792 75 13 18 0.5473729 
495 218 28 31 0.5465392 
108 100 10 12 0.5463628 
997 68 14 17 0.5387755 
654 107 12 16 0.52902615 
164 218 16 24 0.52153695 
960 419 32 52 0.52143073 
829 621 40 50 0.5190654 
717 173 16 22 0.51897633 
79 531 27 42 0.5182218 
575 453 27 41 0.51566005 
1002 378 18 20 0.51207477 
867 275 13 18 0.5119066 
720 320 23 28 0.5053254 
370 585 36 56 0.5045105 
87 129 18 22 0.4993557 
780 154 22 27 0.497564 
925 67 10 13 0.4899318 
375 404 26 33 0.48873353 
872 73 12 15 0.48506713 
155 99 12 17 0.48301 
697 30 10 13 0.47840554 
373 193 20 25 0.47645894 
101 550 28 39 0.47269034 
324 86 13 18 0.46730193 
883 99 12 17 0.4671326 
857 580 33 41 0.45881203 
253 154 24 33 0.44909877 
315 411 29 38 0.4473874 
403 262 17 21 0.4458929 
546 5 13 16 0.44584018 
287 37 13 17 0.44487014 
390 46 12 15 0.44448972 
798 534 37 51 0.4424446 
453 134 17 21 0.44116998 
661 276 21 24 0.44061488 
125 133 13 16 0.4401963 
601 27 11 13 0.43601656 
67 131 12 15 0.4301018 
415 33 12 16 0.4281021 
108 23 10 12 0.42312363 
368 18 12 15 0.42167836 
672 184 18 21 0.41955325 
702 206 23 27 0.41837913 
496 476 30 37 0.41238296 
245 535 29 33 0.40973386 
31 121 14 18 0.40866703 
75 159 18 22 0.40656757 
468 93 18 24 0.4062172 
0 108 11 18 0.3997277 
341 175 20 28 0.39873424 
134 164 15 19 0.39516145 
812 241 17 20 0.39296103 
762 101 13 19 0.3884772 
588 59 11 15 0.38584846 
535 576 33 42 0.3848025 
149 20 12 15 0.38367856 
69 238 20 28 0.38112327 
167 7 12 14 0.38049468 
237 46 13 16 0.37881723 
105 221 25 31 0.37129968 
690 367 29 44 0.37079862 
181 38 11 14 0.36810488 
530 33 14 16 0.36746117 
143 101 13 15 0.36660355 
701 117 13 16 0.36170322 
245 34 15 18 0.3597216 
90 424 22 32 0.3577009 
863 45 8 11 0.3571896 
182 44 13 16 0.35630372 
153 553 30 38 0.35581738 
159 120 12 17 0.3508583 
660 133 15 23 0.34764606 
577 179 15 20 0.34091276 
280 124 13 18 0.34018412 
641 75 15 17 0.33364466 
645 172 14 18 0.33274665 
80 186 22 27 0.3274986 
966 142 12 15 0.32063934 
405 159 16 22 0.3172495 
31 100 13 17 0.31393263 
408 9 12 15 0.31087926 
170 9 14 17 0.3070382 
54 103 11 15 0.3054127 
571 554 36 46 0.30392155 
27 147 16 23 0.30380893 
242 49 14 17 0.3036957 
638 117 13 16 0.30193046 
341 76 12 17 0.30188882 
206 167 15 20 0.30073938 
851 77 13 17 0.30069244 
495 4 12 15 0.29920697 
377 188 15 18 0.2945529 
856 92 13 17 0.29141614 
832 86 12 16 0.28373477 
703 368 30 43 0.2797651 
389 97 14 17 0.27825567 
950 167 12 15 0.27787346 
121 92 11 15 0.27606225 
594 130 19 26 0.27458727 
402 212 21 29 0.27261192 
428 170 15 19 0.2710555 
428 99 15 19 0.26866168 
929 35 10 13 0.2673804 
909 200 15 20 0.26494274 
339 112 15 18 0.26472494 
455 183 21 29 0.26430386 
1014 64 9 16 0.26287335 
541 139 25 32 0.26153377 
566 19 9 11 0.26105514 
391 27 10 14 0.25965822 
237 101 11 14 0.25935107 
181 131 10 13 0.25898996 
0 149 14 20 0.25710416 
405 31 13 17 0.25646073 
431 136 16 23 0.25453582 
325 31 11 14 0.25242803 
446 60 14 17 0.25221178 
818 23 10 13 0.25149453 
599 85 10 13 0.25066262 
271 61 10 13 0.25022542 
11 347 17 21 0.24973178 
232 46 12 15 0.24929248 
345 23 9 12 0.24737313 
890 227 14 19 0.24633119 
854 14 10 13 0.2456662 
765 134 17 22 0.24401678 
158 200 13 18 0.2437133 
71 105 12 15 0.24237923 
197 447 25 36 0.240425 
395 168 16 20 0.24023847 
601 167 20 24 0.24012157 
119 67 9 12 0.23946066 
258 150 18 21 0.23894317 
175 155 11 14 0.23884307 
917 301 21 24 0.2382705 
461 168 20 26 0.23745261 
349 67 12 15 0.23354036 
621 44 10 13 0.23258032 
911 38 10 12 0.23079382 
123 412 18 23 0.22859703 
208 122 12 15 0.22773449 
406 202 16 20 0.2267819 
944 92 10 14 0.22616854 
83 456 28 35 0.22609659 
798 494 26 39 0.22516002 
901 46 9 13 0.22462308 
586 137 20 26 0.22431192 
108 262 21 30 0.22236004 
990 168 14 17 0.21945149 
147 168 15 19 0.2181108 
43 155 15 20 0.2179356 
622 152 22 26 0.2171086 
958 41 11 15 0.21672855 
197 98 14 18 0.21589866 
517 55 11 14 0.21345034 
388 150 17 20 0.21330468 
402 1 9 11 0.21256283 
758 323 21 26 0.21110015 
2 153 25 33 0.20891753 
190 109 13 17 0.20659341 
337 276 17 21 0.2054367 
77 224 14 18 0.20525467 
726 289 16 21 0.2031615 
203 148 11 16 0.20180553 
171 148 13 16 0.20177713 
860 98 11 14 0.20156257 
861 59 11 14 0.1994978 
149 1 11 11 0.1991068 
370 50 14 17 0.19889797 
438 19 11 15 0.19887179 
108 139 12 16 0.19595997 
794 268 16 20 0.19441096 
248 110 12 15 0.19355564 
823 46 8 10 0.18882184 
58 85 9 11 0.18848863 
923 606 45 53 0.188325 
292 77 12 15 0.18816563 
342 98 15 17 0.18812965 
168 78 9 11 0.1877647 
611 77 14 18 0.18702392 
668 107 10 13 0.18547744 
1000 323 25 37 0.1854083 
0 194 18 33 0.18494718 
398 28 12 15 0.18480678 
186 299 24 34 0.18448198 
937 624 52 55 0.18317685 
134 317 25 37 0.182956 
864 282 13 17 0.1825568 
454 368 27 36 0.18150593 
492 247 31 38 0.18146546 
523 83 15 17 0.1813376 
115 230 18 24 0.18092342 
640 69 13 15 0.17961599 
384 36 11 15 0.1793377 
925 14 9 11 0.17677043 
875 185 13 16 0.17629817 
876 205 13 17 0.17519267 
859 128 16 21 0.17475107 
669 120 12 15 0.17453772 
727 114 17 23 0.17450802 
159 54 10 13 0.17381841 
846 314 17 23 0.17215136 
962 95 10 13 0.17155099 
757 214 29 33 0.17037167 
980 433 32 41 0.16987602 
125 111 11 13 0.16862041 
21 7 10 11 0.16620395 
548 18 11 13 0.1655837 
923 219 14 17 0.16553429 
270 222 26 30 0.16443714 
153 55 8 11 0.16186705 
293 310 20 28 0.16182828 
756 28 10 12 0.16163078 
995 171 13 17 0.16144805 
862 39 8 10 0.16070594 
34 239 24 27 0.1604359 
267 553 35 47 0.15880953 
138 187 13 18 0.15843987 
102 41 10 12 0.15819286 
893 91 10 13 0.15790378 
413 68 14 19 0.15644741 
128 44 11 14 0.15571642 
117 175 14 18 0.15541635 
200 240 21 30 0.1553373 
740 60 14 16 0.15481417 
69 153 18 21 0.15319146 
125 87 9 13 0.15252265 
845 110 15 21 0.15147063 
923 21 8 11 0.15020035 
37 14 9 10 0.14830792 
637 29 9 13 0.14776962 
510 61 11 14 0.14747165 
420 239 22 26 0.14721845 
152 315 28 34 0.14636591 
692 12 10 13 0.14597814 
142 132 13 16 0.14562978 
447 97 14 18 0.14525118 
469 4 11 13 0.14418916 
680 184 18 24 0.14377025 
446 35 14 18 0.1420659 
318 46 11 14 0.1416906 
141 64 9 12 0.14155386 
422 96 15 19 0.14092427 
53 1 9 10 0.14054404 
696 48 11 14 0.14033255 
294 82 14 17 0.14012742 
346 170 17 21 0.14006919 
464 6 12 14 0.13955869 
310 427 25 31 0.13890992 
766 68 14 17 0.13797888 
77 105 11 15 0.13752757 
981 0 10 11 0.13592765 
310 43 11 14 0.1355111 
152 96 11 14 0.13497028 
810 92 15 18 0.1349075 
904 116 11 14 0.1348083 
512 106 14 18 0.13458243 
162 624 22 28 0.13453113 
412 7 13 15 0.13405994 
202 307 25 37 0.13347532 
263 231 24 27 0.13344832 
585 54 10 14 0.13337931 
635 96 12 15 0.13332845 
618 166 21 26 0.13258477 
802 496 15 23 0.13093466 
403 186 13 17 0.13058099 
63 525 27 43 0.12964258 
194 104 15 18 0.12954766 
934 194 17 20 0.12881723 
845 42 9 13 0.12874664 
809 3 10 15 0.12861224 
157 14 10 12 0.12813772 
421 3 12 15 0.12791209 
788 333 17 21 0.12759957 
285 201 14 16 0.12688906 
152 16 11 14 0.12642586 
607 78 11 14 0.12625852 
892 69 9 13 0.12615232 
118 118 10 13 0.12552278 
956 115 14 17 0.12529019 
1005 141 11 13 0.12515119 
576 121 12 17 0.124915525 
334 184 15 21 0.12488956 
496 35 13 20 0.12470373 
581 29 9 11 0.12406158 
34 149 17 25 0.123735555 
207 435 30 45 0.123228684 
714 527 17 25 0.1229983 
637 23 10 12 0.122235134 
455 263 24 36 0.12219258 
366 187 20 26 0.12153327 
249 534 40 53 0.12139123 
263 250 28 36 0.12118715 
274 303 16 21 0.12113972 
374 39 11 15 0.11930057 
654 32 9 11 0.118186824 
338 385 28 33 0.11800575 
880 358 24 34 0.11776102 
552 59 9 13 0.11737266 
541 547 21 29 0.11684969 
719 124 14 19 0.116140634 
499 174 21 28 0.11562803 
656 310 29 37 0.11485718 
794 423 33 49 0.11457105 
807 97 15 21 0.114472404 
201 5 12 14 0.114401005 
86 539 35 49 0.11437002 
441 194 22 30 0.11396552 
292 107 13 17 0.11292362 
788 356 24 33 0.112817496 
228 102 15 18 0.11268703 
699 218 23 27 0.11260108 
351 36 12 17 0.112039685 
871 575 32 37 0.11151169 
890 421 28 33 0.11012129 
429 81 13 18 0.10946215 
459 130 17 22 0.10906833 
665 437 38 52 0.108464666 
661 107 11 16 0.108272985 
927 46 12 15 0.107742764 
575 90 13 18 0.10682386 
844 586 39 49 0.106364906 
591 202 15 20 0.10540005 
557 43 11 14 0.10490294 
269 24 14 19 0.10483665 
200 1 10 11 0.10473053 
447 355 12 17 0.10471303 
48 45 10 13 0.10457236 
976 3 9 11 0.1043153 
397 324 20 25 0.10421307 
261 9 12 16 0.10415572 
791 104 13 18 0.10397017 
476 1 11 11 0.10310152 
120 295 22 31 0.10238345 
919 236 22 29 0.1022934 
16 337 23 34 0.10222693 
831 69 11 13 0.10178164 
171 85 10 13 0.10120047 
148 131 13 17 0.10104336 
125 62 9 12 0.10088698 
704 467 38 55 0.100781895 
178 211 14 19 0.100548506 
54 65 8 10 0.09923547 
120 133 11 15 0.099158354 
181 32 10 13 0.09898843 
956 28 11 13 0.09849809 
682 149 15 18 0.09827274 
586 540 45 57 0.09812041 
997 382 17 21 0.09798065 
389 7 9 11 0.09756647 
609 240 15 19 0.09737017 
654 46 10 12 0.097203754 
224 363 25 33 0.09704367 
311 151 15 21 0.096684545 
1000 139 12 14 0.096593276 
647 13 9 11 0.09638348 
720 512 29 39 0.096286796 
161 195 14 18 0.09627331 
546 115 17 20 0.095018424 
309 53 10 13 0.094547234 
430 160 20 26 0.094387144 
116 124 11 13 0.0941191 
693 157 21 25 0.093913 
893 119 11 13 0.0937462 
751 227 27 30 0.09368675 
199 170 13 18 0.09358629 
346 74 14 19 0.09346482 
838 2 10 13 0.09334248 
105 273 25 37 0.09298559 
598 176 16 20 0.09263123 
118 193 15 20 0.0923512 
187 50 10 13 0.09213087 
219 93 14 15 0.09154617 
713 314 23 28 0.09069694 
804 235 17 21 0.09032407 
690 186 14 20 0.090047665 
627 402 40 54 0.08992521 
579 100 12 17 0.089793324 
415 24 10 13 0.08951991 
78 47 10 11 0.0895093 
383 6 10 11 0.08908688 
630 14 9 10 0.08901452 
8 38 9 13 0.08872876 
709 323 17 21 0.088209495 
165 61 9 12 0.08784741 
61 95 9 13 0.08763572 
992 123 11 14 0.08759619 
179 291 25 33 0.08730977 
922 226 16 19 0.08673282 
117 490 30 36 0.086636685 
772 61 13 16 0.08661406 
917 4 9 11 0.086483985 
254 99 11 15 0.08619351 
986 149 15 19 0.08612209 
38 204 16 22 0.08554258 
174 161 13 18 0.08534466 
689 7 10 12 0.08504504 
582 39 9 11 0.084788255 
60 101 11 16 0.083972216 
861 32 9 11 0.08393421 
886 305 20 30 0.08361858 
552 39 9 13 0.08345487 
918 117 10 14 0.08343391 
234 369 16 22 0.0833955 
959 259 14 19 0.08307473 
189 578 13 17 0.08294298 
570 246 19 21 0.08285693 
261 509 41 52 0.082391985 
780 31 11 13 0.08223991 
125 14 10 14 0.08143201 
865 268 13 18 0.08137639 
103 225 17 21 0.081065714 
790 503 31 48 0.08103819 
902 12 8 11 0.08052314 
349 115 20 23 0.08049267 
653 82 12 15 0.08040907 
451 570 31 35 0.080127224 
47 41 9 11 0.07835 
429 111 14 20 0.078305066 
815 71 9 12 0.07826447 
0 379 11 21 0.078228116 
229 29 12 15 0.078216255 
1014 265 10 17 0.078139074 
61 244 22 29 0.078044124 
831 37 10 12 0.07768901 
663 101 11 16 0.07767192 
446 348 22 29 0.077490926 
890 37 8 11 0.07707517 
383 259 22 27 0.07660429 
21 12 9 12 0.076563574 
248 123 16 20 0.07652305 
187 272 15 20 0.07651516 
765 604 32 45 0.07636726 
831 30 10 12 0.076026425 
4 452 30 39 0.075817645 
625 16 8 10 0.07578106 
168 141 13 18 0.075743 
492 177 16 20 0.07562721 
539 261 12 16 0.07556015 
774 161 13 18 0.07550264 
732 74 12 18 0.075266525 
467 52 12 15 0.07506395 
167 70 10 13 0.074916065 
299 40 14 17 0.07482423 
208 131 11 15 0.07475533 
568 465 26 40 0.07425919 
73 68 9 12 0.07408352 
47 67 10 14 0.07399606 
371 321 14 21 0.07392285 
339 356 15 17 0.07356689 
503 424 24 32 0.073119916 
349 29 11 14 0.07311612 
422 49 14 17 0.0729355 
493 166 22 26 0.07281986 
682 587 23 27 0.07280391 
831 46 9 11 0.072629586 
686 407 28 35 0.072229624 
114 62 8 11 0.072065 
861 116 13 17 0.071787566 
455 349 27 32 0.07167435 
243 76 12 16 0.07143156 
576 61 11 14 0.07139167 
208 75 11 14 0.07110941 
435 151 15 21 0.07110066 
852 116 19 25 0.071096726 
813 546 35 47 0.070949845 
586 570 32 38 0.07090648 
390 177 15 21 0.0707676 
906 275 13 16 0.07071807 
814 78 10 12 0.07065116 
875 461 35 40 0.07051548 
328 11 10 15 0.07045703 
681 132 13 15 0.0700713 
652 94 12 15 0.07006866 
701 127 17 20 0.07001027 
251 349 25 35 0.0699305 
938 109 9 12 0.06974412 
114 160 16 20 0.06959419 
283 42 11 14 0.0695686 
807 39 10 11 0.06942896 
39 8 9 11 0.069192596 
618 100 12 17 0.06896172 
112 171 13 17 0.0688727 
400 32 13 17 0.06849026 
389 162 19 22 0.06827391 
157 208 20 28 0.06795174 
435 99 14 18 0.06781116 
859 14 9 11 0.06777639 
813 85 13 15 0.06767613 
38 53 9 11 0.06757541 
238 357 26 36 0.06744153 
151 60 10 12 0.06723537 
209 234 18 25 0.067233205 
850 18 9 12 0.06722107 
17 21 9 11 0.06711958 
501 11 13 17 0.066968344 
409 371 23 33 0.06657025 
1006 147 13 16 0.066413164 
498 211 20 22 0.06636569 
169 231 23 34 0.06634005 
86 67 13 15 0.06629251 
687 424 27 40 0.06619583 
638 36 10 11 0.06619313 
516 101 21 27 0.065879695 
831 22 10 12 0.0658717 
376 489 35 44 0.06572609 
115 219 17 24 0.06562839 
245 112 19 23 0.06552719 
763 43 13 14 0.06544024 
508 13 13 17 0.065250374 
357 7 11 13 0.06524049 
54 46 10 13 0.06520183 
506 486 17 23 0.06475779 
213 141 11 15 0.06470391 
323 69 12 15 0.06469712 
119 9 10 14 0.064535305 
879 21 9 12 0.0643299 
853 72 11 14 0.06418714 
610 170 21 26 0.06392847 
719 273 15 20 0.06384731 
898 14 8 11 0.063770644 
740 47 11 14 0.06371091 
663 50 10 13 0.06361615 
576 22 8 11 0.06346864 
218 501 29 39 0.063390836 
582 45 8 11 0.06312968 
473 578 26 34 0.0630498 
4 166 16 22 0.06280934 
390 14 9 12 0.06279089 
630 84 10 15 0.06276246 
560 15 10 12 0.06275972 
333 81 14 18 0.062660165 
168 210 20 27 0.062437795 
888 64 9 12 0.062218163 
437 79 13 16 0.06204549 
794 100 19 25 0.062027037 
900 418 17 23 0.06198927 
817 44 9 11 0.06194853 
647 254 14 20 0.061783493 
777 355 23 31 0.06170308 
201 192 17 25 0.061680295 
1012 289 12 21 0.061607268 
177 36 10 14 0.06157331 
1012 182 10 15 0.06149995 
549 3 10 10 0.06140713 
429 123 14 19 0.061265636 
118 97 11 13 0.061096273 
623 22 8 10 0.06103489 
18 15 8 11 0.060840245 
500 0 12 13 0.06062306 
1008 154 13 17 0.060326982 
859 85 12 15 0.060185883 
230 483 30 40 0.060133986 
321 50 13 14 0.060011804 
449 360 24 33 0.059874333 
763 95 12 16 0.059856836 
651 536 30 34 0.059354488 
978 358 18 21 0.059139904 
78 64 10 12 0.059103243 
681 329 22 28 0.05909667 
970 145 13 16 0.058971252 
913 5 9 11 0.05895924 
830 15 10 12 0.058926385 
472 372 20 30 0.058750816 
638 81 14 17 0.058738723 
155 609 22 33 0.058731254 
90 6 8 11 0.05873122 
902 95 8 11 0.058581572 
721 302 24 33 0.05831794 
96 39 8 11 0.058303017 
322 486 37 51 0.058007453 
261 0 10 10 0.05796361 
191 127 10 12 0.057932034 
605 36 9 11 0.057929873 
56 116 10 14 0.05789618 
954 169 14 18 0.057844944 
820 414 29 45 0.057801194 
73 54 10 12 0.05772007 
81 166 17 20 0.05767431 
86 201 23 31 0.057448074 
113 119 10 14 0.057431195 
1002 241 23 33 0.057399966 
224 411 26 38 0.05739163 
73 62 10 13 0.05720869 
910 110 12 15 0.05716641 
570 183 17 20 0.05714799 
24 331 25 36 0.056800105 
481 400 28 34 0.056732118 
259 239 18 21 0.056711745 
84 106 11 14 0.056699105 
48 243 24 30 0.056338854 
857 32 9 12 0.056093298 
128 50 10 14 0.056041613 
777 35 11 14 0.05603327 
69 5 9 11 0.05598058 
631 8 8 10 0.05574228 
67 136 14 18 0.05565489 
385 31 11 13 0.05563914 
999 0 11 9 0.05562518 
125 170 14 19 0.055608373 
996 234 12 17 0.055557746 
735 65 14 19 0.05550371 
467 136 15 20 0.055416703 
640 15 8 10 0.055202864 
739 352 14 19 0.05498871 
270 13 14 19 0.054962818 
648 31 9 11 0.054955937 
120 44 11 13 0.054916892 
104 95 11 14 0.054847915 
573 299 14 18 0.054623477 
898 256 13 16 0.05461557 
633 23 10 12 0.054512884 
916 110 10 13 0.054326095 
294 50 12 16 0.054218218 
116 212 13 17 0.054035924 
568 98 12 15 0.053808913 
356 255 15 20 0.053620275 
557 59 9 12 0.05348981 
25 515 37 50 0.053279273 
352 399 44 50 0.05323868 
184 69 10 13 0.053235937 
80 29 8 11 0.0531691 
33 32 9 11 0.053134296 
220 150 12 16 0.05306435 
439 2 11 15 0.05300427 
862 351 18 24 0.052970137 
760 347 13 16 0.052562382 
16 445 32 43 0.052421 
364 104 16 20 0.05237361 
985 532 29 47 0.052297298 
518 14 11 14 0.05216985 
64 31 9 12 0.052127395 
158 0 9 10 0.052063137 
942 115 11 15 0.051993012 
841 109 13 18 0.05197743 
940 24 9 11 0.0515498 
781 118 14 17 0.05134758 
1006 185 13 18 0.05133264 
6 83 10 14 0.051289007 
68 436 41 53 0.05122067 
951 7 9 10 0.05121905 
703 113 20 23 0.051184785 
446 13 11 14 0.05117874 
760 130 15 19 0.051152714 
70 226 15 19 0.051057477 
442 241 21 28 0.05099276 
574 67 10 13 0.050985675 
140 414 21 30 0.050943542 
762 142 16 21 0.050825067 
566 601 46 57 0.050668783 
822 71 9 11 0.050623313 
64 36 9 13 0.05054812 
840 42 10 13 0.05049423 
432 35 12 15 0.05044638 
385 182 20 27 0.050408848 
356 31 10 12 0.050318897 
894 31 9 11 0.05028967 
845 272 15 17 0.05025075 
691 148 17 20 0.050069626 
997 123 12 15 0.050012134 
202 105 14 18 0.04996392 
321 568 44 68 0.049902562 
786 547 45 58 0.049776148 
271 65 12 15 0.04972108 
188 281 23 32 0.049571697 
77 51 11 13 0.04954834 
963 220 20 25 0.049437635 
670 312 22 31 0.049386125 
932 29 12 15 0.0493844 
408 222 25 29 0.04936878 
-1 22 7 12 0.049364146 
448 442 27 29 0.049085233 
920 307 23 29 0.0490775 
826 594 45 52 0.0490596 
848 331 25 37 0.048849966 
455 178 15 20 0.04872271 
5 75 11 15 0.04866937 
165 419 25 32 0.04850664 
923 63 10 13 0.048504736 
164 43 11 14 0.048502266 
861 77 12 15 0.048471265 
197 132 11 13 0.048383065 
952 111 12 14 0.048358656 
205 142 12 17 0.048352797 
909 101 12 14 0.048350725 
0 321 11 22 0.048199065 
102 0 8 8 0.048109945 
17 5 9 11 0.048109226 
229 36 14 18 0.048068628 
590 122 19 26 0.047924694 
1012 141 11 14 0.047890462 
561 363 32 43 0.047832 
135 38 10 14 0.047719117 
262 319 15 21 0.047628023 
404 194 16 21 0.047605354 
601 395 26 34 0.047588866 
861 68 12 15 0.04756661 
910 32 10 13 0.047554404 
208 52 12 16 0.047284197 
184 94 10 12 0.04709234 
94 164 12 18 0.047011252 
769 74 13 17 0.046987377 
412 197 16 23 0.04691811 
110 78 9 10 0.04662288 
590 393 24 29 0.04662005 
644 63 11 12 0.04654253 
122 187 15 20 0.046523545 
623 29 8 11 0.046332892 
192 247 23 30 0.046298843 
774 301 11 14 0.046268053 
175 109 12 15 0.046238396 
901 235 11 17 0.046231512 
143 117 11 14 0.046185263 
547 318 22 29 0.046153747 
212 147 13 18 0.04613708 
780 337 17 20 0.046116393 
520 109 22 27 0.046005286 
79 16 8 9 0.04599223 
344 35 12 16 0.04584268 
280 22 18 23 0.045577254 
444 273 24 37 0.045553777 
927 8 9 11 0.04553398 
672 323 23 32 0.045509905 
769 507 27 37 0.04541303 
937 641 30 36 0.045402862 
177 51 10 12 0.04538502 
33 37 9 11 0.04538372 
33 14 9 11 0.045342814 
438 58 14 17 0.045070767 
541 91 14 17 0.04506827 
168 38 10 13 0.04504481 
160 5 12 15 0.04494736 
37 21 9 11 0.04493285 
322 76 14 17 0.044874005 
969 0 8 9 0.04479371 
8 61 10 14 0.044763282 
872 23 9 11 0.04475875 
790 40 9 12 0.04472176 
727 219 15 21 0.044654906 
894 38 10 13 0.044625092 
916 37 9 13 0.044609174 
134 78 10 12 0.04459654 
290 492 34 40 0.044566903 
639 174 14 20 0.04456657 
991 176 15 19 0.04455092 
608 526 33 40 0.04449798 
58 227 14 18 0.044367563 
796 233 15 17 0.044222727 
796 280 15 18 0.044199158 
318 36 11 14 0.044193957 
579 478 29 34 0.044191457 
7 0 10 11 0.044182096 
96 54 8 9 0.044144657 
411 206 22 27 0.044113178 
200 142 11 15 0.044103526 
790 227 25 28 0.044048727 
70 76 9 12 0.044043932 
144 87 10 12 0.043950997 
125 126 14 17 0.043880012 
173 304 38 49 0.043816432 
723 376 17 25 0.043782298 
228 410 16 20 0.043772127 
686 288 16 19 0.04369937 
870 45 10 12 0.043660544 
697 522 24 36 0.04362037 
276 77 12 16 0.04361978 
783 336 23 33 0.043601476 
442 107 20 27 0.04358752 
454 11 12 15 0.043553796 
963 259 24 30 0.043467253 
439 137 21 27 0.043435335 
385 287 16 19 0.043432333 
294 69 13 15 0.043406963 
86 46 8 11 0.043358296 
879 15 9 10 0.043337084 
953 36 11 15 0.043233797 
798 296 23 28 0.043231856 
110 177 13 18 0.04318828 
695 23 11 15 0.043115422 
109 38 10 12 0.04298057 
74 425 26 32 0.042978965 
920 28 9 12 0.04296957 
5 272 16 21 0.042909786 
393 267 23 28 0.042787388 
237 429 28 42 0.042755634 
291 122 14 18 0.042699292 
674 448 18 26 0.042664453 
776 141 24 28 0.042650625 
630 426 29 43 0.04260904 
750 193 15 19 0.04252062 
434 203 22 29 0.04249795 
200 62 9 13 0.042426728 
474 177 14 20 0.0422869 
77 199 16 21 0.042274155 
782 253 13 16 0.042257883 
663 115 11 15 0.042226903 
161 307 33 41 0.042124424 
645 155 14 19 0.042105522 
632 78 9 13 0.042057898 
150 119 11 13 0.04203573 
244 56 14 18 0.04201253 
819 247 14 19 0.04195833 
959 74 11 14 0.04195226 
1004 0 11 9 0.041936252 
79 23 8 11 0.041921202 
781 516 29 44 0.041870072 
58 232 21 26 0.041842572 
617 39 10 12 0.041679624 
831 77 11 15 0.04165035 
952 600 47 63 0.041591715 
877 53 9 11 0.041532274 
977 331 29 36 0.041516185 
718 277 22 28 0.041501805 
888 33 8 10 0.041485377 
424 604 26 34 0.04147176 
3 124 15 19 0.041470185 
867 262 13 16 0.041451566 
982 156 21 26 0.04138627 
532 435 15 19 0.041368403 
168 399 26 36 0.04129913 
614 329 13 17 0.041285157 
575 105 14 17 0.04127955 
395 23 11 14 0.04122135 
902 121 12 15 0.041219432 
844 389 24 29 0.041179884 
343 279 18 21 0.04107632 
210 364 26 35 0.040881634 
279 114 15 19 0.04081079 
718 95 13 15 0.04079627 
605 286 23 31 0.040737752 
261 93 14 18 0.040570665 
865 122 15 20 0.040485002 
36 96 11 14 0.040353674 
39 48 9 11 0.040320393 
951 12 9 11 0.040269844 
832 52 8 11 0.040255513 
1 433 32 40 0.04025369 
814 13 9 13 0.040249053 
60 114 12 17 0.040204104 
252 269 21 34 0.040167473 
133 191 14 19 0.040147565 
61 439 29 39 0.040103056 
933 77 10 14 0.03999784 
145 53 9 11 0.0399195 
243 101 11 14 0.039886076 
451 252 23 30 0.039800324 
681 252 24 28 0.039703555 
48 134 12 16 0.039646126 
942 99 10 13 0.039628305 
877 46 8 11 0.039610222 
70 39 8 11 0.03958722 
376 6 9 11 0.039516747 
607 71 10 12 0.039479446 
585 206 21 29 0.039468363 
246 14 10 12 0.039373744 
393 92 15 20 0.039352164 
414 587 45 58 0.039322067 
858 335 31 38 0.039274886 
1 75 10 15 0.039101668 
61 44 10 13 0.039031997 
151 157 12 14 0.03895189 
71 181 23 29 0.038931817 
132 115 11 14 0.038926095 
244 136 21 26 0.038830712 
87 1 8 9 0.03873669 
76 203 23 30 0.038704377 
0 464 24 38 0.03868488 
249 51 13 16 0.038636588 
-1 54 7 13 0.03862088 
113 57 8 10 0.038538158 
931 50 12 16 0.038424496 
377 146 19 24 0.03839766 
56 78 10 13 0.038381606 
869 61 10 12 0.03838057 
602 577 28 37 0.03834922 
996 184 14 17 0.03833018 
19 254 27 33 0.038239356 
429 3 11 14 0.038113624 
453 266 16 23 0.03799324 
246 326 15 21 0.037991848 
7 15 8 11 0.03793535 
333 270 14 17 0.037901126 
437 25 13 19 0.03789006 
814 40 10 12 0.037781734 
150 124 12 16 0.037726324 
560 155 18 24 0.03772283 
534 553 16 20 0.037707586 
576 78 11 14 0.037687987 
415 363 25 32 0.037615977 
734 99 12 16 0.03757084 
64 6 8 10 0.03748888 
506 235 30 33 0.03747948 
904 39 9 13 0.037459426 
93 342 28 35 0.037397116 
683 140 15 18 0.037288696 
645 322 18 25 0.037259378 
164 183 14 19 0.037259337 
909 369 27 36 0.037247576 
766 162 14 17 0.037222285 
288 71 11 14 0.03716962 
953 24 10 12 0.037161592 
706 76 15 19 0.03711776 
870 101 12 15 0.037087403 
224 267 18 24 0.037059583 
623 68 11 13 0.03704557 
307 160 20 27 0.036990516 
611 163 16 21 0.03693928 
773 221 28 32 0.036794215 
904 99 11 14 0.036665853 
520 43 12 16 0.036565527 
634 379 17 27 0.036502235 
264 309 21 26 0.036478695 
697 94 16 19 0.03646053 
970 6 9 10 0.036439948 
993 438 30 47 0.03640972 
314 292 22 27 0.036375236 
355 446 28 32 0.03635491 
624 592 28 37 0.036314037 
151 76 10 12 0.036234457 
538 270 16 22 0.036214847 
94 64 9 12 0.036183637 
433 108 20 26 0.0361786 
588 106 12 15 0.036114767 
894 75 9 13 0.036070544 
421 80 15 19 0.036067087 
597 163 17 22 0.036029555 
739 217 16 20 0.036018517 
725 126 13 19 0.036006305 
872 40 8 10 0.036005102 
39 37 8 11 0.035968576 
844 0 9 10 0.035909194 
446 132 17 22 0.035896815 
891 361 26 34 0.03589571 
316 394 29 37 0.035866927 
287 371 25 39 0.035771754 
270 381 26 38 0.035717167 
96 45 8 11 0.035704136 
377 370 22 28 0.035700984 
289 227 16 21 0.03564828 
395 587 43 57 0.035573967 
890 122 11 16 0.035519812 
923 119 11 13 0.035518862 
133 15 10 12 0.03550912 
65 15 7 10 0.03548402 
329 89 14 19 0.035482008 
109 106 11 14 0.03548124 
72 23 8 10 0.03543437 
931 60 12 15 0.03541929 
220 224 15 24 0.03534453 
570 376 31 41 0.035330277 
532 108 21 24 0.03532211 
130 134 15 18 0.035254527 
482 372 15 21 0.03524887 
131 84 11 13 0.035109837 
548 93 11 13 0.03504207 
1013 52 10 17 0.035027176 
783 534 38 45 0.034868818 
593 490 16 18 0.034852494 
1004 30 10 11 0.0348518 
410 248 23 26 0.03484979 
102 137 14 19 0.034717973 
801 104 20 29 0.034714166 
183 109 12 15 0.03467494 
1 374 20 31 0.034614377 
39 193 14 21 0.03459284 
286 84 15 16 0.03457743 
29 238 18 22 0.034571473 
16 149 23 33 0.03448495 
143 126 11 14 0.034347333 
710 5 11 12 0.03433819 
246 21 11 13 0.034325335 
299 90 12 17 0.034321547 
876 193 15 19 0.03431941 
916 283 15 19 0.03431085 
663 96 10 13 0.03429643 
210 46 10 13 0.034296293 
628 63 10 12 0.034248244 
29 73 11 15 0.034149528 
128 80 9 12 0.034139052 
805 244 17 21 0.034135416 
907 537 38 49 0.03413226 
298 138 15 19 0.034099385 
893 107 11 15 0.033995464 
520 78 13 16 0.033964485 
672 135 19 26 0.033962745 
577 39 9 12 0.03393872 
821 76 10 13 0.033869326 
934 134 11 15 0.033794936 
292 90 14 19 0.03374501 
330 244 13 17 0.033692278 
326 280 20 25 0.0336738 
691 333 22 28 0.033664815 
807 76 11 14 0.03365048 
647 37 9 11 0.033618215 
870 53 11 13 0.0335839 
266 58 11 14 0.033541124 
718 292 22 30 0.0335162 
662 79 10 14 0.033497002 
880 28 9 11 0.033493847 
648 46 10 12 0.033462256 
934 12 9 11 0.03343943 
436 39 15 19 0.03335942 
589 534 29 33 0.033329464 
383 92 13 18 0.033241194 
516 281 15 19 0.03322952 
904 31 8 11 0.03317245 
0 548 10 18 0.033131476 
243 92 12 16 0.03308773 
916 102 10 13 0.032979786 
743 205 25 31 0.03293909 
276 233 27 35 0.03293383 
228 92 15 18 0.032896984 
880 410 24 38 0.03288143 
297 59 12 16 0.032847583 
365 242 26 35 0.03279503 
379 204 16 21 0.03279429 
92 119 12 15 0.032791194 
103 70 8 10 0.032776844 
653 61 11 13 0.032749042 
167 29 11 13 0.032648817 
499 27 14 19 0.032643143 
161 76 9 12 0.032642145 
912 202 20 27 0.032598734 
983 220 20 28 0.03249716 
404 474 18 21 0.032491434 
486 180 14 19 0.032372855 
676 124 13 17 0.032355767 
353 13 10 12 0.03234988 
576 353 16 21 0.032306835 
823 15 10 12 0.032300618 
77 126 20 26 0.032237656 
118 20 10 13 0.032193094 
533 123 18 22 0.032167222 
113 481 25 32 0.032150924 
568 68 9 12 0.032098692 
371 26 13 15 0.032077454 
699 329 16 21 0.032040406 
495 18 12 16 0.031954564 
182 100 11 14 0.031950034 
644 91 14 16 0.031907592 
63 151 15 20 0.031814076 
951 193 17 22 0.03179701 
444 3 12 15 0.031785678 
325 150 20 27 0.031783175 
985 52 8 12 0.031769406 
898 50 9 13 0.03175661 
606 283 13 18 0.031728957 
202 260 22 31 0.031711426 
663 124 13 18 0.03165288 
760 106 21 29 0.031624656 
251 323 15 19 0.031592265 
896 20 9 12 0.03154254 
354 263 15 20 0.03153135 
773 584 33 45 0.03151183 
1003 173 13 16 0.031500604 
358 43 11 15 0.031412102 
749 196 26 32 0.031400383 
632 603 25 33 0.031339813 
367 39 13 16 0.031254172 
302 53 11 15 0.03125156 
946 86 13 15 0.03121757 
144 27 10 14 0.031193925 
237 0 13 11 0.03110292 
749 55 10 14 0.031090822 
888 75 9 13 0.031088397 
76 278 16 23 0.031084038 
43 188 13 18 0.031044247 
23 346 25 34 0.031021692 
926 31 20 25 0.031014858 
957 97 19 24 0.031006733 
267 481 27 40 0.030901492 
862 650 31 34 0.03083845 
104 95 19 22 0.03083691 
526 433 14 19 0.030815307 
307 69 14 18 0.030705769 
1006 135 21 25 0.030703828 
138 99 11 14 0.03065023 
442 153 15 20 0.030617807 
770 341 21 28 0.030554902 
639 8 9 11 0.030517751 
790 88 13 17 0.030406049 
764 125 14 19 0.030403417 
436 90 14 20 0.030351253 
201 151 18 25 0.030336412 
326 366 12 15 0.030280296 
971 437 20 28 0.030263465 
124 5 9 12 0.030246262 
524 39 13 18 0.030244725 
992 60 13 16 0.030243965 
937 114 10 14 0.03021206 
238 37 13 18 0.030188678 
24 405 19 26 0.030155249 
932 206 15 20 0.030109873 
329 374 26 32 0.030105406 
768 669 16 18 0.03009481 
857 591 48 60 0.030016623 
21 472 30 39 0.030005688 
286 49 13 17 0.029887373 
765 352 12 16 0.029876249 
183 409 25 35 0.029873146 
255 494 38 50 0.029855406 
382 1 10 11 0.029786112 
782 235 26 28 0.029759852 
237 124 16 21 0.02972253 
416 93 13 17 0.029683787 
167 90 10 13 0.029651761 
1004 60 13 19 0.029615803 
175 62 9 12 0.029577982 
717 67 14 16 0.029551703 
871 208 14 18 0.029518148 
230 139 10 14 0.029498255 
22 54 9 11 0.029488308 
218 311 16 23 0.029452095 
159 47 11 13 0.029448222 
755 35 15 18 0.02944363 
764 153 15 19 0.029435059 
465 182 17 23 0.029419646 
0 580 22 32 0.029417269 
93 12 10 11 0.029404275 
315 158 15 21 0.029262884 
992 5 11 11 0.029255511 
104 16 9 11 0.029246528 
216 98 13 17 0.02919526 
230 21 12 15 0.029140806 
747 1 12 14 0.029084157 
990 666 27 27 0.029034544 
532 258 21 27 0.02903352 
242 38 19 25 0.029023753 
367 8 9 12 0.029011276 
221 238 14 21 0.028949875 
399 11 11 13 0.028919537 
585 178 15 20 0.028894505 
537 551 47 55 0.02887872 
619 187 21 24 0.028813794 
3 354 23 34 0.028808603 
801 38 9 12 0.028774602 
268 209 23 28 0.028763862 
308 299 23 29 0.028763713 
564 345 16 21 0.028662838 
891 97 12 16 0.028637864 
173 90 11 14 0.028617188 
88 40 7 11 0.028608829 
786 160 22 30 0.028587457 
203 277 26 36 0.028558666 
868 314 15 20 0.028548634 
146 566 27 40 0.028535068 
520 496 24 31 0.028528988 
615 572 27 38 0.028524045 
716 84 12 15 0.028514812 
318 59 12 15 0.028497223 
54 123 11 14 0.02847801 
949 101 11 14 0.028433438 
859 108 14 18 0.028395347 
34 47 8 10 0.028385162 
497 266 30 34 0.028383939 
1004 122 13 16 0.028379757 
43 201 23 30 0.02836759 
245 0 11 11 0.0283518 
907 569 43 57 0.028314244 
540 98 15 18 0.02831279 
256 352 38 47 0.028296448 
238 15 11 13 0.028282626 
651 154 14 19 0.028259957 
652 140 19 26 0.028240163 
774 367 15 18 0.02822903 
135 424 25 35 0.028185163 
728 290 23 31 0.028132616 
522 97 16 20 0.028107595 
464 576 19 23 0.028083727 
500 189 18 23 0.028075418 
275 60 12 16 0.028016297 
577 54 11 14 0.027977446 
695 24 18 23 0.027966501 
236 487 17 24 0.027964223 
851 634 32 44 0.027956188 
861 620 43 55 0.027945666 
519 93 13 17 0.027945356 
148 412 24 31 0.027927123 
355 76 12 16 0.027801782 
728 5 13 14 0.027791204 
733 110 13 18 0.027756985 
136 32 9 12 0.027726987 
612 457 25 36 0.02771281 
205 58 13 16 0.027700491 
30 7 11 12 0.027698284 
859 40 19 24 0.027662951 
341 42 12 17 0.027600104 
119 54 10 12 0.027584713 
204 1 12 13 0.027579911 
121 110 19 23 0.027579753 
126 291 34 48 0.027555775 
183 571 23 28 0.027472308 
637 289 21 23 0.027467148 
34 251 19 26 0.027447404 
764 204 29 34 0.02739692 
222 141 10 14 0.027395079 
344 60 11 15 0.027386768 
855 9 10 12 0.027377186 
749 228 16 20 0.027363706 
94 31 9 10 0.027359365 
386 501 37 40 0.027313918 
582 66 13 15 0.0272933 
942 110 20 26 0.027292017 
22 29 8 11 0.027209666 
7 32 9 12 0.027190251 
648 321 29 34 0.027171783 
954 176 15 20 0.027142413 
991 130 11 14 0.027126592 
609 134 15 19 0.027095253 
925 281 14 18 0.027071979 
0 27 7 13 0.027058117 
616 14 9 11 0.027023679 
869 217 12 16 0.027013507 
848 562 28 47 0.026975423 
211 70 12 16 0.02693567 
915 292 17 19 0.026927037 
256 10 11 15 0.02688775 
961 458 33 50 0.02688503 
622 49 11 14 0.026858186 
737 192 22 26 0.026854085 
431 562 44 55 0.026851002 
121 398 35 47 0.0268459 
661 31 10 12 0.026783634 
997 52 14 17 0.026781447 
772 159 24 28 0.026765106 
107 181 22 27 0.026729966 
805 638 56 54 0.02671614 
990 150 21 26 0.026690448 
664 543 18 22 0.026664445 
639 45 10 13 0.026619324 
683 320 15 21 0.026567591 
670 531 26 33 0.026499318 
430 11 13 19 0.026493812 
648 101 12 14 0.026492301 
188 258 22 30 0.02647804 
587 168 20 27 0.026476208 
33 52 9 12 0.02645317 
906 412 26 32 0.026452003 
13 45 8 10 0.026449777 
682 526 24 36 0.02643961 
79 40 9 10 0.02643093 
114 69 8 11 0.026420735 
510 0 10 10 0.02637738 
49 5 9 11 0.026374683 
100 211 14 20 0.026357722 
174 206 13 18 0.026332537 
513 432 14 21 0.026305726 
108 246 23 33 0.02629533 
321 450 27 34 0.02626303 
21 1 10 10 0.026261458 
836 21 9 12 0.0262574 
375 364 13 17 0.026254606 
382 367 10 15 0.026250558 
942 57 12 15 0.026216159 
229 229 22 32 0.02620537 
171 414 17 22 0.026192596 
528 93 21 24 0.026189653 
696 68 10 14 0.026189575 
22 68 13 18 0.026083848 
378 389 27 36 0.026076749 
862 201 13 17 0.026065843 
519 20 12 16 0.026025215 
698 416 16 22 0.026019663 
137 378 15 17 0.0259953 
486 219 24 30 0.025991196 
477 378 23 31 0.025974322 
762 316 16 21 0.025968378 
647 22 8 11 0.025968239 
70 30 8 11 0.025958322 
645 405 33 40 0.025926463 
923 58 18 23 0.025903832 
668 192 23 30 0.025902033 
923 197 21 28 0.025900831 
485 404 36 45 0.025894925 
385 201 16 21 0.025861645 
1013 134 12 16 0.025829809 
974 270 19 25 0.025790056 
909 68 9 13 0.025784876 
118 357 28 35 0.025768781 
856 325 27 31 0.025748469 
141 46 9 11 0.025735786 
589 45 10 12 0.025724465 
279 505 39 49 0.025709843 
995 135 22 26 0.025702044 
235 78 16 19 0.025658196 
196 113 13 16 0.025656011 
487 143 17 20 0.025630806 
81 334 26 35 0.025603289 
792 162 14 18 0.025587829 
611 228 16 21 0.025579251 
140 38 10 13 0.025573578 
928 408 30 38 0.02556035 
486 469 28 38 0.025541062 
-2 171 20 34 0.02552046 
365 513 38 46 0.025403364 
507 5 13 16 0.025357347 
429 44 13 17 0.025328439 
171 220 21 30 0.025188522 
115 113 17 23 0.025171941 
180 239 28 35 0.025161209 
541 224 23 31 0.025137786 
74 45 9 12 0.025133774 
910 186 16 20 0.025103975 
853 283 15 17 0.02509415 
-1 473 13 24 0.025072543 
110 87 10 12 0.025051907 
390 106 16 22 0.025046028 
193 368 38 47 0.02502103 
656 319 18 23 0.025006332 
613 413 16 24 0.02499873 
699 230 19 23 0.024988204 
944 14 8 10 0.02496349 
870 81 12 15 0.024923734 
995 218 13 18 0.02491564 
26 329 16 21 0.024914384 
908 121 12 15 0.02485965 
916 330 36 49 0.024858125 
676 368 29 42 0.024856275 
631 530 46 54 0.024834974 
1 141 17 21 0.024834061 
739 203 14 17 0.024769211 
575 534 29 40 0.02476169 
111 13 10 11 0.024740906 
872 281 15 18 0.024711752 
155 27 11 14 0.024710547 
184 76 9 11 0.024709923 
111 491 14 18 0.024686845 
894 302 21 31 0.024621349 
765 389 16 23 0.024617873 
630 186 18 25 0.024605883 
759 335 15 20 0.024573797 
-1 187 12 21 0.024566427 
892 63 10 13 0.02451044 
168 152 13 17 0.024502253 
106 199 23 31 0.024500271 
377 1 9 10 0.024477826 
371 505 20 27 0.024445612 
123 68 10 12 0.02444318 
558 70 9 12 0.024436386 
484 41 15 19 0.02440611 
598 62 10 14 0.024388196 
822 50 10 12 0.024383163 
243 163 16 23 0.024297792 
439 248 14 19 0.02423003 
785 84 13 15 0.024229955 
1006 37 10 13 0.024177058 
222 85 13 16 0.024169255 
752 610 30 38 0.024068905 
604 231 18 24 0.024053045 
944 324 26 33 0.024026647 
991 187 14 18 0.02400817 
14 1 10 10 0.023990573 
129 494 28 42 0.023922233 
202 93 13 16 0.023911271 
775 57 11 14 0.023899805 
20 83 13 15 0.023880001 
229 402 48 59 0.023868067 
555 219 25 32 0.023857338 
910 149 12 17 0.023846181 
217 211 23 33 0.023845969 
11 65 12 18 0.023829654 
430 211 14 20 0.023827363 
518 0 10 9 0.023796182 
791 243 25 28 0.023784976 
103 87 10 12 0.02375673 
619 81 15 19 0.02368846 
237 29 13 16 0.023666404 
507 324 16 22 0.02362707 
947 500 13 18 0.023616856 
336 45 10 13 0.023601003 
420 21 11 16 0.023561232 
108 236 17 22 0.023554847 
452 89 20 26 0.02354863 
336 355 25 29 0.023542019 
532 555 25 30 0.023516431 
605 548 45 59 0.023495924 
724 68 13 19 0.023469923 
256 374 30 38 0.023441467 
153 47 8 12 0.02343706 
986 138 23 29 0.02342855 
754 431 30 43 0.023401748 
89 179 16 21 0.023389012 
757 341 20 27 0.023364801 
226 155 13 18 0.023333691 
104 16 18 23 0.023322538 
784 261 23 27 0.023305107 
144 -6 20 22 0.023303462 
876 311 17 22 0.023303017 
534 541 12 18 0.023281569 
921 397 26 32 0.023270085 
1008 255 15 21 0.023214953 
889 89 10 13 0.023180123 
722 424 29 35 0.023146741 
871 28 9 11 0.023130978 
730 356 23 34 0.023125501 
115 539 40 53 0.02310535 
629 68 11 14 0.023037791 
86 30 8 10 0.023036562 
276 375 16 23 0.023016794 
188 548 27 36 0.023007464 
633 35 11 12 0.023004286 
893 141 14 17 0.022970513 
512 318 20 31 0.022917943 
625 254 16 20 0.022906967 
907 524 29 43 0.02289834 
659 285 18 22 0.022866243 
790 373 17 21 0.022863612 
182 61 11 13 0.022862244 
446 557 33 35 0.022857232 
822 38 8 12 0.022827394 
577 443 20 25 0.022825465 
148 102 14 18 0.022809735 
834 0 10 12 0.022797376 
79 572 25 38 0.022794625 
179 379 19 25 0.022757148 
241 373 17 24 0.022756485 
981 141 13 16 0.022731561 
729 383 14 21 0.022730969 
206 278 16 22 0.0227125 
311 484 32 46 0.022692919 
166 2 11 13 0.02266061 
51 348 12 17 0.02265142 
254 257 24 33 0.022647623 
827 307 14 19 0.022644253 
80 412 29 35 0.022620888 
0 571 41 52 0.022600964 
249 415 43 53 0.022585081 
295 144 20 25 0.022574527 
198 54 11 14 0.022561345 
632 377 31 42 0.022557111 
168 168 16 21 0.022518147 
636 110 14 16 0.022506127 
959 0 9 9 0.02250436 
322 432 28 37 0.022501513 
971 164 15 18 0.022500683 
619 231 14 19 0.022483552 
352 125 15 20 0.022483068 
885 274 12 15 0.022447571 
544 60 10 13 0.022436095 
224 45 12 16 0.022419091 
388 24 18 22 0.022414327 
93 225 23 32 0.02241241 
632 87 18 24 0.022374038 
181 371 15 19 0.022373764 
190 166 13 16 0.022353247 
35 141 13 15 0.022319268 
832 545 37 53 0.022316702 
756 0 11 11 0.022313528 
487 5 11 14 0.02224291 
457 196 17 23 0.022232378 
190 391 20 24 0.022230126 
386 374 26 34 0.022228375 
239 517 30 39 0.022209797 
104 412 25 34 0.022207307 
637 562 26 36 0.022183897 
798 63 10 13 0.022180855 
757 576 31 37 0.022170171 
861 20 10 12 0.022144418 
628 500 46 57 0.022124644 
131 175 19 25 0.022098925 
525 511 16 20 0.022095066 
88 12 9 11 0.022074388 
691 166 18 24 0.022046136 
325 162 21 28 0.022036385 
924 131 13 16 0.022020947 
119 553 19 27 0.02201902 
702 434 29 43 0.022007871 
299 300 16 20 0.021991719 
452 579 48 53 0.02198906 
695 43 19 23 0.021982234 
788 281 14 18 0.021960624 
524 152 16 21 0.021947939 
203 205 17 24 0.021926455 
953 36 19 25 0.021913627 
694 199 22 29 0.021898793 
173 69 9 12 0.021886298 
709 169 17 25 0.021847941 
95 102 10 13 0.021813592 
936 0 8 7 0.02181122 
650 162 15 21 0.021799305 
710 315 16 19 0.021795947 
876 82 12 15 0.021786356 
362 426 30 36 0.021772947 
390 253 12 17 0.021751266 
926 72 11 15 0.021736823 
588 153 20 28 0.021736119 
513 119 16 21 0.021723181 
13 84 10 13 0.021716556 
648 52 10 12 0.02170743 
258 140 16 19 0.021706268 
883 187 12 17 0.02169165 
387 72 13 18 0.021661907 
98 420 14 22 0.021647146 
908 132 12 16 0.021643717 
17 428 28 40 0.021617087 
9 68 19 27 0.021612903 
229 80 13 17 0.021612233 
71 14 8 10 0.021610381 
390 218 15 21 0.021607801 
175 102 12 14 0.021602783 
391 477 28 32 0.02156823 
990 225 20 29 0.021564873 
542 231 14 19 0.021559397 
242 299 16 20 0.021555664 
616 22 9 12 0.021551628 
576 618 28 36 0.021550203 
394 461 28 34 0.021538202 
883 210 14 18 0.02152818 
422 222 26 33 0.021509208 
200 87 10 13 0.02148846 
920 74 12 15 0.02142854 
592 21 9 12 0.021425413 
483 215 16 22 0.021419782 
334 97 14 18 0.021415122 
526 528 86 100 0.021412602 
431 573 87 100 0.021380732 
920 53 9 11 0.021368627 
518 65 13 16 0.021352045 
918 46 9 12 0.02133679 
794 283 24 29 0.021332977 
815 18 17 22 0.021319529 
738 70 16 20 0.021257514 
668 95 10 13 0.021252034 
236 405 28 38 0.02125117 
61 70 10 13 0.02123107 
805 61 11 14 0.021223476 
315 140 20 25 0.021209441 
323 288 15 21 0.02117715 
301 70 14 19 0.02111897 
966 195 13 17 0.021118172 
733 210 16 21 0.021112919 
191 -1 11 11 0.021109436 
817 479 39 49 0.021073304 
452 31 12 15 0.021063548 
1004 44 12 17 0.021056885 
46 124 12 15 0.02103605 
897 8 9 12 0.021034488 
67 282 22 32 0.021023884 
173 125 13 16 0.020999134 
888 585 17 22 0.020980923 
192 604 24 36 0.020964723 
313 382 27 34 0.0209391 
744 441 38 53 0.020917065 
512 54 19 23 0.020910412 
852 79 19 25 0.02090816 
511 35 11 17 0.02090561 
191 458 16 23 0.020884955 
354 61 13 16 0.0208797 
150 69 10 13 0.020873277 
692 140 14 18 0.020852286 
659 610 14 21 0.020836895 
659 173 13 17 0.020817103 
877 39 9 11 0.020813404 
392 281 18 23 0.020811936 
877 232 16 20 0.020811921 
51 128 19 25 0.020799268 
626 174 16 22 0.02075261 
358 20 11 13 0.02075241 
613 8 10 11 0.020739166 
915 148 13 16 0.02072926 
836 30 10 12 0.020709647 
623 505 29 40 0.020708637 
233 501 31 39 0.020705396 
568 576 50 60 0.020696972 
1006 310 24 38 0.020688817 
164 109 10 13 0.020653702 
639 574 29 39 0.020645607 
813 101 21 27 0.020639524 
474 140 13 17 0.020629091 
91 269 24 35 0.020620426 
412 137 15 20 0.020601748 
564 624 27 35 0.020590317 
493 453 15 17 0.02058049 
789 234 16 18 0.020528845 
241 280 22 30 0.02052223 
22 62 10 13 0.020514166 
157 428 30 35 0.020502647 
663 177 13 18 0.020499425 
523 311 22 33 0.020496564 
117 503 33 42 0.02047214 
7 506 28 42 0.020471826 
266 248 19 23 0.020461777 
803 534 19 31 0.020453082 
505 64 11 16 0.02044379 
465 41 16 19 0.0204343 
144 15 11 13 0.020425063 
352 0 11 11 0.02040946 
845 5 10 12 0.020368842 
709 45 9 12 0.020362256 
91 442 27 39 0.02034172 
7 55 10 14 0.020337747 
123 98 12 15 0.020323515 
250 58 12 15 0.020293778 
532 584 17 27 0.020287309 
188 93 12 15 0.020255797 
999 46 11 13 0.020253016 
685 345 26 39 0.020207822 
726 21 10 14 0.020177703 
18 357 17 22 0.02016346 
649 175 15 18 0.020157302 
95 207 25 35 0.020143079 
415 0 12 13 0.02012734 
908 281 15 18 0.020053629 
694 171 21 30 0.020052284 
715 309 14 19 0.020021666 
513 489 16 22 0.020012943 
