8_Election_Campain_Election_Campaign_8_133
37
856 190 29 37 0.99925 
20 112 32 43 0.99901724 
903 187 28 34 0.99608886 
946 184 25 30 0.97686315 
727 178 33 36 0.962188 
203 90 76 157 0.9443199 
630 168 25 32 0.89753056 
897 243 18 21 0.20883274 
944 219 17 19 0.19820388 
640 170 17 23 0.09446465 
379 127 42 47 0.09240138 
432 174 29 29 0.08656689 
300 140 25 33 0.06203872 
410 168 32 39 0.04608217 
650 171 12 16 0.044902563 
360 135 28 35 0.04131091 
485 210 11 14 0.041073035 
482 197 12 15 0.03776421 
426 185 33 33 0.03515742 
384 153 60 51 0.032797113 
960 186 19 24 0.031845607 
899 163 14 15 0.029435342 
943 203 24 31 0.028066542 
638 174 25 34 0.027990753 
429 197 13 14 0.027636314 
414 192 61 51 0.02447175 
292 125 44 59 0.024137322 
402 172 61 51 0.022388408 
5 138 15 23 0.021642143 
230 111 92 121 0.021534197 
424 203 37 32 0.021347223 
969 185 15 22 0.020670049 
439 191 31 35 0.02056798 
632 164 14 21 0.020338023 
477 189 12 17 0.020301953 
398 139 32 38 0.020288333 
76 133 99 137 0.02017655 
