41_Swimming_Swimmer_41_380
100
566 106 10 14 0.8838832 
465 226 18 20 0.8578582 
605 109 11 13 0.7482581 
592 201 15 18 0.58425564 
441 275 16 18 0.4614557 
460 264 14 18 0.29926622 
556 212 11 16 0.19350742 
584 175 12 15 0.16721223 
399 293 13 16 0.11816068 
601 114 11 14 0.11214268 
499 220 11 15 0.090291716 
527 295 14 15 0.08550451 
562 139 21 27 0.08121542 
416 261 10 12 0.079413034 
584 134 9 12 0.078986354 
623 143 10 13 0.07633699 
491 259 13 15 0.076104976 
574 129 11 15 0.07604607 
482 300 26 28 0.07498302 
572 107 9 13 0.073982574 
398 282 22 26 0.0710562 
505 192 8 11 0.068278275 
569 204 12 14 0.067936 
403 273 16 20 0.06767887 
506 272 13 16 0.06587337 
908 187 33 38 0.05872288 
590 134 9 13 0.058399938 
510 134 9 11 0.055050712 
550 133 9 13 0.05312569 
561 117 9 11 0.051604934 
835 183 31 32 0.05130959 
567 129 12 17 0.05071024 
575 228 39 54 0.04873009 
503 195 12 17 0.047168076 
598 180 11 14 0.04654241 
561 248 29 37 0.043049727 
326 517 9 11 0.042903874 
409 290 16 20 0.04253837 
588 188 15 18 0.041817047 
601 258 12 17 0.04155481 
559 126 11 15 0.040599667 
467 266 13 17 0.040456764 
850 181 29 34 0.03752602 
422 470 12 16 0.03544661 
412 445 15 19 0.035205044 
599 487 25 35 0.034995608 
836 192 18 21 0.034578983 
597 187 13 17 0.033264264 
467 237 18 20 0.033233453 
906 150 13 14 0.03304042 
567 218 11 15 0.031931385 
471 302 26 28 0.031764273 
392 299 10 14 0.031749368 
518 315 52 55 0.03125364 
471 231 16 19 0.030655036 
571 198 12 15 0.03048358 
484 254 15 18 0.030300345 
494 207 20 30 0.030184735 
653 173 10 14 0.030053979 
417 308 11 13 0.030040035 
889 211 29 33 0.029961064 
602 105 18 22 0.029958833 
482 553 14 17 0.029699659 
438 303 12 15 0.029341212 
564 265 14 18 0.027434565 
867 184 24 36 0.027349452 
393 292 11 17 0.027084878 
478 293 13 13 0.026796227 
512 227 9 14 0.024686316 
384 381 10 13 0.024639865 
605 123 12 15 0.024528584 
597 132 9 13 0.024317797 
821 158 9 12 0.02405751 
570 150 14 18 0.02401338 
729 135 10 12 0.023793293 
412 266 13 18 0.02373357 
582 117 9 12 0.023645556 
815 156 11 15 0.02345773 
927 454 64 80 0.022930067 
875 412 13 14 0.02288585 
822 165 8 11 0.022701226 
550 140 9 13 0.02258002 
490 313 14 16 0.02257897 
461 299 25 27 0.022153873 
691 66 14 16 0.022090813 
460 253 16 19 0.022064539 
560 145 12 17 0.021753727 
886 182 33 40 0.021647958 
745 107 10 13 0.021453593 
525 291 23 24 0.021359432 
478 253 12 14 0.021329105 
494 352 14 18 0.021048505 
899 223 15 17 0.020965561 
510 220 11 15 0.02078018 
667 279 14 16 0.020715628 
877 201 11 16 0.02057495 
383 376 10 12 0.020513728 
491 295 17 19 0.020375732 
509 253 9 12 0.020355629 
599 151 10 14 0.02020223 
