41_Swimming_Swimming_41_699
27
555 206 59 80 0.9996118 
746 314 58 64 0.9979632 
234 321 61 83 0.99698764 
431 232 56 72 0.99689364 
387 305 54 67 0.9968874 
64 372 69 82 0.9936724 
793 262 36 43 0.95587677 
921 272 57 73 0.90815 
128 303 50 60 0.903939 
834 321 31 41 0.15563917 
278 -24 439 523 0.062055968 
727 187 13 18 0.050758895 
413 157 16 22 0.040824912 
727 181 20 29 0.037753835 
530 436 40 48 0.03180869 
-83 -26 492 482 0.02883387 
326 156 37 39 0.028585346 
473 208 45 57 0.025784438 
307 574 13 15 0.024864852 
941 267 37 44 0.023428224 
850 331 17 26 0.023364026 
808 317 41 53 0.02309749 
345 200 28 34 0.023082089 
325 574 11 13 0.022828665 
411 155 27 34 0.02164758 
477 657 13 15 0.02145079 
363 144 45 55 0.020335821 
