41_Swimming_Swimmer_41_843
30
776 63 86 119 0.9992982 
257 371 14 16 0.2727032 
462 206 12 15 0.23459925 
613 273 23 32 0.13785674 
454 256 23 27 0.07889462 
184 367 9 13 0.07874267 
457 252 17 20 0.07820989 
508 259 13 14 0.054049086 
526 417 227 233 0.052474666 
627 491 33 28 0.04929187 
611 483 58 45 0.034771796 
236 379 39 51 0.034664124 
498 304 31 32 0.0295818 
945 650 74 115 0.029468948 
245 393 14 18 0.029223733 
187 371 11 12 0.029030304 
37 431 11 14 0.028861096 
249 372 22 27 0.027979871 
330 383 10 12 0.027482208 
551 338 11 12 0.027016921 
562 254 9 12 0.026843347 
501 274 15 18 0.026842784 
642 492 15 16 0.026532665 
246 402 14 19 0.026514618 
507 264 16 18 0.025743874 
505 317 27 29 0.025376877 
517 260 11 14 0.023043204 
602 254 40 55 0.022663543 
517 279 14 18 0.021518512 
618 200 16 18 0.02032977 
