41_Swimming_Swimming_41_172
37
286 26 12 17 0.29188886 
340 52 13 16 0.2801708 
495 140 38 42 0.18235373 
281 69 11 15 0.16036582 
683 197 43 57 0.1282641 
919 3 18 19 0.108975746 
279 24 15 18 0.09970326 
726 221 43 39 0.08758584 
697 156 61 46 0.0759617 
347 42 17 18 0.07311616 
897 50 15 18 0.050345037 
328 53 12 13 0.046406187 
292 23 10 12 0.04424228 
725 240 41 41 0.043201607 
290 33 12 15 0.04033407 
295 52 11 13 0.03974614 
283 64 15 18 0.03874396 
362 65 15 17 0.036448605 
301 52 10 12 0.03528545 
968 45 13 15 0.03366067 
254 28 8 10 0.03242647 
333 46 15 17 0.028875498 
300 21 11 13 0.027973117 
660 160 12 12 0.026774233 
480 146 32 36 0.026329054 
294 45 11 13 0.024660617 
274 69 9 13 0.02433075 
367 46 12 13 0.024073282 
327 47 12 14 0.02259658 
264 31 9 11 0.022497704 
256 72 8 10 0.022487985 
321 53 11 12 0.02245254 
912 27 13 17 0.022027873 
366 52 12 13 0.02178809 
943 6 12 14 0.020928176 
272 29 10 14 0.020886019 
263 15 9 11 0.020703342 
