41_Swimming_Swimming_41_243
66
93 109 146 124 0.998825 
903 243 61 72 0.9977679 
115 735 58 63 0.9972639 
744 236 54 66 0.990355 
506 785 38 51 0.94159776 
472 761 33 43 0.940957 
251 643 23 28 0.87240803 
423 753 32 41 0.8258596 
758 900 64 66 0.722208 
546 808 40 55 0.63431 
627 875 49 62 0.5407322 
459 892 58 62 0.5056445 
63 671 24 30 0.47878253 
256 605 21 26 0.41836673 
482 755 30 36 0.35655445 
236 597 22 28 0.31166083 
738 900 40 57 0.27750033 
197 576 15 20 0.26042095 
423 910 35 52 0.24444611 
680 869 27 31 0.16214779 
433 896 57 65 0.1305511 
74 671 23 30 0.11739821 
440 748 32 41 0.09877176 
755 92 24 30 0.082355544 
239 627 40 50 0.079843305 
496 754 20 25 0.079727314 
541 795 29 39 0.079681456 
55 665 24 31 0.070942484 
521 805 49 58 0.06541649 
236 587 37 47 0.06311859 
530 783 31 40 0.05825372 
240 643 13 17 0.050906274 
452 760 32 42 0.04226514 
232 598 14 18 0.038189355 
639 857 19 21 0.037093014 
751 494 28 33 0.034401443 
670 885 32 39 0.032651875 
577 820 34 39 0.03226162 
246 646 18 23 0.030716918 
984 226 33 41 0.030300073 
714 495 25 27 0.029356303 
575 804 35 37 0.027980585 
263 612 18 23 0.027775342 
455 916 57 64 0.026818972 
300 541 23 27 0.026236996 
516 770 25 32 0.026223628 
253 615 28 34 0.025726648 
92 679 13 20 0.025703229 
243 636 15 19 0.02518358 
751 893 93 118 0.024914593 
528 795 71 91 0.024835149 
231 654 24 29 0.024743205 
566 825 35 45 0.02456174 
60 662 16 20 0.024443274 
433 765 34 41 0.024333417 
553 801 20 23 0.023757447 
449 746 19 25 0.022962317 
601 861 56 69 0.021696543 
236 590 16 20 0.021696275 
505 752 17 23 0.021600729 
98 729 49 62 0.021266518 
712 730 35 45 0.02123491 
769 96 16 22 0.021229995 
258 598 17 21 0.020949868 
758 957 38 43 0.020764763 
770 250 37 46 0.02039479 
