51_Dresses_wearingdress_51_77
36
410 239 22 28 0.9525019 
801 53 191 246 0.3668925 
148 297 16 19 0.16233149 
523 314 171 246 0.1313404 
797 103 109 129 0.08081724 
743 147 26 42 0.07830498 
777 145 51 51 0.056633286 
876 98 143 157 0.051756863 
164 334 12 16 0.051019717 
565 298 119 138 0.0441323 
557 112 9 11 0.040523592 
201 294 10 12 0.03466127 
141 302 18 19 0.034656398 
271 133 389 463 0.033761665 
-18 -15 409 496 0.03286662 
44 49 213 298 0.030239645 
501 85 8 11 0.028543994 
813 156 12 16 0.027794862 
411 134 14 16 0.027626473 
804 143 28 38 0.026813144 
802 135 56 65 0.025130233 
427 203 343 454 0.025086569 
50 199 35 42 0.025056487 
372 107 16 19 0.024742963 
542 93 8 11 0.0240987 
557 393 116 136 0.023896556 
136 325 27 32 0.023488663 
779 163 33 44 0.023254974 
731 598 57 66 0.022298163 
781 126 30 33 0.02188261 
140 292 19 22 0.021664837 
413 271 17 18 0.021561408 
482 175 16 20 0.021471696 
121 279 101 129 0.02146174 
406 235 17 26 0.020936048 
139 306 26 30 0.020069359 
