51_Dresses_wearingdress_51_1035
53
173 233 115 130 0.9998741 
410 46 82 112 0.9987998 
853 179 89 101 0.996838 
581 278 86 99 0.99609643 
736 28 18 23 0.94355035 
666 30 19 22 0.83355355 
288 52 16 21 0.6405794 
332 48 18 20 0.50141823 
514 0 27 24 0.34395453 
604 38 13 21 0.28929624 
266 99 15 21 0.19942506 
610 35 16 21 0.16571836 
677 0 18 19 0.16412558 
706 15 18 23 0.120545976 
646 34 14 20 0.08137091 
1007 59 13 17 0.07390379 
687 51 15 19 0.05890702 
325 46 16 20 0.046633113 
256 103 12 16 0.043889347 
253 191 59 79 0.043006275 
653 56 16 19 0.039899703 
998 59 12 16 0.03984753 
953 92 11 14 0.03981806 
607 41 21 29 0.038731564 
653 30 20 26 0.03798367 
690 0 17 13 0.035932958 
337 22 14 15 0.032631166 
984 237 36 57 0.032200817 
638 34 14 19 0.028360926 
964 87 22 30 0.0282393 
629 65 17 22 0.028133804 
981 7 12 14 0.02771129 
492 105 15 24 0.027661426 
597 44 16 22 0.027174892 
660 36 18 22 0.02713684 
129 436 185 232 0.026693476 
971 99 13 16 0.026477462 
655 44 23 29 0.026225744 
998 53 20 28 0.026052454 
288 114 12 15 0.025501454 
591 43 15 19 0.024792245 
469 26 61 86 0.024610993 
991 56 11 14 0.023503345 
330 118 13 16 0.023057159 
605 30 15 19 0.022954905 
564 596 43 52 0.022880722 
433 22 81 110 0.022723867 
527 0 19 16 0.021570353 
702 21 24 32 0.021055989 
261 108 16 20 0.021051334 
619 39 15 22 0.021035323 
319 49 15 20 0.020744853 
690 45 15 18 0.020104509 
