51_Dresses_wearingdress_51_398
48
400 232 375 459 0.99954504 
196 920 382 483 0.56609267 
178 1019 13 17 0.06349141 
38 861 13 15 0.06329193 
178 1012 13 16 0.051280513 
38 762 12 14 0.04351879 
174 1036 10 14 0.043410227 
46 979 20 27 0.040879842 
37 461 14 18 0.040841717 
29 861 14 17 0.03727067 
312 1376 39 44 0.03558193 
175 1026 13 16 0.034527738 
207 1026 12 15 0.03383292 
12 764 10 13 0.033308946 
181 1034 13 16 0.032792855 
85 996 13 17 0.032365866 
175 1002 15 18 0.031025184 
-22 1160 436 500 0.030449416 
188 994 15 18 0.03038824 
45 852 13 17 0.03012638 
75 965 15 18 0.028660595 
188 1029 11 13 0.028340993 
150 1022 11 14 0.027875664 
200 1028 10 13 0.027233493 
54 836 12 15 0.026872972 
95 762 15 20 0.026095886 
36 1075 64 75 0.025819933 
111 1005 12 15 0.025156919 
166 990 11 14 0.025062755 
12 841 14 17 0.024921801 
158 995 11 14 0.02439709 
67 852 14 19 0.024157943 
45 819 13 17 0.023957992 
32 788 11 15 0.023708723 
23 865 14 17 0.023540134 
46 883 12 15 0.02304349 
363 898 385 503 0.022332635 
222 998 11 14 0.02199641 
168 1036 11 15 0.021851085 
315 1393 43 53 0.021815374 
156 1071 21 25 0.021770502 
154 1028 13 16 0.021343378 
156 1022 10 13 0.021214258 
118 980 12 15 0.021163365 
126 958 10 13 0.021160359 
144 1027 11 15 0.020813331 
61 781 13 17 0.020746402 
174 1044 10 13 0.020300614 
