51_Dresses_wearingdress_51_7
22
294 16 64 87 0.9993112 
490 86 29 35 0.99747497 
777 10 70 98 0.99554837 
953 120 37 51 0.97772574 
377 91 30 41 0.91701525 
168 84 17 22 0.8928067 
8 57 20 30 0.8784833 
55 62 22 30 0.87842405 
529 58 31 48 0.8121823 
118 71 16 22 0.4247593 
111 107 16 19 0.20051107 
198 80 16 21 0.1612464 
241 40 39 57 0.13181439 
536 56 19 26 0.04839673 
175 87 16 20 0.04541038 
387 103 31 38 0.03625831 
16 65 19 25 0.033249713 
901 132 16 19 0.030066486 
163 56 14 18 0.027453879 
222 128 48 60 0.024701547 
982 134 24 34 0.022609033 
203 136 53 64 0.021807095 
