51_Dresses_wearingdress_51_140
54
448 81 102 136 0.99986434 
177 301 48 63 0.9716062 
133 351 42 66 0.95127475 
253 316 39 48 0.8048236 
618 151 21 28 0.76289374 
980 280 33 41 0.45169032 
926 276 23 29 0.40438303 
932 344 36 40 0.38884205 
1000 449 22 38 0.19817993 
705 141 21 26 0.14162996 
885 367 26 33 0.12912649 
18 644 50 64 0.10702162 
1 426 26 43 0.09739047 
949 249 21 29 0.088219054 
3 1083 96 103 0.08753778 
169 593 57 67 0.083337545 
64 647 59 75 0.08162351 
944 359 30 36 0.06373523 
949 458 78 112 0.06297306 
927 249 15 18 0.05770914 
184 504 30 36 0.055074304 
27 475 24 32 0.054620337 
984 262 33 45 0.0510945 
353 261 29 32 0.04398383 
785 482 57 74 0.042766046 
51 637 51 70 0.042729426 
930 352 20 25 0.03975632 
999 233 24 31 0.03604891 
607 140 35 49 0.035469696 
947 541 53 86 0.035063844 
612 959 449 499 0.03441915 
56 1096 26 32 0.034258824 
943 520 45 68 0.033889517 
-2 622 81 106 0.033748217 
957 252 30 39 0.030959416 
929 267 17 23 0.029804142 
765 491 100 140 0.029508542 
67 635 31 40 0.028809011 
877 768 131 174 0.027525311 
268 310 31 39 0.0272355 
704 154 25 31 0.026918648 
968 259 34 45 0.026881365 
291 410 28 31 0.02614243 
941 470 51 63 0.026006483 
324 286 26 34 0.023719067 
-33 852 388 482 0.023380093 
961 687 45 56 0.02328444 
923 254 24 31 0.022456419 
917 396 48 57 0.022444446 
602 1227 13 17 0.02194092 
984 495 16 23 0.021819787 
264 514 37 48 0.021588434 
948 478 33 37 0.021432519 
44 1105 34 35 0.020152004 
