51_Dresses_wearingdress_51_610
19
392 33 58 84 0.9995461 
124 33 62 84 0.9994648 
628 31 55 75 0.9990257 
867 49 55 80 0.99808574 
293 172 32 36 0.51443493 
321 151 30 34 0.380572 
313 162 30 32 0.22646092 
404 175 39 40 0.20850745 
958 386 32 41 0.08384536 
1012 79 12 20 0.036542036 
446 162 12 16 0.028452875 
429 140 31 37 0.02783455 
421 170 32 39 0.02773295 
427 157 32 40 0.026736474 
460 372 34 48 0.023847405 
324 147 18 25 0.023233488 
999 396 15 20 0.023183368 
477 202 16 23 0.022198994 
437 169 15 19 0.02042822 
