51_Dresses_wearingdress_51_633
125
427 103 115 139 0.99992 
37 1058 38 46 0.6325152 
627 223 15 21 0.2626129 
384 280 213 276 0.14206836 
372 12 12 16 0.13222194 
671 0 67 79 0.12364592 
63 910 21 29 0.11168807 
669 221 14 18 0.10720382 
17 727 107 151 0.08360709 
16 968 21 30 0.08094332 
82 403 9 12 0.07597494 
24 63 9 11 0.07480743 
222 880 13 17 0.0688165 
169 807 28 37 0.06632327 
56 1013 29 35 0.064403 
661 112 17 22 0.06379965 
213 1021 53 58 0.060200036 
62 408 10 12 0.060198426 
157 96 9 11 0.0583662 
45 915 16 21 0.058157083 
63 74 9 13 0.054402873 
103 87 8 10 0.052758995 
429 15 17 21 0.052733883 
667 187 14 16 0.047256626 
48 21 7 9 0.04570616 
3 963 26 36 0.045673244 
232 794 15 20 0.04546229 
13 187 10 12 0.044868313 
99 1036 45 57 0.04302612 
182 854 17 23 0.041317347 
677 262 13 17 0.040624876 
63 41 7 9 0.04004884 
1 498 12 20 0.039307594 
103 381 11 13 0.03897038 
723 533 17 20 0.038793523 
216 836 11 15 0.038438156 
109 496 8 10 0.037780274 
394 0 15 13 0.03680977 
662 245 11 14 0.036374144 
86 46 10 13 0.03604244 
36 1064 56 67 0.035989605 
397 69 9 12 0.035455123 
713 518 31 36 0.0338055 
159 812 27 37 0.032978967 
28 966 24 32 0.032740876 
356 120 12 17 0.031853 
101 54 8 10 0.031614706 
97 16 8 11 0.031411372 
7 433 8 10 0.030749856 
10 56 8 10 0.030617226 
90 740 101 128 0.030245634 
795 533 16 20 0.029985528 
168 854 24 29 0.029656868 
164 790 46 63 0.02846484 
38 918 19 27 0.028216083 
64 46 7 9 0.02806105 
184 806 18 25 0.027809594 
137 77 9 11 0.027713377 
40 1032 50 63 0.027148724 
570 81 14 19 0.027019 
54 6 8 9 0.026858952 
25 57 7 9 0.026224395 
169 77 10 12 0.026177077 
2 395 11 16 0.02616219 
185 845 25 37 0.026134785 
126 16 8 10 0.026106572 
53 23 8 10 0.026029738 
87 366 10 13 0.02583546 
223 72 10 12 0.025807254 
419 10 28 36 0.025534099 
745 228 10 12 0.02525765 
868 433 15 18 0.02525608 
25 31 7 10 0.025158882 
137 15 8 10 0.025030082 
827 113 56 67 0.024706086 
128 88 9 11 0.02468345 
135 31 8 9 0.024614558 
136 551 9 12 0.024524469 
153 118 8 10 0.024441285 
118 81 9 11 0.024357537 
168 735 11 14 0.02435695 
97 54 8 11 0.024174668 
102 47 9 10 0.024093041 
166 859 14 17 0.024078986 
121 23 8 9 0.02407401 
375 46 10 12 0.024073364 
208 88 9 10 0.024050197 
14 56 7 9 0.023815677 
134 527 9 12 0.023203392 
53 158 10 12 0.023141474 
111 81 9 10 0.023095544 
230 110 9 11 0.022966914 
1005 181 8 11 0.02269498 
43 406 11 13 0.022608936 
684 54 10 12 0.022280134 
263 1015 29 31 0.022246685 
168 549 10 12 0.022199448 
127 7 7 9 0.022154974 
101 946 21 30 0.022058088 
386 -2 24 23 0.021788014 
142 510 10 12 0.021780187 
85 95 8 10 0.021778917 
634 112 24 28 0.021709107 
112 31 8 11 0.021604128 
143 47 8 9 0.021518592 
9 990 42 55 0.021351801 
163 863 23 29 0.021227697 
67 406 12 13 0.021170676 
46 423 15 18 0.021150235 
794 602 13 17 0.021140857 
0 431 7 11 0.02111723 
29 31 8 9 0.021058155 
176 122 9 11 0.020838914 
86 79 9 11 0.020818872 
90 787 15 20 0.02067248 
702 480 103 108 0.020636095 
127 497 11 15 0.020597912 
81 39 7 9 0.020570036 
904 285 47 59 0.020544179 
55 255 10 14 0.020481493 
523 63 16 20 0.020372288 
24 451 14 17 0.020231435 
213 907 25 30 0.020200618 
41 61 10 12 0.020146485 
46 31 8 10 0.02009151 
