51_Dresses_wearingdress_51_150
55
190 60 80 112 0.9977246 
724 62 67 102 0.99744606 
11 77 18 22 0.51036143 
35 117 23 28 0.42956778 
85 96 13 16 0.3121221 
13 532 12 14 0.18468417 
28 477 14 18 0.15782504 
322 98 15 18 0.14862263 
11 130 14 19 0.081315234 
92 94 12 15 0.07568758 
79 73 15 19 0.07055277 
11 10 25 30 0.06117537 
784 327 30 34 0.056260034 
42 194 18 23 0.05585967 
73 419 32 37 0.052009966 
146 93 15 21 0.051052168 
356 104 18 21 0.049336452 
78 41 14 18 0.045580808 
81 137 16 21 0.03907202 
108 567 12 16 0.036752272 
44 592 17 19 0.036073264 
16 526 16 19 0.034569725 
136 87 21 27 0.034417767 
46 620 16 18 0.03410094 
117 101 13 16 0.032914523 
12 22 26 34 0.03289326 
169 357 30 36 0.032157674 
305 111 9 12 0.032133885 
103 566 10 15 0.03209275 
35 652 14 16 0.0307821 
83 102 17 22 0.03021277 
53 3 17 18 0.028641144 
867 505 12 16 0.02848442 
776 340 17 20 0.026977701 
108 601 14 19 0.02639326 
99 191 23 31 0.0261336 
61 10 12 13 0.025508456 
91 202 13 17 0.025278041 
77 78 22 27 0.024983335 
190 592 50 57 0.024281 
84 528 24 29 0.023816284 
789 335 17 21 0.023631822 
124 97 13 17 0.023196386 
900 54 14 18 0.02298738 
857 504 24 36 0.022945758 
30 118 18 23 0.022881832 
79 7 11 13 0.022792768 
93 85 13 17 0.021663152 
135 87 12 15 0.021343054 
7 526 20 27 0.021253727 
369 107 15 20 0.020748321 
70 14 10 12 0.02069512 
661 327 55 76 0.02066746 
91 138 14 19 0.020444643 
800 330 17 21 0.020236162 
