40_Gymnastics_Gymnastics_40_638
67
973 320 9 12 0.29789016 
455 323 31 39 0.26722836 
1000 487 24 34 0.18078923 
1003 234 15 19 0.17489965 
920 374 10 12 0.14009832 
910 413 12 17 0.10282848 
959 376 8 10 0.099453904 
672 365 10 13 0.07051053 
901 360 8 12 0.064578585 
901 365 10 14 0.06220488 
919 379 11 14 0.060026247 
999 376 11 12 0.054756526 
288 404 10 13 0.054275457 
656 362 12 15 0.05287236 
732 262 14 21 0.052610792 
676 362 9 14 0.051787697 
640 379 11 14 0.04985242 
293 397 14 16 0.049712654 
968 321 12 15 0.04691804 
912 382 9 12 0.0468029 
895 339 10 13 0.04574467 
955 412 10 14 0.044105835 
295 388 13 15 0.04035855 
714 324 17 21 0.039570093 
866 328 9 11 0.03934107 
645 375 10 15 0.036374375 
927 388 10 12 0.036151048 
733 270 25 31 0.035423126 
912 374 8 11 0.033112135 
670 370 9 13 0.03294396 
123 220 30 34 0.031376444 
1006 485 17 19 0.030642994 
935 383 10 12 0.030446814 
957 318 12 16 0.029416308 
935 399 11 13 0.029345488 
705 253 25 32 0.028708886 
403 357 15 17 0.028697835 
987 493 33 45 0.028497238 
759 283 53 68 0.027815556 
951 342 9 11 0.027700191 
830 294 10 14 0.026162293 
949 333 9 12 0.025934055 
938 403 12 15 0.025790991 
713 266 14 18 0.02537933 
984 375 9 12 0.024958974 
722 280 54 65 0.024423884 
997 378 15 19 0.024302427 
902 416 15 19 0.02392016 
924 381 11 14 0.023294963 
125 442 10 13 0.0232604 
650 515 28 34 0.023167219 
743 352 14 18 0.022890761 
773 248 206 231 0.022645192 
981 325 9 12 0.022177445 
739 287 16 19 0.022158746 
952 368 7 10 0.021810232 
992 326 9 11 0.021785032 
121 459 10 12 0.021610789 
689 326 10 13 0.021609867 
639 387 10 13 0.021185579 
954 373 9 11 0.021037316 
813 251 95 130 0.020918664 
714 241 43 52 0.02087858 
1009 364 9 12 0.02069665 
689 351 10 13 0.020592969 
727 247 25 33 0.020408815 
285 409 12 16 0.020310994 
