40_Gymnastics_Gymnastics_40_642
50
870 246 54 66 0.99941707 
782 295 49 61 0.99899524 
627 289 47 58 0.99829143 
264 342 38 46 0.9982597 
413 270 50 60 0.9977197 
86 279 46 60 0.9976434 
337 316 41 51 0.9934562 
529 290 45 50 0.9915937 
205 272 42 54 0.99130857 
297 295 17 22 0.68413085 
593 301 35 44 0.45913374 
304 346 27 29 0.20191203 
278 291 11 13 0.10942431 
286 298 25 29 0.0776202 
0 298 10 16 0.07745123 
303 334 42 49 0.07740399 
267 290 15 18 0.07661593 
260 281 15 19 0.07572954 
702 312 44 51 0.056514766 
331 299 13 16 0.055708896 
46 389 15 18 0.042068653 
306 294 15 19 0.041676175 
41 343 10 13 0.03841462 
583 288 30 41 0.035340857 
595 321 28 34 0.033239614 
327 293 13 17 0.032637104 
16 327 10 14 0.032417987 
297 289 11 14 0.031923678 
288 383 47 69 0.030982956 
998 291 12 15 0.030377379 
249 320 29 32 0.03024451 
262 295 16 17 0.030180164 
258 287 25 29 0.029344043 
333 305 14 18 0.028778175 
301 345 18 22 0.028405972 
2 322 12 16 0.028235426 
610 300 15 20 0.027673714 
283 287 22 28 0.026914839 
288 314 24 31 0.025917709 
978 326 41 64 0.024999857 
287 300 41 47 0.023838788 
226 379 44 61 0.02366879 
292 326 27 31 0.023532359 
333 302 26 32 0.022037875 
297 308 18 23 0.021736503 
253 284 41 51 0.021268187 
735 321 14 19 0.021055857 
284 287 10 14 0.020969374 
315 291 14 17 0.020499445 
287 305 14 18 0.02021252 
