40_Gymnastics_Gymnastics_40_331
61
498 91 62 74 0.96369374 
785 410 16 20 0.25156868 
913 298 19 25 0.21377128 
747 181 15 21 0.178195 
799 290 12 16 0.16863112 
420 360 16 18 0.13327579 
436 315 15 20 0.13264947 
106 263 95 136 0.10239175 
773 369 18 20 0.09869205 
449 394 15 19 0.08939034 
717 283 16 20 0.08188074 
958 349 24 34 0.075432435 
803 248 25 28 0.06726361 
973 409 24 27 0.06271411 
666 307 19 23 0.05504756 
1007 303 12 19 0.054838546 
872 262 27 34 0.05361436 
589 188 422 507 0.04790627 
974 337 16 20 0.04643855 
699 371 16 19 0.04641293 
528 409 14 17 0.043606225 
747 306 15 18 0.042682786 
743 330 25 31 0.03819253 
964 341 27 33 0.03621375 
41 198 50 67 0.034872875 
45 229 31 36 0.033620447 
148 337 34 33 0.03281063 
257 246 37 34 0.03197263 
94 246 55 81 0.030724682 
916 398 15 19 0.028801871 
876 277 26 32 0.028335938 
986 370 17 20 0.026991997 
740 285 25 30 0.02677415 
707 157 15 17 0.026407897 
968 15 34 42 0.026224319 
876 250 18 20 0.025330534 
772 540 32 32 0.024324806 
952 363 11 18 0.024187502 
492 405 17 21 0.024013778 
516 417 13 17 0.024007825 
846 297 16 19 0.023998464 
780 365 24 27 0.023965403 
792 290 14 17 0.023926208 
933 363 12 16 0.023902355 
395 316 13 16 0.023545608 
858 400 17 21 0.02272987 
479 260 25 33 0.02244404 
431 315 28 32 0.022283318 
274 215 384 467 0.022235435 
853 276 26 35 0.022006338 
745 364 26 28 0.021848135 
713 312 24 30 0.021595122 
463 119 55 65 0.021311028 
952 355 20 30 0.021232234 
855 408 14 20 0.021143595 
1000 386 15 18 0.021140302 
6 159 48 76 0.021065108 
439 380 27 32 0.021024862 
468 258 26 37 0.020666424 
4 257 15 23 0.020548334 
782 417 24 29 0.020035973 
