40_Gymnastics_Gymnastics_40_783
37
448 370 92 91 0.9437939 
384 559 25 31 0.2550434 
708 566 25 31 0.2345141 
234 574 18 22 0.20721951 
897 526 19 23 0.16406319 
344 444 25 35 0.068296865 
352 132 52 59 0.06666499 
806 578 31 40 0.06493596 
75 525 18 23 0.06168769 
290 618 41 53 0.059369627 
754 527 19 24 0.05536088 
490 89 16 20 0.053991035 
988 569 25 32 0.05287975 
711 523 26 33 0.046248317 
308 505 31 39 0.043504007 
345 437 47 50 0.040565543 
973 494 34 37 0.04055495 
986 489 34 39 0.035092205 
437 96 15 19 0.032555237 
579 417 450 465 0.03231988 
257 499 27 32 0.031316113 
664 505 26 33 0.027489066 
872 66 133 120 0.026224378 
179 416 26 31 0.0248298 
273 368 17 22 0.024576584 
141 575 18 23 0.023946092 
343 454 15 21 0.02360647 
152 530 25 30 0.023167208 
652 644 17 22 0.022580624 
227 560 28 35 0.02236572 
745 624 25 30 0.021663366 
906 87 77 69 0.021405723 
143 486 37 41 0.021377932 
303 611 29 38 0.02113945 
717 417 26 33 0.020764505 
77 220 29 35 0.020500313 
145 188 17 23 0.020189125 
