40_Gymnastics_Gymnastics_40_364
40
553 1230 136 97 0.9967853 
537 1135 166 237 0.3131865 
961 961 30 38 0.2405422 
730 1209 24 32 0.1318317 
849 1426 45 55 0.12976024 
969 1168 23 30 0.1296271 
816 7 64 80 0.10144935 
39 604 249 277 0.07843667 
-91 513 367 442 0.06288634 
819 1330 16 19 0.05325766 
43 1282 15 18 0.047930416 
359 1385 47 61 0.040954933 
996 1238 27 41 0.040266808 
370 1422 48 61 0.039325405 
595 1209 85 81 0.03792852 
869 657 151 194 0.037768677 
639 469 332 472 0.036266956 
82 1295 18 23 0.036149696 
24 737 17 20 0.03606586 
915 1264 34 39 0.03395907 
895 935 34 46 0.027548743 
632 1225 48 38 0.027419569 
879 934 56 74 0.025517339 
7 658 158 188 0.02513895 
907 945 45 63 0.02445875 
945 947 41 58 0.024073083 
372 1450 46 58 0.024047313 
386 1452 28 35 0.024046395 
355 1286 36 42 0.023455145 
134 1300 16 20 0.022540161 
667 1190 423 501 0.022178495 
726 582 119 162 0.022077337 
760 1305 19 20 0.02118399 
871 1318 25 32 0.02093428 
905 1239 49 58 0.020846525 
381 743 18 23 0.020611543 
807 1198 14 18 0.020540202 
958 1166 25 32 0.020478757 
494 1379 199 251 0.02040708 
7 478 35 47 0.020366874 
