40_Gymnastics_Gymnastics_40_646
45
919 303 54 65 0.9996524 
120 295 50 56 0.9991406 
380 278 48 59 0.9990101 
595 305 45 56 0.99872583 
548 196 48 58 0.99865663 
770 316 54 65 0.9985274 
839 164 47 54 0.9979528 
261 256 45 55 0.99724483 
393 151 39 52 0.996736 
713 167 44 51 0.991043 
504 311 43 55 0.9835736 
960 66 15 19 0.889361 
999 78 12 15 0.7442151 
174 85 14 17 0.6188381 
1003 42 12 16 0.31097776 
937 83 12 14 0.23025402 
999 85 21 33 0.12449042 
276 66 9 11 0.11680887 
507 260 46 59 0.07181171 
285 81 11 15 0.056218963 
173 90 23 28 0.055700347 
933 79 21 24 0.05231352 
895 77 10 13 0.05109625 
951 103 12 14 0.05093653 
177 77 16 20 0.04189328 
49 117 9 11 0.039564263 
488 44 11 15 0.03675365 
373 77 12 17 0.035841104 
950 73 13 17 0.034283813 
943 100 10 13 0.03140303 
952 67 13 17 0.02980027 
760 76 25 33 0.027278654 
955 108 15 17 0.027148457 
935 101 10 13 0.026171096 
375 163 23 34 0.025552638 
999 35 19 26 0.024450814 
472 39 9 13 0.024188941 
927 78 11 15 0.0234307 
927 100 10 13 0.023195466 
947 82 13 17 0.023193726 
919 95 9 12 0.021878585 
948 104 27 28 0.020759407 
748 77 27 37 0.020625975 
925 72 22 27 0.020335697 
920 83 9 13 0.020020997 
