40_Gymnastics_Gymnastics_40_48
33
29 421 14 23 0.8006835 
811 172 24 29 0.22562101 
16 421 12 17 0.16195072 
819 184 18 24 0.14871328 
159 264 16 20 0.13606799 
22 420 16 20 0.13411012 
793 204 16 18 0.10357703 
194 336 27 34 0.08501955 
176 251 15 18 0.07410317 
154 312 31 34 0.065721944 
140 256 17 24 0.060226083 
140 338 13 15 0.056072123 
168 304 38 45 0.055042133 
478 100 44 53 0.052123416 
500 98 27 47 0.040458344 
20 414 14 18 0.03974118 
282 412 41 52 0.03489563 
36 412 15 21 0.03247533 
797 178 24 30 0.031831082 
198 281 15 20 0.03074818 
3 429 11 15 0.028251642 
824 179 15 20 0.026628029 
134 340 13 17 0.026408816 
517 75 45 49 0.025699953 
502 83 45 51 0.025573738 
205 469 23 29 0.025481422 
186 299 24 34 0.024732422 
458 92 42 58 0.024407675 
300 375 15 18 0.023738863 
651 280 14 17 0.023198131 
187 321 29 37 0.02225269 
39 404 13 17 0.021482967 
279 238 18 21 0.020361647 
