40_Gymnastics_Gymnastics_40_285
20
773 415 91 62 0.471339 
868 40 13 16 0.2599639 
787 421 51 38 0.078828685 
0 92 32 64 0.06678345 
772 427 49 43 0.053266242 
686 371 240 177 0.03352179 
477 450 69 54 0.032474514 
887 167 11 14 0.030544143 
802 412 53 40 0.030156896 
859 29 10 13 0.028961005 
248 139 11 16 0.02625503 
236 568 60 69 0.026129674 
911 238 120 113 0.025868038 
459 436 105 92 0.025163023 
280 41 11 16 0.024971023 
841 266 134 149 0.02439695 
273 76 10 15 0.02416551 
735 427 86 63 0.02268207 
771 427 129 82 0.020769747 
940 266 70 62 0.02003654 
