40_Gymnastics_Gymnastics_40_484
24
495 270 78 101 0.99491113 
833 71 40 52 0.83799744 
642 82 52 65 0.69417584 
477 75 46 63 0.45356402 
979 0 39 44 0.42634 
808 206 44 51 0.42493975 
987 187 34 58 0.3412637 
139 -1 40 38 0.2762253 
823 413 45 64 0.252533 
988 312 34 60 0.08096653 
120 97 52 61 0.07229253 
613 259 44 60 0.067881934 
466 109 63 84 0.05303199 
317 85 39 53 0.041767847 
458 52 76 101 0.034674987 
362 168 48 73 0.034522634 
1011 423 13 24 0.03319657 
465 251 64 78 0.030090397 
0 0 33 32 0.027540306 
593 241 73 104 0.026171599 
634 48 60 75 0.023314325 
997 632 22 33 0.02225508 
646 36 31 35 0.02171877 
981 377 14 23 0.020247048 
