40_Gymnastics_Gymnastics_40_920
87
122 160 62 78 0.99945945 
259 170 60 76 0.9993856 
395 173 64 81 0.9991073 
481 168 62 83 0.9981597 
569 149 71 84 0.99804735 
746 123 77 98 0.9944887 
316 436 16 22 0.31436303 
993 231 6 9 0.18990965 
959 222 8 11 0.105704755 
1006 215 8 12 0.08786638 
982 221 7 9 0.07341816 
990 255 7 9 0.07249394 
997 231 7 9 0.05856369 
970 239 8 9 0.05180999 
932 493 17 20 0.050024264 
985 254 7 10 0.046715505 
1012 307 9 16 0.045556888 
985 230 7 9 0.044707894 
984 248 7 9 0.044702284 
961 216 7 9 0.0446449 
999 246 9 11 0.044446778 
970 231 7 9 0.04251913 
920 62 8 10 0.042089168 
978 216 7 9 0.041603956 
390 398 36 45 0.04151672 
991 263 7 9 0.041414864 
1006 271 8 10 0.038830675 
1015 262 8 10 0.035347443 
983 279 9 11 0.034981787 
998 239 8 10 0.033918925 
967 214 7 9 0.033421073 
659 133 7 9 0.032208696 
936 72 7 10 0.032104965 
1005 276 8 10 0.03200437 
640 109 7 9 0.031876452 
993 237 8 10 0.031517804 
2 235 14 19 0.031305853 
975 232 7 9 0.031279944 
905 73 7 9 0.03126803 
974 238 7 9 0.031174319 
969 209 6 9 0.030923532 
300 407 22 28 0.030752748 
1014 239 7 11 0.030498063 
1013 28 9 13 0.029970378 
720 379 25 41 0.029662495 
239 441 8 9 0.029259972 
993 226 7 9 0.028604494 
200 495 11 12 0.028580675 
1001 263 7 9 0.027988555 
991 269 8 9 0.027593661 
208 468 10 12 0.026838016 
1008 247 7 10 0.02622651 
3 216 13 17 0.026086923 
688 373 12 13 0.025843862 
275 426 14 20 0.025786964 
975 253 10 12 0.025661524 
1003 87 8 10 0.025439607 
991 248 8 9 0.025384637 
634 119 8 8 0.02537894 
984 239 8 10 0.02458038 
974 453 14 19 0.024237726 
221 437 9 11 0.023931572 
704 423 10 13 0.023851274 
255 440 9 10 0.023790613 
775 440 7 9 0.02364443 
1001 253 8 11 0.02336246 
1015 255 7 11 0.02334588 
26 534 9 11 0.023239853 
657 128 8 10 0.023091685 
948 434 13 16 0.023031412 
692 371 11 12 0.022852656 
15 167 8 10 0.022786906 
441 405 10 14 0.022670556 
664 135 7 9 0.022556493 
985 261 8 10 0.022362914 
952 207 7 10 0.02224905 
222 431 9 11 0.02192087 
925 518 10 12 0.021627624 
1007 254 7 10 0.021488426 
1007 263 8 10 0.021464616 
2 226 14 19 0.021248735 
974 112 9 10 0.020709272 
925 461 11 17 0.020691477 
679 425 11 13 0.020616971 
625 128 8 10 0.020363338 
42 7 30 32 0.020249803 
633 112 7 9 0.020248307 
