40_Gymnastics_Gymnastics_40_698
46
357 75 35 42 0.99913967 
584 45 34 39 0.9975145 
864 41 32 38 0.9954739 
253 46 38 49 0.9952962 
780 90 44 40 0.92151845 
630 31 26 28 0.44558978 
171 44 30 47 0.35316193 
531 14 24 33 0.3219529 
200 21 35 46 0.2848601 
162 2 17 17 0.24918652 
130 15 25 26 0.22756417 
627 269 50 51 0.122799024 
497 307 47 54 0.122574754 
808 462 28 49 0.108505294 
146 49 44 61 0.096222065 
145 2 25 28 0.07511067 
186 48 30 44 0.073930755 
572 135 42 51 0.067117885 
301 112 44 56 0.06371136 
784 0 29 31 0.052815955 
957 25 17 19 0.046682093 
129 28 48 59 0.043504395 
681 78 40 50 0.03579887 
535 11 16 21 0.03552827 
583 272 54 50 0.03473826 
632 258 39 40 0.033819668 
539 6 14 18 0.033396706 
524 0 14 12 0.03264894 
544 18 14 21 0.032313578 
502 12 13 16 0.031946857 
192 31 30 43 0.030232573 
769 460 46 57 0.029842608 
815 444 30 53 0.029157924 
922 77 12 15 0.028587116 
561 284 47 50 0.027059421 
364 105 24 29 0.026882058 
518 2 42 49 0.026649341 
129 19 34 39 0.02620534 
828 96 35 39 0.026095103 
227 391 50 53 0.023993528 
412 194 14 18 0.023531564 
132 52 38 50 0.023321083 
629 288 55 57 0.02278382 
556 308 26 38 0.022161089 
517 302 48 57 0.02211166 
811 30 25 28 0.021648088 
