40_Gymnastics_Gymnastics_40_668
160
390 183 99 114 0.99887913 
275 193 118 147 0.9988048 
186 72 116 126 0.9978154 
101 262 168 147 0.9977945 
653 193 75 90 0.9972753 
498 196 87 107 0.9907012 
861 208 99 101 0.9828383 
97 53 11 15 0.6152495 
692 77 11 14 0.5095029 
674 43 10 13 0.48723018 
980 275 15 19 0.47043693 
581 31 9 11 0.37518778 
798 46 10 12 0.3462842 
860 38 13 13 0.3129082 
611 44 10 14 0.24271543 
713 43 10 12 0.23664372 
752 36 8 11 0.22765303 
652 33 9 10 0.19272606 
557 46 10 12 0.1842272 
1 93 11 17 0.18106572 
183 237 132 156 0.17877376 
687 32 10 11 0.17392881 
875 32 15 16 0.16695258 
693 31 10 12 0.15408415 
89 39 7 9 0.15381344 
22 45 8 11 0.15091872 
17 74 11 15 0.14623308 
68 99 16 20 0.1394742 
412 635 98 136 0.13700043 
18 40 8 10 0.13311368 
781 56 13 17 0.13172044 
14 62 10 12 0.12648925 
760 249 11 14 0.1238829 
638 46 7 10 0.11980787 
230 444 95 109 0.11477155 
542 38 8 10 0.1086576 
24 92 9 12 0.10618578 
671 63 8 11 0.10535578 
436 92 11 14 0.10456299 
22 432 30 44 0.09863906 
925 44 10 12 0.09834124 
318 178 128 138 0.09267809 
696 58 10 12 0.0885187 
107 77 10 13 0.08025317 
97 48 9 11 0.07613097 
80 75 9 12 0.07555639 
632 32 7 9 0.07472036 
788 54 12 15 0.07368523 
4 86 11 16 0.070476644 
605 31 9 10 0.0701636 
61 54 10 14 0.07007239 
0 125 9 17 0.06523085 
846 30 10 11 0.064394906 
671 69 10 13 0.0631994 
625 63 8 10 0.06234178 
847 60 14 16 0.06195683 
601 32 9 10 0.058838673 
634 45 8 11 0.057906028 
61 40 7 9 0.05415875 
22 86 9 13 0.05329477 
108 89 12 17 0.052930683 
518 31 8 10 0.05140321 
487 38 9 12 0.051369835 
657 73 9 11 0.047281116 
649 46 8 11 0.047274727 
209 149 174 164 0.045410484 
629 64 7 10 0.04300941 
554 32 8 10 0.04280354 
713 54 10 12 0.04210784 
655 47 9 12 0.041752297 
81 47 8 10 0.04009637 
86 45 9 11 0.038140304 
222 110 115 148 0.037887547 
910 36 12 16 0.037109394 
944 62 28 31 0.037059244 
756 37 8 11 0.036995746 
746 37 8 11 0.036696814 
608 40 11 14 0.036579773 
663 52 8 11 0.03619187 
914 30 13 16 0.036189273 
8 47 9 10 0.035719883 
855 31 13 13 0.035168104 
15 56 9 11 0.03510092 
94 40 8 10 0.034623954 
905 43 10 12 0.033190537 
552 40 10 11 0.032971807 
883 35 14 18 0.032463115 
563 45 10 13 0.032071628 
85 53 11 15 0.031662464 
60 46 9 11 0.031609718 
695 227 46 53 0.031257875 
613 51 9 11 0.031163206 
0 72 7 11 0.03108261 
916 36 13 16 0.030280227 
514 105 24 28 0.029382292 
68 485 85 110 0.028998127 
875 51 14 15 0.028993098 
30 69 10 12 0.028914006 
776 53 13 18 0.02874759 
541 33 9 11 0.028576877 
856 43 13 13 0.028215114 
623 32 8 10 0.027949749 
701 78 9 12 0.027878249 
712 58 9 13 0.027257947 
667 63 8 10 0.027118135 
473 41 9 10 0.026890352 
576 64 8 12 0.02675659 
514 31 8 9 0.026704589 
471 132 9 13 0.02587193 
30 75 11 14 0.025854776 
8 54 9 12 0.025422322 
857 33 21 22 0.02504364 
0 80 18 28 0.025010318 
6 77 9 13 0.02493056 
0 77 9 12 0.02486546 
1 150 16 23 0.024581809 
672 51 11 13 0.024343118 
675 61 10 12 0.024263056 
804 70 11 14 0.024083536 
615 32 10 12 0.024023231 
80 53 11 13 0.02398695 
26 213 15 16 0.023885433 
623 39 9 11 0.023870323 
70 88 12 14 0.023709247 
681 31 10 11 0.023659306 
757 32 9 11 0.023526283 
702 61 9 11 0.023492504 
622 56 9 10 0.023458296 
663 32 8 9 0.023430651 
7 117 12 17 0.023355953 
84 77 10 12 0.023254355 
631 38 9 12 0.023090903 
808 33 9 11 0.022669785 
609 61 9 11 0.022662275 
701 55 10 13 0.022658274 
921 104 11 13 0.0226502 
511 100 9 11 0.022324922 
528 39 8 10 0.02220747 
592 37 7 10 0.02199661 
891 44 10 12 0.021875625 
481 37 10 13 0.021441251 
79 59 11 13 0.0214397 
521 55 9 11 0.021355197 
769 54 9 13 0.021319782 
923 107 12 14 0.021239448 
664 39 9 10 0.021191778 
767 30 8 11 0.021111734 
638 40 9 11 0.021037327 
5 220 12 16 0.020955458 
876 42 15 18 0.020829516 
64 103 24 29 0.020694839 
851 55 14 16 0.020637687 
687 60 10 12 0.020528985 
56 520 55 70 0.020527042 
878 118 12 14 0.020335093 
994 488 31 48 0.020330263 
702 37 9 12 0.020155724 
29 101 11 14 0.02013969 
600 36 10 12 0.020121856 
710 79 9 10 0.020015862 
