40_Gymnastics_Gymnastics_40_727
88
666 173 19 23 0.9663462 
82 476 30 36 0.95834935 
218 538 33 42 0.86250144 
697 560 34 36 0.8398528 
859 435 22 28 0.54788756 
323 124 13 16 0.50039285 
590 72 17 21 0.441431 
730 346 16 23 0.24448055 
876 434 15 23 0.21618848 
535 222 12 16 0.20726581 
416 125 12 14 0.15564409 
502 207 11 15 0.15124224 
703 518 10 13 0.09694226 
844 18 50 72 0.08877354 
96 470 30 38 0.08418227 
362 187 16 21 0.08078815 
448 76 11 15 0.07002267 
362 100 14 18 0.06752078 
734 141 14 17 0.06449287 
631 108 14 16 0.063967474 
216 525 27 36 0.06326828 
660 548 21 30 0.06287054 
860 418 13 15 0.055403907 
356 92 13 15 0.05429536 
420 120 11 14 0.053992014 
394 152 9 11 0.05002944 
318 126 22 29 0.046209518 
735 352 16 20 0.041856986 
577 94 26 32 0.03802501 
409 126 10 12 0.037954193 
851 426 26 29 0.037608396 
412 119 20 25 0.036419593 
505 199 10 12 0.03604321 
500 217 12 17 0.035558917 
362 94 13 15 0.03516774 
592 81 25 30 0.034621757 
498 210 12 15 0.033209942 
797 413 14 16 0.032595534 
672 198 26 28 0.03229898 
509 197 9 10 0.032267116 
320 120 12 15 0.031407733 
9 28 41 56 0.031061074 
884 430 11 16 0.030538933 
540 215 10 13 0.0293447 
862 40 32 38 0.029254977 
339 27 12 16 0.02921838 
586 125 24 29 0.028840076 
398 114 12 15 0.028580802 
799 405 13 14 0.027832394 
658 525 17 17 0.02724705 
853 418 15 17 0.026868233 
526 216 10 11 0.026764277 
399 123 12 13 0.0265993 
348 99 16 19 0.026498498 
336 166 25 28 0.026347304 
352 74 11 15 0.026240587 
662 540 15 19 0.02624048 
471 191 11 14 0.026119033 
845 418 13 17 0.025738567 
707 517 12 14 0.025137559 
658 534 27 33 0.025072241 
583 67 15 24 0.024858778 
640 513 35 33 0.02480981 
461 75 13 15 0.024094433 
430 195 9 12 0.024044229 
683 194 15 20 0.0236657 
352 99 22 27 0.023324093 
447 82 12 16 0.023113368 
319 137 45 52 0.02311071 
228 523 29 36 0.02306323 
78 469 13 19 0.02249051 
77 472 19 27 0.022253802 
699 542 29 33 0.022058737 
399 89 11 15 0.022055516 
600 89 23 31 0.021866266 
866 418 13 16 0.021843858 
722 126 12 14 0.021628214 
353 176 23 30 0.021337708 
667 531 16 19 0.021198304 
333 130 12 16 0.021050205 
254 617 36 37 0.02098507 
345 169 15 17 0.020876266 
340 133 11 14 0.020851836 
734 334 12 17 0.020720571 
529 221 13 15 0.02069887 
324 585 31 32 0.020618774 
57 142 28 34 0.020126007 
430 116 10 14 0.020070797 
