40_Gymnastics_Gymnastics_40_521
21
248 108 59 83 0.99950826 
318 425 61 74 0.9991498 
641 86 59 74 0.99890614 
490 314 65 92 0.9980671 
981 0 38 32 0.16799319 
375 341 38 51 0.084176265 
94 474 64 53 0.038183086 
676 234 13 17 0.03599551 
923 330 52 50 0.031935245 
674 477 28 29 0.031661764 
788 455 42 42 0.03146227 
107 484 38 28 0.029412335 
136 19 14 17 0.028884903 
61 54 8 12 0.028095955 
658 178 391 478 0.026926443 
54 50 11 13 0.026923606 
75 466 108 97 0.025904441 
78 22 10 11 0.025597064 
-115 368 409 410 0.022949204 
222 552 43 58 0.020898739 
221 459 14 16 0.020671671 
