40_Gymnastics_Gymnastics_40_740
125
382 770 241 343 0.9998399 
880 1303 11 15 0.41156304 
109 1278 16 18 0.338576 
28 1292 14 17 0.3118711 
48 1345 13 17 0.2661477 
945 1223 10 13 0.25438073 
982 1228 10 12 0.22091012 
29 1414 11 14 0.19751146 
29 1326 16 20 0.18327561 
980 1273 13 16 0.15743223 
972 1303 12 14 0.15113561 
68 1294 14 16 0.14242749 
22 1393 14 17 0.13628164 
950 1294 10 13 0.13568854 
172 1370 12 17 0.1260969 
917 1222 11 15 0.12450838 
867 1363 12 17 0.12164386 
56 1307 13 15 0.121625856 
983 1299 12 15 0.116445385 
954 1403 22 27 0.11408499 
84 1489 13 18 0.11231883 
901 1350 11 14 0.11127651 
914 1325 12 16 0.107843556 
841 1305 11 14 0.10468996 
141 1366 14 17 0.102769874 
960 1437 26 33 0.09882771 
989 1429 13 18 0.0985304 
133 1346 12 15 0.09416136 
837 1326 13 16 0.07704636 
933 1117 10 11 0.07183243 
827 1382 13 16 0.066936165 
99 1340 16 21 0.06574738 
940 1328 11 13 0.06470205 
843 1325 14 16 0.06147739 
955 931 13 17 0.061387967 
955 1361 14 18 0.060115475 
425 557 107 132 0.059748895 
145 1283 11 13 0.057728253 
61 1299 14 17 0.056796297 
145 81 117 168 0.0561376 
452 626 58 74 0.055302676 
984 1369 12 14 0.05166141 
26 1076 15 18 0.04851623 
1003 1330 12 14 0.04678223 
878 1340 14 17 0.04519466 
38 1431 15 19 0.044728074 
15 1341 12 19 0.044519704 
238 885 497 554 0.0429454 
817 1370 12 15 0.0419027 
985 1254 10 12 0.04127282 
973 1389 21 28 0.041241523 
135 1369 15 18 0.04069094 
935 1330 12 14 0.04058434 
875 1228 11 15 0.03984223 
948 1263 10 12 0.038762376 
124 1381 13 16 0.038713664 
883 1336 14 18 0.037508786 
965 1395 22 28 0.037431035 
986 1273 12 15 0.03697976 
88 1344 12 17 0.03630302 
36 1480 18 22 0.035199266 
136 50 177 293 0.035091847 
908 1441 12 14 0.034653716 
140 1482 14 16 0.034233805 
37 1314 14 17 0.034042362 
894 917 14 17 0.032712594 
23 1313 13 17 0.0301239 
26 1426 25 29 0.03006725 
967 1108 14 17 0.030034447 
139 1396 11 14 0.029941767 
23 1417 15 19 0.029916603 
90 1485 12 14 0.02947848 
134 1320 13 16 0.029229267 
97 1317 12 15 0.028942913 
119 1388 13 17 0.02888646 
897 1354 11 14 0.02883519 
-3 1034 82 120 0.028717896 
78 1410 13 17 0.02867969 
885 1315 12 14 0.028484678 
37 1467 17 22 0.02837834 
927 1324 12 15 0.027852684 
27 1304 16 21 0.02763056 
23 1401 14 18 0.0275538 
27 1313 21 27 0.027256457 
847 1345 12 17 0.026928667 
880 1498 12 14 0.026355186 
970 1298 20 23 0.026295187 
933 1366 13 17 0.025792837 
258 -92 431 413 0.02560681 
850 1324 12 15 0.025514202 
916 1301 12 13 0.025493387 
19 1420 23 30 0.025348127 
165 1353 12 15 0.025054192 
26 1409 19 23 0.02497892 
545 44 13 17 0.024970442 
976 1224 10 12 0.02471793 
436 991 459 514 0.024294993 
117 1482 13 15 0.023949603 
79 1494 16 20 0.023739973 
981 1340 14 18 0.023191025 
877 1302 19 24 0.022996526 
67 1437 23 30 0.022764895 
118 1380 13 14 0.022560593 
102 1455 15 18 0.022514947 
877 1326 24 29 0.022371866 
24 1322 15 20 0.022061564 
929 1332 11 13 0.021843014 
204 1413 10 12 0.02149344 
972 1339 14 17 0.021358877 
580 374 128 118 0.021332368 
854 1122 12 15 0.021321105 
71 1434 14 16 0.021290291 
87 1342 21 27 0.021274133 
133 1389 13 15 0.021229118 
564 38 27 29 0.021112423 
57 1312 15 17 0.02084362 
40 1474 18 21 0.020748798 
961 1115 10 13 0.020713098 
976 1377 22 27 0.020646704 
949 1415 26 33 0.020604292 
10 1361 15 19 0.020561457 
100 1281 100 137 0.02036587 
239 832 132 151 0.020204073 
7 1293 10 14 0.020168567 
90 1362 14 18 0.02014147 
