40_Gymnastics_Gymnastics_40_805
38
481 792 168 220 0.9980551 
65 691 48 59 0.6871947 
260 1349 81 131 0.45847258 
413 927 420 550 0.42840505 
934 1021 46 64 0.35362965 
359 1122 383 487 0.29641178 
999 1603 20 35 0.25035062 
996 1503 29 43 0.20050743 
128 1015 25 31 0.1259652 
957 990 36 51 0.070511796 
923 1599 41 42 0.05400415 
331 157 17 20 0.0514525 
259 954 22 28 0.046896122 
584 1457 444 506 0.045260504 
946 1001 50 70 0.041455526 
959 1628 26 31 0.03983032 
785 1569 62 56 0.03742151 
945 1612 33 33 0.0373921 
257 805 40 50 0.032247487 
480 1845 30 33 0.031331275 
247 1365 452 425 0.030127132 
753 782 26 31 0.029073374 
223 1578 442 532 0.028538646 
779 1013 72 58 0.027962714 
830 1478 107 117 0.027810227 
423 163 31 36 0.024825081 
471 1847 50 53 0.024494298 
136 1021 27 32 0.023299046 
971 1633 16 22 0.02319949 
506 1347 377 457 0.022732124 
729 475 39 53 0.022458315 
932 1627 32 36 0.022442799 
62 715 40 46 0.021978443 
230 994 15 19 0.021919163 
713 575 29 36 0.021637691 
149 1036 29 31 0.021096773 
108 1115 23 27 0.021088626 
334 181 48 52 0.02019539 
