40_Gymnastics_Gymnastics_40_593
209
171 261 42 55 0.9950222 
542 183 43 55 0.9947595 
302 186 43 55 0.9946049 
843 255 37 50 0.9944043 
754 196 35 49 0.99217916 
939 299 39 53 0.98956174 
629 203 41 54 0.98724955 
38 244 44 54 0.98688835 
71 287 38 53 0.98416877 
417 207 37 51 0.9828736 
22 47 24 30 0.97978324 
99 41 19 26 0.94403094 
16 107 22 30 0.898077 
112 116 18 22 0.7330519 
946 118 18 22 0.7282232 
167 138 20 25 0.70430136 
771 1 18 21 0.5938907 
231 254 20 25 0.5086814 
839 34 18 22 0.5071649 
233 33 16 20 0.48474085 
931 176 15 22 0.46232527 
910 28 15 20 0.42449987 
91 163 24 32 0.35635465 
79 175 35 50 0.33279222 
556 132 24 31 0.33246905 
940 259 28 32 0.32520184 
361 19 15 19 0.3156857 
697 3 18 19 0.30879375 
410 66 18 22 0.2976651 
971 73 18 24 0.28831863 
164 30 15 20 0.28516513 
660 66 15 20 0.28120357 
549 72 14 18 0.23752779 
16 218 17 23 0.22314219 
66 232 29 34 0.20581464 
1010 34 14 23 0.20082775 
547 67 50 62 0.16852398 
77 61 16 20 0.16838071 
108 447 24 31 0.16600561 
0 269 18 32 0.1643178 
479 96 25 31 0.13593405 
966 102 16 20 0.13428469 
500 11 16 17 0.13299233 
775 175 26 31 0.12371578 
617 0 23 24 0.12218028 
626 150 25 34 0.122077614 
351 68 26 33 0.11076141 
866 191 18 24 0.10991012 
455 61 14 17 0.109193124 
676 66 14 19 0.10821069 
710 35 17 20 0.101174705 
459 92 12 15 0.09633945 
980 212 25 31 0.090161346 
835 89 13 16 0.08782449 
56 240 36 42 0.08537485 
972 151 24 34 0.08262891 
381 535 23 30 0.082032755 
143 22 20 26 0.08197783 
155 63 15 19 0.077188775 
142 231 21 28 0.07682011 
162 20 16 22 0.0701101 
702 106 30 36 0.069793805 
417 119 18 22 0.06950059 
644 17 14 19 0.069217466 
698 33 14 18 0.065367535 
952 88 14 17 0.062360253 
717 71 14 18 0.061260987 
601 17 14 18 0.058156222 
652 54 11 14 0.05728746 
1006 40 20 32 0.054032557 
550 71 23 31 0.053859226 
245 310 35 47 0.05324515 
887 58 14 19 0.0521286 
928 158 23 32 0.051849313 
419 0 16 18 0.051478047 
738 203 25 38 0.05023672 
506 27 14 18 0.05001457 
827 0 17 14 0.049711037 
826 52 16 19 0.049076635 
41 115 15 20 0.04843379 
70 154 22 28 0.04785771 
627 34 25 28 0.047786165 
30 111 21 27 0.04753035 
843 83 15 23 0.046873562 
507 77 13 17 0.046066947 
331 85 25 30 0.04391571 
470 96 21 30 0.043791845 
499 17 21 25 0.043594528 
834 -1 18 17 0.043495614 
843 -2 16 14 0.042347886 
334 36 15 19 0.041465547 
830 37 21 26 0.041413575 
640 19 22 31 0.040449575 
630 150 16 21 0.040432394 
528 47 81 104 0.040029418 
27 0 18 20 0.0389216 
518 23 14 17 0.0356702 
437 12 15 17 0.035300452 
654 59 13 17 0.035094 
6 45 23 32 0.03507674 
221 239 37 52 0.035039186 
935 274 41 54 0.033916328 
634 606 26 31 0.033618852 
568 69 34 38 0.033081386 
2 15 22 31 0.0328734 
733 67 13 16 0.032644328 
750 58 16 20 0.03197048 
436 27 15 19 0.03175718 
506 6 14 16 0.03156663 
462 0 14 12 0.031455055 
862 51 16 20 0.031204136 
853 166 16 25 0.030002864 
357 23 22 27 0.02998853 
458 88 25 33 0.029882656 
993 216 17 22 0.029860783 
99 142 23 30 0.02960163 
46 5 25 29 0.029550882 
801 56 9 13 0.029508911 
986 0 15 13 0.029159829 
41 22 24 29 0.02900535 
97 155 18 23 0.028792039 
-4 279 26 41 0.028777078 
816 57 12 16 0.028495891 
454 66 24 30 0.027623463 
574 13 25 30 0.027614044 
228 37 25 31 0.027500713 
364 0 16 13 0.027465316 
909 8 13 16 0.027447807 
869 74 14 17 0.027115805 
789 67 11 16 0.027106084 
588 71 18 24 0.027088184 
838 79 12 18 0.02703901 
884 115 16 21 0.026799433 
149 423 13 16 0.026762612 
959 3 14 17 0.02665529 
859 96 40 46 0.02656192 
562 87 18 23 0.026558086 
709 45 17 21 0.0265125 
570 26 29 34 0.026357133 
245 347 11 16 0.025974143 
499 78 21 27 0.025954619 
648 58 12 16 0.025952332 
910 52 15 22 0.025894305 
103 132 23 29 0.025799528 
557 -1 17 13 0.025773402 
780 187 17 24 0.025760971 
646 65 13 17 0.025719984 
45 0 15 14 0.025659008 
28 8 26 32 0.025616316 
663 34 14 18 0.025569906 
549 108 44 58 0.025492638 
133 154 21 30 0.02547988 
87 187 22 28 0.025389357 
341 78 26 35 0.025379024 
668 63 14 20 0.025364224 
299 -1 33 31 0.025239743 
613 149 43 54 0.025236474 
957 92 22 27 0.02522003 
993 0 20 19 0.025138319 
519 65 15 21 0.025109641 
723 67 13 18 0.025062006 
486 87 24 32 0.024813063 
459 97 14 18 0.024720868 
935 247 26 30 0.024449997 
30 34 25 31 0.024403047 
435 14 22 29 0.024180727 
833 73 23 30 0.024101233 
-1 69 9 16 0.024055848 
453 79 23 28 0.023939738 
818 94 13 14 0.023934811 
17 1 26 30 0.023906162 
902 432 17 20 0.023859387 
15 316 28 34 0.02385001 
993 110 16 20 0.023846757 
551 5 25 27 0.023748755 
330 624 8 10 0.023617035 
671 68 21 29 0.023614867 
304 -1 21 18 0.023508972 
555 23 48 58 0.02305761 
151 262 27 38 0.022714578 
958 106 22 28 0.022689676 
796 65 15 20 0.022378355 
885 38 16 20 0.022267014 
466 60 13 16 0.022194553 
3 220 41 52 0.022159157 
76 464 23 34 0.02215747 
933 66 15 21 0.022150895 
239 27 19 23 0.022098128 
631 106 13 18 0.02184652 
313 12 25 29 0.021496095 
30 25 15 18 0.021397805 
170 37 15 20 0.021272287 
159 265 35 44 0.021253504 
883 164 21 32 0.021130871 
684 109 11 13 0.0211223 
792 102 22 27 0.021116668 
449 11 22 30 0.021052692 
822 48 12 14 0.020927833 
801 61 14 17 0.02061059 
428 19 15 19 0.020580944 
795 74 15 19 0.02051869 
459 55 15 18 0.020517968 
245 61 23 29 0.020472124 
813 53 20 25 0.02038916 
621 59 24 29 0.020241939 
441 33 14 18 0.02020476 
741 66 13 17 0.02017416 
236 105 13 19 0.02005454 
937 179 17 24 0.020046163 
