40_Gymnastics_Gymnastics_40_24
94
692 265 65 58 0.61268955 
991 481 11 15 0.28557009 
535 447 11 14 0.24580272 
620 239 32 39 0.16912758 
666 219 29 35 0.1520246 
667 225 58 74 0.13491558 
690 262 44 39 0.118254066 
573 468 11 14 0.10114925 
965 361 13 16 0.09919005 
118 521 14 17 0.0982679 
70 550 11 15 0.08799281 
503 500 12 15 0.08556381 
654 208 51 69 0.07501567 
680 320 44 33 0.07234643 
165 468 11 14 0.07175929 
394 429 12 16 0.07158107 
175 532 14 18 0.07149406 
608 476 13 16 0.056431927 
562 563 14 19 0.055797935 
138 553 14 19 0.05421866 
622 234 52 62 0.053142823 
480 435 13 17 0.053062294 
143 444 13 17 0.04817677 
27 354 17 22 0.047686256 
529 548 11 14 0.047547873 
540 492 11 13 0.04742981 
272 452 12 14 0.04643845 
428 545 13 15 0.046373695 
534 529 12 15 0.044813335 
663 475 13 16 0.044617143 
918 241 15 20 0.04329555 
48 378 17 20 0.043284036 
684 288 68 56 0.043268282 
805 57 18 20 0.04303729 
3 463 26 47 0.042975523 
644 195 93 130 0.04145606 
573 501 12 14 0.040271368 
238 47 16 20 0.038656574 
99 497 14 18 0.03735841 
101 56 15 19 0.037212186 
671 229 33 41 0.036845114 
81 365 27 36 0.03673649 
610 530 14 18 0.033880584 
447 451 12 14 0.03367471 
599 515 11 13 0.033270154 
190 562 14 18 0.033051673 
951 479 12 16 0.032645594 
552 201 94 112 0.032599952 
653 269 15 22 0.032309845 
658 295 56 53 0.031458743 
470 521 12 17 0.031205803 
582 493 12 14 0.029752482 
897 348 16 20 0.028233727 
478 493 10 12 0.028221186 
663 482 10 13 0.027002985 
418 468 13 16 0.026814202 
669 450 12 15 0.026582506 
184 508 10 13 0.026554981 
531 541 12 15 0.026549213 
488 0 31 33 0.026300067 
486 9 44 56 0.026281305 
918 426 10 12 0.026191827 
697 434 11 13 0.026073555 
612 481 12 15 0.025927573 
114 443 16 18 0.025061637 
484 440 12 15 0.025008913 
558 533 12 16 0.024817586 
944 426 10 13 0.024651008 
1008 428 11 13 0.024081597 
117 604 14 16 0.023763629 
455 466 12 15 0.023721442 
212 444 12 15 0.0236827 
596 550 12 15 0.023262901 
492 473 12 15 0.022869607 
640 257 29 35 0.022720223 
868 239 18 21 0.022718513 
77 589 15 20 0.022259416 
196 491 11 12 0.022244083 
127 639 12 12 0.022182222 
99 638 12 12 0.02217699 
637 527 11 13 0.022159614 
618 194 63 81 0.022120966 
156 513 11 14 0.021887831 
290 351 447 502 0.021871662 
707 254 42 44 0.021584777 
477 522 13 17 0.021255963 
683 48 16 19 0.021093648 
389 451 14 18 0.020935602 
455 431 10 14 0.020583278 
293 -52 426 491 0.020432666 
279 239 27 34 0.020346705 
540 485 13 15 0.020263271 
636 469 13 17 0.020095529 
510 471 10 14 0.020066783 
