17_Ceremony_Ceremony_17_253
443
920 683 12 16 0.5662551 
883 700 13 16 0.5253313 
140 421 15 17 0.4538274 
102 381 10 14 0.4261237 
285 477 12 15 0.32958275 
173 438 12 15 0.26385 
847 707 11 14 0.25004044 
746 687 10 12 0.24673842 
905 360 8 11 0.23473606 
477 702 10 13 0.20976539 
267 486 10 13 0.20765828 
8 703 9 12 0.19907421 
734 710 10 13 0.18267271 
914 656 7 9 0.18099883 
73 410 13 16 0.17981783 
40 723 12 15 0.174071 
91 451 12 15 0.17225713 
60 713 13 15 0.16271707 
973 132 12 14 0.15267967 
271 719 12 15 0.14937341 
75 469 14 21 0.14557071 
550 672 9 11 0.14424592 
814 679 11 14 0.14332215 
786 424 8 10 0.14271776 
953 678 9 13 0.14067625 
832 661 11 13 0.14039552 
638 680 11 12 0.13872746 
817 706 11 15 0.13352053 
601 680 10 12 0.13174227 
120 474 14 18 0.12641078 
799 664 10 12 0.11195036 
878 660 9 11 0.10858996 
25 748 14 17 0.10656447 
64 745 18 20 0.10310015 
464 686 11 15 0.10105099 
557 700 10 13 0.095136456 
412 679 10 12 0.09464597 
50 425 13 16 0.09378698 
578 694 12 13 0.09192 
401 708 9 12 0.08835429 
853 670 10 13 0.08809724 
877 677 13 17 0.08662575 
874 657 9 10 0.08660115 
377 679 9 11 0.0854948 
728 707 10 13 0.084338315 
127 368 9 11 0.07781986 
317 460 11 13 0.07769871 
5 586 13 18 0.0772391 
747 470 13 15 0.07718364 
393 695 9 11 0.075642966 
341 719 13 15 0.0754331 
730 728 8 10 0.07507565 
120 428 10 13 0.07486347 
460 715 11 14 0.074745305 
873 681 11 14 0.07467325 
745 672 8 10 0.07286541 
469 691 11 14 0.07236531 
448 708 9 11 0.070993006 
765 439 8 11 0.07093201 
604 684 11 12 0.07056087 
936 705 9 11 0.0698465 
365 318 16 21 0.06973655 
941 124 14 17 0.06961978 
808 677 10 13 0.06886183 
230 523 11 14 0.06800829 
834 424 9 11 0.067546 
806 670 9 11 0.0671434 
145 530 18 24 0.067129515 
881 671 9 12 0.06710066 
480 756 11 12 0.06601787 
419 726 9 12 0.065644205 
849 674 11 15 0.065594085 
263 490 12 17 0.06469475 
428 318 10 14 0.06395842 
886 677 11 14 0.06382743 
257 742 15 17 0.06368083 
799 686 12 14 0.06218937 
637 752 10 12 0.06189535 
1 560 11 17 0.060304906 
962 754 14 15 0.059788663 
584 708 12 15 0.059396293 
672 675 9 11 0.058618054 
951 656 9 11 0.05824605 
840 734 9 11 0.057883635 
567 712 11 13 0.057660606 
804 684 12 15 0.057576586 
746 384 7 11 0.05714116 
360 399 7 10 0.056105547 
599 691 10 13 0.05609243 
614 143 8 11 0.055756804 
885 672 9 11 0.054885574 
325 702 11 13 0.054853942 
844 742 11 13 0.054450706 
688 117 8 10 0.053648084 
457 724 9 13 0.051996183 
432 699 10 13 0.05198229 
680 95 6 8 0.051654216 
566 735 9 11 0.051530287 
409 716 11 14 0.051383566 
546 677 10 13 0.051059835 
400 703 9 12 0.050861023 
703 127 7 9 0.05080905 
806 691 11 13 0.050475966 
769 717 10 12 0.050150145 
749 670 10 12 0.049738348 
770 357 9 11 0.04881519 
758 675 10 13 0.048069432 
734 678 9 11 0.04784776 
304 471 10 12 0.047665387 
641 145 7 9 0.04729241 
672 141 8 10 0.04696423 
340 447 9 11 0.04642357 
776 439 9 11 0.045709863 
494 738 11 16 0.045577932 
194 755 14 14 0.044557855 
773 723 14 17 0.044367023 
761 695 10 12 0.044230692 
687 725 9 12 0.043985385 
640 128 8 10 0.043922305 
957 681 10 14 0.043827977 
929 125 9 11 0.043653917 
504 359 10 12 0.0435273 
780 691 11 13 0.0431915 
357 715 10 13 0.043116566 
365 439 10 13 0.042507477 
593 671 9 10 0.04249573 
79 144 8 9 0.042226788 
906 88 7 9 0.042007335 
318 110 7 9 0.04179065 
732 703 11 14 0.041521933 
815 662 11 12 0.041301355 
625 669 9 12 0.04127576 
893 677 10 13 0.04110248 
840 439 9 12 0.041059136 
493 716 11 15 0.040936086 
87 143 8 10 0.040914573 
879 357 9 13 0.04089512 
537 133 8 10 0.040866755 
476 311 15 20 0.040684577 
601 129 7 9 0.039770342 
95 152 9 10 0.03971884 
42 151 9 10 0.03961797 
775 710 12 14 0.039438687 
274 723 12 14 0.03927118 
953 737 8 10 0.03917839 
934 122 13 16 0.039171506 
780 708 11 14 0.03913346 
449 745 9 11 0.03912514 
178 135 8 10 0.038964693 
884 732 9 13 0.0384847 
125 406 8 10 0.03833522 
584 112 7 9 0.038266517 
610 145 8 11 0.03814869 
778 383 8 11 0.037953272 
957 656 9 12 0.037632182 
647 136 7 10 0.037037812 
646 142 7 9 0.03696603 
468 308 14 19 0.036892317 
13 709 11 14 0.03681547 
663 150 7 9 0.036811534 
975 655 8 10 0.03673729 
455 711 10 13 0.036731865 
565 678 8 9 0.03657704 
536 150 7 10 0.036487076 
409 682 10 13 0.036453415 
103 444 12 15 0.036308866 
743 697 12 14 0.036277443 
341 336 8 10 0.03595199 
522 112 7 10 0.03554639 
73 383 10 12 0.035417277 
276 747 11 14 0.035094935 
839 430 9 10 0.03503299 
689 718 9 12 0.034999162 
15 716 13 16 0.034637757 
63 700 11 13 0.034486543 
744 679 8 11 0.034236293 
834 665 13 15 0.03419091 
437 700 10 12 0.03390202 
644 679 9 11 0.03381112 
360 696 10 11 0.033721186 
912 710 8 11 0.0337146 
703 702 11 14 0.033338547 
662 709 8 11 0.033308502 
840 727 9 13 0.03323765 
624 143 8 10 0.03318805 
190 422 11 13 0.033121068 
12 739 13 17 0.032871276 
492 674 11 14 0.032854024 
728 677 11 12 0.032644946 
705 670 9 10 0.03263018 
896 655 10 12 0.032558773 
361 317 11 14 0.032533497 
484 752 11 13 0.03249957 
929 712 9 12 0.032485995 
190 399 11 15 0.03238776 
677 670 10 10 0.032379325 
850 703 11 14 0.03236247 
957 671 9 12 0.032280512 
734 672 8 10 0.032248933 
360 733 9 12 0.031856753 
593 159 6 9 0.03183136 
892 709 11 13 0.031795014 
831 751 10 12 0.03179456 
584 117 7 9 0.031716324 
774 717 11 14 0.03167527 
792 692 9 12 0.031632245 
93 405 14 18 0.031592485 
335 723 13 15 0.03156351 
80 150 8 9 0.03140875 
881 727 9 13 0.031357422 
624 137 7 9 0.031317774 
873 140 9 11 0.031291753 
888 714 11 14 0.031233504 
85 159 10 12 0.031204417 
809 388 9 11 0.03119561 
608 690 11 14 0.031066602 
181 412 9 10 0.03105347 
779 731 11 14 0.031016905 
728 345 111 143 0.030997973 
338 376 8 9 0.030988393 
12 729 15 20 0.030954495 
99 505 15 18 0.03092363 
616 136 7 10 0.030884244 
765 743 12 16 0.030857679 
46 634 27 32 0.030753652 
486 721 11 15 0.030747846 
13 722 14 17 0.030705888 
559 714 12 14 0.030648695 
818 683 11 14 0.030471412 
310 471 10 11 0.03034672 
781 702 11 13 0.030299556 
743 682 18 22 0.029960232 
568 333 8 12 0.029924348 
749 408 12 15 0.029924333 
281 343 9 11 0.029912125 
665 121 6 8 0.029841404 
548 749 12 13 0.029806526 
845 431 8 10 0.029806402 
0 168 9 15 0.0297079 
452 740 10 13 0.029705398 
486 710 10 11 0.029493455 
549 682 11 14 0.029460669 
706 416 7 9 0.029441122 
537 142 8 10 0.029415192 
632 144 8 10 0.029334733 
846 726 10 12 0.029233644 
176 408 9 11 0.029168772 
169 407 9 11 0.029003838 
804 664 10 12 0.028996145 
698 128 7 10 0.028854119 
724 744 12 13 0.028845528 
404 709 12 15 0.02877499 
585 136 9 11 0.02871499 
703 687 10 12 0.028694557 
953 673 9 11 0.028641587 
257 499 10 13 0.028598042 
939 707 12 13 0.028579943 
654 730 11 13 0.028460834 
695 711 9 12 0.028349005 
352 715 10 13 0.028348368 
689 136 8 9 0.028342646 
765 428 10 13 0.028334921 
20 741 14 19 0.028312316 
400 715 10 13 0.02817674 
815 724 11 14 0.02816053 
768 723 12 15 0.028159004 
946 656 9 10 0.028071132 
902 655 9 10 0.028063063 
776 688 10 12 0.028040152 
125 411 11 13 0.027863843 
821 724 10 13 0.02771119 
608 134 7 9 0.027555624 
654 694 8 11 0.027464118 
593 676 10 13 0.02733857 
182 405 10 12 0.027300645 
168 440 13 17 0.02724599 
430 688 9 11 0.027136855 
377 717 11 12 0.027117051 
118 710 10 13 0.027062306 
871 741 11 14 0.027045906 
812 669 12 15 0.02696211 
641 133 8 10 0.026769852 
87 150 9 10 0.026717443 
989 669 10 13 0.026693042 
254 703 12 14 0.026659044 
466 304 9 12 0.026637394 
938 366 8 11 0.026613932 
658 143 8 9 0.026557408 
853 725 11 13 0.026390221 
97 378 17 22 0.026348861 
565 694 9 12 0.026296683 
696 686 8 11 0.026280118 
821 448 8 10 0.026277963 
438 730 11 13 0.026239082 
590 693 10 13 0.02623682 
742 402 15 19 0.02620169 
812 691 13 15 0.02609571 
935 130 14 18 0.026014261 
708 703 11 14 0.026004614 
613 693 10 12 0.025948605 
307 686 11 13 0.02588138 
559 673 9 10 0.02586936 
364 695 9 11 0.025850687 
87 408 13 16 0.025821866 
736 684 9 11 0.02576665 
225 524 11 15 0.025647923 
957 736 8 10 0.025631879 
325 717 12 14 0.025590468 
558 708 12 15 0.025469763 
745 335 8 9 0.025326943 
928 724 9 13 0.025309317 
462 751 11 14 0.025255937 
477 334 11 13 0.025227731 
328 391 7 10 0.025211353 
305 716 9 12 0.025189407 
613 703 10 12 0.025182111 
628 664 9 10 0.025132352 
606 127 7 10 0.025006296 
78 155 23 27 0.02493056 
633 150 7 9 0.024908397 
3 172 9 13 0.024903676 
760 733 10 11 0.024726495 
722 709 9 11 0.02459599 
393 381 10 12 0.024537096 
693 716 9 12 0.024363529 
473 707 11 13 0.024353264 
951 704 12 13 0.02428489 
649 692 9 12 0.024246858 
40 166 9 11 0.024147876 
616 103 6 8 0.02411913 
527 152 7 10 0.024084456 
625 703 9 11 0.023852985 
392 699 9 12 0.023832045 
917 660 9 11 0.023731217 
878 740 11 14 0.023715254 
706 143 8 10 0.0237139 
680 695 11 13 0.023630897 
623 655 8 9 0.02357367 
39 69 405 524 0.023541749 
824 400 9 11 0.023538753 
750 714 12 14 0.023506101 
262 498 10 13 0.023504 
944 683 12 14 0.02349196 
366 359 10 12 0.023460636 
833 438 9 12 0.02336467 
766 418 13 16 0.023335066 
564 700 10 13 0.023275029 
65 183 9 12 0.02323623 
936 668 9 12 0.023221094 
903 710 10 12 0.02316805 
295 508 11 12 0.023056053 
332 399 10 11 0.02305241 
580 688 11 13 0.023045689 
55 721 14 16 0.023019854 
541 334 8 12 0.022996282 
815 454 9 11 0.022953205 
333 752 11 12 0.022944186 
607 740 10 12 0.02286198 
623 740 12 13 0.022860946 
569 128 8 10 0.022854578 
885 752 12 13 0.022827746 
341 685 10 12 0.02281199 
776 702 12 14 0.022743048 
893 408 8 10 0.02269059 
95 174 10 12 0.022685628 
381 342 9 13 0.022531927 
972 86 11 14 0.02251972 
663 687 9 11 0.022508902 
40 183 9 12 0.022486895 
764 699 11 13 0.022456193 
521 158 9 10 0.022439515 
238 726 13 17 0.022361116 
742 715 10 13 0.022333574 
544 161 7 8 0.022234084 
580 700 14 15 0.022233361 
976 728 9 11 0.022139091 
75 386 12 14 0.02210433 
276 753 13 15 0.022093857 
414 691 10 12 0.022083554 
29 446 11 13 0.022081856 
79 697 10 12 0.022034518 
779 714 12 15 0.021959618 
797 414 10 13 0.021912895 
526 157 8 10 0.021905191 
455 732 9 13 0.021763368 
222 503 10 14 0.021675926 
793 663 10 11 0.021664187 
847 670 19 24 0.021653468 
724 749 13 14 0.021649545 
288 462 9 11 0.021613324 
360 444 11 14 0.021570213 
431 726 10 13 0.021568608 
816 714 11 15 0.021533223 
377 713 10 11 0.021525422 
687 680 9 11 0.021483103 
74 142 8 10 0.021465784 
119 410 11 14 0.021435464 
1009 590 9 12 0.021401979 
1001 654 9 10 0.021286502 
660 730 10 13 0.021267269 
41 157 9 11 0.021259464 
805 673 18 23 0.021257363 
337 687 10 11 0.0212061 
333 734 14 17 0.021168858 
853 691 11 13 0.021159763 
791 480 7 8 0.021158803 
356 725 12 14 0.02112893 
810 679 19 22 0.021124097 
510 158 8 9 0.021103691 
884 740 11 13 0.02107517 
837 694 10 13 0.021067733 
817 408 8 11 0.020952607 
121 399 9 13 0.02095196 
494 747 13 17 0.020898115 
73 150 8 10 0.020891363 
33 723 13 16 0.020885991 
472 700 20 24 0.02085917 
452 749 13 14 0.020796113 
800 678 11 15 0.020784982 
481 110 8 10 0.020758593 
728 714 10 14 0.020755019 
729 368 7 9 0.020714926 
318 132 14 17 0.020714069 
393 678 8 10 0.0207027 
592 685 10 12 0.02069716 
801 357 9 11 0.020644234 
783 663 9 11 0.02064377 
775 480 8 9 0.02062052 
39 715 20 25 0.020568412 
772 419 11 14 0.02056021 
600 151 8 10 0.020549338 
572 708 11 15 0.020541511 
392 688 10 11 0.020477334 
96 694 10 11 0.020391 
879 718 10 12 0.02036703 
991 664 9 13 0.020331345 
988 94 10 14 0.020285968 
405 734 10 13 0.020276375 
617 128 7 9 0.02026854 
147 415 13 16 0.020209594 
339 145 342 445 0.020176366 
735 345 8 9 0.020104358 
892 374 11 14 0.02001667 
