17_Ceremony_Ceremony_17_803
162
322 23 99 135 0.99961156 
942 173 26 32 0.9987514 
646 89 87 111 0.9969599 
92 140 24 30 0.99180824 
573 139 14 18 0.9819056 
597 123 14 18 0.9616055 
627 108 12 17 0.9575108 
492 131 13 17 0.9397308 
527 115 14 18 0.92317307 
605 142 21 27 0.90485144 
632 151 18 25 0.90147007 
-4 69 112 240 0.8755303 
506 117 11 14 0.8508598 
149 124 14 19 0.84884304 
441 115 14 19 0.81087995 
123 125 17 21 0.77503467 
173 142 17 23 0.70329976 
568 117 12 14 0.67263913 
558 132 11 14 0.49376494 
541 157 15 22 0.38820824 
163 106 12 15 0.3478807 
418 114 13 18 0.32219422 
114 142 14 21 0.286393 
205 109 8 10 0.2851116 
239 125 13 17 0.25809377 
161 71 8 10 0.24789397 
159 249 59 113 0.22869633 
208 130 11 15 0.19416408 
221 116 10 12 0.17846419 
525 203 16 18 0.1705428 
212 127 11 15 0.15691428 
480 121 10 14 0.1484167 
621 147 20 27 0.14629075 
215 94 9 12 0.13262777 
196 132 12 17 0.11563906 
222 132 9 11 0.1106231 
91 111 11 15 0.10071722 
151 232 109 157 0.08948182 
484 120 9 12 0.087446 
20 390 31 39 0.08345438 
105 143 17 23 0.08336727 
485 124 13 16 0.08096094 
186 75 8 10 0.06082614 
446 165 10 12 0.060241874 
507 156 12 16 0.05816829 
536 146 13 17 0.057740927 
510 135 10 13 0.057339575 
437 257 16 21 0.05672938 
509 151 10 13 0.056234475 
550 78 8 11 0.055504866 
223 113 10 11 0.054803528 
203 105 9 11 0.053918958 
478 157 10 14 0.052995175 
534 142 11 13 0.052572146 
524 163 14 16 0.049838495 
85 109 13 18 0.048779245 
633 132 12 15 0.04811105 
43 118 155 249 0.04799467 
577 134 15 18 0.047202315 
240 119 13 15 0.04664457 
497 281 13 16 0.045859117 
479 152 9 12 0.045745373 
534 154 16 22 0.044353172 
555 261 10 13 0.044330418 
540 149 13 17 0.04385542 
220 123 12 17 0.042938482 
12 365 41 50 0.041979916 
229 105 8 10 0.04157303 
461 165 10 12 0.04108453 
508 198 11 16 0.038248908 
581 120 11 13 0.038230628 
149 133 15 20 0.037700664 
110 122 14 17 0.03677999 
198 118 11 13 0.036220357 
583 124 12 15 0.035861917 
576 255 11 14 0.03557429 
228 110 9 11 0.035445005 
504 202 13 17 0.03521277 
571 122 13 16 0.03505411 
173 134 12 16 0.03468876 
600 253 12 15 0.03423886 
575 159 11 15 0.034096844 
463 120 10 12 0.033425808 
429 112 18 23 0.033119902 
175 61 8 11 0.03263948 
467 124 12 15 0.03248745 
144 130 14 18 0.03240115 
510 237 9 12 0.03232167 
218 113 9 10 0.03209533 
492 237 11 14 0.031674456 
202 126 19 24 0.031206176 
107 105 13 15 0.030877782 
635 137 14 19 0.030535178 
160 74 10 13 0.030409554 
561 118 10 13 0.030085707 
555 156 11 16 0.029752454 
103 123 13 15 0.02972217 
448 184 8 11 0.029202783 
240 120 21 27 0.02893602 
592 133 36 51 0.028603628 
215 112 20 26 0.028551254 
5 24 95 166 0.028473241 
141 137 13 17 0.02801087 
552 111 9 13 0.027923342 
539 201 13 18 0.027856862 
551 148 12 16 0.02780538 
530 197 16 20 0.027343294 
558 112 10 12 0.027055116 
207 117 10 13 0.026793499 
484 272 16 22 0.026633933 
456 165 10 13 0.026443915 
519 203 12 17 0.026376443 
544 69 8 12 0.026334265 
480 271 11 15 0.026190985 
102 108 13 14 0.02602066 
504 229 10 14 0.025872532 
193 137 11 14 0.025837848 
430 233 11 16 0.025651604 
636 128 13 17 0.02562727 
423 196 10 14 0.025567643 
132 120 12 14 0.025410097 
184 174 10 14 0.025199274 
845 -4 73 88 0.024871377 
200 102 18 24 0.024612723 
175 56 7 10 0.024480384 
523 124 10 13 0.024404373 
216 150 10 12 0.024402374 
445 197 11 14 0.024393493 
191 62 8 10 0.024170952 
591 202 14 18 0.023775203 
883 253 17 20 0.023690686 
189 72 8 11 0.023631772 
245 112 10 12 0.023609532 
441 165 11 13 0.023534369 
540 116 11 14 0.02322194 
155 118 12 15 0.0227409 
581 11 101 135 0.02267112 
439 235 11 15 0.02237219 
526 220 12 15 0.02223018 
454 123 11 15 0.022222485 
197 149 10 13 0.021710187 
504 152 9 12 0.021603337 
440 222 9 11 0.021554284 
555 127 19 24 0.021499071 
184 62 8 10 0.021249067 
491 209 14 19 0.021230051 
168 93 9 12 0.021212086 
567 197 12 15 0.02115916 
109 129 20 25 0.020996923 
480 205 12 14 0.020943375 
211 93 9 11 0.02087513 
638 120 24 39 0.02081964 
189 148 12 15 0.020761441 
534 135 9 11 0.020640252 
524 177 16 18 0.020614004 
498 132 12 16 0.020608017 
470 119 11 13 0.0205578 
472 112 9 10 0.020445798 
527 131 10 14 0.02043975 
530 207 16 18 0.020300766 
524 169 15 18 0.020253565 
540 315 11 15 0.02002405 
