17_Ceremony_Ceremony_17_234
37
257 50 72 93 0.99782807 
105 385 77 85 0.9975835 
875 462 58 90 0.9967102 
557 91 74 92 0.9959585 
663 295 169 253 0.1635911 
165 284 11 16 0.12899786 
39 290 13 17 0.11430137 
75 281 12 16 0.104542516 
103 285 11 14 0.0895829 
29 261 14 17 0.05494219 
135 288 13 18 0.050232556 
15 269 11 14 0.04444051 
175 255 12 16 0.043137826 
136 250 13 16 0.041698676 
21 283 13 18 0.041181628 
342 324 31 48 0.039154675 
96 323 11 15 0.03873134 
165 238 12 14 0.036064766 
0 253 9 13 0.032344077 
0 301 12 20 0.03227748 
799 107 117 151 0.03137818 
852 434 55 92 0.030237565 
159 278 19 27 0.029704066 
30 287 15 19 0.029435458 
396 340 53 54 0.02863444 
101 255 14 17 0.026013367 
176 246 10 12 0.0255767 
862 405 80 126 0.025556898 
100 321 11 14 0.024827443 
169 283 13 18 0.023994677 
23 264 15 18 0.023103626 
827 345 113 113 0.021252768 
168 259 12 15 0.021239424 
162 282 24 35 0.021182498 
128 281 23 33 0.020840101 
501 136 54 67 0.020557513 
98 258 23 30 0.020313222 
