17_Ceremony_Ceremony_17_944
315
839 455 13 19 0.92840713 
813 459 11 16 0.85600734 
472 428 10 14 0.7558274 
172 471 10 13 0.74013305 
953 550 27 42 0.7125336 
869 600 31 48 0.6749279 
229 460 13 16 0.6635483 
515 423 12 15 0.63860685 
873 518 19 29 0.5474247 
197 470 9 12 0.43412828 
152 469 10 12 0.39396128 
759 455 11 14 0.37514845 
10 547 14 19 0.3341072 
0 526 17 23 0.3278728 
707 537 24 31 0.27536905 
277 477 10 15 0.2745819 
638 447 15 19 0.2693489 
269 487 15 21 0.2370336 
262 475 11 13 0.23536746 
159 523 14 17 0.22874121 
208 507 12 15 0.19160205 
311 507 13 16 0.18473232 
157 469 9 11 0.18209104 
145 463 8 11 0.15343474 
2 515 14 18 0.14581884 
198 476 10 12 0.13973778 
192 522 19 21 0.13832009 
144 468 9 11 0.13669981 
274 481 14 21 0.13203591 
541 429 9 12 0.13199219 
259 515 15 19 0.13046177 
220 487 13 15 0.12837823 
158 541 13 15 0.12721258 
176 507 11 12 0.124567494 
711 457 13 17 0.12443727 
146 457 7 9 0.12255147 
18 530 16 19 0.11887969 
125 579 17 21 0.11183617 
222 546 17 21 0.11116683 
9 525 19 26 0.110061064 
489 436 10 11 0.106396765 
495 416 7 9 0.106353395 
344 531 12 15 0.105723314 
493 434 10 12 0.099941686 
843 529 15 21 0.09908152 
541 391 8 11 0.09473236 
212 502 11 15 0.09320698 
191 537 15 19 0.09287471 
131 505 12 16 0.0897676 
271 477 11 15 0.087895416 
224 465 12 15 0.0852281 
160 492 11 14 0.083663754 
180 503 10 13 0.08070253 
275 546 13 18 0.07540539 
878 588 33 51 0.07314947 
274 538 14 19 0.07272788 
151 464 8 11 0.07269644 
256 526 16 22 0.06865608 
193 474 11 13 0.06819464 
84 545 26 31 0.067507 
167 464 7 10 0.0665465 
137 471 8 10 0.06640491 
540 396 9 12 0.06499763 
164 519 13 16 0.06452977 
557 470 9 11 0.06428963 
269 471 11 13 0.06345184 
634 552 8 11 0.062977165 
526 407 7 10 0.062787324 
234 547 16 20 0.06236544 
205 484 9 12 0.062130906 
552 448 9 11 0.06097586 
489 320 10 12 0.060091555 
790 484 12 15 0.05828007 
238 469 10 13 0.057639156 
691 463 14 18 0.057189446 
885 609 32 50 0.057137273 
125 552 15 20 0.056486517 
144 487 9 12 0.05629648 
615 491 9 15 0.05560718 
175 485 9 11 0.055405032 
230 518 11 15 0.05518497 
554 395 11 14 0.05447847 
504 407 9 12 0.053641792 
242 537 16 21 0.053377118 
172 523 10 14 0.053288974 
160 465 8 11 0.052942563 
240 477 10 12 0.05235873 
245 474 10 13 0.052065033 
193 464 8 10 0.05197527 
241 549 15 21 0.051842373 
93 541 27 28 0.05178608 
476 423 10 13 0.05061407 
580 468 9 12 0.050352626 
687 481 11 16 0.050308254 
150 562 21 27 0.04992323 
180 546 11 16 0.0498079 
150 522 13 17 0.04969149 
553 429 11 14 0.049464826 
269 530 15 20 0.048978016 
490 389 10 13 0.048381586 
753 458 12 16 0.04787235 
199 465 7 10 0.04747339 
537 423 9 12 0.047066003 
543 435 8 11 0.046861555 
254 509 13 16 0.045993876 
195 543 15 18 0.045469597 
174 547 14 17 0.04525528 
216 490 12 15 0.045146607 
286 502 12 16 0.044349506 
200 482 11 13 0.043984428 
450 414 9 11 0.043368965 
699 528 27 31 0.043350965 
495 421 8 10 0.04326212 
454 431 8 10 0.041890085 
827 539 13 19 0.041183513 
150 545 12 17 0.0409541 
223 476 11 13 0.040797472 
315 563 13 15 0.0407032 
525 421 9 12 0.04069913 
316 492 13 15 0.04024992 
258 477 9 12 0.04002684 
165 499 11 14 0.03947264 
465 415 8 11 0.038904317 
880 525 17 23 0.03874759 
487 447 11 13 0.038447484 
263 483 13 17 0.03806969 
677 514 14 20 0.03768646 
526 412 10 12 0.037593566 
351 540 10 14 0.03635048 
251 500 13 17 0.03629445 
291 507 12 14 0.03626947 
789 492 13 16 0.036191903 
740 477 11 14 0.036137693 
145 490 11 16 0.03613551 
292 521 14 20 0.036029793 
680 498 12 17 0.035813518 
238 530 15 18 0.03544692 
222 554 23 24 0.035444524 
636 587 11 14 0.03468084 
735 482 12 16 0.034445032 
205 538 14 19 0.034444362 
189 491 11 14 0.034319162 
235 516 11 15 0.034305055 
217 461 9 12 0.03422293 
93 532 16 19 0.034033313 
765 447 10 12 0.033737876 
168 507 11 14 0.03366632 
490 414 8 12 0.033611212 
577 486 8 11 0.033602353 
311 558 12 14 0.033465482 
820 676 36 30 0.03341194 
128 480 9 12 0.033406194 
133 478 9 11 0.033272285 
505 389 8 10 0.033236627 
517 415 12 15 0.033220544 
61 538 15 21 0.03269124 
255 483 11 15 0.032644723 
492 397 9 12 0.032402586 
439 503 8 10 0.032277487 
99 525 15 17 0.032222666 
977 581 49 69 0.03208122 
4 535 15 21 0.03194134 
502 327 9 12 0.03173896 
237 483 11 14 0.031613134 
645 541 12 17 0.031563386 
822 545 12 19 0.03152605 
258 471 9 11 0.03147065 
953 545 19 30 0.03145779 
637 550 10 13 0.031390127 
358 543 10 12 0.031291645 
190 485 11 14 0.031138822 
503 423 8 11 0.031098926 
501 430 8 11 0.030996779 
383 536 10 13 0.030910315 
760 448 10 13 0.03086867 
505 384 9 11 0.030669313 
193 456 8 9 0.030602166 
222 507 12 16 0.030564424 
158 554 13 19 0.03050885 
788 604 16 22 0.03049361 
107 524 16 19 0.03039043 
731 514 18 22 0.030356923 
115 530 15 16 0.030194793 
223 515 12 15 0.03012191 
266 520 16 22 0.029985381 
700 460 12 16 0.029842868 
876 576 28 37 0.029631203 
577 464 9 11 0.029532563 
882 515 16 22 0.02946275 
193 465 18 23 0.029057872 
374 599 11 12 0.028977089 
837 534 16 20 0.028953658 
130 459 8 12 0.028953027 
784 592 10 13 0.028717747 
752 469 10 14 0.028713925 
763 465 13 15 0.028403262 
284 527 15 21 0.028273748 
615 478 19 31 0.027936691 
315 570 13 15 0.027890842 
805 483 10 13 0.02776452 
448 405 9 10 0.027757326 
288 597 11 14 0.027692543 
169 467 17 21 0.027619854 
260 473 20 25 0.027472332 
512 415 9 12 0.027412811 
129 571 24 30 0.027336992 
225 457 10 13 0.027123827 
789 479 11 13 0.026849695 
637 556 10 13 0.026745776 
6 547 24 31 0.026513645 
158 486 19 25 0.02645341 
750 476 11 13 0.02636518 
595 491 10 12 0.026316231 
655 553 11 15 0.026252557 
537 405 8 11 0.026186172 
159 476 9 11 0.026099853 
448 433 8 9 0.026071463 
463 407 9 11 0.025959399 
444 462 9 12 0.025940562 
828 528 20 28 0.025802309 
270 508 11 16 0.02577666 
136 462 8 11 0.025754923 
710 464 13 16 0.025488852 
774 461 10 13 0.025456423 
284 513 20 26 0.025293207 
159 554 22 26 0.025171561 
577 439 7 9 0.025014741 
526 400 8 11 0.024958184 
493 445 10 12 0.024902526 
86 559 23 32 0.024872785 
392 564 10 16 0.024734383 
117 546 13 17 0.02471841 
317 483 13 16 0.024580883 
819 541 21 29 0.024502728 
233 558 18 20 0.024488755 
509 407 9 11 0.024458248 
93 518 13 15 0.024373828 
86 534 13 16 0.024313046 
873 608 19 29 0.024207678 
546 446 8 12 0.024194896 
122 524 15 18 0.024168106 
314 512 13 15 0.024151942 
448 437 7 9 0.02395103 
140 532 15 17 0.023908362 
511 384 8 11 0.023837633 
886 509 13 17 0.023771917 
140 539 16 20 0.023766106 
992 482 24 42 0.023659486 
468 424 18 22 0.023514345 
445 398 9 12 0.02347435 
214 545 14 20 0.023454137 
303 508 11 15 0.023390483 
256 461 8 11 0.023373948 
691 482 14 18 0.023225535 
352 549 10 12 0.023198145 
852 484 14 16 0.02311406 
18 547 14 17 0.02306144 
837 524 16 21 0.022961564 
92 573 17 21 0.022955734 
494 406 9 11 0.02292323 
119 562 24 31 0.022841856 
292 561 14 17 0.022840355 
148 487 19 26 0.022840016 
86 540 16 20 0.022824468 
523 428 10 13 0.022678833 
229 509 12 16 0.022663448 
962 555 35 38 0.022476928 
132 565 39 47 0.022426235 
819 465 13 14 0.022409953 
214 494 20 25 0.022330657 
502 333 9 12 0.022270033 
165 485 10 13 0.02227002 
733 491 13 20 0.022174304 
154 571 24 30 0.02212938 
206 512 12 16 0.022049814 
687 486 21 29 0.02199428 
439 449 9 11 0.021974362 
182 540 12 18 0.021899847 
797 483 13 14 0.021831581 
236 524 13 17 0.021770546 
705 450 12 16 0.021765351 
489 384 9 12 0.02169115 
174 491 10 14 0.021680562 
883 593 16 24 0.021640606 
670 519 16 21 0.021479359 
226 526 23 28 0.021461375 
543 384 8 10 0.02145961 
134 455 9 12 0.021439942 
258 535 16 21 0.02143618 
296 511 20 27 0.021429015 
228 490 12 16 0.02142611 
127 491 11 16 0.021399619 
278 523 12 20 0.02139465 
488 422 9 11 0.021382391 
215 478 9 11 0.02131522 
466 422 10 12 0.02120345 
102 531 23 24 0.02097064 
142 477 10 12 0.020968998 
553 422 10 13 0.020949153 
807 556 13 16 0.02093473 
277 497 12 17 0.020889327 
888 574 28 32 0.020766309 
701 515 16 17 0.020731306 
478 437 9 13 0.020725893 
314 500 13 16 0.020717645 
174 466 9 11 0.020573335 
292 549 11 14 0.020531304 
216 469 9 12 0.020452088 
678 494 20 26 0.020451324 
953 557 15 25 0.020439131 
212 513 12 15 0.02031885 
-1 596 28 36 0.020282868 
554 414 9 11 0.020279495 
315 579 13 15 0.020098945 
687 469 20 26 0.02002624 
