17_Ceremony_Ceremony_17_227
306
262 493 11 14 0.9674036 
957 465 12 16 0.7854706 
436 722 19 22 0.7349527 
573 458 12 17 0.5880699 
311 493 10 14 0.57966393 
165 495 11 14 0.5727553 
911 451 11 14 0.45533016 
486 685 13 17 0.27069142 
523 740 19 20 0.26757282 
627 717 17 19 0.2649914 
113 495 10 14 0.25480187 
542 658 17 21 0.22692741 
388 731 13 16 0.21186444 
653 485 11 14 0.20616582 
984 634 15 18 0.20073089 
854 749 14 16 0.18738998 
435 656 13 16 0.15413566 
827 693 15 22 0.14937945 
460 725 15 19 0.1404714 
555 747 16 16 0.12738807 
245 488 9 12 0.12736994 
258 470 8 12 0.12478151 
634 659 14 17 0.11373878 
297 509 9 12 0.11254141 
502 681 17 20 0.111024156 
364 674 14 18 0.10801302 
715 697 14 17 0.10517274 
876 612 15 18 0.102767564 
515 719 16 19 0.10196538 
629 653 15 17 0.09737634 
254 733 28 31 0.09444711 
1003 627 17 22 0.093099385 
586 642 14 19 0.09281112 
890 735 15 21 0.087718375 
726 699 15 20 0.08648547 
32 711 35 34 0.08587914 
802 676 24 29 0.08382906 
467 713 16 20 0.083601445 
832 683 20 29 0.08139182 
532 697 18 22 0.08027216 
414 644 11 13 0.07989943 
747 640 21 26 0.079743594 
964 752 14 16 0.07530027 
963 625 22 27 0.07434419 
864 657 18 20 0.07429509 
609 690 16 20 0.07398269 
373 672 13 16 0.0736563 
674 689 16 18 0.07316397 
929 652 18 22 0.07282168 
215 519 9 13 0.07047134 
708 708 16 19 0.06973742 
446 722 21 24 0.068879135 
313 511 8 11 0.0681934 
981 697 15 19 0.067437395 
374 691 14 18 0.066780545 
470 645 13 15 0.065436386 
716 708 13 17 0.06442109 
685 729 15 19 0.0636635 
808 706 18 22 0.06319947 
318 502 8 11 0.06287201 
326 510 8 11 0.06035077 
154 525 10 13 0.060000252 
499 660 15 18 0.05980838 
478 656 17 21 0.05980558 
749 725 17 21 0.05947387 
569 712 18 21 0.05895115 
464 698 17 20 0.0586553 
527 684 15 18 0.05834522 
390 700 15 19 0.056821246 
276 509 9 13 0.056354288 
244 476 9 12 0.056273546 
286 643 43 48 0.054491002 
269 500 10 14 0.05390307 
490 688 14 17 0.05330769 
748 637 14 17 0.052795682 
947 675 17 21 0.052233405 
320 511 8 11 0.0522273 
472 636 12 15 0.052058037 
205 515 12 15 0.051946823 
157 517 10 12 0.05167733 
929 437 9 12 0.051591963 
197 513 14 16 0.05106321 
261 478 9 12 0.05059872 
577 679 16 20 0.05048278 
887 471 9 12 0.049553607 
184 659 12 16 0.049330007 
644 661 13 15 0.049019773 
454 660 12 15 0.04863719 
999 621 13 16 0.048540596 
158 529 10 13 0.048220586 
906 451 10 14 0.047715507 
928 420 9 13 0.04707737 
1011 689 12 19 0.046776798 
917 736 12 17 0.046575487 
669 698 16 19 0.046041608 
909 731 15 20 0.045722965 
415 721 16 20 0.0448048 
628 663 15 18 0.04446359 
606 650 17 20 0.044393864 
215 498 8 12 0.043901294 
413 662 14 18 0.043579876 
303 518 8 10 0.042907644 
297 504 9 11 0.042451352 
568 661 12 14 0.04202588 
731 707 14 18 0.04182294 
871 612 13 15 0.041792605 
357 721 15 19 0.041738298 
1013 486 8 11 0.041540362 
167 504 11 14 0.041470837 
790 688 17 23 0.041403517 
997 632 15 19 0.04126116 
533 723 15 18 0.04113342 
926 644 14 18 0.040986136 
312 517 8 10 0.040941976 
274 660 16 21 0.040276375 
583 651 14 15 0.04023991 
838 675 12 17 0.04009785 
977 675 15 19 0.040093523 
924 731 21 29 0.04004075 
644 706 18 20 0.03993276 
665 473 8 10 0.039900705 
928 444 9 12 0.039869867 
629 646 14 15 0.03954949 
52 710 12 17 0.03931431 
643 668 15 17 0.039262887 
634 707 23 24 0.039257385 
379 671 14 17 0.03918251 
452 676 13 16 0.039028037 
885 641 17 21 0.038625494 
532 730 16 20 0.038175907 
447 659 11 15 0.03805512 
929 428 9 13 0.038026642 
191 515 12 14 0.037600696 
637 202 103 125 0.037204 
898 736 16 18 0.036971442 
367 663 10 12 0.03613428 
511 662 12 15 0.036053624 
574 737 14 18 0.035760738 
911 458 11 12 0.034888916 
715 687 12 15 0.03461493 
622 658 15 18 0.034360446 
933 731 17 20 0.03434199 
206 524 11 13 0.033789746 
847 750 13 15 0.033759583 
949 663 17 21 0.033437427 
206 673 15 18 0.03333122 
802 731 16 19 0.03332547 
915 446 10 14 0.033186436 
517 729 21 24 0.033003613 
0 723 13 20 0.032995816 
523 721 15 18 0.03287009 
573 654 11 14 0.032635055 
408 645 11 14 0.032597486 
623 667 14 18 0.032425977 
248 284 465 490 0.03223741 
318 516 9 10 0.032107666 
908 644 15 19 0.032057077 
1010 631 13 21 0.03154569 
431 669 13 16 0.031449337 
927 414 9 12 0.031146446 
38 709 14 18 0.030990362 
626 750 17 17 0.030851023 
858 599 9 11 0.030745503 
543 646 12 13 0.030669345 
364 732 15 19 0.030335637 
249 704 15 18 0.030280365 
412 652 14 15 0.029786259 
363 725 14 18 0.02971935 
13 698 50 56 0.029593924 
861 742 11 15 0.029147012 
365 689 13 17 0.029140873 
362 716 13 17 0.029087713 
159 511 10 12 0.029028358 
703 714 15 18 0.02858398 
241 470 10 14 0.028453175 
740 713 11 17 0.028394395 
498 654 14 16 0.028332787 
627 727 18 20 0.028307986 
579 687 17 20 0.02823667 
276 503 10 12 0.028099375 
927 451 10 13 0.027922152 
871 649 22 25 0.02781154 
182 655 23 27 0.02777464 
434 675 12 16 0.027732506 
943 679 14 19 0.027703 
1007 683 14 21 0.027634542 
515 659 15 16 0.027587373 
181 530 12 15 0.027403386 
866 628 14 17 0.02723805 
530 708 22 26 0.027145157 
621 674 14 17 0.027137928 
173 507 11 13 0.027053054 
635 748 17 18 0.027031353 
1 720 25 37 0.026920415 
87 524 10 15 0.026812958 
886 743 14 18 0.0268056 
910 723 15 19 0.02651644 
662 676 12 14 0.026495794 
726 712 15 19 0.02633933 
916 647 14 19 0.026326101 
277 516 10 12 0.026318101 
379 695 20 25 0.026158083 
531 678 14 17 0.026087133 
929 746 20 20 0.026000794 
990 633 25 30 0.02594205 
44 709 15 19 0.025890337 
686 699 13 18 0.025823612 
407 651 12 15 0.025773197 
475 705 13 18 0.02570869 
591 640 21 26 0.025648728 
254 525 12 14 0.025515324 
543 640 10 11 0.025485354 
425 643 24 28 0.025406318 
660 682 12 16 0.025341826 
797 738 16 19 0.025270412 
670 445 9 13 0.025170404 
361 681 15 20 0.024988301 
340 690 15 19 0.02493427 
480 688 14 18 0.024789752 
949 486 9 11 0.024776798 
199 665 27 31 0.024691705 
560 200 10 14 0.024598148 
967 487 8 11 0.024592496 
300 665 18 21 0.024547668 
663 476 9 11 0.02445417 
281 657 23 27 0.024338799 
493 664 15 19 0.024175603 
488 673 19 25 0.024135772 
982 657 26 30 0.024099281 
383 737 16 19 0.02400108 
832 589 10 13 0.023877745 
431 725 16 22 0.023762612 
539 729 14 18 0.023745283 
583 658 12 15 0.023733197 
308 488 17 23 0.023568297 
484 696 16 19 0.023540106 
292 612 10 12 0.023530561 
564 718 17 21 0.023371544 
678 478 9 10 0.023365397 
862 651 17 19 0.023345755 
653 683 14 18 0.023318088 
462 645 12 16 0.023263296 
978 734 27 33 0.02302667 
914 705 15 21 0.023003532 
367 698 13 18 0.022886999 
971 619 14 18 0.022753175 
594 699 16 20 0.022575945 
887 463 8 11 0.022452677 
116 740 31 26 0.02242916 
303 502 9 12 0.022320654 
417 649 22 25 0.022260718 
323 642 13 16 0.022224603 
985 692 18 22 0.022220382 
526 703 17 21 0.022085281 
919 430 9 12 0.02206963 
214 476 10 14 0.022058439 
971 688 22 28 0.022030838 
485 643 14 16 0.022010801 
293 664 16 19 0.021979587 
538 692 16 21 0.02196397 
849 583 9 10 0.02195838 
261 518 11 13 0.021910157 
845 472 8 10 0.021832516 
199 524 12 15 0.021821238 
978 668 24 28 0.02174535 
909 468 9 12 0.021660909 
867 614 21 24 0.021637116 
508 679 20 26 0.021626811 
412 701 12 14 0.02154881 
230 111 8 11 0.021431394 
675 705 14 17 0.021400401 
1009 481 8 10 0.021399956 
972 648 14 18 0.021358438 
439 730 22 26 0.021348877 
507 697 15 18 0.021320917 
187 654 13 16 0.02126036 
188 526 11 14 0.02123595 
164 527 11 14 0.021225987 
835 747 16 18 0.021217315 
453 700 24 28 0.021206843 
405 723 22 27 0.021194687 
388 673 15 18 0.021125477 
985 644 25 27 0.02108904 
469 659 22 27 0.021075975 
398 637 11 14 0.021064555 
183 509 10 13 0.021024408 
759 640 20 27 0.020950623 
637 682 16 20 0.020851646 
447 666 11 15 0.020826519 
540 683 15 18 0.020816168 
863 614 12 12 0.020727389 
804 716 23 27 0.020663437 
220 517 12 16 0.020631453 
690 707 15 18 0.020628689 
876 625 14 17 0.020607796 
804 746 13 16 0.020576023 
450 663 20 25 0.020565035 
861 637 21 26 0.02053396 
1005 615 12 14 0.020515844 
255 519 12 14 0.020361582 
259 720 26 31 0.020170163 
609 700 22 26 0.020164153 
487 714 16 20 0.020143721 
337 706 15 18 0.020137535 
251 714 15 17 0.020133452 
212 461 10 13 0.02008542 
