17_Ceremony_Ceremony_17_57
26
908 169 37 39 0.9995403 
425 118 35 41 0.9965031 
286 97 41 50 0.9963063 
129 111 37 44 0.9941022 
731 126 36 41 0.9934157 
576 153 36 39 0.9462813 
243 218 18 20 0.1133388 
553 208 18 18 0.09416904 
214 187 26 30 0.0825953 
95 275 29 30 0.051401418 
866 288 16 19 0.051027335 
637 469 31 32 0.03977696 
605 21 26 29 0.039282713 
356 83 31 38 0.035395436 
554 217 17 19 0.032357138 
93 304 14 18 0.031115554 
562 218 14 15 0.030174986 
236 223 16 19 0.028894868 
673 471 27 30 0.02809745 
590 165 21 26 0.027803196 
240 205 25 29 0.027485993 
425 98 28 37 0.02528767 
782 104 14 15 0.023346098 
546 213 11 15 0.02314906 
432 84 29 35 0.020149106 
559 203 19 21 0.020102438 
