17_Ceremony_Ceremony_17_470
40
940 271 54 67 0.99828666 
481 252 48 60 0.99807537 
353 172 51 71 0.99646866 
680 290 24 33 0.99464405 
78 254 43 53 0.99298555 
229 225 39 47 0.99068165 
725 211 49 59 0.9906048 
584 287 41 51 0.88505816 
642 291 24 34 0.6242387 
183 271 26 28 0.37391478 
713 268 32 45 0.24870239 
140 270 15 19 0.2291948 
209 292 41 56 0.16872786 
10 288 27 35 0.1293444 
752 211 43 49 0.119009905 
0 290 20 32 0.100936934 
989 305 16 22 0.07258623 
13 268 27 29 0.05306387 
183 327 27 34 0.047560282 
887 364 13 16 0.04683329 
15 276 32 37 0.04446007 
193 321 26 36 0.042638052 
169 324 28 39 0.03976144 
195 279 41 48 0.036046542 
800 323 60 79 0.031011257 
15 269 14 18 0.030351471 
195 273 28 31 0.02849824 
694 275 35 48 0.027974647 
768 311 107 122 0.027552454 
803 33 32 43 0.02620372 
600 277 44 52 0.024753436 
6 593 111 173 0.023626443 
133 256 21 27 0.02358753 
893 347 14 17 0.023554508 
201 305 31 41 0.022689648 
325 273 47 52 0.022658855 
49 418 58 51 0.021406613 
176 274 23 32 0.02083988 
644 306 18 23 0.020547109 
908 362 25 30 0.020069566 
