17_Ceremony_Ceremony_17_271
202
731 370 21 30 0.94900924 
604 375 15 22 0.6802021 
568 382 20 27 0.4295362 
513 387 22 27 0.29532292 
585 380 13 17 0.2746538 
225 604 45 52 0.18576394 
513 437 23 28 0.18366627 
100 520 45 60 0.13845119 
297 383 8 11 0.1263238 
172 548 28 39 0.12094554 
281 383 8 10 0.11584015 
377 573 32 38 0.110805586 
270 391 9 13 0.10800504 
218 421 14 18 0.10362755 
298 375 8 11 0.09603571 
577 382 16 21 0.09573606 
251 391 17 20 0.094711155 
260 392 13 19 0.093496874 
448 576 42 51 0.08355015 
163 631 107 129 0.07914899 
641 383 9 12 0.071774855 
185 599 30 56 0.06871672 
221 415 23 28 0.06823573 
297 387 9 12 0.06744015 
704 384 8 12 0.06368226 
470 566 29 39 0.062430635 
622 379 11 13 0.06178555 
597 423 17 20 0.06156359 
575 352 10 12 0.060059194 
239 327 9 12 0.05963954 
500 366 17 20 0.058796227 
751 466 24 27 0.055383466 
878 417 13 15 0.05472226 
711 383 10 12 0.05439544 
716 388 11 14 0.054215454 
433 576 37 49 0.05334674 
90 300 15 20 0.05253503 
623 389 13 16 0.051590025 
516 381 16 22 0.051402017 
692 375 9 11 0.05046076 
281 387 9 13 0.05016289 
222 335 9 11 0.0486163 
545 363 10 14 0.048559655 
246 389 15 19 0.04748177 
312 383 8 11 0.045755766 
487 243 12 16 0.04563055 
604 369 13 18 0.04539145 
218 413 13 16 0.044527594 
297 369 7 9 0.044076294 
642 373 9 11 0.043827605 
491 245 14 16 0.042524125 
282 366 7 10 0.042361524 
791 394 11 13 0.042026922 
483 377 13 17 0.041505445 
679 368 7 11 0.04048417 
742 420 15 19 0.040291462 
271 374 8 11 0.04016681 
750 473 13 15 0.039365757 
115 330 16 18 0.039073065 
302 368 7 9 0.038955018 
710 387 12 14 0.038929287 
640 388 10 12 0.03817506 
230 405 12 15 0.037998177 
719 396 12 14 0.03753256 
551 428 12 17 0.037488785 
212 349 12 14 0.03739586 
458 251 15 18 0.037223533 
301 388 10 12 0.03715935 
680 373 7 11 0.037142515 
707 403 12 15 0.036934033 
562 365 9 12 0.03670654 
696 390 9 11 0.03590335 
773 390 11 15 0.035823114 
627 373 9 13 0.035395894 
746 469 11 15 0.03501369 
245 373 11 12 0.034925252 
255 383 11 14 0.03490836 
230 396 10 14 0.03487307 
319 367 9 10 0.034742586 
712 376 8 11 0.034440786 
55 448 12 14 0.034035273 
224 389 10 13 0.033894233 
271 444 13 16 0.03367289 
716 380 12 15 0.03335986 
675 389 353 498 0.033344716 
110 317 24 28 0.033011533 
749 405 13 15 0.03287684 
748 453 13 14 0.032873776 
657 368 8 9 0.03244673 
119 519 29 41 0.032117803 
334 403 10 13 0.032103714 
721 404 10 13 0.031800378 
566 382 13 19 0.031742983 
742 335 10 12 0.03173418 
119 501 10 11 0.031570185 
610 653 49 72 0.03126321 
222 407 12 14 0.030921316 
603 393 14 18 0.030800782 
561 356 11 13 0.030574417 
873 435 9 12 0.030290868 
642 368 8 11 0.030057266 
344 384 8 10 0.02968238 
498 377 16 19 0.029626157 
682 382 8 11 0.029423116 
678 391 10 12 0.029348612 
301 383 9 11 0.029242523 
237 381 13 16 0.028992683 
108 314 18 21 0.028870009 
775 419 10 13 0.028752232 
285 367 8 9 0.028711626 
608 381 17 21 0.028332654 
752 344 11 13 0.027911348 
329 391 8 10 0.02785657 
570 328 8 10 0.027821561 
462 227 16 18 0.027606508 
278 344 9 11 0.027275898 
756 450 13 14 0.027177123 
234 325 10 13 0.027175974 
500 437 27 32 0.027074426 
490 378 16 18 0.026870372 
268 441 24 27 0.026775282 
712 673 48 66 0.026754191 
245 381 13 17 0.02669178 
278 394 11 15 0.026617065 
575 374 12 17 0.026605861 
245 400 16 18 0.026489146 
179 567 33 37 0.026271 
142 613 53 72 0.02616155 
549 285 9 11 0.0259157 
891 446 13 15 0.025873369 
245 326 9 11 0.025733108 
580 374 15 19 0.025656698 
459 246 13 15 0.025422823 
766 431 12 15 0.025384407 
334 389 9 10 0.025272902 
87 541 55 67 0.025100987 
264 367 8 11 0.025083115 
720 344 8 9 0.025081832 
69 463 12 15 0.025017612 
185 555 28 31 0.024616985 
234 411 17 20 0.024578847 
523 381 14 19 0.024534598 
110 712 113 121 0.02452262 
230 389 10 14 0.024467796 
317 320 8 11 0.024399366 
567 257 9 10 0.024286248 
327 374 8 11 0.02422396 
479 243 12 17 0.024216304 
486 349 15 17 0.024012288 
485 570 13 20 0.023960697 
90 493 75 104 0.02390972 
110 382 10 12 0.02389763 
385 380 9 12 0.023749838 
209 348 10 14 0.023614915 
294 328 8 10 0.023602042 
345 390 8 10 0.023481479 
263 373 10 12 0.02345642 
563 349 13 16 0.023447005 
311 389 9 11 0.023289353 
313 367 8 10 0.023077942 
547 380 11 14 0.02293505 
334 383 9 12 0.022934014 
566 343 10 11 0.022548681 
754 348 12 14 0.022510977 
352 312 8 10 0.0224628 
788 428 14 16 0.022422232 
744 412 13 16 0.02217828 
559 271 10 12 0.022108577 
260 381 10 14 0.022058632 
209 614 69 82 0.021953544 
451 245 25 28 0.021916816 
445 252 13 14 0.021914812 
329 337 7 8 0.02191189 
762 469 14 17 0.02173631 
190 417 11 15 0.021720642 
791 515 11 14 0.021697413 
823 350 10 12 0.021672165 
560 381 12 16 0.02162524 
744 458 12 16 0.021584194 
815 390 10 12 0.02144016 
258 420 17 19 0.021384692 
330 381 9 12 0.021172713 
487 241 22 27 0.02116501 
645 389 10 13 0.021129578 
245 344 9 10 0.021083191 
759 525 11 14 0.021023937 
712 328 9 12 0.021004736 
773 451 12 15 0.020980552 
344 398 11 12 0.020951765 
767 451 12 14 0.020714903 
173 51 394 501 0.020707292 
401 572 35 50 0.020705396 
704 375 8 11 0.020684281 
827 380 11 13 0.020645931 
362 574 31 38 0.020473948 
686 380 10 12 0.02045758 
263 390 19 24 0.020446185 
231 332 9 12 0.020425232 
725 418 10 14 0.0204103 
772 405 11 13 0.020216007 
665 381 10 13 0.020165911 
603 447 18 19 0.020076243 
