17_Ceremony_Ceremony_17_418
432
715 169 25 29 0.99432915 
88 135 26 32 0.9904792 
659 125 17 22 0.9865584 
251 107 19 23 0.9684226 
508 114 23 27 0.95483977 
586 131 16 19 0.95151806 
787 193 25 30 0.95075476 
557 178 25 34 0.94814646 
971 224 15 18 0.9449059 
627 133 16 20 0.94435084 
147 166 22 27 0.94275016 
468 124 17 21 0.9406984 
763 130 17 20 0.92454237 
170 112 17 21 0.9211424 
205 123 21 26 0.9142154 
869 141 13 17 0.8316096 
702 127 17 22 0.7953151 
28 152 29 34 0.78814 
927 249 23 35 0.7733128 
696 154 17 21 0.7292929 
118 89 10 13 0.7257424 
278 138 15 19 0.71352494 
949 198 16 19 0.7108565 
983 154 13 15 0.69390494 
62 94 11 15 0.6859719 
684 133 15 19 0.6857971 
364 126 16 20 0.67916644 
13 120 22 28 0.67242277 
490 162 46 58 0.6723351 
983 126 12 14 0.6365464 
785 286 28 38 0.5831668 
941 132 10 13 0.5745882 
1006 152 10 12 0.56386524 
969 250 24 41 0.5584234 
566 126 12 16 0.54333645 
354 152 18 22 0.5235612 
381 116 16 18 0.5156245 
860 109 11 14 0.48324046 
133 141 11 15 0.46052948 
127 68 10 13 0.4509404 
317 117 16 19 0.43343383 
299 146 18 23 0.426739 
788 147 15 18 0.4090204 
933 169 13 17 0.40250972 
995 206 14 17 0.38360974 
747 222 27 38 0.3736375 
81 201 39 58 0.3636869 
967 127 11 12 0.31757316 
956 216 13 16 0.30063108 
341 156 15 18 0.28471518 
810 150 22 30 0.27893195 
582 104 11 14 0.25119174 
67 94 13 16 0.249333 
416 126 23 27 0.22736774 
292 105 13 16 0.22308142 
689 128 20 25 0.20822574 
260 218 16 24 0.19693424 
934 158 13 16 0.19303331 
298 81 14 17 0.19191693 
709 114 16 19 0.17671233 
304 140 19 24 0.1746133 
278 167 16 19 0.17196545 
906 132 9 12 0.16636617 
710 243 26 33 0.16628887 
238 157 13 18 0.16594149 
939 126 10 13 0.15462145 
893 129 8 10 0.15305975 
159 135 11 14 0.14591406 
455 137 26 31 0.14543879 
170 144 14 18 0.14446485 
113 116 11 14 0.1443798 
151 96 10 12 0.14186564 
480 99 11 14 0.13920397 
73 77 12 14 0.13630576 
297 152 12 16 0.13504902 
934 261 30 37 0.1327077 
207 97 15 17 0.12595019 
653 155 11 14 0.11311517 
720 239 26 35 0.11029252 
1013 205 10 16 0.101633675 
42 152 25 34 0.09816775 
276 233 364 466 0.09743689 
983 206 13 16 0.09665687 
968 151 10 12 0.09175507 
960 327 27 41 0.0913327 
312 116 14 17 0.09069041 
276 184 15 18 0.0901858 
1013 173 8 11 0.08888567 
854 163 13 17 0.088007875 
378 136 15 19 0.085531786 
117 199 16 22 0.08519539 
92 83 13 16 0.082135275 
536 82 375 455 0.0816462 
733 230 28 36 0.07905583 
943 138 9 12 0.07903214 
462 127 26 32 0.07811598 
516 161 44 55 0.07747078 
963 174 10 13 0.07744976 
456 107 11 15 0.07723735 
1001 174 10 14 0.07660991 
957 142 11 13 0.073030256 
989 120 11 15 0.07276598 
334 93 11 15 0.07159031 
407 102 12 15 0.07141414 
460 103 10 14 0.07002219 
452 144 17 18 0.06869803 
188 125 14 16 0.068251595 
301 180 12 16 0.068115145 
17 138 34 43 0.06592971 
1003 204 13 17 0.06551241 
890 132 9 11 0.065233074 
752 137 13 18 0.06512101 
184 85 11 14 0.06472221 
570 128 14 18 0.064335965 
292 137 20 25 0.06425531 
699 142 22 26 0.064034276 
808 160 14 19 0.0634178 
981 172 10 12 0.06298465 
875 165 13 16 0.06280824 
419 144 17 21 0.06202812 
307 187 15 20 0.061865572 
818 148 17 23 0.06150702 
928 171 13 17 0.061451294 
555 150 22 27 0.061365787 
298 495 116 130 0.059836257 
509 86 10 13 0.05959477 
348 158 16 20 0.058739632 
336 155 13 16 0.05822231 
565 149 15 19 0.057872467 
959 149 10 13 0.05683695 
556 139 11 15 0.05666976 
140 191 21 30 0.056120045 
533 123 15 18 0.055975396 
170 249 17 21 0.055822995 
1004 179 11 14 0.055654537 
581 154 16 20 0.05552572 
823 139 12 15 0.055114742 
392 94 11 12 0.055034168 
965 163 11 14 0.054680184 
487 157 27 36 0.054510046 
80 64 9 12 0.052688885 
205 108 17 19 0.052461486 
174 171 11 15 0.052461457 
1002 167 9 12 0.052369826 
581 77 16 20 0.051959906 
75 97 12 15 0.051587258 
979 250 17 25 0.051463906 
339 164 16 21 0.05117923 
949 210 16 19 0.051056154 
504 87 11 14 0.050567977 
850 142 15 22 0.048943646 
76 141 16 20 0.04789506 
974 126 10 13 0.04732385 
197 80 14 18 0.046964373 
336 291 225 268 0.046857346 
70 83 14 16 0.04639658 
978 259 25 34 0.046046905 
333 169 15 20 0.045837194 
497 145 34 38 0.045753743 
371 138 21 28 0.045484096 
520 91 11 13 0.045368314 
124 91 10 13 0.045046084 
702 155 23 28 0.044879235 
538 100 10 13 0.044494197 
153 194 13 18 0.044327013 
277 173 20 25 0.04423458 
976 165 10 12 0.04416983 
146 179 22 31 0.043295432 
990 198 12 15 0.042523883 
376 91 10 13 0.042384043 
582 146 14 17 0.041557148 
548 159 16 23 0.041361153 
455 93 9 12 0.04135875 
395 137 14 17 0.041266706 
780 203 29 34 0.04107805 
824 135 10 12 0.040983073 
335 87 10 12 0.04076147 
811 166 16 20 0.040551275 
104 70 9 11 0.040351525 
99 83 11 15 0.04011413 
479 147 26 35 0.039564304 
781 137 20 26 0.039306995 
484 96 11 13 0.039172404 
963 180 11 12 0.039160796 
7 9 96 117 0.039053105 
965 203 12 15 0.03900844 
62 103 14 19 0.03877464 
569 150 24 32 0.038729683 
467 138 27 34 0.0385306 
127 143 14 19 0.038185567 
649 178 15 17 0.038040794 
327 148 11 17 0.03792213 
178 248 16 22 0.03718505 
52 164 16 23 0.037068456 
448 140 15 18 0.037045363 
1002 156 10 12 0.03704431 
736 98 13 16 0.036894258 
230 117 11 16 0.036585324 
851 134 12 16 0.03656846 
67 146 16 20 0.03636493 
243 130 17 20 0.036221754 
753 240 19 27 0.036215354 
145 99 10 15 0.036150925 
332 178 13 17 0.036065754 
772 204 15 20 0.03596823 
383 134 22 26 0.035833035 
57 92 19 25 0.03567932 
258 132 13 17 0.03567575 
486 139 26 33 0.03562142 
951 156 10 12 0.03554085 
213 148 11 14 0.035509493 
117 112 11 14 0.035455287 
329 93 11 14 0.035444297 
920 151 8 10 0.035293635 
473 96 9 12 0.03519821 
443 101 12 15 0.035065524 
136 86 9 11 0.03487545 
594 152 14 19 0.034778625 
813 141 11 14 0.034506246 
157 142 20 25 0.034484357 
856 112 12 16 0.03446497 
60 147 16 21 0.034441937 
77 69 12 14 0.034429934 
265 215 22 30 0.034406982 
271 131 15 20 0.034167852 
960 133 10 12 0.033816993 
995 263 15 22 0.0335028 
798 135 10 13 0.033484824 
645 132 12 16 0.0330587 
585 159 17 21 0.03304364 
919 173 11 14 0.032964222 
318 47 9 12 0.03279458 
295 178 13 17 0.032741215 
1006 186 11 13 0.032668233 
1014 125 9 12 0.03248103 
1003 146 19 22 0.03237324 
339 98 14 17 0.032288935 
491 130 14 17 0.03220905 
849 127 8 11 0.03220573 
595 136 14 18 0.03207932 
991 174 9 11 0.03207059 
499 115 41 48 0.031894032 
284 157 13 17 0.031861324 
963 213 14 17 0.031825844 
562 168 25 33 0.031782992 
1 265 34 49 0.031529907 
188 118 12 16 0.031405624 
444 144 28 30 0.031319235 
453 112 13 16 0.03124023 
84 68 9 13 0.031110324 
76 80 13 17 0.031094443 
1014 166 10 14 0.03077559 
750 145 14 19 0.030314872 
770 127 14 17 0.030239293 
122 67 11 15 0.030164773 
894 171 11 14 0.030104512 
5 121 16 22 0.03009058 
950 257 27 34 0.029874707 
315 128 15 20 0.029852051 
783 303 16 22 0.029819893 
227 198 14 16 0.029705418 
126 74 10 13 0.029704561 
571 147 15 18 0.029670881 
964 257 19 27 0.029403228 
132 135 19 24 0.029319761 
807 136 10 13 0.029282954 
312 144 16 20 0.029203169 
559 130 13 18 0.029063914 
794 140 13 19 0.029004036 
942 121 10 12 0.028995896 
151 66 15 18 0.02882862 
997 133 11 13 0.028720107 
975 157 10 13 0.028646247 
120 78 11 13 0.028582403 
362 134 18 21 0.028450666 
111 63 9 13 0.02834228 
269 159 21 27 0.028328598 
147 156 19 21 0.028173685 
214 211 23 25 0.028059674 
760 228 30 36 0.028005052 
380 92 11 14 0.027985744 
116 122 10 13 0.027978593 
988 244 15 20 0.027619684 
1010 155 12 15 0.027600469 
784 151 14 18 0.027592842 
753 128 21 26 0.02759004 
448 93 10 13 0.027536223 
579 90 17 21 0.02742867 
999 100 10 12 0.027397433 
321 109 15 19 0.027321817 
973 149 10 15 0.027296381 
107 189 39 51 0.027222581 
278 54 10 13 0.027202735 
988 238 12 14 0.02699229 
788 163 13 16 0.026939478 
446 114 13 17 0.026939457 
887 189 11 15 0.026934821 
780 132 12 16 0.026879208 
86 79 12 16 0.026757903 
742 280 28 35 0.02666139 
115 83 18 22 0.026633834 
707 122 20 24 0.026604181 
938 126 18 23 0.02658716 
312 68 9 13 0.026575351 
1010 149 11 14 0.026478013 
138 133 12 16 0.02645941 
156 70 17 20 0.02629565 
332 150 13 17 0.026235353 
178 139 14 18 0.02621558 
477 106 13 15 0.02613556 
990 248 24 35 0.02590595 
476 95 19 23 0.025892971 
347 100 15 17 0.025782844 
939 149 12 15 0.025688281 
825 146 16 21 0.0256403 
414 151 14 19 0.025633626 
101 202 29 40 0.025617532 
492 153 18 23 0.025607863 
62 123 15 19 0.025532538 
581 166 17 23 0.02551762 
794 151 14 18 0.025373787 
133 92 11 14 0.025353793 
106 63 10 14 0.02522495 
6 111 41 51 0.025218304 
858 167 15 19 0.025135186 
820 184 15 18 0.025120763 
807 147 13 18 0.024855373 
299 88 15 19 0.02479529 
298 178 22 27 0.02477278 
485 166 13 21 0.02471867 
974 191 9 11 0.024675177 
335 80 9 11 0.024566626 
141 84 11 12 0.024486255 
960 166 11 14 0.024413748 
164 170 13 17 0.02433863 
508 157 33 40 0.024237612 
770 241 17 21 0.024234105 
853 98 21 26 0.024226232 
143 78 10 13 0.024182977 
448 88 9 10 0.023937333 
739 93 11 14 0.02389934 
1008 124 9 11 0.023874454 
794 210 24 34 0.023807922 
955 223 16 18 0.02379513 
981 163 12 14 0.023768626 
918 202 12 16 0.023741473 
238 97 13 17 0.023713984 
934 197 10 13 0.02371185 
492 124 11 16 0.023587525 
955 191 12 14 0.023586286 
278 59 11 15 0.023486814 
1012 178 10 13 0.02343857 
178 120 14 18 0.023381224 
815 178 15 18 0.023349443 
524 85 10 12 0.023318332 
461 114 20 25 0.023311365 
254 147 14 16 0.02330914 
313 51 11 13 0.023298899 
251 135 17 19 0.023260167 
405 133 12 15 0.023248203 
540 107 11 13 0.023107447 
157 110 11 14 0.0229963 
587 106 11 14 0.022987764 
123 154 14 19 0.02295629 
269 53 10 13 0.02290892 
146 93 20 24 0.022858985 
852 125 11 14 0.022713924 
301 99 12 16 0.022705698 
414 136 16 19 0.022644475 
495 130 28 33 0.022629235 
676 145 16 21 0.02254885 
420 169 33 39 0.022468334 
973 216 14 16 0.022409903 
87 116 24 28 0.022371124 
474 160 25 32 0.022339813 
445 106 13 17 0.022332717 
861 218 15 17 0.022287276 
1007 119 9 12 0.022279402 
494 93 10 12 0.022235265 
394 69 10 12 0.022216562 
749 259 28 33 0.02219884 
573 140 13 17 0.022156987 
317 69 9 12 0.022097832 
24 121 15 22 0.022040784 
301 159 13 17 0.021936731 
951 141 9 12 0.021904286 
1015 140 10 14 0.021889936 
455 103 20 25 0.021874236 
634 126 15 17 0.021847218 
77 191 30 40 0.021716243 
968 325 19 23 0.021615827 
479 87 9 11 0.021572981 
611 130 14 18 0.02149707 
313 178 15 21 0.021484086 
582 139 24 26 0.021449098 
603 130 15 19 0.021349654 
216 127 16 19 0.02126939 
520 81 9 12 0.021243814 
354 139 24 30 0.021175792 
902 187 14 15 0.021152172 
294 186 14 18 0.021082493 
301 208 15 19 0.021061035 
790 135 11 15 0.021057557 
1016 130 10 14 0.02103656 
286 55 11 14 0.021026812 
476 147 74 96 0.020994758 
993 180 10 12 0.020926174 
59 137 16 22 0.020900676 
325 98 14 17 0.02084265 
911 150 9 11 0.020775067 
990 190 11 13 0.020747315 
366 429 40 50 0.020703655 
772 130 22 27 0.020678926 
1005 263 15 22 0.020617468 
70 89 21 24 0.020575734 
976 291 31 39 0.02052401 
456 88 9 11 0.020478165 
140 164 20 24 0.020411937 
964 141 13 15 0.02038598 
496 87 10 12 0.020380754 
466 141 45 53 0.020355789 
249 169 20 27 0.020304829 
307 133 16 19 0.020296494 
121 62 20 24 0.020269519 
274 125 21 25 0.020230217 
908 184 10 12 0.020197334 
496 474 39 28 0.02015753 
641 125 21 28 0.020156033 
605 45 99 116 0.02010487 
884 168 15 18 0.020078607 
937 140 10 13 0.02003294 
167 203 11 15 0.020009058 
