17_Ceremony_Ceremony_17_46
69
107 122 18 23 0.90367293 
266 143 16 24 0.8991495 
65 132 17 21 0.46357462 
749 243 9 12 0.19197474 
889 363 11 14 0.13060671 
817 307 10 13 0.111160316 
681 136 8 10 0.09019933 
109 199 10 13 0.08056396 
454 145 8 9 0.0789335 
703 167 8 11 0.0709502 
695 152 8 9 0.064266734 
473 144 9 11 0.06216009 
270 149 19 24 0.061665244 
462 128 9 11 0.0577096 
357 277 10 13 0.056342162 
710 128 7 9 0.052399844 
487 152 7 9 0.047019266 
73 179 17 17 0.046806626 
698 133 8 10 0.043747745 
704 135 8 9 0.042952713 
719 158 9 10 0.040575042 
225 368 8 11 0.03879687 
471 149 8 10 0.037231427 
227 373 11 13 0.036352802 
229 368 8 10 0.035637 
701 160 8 10 0.035450667 
422 152 8 10 0.034978308 
457 128 9 11 0.034640048 
425 143 7 9 0.033996653 
477 143 8 10 0.032559194 
713 151 7 9 0.032030564 
762 269 14 17 0.031940296 
466 152 7 9 0.030822095 
72 130 15 20 0.030745393 
710 133 7 10 0.03040251 
710 169 8 10 0.029304635 
776 256 9 12 0.028782345 
296 304 9 11 0.02866171 
680 153 9 10 0.02857763 
685 173 9 11 0.02818092 
662 142 9 11 0.027075589 
687 169 7 10 0.0270663 
705 128 8 10 0.02604871 
809 309 10 14 0.0260434 
1013 477 9 15 0.02569922 
-37 -30 426 489 0.025498029 
727 158 7 11 0.024867455 
449 150 8 10 0.024792325 
433 143 8 9 0.024636038 
685 140 7 10 0.024508165 
437 143 8 10 0.024427595 
687 153 8 10 0.024251549 
448 128 8 10 0.023965864 
909 344 9 10 0.023847543 
439 135 8 10 0.023841407 
487 157 8 11 0.023708764 
718 144 8 9 0.022366105 
469 126 9 11 0.022325773 
426 137 7 10 0.021957157 
729 153 7 10 0.021817213 
53 134 29 31 0.021775432 
891 366 14 18 0.021774033 
929 334 10 12 0.021752438 
705 140 8 10 0.021593407 
438 158 8 10 0.020675745 
718 152 8 10 0.020664167 
59 125 19 21 0.0205369 
64 179 34 37 0.020446982 
217 366 8 10 0.020370262 
