17_Ceremony_Ceremony_17_368
28
590 113 86 109 0.9962495 
715 232 67 82 0.99551815 
352 151 76 101 0.99291587 
434 159 24 29 0.9901155 
137 13 20 27 0.9632161 
290 621 9 11 0.09257376 
165 484 11 12 0.060706165 
176 64 22 30 0.052997444 
428 154 39 50 0.04143641 
185 45 11 14 0.039531223 
209 146 11 12 0.03920093 
775 229 35 42 0.03871226 
332 619 12 15 0.03551304 
195 132 10 14 0.034877326 
286 106 15 19 0.03454659 
413 103 11 14 0.03341294 
179 58 17 21 0.032278243 
418 180 15 22 0.03222364 
425 164 26 34 0.031408682 
445 97 14 18 0.028374262 
175 188 13 17 0.025045767 
915 197 17 22 0.02468604 
118 494 16 17 0.024656098 
182 51 15 19 0.024542097 
391 149 53 70 0.024112789 
247 645 11 14 0.022223877 
489 190 29 35 0.021023622 
128 15 14 22 0.020002404 
