17_Ceremony_Ceremony_17_211
373
551 232 36 49 0.9942873 
840 158 51 66 0.99243367 
592 237 38 48 0.9920615 
767 209 41 53 0.9913067 
686 224 41 50 0.98901784 
221 211 44 54 0.98404044 
587 369 42 56 0.97811675 
138 206 26 58 0.9237147 
404 109 37 72 0.6125243 
427 40 8 11 0.29958016 
398 38 8 11 0.277933 
737 7 11 13 0.25523058 
711 38 9 11 0.2407926 
360 62 10 11 0.213626 
847 14 9 11 0.20935939 
805 3 12 14 0.20398694 
809 71 9 11 0.1895531 
817 84 9 11 0.18779483 
750 86 12 13 0.18597195 
898 16 8 10 0.1857641 
687 46 10 12 0.18045709 
815 79 9 10 0.18027806 
423 9 8 9 0.17754644 
696 31 7 10 0.17676446 
369 105 54 77 0.1736475 
975 10 12 14 0.17165458 
710 16 9 11 0.17080183 
712 20 9 10 0.16527018 
776 80 9 12 0.16269192 
742 21 12 15 0.16231653 
472 55 9 11 0.16167241 
767 122 11 13 0.15919542 
749 104 13 16 0.15716882 
820 114 11 14 0.15548204 
823 19 10 12 0.15077147 
783 26 11 13 0.1418181 
457 5 9 11 0.14141567 
771 2 11 13 0.13718325 
518 7 7 9 0.13556582 
434 68 8 11 0.13535988 
414 6 9 11 0.13188763 
512 37 13 16 0.13142546 
409 51 10 12 0.13089445 
832 30 9 11 0.12832008 
796 76 8 12 0.11682841 
749 47 9 10 0.11352937 
687 8 8 9 0.11203975 
96 206 37 51 0.10895042 
840 14 9 11 0.107980855 
766 29 10 12 0.10686382 
695 16 8 10 0.10541482 
412 48 8 11 0.10396679 
705 14 9 11 0.102799736 
413 24 9 11 0.10272524 
733 63 9 10 0.1006339 
412 1 9 10 0.09906513 
805 95 8 11 0.09643081 
438 64 9 11 0.09598985 
892 1 8 9 0.09405296 
864 47 10 13 0.09349728 
913 11 10 12 0.09011528 
718 22 8 11 0.0885503 
711 32 9 11 0.08729046 
496 5 10 12 0.085951164 
448 40 8 11 0.08322827 
998 455 15 19 0.081045486 
408 69 8 9 0.079467066 
736 71 10 14 0.07904383 
434 20 9 12 0.078183115 
832 22 9 12 0.077551045 
585 16 8 10 0.07550011 
729 56 9 11 0.07316202 
501 47 9 12 0.07226221 
791 181 29 34 0.07204049 
462 5 9 10 0.071773134 
856 49 9 11 0.07129885 
460 71 8 11 0.07071652 
409 25 9 11 0.069808796 
695 22 8 10 0.06892607 
917 8 11 13 0.06821234 
829 38 9 12 0.06768016 
446 63 7 10 0.06740788 
894 6 8 10 0.06706313 
448 20 8 11 0.06614288 
363 6 11 12 0.0656122 
837 23 9 12 0.06538419 
298 43 10 14 0.06526297 
807 126 11 12 0.06502212 
888 4 10 12 0.064926945 
807 101 9 11 0.062098186 
726 23 9 10 0.061963882 
516 14 9 11 0.061879393 
455 39 9 11 0.06085751 
937 37 8 11 0.06084932 
471 49 8 10 0.060592387 
746 27 11 13 0.060532846 
528 20 10 12 0.060463708 
431 55 8 10 0.060378015 
889 47 10 13 0.0598236 
453 309 40 60 0.059176873 
717 16 9 10 0.058500405 
433 0 9 8 0.057705108 
726 37 10 11 0.057452068 
726 0 10 9 0.057330396 
733 55 9 12 0.05666973 
416 12 8 11 0.056051668 
729 31 8 11 0.05593656 
516 33 11 12 0.05544046 
488 40 8 10 0.05525311 
711 56 8 11 0.054890815 
712 44 8 10 0.05452665 
790 102 10 11 0.054275457 
808 52 9 11 0.053957395 
839 98 11 14 0.053725004 
429 44 9 11 0.05317655 
719 0 10 10 0.051388472 
768 47 8 10 0.05123637 
432 15 9 12 0.05123404 
612 15 9 12 0.05116445 
518 20 9 11 0.050879028 
719 31 8 11 0.05082296 
398 14 8 10 0.050549597 
735 47 8 11 0.050488193 
528 0 9 9 0.050169736 
922 460 28 35 0.049850315 
745 54 8 10 0.04916165 
449 70 8 11 0.04905593 
1005 2 12 14 0.048889343 
922 30 9 11 0.048408657 
845 7 12 13 0.048156187 
809 64 9 11 0.04797196 
312 55 11 15 0.047855485 
474 30 9 10 0.04749453 
727 46 9 10 0.04747169 
958 13 10 12 0.047443297 
464 47 7 9 0.0472609 
719 86 11 13 0.047228273 
576 39 7 9 0.047094434 
513 8 9 10 0.04700334 
854 63 9 10 0.045673694 
440 56 8 9 0.045285396 
502 54 8 10 0.04448055 
781 72 9 12 0.044424504 
502 0 9 9 0.04396238 
850 53 9 11 0.0439553 
409 13 9 11 0.043452397 
457 32 9 10 0.043398067 
814 64 7 10 0.043387532 
583 38 8 10 0.04318301 
756 63 12 14 0.043110464 
344 65 10 13 0.042757444 
680 14 8 10 0.04230268 
480 73 8 9 0.04221892 
786 119 10 13 0.04220394 
928 24 8 10 0.04184787 
966 30 8 11 0.041000124 
719 38 8 10 0.04097631 
705 9 9 9 0.040846184 
934 16 9 11 0.040209692 
480 39 7 10 0.039804917 
694 36 9 10 0.03980479 
906 55 9 11 0.039779246 
385 30 9 12 0.03956476 
800 87 8 12 0.039469678 
447 56 7 9 0.039097972 
941 32 8 10 0.0389829 
437 208 63 80 0.038960516 
381 64 10 12 0.038956873 
557 6 9 11 0.038614787 
425 53 9 11 0.03856429 
496 70 8 10 0.0385354 
703 56 9 10 0.038322184 
749 39 9 11 0.037991866 
900 19 9 11 0.037888706 
910 32 8 10 0.037685495 
777 71 9 12 0.037596952 
696 0 8 8 0.037528463 
325 85 8 11 0.03743294 
602 30 10 13 0.037276007 
769 83 10 12 0.0372282 
383 1 8 9 0.03719456 
477 60 8 10 0.037182514 
745 47 9 11 0.036825545 
849 49 9 11 0.03668869 
709 7 9 10 0.036673903 
706 37 9 10 0.036574584 
465 55 7 10 0.036474675 
785 101 10 12 0.036474206 
799 109 9 11 0.03638246 
472 24 8 10 0.03623466 
831 43 9 12 0.036209855 
705 62 8 11 0.036192134 
554 6 8 9 0.035911128 
456 23 8 9 0.03576163 
831 16 9 11 0.035576683 
486 71 8 10 0.035342827 
566 32 8 10 0.035268817 
682 9 7 9 0.035225768 
704 33 7 9 0.03515293 
771 93 11 14 0.034868773 
976 0 11 10 0.034549013 
864 8 9 10 0.034534197 
768 98 12 15 0.03452717 
921 37 8 10 0.03452432 
833 78 9 11 0.034358706 
412 70 8 10 0.034226183 
441 46 8 10 0.034219943 
488 105 7 9 0.033798814 
736 100 9 13 0.033773568 
895 30 8 11 0.03376431 
304 7 11 13 0.033605985 
720 55 9 11 0.033367693 
783 44 10 13 0.033335432 
680 22 8 11 0.03319415 
90 190 34 51 0.03297146 
442 40 8 11 0.03284832 
360 37 8 11 0.032834247 
889 14 9 11 0.03268524 
741 77 10 13 0.032676406 
437 0 8 9 0.03264648 
635 13 11 12 0.0326421 
814 30 9 11 0.03249305 
504 24 9 11 0.0324653 
400 64 10 11 0.032448873 
586 33 7 10 0.031901803 
935 0 9 8 0.0317396 
463 64 7 9 0.031730354 
841 7 9 12 0.03157772 
950 6 12 14 0.031389926 
342 38 10 11 0.031312726 
824 30 11 13 0.030820753 
688 22 8 9 0.030617323 
911 37 7 10 0.030293645 
807 88 9 12 0.030282367 
567 24 7 9 0.03026899 
814 48 9 12 0.030164592 
332 15 15 17 0.030146267 
743 63 9 10 0.030024009 
865 14 9 12 0.02998743 
534 4 8 10 0.029926037 
384 24 9 11 0.029873742 
666 37 9 10 0.029743396 
382 5 9 10 0.029666612 
745 38 8 10 0.02960735 
864 31 8 11 0.029590674 
350 63 10 12 0.029540667 
864 39 8 11 0.029182438 
474 39 8 9 0.028920922 
770 118 12 15 0.028793165 
804 9 13 16 0.028770298 
878 1 9 10 0.028735083 
498 53 8 11 0.028666427 
337 91 9 12 0.028497871 
964 23 9 11 0.028491976 
711 62 7 9 0.028375035 
775 64 9 11 0.028320188 
689 40 8 10 0.028002601 
413 62 9 11 0.02786046 
394 15 7 10 0.02760564 
847 89 9 10 0.027576752 
895 38 8 11 0.027542548 
736 20 11 13 0.027479904 
470 5 9 10 0.02743681 
846 94 12 14 0.027320756 
512 19 11 13 0.027235212 
576 21 9 11 0.027134128 
807 140 14 16 0.026946962 
456 64 7 9 0.026786957 
376 70 10 12 0.026735773 
912 48 7 10 0.02667592 
734 38 9 11 0.026663786 
775 28 10 14 0.026328485 
694 68 9 10 0.026238982 
849 63 8 10 0.026053092 
838 46 8 11 0.026038172 
548 22 10 12 0.025995819 
892 52 9 12 0.025992136 
823 3 12 14 0.025953263 
546 16 8 10 0.025869962 
478 25 8 9 0.02566316 
481 47 8 9 0.025656868 
755 102 11 14 0.025633678 
448 79 8 9 0.02554931 
985 31 8 10 0.025535261 
726 15 9 11 0.025513092 
870 5 10 12 0.025458617 
690 31 8 10 0.025446625 
872 37 8 11 0.025419742 
725 84 9 13 0.025262918 
376 39 7 10 0.025230631 
919 47 7 9 0.025109062 
589 31 8 10 0.025055123 
904 37 8 11 0.024738519 
782 496 206 290 0.02472757 
399 9 9 10 0.024680203 
486 45 8 11 0.024661422 
786 22 12 14 0.024639001 
878 93 9 10 0.024437241 
462 87 7 10 0.024209548 
390 31 9 12 0.024125831 
789 42 10 13 0.023964712 
670 25 8 10 0.023964081 
692 52 11 11 0.023850886 
790 107 11 12 0.023792962 
830 0 9 10 0.023675477 
688 14 8 11 0.02360435 
840 70 9 11 0.023594208 
462 101 8 10 0.023552028 
720 64 8 10 0.023538655 
733 1 9 9 0.023450382 
902 31 9 11 0.023444211 
773 109 11 13 0.023387024 
319 0 11 12 0.023341753 
503 30 8 10 0.023298688 
713 87 9 12 0.023278022 
748 52 10 11 0.023264656 
487 64 8 9 0.023193385 
853 99 9 12 0.023142554 
853 0 11 11 0.022874935 
830 5 10 12 0.02285104 
800 0 21 21 0.022792628 
455 55 8 10 0.022781638 
1001 0 12 13 0.022705998 
735 2 19 22 0.022696149 
480 7 8 10 0.02268002 
721 69 8 10 0.022629732 
784 14 10 13 0.022529878 
838 78 9 10 0.022515003 
462 23 8 11 0.02232529 
978 5 12 14 0.02226005 
688 68 10 11 0.022173809 
365 76 10 12 0.022148099 
558 12 9 11 0.022131076 
391 7 7 10 0.022112446 
503 62 8 11 0.02210895 
810 29 9 11 0.021890657 
728 70 9 12 0.021874674 
585 0 9 10 0.021825537 
833 95 10 13 0.02179991 
920 25 9 11 0.02179382 
438 16 9 12 0.021768475 
1014 439 9 14 0.021748351 
879 31 7 10 0.021730749 
532 16 9 11 0.021650577 
704 47 9 10 0.02163381 
670 36 9 11 0.021518674 
527 56 8 11 0.02150003 
575 5 9 10 0.021431435 
460 39 8 10 0.021322448 
803 173 40 52 0.021205846 
583 47 8 10 0.021190908 
502 70 7 10 0.021157593 
497 64 8 10 0.02108661 
709 78 9 11 0.021000836 
399 42 9 13 0.020967064 
119 211 37 47 0.020936718 
529 4 9 10 0.020837778 
894 8 19 24 0.020797128 
744 102 12 15 0.020796653 
791 96 10 12 0.02073934 
713 1 10 9 0.02065064 
717 246 26 38 0.020644499 
437 28 9 10 0.020628296 
782 50 9 12 0.020613233 
654 42 10 12 0.020597816 
346 120 56 74 0.020545676 
377 6 10 11 0.020514175 
933 468 27 32 0.020509206 
872 31 8 10 0.020397535 
805 20 12 14 0.020292195 
405 39 9 11 0.020288661 
609 20 11 13 0.020177817 
810 4 12 14 0.020040788 
