17_Ceremony_Ceremony_17_592
131
163 252 31 38 0.98670864 
5 371 16 20 0.9721816 
60 308 17 22 0.9715251 
300 285 15 18 0.9657719 
508 287 15 19 0.95893025 
697 183 27 43 0.78927344 
790 340 12 14 0.4656699 
551 303 12 16 0.43312228 
195 338 18 20 0.42339942 
651 292 17 19 0.36656022 
594 285 15 17 0.36518574 
592 319 11 14 0.2717822 
31 408 14 20 0.21051447 
193 344 22 27 0.17788856 
784 338 11 15 0.17126404 
60 331 32 34 0.16858427 
267 341 14 18 0.16221464 
850 124 34 45 0.14111206 
545 308 13 17 0.13969477 
371 178 46 59 0.11344208 
571 318 12 15 0.11156006 
401 286 17 20 0.09517766 
544 280 7 10 0.08913322 
280 288 9 11 0.08660622 
248 308 12 16 0.08389777 
557 323 10 12 0.078792945 
249 314 16 20 0.07294972 
601 286 12 15 0.07214384 
551 313 12 15 0.07037719 
279 329 13 18 0.0661179 
207 309 13 17 0.0640589 
556 318 9 13 0.060540807 
0 387 12 18 0.058837917 
222 326 12 15 0.052965373 
557 278 8 11 0.05134535 
239 309 10 14 0.050887756 
414 433 21 29 0.05050518 
452 290 16 18 0.05022481 
687 197 32 41 0.050052866 
85 342 16 22 0.049834758 
536 329 10 12 0.048012212 
67 332 16 18 0.04796359 
343 211 13 16 0.04639931 
248 323 13 16 0.04619201 
275 336 15 20 0.044727806 
552 278 9 11 0.042481422 
557 264 9 11 0.042468447 
482 194 14 19 0.041908346 
554 270 9 11 0.041073278 
3 422 17 21 0.039281774 
336 356 13 16 0.0385919 
254 352 14 19 0.038161688 
596 255 10 11 0.03805265 
455 316 10 13 0.03765089 
501 227 12 15 0.036887195 
846 136 25 40 0.036259074 
260 404 10 12 0.034674946 
784 357 10 13 0.033285122 
151 254 25 34 0.03297681 
793 345 13 14 0.0320573 
551 297 11 14 0.03145048 
77 330 28 33 0.03129296 
250 330 14 18 0.030954111 
212 328 15 19 0.030381512 
528 183 8 10 0.030333761 
533 225 10 12 0.030132515 
768 351 9 11 0.029118374 
260 350 15 20 0.029050084 
73 336 18 22 0.028903425 
396 451 14 16 0.02883921 
36 369 27 34 0.028562961 
613 343 9 12 0.028500354 
528 272 9 11 0.027600072 
403 275 24 28 0.02748785 
373 169 32 44 0.027198602 
291 330 12 15 0.027190704 
539 331 11 15 0.026404515 
266 352 14 19 0.026290238 
726 331 13 16 0.02618391 
553 331 23 29 0.026107486 
227 325 13 15 0.025906365 
777 341 11 14 0.025629466 
324 77 12 13 0.025502017 
271 414 8 10 0.025498794 
283 324 16 20 0.025189623 
591 280 12 15 0.025144724 
510 313 13 17 0.024796166 
184 256 18 24 0.024639718 
671 266 47 69 0.024416013 
269 332 16 19 0.024272176 
341 205 21 28 0.024256168 
156 350 16 19 0.02412066 
257 330 23 29 0.024093477 
91 331 14 17 0.02409275 
339 349 13 16 0.023739781 
200 323 23 26 0.023550548 
752 365 9 13 0.023403622 
708 349 9 11 0.023316318 
63 323 50 53 0.023209298 
761 374 8 9 0.023099236 
856 135 42 45 0.023031555 
533 271 10 12 0.022941537 
285 286 12 14 0.022925628 
253 319 22 29 0.022847485 
233 310 10 13 0.02254451 
418 264 24 29 0.022485314 
795 336 12 14 0.022420997 
580 342 9 13 0.022163406 
238 302 11 15 0.022155238 
568 270 8 11 0.021867443 
453 293 23 30 0.021659344 
120 391 27 31 0.021275358 
557 283 10 13 0.02127453 
677 190 30 34 0.021127032 
91 350 14 19 0.021121949 
34 416 14 17 0.021113614 
475 306 15 19 0.020981392 
45 310 49 51 0.020769916 
584 291 11 14 0.02068919 
0 338 12 18 0.020684551 
102 319 12 15 0.020589093 
270 408 10 12 0.020552259 
452 267 15 18 0.020523388 
534 260 9 11 0.020502377 
278 357 12 15 0.020352738 
716 378 14 19 0.020283742 
547 320 23 26 0.02026683 
483 306 13 16 0.020140933 
596 294 15 18 0.020106105 
386 252 17 20 0.020098029 
84 332 16 21 0.020070199 
