17_Ceremony_Ceremony_17_113
45
353 208 116 135 0.999977 
609 169 117 158 0.99994993 
953 293 17 22 0.9846727 
764 251 20 33 0.97396255 
529 284 23 36 0.9511013 
825 301 26 36 0.87335366 
739 272 22 33 0.5712422 
285 288 25 44 0.45753595 
245 306 19 34 0.37251574 
853 273 16 22 0.22757082 
818 298 16 24 0.120311774 
1005 290 17 22 0.11708926 
899 275 15 19 0.113818645 
1005 282 15 18 0.105773784 
837 314 26 31 0.104160346 
858 266 16 21 0.09390021 
982 318 14 22 0.09256182 
939 363 15 18 0.082564645 
997 301 21 28 0.061112083 
932 345 14 18 0.053984907 
167 317 27 48 0.053906582 
233 306 36 60 0.050651517 
998 298 15 19 0.04385777 
746 264 26 35 0.041279797 
989 314 23 29 0.03897266 
857 271 25 30 0.037588526 
264 287 38 60 0.035628874 
972 328 16 20 0.032117397 
758 296 14 19 0.030476315 
885 323 25 33 0.03027373 
964 344 13 18 0.029023606 
751 245 37 54 0.026245529 
564 289 15 21 0.024458254 
884 273 14 20 0.023731802 
895 273 13 18 0.023487283 
924 309 14 17 0.023022946 
735 262 44 57 0.022776725 
848 316 25 31 0.022619583 
1010 277 13 18 0.022595486 
805 241 14 19 0.022587232 
970 337 16 20 0.022487724 
940 285 21 26 0.022011986 
931 280 19 24 0.021247495 
931 351 20 27 0.020387733 
564 273 11 15 0.020150186 
