7_Cheering_Cheering_7_530
188
303 163 13 17 0.9852792 
9 105 22 25 0.95981145 
956 209 15 20 0.93602955 
722 143 21 29 0.93359053 
141 142 13 16 0.8427222 
400 30 32 58 0.8037829 
817 176 18 27 0.69655234 
80 133 13 17 0.6088674 
261 176 9 11 0.29938293 
359 60 11 14 0.28997812 
858 165 20 29 0.2694566 
616 108 21 39 0.2691798 
550 195 8 10 0.2634041 
366 182 7 9 0.18656108 
118 185 10 15 0.18075906 
921 245 10 12 0.15726754 
116 146 12 14 0.1370587 
158 165 10 12 0.127976 
869 141 12 16 0.12496711 
332 77 10 13 0.12045413 
112 164 10 14 0.109693706 
249 239 11 15 0.10680094 
116 161 12 15 0.10440868 
222 186 6 8 0.10217767 
382 67 9 12 0.094393745 
71 230 11 12 0.0918071 
712 145 20 30 0.09176898 
855 154 12 17 0.09068482 
353 77 10 13 0.08845651 
651 131 27 36 0.08435183 
369 263 9 11 0.083629616 
348 259 9 11 0.07976713 
728 149 26 31 0.07836841 
358 197 9 10 0.0773682 
112 182 11 15 0.07111335 
898 222 8 11 0.06932434 
409 33 44 59 0.06878517 
218 184 8 9 0.065203935 
627 119 15 25 0.06354166 
903 195 10 14 0.05928472 
257 198 9 11 0.058130812 
109 170 10 13 0.05772497 
546 192 10 11 0.05731897 
300 126 12 16 0.056317892 
260 180 8 11 0.056110293 
908 285 29 36 0.054622144 
76 186 12 16 0.054441545 
46 241 9 13 0.052906293 
522 184 12 15 0.051578455 
312 186 13 15 0.050903145 
247 192 7 9 0.049798876 
914 237 8 11 0.04962333 
852 173 17 24 0.049415078 
914 233 7 9 0.048673995 
919 176 9 12 0.04785342 
128 198 9 13 0.047290664 
919 240 10 11 0.04610222 
361 247 8 11 0.045946978 
590 214 10 12 0.0458152 
861 147 14 20 0.04442041 
133 235 13 15 0.044269044 
805 154 15 20 0.044148415 
678 145 15 19 0.044001922 
62 188 10 14 0.043898515 
166 173 8 12 0.04247702 
867 166 15 21 0.04142736 
809 161 20 29 0.0410505 
355 83 12 14 0.040861577 
701 147 12 18 0.04013411 
134 127 9 11 0.03978763 
942 206 9 11 0.039632194 
913 176 9 12 0.038893975 
744 147 18 22 0.03880426 
933 260 10 12 0.038228575 
885 237 11 14 0.037147816 
257 205 9 10 0.03665986 
853 162 15 23 0.03617484 
908 198 9 12 0.035955183 
901 217 9 11 0.035612386 
237 198 10 12 0.03538601 
808 222 22 31 0.035167135 
297 247 10 12 0.034718547 
677 148 23 30 0.034231495 
293 123 15 19 0.034197595 
727 172 26 35 0.03417439 
822 181 24 26 0.0341601 
333 212 9 12 0.034005675 
687 188 10 13 0.033986602 
632 125 28 37 0.033182446 
240 193 7 8 0.032628227 
160 170 10 13 0.032612983 
691 146 17 22 0.032309894 
366 188 9 12 0.03222081 
111 134 9 12 0.032181386 
517 205 9 11 0.032158155 
362 39 8 10 0.031942956 
865 180 17 22 0.031454448 
294 190 9 12 0.031230731 
623 133 26 38 0.031206958 
360 192 9 11 0.031128712 
257 191 8 10 0.031021079 
166 181 9 12 0.030864047 
86 240 8 11 0.030862343 
727 196 28 38 0.030506553 
415 110 90 96 0.030386023 
919 232 7 10 0.030369552 
217 189 9 11 0.030178916 
668 144 14 19 0.029748904 
737 96 17 23 0.029680636 
377 47 9 11 0.029417168 
662 138 23 32 0.02941028 
343 7 8 9 0.029223522 
587 126 10 11 0.028658614 
362 23 8 9 0.028567841 
660 181 21 31 0.028260699 
77 174 12 14 0.028154463 
337 155 11 14 0.02808339 
189 199 10 12 0.027857693 
943 211 10 13 0.027426394 
550 220 9 10 0.027341163 
40 239 10 13 0.02730944 
159 181 10 13 0.027114172 
431 37 48 64 0.027079081 
183 199 12 14 0.027056796 
900 164 9 12 0.026712611 
352 71 10 13 0.0265966 
73 181 10 15 0.026492042 
918 238 18 25 0.026212221 
336 32 8 11 0.0261044 
309 229 10 11 0.025841413 
93 246 9 11 0.02580183 
905 182 8 11 0.02550034 
320 159 9 13 0.025481803 
78 164 11 12 0.02505049 
173 190 10 13 0.024945615 
391 20 9 12 0.024894249 
62 172 9 13 0.024787923 
90 201 25 29 0.02468151 
910 275 25 30 0.024562594 
71 178 22 26 0.024444459 
239 202 10 13 0.024380125 
874 171 11 18 0.024288468 
598 142 10 13 0.024114069 
76 193 13 16 0.02410446 
271 191 7 9 0.024065375 
172 287 11 13 0.02406094 
113 179 19 25 0.023806252 
925 182 8 10 0.023378588 
262 191 8 10 0.023366295 
123 188 11 14 0.023358148 
165 167 9 12 0.023318311 
366 197 10 12 0.023269009 
7 151 25 30 0.02326217 
362 65 12 16 0.023115607 
188 323 10 12 0.023033647 
588 189 11 16 0.02303296 
102 132 10 14 0.023026908 
536 206 8 11 0.022778975 
285 174 11 14 0.022596719 
264 247 9 10 0.022574712 
329 229 9 10 0.022533271 
101 230 11 12 0.022330135 
9 255 10 13 0.022317918 
362 30 7 10 0.022283413 
105 166 10 13 0.022084303 
92 131 12 15 0.021874396 
536 215 8 10 0.021837363 
141 151 13 15 0.021305857 
364 54 10 12 0.021167267 
168 291 11 13 0.020948479 
272 215 8 10 0.02092834 
949 181 10 13 0.020894945 
309 133 10 13 0.020887917 
677 160 15 21 0.020833962 
216 85 11 14 0.020799112 
754 154 16 22 0.02073805 
296 183 9 12 0.020679863 
943 254 24 26 0.02059974 
866 150 15 20 0.02051771 
543 214 8 11 0.02044763 
71 174 10 13 0.0204078 
54 156 13 17 0.02038171 
610 134 25 36 0.020351537 
558 221 9 11 0.020342134 
376 63 11 14 0.020163126 
345 182 8 11 0.020093858 
100 100 10 12 0.02002769 
897 228 8 11 0.020018278 
