7_Cheering_Cheering_7_687
113
571 80 53 76 0.9985904 
818 211 35 43 0.9979232 
677 378 18 24 0.7938682 
73 493 8 11 0.14851041 
224 462 10 12 0.13553865 
44 445 11 13 0.117864676 
20 479 10 13 0.10886607 
894 445 14 19 0.100557595 
778 310 27 35 0.095739484 
852 186 26 28 0.0924525 
812 442 28 30 0.09037873 
552 88 21 40 0.081615455 
814 455 32 30 0.08156047 
510 93 42 54 0.079962835 
791 469 13 15 0.07496964 
186 522 12 15 0.07417258 
47 489 9 10 0.07151932 
203 474 11 15 0.06991922 
189 464 10 12 0.06541932 
228 437 10 13 0.059592817 
157 456 9 12 0.057695102 
22 504 8 10 0.057417437 
753 446 10 13 0.054845676 
928 520 12 16 0.05444313 
96 425 10 11 0.053269852 
101 462 9 12 0.052080926 
93 487 10 12 0.04880987 
495 75 40 63 0.04727065 
199 428 9 12 0.0463684 
538 90 30 52 0.045887377 
56 463 9 11 0.044165492 
133 453 9 12 0.044094767 
83 469 10 13 0.043539535 
64 504 9 11 0.042137835 
78 428 9 10 0.041863512 
61 430 8 11 0.041373577 
153 459 10 13 0.040051263 
216 414 9 11 0.039883237 
31 463 8 10 0.039670207 
31 494 9 12 0.039362025 
31 470 10 11 0.038321726 
77 487 9 12 0.037488356 
703 333 22 31 0.037187003 
53 518 10 13 0.037106007 
80 477 10 11 0.03592586 
132 272 10 12 0.035204787 
776 327 17 23 0.03360605 
16 504 10 12 0.033071302 
711 498 13 16 0.03249635 
89 487 10 13 0.032171186 
23 509 10 12 0.032143433 
136 475 12 15 0.03180717 
70 445 9 11 0.03059811 
6 480 9 11 0.030374544 
295 453 9 10 0.02942849 
41 440 9 11 0.029372936 
487 64 29 51 0.029189762 
298 492 9 11 0.028999202 
93 310 13 17 0.02779481 
30 455 9 10 0.027679496 
39 476 8 10 0.027289612 
24 454 9 11 0.027283777 
630 232 40 47 0.027167466 
718 356 13 19 0.026765822 
88 414 9 10 0.026537163 
25 462 9 10 0.025714248 
124 502 10 12 0.025647666 
986 504 26 32 0.025075551 
152 487 10 13 0.02504164 
117 472 9 12 0.024787817 
85 464 8 10 0.024716854 
62 438 9 11 0.02460669 
8 446 9 11 0.024550742 
239 526 9 11 0.02448939 
220 414 10 11 0.02440459 
0 485 8 12 0.02433329 
103 501 11 15 0.02418786 
214 430 9 12 0.024095062 
81 465 8 9 0.024068099 
6 495 8 12 0.024025625 
191 487 11 13 0.024002278 
205 447 11 14 0.023814939 
818 467 19 21 0.023606304 
6 485 9 12 0.02357867 
537 477 31 33 0.023275783 
317 455 9 11 0.02322915 
63 456 8 11 0.022875533 
200 451 11 13 0.02242455 
756 449 15 20 0.022364119 
87 503 9 11 0.022271737 
31 447 9 10 0.02189658 
182 510 9 10 0.021860303 
996 514 13 16 0.021833109 
661 501 16 21 0.021769313 
752 365 26 31 0.021634147 
529 38 19 22 0.02161527 
112 471 10 12 0.021469796 
56 438 9 11 0.021436965 
220 301 10 13 0.02140885 
142 485 10 12 0.021376986 
168 437 9 11 0.021130813 
730 110 12 14 0.020858735 
55 469 9 12 0.020598697 
144 503 10 12 0.020566626 
1 461 8 12 0.020503078 
178 510 8 12 0.020405708 
23 449 9 9 0.020379389 
0 493 9 14 0.020335712 
61 461 9 11 0.020240644 
232 416 9 11 0.020234857 
190 424 9 11 0.02011292 
30 475 10 12 0.020109639 
230 433 10 11 0.020104678 
