7_Cheering_Cheering_7_884
20
824 190 60 85 0.9992913 
465 117 87 131 0.9978923 
322 182 71 100 0.9974154 
187 430 35 46 0.98986024 
164 363 27 31 0.9330626 
996 337 22 29 0.8961088 
19 269 49 63 0.047873303 
43 272 50 64 0.043295216 
-1 311 29 47 0.03435123 
19 99 84 102 0.033261046 
15 391 89 127 0.031484067 
553 5 17 23 0.03061789 
988 325 34 51 0.030064257 
23 289 30 38 0.028560525 
137 174 45 51 0.026863962 
993 419 31 54 0.025289387 
883 195 45 60 0.024871342 
2 288 42 64 0.024616819 
195 309 13 14 0.020226454 
386 160 51 75 0.020190429 
