7_Cheering_Cheering_7_427
53
471 86 62 74 0.9991825 
123 77 64 82 0.99850285 
830 75 70 83 0.99657106 
412 501 11 13 0.15685354 
430 502 9 12 0.07953335 
751 494 11 14 0.07859825 
918 521 12 16 0.06874394 
757 496 10 13 0.061791 
378 478 13 15 0.05954857 
435 486 11 13 0.05869439 
438 519 12 15 0.05707265 
417 485 10 12 0.056688216 
936 534 9 12 0.05273891 
433 491 10 13 0.0496993 
422 502 10 13 0.047971472 
393 462 9 11 0.047033958 
389 493 11 14 0.04068456 
432 520 11 13 0.039884977 
850 487 8 10 0.037310623 
408 505 11 15 0.036475193 
261 154 15 20 0.035566896 
394 468 9 12 0.035090104 
789 495 9 11 0.034490563 
444 467 10 12 0.033279214 
620 501 11 12 0.032734707 
766 477 9 12 0.03197637 
824 462 8 11 0.031280402 
390 487 12 14 0.030065283 
407 471 10 12 0.02996726 
463 455 42 58 0.029679557 
486 431 10 12 0.02920054 
888 493 9 10 0.028899297 
855 493 9 11 0.028520387 
913 486 8 9 0.028243214 
959 500 9 13 0.026972665 
424 520 9 12 0.025416473 
431 429 9 12 0.025249466 
435 390 9 12 0.024947068 
399 471 9 11 0.024749301 
802 503 9 11 0.023992488 
415 407 9 11 0.023468679 
864 503 7 10 0.0230579 
871 486 8 11 0.022592476 
918 486 8 9 0.022305295 
413 413 10 11 0.022015411 
853 487 9 12 0.021905733 
877 503 9 11 0.021884348 
257 175 17 23 0.021701386 
45 756 12 11 0.021056011 
413 462 9 10 0.020853523 
444 408 9 12 0.020736 
407 491 20 26 0.020467397 
449 392 8 10 0.020434026 
