7_Cheering_Cheering_7_29
1413
443 170 14 17 0.99003345 
889 216 15 20 0.9839085 
811 370 14 17 0.9638658 
977 337 14 19 0.9448246 
908 127 13 18 0.9333585 
571 219 15 19 0.91944337 
899 351 15 20 0.9127631 
21 152 16 19 0.9055446 
271 106 12 15 0.88575083 
936 117 11 15 0.8547569 
205 93 11 15 0.8482126 
590 97 11 14 0.8431581 
245 46 10 12 0.84260666 
962 300 13 17 0.83615935 
883 368 15 19 0.8294485 
533 139 11 13 0.8223383 
591 125 13 17 0.80472076 
605 83 10 13 0.7936642 
619 179 13 17 0.7864017 
278 87 10 12 0.7757852 
380 116 14 17 0.757675 
340 131 14 16 0.7437092 
678 118 12 14 0.7343336 
218 70 9 11 0.72461545 
803 278 13 17 0.7103748 
325 274 15 19 0.6942971 
880 249 12 15 0.6901137 
707 101 13 16 0.68534696 
679 178 14 17 0.6566659 
155 267 15 17 0.6423863 
822 98 10 13 0.6260979 
921 95 9 12 0.61929125 
904 83 11 13 0.61284554 
684 272 16 19 0.60771924 
622 112 14 17 0.6064435 
173 77 10 13 0.5917075 
224 141 11 14 0.5878202 
254 229 14 18 0.5878179 
410 200 14 17 0.58609027 
761 130 12 15 0.58522415 
255 138 16 19 0.5782075 
1003 333 15 19 0.57541907 
766 326 14 18 0.5744882 
94 294 12 14 0.5737858 
802 101 9 13 0.5646524 
725 163 14 17 0.5589392 
1005 88 10 12 0.55713487 
41 357 12 15 0.53832877 
719 117 12 16 0.52744853 
1000 188 12 15 0.5242601 
436 126 12 17 0.5151824 
192 160 12 17 0.5148822 
193 119 9 12 0.5090741 
551 90 12 14 0.48380163 
44 307 14 19 0.47944784 
836 340 16 18 0.47615796 
517 86 11 13 0.4632576 
408 328 11 12 0.45869538 
68 277 13 17 0.45817226 
195 274 12 14 0.44652137 
705 291 23 25 0.4385637 
454 338 11 13 0.43218243 
76 75 10 13 0.42793074 
165 147 9 12 0.42261627 
664 55 10 13 0.4186274 
356 245 12 15 0.41832653 
972 93 12 15 0.40848377 
310 87 10 12 0.40817863 
823 166 13 16 0.4026014 
172 109 11 14 0.39902672 
669 77 11 15 0.39573133 
901 326 12 16 0.39185447 
211 243 11 13 0.38454282 
100 213 13 17 0.38406456 
994 222 14 17 0.3770659 
127 269 13 16 0.3765115 
968 92 10 14 0.37475568 
909 175 13 15 0.37328836 
788 213 13 15 0.3724059 
823 268 13 16 0.36881948 
855 212 11 13 0.36192647 
697 132 11 14 0.36108238 
151 114 10 12 0.35410306 
976 194 13 15 0.3455342 
950 252 11 15 0.33598334 
613 361 11 13 0.3358552 
415 352 10 13 0.334101 
477 334 13 16 0.33313578 
479 308 12 15 0.332947 
79 155 11 15 0.33055308 
936 295 13 16 0.3182175 
371 152 15 20 0.31520832 
943 93 11 14 0.3114176 
40 94 10 13 0.3059975 
556 88 10 13 0.3050709 
927 226 12 16 0.30046883 
767 268 13 16 0.29821348 
844 96 10 12 0.2972935 
513 87 10 13 0.2965075 
111 129 12 15 0.29294565 
247 103 9 12 0.2843219 
888 173 11 14 0.2841121 
559 187 12 14 0.28209904 
445 80 11 13 0.2765501 
670 242 24 27 0.2761995 
103 331 11 15 0.27245873 
168 118 9 11 0.27021328 
922 285 13 15 0.27020097 
350 342 10 13 0.26958284 
515 279 14 15 0.26821965 
979 123 10 14 0.2681128 
607 100 10 13 0.2664714 
66 335 12 13 0.26638123 
372 296 11 13 0.2642457 
505 81 8 10 0.26330528 
319 276 13 16 0.26091817 
84 148 11 15 0.2597332 
403 295 11 13 0.25639805 
161 142 10 13 0.25595045 
270 161 24 28 0.25502184 
1012 205 10 15 0.25350598 
823 233 13 17 0.2531462 
466 358 13 15 0.2506891 
888 90 11 15 0.2499578 
289 208 14 17 0.24333672 
72 91 10 12 0.23755851 
331 57 12 15 0.23672262 
237 301 8 11 0.23577413 
166 325 11 14 0.228399 
973 213 15 18 0.22782278 
622 207 21 27 0.22561485 
379 200 16 20 0.21837239 
249 292 11 14 0.21820764 
855 125 11 12 0.21590598 
949 165 9 12 0.21059072 
2 114 12 15 0.21012965 
766 284 10 12 0.2071727 
577 127 11 14 0.20617135 
200 462 25 30 0.20550872 
658 104 14 17 0.20545678 
504 215 10 13 0.20530997 
922 140 11 15 0.20376211 
708 96 11 13 0.1992831 
826 294 12 14 0.1991497 
119 245 11 15 0.197535 
536 102 10 13 0.19678146 
44 348 15 18 0.19222492 
766 487 25 24 0.19174318 
880 109 12 15 0.19109423 
960 117 10 13 0.1897849 
676 76 11 14 0.18971974 
98 312 13 17 0.18948165 
497 107 10 14 0.18848215 
620 133 14 18 0.18748815 
950 189 11 14 0.18708906 
312 112 10 13 0.1870786 
153 318 11 13 0.18406656 
909 100 10 12 0.18336183 
37 167 13 16 0.18277687 
523 155 10 13 0.1820708 
387 311 11 13 0.1818845 
624 87 10 12 0.18181914 
309 229 16 21 0.18072073 
62 361 12 14 0.18071283 
157 102 9 11 0.17852896 
880 55 11 14 0.17835222 
960 86 8 11 0.17810932 
990 100 10 12 0.17761755 
666 156 16 19 0.17733024 
318 109 10 14 0.17508717 
678 139 13 15 0.17495114 
366 363 13 18 0.17024173 
854 94 8 10 0.16907357 
469 310 13 16 0.16863884 
605 237 14 17 0.16827527 
90 91 9 13 0.16792807 
920 196 12 14 0.16354881 
368 299 11 13 0.16205281 
904 172 12 16 0.16105863 
737 106 10 13 0.15998898 
758 109 12 14 0.1594872 
845 233 13 16 0.15918538 
559 107 9 12 0.15854879 
355 88 14 16 0.1577929 
779 102 12 14 0.15770844 
479 169 12 15 0.15769124 
0 338 13 21 0.1573251 
262 92 9 12 0.15477346 
607 211 13 17 0.15429722 
73 126 9 14 0.1511898 
885 114 9 12 0.1509904 
17 294 14 16 0.15054932 
916 131 12 15 0.14875343 
253 73 12 15 0.1477322 
422 306 11 13 0.14717487 
646 139 10 14 0.14680299 
925 384 12 16 0.14641984 
520 110 11 13 0.14495344 
611 242 14 15 0.14470463 
702 319 15 18 0.14467461 
160 295 10 14 0.14348388 
737 62 9 12 0.14141867 
353 182 10 13 0.14068945 
489 275 11 14 0.13955759 
101 205 12 15 0.13952509 
695 70 11 14 0.13936163 
807 211 11 14 0.13926978 
240 263 8 11 0.13646853 
351 92 12 14 0.13559802 
564 158 11 14 0.13478433 
837 202 11 14 0.13463254 
199 318 12 14 0.13165787 
999 262 11 14 0.13162558 
45 98 10 14 0.1305931 
775 310 11 15 0.12938796 
535 255 14 20 0.1290291 
192 152 10 12 0.12585947 
767 100 9 12 0.124032386 
615 420 11 14 0.12362218 
551 188 12 14 0.12346779 
200 70 8 11 0.12320335 
739 139 13 18 0.12310121 
670 100 11 13 0.122099645 
924 133 10 12 0.12021802 
774 316 13 18 0.12015205 
448 318 10 13 0.12006687 
85 316 13 16 0.11977649 
1011 92 12 15 0.118524015 
724 121 12 14 0.118397646 
648 243 12 15 0.11829573 
614 174 14 17 0.11743098 
652 63 10 13 0.11718942 
495 291 11 13 0.116558485 
524 115 10 13 0.116375595 
503 267 10 12 0.11612081 
507 219 13 15 0.11559726 
976 120 11 13 0.11514062 
582 124 10 14 0.11491869 
577 110 8 11 0.114785165 
821 215 15 17 0.11422385 
675 130 14 17 0.113516 
869 92 9 12 0.112639 
216 118 10 11 0.112584665 
84 333 13 16 0.112275146 
784 89 10 12 0.11189414 
473 253 11 14 0.111384176 
8 56 8 10 0.11131897 
120 101 9 11 0.1112643 
100 180 16 20 0.110991806 
262 300 12 15 0.11004388 
406 343 11 13 0.10972729 
919 191 10 13 0.10960913 
564 182 12 14 0.10921087 
675 306 15 21 0.10911079 
171 375 12 14 0.10860247 
888 270 11 14 0.10794919 
77 225 14 16 0.10789624 
612 280 24 28 0.10775656 
695 61 10 12 0.10731733 
352 402 12 15 0.107214265 
459 333 10 14 0.10703418 
378 46 10 13 0.10673704 
232 326 10 14 0.10631676 
862 249 13 16 0.10602709 
840 318 14 15 0.10458151 
280 243 12 15 0.10429579 
456 140 12 15 0.10316256 
725 79 8 11 0.10298839 
585 101 10 12 0.10281175 
341 145 15 19 0.10253656 
595 99 11 15 0.10227272 
860 212 11 14 0.10198839 
423 341 11 13 0.10168059 
457 120 10 12 0.10151081 
436 199 10 13 0.1013449 
985 100 10 12 0.10051316 
190 47 8 11 0.09983514 
933 352 15 17 0.09971683 
696 158 10 13 0.09862402 
42 171 12 14 0.09827069 
356 276 13 15 0.098198675 
486 204 10 13 0.09797013 
492 186 12 15 0.096597336 
45 71 11 14 0.09604743 
837 180 10 14 0.095878944 
125 102 9 11 0.09515668 
501 104 10 12 0.094606474 
325 103 10 13 0.09433111 
135 116 10 13 0.093588024 
379 183 16 20 0.0934566 
442 131 11 13 0.093061864 
36 263 12 13 0.09283851 
244 70 14 16 0.09220711 
317 184 14 17 0.091805436 
480 84 10 11 0.091754794 
324 107 12 16 0.09154028 
741 62 9 11 0.09118129 
278 130 12 15 0.09089199 
941 134 9 12 0.090658404 
780 135 9 11 0.0906533 
827 229 14 17 0.09054755 
274 100 14 19 0.090216786 
961 123 10 13 0.08924606 
816 308 11 14 0.089039154 
652 38 10 13 0.088800654 
159 24 9 13 0.08867965 
813 212 11 14 0.08842259 
612 85 11 13 0.088313684 
255 108 8 11 0.08824961 
649 42 13 17 0.08798143 
215 124 10 12 0.08773689 
85 339 14 17 0.08752695 
672 125 13 14 0.08731713 
373 332 11 12 0.08714908 
680 243 17 19 0.08681686 
968 285 12 13 0.086476855 
302 71 8 10 0.086226 
759 104 10 11 0.086037606 
966 87 10 13 0.08589692 
840 234 10 15 0.08567851 
285 130 12 14 0.08491192 
552 111 9 11 0.084911056 
135 134 9 12 0.08483105 
542 86 10 12 0.08473959 
57 80 9 11 0.0846941 
679 252 24 28 0.0841059 
169 319 10 13 0.08388299 
261 70 9 12 0.083746955 
884 326 11 13 0.08327549 
924 203 14 16 0.083189204 
914 177 14 16 0.08318127 
453 84 10 12 0.08287291 
289 51 9 12 0.08257 
408 349 10 12 0.082515836 
777 106 10 13 0.082408614 
74 85 12 14 0.08227447 
660 285 12 16 0.082053885 
533 224 14 17 0.08165563 
864 103 10 12 0.08140257 
801 96 10 13 0.08136166 
630 370 13 15 0.08087852 
75 130 12 17 0.080794804 
664 304 24 30 0.08056852 
525 199 12 14 0.08028533 
308 264 13 15 0.080274805 
390 143 14 16 0.08009764 
390 161 13 17 0.08008578 
966 125 9 12 0.07995492 
311 181 13 17 0.07987262 
676 156 12 14 0.079804994 
626 136 17 20 0.079430684 
733 235 13 17 0.079363935 
21 125 10 11 0.07933855 
112 348 10 13 0.079295814 
372 278 9 13 0.0790498 
957 111 10 12 0.07887049 
848 291 12 15 0.078591004 
416 408 9 11 0.078580305 
6 141 10 12 0.078486405 
239 97 10 12 0.078411035 
265 109 11 14 0.07809385 
849 275 12 16 0.07797765 
923 98 11 13 0.07794525 
1007 98 9 12 0.07785922 
152 322 13 17 0.07758496 
118 406 13 17 0.07739401 
1003 195 14 16 0.07735228 
678 145 12 17 0.07734 
883 332 11 14 0.07709736 
110 341 10 13 0.076764956 
377 93 10 13 0.076720685 
183 79 9 12 0.076142415 
876 261 12 15 0.07584738 
384 405 12 14 0.07568045 
508 149 11 15 0.07552948 
726 180 13 16 0.07543157 
462 62 11 11 0.07536746 
441 83 11 13 0.07533257 
207 192 12 15 0.07509101 
485 181 12 16 0.07505949 
765 333 16 21 0.07483541 
581 108 11 14 0.07455582 
727 361 13 16 0.07445414 
137 111 9 12 0.07425061 
551 129 12 15 0.07409488 
856 131 12 14 0.0740298 
16 325 11 15 0.07360215 
956 335 9 12 0.07355858 
951 87 10 12 0.07349901 
49 143 8 11 0.07349601 
525 181 11 14 0.07331718 
284 254 11 14 0.07307192 
202 99 10 12 0.072934896 
189 79 8 11 0.07282588 
303 328 14 18 0.072570875 
618 288 15 17 0.072567515 
417 355 13 15 0.07256017 
903 93 12 16 0.07255449 
344 99 11 14 0.072450705 
239 70 13 15 0.07185041 
420 348 13 16 0.07164229 
158 136 11 13 0.07163195 
757 259 12 14 0.07139656 
959 275 10 12 0.070911445 
768 38 10 13 0.07064747 
158 117 10 12 0.07056774 
560 162 12 14 0.07051698 
545 93 11 13 0.070409425 
955 253 12 16 0.07039993 
620 121 16 19 0.07021972 
891 275 12 14 0.0700974 
222 109 10 12 0.06995698 
502 181 13 17 0.06894132 
635 138 15 18 0.06888899 
734 122 11 13 0.06795559 
716 188 10 13 0.0679401 
533 172 13 17 0.06768473 
479 177 14 17 0.067667015 
31 88 9 10 0.06763432 
799 159 10 11 0.067479596 
306 211 12 14 0.06731018 
399 344 9 11 0.06721109 
945 186 12 16 0.067208104 
30 93 11 13 0.06711318 
1002 93 9 12 0.06701339 
188 84 9 11 0.06670339 
544 189 11 14 0.066071175 
318 253 11 13 0.06604737 
414 343 11 14 0.06596423 
765 150 13 17 0.065894224 
303 205 11 15 0.06580056 
655 467 13 15 0.065576985 
965 118 9 12 0.065042146 
1007 116 8 11 0.06488417 
983 95 10 13 0.06474993 
173 318 9 11 0.06466811 
469 64 11 12 0.06452058 
509 264 10 12 0.06451029 
132 259 14 17 0.0638868 
660 125 11 14 0.06370453 
308 325 14 17 0.063703485 
145 155 9 11 0.06368192 
814 477 11 13 0.06355212 
170 73 9 11 0.06318935 
951 103 10 11 0.0631827 
685 149 10 13 0.06300427 
113 99 9 12 0.06298067 
144 95 8 11 0.06287468 
731 168 13 15 0.06264491 
660 140 13 14 0.061611935 
1002 183 15 17 0.06153663 
186 217 17 21 0.06131288 
691 291 15 19 0.061258443 
829 171 11 14 0.060759857 
272 79 9 11 0.060738023 
978 217 13 17 0.060602795 
80 322 14 16 0.060532313 
474 339 12 14 0.060413714 
618 252 13 17 0.060181756 
598 440 9 12 0.060073644 
502 114 9 12 0.059998084 
173 105 9 12 0.059973028 
940 140 13 16 0.059952598 
803 234 13 14 0.059912045 
460 123 11 12 0.059665706 
949 269 10 15 0.05948132 
768 207 10 13 0.059410073 
718 168 15 18 0.059250105 
711 115 12 16 0.05911797 
206 249 14 17 0.058924526 
205 108 10 12 0.0589175 
785 494 12 13 0.058851454 
917 201 15 18 0.058789507 
481 203 10 13 0.05873305 
116 346 12 16 0.058522232 
206 239 19 23 0.058347583 
254 297 13 15 0.05832029 
893 206 12 15 0.058103874 
155 109 11 14 0.058052562 
835 116 11 14 0.057973955 
328 78 10 14 0.057578318 
117 119 10 12 0.057567257 
816 218 11 15 0.05733893 
134 94 9 12 0.057262916 
134 87 8 11 0.05722324 
240 296 10 13 0.057208136 
278 259 12 14 0.057189845 
628 89 11 14 0.05712735 
791 295 9 13 0.05708764 
492 200 14 17 0.05690818 
957 104 8 10 0.05669829 
80 331 13 15 0.056555666 
207 141 11 14 0.056543007 
925 146 10 13 0.056510296 
810 275 14 17 0.056485217 
483 166 11 13 0.056368113 
492 271 10 13 0.056198847 
927 125 10 14 0.05616378 
440 334 9 13 0.05598836 
113 109 9 11 0.05594885 
543 119 9 11 0.055574175 
380 158 14 19 0.055562142 
798 236 13 15 0.05549519 
457 60 11 12 0.055459656 
454 370 12 16 0.05521452 
382 333 11 13 0.05520088 
654 139 12 15 0.055112954 
293 131 11 13 0.05509757 
880 104 9 13 0.05493793 
317 259 12 14 0.05486498 
930 221 14 18 0.054740038 
535 95 9 12 0.0547336 
670 108 11 14 0.054552883 
991 149 11 13 0.054198153 
667 148 14 17 0.054131944 
418 136 15 18 0.05411046 
454 246 13 16 0.054021716 
481 338 15 17 0.053933058 
530 135 10 14 0.053927552 
685 298 12 17 0.053866 
164 300 9 13 0.05384996 
998 201 13 17 0.053747386 
763 117 11 14 0.05335475 
350 186 14 17 0.053319696 
157 282 12 15 0.053309828 
450 339 10 13 0.053274274 
538 86 8 10 0.05321646 
221 123 11 13 0.053199437 
999 100 8 11 0.052960075 
313 131 11 15 0.052910518 
391 95 11 13 0.052746482 
520 104 9 11 0.052715544 
564 175 13 16 0.052666772 
375 268 9 12 0.05260807 
524 187 11 12 0.05260801 
351 318 10 12 0.05254054 
295 77 9 11 0.05250393 
338 165 14 17 0.052468736 
142 140 9 10 0.052262846 
791 125 9 12 0.052200112 
77 405 12 14 0.052134514 
184 149 9 11 0.052081898 
542 106 9 12 0.052039493 
566 108 8 11 0.052032486 
897 341 16 20 0.05201955 
399 116 13 15 0.051923834 
893 87 10 13 0.051916845 
852 297 13 15 0.051875524 
407 94 10 12 0.05184821 
616 109 11 15 0.051691163 
891 176 12 15 0.05154483 
345 347 11 14 0.05151667 
478 328 14 15 0.051491126 
717 180 13 16 0.05143405 
398 99 11 13 0.051325966 
796 219 13 17 0.05128479 
379 51 12 14 0.051101394 
967 68 9 12 0.05106344 
645 117 10 14 0.051057167 
638 123 12 15 0.051051702 
471 290 12 14 0.050981548 
639 107 9 12 0.050924014 
827 100 9 13 0.05089736 
78 138 12 15 0.050680272 
366 170 12 17 0.050645035 
13 92 8 12 0.050618265 
274 146 16 17 0.05057718 
535 235 11 13 0.050513938 
896 329 14 17 0.050048314 
185 116 9 11 0.050016582 
386 197 14 18 0.049915876 
1009 165 11 13 0.049771883 
110 77 12 16 0.049663235 
161 156 10 12 0.049519602 
96 69 10 13 0.04942659 
508 174 10 13 0.049418278 
804 272 13 15 0.049240142 
202 191 9 13 0.049199067 
610 204 19 25 0.04884059 
333 181 10 13 0.048831124 
563 439 10 12 0.048769772 
32 269 12 15 0.048679594 
54 261 12 14 0.04860382 
817 96 11 13 0.04853212 
544 156 11 14 0.04850148 
790 61 8 11 0.048280522 
368 283 11 14 0.048084285 
695 282 25 29 0.048028965 
741 359 13 18 0.0479554 
303 227 14 19 0.047849085 
323 348 11 15 0.047762256 
66 439 13 14 0.04754122 
197 241 14 18 0.047521587 
796 213 11 15 0.047510073 
452 380 12 14 0.047477018 
772 213 13 15 0.047392942 
655 310 22 28 0.047325388 
452 308 10 14 0.04732374 
69 259 17 18 0.047221515 
519 201 12 16 0.047156744 
166 122 9 11 0.047137357 
998 326 14 18 0.047071137 
41 77 8 11 0.046788182 
362 128 15 18 0.04661252 
188 261 14 18 0.046465907 
328 65 11 14 0.046424374 
454 347 11 13 0.046373293 
366 158 14 20 0.046212893 
972 203 15 17 0.046132397 
270 91 13 16 0.045698766 
89 296 13 17 0.04559252 
550 228 11 15 0.045456704 
947 91 12 14 0.04544729 
478 343 13 15 0.045315083 
174 188 10 14 0.04530241 
130 55 8 11 0.045287486 
388 332 10 13 0.045206513 
941 243 11 15 0.045185816 
763 138 12 13 0.045042343 
606 169 15 19 0.045034535 
668 289 14 18 0.045010116 
142 115 10 13 0.044996973 
303 181 10 15 0.04489052 
741 234 12 17 0.044560514 
430 120 13 17 0.04437512 
366 307 11 13 0.04435814 
850 230 13 16 0.04430895 
38 87 9 12 0.044196755 
68 268 17 20 0.0441552 
126 372 11 14 0.043832123 
315 84 11 14 0.04374744 
824 140 10 14 0.043738082 
248 233 13 17 0.043701444 
58 83 13 14 0.043687705 
0 317 8 14 0.043684557 
686 156 10 12 0.04354903 
830 131 13 16 0.04341918 
716 110 12 16 0.043403015 
151 95 8 11 0.043401595 
335 172 11 14 0.04332732 
691 235 16 17 0.043323368 
589 444 11 13 0.043235783 
303 221 12 14 0.043137077 
162 275 12 14 0.043128278 
870 211 11 15 0.043126386 
849 123 11 14 0.043021135 
357 106 12 14 0.04292686 
305 89 11 15 0.042919323 
17 126 10 12 0.042855404 
538 140 11 14 0.04257117 
835 125 12 14 0.042517096 
36 241 14 18 0.04251049 
712 124 9 12 0.04246821 
1005 194 20 26 0.04246818 
687 412 13 19 0.042412233 
92 329 14 18 0.042310085 
949 337 14 17 0.042274944 
373 98 12 16 0.042233746 
669 139 14 16 0.042163458 
894 294 13 16 0.042123348 
540 220 12 16 0.042042572 
375 109 12 15 0.04200779 
455 326 10 12 0.041937552 
0 324 8 14 0.041754212 
1011 86 11 14 0.041639987 
550 172 11 14 0.041639682 
384 267 11 14 0.041469757 
777 322 13 18 0.04146262 
749 146 11 17 0.041424576 
454 291 9 13 0.04129956 
233 245 11 15 0.04129909 
339 135 20 23 0.04129813 
378 148 14 19 0.041274708 
393 348 9 12 0.04122754 
868 100 11 14 0.0412177 
168 104 10 11 0.041114427 
344 188 11 14 0.041100252 
488 281 12 16 0.04107258 
480 91 11 13 0.04105946 
197 283 11 12 0.040997904 
395 371 11 15 0.040980417 
27 160 15 17 0.04087681 
661 146 15 17 0.040854387 
523 282 12 14 0.04083224 
671 73 11 13 0.040769562 
373 142 13 16 0.040737424 
247 166 11 15 0.04073726 
775 95 10 13 0.04070175 
945 158 9 11 0.04062111 
717 146 12 16 0.040586222 
876 205 11 16 0.04046732 
274 85 19 22 0.040356092 
577 118 10 13 0.040302314 
312 276 12 16 0.040203806 
894 167 11 15 0.040195573 
95 252 13 17 0.040155277 
370 367 14 17 0.040115573 
168 311 8 11 0.0400847 
796 370 14 17 0.040035997 
798 226 14 17 0.04001321 
760 329 15 19 0.03992834 
110 137 12 14 0.039896194 
5 146 12 15 0.039814398 
88 99 9 12 0.039781194 
325 181 11 15 0.039768 
176 407 10 13 0.03973881 
180 317 9 12 0.039730534 
344 124 16 20 0.03968719 
723 289 15 19 0.039652247 
459 135 11 13 0.03959216 
393 367 10 13 0.039494913 
848 283 12 17 0.039482716 
688 404 12 17 0.039470606 
947 170 12 14 0.03945823 
432 443 11 12 0.039379213 
100 193 15 19 0.039296076 
40 301 12 16 0.039284892 
486 118 12 14 0.039270993 
664 412 11 12 0.039266918 
807 124 12 14 0.039255016 
668 252 18 22 0.039209228 
183 94 10 13 0.03908984 
733 402 16 20 0.03908857 
364 101 13 17 0.03898911 
473 134 11 14 0.03894065 
654 310 11 15 0.038874317 
462 101 10 12 0.0388504 
349 192 14 19 0.038816653 
578 224 14 16 0.03879426 
798 293 11 14 0.03878085 
176 436 12 15 0.03872356 
585 361 9 12 0.038705833 
1010 188 12 15 0.038669083 
1007 138 11 14 0.038612753 
303 383 10 13 0.03860929 
136 102 9 10 0.03855295 
917 167 11 13 0.03832127 
93 348 12 15 0.038170613 
233 260 10 13 0.038143676 
909 292 11 13 0.038140606 
120 269 14 15 0.038097113 
207 69 9 12 0.037848245 
118 97 9 12 0.037817795 
217 146 10 13 0.03777972 
803 216 14 19 0.037749983 
526 164 10 14 0.037683025 
125 185 14 19 0.03766395 
30 274 13 16 0.037624206 
870 88 10 12 0.037605304 
158 96 9 11 0.03757372 
211 92 12 16 0.037513275 
594 119 15 18 0.037454713 
542 213 11 15 0.037431974 
863 220 9 12 0.037237514 
422 336 11 13 0.037206907 
376 87 9 12 0.03717969 
782 216 15 17 0.03714196 
0 201 10 16 0.037097078 
55 133 8 10 0.036909595 
523 87 9 11 0.036876824 
911 206 12 15 0.036706906 
335 126 13 18 0.03668562 
174 287 10 15 0.03664475 
737 135 11 14 0.036591426 
217 292 9 12 0.03657334 
437 364 10 12 0.03654229 
690 242 15 18 0.03650367 
884 98 13 16 0.036496885 
918 379 15 19 0.036447287 
550 165 10 12 0.03634288 
689 265 23 27 0.036192603 
297 70 9 11 0.03614265 
980 237 11 14 0.03612883 
766 287 13 18 0.036123946 
741 124 9 12 0.0361105 
111 243 14 19 0.03609021 
854 99 10 13 0.036086347 
614 445 8 10 0.035969514 
846 298 12 16 0.03592715 
471 139 13 18 0.03586467 
658 282 22 29 0.03580394 
478 70 9 11 0.0357743 
940 497 14 14 0.03558953 
181 259 12 17 0.035507105 
566 193 12 14 0.035465218 
570 187 12 15 0.035450473 
758 147 13 18 0.035405356 
10 266 14 17 0.035401113 
611 164 14 20 0.035385832 
836 318 20 26 0.03538071 
509 80 9 12 0.035209473 
237 318 12 15 0.03518137 
675 276 20 27 0.03517653 
183 112 9 12 0.03514729 
643 326 12 15 0.03514068 
991 325 12 15 0.03512709 
769 325 19 25 0.03511909 
332 109 12 17 0.035065442 
93 371 14 17 0.035010386 
461 325 11 14 0.034992237 
683 306 13 20 0.03495753 
165 282 11 14 0.034881808 
815 233 13 16 0.03485086 
619 204 17 22 0.034847256 
477 239 12 14 0.03482946 
196 404 11 13 0.034766044 
39 195 14 18 0.034723252 
128 95 9 12 0.034575656 
822 316 10 13 0.03454766 
527 218 16 19 0.03454583 
540 134 11 14 0.03452556 
761 266 12 16 0.034428272 
883 339 14 19 0.03433794 
232 252 10 13 0.034310028 
856 177 13 15 0.034293883 
770 260 15 18 0.034170624 
718 157 12 17 0.03416817 
528 172 11 17 0.03405743 
869 251 12 16 0.034020964 
646 340 10 15 0.0339935 
792 246 10 13 0.03399233 
190 113 19 24 0.033986505 
783 127 10 13 0.033974007 
720 83 9 11 0.03397207 
519 123 10 14 0.033912376 
535 274 13 17 0.03388829 
698 163 11 15 0.0338634 
79 100 10 12 0.03384265 
944 202 11 15 0.033834312 
940 238 10 14 0.03381863 
557 173 14 16 0.03381455 
205 257 14 16 0.033765916 
391 341 9 13 0.03373576 
1008 238 12 14 0.033700217 
355 348 11 14 0.033667907 
1004 333 22 30 0.033643283 
134 69 9 12 0.03362126 
536 126 10 13 0.03356546 
693 94 10 13 0.033492636 
782 293 12 14 0.033420227 
353 282 11 13 0.03336671 
519 242 13 18 0.03333895 
460 250 11 15 0.033321876 
999 118 9 11 0.033314224 
688 101 10 11 0.033260997 
8 102 9 11 0.03305379 
742 330 12 16 0.033032905 
653 50 12 15 0.032985676 
32 256 21 25 0.032972798 
343 144 23 28 0.032870986 
668 171 13 17 0.032847468 
753 109 11 13 0.03276241 
320 104 11 14 0.032737505 
103 69 10 13 0.03273338 
555 228 13 16 0.03270478 
548 194 13 16 0.032541465 
342 107 12 15 0.032533836 
1013 158 11 15 0.032529995 
958 165 10 13 0.032513462 
929 156 10 13 0.032432172 
335 327 10 13 0.03238347 
221 102 10 12 0.032361977 
360 357 11 14 0.032341648 
952 108 11 13 0.032162108 
214 98 10 13 0.03203777 
737 84 11 13 0.032014966 
750 228 12 17 0.03200536 
618 245 13 16 0.031965803 
110 70 10 15 0.03194632 
463 65 13 14 0.031861708 
776 138 10 13 0.031805843 
646 283 12 16 0.031784546 
505 154 12 16 0.031752605 
368 326 12 15 0.031698972 
25 92 10 13 0.03166136 
237 236 13 17 0.031610783 
144 196 11 16 0.03148895 
169 72 19 23 0.03143132 
742 40 8 11 0.031399492 
901 286 11 14 0.03136615 
461 166 10 15 0.03132344 
1013 141 9 13 0.031158177 
220 468 14 18 0.031141605 
845 444 13 20 0.031140234 
774 253 12 14 0.03112877 
71 71 19 22 0.031081086 
901 147 10 14 0.031039936 
93 76 12 14 0.030918859 
902 167 11 14 0.030909928 
105 84 9 13 0.03090843 
236 253 11 14 0.030906137 
629 290 13 16 0.030867163 
142 100 9 12 0.03086449 
567 151 11 14 0.030823437 
871 266 12 15 0.030791175 
233 101 9 12 0.030648662 
504 223 13 17 0.030637836 
731 357 15 18 0.030585699 
699 235 13 16 0.030501038 
351 175 11 14 0.030484896 
237 171 14 16 0.030468484 
936 138 12 15 0.030446721 
60 259 14 16 0.030396808 
534 144 11 15 0.030310623 
803 105 12 15 0.030232064 
966 111 10 12 0.030229393 
454 98 11 15 0.030215356 
736 57 9 11 0.030199725 
453 301 10 14 0.030190507 
471 128 10 12 0.030134656 
413 132 15 19 0.030093042 
940 113 11 13 0.030089097 
169 83 10 12 0.030047446 
657 322 26 30 0.030020742 
336 421 11 13 0.030011246 
670 299 13 17 0.029980777 
89 318 19 24 0.029918736 
182 335 10 14 0.029893687 
155 29 10 13 0.029885933 
495 212 11 14 0.029859822 
833 204 11 15 0.02985469 
405 287 12 14 0.029795278 
97 326 19 24 0.029783279 
895 251 11 15 0.029771786 
896 412 13 16 0.029756883 
569 125 9 13 0.02968433 
540 172 12 16 0.029668821 
398 122 12 16 0.029646974 
40 293 10 14 0.029640261 
693 108 11 14 0.029593099 
454 236 13 15 0.029513655 
997 255 13 16 0.029469498 
454 328 18 24 0.029429898 
911 158 10 11 0.029409004 
118 150 12 14 0.029390277 
770 284 13 15 0.029306391 
700 127 13 16 0.029284112 
47 117 8 11 0.029247178 
814 268 14 17 0.02918475 
871 300 13 18 0.029144771 
975 224 12 15 0.029087259 
393 156 16 19 0.029082125 
242 42 18 22 0.029041499 
669 405 14 17 0.029034901 
463 303 9 13 0.029028425 
684 110 12 14 0.028979938 
731 186 12 14 0.028970849 
656 74 11 15 0.028889496 
432 94 8 10 0.028881859 
975 268 10 13 0.028786466 
388 121 13 16 0.02877838 
633 213 18 22 0.028764756 
688 279 17 22 0.028764637 
65 356 14 17 0.02875955 
975 128 11 15 0.02867986 
840 309 14 16 0.028674116 
118 485 10 12 0.028656645 
220 74 11 13 0.028653175 
407 320 11 12 0.028636405 
150 262 16 19 0.028633825 
638 299 11 15 0.028602408 
660 113 12 16 0.028551802 
361 189 23 29 0.028482195 
966 279 10 12 0.028460244 
196 243 22 27 0.02843076 
316 127 12 14 0.028390853 
315 173 13 17 0.028355945 
752 115 10 14 0.02833515 
240 189 11 13 0.028307999 
209 126 9 11 0.028293183 
724 413 14 19 0.028235095 
975 181 13 17 0.028223673 
422 177 11 15 0.028222889 
471 169 12 16 0.028205683 
844 253 10 13 0.02820284 
822 189 12 16 0.028200265 
672 177 14 19 0.028158454 
733 280 13 21 0.02806417 
158 378 14 15 0.028043708 
447 350 9 13 0.028015118 
886 340 21 27 0.027998181 
1014 148 10 14 0.027985372 
649 85 9 12 0.027956815 
43 260 15 16 0.027887216 
937 93 9 12 0.027882436 
860 299 11 14 0.02787688 
761 278 12 15 0.027835142 
366 350 11 15 0.027805468 
226 134 14 18 0.027798511 
601 79 18 21 0.027774625 
869 117 12 15 0.027773429 
798 409 13 17 0.02774998 
98 355 14 17 0.027728105 
530 135 19 22 0.02771542 
246 292 18 23 0.027704744 
571 155 11 15 0.027663207 
29 299 12 16 0.027646853 
372 359 14 16 0.027610453 
390 133 12 14 0.027595747 
756 234 13 16 0.027583977 
880 86 9 12 0.02754479 
1005 206 14 19 0.027474234 
690 251 16 19 0.027474105 
293 48 8 11 0.027459698 
347 434 15 18 0.027411507 
263 64 9 11 0.02740373 
1006 227 12 14 0.02739903 
535 246 12 16 0.02738111 
86 86 19 25 0.027369594 
182 251 11 15 0.02735415 
780 253 10 13 0.027318332 
469 274 10 13 0.027314331 
933 237 14 17 0.027243972 
916 209 14 17 0.027184809 
304 198 11 16 0.027158255 
531 212 16 20 0.02713545 
656 95 10 13 0.027072938 
62 173 10 12 0.027049664 
682 290 21 29 0.026968334 
472 307 20 24 0.026943102 
43 247 15 19 0.026937801 
12 140 11 14 0.026924595 
751 223 8 11 0.02690146 
284 364 11 13 0.026894903 
805 118 11 14 0.026885893 
748 62 10 12 0.026821496 
269 194 16 20 0.026782539 
142 252 13 17 0.026721733 
402 109 15 17 0.02668471 
128 117 9 13 0.02664558 
168 106 18 23 0.026633574 
300 131 11 14 0.026625551 
440 91 10 13 0.026624145 
730 62 9 12 0.026608374 
263 114 11 14 0.0265886 
638 318 10 12 0.026581852 
269 70 9 12 0.026570713 
498 86 8 11 0.026555866 
174 312 10 13 0.026500518 
533 197 11 16 0.026478764 
400 276 11 14 0.026469301 
386 144 21 25 0.026452988 
541 124 11 14 0.026423164 
159 71 9 10 0.026392905 
558 141 10 13 0.026369894 
902 317 12 17 0.026360463 
427 347 11 15 0.02635857 
939 219 12 16 0.026272483 
830 158 10 14 0.026223652 
281 145 16 19 0.026138002 
197 479 16 19 0.026118273 
694 150 11 13 0.026094928 
176 149 8 11 0.026085833 
31 249 103 118 0.026059771 
31 354 12 15 0.026049852 
450 165 16 20 0.025962854 
373 205 16 19 0.02594964 
760 179 11 14 0.025938772 
484 211 13 15 0.025912683 
869 219 10 13 0.025876017 
860 148 13 16 0.025840487 
816 364 15 21 0.025829125 
478 185 13 16 0.025762036 
205 76 9 12 0.02576193 
318 93 9 12 0.025705263 
350 107 12 14 0.025667725 
1015 115 8 12 0.025654906 
784 205 12 15 0.025635367 
45 295 10 13 0.025631791 
601 241 12 16 0.025629347 
414 319 10 12 0.025622195 
668 275 14 20 0.025606073 
221 299 11 15 0.02558025 
312 257 21 25 0.025548896 
88 109 8 11 0.025541492 
196 259 16 18 0.025535297 
996 210 16 20 0.02552884 
73 157 11 14 0.02551444 
306 82 18 22 0.025513923 
510 144 9 12 0.025511244 
518 150 18 23 0.025498718 
334 185 12 17 0.025494939 
302 240 13 18 0.025412144 
782 197 10 13 0.02539456 
181 213 17 19 0.02535145 
275 129 21 24 0.025320752 
623 290 24 30 0.02529453 
327 96 9 11 0.02529256 
795 242 13 16 0.025287895 
484 78 9 12 0.02528747 
1006 126 10 11 0.025269663 
381 372 12 14 0.02526606 
993 196 12 15 0.025254583 
748 333 13 16 0.025236536 
201 321 15 17 0.02519631 
351 261 10 13 0.02517216 
936 70 9 12 0.025162328 
933 325 9 13 0.02514213 
740 166 11 14 0.02513736 
968 211 13 17 0.025104024 
678 420 11 15 0.025090683 
52 92 12 14 0.025008332 
714 323 15 17 0.025007447 
187 222 21 28 0.024976516 
648 307 9 13 0.024939014 
655 339 11 16 0.024923757 
190 128 12 15 0.024901517 
415 302 10 13 0.02489419 
381 347 10 14 0.02489191 
614 91 11 15 0.024882838 
587 236 11 14 0.02488191 
726 305 13 18 0.02482592 
404 121 15 17 0.024823941 
994 260 11 14 0.024777614 
213 201 13 16 0.024775798 
128 140 10 12 0.024738343 
725 95 9 12 0.02473477 
951 233 12 15 0.024714546 
447 93 11 13 0.024706872 
515 208 15 19 0.024678059 
309 240 14 18 0.024661822 
623 365 10 13 0.024656316 
55 149 8 11 0.024648933 
70 99 11 13 0.02460158 
635 202 16 21 0.024586873 
735 144 14 17 0.024579238 
52 342 12 15 0.024507293 
263 170 13 17 0.024492929 
207 117 10 11 0.024464345 
104 76 11 16 0.024451246 
390 380 9 13 0.024445022 
818 95 18 21 0.024443265 
149 150 10 13 0.024437685 
153 141 9 11 0.02442258 
109 409 13 16 0.024349146 
339 277 11 14 0.02432367 
151 71 8 11 0.02431712 
837 211 12 15 0.02431661 
627 222 16 19 0.02429505 
577 114 19 23 0.024281811 
6 165 12 15 0.02427421 
980 270 10 13 0.024262285 
958 235 11 14 0.024247525 
214 64 18 23 0.02422406 
465 220 10 13 0.02421331 
63 334 19 22 0.024197241 
901 80 18 22 0.02412754 
399 290 18 22 0.024127534 
315 104 18 23 0.02410271 
948 326 13 16 0.024092969 
54 282 14 16 0.024083378 
53 355 11 15 0.024036715 
25 88 9 11 0.02403659 
713 285 18 21 0.024025036 
851 133 20 25 0.02402342 
934 188 12 14 0.024012996 
1004 183 21 25 0.024007779 
358 317 10 13 0.023987498 
15 133 9 12 0.023983618 
555 131 12 14 0.023970956 
102 410 14 16 0.023962509 
805 196 14 16 0.023949137 
439 327 10 12 0.023914449 
181 381 11 13 0.023905013 
190 242 12 17 0.023898402 
53 274 14 17 0.023881951 
51 301 13 15 0.023878055 
839 161 12 16 0.023830203 
448 302 10 15 0.023822507 
406 155 13 17 0.023812758 
214 86 10 12 0.023810277 
137 422 10 12 0.023807043 
376 40 9 10 0.023732344 
189 466 26 32 0.023722282 
312 151 10 13 0.023711912 
997 316 11 15 0.023710048 
806 299 12 15 0.023681298 
158 328 13 17 0.023671534 
921 280 11 14 0.023648612 
263 127 12 15 0.023641402 
271 219 12 17 0.023630863 
526 92 9 12 0.023613505 
9 286 21 29 0.023605568 
134 125 10 13 0.023576753 
599 361 8 10 0.023543797 
540 246 12 14 0.023531368 
396 132 14 16 0.023502 
365 195 13 19 0.023498267 
365 85 10 13 0.023486996 
811 260 14 16 0.023481833 
80 347 14 17 0.023474941 
52 143 10 12 0.023447841 
567 142 11 13 0.023434114 
459 410 15 19 0.023386858 
60 345 16 18 0.023385681 
632 421 12 14 0.023363095 
805 165 11 14 0.023361614 
539 178 14 17 0.023357773 
110 477 8 12 0.02335576 
119 109 10 13 0.02335139 
174 180 13 18 0.023325672 
268 291 12 16 0.023321642 
645 108 10 14 0.023301266 
644 309 23 29 0.023289315 
161 261 15 19 0.023257561 
46 156 12 14 0.023244912 
354 149 21 28 0.023233524 
16 149 15 18 0.023205273 
693 100 9 12 0.023194373 
630 120 21 26 0.0231781 
45 320 14 17 0.0231735 
295 244 11 14 0.023088673 
16 159 13 17 0.023086855 
681 121 13 16 0.023060786 
60 268 14 19 0.023058085 
671 283 21 29 0.02300031 
506 187 12 16 0.022990286 
477 127 10 13 0.02298971 
908 167 14 15 0.022984263 
227 469 11 14 0.022966694 
636 236 13 17 0.022932613 
653 461 21 25 0.022919714 
348 335 20 24 0.022916112 
796 253 11 13 0.022831496 
429 357 11 14 0.022830734 
902 157 10 12 0.022829723 
312 250 12 15 0.02281674 
504 163 11 16 0.022804135 
708 218 15 20 0.022788813 
441 75 20 23 0.022785025 
1005 81 20 25 0.022769814 
175 259 12 17 0.022718847 
624 81 9 11 0.022699788 
1004 253 13 17 0.022686949 
894 96 12 15 0.0226762 
612 370 11 16 0.02262879 
105 131 12 14 0.022625437 
366 314 12 15 0.022621308 
910 106 11 13 0.02260805 
411 93 11 13 0.022581935 
102 92 10 13 0.022541404 
399 331 11 13 0.022527084 
765 179 13 15 0.022518529 
402 98 15 17 0.022505619 
542 147 11 15 0.022498325 
501 182 21 25 0.022476643 
103 140 12 13 0.022463018 
512 82 19 22 0.022445546 
133 181 9 14 0.022437148 
765 234 12 16 0.022424195 
980 226 12 16 0.022422567 
64 131 11 13 0.02239999 
346 203 15 19 0.022396248 
333 146 21 28 0.0223868 
507 149 17 25 0.022349607 
112 484 9 12 0.022267045 
524 237 14 16 0.022255063 
226 398 16 18 0.022255005 
385 179 16 20 0.02225095 
125 108 10 13 0.022248337 
265 102 10 14 0.02223758 
824 322 11 14 0.022181394 
580 130 13 15 0.022164224 
53 266 13 16 0.022161286 
704 114 12 17 0.022156393 
272 261 13 15 0.02215176 
966 261 11 13 0.022144979 
31 170 14 16 0.022143072 
342 326 12 14 0.022114085 
753 103 10 12 0.02210616 
239 116 11 14 0.022076517 
332 82 10 13 0.022075329 
708 249 13 17 0.022068892 
216 112 10 12 0.02205168 
459 369 13 15 0.022048412 
797 205 13 16 0.022043733 
775 96 19 23 0.022043407 
306 110 10 14 0.02200566 
270 140 12 17 0.021994608 
773 439 10 13 0.021961879 
877 53 19 23 0.021930043 
603 95 20 24 0.0219209 
799 96 16 22 0.021920133 
271 126 10 14 0.021919152 
918 301 11 14 0.021906653 
729 159 15 18 0.02189711 
0 311 7 13 0.02189175 
580 250 17 20 0.021870319 
789 483 13 16 0.021869218 
609 356 19 23 0.021839704 
543 81 9 12 0.021830028 
4 201 14 18 0.021829361 
947 140 12 16 0.021813655 
534 186 12 15 0.021811785 
6 153 13 17 0.02180676 
368 79 8 11 0.021783447 
618 236 14 17 0.021726264 
123 250 13 17 0.021714946 
405 325 18 22 0.021688089 
305 263 23 27 0.021681007 
727 453 11 12 0.021672735 
519 82 10 12 0.021652231 
694 319 16 21 0.021637935 
1009 91 19 25 0.021621557 
679 268 14 20 0.021603417 
896 142 10 15 0.021603195 
3 356 12 14 0.021601703 
220 242 12 16 0.021599345 
791 118 11 14 0.021591954 
768 308 13 17 0.02158921 
855 242 13 17 0.021583127 
222 65 10 12 0.021574166 
961 205 10 14 0.021559667 
420 361 11 14 0.021545159 
767 437 10 13 0.021538284 
274 197 20 24 0.021534896 
697 323 23 26 0.021526236 
461 352 12 14 0.021522181 
368 327 21 24 0.021487022 
991 187 12 17 0.02148072 
776 245 10 14 0.021480298 
27 292 13 17 0.021443572 
625 307 12 14 0.02138711 
661 337 17 20 0.02136687 
653 277 15 20 0.021365605 
468 101 10 13 0.021359017 
354 94 20 25 0.02134802 
189 112 9 12 0.02133047 
506 202 19 24 0.021306632 
775 126 10 12 0.021290902 
985 148 10 12 0.021280633 
201 88 10 12 0.021250242 
166 374 20 22 0.021244043 
991 108 10 12 0.021214098 
750 166 11 15 0.021208474 
1000 125 8 10 0.021204457 
877 63 12 15 0.021203507 
188 93 10 12 0.021200147 
161 124 10 11 0.021195294 
351 276 21 24 0.021165557 
294 251 10 15 0.021152 
133 61 9 12 0.021056505 
93 141 9 12 0.02105247 
658 293 38 47 0.02105041 
500 204 13 16 0.02101312 
232 295 19 24 0.020994557 
1000 414 9 12 0.020986278 
218 382 9 12 0.020975174 
641 282 23 31 0.020964254 
115 74 12 17 0.02095283 
397 202 14 17 0.020952774 
609 444 9 12 0.020922834 
86 77 10 13 0.020921042 
895 79 10 12 0.020913264 
482 199 20 24 0.020893281 
423 275 11 13 0.020874595 
935 149 9 13 0.020869058 
316 166 11 13 0.020868482 
675 318 15 20 0.020864774 
47 388 14 15 0.020758806 
623 397 12 14 0.020722186 
930 259 15 19 0.020710938 
893 258 13 16 0.020689659 
487 102 9 12 0.020650681 
845 132 12 15 0.020645855 
676 93 11 15 0.020644978 
839 164 22 26 0.02063803 
404 308 12 14 0.02060841 
862 229 11 13 0.020586552 
270 157 15 18 0.02055668 
831 195 12 16 0.020543274 
621 170 20 26 0.020505533 
93 96 11 14 0.020477114 
944 274 11 14 0.020464892 
484 147 11 15 0.020442957 
0 121 11 14 0.02044084 
151 312 11 13 0.02043952 
244 267 11 14 0.020422338 
611 295 16 19 0.020412765 
932 316 10 13 0.020395154 
688 94 11 14 0.020370781 
637 436 14 16 0.02035066 
408 423 10 11 0.02033953 
461 95 10 11 0.020325804 
664 248 15 19 0.020322686 
444 140 12 14 0.020317707 
205 199 13 18 0.02031642 
3 249 11 15 0.020310594 
461 57 10 11 0.020275353 
329 174 9 14 0.02027322 
491 340 13 15 0.020248214 
37 263 24 26 0.020236183 
855 89 9 12 0.020235132 
627 375 14 17 0.020234235 
835 137 14 17 0.020234205 
917 157 10 12 0.020233318 
368 380 11 14 0.02022769 
35 331 13 16 0.020201156 
127 124 10 13 0.020180523 
28 243 21 27 0.020164326 
415 276 10 12 0.020142397 
355 335 12 15 0.020128699 
982 295 10 12 0.020114882 
362 161 22 29 0.020090906 
796 478 11 13 0.020080784 
674 161 14 18 0.020050695 
133 174 9 13 0.020048972 
527 251 15 19 0.02004488 
825 262 21 26 0.020040788 
478 110 11 13 0.020024791 
539 198 20 25 0.020019745 
927 299 12 15 0.020013152 
196 212 12 15 0.02000204 
