7_Cheering_Cheering_7_134
139
234 227 98 148 0.9997124 
464 247 92 113 0.99886036 
718 254 86 112 0.9975955 
-4 33 71 149 0.99373335 
154 72 81 113 0.9862982 
466 143 88 103 0.97624534 
991 475 12 16 0.3950081 
892 81 33 41 0.38290587 
559 288 30 47 0.3714592 
944 444 11 15 0.34309343 
908 458 16 20 0.23488094 
928 466 16 19 0.22146498 
959 431 9 12 0.15803671 
1006 491 15 19 0.15383199 
940 385 11 15 0.15144269 
1014 422 8 12 0.14768334 
973 389 9 13 0.1425994 
960 449 12 15 0.12906738 
966 437 8 10 0.12431036 
1009 453 10 12 0.11630531 
996 445 10 13 0.10523451 
504 381 31 34 0.08300235 
912 458 20 25 0.08292388 
418 120 42 59 0.078380264 
452 181 99 139 0.07263762 
838 444 11 13 0.07137484 
1000 541 14 18 0.07132543 
953 399 8 11 0.070581146 
953 430 10 12 0.07012735 
920 423 11 13 0.06503281 
1000 438 10 13 0.062393203 
994 482 13 17 0.061261196 
949 438 10 13 0.060592595 
935 425 11 13 0.06049163 
965 447 12 15 0.059060592 
290 139 29 35 0.05575213 
972 447 10 13 0.05460934 
786 442 51 63 0.054292347 
990 412 11 12 0.053827785 
556 280 25 37 0.05177196 
272 101 9 13 0.050728157 
999 379 9 13 0.050581854 
253 96 13 17 0.04765725 
329 110 45 50 0.0453104 
990 463 9 12 0.044876948 
543 285 35 51 0.044577353 
574 355 54 62 0.044422314 
1011 529 13 19 0.044281032 
984 407 10 12 0.042553168 
991 420 10 13 0.041705858 
280 85 10 12 0.04155222 
983 445 12 15 0.04059781 
972 416 9 11 0.039931715 
939 473 15 18 0.03986972 
941 424 9 12 0.039661665 
999 489 13 17 0.03906218 
934 393 11 15 0.038518343 
1007 447 10 13 0.03836878 
995 471 12 15 0.038005095 
1002 525 20 28 0.037333466 
993 450 10 12 0.03732058 
867 498 15 18 0.036759574 
997 451 11 13 0.036228478 
1014 415 9 14 0.034514565 
924 425 12 15 0.034343567 
942 377 10 11 0.034219906 
968 418 11 14 0.033822976 
271 109 10 14 0.033817884 
803 452 29 38 0.03376882 
890 466 12 18 0.033511054 
9 64 95 148 0.033443626 
911 491 14 17 0.032794006 
278 117 14 19 0.032536928 
948 448 13 15 0.032188572 
1013 390 9 16 0.032078788 
889 496 54 59 0.03199203 
882 501 30 36 0.031808227 
554 298 50 67 0.030619048 
873 444 11 13 0.030550137 
361 94 10 13 0.03023723 
968 384 9 12 0.030170111 
917 469 18 21 0.030128412 
889 455 22 30 0.029280785 
951 424 9 12 0.028943792 
951 329 12 17 0.028524866 
1007 553 13 17 0.027780538 
928 414 9 11 0.027629439 
988 530 15 19 0.027613195 
565 271 44 66 0.027558241 
288 104 12 16 0.02658052 
1011 484 14 21 0.02631955 
1011 456 12 17 0.02607426 
628 541 50 65 0.025679678 
997 407 9 11 0.025660587 
285 82 12 15 0.025196964 
933 413 9 10 0.024757486 
1011 516 12 17 0.024316445 
956 398 9 11 0.024265595 
985 461 10 13 0.024216501 
901 407 10 12 0.02419224 
1000 432 10 12 0.024166565 
345 316 42 62 0.024019014 
893 485 12 14 0.023912203 
972 459 11 14 0.023903063 
277 114 24 35 0.023650264 
868 506 13 16 0.023605194 
891 498 17 21 0.023533767 
972 438 10 12 0.023399169 
77 50 109 135 0.023380527 
1009 395 11 15 0.023346748 
874 80 29 35 0.02320156 
596 202 13 15 0.02310351 
929 406 9 12 0.023003707 
868 507 27 38 0.022776593 
930 397 9 13 0.022727638 
1012 448 10 15 0.022480432 
862 493 28 30 0.022213643 
989 485 14 19 0.022076538 
951 412 10 12 0.021744832 
914 484 17 19 0.021716963 
958 423 11 13 0.021590639 
877 439 12 15 0.021570744 
984 468 14 19 0.021261616 
259 98 12 15 0.021255963 
244 117 13 17 0.021117384 
843 459 28 33 0.021109119 
929 556 30 37 0.021092933 
986 411 10 12 0.0210579 
578 223 27 34 0.021040099 
869 456 25 31 0.020985102 
558 344 49 62 0.020924767 
870 536 12 16 0.020470008 
966 406 8 10 0.020451004 
262 83 9 11 0.0203727 
998 549 15 19 0.020286324 
868 523 15 20 0.020285428 
905 396 10 12 0.020181146 
997 342 10 12 0.020093868 
493 266 94 126 0.020046227 
