7_Cheering_Cheering_7_870
27
890 200 54 70 0.9988493 
232 255 34 43 0.9969452 
646 221 50 62 0.993845 
380 203 38 52 0.99174786 
108 229 36 46 0.98526055 
136 231 27 32 0.24665232 
309 140 16 19 0.112251736 
591 293 29 38 0.0451437 
791 247 10 12 0.038628068 
639 268 12 17 0.033856526 
480 394 12 18 0.031680536 
600 280 10 11 0.031496134 
589 279 9 12 0.030193433 
301 144 17 19 0.029953307 
145 228 18 22 0.028472854 
591 295 12 13 0.025685653 
883 199 28 39 0.02505177 
697 477 64 79 0.024897892 
171 135 14 18 0.024708258 
604 283 10 12 0.024500169 
120 226 35 38 0.024330115 
941 217 18 25 0.023338122 
595 303 18 23 0.022866346 
831 252 12 16 0.02201652 
637 258 26 34 0.02172855 
798 245 9 12 0.02099582 
259 265 16 21 0.020106312 
