7_Cheering_Cheering_7_373
65
783 852 134 188 0.99962115 
390 865 145 205 0.99767345 
62 966 152 242 0.99634486 
496 308 31 32 0.1200258 
317 374 15 19 0.11649436 
336 1335 48 67 0.082992725 
257 376 17 20 0.0792097 
599 1262 21 30 0.06933971 
763 1402 17 24 0.062178683 
347 347 15 18 0.05549726 
401 1384 26 31 0.04627634 
855 1399 61 79 0.043141585 
374 333 14 18 0.041760396 
364 411 19 21 0.033706054 
333 371 11 15 0.033223987 
786 1368 18 23 0.032811187 
804 1321 22 29 0.031899165 
396 1260 44 54 0.030594874 
342 363 13 16 0.030509789 
320 1313 47 68 0.029987074 
998 1372 22 36 0.029915048 
299 1267 26 33 0.029319169 
356 364 14 17 0.028640656 
455 1356 31 43 0.028516635 
796 1275 45 57 0.028130386 
337 412 16 20 0.027703226 
348 361 16 19 0.027655397 
830 502 46 57 0.026521794 
550 391 26 33 0.026492322 
706 1286 27 33 0.026479214 
619 1347 19 22 0.026468907 
668 1300 13 17 0.025954848 
109 467 31 33 0.02570289 
715 1370 13 18 0.025321987 
683 1369 14 17 0.025308367 
802 439 24 30 0.024922576 
253 382 17 20 0.024860863 
676 1286 24 33 0.024330242 
656 1311 23 29 0.024118247 
316 377 360 466 0.02374187 
585 1311 38 46 0.023652785 
720 1272 29 35 0.02361073 
800 518 52 59 0.023502788 
654 1277 41 49 0.023169788 
793 1374 16 21 0.022670696 
324 366 15 17 0.022204077 
647 1315 23 31 0.022024542 
402 1289 48 60 0.02188904 
203 530 18 20 0.021376252 
681 1447 20 22 0.021279762 
564 1327 39 43 0.0212265 
940 347 28 34 0.021086488 
693 1329 41 53 0.02099659 
332 399 24 31 0.020940837 
545 1332 41 44 0.02085216 
412 363 26 31 0.020716406 
416 1385 18 24 0.02065845 
339 1431 16 18 0.02064903 
392 325 12 17 0.020621076 
705 1443 23 29 0.020219568 
796 1299 16 21 0.020165611 
333 380 12 15 0.02014241 
855 317 210 239 0.020096531 
681 1375 24 30 0.02009098 
635 1316 23 31 0.020065486 
