7_Cheering_Cheering_7_386
212
763 291 33 41 0.9867115 
210 547 49 55 0.9807577 
765 434 33 42 0.96806806 
800 511 45 78 0.86481273 
53 506 53 84 0.83011174 
391 401 15 19 0.6943161 
286 401 17 21 0.66477454 
220 427 16 21 0.43118364 
301 431 25 28 0.37937525 
795 483 49 72 0.27430353 
663 440 27 33 0.2613591 
909 376 28 32 0.2529484 
355 430 18 24 0.22700058 
411 404 13 19 0.20083009 
80 327 96 133 0.18261641 
415 439 20 27 0.17967054 
558 467 37 47 0.17397402 
217 456 27 33 0.15964152 
331 454 23 29 0.14671743 
42 512 83 126 0.11989353 
984 344 28 31 0.11309786 
885 550 47 67 0.10367899 
871 380 26 30 0.09957802 
306 407 16 20 0.0950174 
813 391 25 32 0.09466499 
884 396 22 29 0.09212826 
396 379 11 14 0.08444145 
971 342 26 35 0.08399309 
384 401 14 19 0.083112635 
682 332 18 24 0.08017241 
329 395 15 19 0.07993846 
894 397 24 31 0.078556396 
228 422 24 27 0.0781483 
0 483 43 67 0.07771699 
341 454 23 30 0.075815156 
679 397 48 64 0.07516155 
566 489 114 150 0.07510936 
475 389 13 16 0.07428126 
32 354 83 118 0.07246204 
993 370 23 30 0.071156256 
10 383 15 19 0.07020817 
357 393 17 19 0.06974747 
243 375 14 19 0.066852234 
188 401 13 16 0.06489156 
812 404 30 38 0.0639117 
363 386 15 19 0.06374603 
41 537 35 49 0.06319015 
533 409 14 18 0.061956145 
434 424 16 21 0.061709292 
875 350 18 21 0.061481617 
461 435 18 23 0.061477832 
365 356 13 14 0.060933616 
333 553 60 70 0.059743043 
10 526 126 217 0.058263976 
155 356 14 17 0.055666383 
413 399 12 16 0.055622257 
1014 402 9 16 0.05338683 
525 424 15 19 0.052402962 
445 393 14 17 0.051873982 
71 370 57 83 0.05004659 
762 410 52 67 0.049830433 
496 362 12 13 0.04982559 
965 408 14 18 0.049018383 
546 451 29 34 0.04827048 
366 379 15 18 0.048177186 
154 704 60 60 0.04506177 
432 452 23 34 0.043712575 
437 415 13 15 0.04336179 
363 405 15 18 0.042117897 
907 390 18 23 0.0414893 
356 446 27 31 0.041104916 
581 394 17 22 0.041068252 
487 532 32 51 0.041007936 
824 383 25 31 0.040299475 
16 493 50 75 0.039840687 
884 383 25 31 0.03882585 
249 469 27 33 0.037956737 
371 435 16 20 0.037780836 
39 403 50 81 0.03766793 
303 414 26 29 0.037345864 
899 366 13 15 0.037175566 
565 420 15 19 0.036257654 
170 -13 427 492 0.035743218 
850 536 79 95 0.03520014 
400 442 27 31 0.0335861 
570 392 25 32 0.033314396 
529 417 16 21 0.03307599 
469 392 23 30 0.032866806 
991 353 27 35 0.032827236 
381 530 52 63 0.032755926 
424 428 21 28 0.03267377 
906 398 17 25 0.032537725 
768 338 37 38 0.032180816 
482 386 14 17 0.031217137 
315 568 55 61 0.031134184 
257 426 16 22 0.031124944 
5 378 22 31 0.031048734 
701 341 12 16 0.030920532 
543 391 10 14 0.030904818 
215 430 28 35 0.030523382 
64 445 24 37 0.02999401 
453 438 22 30 0.029872995 
204 539 78 89 0.029581472 
413 385 10 11 0.029564785 
285 392 44 55 0.029350277 
398 526 38 43 0.029316125 
860 434 28 35 0.029235482 
444 379 16 18 0.028986802 
397 386 13 16 0.028649589 
789 487 30 44 0.02857611 
441 453 27 36 0.028445782 
511 363 13 15 0.028399978 
371 383 15 19 0.028263034 
184 428 28 38 0.028197339 
346 370 15 19 0.028023668 
874 400 24 30 0.028001357 
425 334 10 12 0.027532019 
558 369 15 21 0.027477011 
407 387 11 14 0.02747639 
484 375 12 15 0.027451403 
518 423 26 31 0.027254662 
937 407 23 28 0.02699298 
139 346 59 91 0.026881564 
491 400 17 23 0.026713448 
317 403 14 19 0.026606373 
3 477 31 38 0.026381038 
490 381 24 29 0.026191667 
392 375 11 14 0.026159031 
201 424 27 35 0.026124096 
672 401 26 33 0.026051529 
594 425 17 20 0.025968028 
377 380 14 16 0.02596243 
16 417 53 82 0.025927885 
865 391 26 34 0.025876112 
361 540 58 72 0.025653062 
93 394 98 140 0.025489217 
524 405 23 30 0.025330907 
673 431 28 36 0.025298275 
363 416 16 19 0.024771802 
975 358 30 37 0.024771513 
708 403 51 75 0.024499282 
619 401 27 32 0.024416273 
858 412 28 33 0.024397012 
1003 398 21 33 0.024161192 
868 437 16 20 0.024129659 
872 418 16 20 0.02382856 
902 386 15 19 0.02368912 
690 397 29 41 0.02366506 
539 352 14 19 0.02346342 
819 524 77 94 0.023347467 
621 333 14 15 0.023216726 
828 412 25 32 0.023195984 
362 457 30 35 0.023162365 
435 425 24 32 0.023007052 
681 395 24 33 0.022999518 
1000 414 22 39 0.022989651 
374 394 13 16 0.022943042 
581 370 13 17 0.022928981 
754 345 31 37 0.022861047 
418 390 12 14 0.022828968 
427 19 387 451 0.022820216 
479 381 12 17 0.022626128 
769 446 51 74 0.022544175 
999 310 20 28 0.022514293 
316 444 40 51 0.022500409 
293 418 44 57 0.022437029 
357 420 14 18 0.022412116 
118 454 50 71 0.022336656 
480 394 24 31 0.022321438 
674 382 77 109 0.022223018 
581 474 39 43 0.02204101 
306 437 29 34 0.02201683 
501 386 16 19 0.021975022 
-8 181 89 159 0.021967484 
458 389 23 29 0.021967394 
369 409 15 19 0.02195971 
123 468 14 19 0.021955945 
469 407 14 19 0.02184657 
478 382 23 28 0.021814393 
857 381 28 32 0.021810556 
957 339 14 18 0.02181038 
848 391 26 33 0.02175956 
819 403 42 52 0.021653604 
563 365 13 17 0.021582264 
68 387 17 20 0.021510841 
237 461 30 35 0.021484671 
989 429 27 46 0.021465518 
950 322 38 51 0.021383105 
533 400 22 31 0.02124299 
962 332 22 32 0.02112604 
-2 361 87 126 0.021065356 
846 415 32 42 0.021020485 
387 386 23 26 0.021010736 
374 381 22 27 0.021010512 
456 452 25 32 0.02100022 
510 489 29 37 0.020992303 
541 355 24 33 0.02093841 
537 335 10 12 0.020924319 
370 354 14 16 0.020918263 
892 386 14 19 0.020879205 
281 584 52 64 0.020824432 
477 372 12 16 0.020640368 
542 402 24 30 0.02045087 
526 507 91 129 0.020432606 
378 459 31 33 0.020413548 
378 387 13 16 0.020315979 
377 440 15 19 0.020292897 
589 426 164 228 0.020226853 
475 405 16 22 0.020114029 
384 322 11 13 0.020097388 
317 404 23 29 0.020068243 
424 447 17 23 0.020001903 
