7_Cheering_Cheering_7_404
39
473 211 31 34 0.9990208 
304 352 37 43 0.9977512 
584 339 40 49 0.9837769 
131 469 22 27 0.91146904 
719 461 23 27 0.87591743 
784 108 145 170 0.5570818 
481 607 79 66 0.26846623 
393 619 38 34 0.18480246 
507 612 44 39 0.09972391 
405 616 66 53 0.08813886 
598 634 42 64 0.084452264 
753 648 9 13 0.07833071 
39 154 99 122 0.06561016 
127 478 22 30 0.04079646 
432 614 78 66 0.039526656 
344 561 49 61 0.039122846 
427 511 15 22 0.03713593 
469 581 65 67 0.03551875 
294 683 22 29 0.034364387 
385 626 31 33 0.03330041 
709 452 39 51 0.033111963 
424 565 109 102 0.03246845 
656 299 44 64 0.030687872 
285 701 12 17 0.02995939 
614 623 39 67 0.029672898 
530 620 36 34 0.029588303 
622 607 15 24 0.028741464 
421 492 28 46 0.02793831 
467 554 17 22 0.024170117 
267 315 43 57 0.023674514 
36 459 13 18 0.022890097 
288 655 31 38 0.021833826 
740 712 45 55 0.021527674 
439 552 32 38 0.02152539 
515 601 93 102 0.0213508 
163 405 27 33 0.02089916 
288 328 47 58 0.020881446 
299 674 24 29 0.020862855 
311 715 14 17 0.020132137 
