7_Cheering_Cheering_7_655
153
383 767 243 351 0.9998305 
43 1353 13 17 0.29029208 
103 1285 14 17 0.285828 
29 1333 14 18 0.244481 
868 1369 13 16 0.22773503 
933 1496 15 19 0.19569777 
66 1299 13 16 0.18396972 
12 1346 13 18 0.16990642 
27 1296 14 17 0.16442502 
994 1433 13 18 0.13401602 
977 1307 10 14 0.13342777 
451 633 61 72 0.13197331 
920 1228 10 14 0.13107024 
960 1366 13 16 0.12010398 
990 1304 11 12 0.11671125 
982 1279 12 16 0.115443625 
924 1386 13 15 0.115277976 
936 1491 16 19 0.10305647 
82 1494 14 19 0.09957886 
919 1332 12 15 0.098016664 
990 1260 10 12 0.09239429 
957 1417 16 19 0.089001864 
987 1230 11 13 0.08587555 
883 1309 11 14 0.08443254 
934 1512 16 20 0.081740424 
934 1419 12 16 0.08155275 
-2 1066 58 99 0.077148534 
119 1388 14 18 0.07684991 
877 1399 14 16 0.07572279 
24 11 24 29 0.0737118 
970 1445 21 28 0.072423846 
934 1377 12 16 0.070298456 
951 1269 10 13 0.06977506 
920 1475 13 16 0.067938805 
108 1280 14 17 0.064391725 
963 1411 16 20 0.06374251 
55 1308 14 16 0.06292586 
952 1297 11 15 0.062124565 
440 583 102 136 0.061719302 
830 1391 12 14 0.060546067 
93 1346 16 21 0.060259197 
919 1307 10 12 0.059843097 
75 1414 15 20 0.05897408 
0 1455 14 23 0.058648296 
413 519 185 271 0.05844618 
860 1402 12 16 0.055578776 
843 1310 11 14 0.055528417 
23 1417 13 17 0.054075386 
545 43 15 19 0.05327016 
896 1264 8 10 0.051895935 
168 1375 13 16 0.05141516 
903 1355 11 14 0.05018875 
467 466 199 257 0.049341984 
942 1334 12 15 0.048719596 
984 1234 12 13 0.04870739 
949 1228 11 13 0.04832906 
0 1299 10 15 0.048172176 
20 1337 15 18 0.0481 
143 1287 12 14 0.04721832 
935 1121 10 12 0.04634282 
955 1462 15 18 0.04513299 
1007 1333 14 17 0.044725373 
6 1367 16 21 0.044575308 
982 1304 13 15 0.044405505 
545 20 62 66 0.043705508 
843 1330 13 17 0.041982755 
925 1393 14 16 0.041714054 
883 1489 16 20 0.04137062 
63 1295 13 15 0.040485937 
919 1444 13 16 0.03988847 
885 1315 12 14 0.039116003 
32 1483 22 28 0.038731746 
988 1373 11 14 0.03652775 
957 1275 10 13 0.036437698 
939 1373 11 16 0.036385 
987 1280 13 16 0.03606212 
-1 1387 9 16 0.03590994 
872 1394 14 19 0.03564927 
36 1436 15 18 0.03469246 
133 1375 16 20 0.034279265 
985 1260 10 12 0.03416332 
76 1503 16 18 0.033765372 
583 392 131 102 0.03372883 
855 1404 12 15 0.03297237 
551 34 29 34 0.032339685 
952 1265 9 11 0.031708755 
44 1285 12 15 0.03140787 
49 1346 13 17 0.03098887 
93 1338 14 18 0.03075773 
159 1353 15 18 0.03072978 
103 1279 12 16 0.030710375 
667 1042 45 63 0.03052839 
876 1234 12 14 0.030328752 
1006 1374 15 20 0.02997394 
996 1516 17 19 0.029847952 
178 1480 62 61 0.02937664 
912 1332 13 15 0.029122328 
955 1374 16 19 0.028583566 
18 1506 15 18 0.028377509 
138 1485 17 20 0.028318679 
974 1347 13 16 0.027894326 
904 1428 11 15 0.027630175 
344 1045 403 494 0.027027028 
981 1346 14 18 0.026966704 
959 934 12 16 0.026736416 
19 1402 15 19 0.026449414 
127 1349 13 18 0.026392443 
988 1347 13 17 0.025989542 
92 1321 13 16 0.025798388 
813 1318 11 13 0.025751982 
879 1498 14 19 0.02562499 
835 1388 11 15 0.025374118 
977 1279 11 14 0.025339155 
921 1382 12 15 0.025243608 
120 1457 16 22 0.024896296 
994 1478 22 32 0.024858633 
1000 1223 11 13 0.024733642 
819 1372 12 16 0.024692154 
20 1324 14 17 0.024219958 
986 1393 14 18 0.02401319 
526 0 127 142 0.02333095 
933 1331 14 17 0.023291804 
38 1278 11 14 0.023267124 
901 1510 11 14 0.02310296 
138 1371 15 19 0.023020647 
876 1452 14 17 0.022965143 
879 1486 12 15 0.022950191 
93 1332 12 17 0.022878094 
945 1470 24 29 0.022479074 
134 1396 12 15 0.022312915 
892 1318 11 14 0.0221586 
133 1324 13 17 0.022037428 
145 79 117 167 0.021889465 
877 1346 14 17 0.021867402 
887 1478 13 16 0.021772295 
935 1339 12 14 0.021674262 
880 1304 11 15 0.021423561 
1012 1220 10 15 0.021382855 
141 1317 12 16 0.021368159 
930 1322 14 17 0.021325817 
951 1372 13 16 0.021256417 
720 150 207 267 0.021184089 
55 1286 11 14 0.02106579 
899 1516 13 14 0.020985944 
85 1488 14 17 0.020972561 
974 1254 11 14 0.020809809 
926 1412 14 18 0.020806743 
16 1395 14 16 0.020622183 
989 1518 15 17 0.020514175 
948 1437 13 16 0.020480074 
987 1493 17 22 0.020346573 
18 1407 21 26 0.02023038 
880 1310 22 27 0.020094892 
