45_Balloonist_Balloonist_45_857
34
612 353 23 28 0.8188148 
496 354 21 28 0.7967332 
413 -3 476 511 0.53456086 
561 363 18 24 0.10702418 
510 592 16 18 0.105970375 
539 450 15 20 0.06710416 
312 84 13 15 0.06438066 
626 405 81 147 0.05593054 
533 344 21 28 0.0553037 
417 365 63 66 0.053255327 
370 159 43 55 0.047609296 
467 345 24 30 0.04679316 
622 358 19 22 0.040602386 
406 53 13 14 0.040139824 
373 164 17 23 0.03866116 
342 125 9 11 0.034505423 
542 421 52 69 0.030324154 
474 7 9 11 0.028869476 
550 369 15 20 0.028194314 
367 119 10 12 0.025462208 
384 68 9 11 0.025336927 
132 282 456 478 0.025130419 
353 31 8 11 0.024771525 
380 22 10 13 0.024403078 
540 371 14 17 0.024157198 
468 370 14 16 0.022947218 
514 393 84 108 0.022872789 
383 64 8 10 0.022339882 
475 361 13 17 0.021894816 
568 369 15 20 0.021539336 
476 370 13 16 0.021052258 
486 361 15 19 0.020978617 
628 364 24 28 0.02059952 
249 116 34 33 0.020164566 
