45_Balloonist_Balloonist_45_402
20
469 75 59 86 0.99153113 
354 228 46 60 0.98998976 
552 204 48 62 0.9886789 
601 258 56 68 0.9682996 
280 259 43 54 0.8578945 
624 237 61 72 0.087393954 
354 602 138 160 0.049420577 
594 188 42 55 0.047600277 
541 263 24 30 0.04263155 
456 439 98 173 0.041817077 
604 223 55 75 0.041184243 
602 199 48 63 0.03655169 
20 431 163 269 0.03635749 
576 227 49 67 0.030858435 
380 234 42 55 0.025751445 
535 113 43 64 0.025546849 
560 483 55 64 0.025282146 
398 492 131 193 0.022813499 
656 237 52 59 0.022752315 
598 252 35 57 0.02174976 
