45_Balloonist_Balloonist_45_615
33
240 175 130 154 0.9998516 
749 162 80 105 0.9964264 
93 121 66 94 0.9653782 
522 174 17 19 0.58095044 
121 127 60 84 0.35251957 
468 126 15 19 0.21023752 
105 151 42 58 0.095187224 
552 366 32 35 0.08117707 
501 59 11 15 0.07452635 
495 52 14 19 0.04544162 
415 13 12 14 0.044198785 
359 26 11 14 0.043924075 
467 55 15 18 0.038088553 
170 127 48 71 0.03789785 
468 136 15 18 0.035580803 
470 66 14 18 0.03157818 
506 60 11 15 0.029228777 
88 151 41 56 0.026550619 
487 29 11 13 0.026184242 
584 375 109 142 0.025987847 
507 67 11 15 0.025576178 
356 34 52 70 0.025196694 
396 6 11 13 0.023895202 
455 59 10 12 0.023085479 
465 49 24 31 0.02242494 
487 44 12 15 0.022090264 
468 47 13 15 0.02198138 
211 17 36 50 0.021842202 
436 5 13 14 0.021637645 
501 46 13 17 0.021282503 
482 45 25 33 0.021238199 
475 73 12 16 0.021113804 
537 519 17 20 0.02001647 
