45_Balloonist_Balloonist_45_692
125
814 733 37 34 0.9933589 
949 719 11 14 0.6674186 
974 731 17 22 0.35357475 
927 713 11 14 0.3432209 
622 162 24 25 0.2743679 
660 169 28 28 0.24603598 
221 733 10 13 0.17084868 
40 720 9 11 0.1602011 
195 156 365 484 0.14830813 
452 733 29 31 0.12925898 
1000 722 16 19 0.12209595 
46 723 9 13 0.1211159 
1 718 8 12 0.11880743 
902 718 13 15 0.11530978 
199 725 10 13 0.10540431 
906 704 13 17 0.1048797 
230 734 10 12 0.103802405 
613 154 25 30 0.09367987 
206 726 9 12 0.08808609 
38 724 9 12 0.08610278 
898 700 22 27 0.08343988 
365 719 10 12 0.077692024 
188 723 12 13 0.07596925 
162 717 14 16 0.07387273 
160 41 53 78 0.070672005 
384 727 8 10 0.06998227 
150 744 16 18 0.06549182 
505 704 8 11 0.06518916 
34 720 8 10 0.064255096 
1 723 9 14 0.054507907 
616 734 10 12 0.052880477 
13 727 9 12 0.05276252 
982 721 22 28 0.052579496 
702 719 12 15 0.051660743 
224 728 10 12 0.05160405 
405 743 11 14 0.051091 
232 739 10 12 0.049869247 
922 714 11 13 0.048777428 
944 721 12 15 0.048757095 
921 708 10 15 0.04873022 
149 728 22 26 0.048273563 
805 418 116 139 0.046873987 
386 712 8 10 0.046854112 
230 728 9 12 0.045885645 
598 727 8 10 0.044746082 
238 750 9 11 0.04465239 
617 139 23 27 0.04375989 
6 725 10 11 0.0424102 
698 177 30 29 0.041878268 
553 723 10 12 0.0412475 
613 148 15 19 0.03949652 
83 720 15 17 0.03913924 
104 734 12 15 0.03897745 
183 725 13 16 0.0387288 
648 162 56 49 0.03865607 
392 731 12 14 0.03865292 
879 719 10 13 0.03799657 
6 720 8 10 0.037530083 
181 732 12 14 0.035708643 
91 732 13 15 0.035516188 
895 722 12 16 0.03537044 
416 711 9 10 0.035354435 
500 748 15 17 0.034557626 
879 724 11 16 0.034208566 
556 720 10 12 0.0335523 
894 709 22 28 0.033448625 
233 751 11 13 0.03336399 
604 164 26 30 0.03335949 
937 693 10 12 0.033041503 
679 184 33 34 0.032939337 
607 149 12 17 0.03243801 
375 725 9 10 0.032395884 
63 717 9 12 0.032052744 
633 160 26 29 0.03186341 
238 728 9 9 0.03146383 
681 740 10 13 0.031070277 
454 726 12 13 0.030781323 
879 708 10 13 0.030231303 
72 723 9 12 0.029443398 
78 720 13 15 0.029245498 
781 389 100 124 0.02891163 
895 705 14 18 0.02809153 
979 743 16 20 0.027996212 
577 727 9 10 0.02744801 
390 727 11 13 0.027126865 
196 719 11 15 0.026590787 
796 706 13 16 0.02624376 
893 731 11 14 0.025846388 
488 728 8 10 0.025804216 
606 160 17 22 0.025628133 
38 751 12 14 0.025626186 
760 700 49 52 0.025522763 
321 157 33 43 0.025303131 
11 739 13 18 0.025178162 
886 706 11 15 0.024722315 
1003 737 16 19 0.024260243 
398 741 13 15 0.024207372 
154 717 23 28 0.0241592 
52 724 9 13 0.02382358 
916 701 11 16 0.02377426 
57 711 8 12 0.023645315 
926 705 18 23 0.023608329 
616 717 7 9 0.023126395 
235 734 10 12 0.02307121 
782 414 57 70 0.022773815 
664 177 30 33 0.022755768 
55 717 9 13 0.022384515 
220 750 10 11 0.02228458 
417 716 10 13 0.022273598 
991 730 26 29 0.022053842 
460 724 14 16 0.021863895 
461 719 10 12 0.02185382 
627 141 95 97 0.021614084 
236 742 11 12 0.021559015 
986 754 14 15 0.021291092 
199 730 11 14 0.021123486 
65 725 9 11 0.021027606 
371 718 11 13 0.020815447 
646 171 32 36 0.020750107 
46 751 11 13 0.020654935 
183 718 14 15 0.020518137 
953 721 13 16 0.020491429 
599 155 11 15 0.020469185 
474 737 15 20 0.020424118 
172 750 11 13 0.020099116 
