45_Balloonist_Balloonist_45_273
142
709 206 56 75 0.99929464 
427 39 33 40 0.9992084 
720 301 109 159 0.9990527 
376 159 29 34 0.9986864 
465 160 38 46 0.997598 
107 314 72 85 0.9975381 
123 169 64 82 0.99289674 
627 198 43 58 0.96439224 
868 103 15 21 0.95931935 
818 122 15 17 0.6820285 
163 208 40 48 0.6349074 
360 183 22 31 0.3029989 
740 100 14 18 0.21794988 
202 121 16 19 0.2013478 
285 282 27 32 0.19666712 
857 177 19 24 0.19264522 
609 228 12 15 0.16791724 
766 155 38 52 0.1376678 
732 106 18 21 0.12703249 
957 203 16 22 0.1248364 
340 337 13 18 0.121011935 
777 162 17 24 0.12004149 
661 167 17 21 0.109228015 
580 136 13 16 0.105343126 
608 233 15 21 0.1008784 
279 198 11 14 0.10062017 
197 125 25 30 0.09550406 
543 212 16 19 0.088523656 
567 378 135 142 0.08703676 
563 136 15 20 0.0863413 
944 148 19 22 0.0852242 
573 137 16 19 0.0805355 
984 221 11 13 0.07986747 
607 134 12 15 0.07982806 
733 96 15 18 0.077622116 
558 208 22 29 0.07757781 
607 219 19 28 0.07582733 
49 219 32 47 0.07506164 
598 150 12 16 0.07291542 
722 138 18 22 0.06716935 
939 198 13 16 0.06678703 
722 163 25 29 0.06351437 
814 127 17 20 0.06073891 
873 107 17 23 0.05840585 
788 153 12 17 0.0546749 
980 123 22 24 0.053935394 
419 166 19 22 0.052957132 
602 205 28 36 0.052008405 
377 126 12 16 0.051826227 
994 130 14 17 0.050964583 
872 212 19 23 0.050636593 
283 263 38 45 0.05010018 
789 168 15 20 0.049145386 
379 354 23 29 0.04810031 
148 7 48 58 0.04794295 
806 130 22 27 0.047520004 
852 173 18 21 0.046211552 
238 546 74 66 0.04557213 
616 202 31 43 0.045249544 
405 313 12 13 0.043869082 
738 103 21 28 0.04328384 
836 154 14 16 0.042908374 
820 108 14 16 0.042398874 
268 227 11 14 0.041680265 
586 139 13 16 0.040036123 
951 207 28 37 0.039740194 
779 145 21 27 0.03889576 
786 136 16 22 0.03875227 
237 133 11 13 0.03811231 
397 284 16 19 0.038009923 
793 134 20 25 0.037713062 
959 518 56 67 0.03747569 
963 198 15 19 0.036882445 
486 315 34 35 0.03635361 
631 141 11 14 0.036232118 
248 520 118 112 0.036228098 
605 311 26 32 0.03547431 
581 285 27 35 0.034708727 
604 318 154 193 0.034689397 
983 211 13 16 0.03462434 
865 181 16 21 0.034614444 
487 130 14 17 0.033375014 
460 398 66 84 0.03303546 
667 158 13 16 0.032626476 
953 208 14 20 0.03243785 
253 242 27 31 0.031173771 
839 144 14 18 0.030707072 
772 133 15 20 0.0303046 
953 153 16 19 0.029395103 
291 278 15 19 0.027473912 
211 135 26 32 0.027183559 
829 155 16 18 0.026968606 
274 276 28 35 0.026916932 
806 138 13 16 0.026808588 
259 249 17 20 0.026105309 
788 126 12 15 0.025639644 
337 134 11 14 0.025559215 
298 283 16 19 0.025478711 
602 147 14 17 0.025122259 
230 139 12 16 0.024893615 
270 214 10 13 0.024853755 
517 120 13 17 0.024625868 
827 129 12 18 0.024479147 
613 126 13 16 0.024342416 
375 128 23 29 0.024252277 
276 251 12 15 0.02425063 
723 149 26 32 0.024158055 
802 110 23 29 0.023614759 
171 160 24 31 0.023566328 
548 399 31 43 0.023491485 
641 165 10 14 0.02336742 
886 513 136 131 0.023324676 
468 370 110 142 0.023293085 
987 203 15 22 0.023223745 
865 171 16 20 0.023080735 
725 120 15 19 0.0230209 
846 178 16 20 0.0227095 
413 214 494 474 0.022640707 
606 130 20 24 0.022631625 
165 87 425 439 0.022612723 
332 227 16 17 0.022569448 
309 274 12 16 0.022387244 
606 126 12 17 0.022162 
223 146 15 19 0.022136716 
995 200 24 31 0.02206693 
773 155 18 23 0.022054983 
394 269 15 15 0.02203842 
248 257 39 48 0.021455344 
805 211 36 49 0.021301353 
727 112 23 30 0.021261917 
351 247 11 13 0.02094449 
348 274 15 19 0.02091024 
366 166 25 31 0.020779457 
247 157 11 13 0.0206051 
843 132 14 19 0.02055564 
268 248 15 19 0.020546647 
279 212 12 13 0.020521533 
988 227 11 13 0.020330967 
263 224 22 31 0.020295233 
669 151 9 12 0.02023548 
590 146 14 17 0.020029275 
842 150 16 20 0.020007428 
