45_Balloonist_Balloonist_45_1028
134
317 634 21 32 0.8724817 
582 607 10 12 0.5636133 
16 621 22 32 0.44563964 
96 662 12 15 0.40445882 
460 575 43 50 0.37418094 
489 194 59 73 0.3373601 
387 625 17 21 0.29560918 
372 546 17 22 0.24323985 
3 570 12 15 0.22561525 
36 588 10 13 0.21623603 
155 636 20 26 0.18078132 
6 604 10 15 0.17283851 
23 628 25 30 0.15546115 
560 626 12 14 0.15145753 
369 636 11 12 0.14225712 
351 546 13 20 0.12402708 
53 588 13 16 0.1231318 
994 543 9 12 0.11977332 
13 598 12 17 0.119261995 
95 590 9 11 0.11442097 
591 613 10 13 0.104209 
656 603 9 13 0.10070412 
12 625 15 21 0.09750447 
576 612 10 13 0.09261926 
574 622 10 13 0.08979328 
834 522 16 23 0.08857886 
64 640 10 12 0.08782426 
61 590 10 12 0.07308478 
996 544 13 16 0.07289944 
422 561 11 13 0.06748183 
668 381 13 16 0.06696715 
588 607 10 13 0.06608393 
0 598 8 13 0.06563601 
565 623 12 15 0.0640604 
21 598 11 14 0.055879705 
1004 549 12 14 0.05549085 
527 614 10 13 0.054671515 
765 532 13 14 0.053816307 
387 634 16 23 0.053227276 
624 644 12 13 0.05229269 
8 629 12 15 0.05151492 
69 597 9 12 0.050738297 
408 537 13 17 0.05011018 
4 598 18 26 0.048942056 
722 518 25 26 0.046501487 
312 640 15 23 0.046251625 
340 660 10 13 0.04458057 
370 550 27 28 0.04425146 
229 673 14 16 0.043068293 
870 515 16 20 0.042645115 
408 495 10 13 0.042392906 
532 615 9 12 0.04239012 
606 645 11 12 0.041344397 
420 594 10 13 0.040760353 
46 588 14 16 0.04075832 
96 595 9 11 0.040191643 
69 591 9 12 0.039881933 
328 640 15 20 0.03944494 
96 584 9 11 0.039078142 
327 672 13 17 0.038599975 
343 611 12 16 0.037314948 
122 600 7 9 0.037075877 
112 583 8 9 0.03650978 
9 605 22 32 0.0358474 
510 68 25 30 0.035754483 
350 539 24 31 0.03540902 
616 582 10 13 0.035397828 
341 532 10 15 0.034576934 
777 529 40 45 0.034292273 
90 661 20 25 0.034284167 
195 562 16 20 0.033862025 
583 619 12 16 0.033422016 
69 568 9 11 0.032447975 
0 610 10 16 0.030772416 
361 540 23 30 0.03010574 
367 625 22 27 0.029920222 
79 599 8 11 0.02928489 
66 603 11 13 0.029232085 
499 627 17 24 0.029063892 
631 556 11 14 0.02897988 
580 602 19 23 0.02886409 
80 583 8 10 0.028647097 
601 595 12 15 0.028561836 
47 604 11 13 0.028536271 
689 590 10 13 0.028532265 
817 521 24 39 0.0283516 
697 612 9 12 0.028074175 
108 245 200 274 0.027981237 
90 592 8 10 0.027930321 
614 645 9 12 0.0276402 
88 597 8 12 0.027530948 
1000 536 10 13 0.027523788 
590 618 13 17 0.027140336 
430 526 14 18 0.026797408 
81 646 10 13 0.026771855 
36 593 11 14 0.026759291 
325 631 14 19 0.02668277 
-1 591 8 13 0.02641801 
695 620 11 16 0.02637609 
645 590 9 11 0.026158756 
392 620 16 20 0.026140852 
13 591 11 14 0.025482897 
0 637 8 12 0.025480466 
68 644 10 12 0.025367804 
700 555 95 116 0.025355749 
101 598 8 10 0.025147144 
282 670 13 16 0.025071932 
23 573 10 13 0.024323842 
521 614 12 15 0.024254201 
530 591 8 10 0.02411304 
303 629 37 46 0.02373092 
37 485 8 10 0.02357046 
31 605 11 12 0.023201376 
352 650 12 16 0.023117887 
622 627 15 17 0.022880713 
405 610 11 15 0.022698509 
220 596 13 19 0.022697788 
585 613 21 29 0.022662928 
114 589 7 10 0.02265686 
400 641 23 28 0.022418745 
344 478 33 36 0.022266302 
229 645 10 15 0.022217594 
964 588 14 17 0.022204395 
624 603 10 12 0.0221016 
564 597 11 14 0.021713337 
1014 539 10 15 0.021712992 
468 600 32 37 0.021477744 
681 614 11 13 0.021315156 
119 590 7 9 0.020861045 
516 209 38 43 0.020799497 
613 597 12 15 0.020708157 
387 608 24 30 0.020570423 
677 537 12 15 0.02047674 
565 647 22 33 0.020293338 
