45_Balloonist_Balloonist_45_434
19
585 62 162 262 0.99375254 
474 280 38 44 0.40063125 
451 308 23 30 0.18094179 
390 308 38 37 0.17778096 
137 319 233 202 0.094321676 
465 291 28 38 0.089335434 
475 298 33 43 0.07328948 
473 289 19 24 0.044626985 
465 321 36 44 0.044073038 
531 253 388 484 0.04134453 
446 317 31 36 0.03367098 
496 287 18 22 0.03344218 
198 194 356 471 0.03270163 
456 330 30 39 0.027058562 
467 334 48 58 0.02610615 
451 296 46 52 0.025980694 
707 94 416 433 0.023616035 
743 198 256 246 0.022143036 
237 286 196 276 0.022031998 
