45_Balloonist_Balloonist_45_107
55
558 331 11 13 0.9362567 
563 349 13 15 0.7536669 
536 354 12 18 0.4643051 
659 359 10 12 0.42685586 
575 374 13 17 0.292826 
486 375 12 15 0.25493082 
625 368 9 11 0.1742705 
385 465 26 32 0.09391705 
530 334 8 11 0.07879631 
599 357 10 13 0.07724072 
571 348 10 15 0.062250573 
604 359 9 11 0.04974623 
228 421 12 14 0.048937216 
605 364 9 12 0.04426826 
606 348 11 15 0.04086759 
393 461 16 19 0.04057527 
580 366 11 13 0.0394857 
535 343 8 12 0.03817519 
226 405 12 13 0.03740721 
530 338 9 13 0.034261476 
600 343 9 11 0.033868082 
657 353 9 13 0.033221107 
574 367 12 16 0.0329586 
479 375 15 19 0.032551944 
204 427 11 14 0.032497026 
743 531 26 28 0.032290444 
507 363 13 15 0.031248964 
583 349 10 14 0.030614385 
592 355 11 14 0.02927966 
655 356 17 23 0.028893387 
465 351 10 12 0.027318079 
608 333 9 12 0.02714143 
822 545 26 28 0.026550777 
645 398 12 15 0.02611244 
226 410 16 17 0.026017454 
614 334 10 13 0.025987515 
598 349 11 15 0.025467977 
558 337 13 17 0.024923317 
248 415 9 12 0.024765212 
562 328 11 13 0.023557162 
828 541 16 18 0.023287823 
236 420 11 12 0.022366328 
253 422 9 12 0.021799996 
547 573 51 56 0.02176007 
605 372 9 12 0.021753177 
564 359 14 18 0.021674696 
627 370 11 15 0.02143024 
464 355 12 17 0.021377852 
646 378 12 16 0.02085536 
378 461 41 57 0.020747319 
472 362 24 28 0.020557601 
551 355 9 13 0.020377476 
556 326 18 23 0.020368958 
613 338 13 16 0.02032366 
661 393 13 17 0.020219 
