45_Balloonist_Balloonist_45_936
34
142 152 323 466 0.9972084 
954 436 16 20 0.058996163 
757 322 29 33 0.055527147 
130 513 321 444 0.050350633 
923 443 52 68 0.046084028 
681 992 27 30 0.045416705 
891 964 13 17 0.041879173 
245 447 400 443 0.04097965 
990 421 16 18 0.0408445 
838 276 15 18 0.03856414 
830 374 13 17 0.03642582 
582 260 143 162 0.029217845 
873 45 101 149 0.028497716 
783 960 14 16 0.02807919 
979 458 27 32 0.027871627 
2 849 31 42 0.027016584 
1005 464 20 35 0.02611451 
846 250 13 16 0.025835581 
796 252 17 20 0.02541527 
853 251 13 15 0.025406683 
590 507 16 20 0.024526635 
216 703 116 176 0.024176013 
455 941 27 33 0.023796426 
991 456 27 39 0.023206517 
988 425 23 27 0.02276611 
1012 426 10 16 0.022381349 
957 417 9 10 0.022365464 
234 912 95 121 0.021962972 
838 247 11 14 0.021956045 
860 358 18 22 0.021907134 
254 958 67 65 0.021859683 
579 975 36 42 0.02180586 
179 794 104 136 0.021548547 
932 260 43 63 0.020293802 
