1_Handshaking_Handshaking_1_380
64
673 -9 136 128 0.9979107 
835 -6 105 131 0.35149756 
245 56 14 19 0.34042886 
296 54 13 17 0.19143775 
467 288 53 62 0.147216 
230 120 15 19 0.13971329 
681 638 20 25 0.1293132 
254 66 12 15 0.10355559 
327 48 9 13 0.09481286 
346 69 25 31 0.094241336 
347 66 16 21 0.08615014 
559 84 416 482 0.075791195 
248 153 442 499 0.07042447 
230 55 10 14 0.06152469 
291 55 22 26 0.055551194 
551 601 15 20 0.05534425 
232 115 25 28 0.052855674 
645 591 13 18 0.050784446 
594 606 17 22 0.046913177 
345 76 41 47 0.04689833 
652 584 21 27 0.045221273 
389 49 17 21 0.040839907 
722 -10 164 150 0.03963667 
495 27 30 37 0.039422452 
667 647 44 51 0.038100608 
334 51 11 15 0.037689198 
462 603 14 16 0.036010787 
339 57 21 28 0.03569347 
635 589 21 25 0.034580357 
541 628 13 16 0.034276165 
453 124 17 22 0.034209684 
667 590 16 22 0.03331963 
621 598 23 29 0.03287522 
239 54 14 17 0.031186203 
512 16 31 42 0.030922217 
615 579 13 17 0.030635959 
632 640 21 28 0.030481588 
338 52 14 17 0.029478166 
260 76 13 17 0.029001743 
257 235 113 108 0.028589644 
405 116 27 36 0.02824518 
329 45 21 27 0.027930656 
581 582 13 16 0.02756363 
627 11 51 68 0.027363515 
213 97 16 18 0.027326975 
518 629 47 54 0.027205098 
354 59 17 22 0.0269418 
320 45 20 24 0.026507014 
121 362 29 36 0.026289627 
355 64 25 32 0.025507512 
298 47 22 28 0.025380833 
224 117 14 18 0.025060013 
550 636 13 16 0.024675895 
88 109 8 11 0.023230918 
380 554 114 138 0.022981476 
204 100 15 16 0.022957832 
80 166 350 439 0.022168707 
683 4 13 12 0.021889694 
248 60 20 24 0.021641912 
659 579 24 30 0.02102633 
619 651 13 18 0.020772466 
333 66 15 21 0.020718636 
535 382 47 52 0.020637969 
613 654 17 23 0.020292478 
