1_Handshaking_Handshaking_1_579
1015
623 234 27 35 0.9996063 
586 250 27 36 0.9995265 
649 278 31 41 0.9994154 
78 363 30 33 0.9984738 
146 313 30 41 0.998293 
942 426 34 46 0.9982822 
169 283 26 29 0.9980235 
497 405 34 46 0.99745756 
530 313 27 33 0.9973023 
635 195 24 31 0.9970349 
750 305 28 34 0.9967397 
383 279 24 31 0.9965838 
676 364 33 42 0.9964812 
583 319 34 41 0.9962082 
777 354 28 38 0.9957015 
469 349 28 37 0.9951556 
882 272 30 39 0.9949202 
892 173 24 31 0.99281 
860 257 24 33 0.99225277 
272 215 25 32 0.991577 
307 258 22 28 0.9908103 
531 195 21 28 0.9886037 
530 239 19 25 0.98706776 
789 410 33 42 0.986072 
237 195 24 31 0.9859584 
595 419 34 42 0.984064 
396 381 32 39 0.98309636 
499 202 18 23 0.9829642 
440 309 24 33 0.9821552 
859 343 33 43 0.9812744 
908 147 18 23 0.97887796 
443 132 14 18 0.9776219 
243 147 18 23 0.9772167 
644 170 18 22 0.9746115 
736 144 17 21 0.9739942 
1004 230 20 32 0.96808684 
647 126 14 17 0.96792936 
378 177 17 22 0.965638 
33 162 19 23 0.9646519 
88 211 21 27 0.9643091 
886 143 17 21 0.9637761 
798 137 14 19 0.9621957 
587 205 20 25 0.9603085 
265 145 16 20 0.95858115 
494 285 23 29 0.95789504 
35 116 15 20 0.95394933 
485 160 19 21 0.9535537 
131 152 20 24 0.9529543 
174 244 21 25 0.9497683 
150 205 22 27 0.94936293 
126 129 16 21 0.94312495 
799 219 26 31 0.93927133 
303 77 10 13 0.93109155 
780 203 15 22 0.93047976 
522 129 15 19 0.92941797 
27 204 22 29 0.9278226 
5 259 18 24 0.9265511 
839 138 16 21 0.9261547 
564 142 14 17 0.9229067 
387 75 13 16 0.9211082 
949 160 16 22 0.91518486 
874 235 24 32 0.9122508 
180 313 29 35 0.91158813 
765 152 14 21 0.91022635 
615 98 11 15 0.90958434 
1006 135 17 23 0.8990146 
741 188 22 28 0.8989111 
220 181 18 23 0.8987656 
729 111 14 18 0.892165 
418 333 29 37 0.89055425 
73 188 19 24 0.8891595 
568 187 19 24 0.8823524 
927 107 13 16 0.87752396 
277 308 23 27 0.8746965 
678 94 12 16 0.8728779 
830 242 22 27 0.8685673 
465 226 17 21 0.8672795 
310 153 14 18 0.86676574 
475 134 12 16 0.86294943 
977 191 21 25 0.86046106 
721 160 17 21 0.85871583 
827 111 14 18 0.8582756 
510 117 12 15 0.85488135 
121 254 21 25 0.82893735 
622 119 12 16 0.82418865 
256 395 23 29 0.8188 
574 77 12 15 0.81775135 
990 105 11 16 0.7965157 
425 99 11 14 0.7954429 
838 513 23 39 0.7938578 
961 109 14 17 0.7875117 
303 102 10 13 0.7660231 
145 86 11 14 0.7619999 
200 231 19 25 0.7577836 
170 119 14 17 0.7552894 
8 114 12 16 0.75320566 
73 326 24 31 0.749259 
322 344 31 36 0.7448713 
244 123 11 16 0.7369969 
663 187 19 26 0.73338133 
780 123 13 18 0.73116535 
869 154 13 16 0.716602 
402 152 15 18 0.7107914 
649 145 14 17 0.7101055 
271 113 13 16 0.70999104 
423 152 12 16 0.70567733 
847 120 14 17 0.6903395 
191 150 16 21 0.6854732 
870 183 17 21 0.68432266 
591 98 10 13 0.681403 
707 92 12 15 0.68119293 
904 96 11 14 0.66717803 
190 195 24 26 0.66632456 
678 127 14 16 0.6638738 
418 66 10 13 0.659227 
455 165 15 19 0.65808994 
708 129 13 16 0.6486204 
697 78 11 13 0.64418924 
326 206 19 27 0.6430517 
101 117 13 17 0.64149 
397 98 10 13 0.6413448 
28 256 16 22 0.6369333 
21 193 17 19 0.6305388 
886 479 43 54 0.6298448 
364 199 18 25 0.62688667 
102 184 15 20 0.6057612 
371 258 20 27 0.6008414 
1 295 22 31 0.5892934 
59 280 14 18 0.5848479 
554 164 15 18 0.5769714 
603 166 12 15 0.537917 
457 117 10 14 0.5370318 
356 102 11 15 0.5316821 
335 95 11 13 0.5269484 
833 177 15 21 0.52550143 
745 69 12 14 0.5242815 
771 160 15 20 0.51553524 
71 160 23 25 0.51202726 
473 80 10 13 0.50985587 
947 142 14 17 0.49786386 
0 186 11 17 0.47987407 
374 94 11 14 0.47543585 
543 115 14 17 0.46815068 
638 101 11 14 0.4638546 
613 71 10 13 0.45973203 
318 293 23 26 0.45815602 
340 71 12 14 0.4445333 
640 82 11 13 0.44388443 
953 211 14 18 0.4268394 
112 310 18 21 0.42383528 
294 60 9 11 0.41896468 
444 223 13 17 0.41545442 
358 173 13 17 0.4143726 
453 81 9 11 0.41422838 
229 142 13 18 0.40157452 
836 207 14 19 0.39868408 
279 133 11 14 0.39386284 
660 66 11 14 0.39345157 
919 180 14 21 0.38771755 
967 164 15 19 0.38661844 
328 303 25 28 0.38654312 
21 130 13 16 0.3823156 
757 253 25 32 0.38097095 
133 108 12 16 0.3612476 
264 182 20 25 0.3581279 
341 117 11 13 0.34508744 
349 72 11 13 0.3447623 
363 140 12 16 0.33625618 
230 246 22 27 0.33583337 
419 200 15 18 0.32486734 
790 78 13 16 0.32473645 
819 167 16 22 0.32207853 
666 132 11 15 0.3201583 
679 138 12 16 0.31851742 
250 106 10 13 0.31833482 
954 185 15 18 0.31642142 
402 212 15 20 0.31431946 
183 119 11 15 0.31119603 
617 178 14 19 0.30505884 
478 111 12 14 0.30145973 
367 301 14 18 0.29954275 
374 253 14 19 0.2992251 
175 91 10 13 0.2915398 
866 82 12 16 0.2862832 
70 154 17 20 0.278752 
996 363 26 38 0.2762928 
389 125 11 14 0.27553645 
782 74 13 17 0.27476844 
559 232 23 30 0.27475974 
826 283 24 28 0.27240524 
822 154 14 18 0.2691381 
296 130 13 17 0.26900893 
165 191 16 20 0.2623135 
9 394 28 32 0.25365537 
547 90 13 16 0.25207382 
173 298 28 36 0.24874485 
335 116 10 13 0.24286346 
926 295 17 21 0.24026391 
354 243 15 20 0.24016379 
446 380 20 27 0.23861663 
477 95 9 11 0.23334992 
163 178 17 23 0.2328806 
263 334 25 30 0.2319823 
450 276 14 17 0.23115812 
78 267 14 18 0.22917768 
361 127 9 12 0.22879052 
325 155 15 18 0.22576636 
85 265 15 20 0.2245192 
515 357 23 28 0.22290796 
397 235 13 17 0.22227141 
215 385 21 33 0.21560761 
1000 336 20 29 0.21261568 
375 410 26 40 0.2093854 
532 156 13 15 0.20878871 
783 104 13 17 0.20591529 
863 154 13 16 0.20472753 
585 92 12 15 0.20203425 
323 133 13 16 0.20107242 
695 117 11 14 0.20073853 
609 142 10 13 0.19947067 
840 514 38 55 0.19762136 
11 291 24 32 0.19728015 
654 456 25 42 0.19634861 
702 85 11 13 0.19604073 
532 148 14 17 0.19583595 
292 340 21 29 0.19519247 
91 263 16 20 0.19062804 
419 329 20 23 0.18911707 
473 63 9 11 0.1885399 
357 96 9 12 0.1882806 
668 221 13 17 0.18491425 
709 189 16 19 0.18161955 
381 48 8 10 0.17845294 
40 257 15 19 0.1738757 
693 156 12 15 0.17335856 
819 139 14 17 0.17222537 
471 249 14 18 0.17147362 
548 111 11 13 0.17030476 
820 148 14 18 0.16910765 
451 136 13 17 0.16895893 
404 257 14 19 0.16895247 
62 217 14 21 0.16638301 
504 156 12 16 0.16589218 
794 310 23 30 0.1630033 
365 230 16 22 0.16137142 
201 80 10 12 0.15543649 
431 286 14 16 0.15450923 
739 201 21 27 0.15403533 
322 329 27 34 0.15298764 
972 86 11 13 0.15011674 
165 110 10 12 0.14959499 
125 223 16 21 0.14926478 
469 101 10 12 0.14867502 
264 91 10 13 0.1479264 
249 281 20 27 0.1478587 
529 133 14 17 0.14737865 
90 386 23 27 0.14707747 
161 103 9 12 0.14691392 
933 186 14 17 0.14677969 
78 339 26 31 0.14674628 
702 150 12 15 0.1454218 
361 131 11 15 0.14373402 
651 190 19 28 0.14334434 
404 144 10 13 0.1424206 
189 320 28 36 0.14162149 
380 53 9 11 0.14131096 
537 60 9 12 0.13926512 
67 211 14 20 0.13782343 
461 110 11 14 0.13755187 
583 131 12 15 0.1373216 
522 101 10 12 0.13722733 
805 204 14 18 0.13665079 
828 172 15 19 0.13603456 
589 88 9 12 0.13579583 
74 174 23 27 0.1342188 
162 316 31 36 0.13398825 
317 305 18 21 0.1310607 
354 232 21 27 0.12841181 
80 121 14 18 0.12723972 
393 96 11 13 0.12681256 
453 385 22 28 0.12662108 
298 192 21 25 0.12601824 
520 79 10 12 0.12599732 
511 368 26 30 0.12510432 
21 42 23 30 0.123197354 
916 132 13 16 0.12291732 
352 156 11 13 0.12223036 
551 157 15 18 0.12167462 
895 92 9 13 0.120105915 
75 205 20 27 0.119929165 
491 251 16 20 0.11989086 
490 326 21 25 0.11987771 
375 133 11 14 0.11834643 
260 133 11 14 0.11714109 
564 119 10 12 0.11712891 
313 56 8 11 0.11644448 
386 31 8 11 0.116118826 
803 210 18 22 0.11579286 
7 367 24 31 0.11539236 
15 189 14 17 0.11534125 
582 85 11 14 0.1139033 
369 77 10 12 0.11274451 
742 215 15 18 0.112724945 
1001 83 11 13 0.11204574 
-2 321 20 34 0.1112844 
498 299 18 22 0.110512175 
560 118 9 12 0.10991991 
424 320 26 34 0.10892415 
6 385 23 31 0.10807178 
330 94 9 12 0.10758051 
846 166 13 16 0.10693958 
744 81 11 14 0.105637014 
445 100 10 13 0.104773745 
519 71 8 9 0.10328505 
923 255 22 29 0.10203155 
757 47 8 10 0.10090577 
35 290 23 29 0.09946794 
389 220 13 17 0.099253014 
358 146 12 16 0.09656447 
187 110 11 13 0.09558221 
861 310 23 26 0.095047876 
413 84 11 13 0.09381515 
26 402 17 22 0.09345028 
301 127 11 14 0.093418896 
116 84 12 14 0.09120938 
540 97 14 16 0.09117075 
759 109 11 14 0.09086402 
408 84 10 13 0.09062677 
225 103 9 11 0.09014056 
869 264 26 34 0.090109095 
624 164 12 15 0.08974017 
262 70 8 11 0.0890477 
414 47 8 11 0.08803461 
382 60 10 12 0.087871365 
854 149 13 16 0.08775697 
915 224 15 18 0.087165974 
600 114 10 13 0.087068185 
280 336 24 32 0.08675458 
415 103 9 12 0.086594716 
320 138 13 15 0.086256705 
880 468 35 46 0.08604208 
424 54 9 11 0.08597664 
17 260 21 25 0.08429526 
833 114 15 17 0.0842941 
373 72 10 13 0.08421241 
308 167 17 19 0.08398762 
229 101 10 13 0.08388821 
385 389 29 42 0.08369548 
312 30 7 9 0.083352156 
458 121 13 16 0.082956955 
257 71 9 11 0.08285497 
537 77 10 11 0.08262005 
871 248 31 38 0.08261153 
205 83 9 11 0.082327515 
94 82 12 14 0.08184721 
622 193 15 20 0.08154724 
375 140 10 14 0.081405826 
424 144 11 14 0.08106239 
677 108 11 13 0.0807897 
390 37 8 10 0.08065585 
836 69 11 14 0.07982949 
505 162 15 18 0.07929035 
620 94 10 14 0.07903818 
663 116 9 12 0.07898839 
287 78 10 13 0.078556776 
322 125 10 13 0.078474335 
431 343 19 26 0.07826526 
536 94 11 13 0.0781813 
99 259 16 20 0.07816505 
30 109 15 19 0.07814137 
712 47 9 11 0.077852175 
79 356 23 24 0.07741217 
250 93 9 12 0.07724585 
229 95 9 11 0.076481596 
542 78 10 11 0.076242425 
26 34 15 19 0.07606113 
801 232 20 26 0.07591653 
685 147 12 14 0.075888254 
954 477 28 36 0.07481881 
443 279 21 23 0.07480386 
643 107 13 15 0.074797094 
245 53 8 10 0.07445431 
354 265 17 22 0.07441934 
526 96 9 12 0.07392847 
612 146 11 13 0.07392468 
886 70 10 12 0.07324712 
672 112 9 13 0.07310104 
988 125 12 14 0.07280853 
764 132 12 16 0.072740346 
139 306 27 37 0.07159836 
85 78 12 15 0.0709826 
381 131 11 15 0.07076852 
441 93 9 13 0.070696294 
340 97 12 14 0.070578076 
108 258 15 20 0.07022283 
462 45 9 12 0.068788774 
434 282 20 23 0.06871064 
231 152 13 17 0.068656854 
752 53 10 12 0.067912094 
913 140 15 19 0.06710155 
557 225 16 20 0.067082696 
413 154 13 16 0.06684497 
851 169 13 18 0.06651565 
923 174 13 16 0.06644599 
65 275 18 23 0.065944105 
611 76 10 12 0.065357134 
5 292 13 19 0.06504517 
853 356 24 35 0.064951666 
703 139 13 17 0.06427674 
496 85 12 15 0.06376203 
677 118 11 13 0.06367018 
569 208 16 20 0.06314164 
133 52 9 11 0.06310841 
271 104 10 12 0.06307493 
775 70 11 13 0.06289002 
349 124 10 13 0.062496033 
325 314 28 32 0.061949015 
373 126 12 15 0.061514076 
790 292 21 27 0.061259836 
299 382 15 24 0.061221465 
734 102 11 14 0.061032213 
778 135 16 20 0.060366023 
435 252 15 19 0.06021816 
664 127 10 14 0.05977673 
-1 303 15 24 0.059486993 
62 401 21 29 0.059227042 
222 121 10 14 0.058900926 
228 184 22 27 0.058797095 
852 68 9 12 0.0582808 
889 91 10 13 0.057953086 
241 120 11 14 0.057783574 
867 170 15 18 0.05761744 
269 323 28 33 0.057367533 
108 111 12 16 0.05736551 
1008 164 12 14 0.056951504 
325 118 11 13 0.056880277 
671 192 20 29 0.056847498 
261 76 9 11 0.0564295 
703 64 8 10 0.056156226 
343 120 12 15 0.05582959 
569 197 16 21 0.05560574 
450 83 10 13 0.05550508 
409 47 10 12 0.055294495 
341 112 9 12 0.05523792 
190 133 13 16 0.054388326 
953 145 15 19 0.054190505 
555 93 10 12 0.05398257 
596 95 10 13 0.053916264 
249 89 8 10 0.05360825 
384 225 14 18 0.0534953 
500 277 15 18 0.05333941 
490 184 15 18 0.052975863 
407 102 9 12 0.052905932 
459 138 12 15 0.05252404 
465 103 11 12 0.052349504 
478 100 9 12 0.052101724 
336 358 19 24 0.052009013 
994 104 11 13 0.051981173 
568 102 10 13 0.051631935 
653 117 11 14 0.051231146 
351 94 11 14 0.050348777 
557 110 9 12 0.05023986 
769 149 17 21 0.049965326 
701 72 9 11 0.049932607 
19 283 24 30 0.049776964 
352 171 13 17 0.049706034 
963 210 14 19 0.04963523 
149 149 12 15 0.04959283 
983 142 11 15 0.04955108 
622 200 21 27 0.0495195 
451 315 23 29 0.049486723 
435 274 16 19 0.049467493 
748 63 12 15 0.04933415 
390 337 20 26 0.049067847 
322 45 8 10 0.048929308 
140 300 17 19 0.04875977 
403 239 14 18 0.048642237 
503 79 10 12 0.04831149 
305 117 10 13 0.048205752 
855 466 29 37 0.047893558 
126 102 12 15 0.047825634 
561 164 14 17 0.04779738 
669 137 13 16 0.04758382 
24 251 15 22 0.04741857 
655 407 24 26 0.047408488 
67 220 16 22 0.047387734 
711 351 16 20 0.047363967 
50 284 20 25 0.047339994 
608 85 9 12 0.04729318 
622 111 11 14 0.047229744 
881 70 11 13 0.046964787 
871 426 30 39 0.046950076 
270 305 18 22 0.04678782 
302 421 14 18 0.046710245 
463 70 9 12 0.046580117 
192 209 24 29 0.04604511 
70 269 15 18 0.04602174 
781 53 9 11 0.04600275 
450 220 14 18 0.0457628 
589 117 10 12 0.045695942 
472 115 11 15 0.04559051 
781 95 11 14 0.045106184 
661 456 15 26 0.044992823 
276 136 13 18 0.04451171 
34 399 15 23 0.04444504 
484 132 11 16 0.044407893 
225 95 9 11 0.04427645 
430 55 10 12 0.04404599 
33 48 16 21 0.044032387 
776 107 11 14 0.043902516 
542 71 9 11 0.043893974 
180 88 9 12 0.043881323 
342 238 16 22 0.043791123 
684 200 17 23 0.043513905 
321 40 8 10 0.04344965 
356 324 21 27 0.04342003 
373 119 10 11 0.043194737 
863 501 44 58 0.043176427 
467 235 20 26 0.043035503 
568 109 10 12 0.04295861 
474 125 14 18 0.042714592 
958 279 13 19 0.04247213 
234 259 18 23 0.042244166 
365 190 14 18 0.042226166 
301 73 17 22 0.042077597 
454 211 14 17 0.041711472 
241 48 8 11 0.04148008 
190 140 14 17 0.04135397 
840 202 16 20 0.041319218 
831 204 14 19 0.04129074 
458 172 16 21 0.041120104 
654 111 10 13 0.041074704 
106 164 21 27 0.040880438 
503 141 11 14 0.040624138 
471 69 9 11 0.040579002 
776 166 16 20 0.040544894 
971 409 29 40 0.04045649 
398 47 9 10 0.040385522 
834 277 17 20 0.04024796 
696 73 10 13 0.040098585 
319 77 10 12 0.04003337 
145 191 24 28 0.039992034 
188 233 21 25 0.039665986 
960 84 10 13 0.039449267 
494 160 19 22 0.039378904 
289 55 9 11 0.03937507 
711 106 11 15 0.039268177 
680 68 8 11 0.039205577 
497 55 9 11 0.039119046 
169 93 11 13 0.039079465 
84 115 18 23 0.039053496 
488 280 21 28 0.039048653 
634 456 37 52 0.038885634 
855 477 44 53 0.038852092 
332 132 11 14 0.03881646 
433 266 17 20 0.038775105 
988 130 13 17 0.03857826 
537 69 10 12 0.038409777 
78 413 26 33 0.038406808 
268 88 9 11 0.038301434 
180 138 14 18 0.03813223 
587 93 19 24 0.037892547 
561 122 12 15 0.037803788 
280 54 8 11 0.03772566 
265 400 26 34 0.03770243 
824 163 16 20 0.03763044 
441 100 9 13 0.03758753 
487 72 9 10 0.037429176 
672 146 13 16 0.03730451 
637 47 8 10 0.037223388 
276 126 12 16 0.03720016 
246 48 8 10 0.036972325 
438 71 11 13 0.036932267 
432 229 11 15 0.03686944 
662 449 29 42 0.03683035 
411 256 13 19 0.036829136 
969 89 11 14 0.03679604 
3 284 14 19 0.03671934 
763 139 14 18 0.036626063 
200 334 17 23 0.03661155 
334 123 11 13 0.03660599 
913 79 9 11 0.036467735 
326 78 8 11 0.03623643 
439 383 17 22 0.03620972 
301 379 25 33 0.036153343 
547 96 15 18 0.03605995 
456 44 10 12 0.036057197 
918 263 16 22 0.035964947 
326 40 9 11 0.03593 
266 195 23 29 0.035488904 
216 46 9 12 0.035401966 
300 137 13 17 0.035368342 
263 65 8 10 0.035322398 
441 109 10 12 0.0353122 
17 365 23 30 0.035136938 
870 91 10 13 0.034982257 
247 63 8 9 0.034850914 
279 47 8 10 0.03462494 
416 177 12 15 0.03454252 
414 78 10 13 0.034484122 
102 280 15 19 0.034469407 
1001 341 25 43 0.034451697 
470 109 11 13 0.03442461 
166 60 9 11 0.034410153 
529 159 19 22 0.03439855 
390 148 11 14 0.034142606 
336 88 10 12 0.034078777 
859 458 18 24 0.03403007 
372 244 14 20 0.034020137 
252 125 11 15 0.033936772 
126 117 13 16 0.03387289 
662 182 15 20 0.03385509 
440 129 13 15 0.033759706 
775 119 14 17 0.03368613 
422 159 13 16 0.03357456 
735 96 9 12 0.03356731 
297 417 24 31 0.033553544 
455 39 10 12 0.033446815 
467 172 13 18 0.03344227 
951 193 17 21 0.03343987 
125 270 16 20 0.033410765 
987 139 12 16 0.03337844 
495 107 10 14 0.03318722 
11 156 15 19 0.033137728 
94 373 19 23 0.032975547 
315 59 10 13 0.03288883 
794 105 14 17 0.03287095 
471 56 9 9 0.03286829 
863 159 18 24 0.032838967 
438 61 8 10 0.03276934 
94 111 14 19 0.032748856 
705 98 11 14 0.032503046 
12 181 14 19 0.032382797 
424 39 7 9 0.03228615 
1 364 17 22 0.03227569 
647 120 13 15 0.032123417 
437 55 9 10 0.032039944 
422 47 9 10 0.03199327 
588 125 12 15 0.031816304 
555 177 16 21 0.031771082 
0 344 11 18 0.031624038 
506 149 13 17 0.031310994 
692 141 13 16 0.03129831 
859 326 30 38 0.031219313 
303 55 9 11 0.031131983 
929 112 14 17 0.031120142 
983 122 12 14 0.031002162 
223 40 8 9 0.03098573 
494 277 14 18 0.030915169 
477 276 14 19 0.030892652 
4 172 15 20 0.030884644 
68 200 15 21 0.030847743 
625 179 16 18 0.030798143 
271 65 8 9 0.030767998 
501 60 9 11 0.030678118 
369 95 10 13 0.030651549 
812 77 11 13 0.030624254 
314 272 24 30 0.030547626 
366 99 10 14 0.030546205 
309 141 13 16 0.030433306 
556 100 10 14 0.03030221 
768 261 18 22 0.03025369 
301 97 17 22 0.030063493 
113 79 10 12 0.030050503 
184 104 10 12 0.030043723 
55 267 22 25 0.030002363 
215 120 13 16 0.02995246 
764 103 11 14 0.029912004 
396 104 12 15 0.02982159 
916 91 12 14 0.029803565 
255 32 7 8 0.029646693 
278 61 9 11 0.029616859 
483 109 11 14 0.029516313 
917 191 15 19 0.029422859 
253 87 9 11 0.029379874 
513 64 8 11 0.029377915 
414 51 10 12 0.029350093 
443 214 15 18 0.029324066 
611 164 13 17 0.02929559 
265 55 8 9 0.029263258 
318 408 31 39 0.02926149 
455 62 9 11 0.02909379 
230 30 10 11 0.02902675 
256 65 8 10 0.029023279 
773 197 17 20 0.029017942 
508 231 15 20 0.029007694 
366 118 10 12 0.028978374 
778 101 12 16 0.028903112 
376 58 11 13 0.028875398 
342 87 10 12 0.028862283 
237 280 22 32 0.02884494 
477 38 9 11 0.028788213 
273 178 18 21 0.028783532 
392 46 9 11 0.028744463 
757 52 9 12 0.028742958 
854 78 11 13 0.028685685 
762 268 18 22 0.028553316 
363 261 21 29 0.028482059 
476 210 15 18 0.028449815 
101 128 14 17 0.028430382 
362 312 16 21 0.028388081 
1013 179 11 16 0.028367821 
524 107 11 13 0.028304216 
653 46 9 11 0.028270276 
154 298 32 45 0.028237378 
924 121 13 16 0.028195027 
139 131 13 16 0.02810818 
459 332 24 31 0.028091181 
950 102 11 14 0.028072795 
100 83 11 14 0.028035365 
948 135 13 16 0.027998162 
341 64 11 13 0.02791625 
524 70 9 11 0.027842313 
25 194 22 27 0.027805068 
392 94 19 23 0.0277959 
560 181 21 26 0.027728362 
860 440 28 37 0.027682211 
702 191 16 19 0.027656386 
350 163 13 17 0.02765282 
445 194 15 18 0.027649442 
0 272 11 18 0.02759137 
576 46 11 13 0.027541015 
495 72 8 10 0.02752551 
644 95 11 12 0.027511038 
160 124 11 14 0.027505897 
487 382 25 30 0.02750563 
385 120 18 24 0.027491601 
251 115 12 15 0.027458353 
217 103 8 10 0.027409874 
6 405 26 34 0.027391626 
318 30 8 10 0.027306387 
879 94 9 12 0.02730492 
171 412 25 35 0.027279813 
303 148 13 18 0.02721127 
778 144 16 20 0.027182559 
375 88 10 13 0.027141726 
359 87 8 11 0.027137794 
560 134 14 16 0.027123021 
29 100 26 30 0.027093137 
392 53 9 11 0.027060676 
717 46 9 12 0.027025903 
955 242 16 23 0.02700906 
974 145 11 16 0.027005712 
254 194 24 30 0.026994921 
617 121 12 16 0.026981331 
848 64 11 12 0.02696662 
28 278 25 30 0.026881175 
804 167 16 21 0.026878659 
863 192 15 17 0.026817523 
901 498 36 44 0.026814546 
968 197 23 30 0.026809417 
304 48 8 9 0.026766164 
563 219 15 18 0.026728157 
245 403 31 33 0.026719183 
233 266 23 33 0.026693484 
965 203 14 19 0.026648905 
513 70 8 9 0.026626874 
299 333 23 33 0.02661183 
340 302 16 20 0.026570207 
309 71 10 12 0.026564403 
493 233 14 17 0.02649013 
344 188 13 17 0.026429813 
223 88 8 10 0.026418502 
80 251 23 27 0.026332913 
806 77 12 14 0.026261764 
997 156 12 15 0.026250985 
877 489 36 54 0.026230043 
828 103 16 19 0.02622662 
140 107 11 16 0.026122443 
605 111 10 13 0.02609042 
316 215 16 21 0.0260787 
287 71 10 11 0.026067887 
59 394 17 21 0.026058078 
221 46 9 10 0.026031824 
812 208 23 27 0.026014296 
132 299 18 21 0.026008088 
439 164 10 13 0.025969354 
487 46 8 11 0.025952052 
605 160 13 16 0.02593317 
122 210 21 27 0.025902761 
399 252 14 20 0.02589228 
287 315 18 25 0.025881907 
317 201 23 27 0.025839325 
444 301 16 19 0.0257964 
964 146 13 17 0.02573763 
254 183 20 26 0.02565729 
720 79 9 11 0.025592716 
510 78 10 13 0.02558856 
65 290 23 28 0.025516964 
492 132 11 14 0.02547857 
384 82 11 13 0.025460048 
895 115 11 14 0.025455143 
462 79 10 11 0.025323216 
669 126 13 16 0.025308164 
243 370 31 36 0.025231306 
700 108 12 15 0.025217062 
160 95 9 13 0.025193557 
827 256 24 30 0.025137192 
713 130 13 17 0.025011016 
265 97 11 14 0.025002958 
407 39 10 11 0.024993684 
973 472 24 35 0.02490498 
654 54 9 10 0.024882643 
689 78 10 12 0.024836127 
473 254 17 20 0.024803609 
348 192 21 27 0.024752334 
477 68 10 11 0.024740936 
443 202 15 18 0.024704857 
399 39 8 9 0.02464124 
445 243 14 17 0.024622178 
358 306 14 18 0.02459511 
614 65 9 11 0.024594948 
62 58 13 17 0.024512745 
415 117 10 12 0.02433655 
439 88 10 12 0.024325 
990 343 15 20 0.024303803 
118 100 14 16 0.024277259 
380 247 13 16 0.024266567 
11 121 14 18 0.024265744 
477 220 14 17 0.024256641 
235 142 15 19 0.024197305 
934 91 11 13 0.024193905 
237 31 8 10 0.024180744 
646 151 15 19 0.02416123 
277 104 9 11 0.024153752 
674 140 19 23 0.024150351 
48 294 16 21 0.02408293 
624 88 9 11 0.024076186 
536 85 11 13 0.024065305 
636 98 19 23 0.02405446 
885 177 18 23 0.02405156 
24 30 13 17 0.024038056 
776 82 13 16 0.023994341 
1 114 12 18 0.023991514 
75 251 18 21 0.023975108 
42 109 17 20 0.023967125 
962 186 14 18 0.023957785 
125 86 9 12 0.02395658 
448 430 25 37 0.023924926 
874 174 16 20 0.023922808 
619 161 20 25 0.023900272 
364 185 24 30 0.02388566 
406 93 9 13 0.023830121 
97 267 21 26 0.023822814 
381 212 13 16 0.023788974 
344 307 16 19 0.02378604 
359 115 11 14 0.023736559 
679 89 10 13 0.023717193 
500 231 15 20 0.023711048 
914 298 25 29 0.02366557 
915 84 12 15 0.02362866 
916 200 16 19 0.023599802 
507 141 13 15 0.023570528 
460 206 13 16 0.023522876 
964 190 22 27 0.023504619 
687 71 8 10 0.023447467 
323 284 17 20 0.023421772 
488 39 8 9 0.023371615 
479 337 25 32 0.02331034 
312 159 16 20 0.023259176 
757 232 15 18 0.023257973 
988 345 28 38 0.023249308 
970 158 14 17 0.023243614 
716 101 10 13 0.023243288 
518 65 9 11 0.023239229 
318 71 9 11 0.02323027 
432 47 9 11 0.023148362 
161 62 10 12 0.02313237 
516 349 18 22 0.023116738 
151 390 29 32 0.023112895 
294 389 15 21 0.023099886 
206 138 12 16 0.023085102 
464 94 9 12 0.02307737 
6 162 15 18 0.023072312 
665 200 21 29 0.023058748 
43 300 17 22 0.023019163 
672 54 9 10 0.023014402 
401 223 15 21 0.022957647 
0 263 15 22 0.022954164 
182 195 14 19 0.022935336 
470 75 17 22 0.022918396 
493 127 9 12 0.022902567 
614 202 15 21 0.022877697 
706 153 14 18 0.022793064 
471 148 13 16 0.022772029 
239 310 21 30 0.022765424 
500 373 25 29 0.022737494 
63 33 9 11 0.022707054 
298 78 10 14 0.022706803 
421 251 13 18 0.022693379 
415 39 8 10 0.022622742 
330 413 16 21 0.02259834 
539 162 14 18 0.022583049 
661 85 9 12 0.022573926 
479 156 14 18 0.022565074 
334 62 12 14 0.022556692 
688 54 8 10 0.022475809 
169 198 15 20 0.022468414 
848 529 20 30 0.022463785 
649 45 9 11 0.022452919 
757 60 10 13 0.022445964 
305 30 8 11 0.022421217 
464 51 9 12 0.02239434 
173 96 11 15 0.022379795 
458 379 17 21 0.022374552 
495 78 10 13 0.022331005 
867 300 25 30 0.022315927 
523 83 12 14 0.022275642 
610 67 17 22 0.02222493 
579 72 11 13 0.022198843 
631 108 10 13 0.02219152 
630 69 10 12 0.022165999 
421 290 13 19 0.022159461 
470 45 9 11 0.022073736 
568 61 10 12 0.022052966 
83 391 25 32 0.022040533 
273 47 8 10 0.021969473 
380 267 21 28 0.021944553 
659 172 13 18 0.02194019 
126 279 15 18 0.0219213 
908 319 35 44 0.021889593 
1012 128 11 16 0.021887243 
189 412 32 45 0.02186888 
452 101 11 14 0.021850232 
1004 170 15 20 0.021846335 
572 132 12 17 0.02182482 
448 37 9 11 0.021821948 
830 142 18 24 0.021788217 
503 134 11 14 0.021786282 
830 61 11 15 0.021771206 
725 78 10 12 0.021756873 
566 239 25 32 0.021681553 
884 116 12 14 0.021608144 
55 222 15 20 0.021603607 
360 60 9 11 0.02158956 
383 148 10 14 0.021585172 
827 90 14 17 0.021544298 
337 15 8 10 0.021534339 
395 123 12 15 0.021533607 
872 99 9 12 0.0215179 
118 356 23 29 0.021517517 
447 55 9 11 0.021464093 
888 65 10 12 0.021421522 
879 114 11 15 0.021420492 
885 110 10 12 0.021416435 
447 61 9 11 0.021413555 
363 109 11 13 0.02135645 
888 100 10 13 0.02133873 
342 53 10 12 0.021322636 
422 87 9 12 0.02132218 
788 72 13 15 0.02130064 
281 77 9 13 0.0212795 
555 86 10 13 0.021258373 
695 102 10 13 0.021245992 
125 388 16 24 0.021242749 
336 112 20 23 0.021215227 
405 205 19 24 0.021181628 
399 134 10 13 0.021180551 
943 165 16 21 0.02114435 
319 93 9 12 0.021120258 
773 66 21 26 0.021119336 
285 323 25 34 0.02109495 
444 231 15 20 0.021085612 
622 126 12 16 0.021070186 
879 76 10 13 0.021045046 
936 182 19 24 0.021030532 
536 140 14 16 0.021009995 
710 63 9 12 0.021005934 
798 203 15 20 0.020933658 
294 432 14 20 0.020914871 
911 126 12 14 0.020866303 
180 408 26 43 0.020846633 
447 31 9 11 0.020771654 
343 67 18 23 0.020736003 
958 133 13 15 0.020722453 
225 174 16 20 0.020722028 
332 239 16 20 0.020706136 
206 125 10 14 0.02070013 
239 38 8 9 0.020680621 
923 269 16 21 0.020677278 
528 63 10 11 0.020665348 
904 292 26 30 0.020657474 
129 47 9 11 0.020639332 
334 54 11 13 0.020621274 
879 147 14 19 0.020620454 
648 53 9 11 0.02060423 
309 308 23 28 0.020588329 
247 102 18 23 0.020567052 
334 31 9 11 0.020544343 
390 241 13 17 0.020519227 
509 177 14 18 0.020502044 
373 282 24 31 0.020453522 
208 31 8 10 0.020453054 
579 52 12 14 0.020394988 
679 78 9 11 0.020380221 
402 187 14 18 0.020363037 
926 476 30 40 0.020357948 
588 244 19 23 0.020318912 
901 430 44 52 0.02029008 
366 248 15 20 0.020273883 
535 81 22 26 0.020265428 
289 54 19 24 0.020259148 
819 204 16 19 0.02024647 
487 125 11 15 0.020240473 
94 185 16 21 0.020237276 
21 355 26 30 0.020237204 
444 269 16 20 0.020219529 
409 352 27 35 0.020207457 
119 212 12 16 0.020195719 
769 67 10 14 0.02019138 
974 81 9 12 0.020102996 
415 92 10 13 0.020102391 
786 113 15 19 0.020096097 
695 91 10 12 0.02005571 
924 434 46 51 0.020032875 
