1_Handshaking_Handshaking_1_602
133
249 344 28 30 0.9016053 
639 245 11 14 0.8146049 
915 270 12 15 0.8075991 
609 227 11 14 0.7934769 
842 236 12 15 0.7779673 
372 240 14 17 0.68235373 
645 222 9 13 0.64499635 
754 246 7 10 0.6235485 
506 227 13 17 0.60289884 
687 227 10 13 0.5273038 
509 226 8 11 0.45244956 
719 237 10 13 0.41769576 
944 243 17 25 0.38853896 
546 225 8 10 0.3341192 
365 237 15 18 0.3293258 
477 218 10 13 0.30350995 
577 221 9 12 0.28040904 
438 233 8 10 0.26178044 
136 197 8 11 0.23358321 
398 323 12 18 0.22852938 
613 291 12 21 0.22394669 
677 306 13 18 0.20852666 
930 247 20 23 0.19822378 
468 247 13 19 0.1891694 
722 258 13 16 0.17632352 
693 237 11 14 0.14691544 
924 249 17 19 0.14234844 
773 256 9 11 0.14081393 
679 231 9 11 0.120556936 
676 244 12 15 0.101892576 
831 264 9 11 0.09548207 
576 227 11 15 0.09316338 
546 227 11 14 0.08923435 
291 285 14 17 0.08178253 
618 294 15 21 0.07780503 
664 251 8 12 0.07758542 
768 254 9 12 0.07691698 
189 189 9 10 0.076761335 
495 335 33 35 0.073475495 
541 241 15 18 0.07213727 
654 300 15 20 0.06900428 
757 251 9 12 0.0679787 
486 232 13 17 0.064693004 
576 246 12 14 0.06381463 
725 266 12 15 0.062092043 
674 231 9 12 0.061785206 
641 225 12 16 0.058804177 
677 235 11 14 0.053943582 
547 236 14 18 0.052928433 
469 257 13 17 0.052229885 
732 259 13 15 0.051123824 
886 260 10 12 0.04999664 
383 253 424 456 0.046465352 
671 249 11 14 0.04546189 
645 238 11 15 0.044025432 
492 234 12 16 0.0440082 
687 232 12 16 0.043197654 
635 244 11 14 0.042586904 
714 237 11 14 0.041923475 
512 338 46 43 0.04114064 
442 236 12 16 0.040133208 
671 298 13 19 0.040060412 
753 249 10 14 0.040032446 
605 295 16 23 0.038574897 
515 235 13 17 0.037653886 
486 254 10 13 0.036773585 
506 229 21 26 0.035991248 
436 238 14 18 0.03521581 
676 296 12 16 0.035187345 
474 295 16 18 0.035164542 
932 308 12 14 0.033756893 
910 295 11 14 0.03262505 
769 259 9 12 0.032220334 
608 284 13 19 0.031592354 
434 235 11 15 0.03135951 
580 253 10 13 0.030722825 
598 299 21 29 0.030690609 
921 244 12 18 0.030599732 
557 245 10 12 0.029898388 
915 261 16 19 0.029526321 
111 301 10 15 0.029501868 
423 289 14 18 0.029319638 
139 197 10 13 0.029308585 
740 254 12 14 0.02912932 
766 248 9 12 0.029053655 
850 290 12 16 0.028799407 
478 234 12 17 0.028629322 
631 237 12 15 0.028455235 
475 258 12 17 0.027239557 
579 235 11 14 0.027107531 
120 306 10 13 0.0270864 
599 266 12 14 0.026563106 
595 311 17 21 0.026376817 
538 248 15 18 0.026196629 
490 228 20 26 0.026059994 
752 261 10 12 0.025856743 
540 302 27 28 0.025279997 
472 228 11 14 0.02505477 
98 301 23 28 0.024892462 
674 233 19 26 0.024889374 
237 352 16 19 0.024664313 
129 190 10 14 0.024531845 
263 343 17 24 0.02452271 
672 313 12 15 0.024187084 
495 323 23 33 0.0241157 
286 278 13 15 0.024043826 
535 243 13 18 0.024039755 
685 245 11 15 0.023476692 
470 290 15 20 0.023433663 
471 237 11 16 0.023282597 
457 251 12 15 0.023152314 
477 226 14 18 0.023076553 
615 246 10 13 0.022871524 
554 304 13 17 0.022805909 
130 196 10 12 0.022797069 
846 270 10 12 0.022432048 
514 230 12 14 0.022299144 
605 245 11 14 0.021810707 
580 216 10 13 0.021790054 
721 262 21 27 0.021495806 
682 300 15 18 0.02139985 
483 222 12 14 0.021370927 
725 275 11 13 0.021064842 
515 300 12 14 0.021062417 
723 232 11 13 0.020972546 
637 267 14 18 0.020966524 
834 254 9 12 0.020946914 
668 244 20 24 0.020845484 
526 278 11 14 0.020677907 
511 610 127 126 0.02064635 
1010 230 14 22 0.020515952 
530 352 26 32 0.020355444 
838 251 10 12 0.020342536 
