58_Hockey_icehockey_puck_58_680
596
839 208 33 40 0.99895954 
563 328 35 43 0.99823356 
773 342 38 46 0.99762255 
671 356 33 38 0.99722904 
470 320 38 43 0.9966966 
330 238 36 44 0.9962818 
562 244 36 40 0.99611205 
368 321 38 43 0.9949864 
789 124 15 19 0.99079305 
893 367 37 39 0.98760134 
751 216 35 39 0.9862921 
225 199 35 38 0.984751 
548 192 34 39 0.9808925 
434 226 34 41 0.97905844 
258 174 28 33 0.97436464 
739 118 14 18 0.9623732 
948 224 31 35 0.9550491 
927 79 13 17 0.9540379 
804 150 14 19 0.953714 
702 153 15 19 0.953379 
259 346 33 38 0.95053667 
670 2 13 17 0.9438169 
301 138 13 16 0.9432731 
626 56 13 17 0.9413698 
623 253 33 37 0.9257996 
643 142 15 18 0.9218809 
790 52 11 14 0.9211935 
341 31 11 15 0.9099509 
702 25 11 14 0.90994716 
981 24 13 17 0.905029 
703 119 13 17 0.89932394 
369 103 15 19 0.8961315 
580 132 12 16 0.89369756 
888 135 14 19 0.88415414 
581 2 13 16 0.8824635 
674 59 13 16 0.88125926 
956 124 13 18 0.87074137 
834 126 16 19 0.851746 
579 93 13 16 0.8412636 
544 147 13 18 0.8341888 
950 60 11 15 0.8291662 
624 140 13 17 0.817956 
1002 45 12 15 0.8157179 
513 111 14 18 0.8081602 
500 28 14 18 0.7995187 
377 131 14 18 0.78537494 
831 39 14 17 0.75925595 
694 235 34 39 0.7427295 
230 83 12 15 0.7202584 
974 139 14 17 0.70273525 
895 60 12 15 0.6997729 
772 21 12 15 0.68141824 
291 333 26 32 0.67676276 
638 190 17 20 0.66285586 
246 133 13 16 0.66258264 
450 17 13 16 0.66168517 
983 173 13 17 0.65814096 
526 46 9 12 0.650343 
936 166 13 16 0.64326817 
686 186 17 22 0.61826634 
485 152 12 15 0.5834955 
918 20 13 16 0.57918227 
417 36 12 15 0.5591709 
116 79 12 15 0.5452439 
20 101 12 15 0.5398412 
588 60 11 15 0.5211678 
614 191 14 20 0.49480614 
447 95 11 14 0.49334335 
425 111 13 16 0.4851933 
709 50 13 16 0.48047638 
736 370 41 54 0.4647579 
559 25 12 15 0.45224532 
348 135 15 18 0.4481909 
362 26 10 13 0.4321214 
106 45 14 18 0.4253104 
435 133 12 16 0.4000794 
624 0 13 12 0.395708 
731 63 10 12 0.38681734 
300 80 12 14 0.38668513 
213 14 10 15 0.3712147 
887 103 13 16 0.34777156 
307 17 13 16 0.33786535 
876 43 10 13 0.33447447 
538 114 14 17 0.33373845 
517 1 12 12 0.33126846 
525 68 11 13 0.3052704 
587 45 12 14 0.29556373 
392 21 10 12 0.29223156 
13 265 66 87 0.28787237 
176 51 10 13 0.28354442 
737 141 12 16 0.27498925 
466 112 14 18 0.27252546 
465 37 10 12 0.257944 
589 39 10 13 0.25079834 
720 21 10 13 0.25054127 
734 189 14 19 0.24836995 
599 0 11 10 0.24302162 
945 101 11 15 0.22701561 
731 68 12 15 0.22487809 
870 153 13 18 0.22024767 
313 192 16 20 0.21714528 
504 56 11 14 0.21467295 
341 161 13 17 0.2128933 
142 288 42 51 0.21126267 
404 5 12 13 0.2110408 
923 11 13 17 0.19645892 
627 221 12 15 0.19472578 
915 100 12 14 0.1904488 
835 26 14 18 0.18654272 
520 69 11 14 0.17087574 
925 6 12 14 0.16877797 
273 135 9 11 0.16843425 
854 0 16 13 0.16834375 
325 105 10 13 0.1677877 
851 180 15 19 0.16670242 
735 0 9 9 0.16502845 
703 85 12 16 0.1578324 
49 38 14 16 0.15700865 
232 12 11 15 0.1567843 
365 59 10 14 0.1535936 
615 74 13 17 0.153049 
703 49 12 16 0.14433062 
314 170 17 23 0.14311475 
394 91 13 16 0.14310417 
283 265 27 37 0.13820986 
963 154 12 15 0.13780807 
471 62 11 12 0.13769539 
533 118 16 21 0.13601512 
673 105 15 17 0.13581482 
320 156 10 11 0.13288994 
587 52 13 17 0.13216919 
528 87 11 14 0.12977253 
403 77 12 14 0.12968032 
446 117 10 13 0.12609357 
597 354 18 21 0.12094416 
276 339 32 37 0.118689045 
894 89 14 17 0.1176372 
371 245 15 20 0.11711634 
335 141 13 17 0.11628727 
407 83 11 15 0.114527926 
284 156 12 16 0.110365555 
359 209 15 19 0.10969708 
502 1 11 11 0.10854868 
724 15 11 13 0.10818541 
408 92 11 15 0.10733578 
796 68 16 21 0.106401145 
558 35 14 18 0.10329364 
480 81 11 15 0.1032164 
396 219 15 19 0.10294036 
683 129 13 17 0.10214209 
900 229 15 18 0.10049881 
865 28 11 15 0.100399286 
868 75 13 16 0.100296155 
429 167 11 14 0.096105576 
732 21 11 13 0.09568834 
696 50 12 16 0.09355573 
309 106 9 12 0.09219149 
319 0 11 10 0.091898225 
342 138 13 18 0.08924313 
773 47 13 19 0.08788591 
468 165 13 15 0.08653473 
639 256 29 39 0.081610985 
702 75 12 16 0.07982813 
279 159 13 18 0.07904532 
706 27 11 15 0.07816847 
238 172 15 18 0.078024395 
997 64 13 18 0.07626238 
36 61 15 18 0.07607632 
31 65 14 16 0.075813934 
559 61 12 16 0.07552382 
960 162 12 16 0.07481 
827 348 29 36 0.07476947 
627 153 12 16 0.07449874 
996 74 14 17 0.07340969 
757 62 15 17 0.072320215 
709 361 15 21 0.07194895 
305 102 9 12 0.071821734 
1013 244 9 14 0.07083467 
968 11 12 17 0.070630655 
396 0 14 11 0.07061279 
511 94 10 13 0.07008728 
622 225 14 17 0.0687031 
348 35 13 17 0.06838695 
116 115 22 29 0.06723214 
396 83 14 16 0.066078074 
740 161 16 21 0.06580184 
667 77 12 16 0.065607786 
241 197 27 34 0.065116875 
4 71 12 15 0.06358475 
93 42 11 13 0.063505165 
223 0 10 10 0.06256924 
250 138 14 15 0.061464943 
262 198 16 22 0.06136971 
892 34 11 15 0.06086332 
916 204 11 16 0.060762186 
289 187 11 15 0.060177904 
341 51 10 13 0.059290137 
755 99 14 18 0.05925848 
925 0 12 12 0.058921535 
455 207 10 14 0.057168398 
38 56 11 13 0.056955595 
302 375 23 32 0.056805555 
459 82 13 16 0.056704167 
31 64 26 29 0.056479618 
685 318 30 34 0.056449205 
437 34 11 13 0.056063693 
110 130 11 14 0.055146463 
272 40 10 12 0.05457267 
661 21 11 14 0.053797875 
517 73 11 14 0.05336817 
583 219 13 15 0.053358555 
55 68 10 12 0.053156797 
447 27 12 15 0.053082094 
994 189 22 30 0.05257752 
292 180 13 19 0.052335422 
218 125 11 15 0.052242186 
421 330 28 30 0.051951963 
959 138 10 14 0.05174431 
740 74 12 16 0.050772 
317 19 11 15 0.05027248 
354 41 13 16 0.050118525 
303 28 10 14 0.050018713 
751 135 19 27 0.049869135 
707 357 25 34 0.04949385 
730 75 11 13 0.04871914 
916 56 14 19 0.04869102 
468 32 11 14 0.048498 
430 30 11 14 0.04822218 
448 162 11 13 0.04810662 
437 109 12 15 0.048077486 
659 185 15 18 0.04761435 
846 185 15 18 0.04727638 
792 176 12 15 0.047130182 
365 35 12 14 0.046741482 
477 159 19 25 0.046436425 
941 229 19 22 0.04596766 
348 178 14 17 0.04595902 
885 28 15 19 0.04553815 
871 266 29 36 0.044674266 
650 265 25 32 0.044634014 
913 18 13 17 0.04450049 
44 62 10 13 0.044363398 
446 33 10 13 0.044181086 
105 71 10 12 0.044042733 
992 101 10 14 0.0436969 
485 79 10 14 0.043559775 
469 77 12 15 0.04302066 
164 3 12 14 0.04297516 
870 38 19 23 0.042487048 
496 1 12 12 0.042375397 
839 190 24 28 0.042354956 
709 36 12 14 0.042202745 
421 206 26 29 0.04211658 
934 160 12 16 0.041899715 
735 360 32 38 0.04177497 
593 60 13 17 0.04162957 
315 11 13 17 0.041443273 
807 12 11 14 0.041251287 
339 224 31 39 0.041191764 
565 111 11 14 0.04110354 
47 53 10 13 0.041085627 
715 46 13 18 0.0409384 
528 121 13 17 0.04063265 
782 90 14 16 0.040408056 
863 70 12 16 0.040300407 
344 214 26 30 0.04027497 
239 173 24 27 0.040238883 
249 182 29 36 0.04009415 
180 48 11 12 0.039985634 
440 114 11 14 0.039805137 
904 122 13 17 0.039740324 
778 203 15 20 0.039693873 
715 55 13 17 0.039619494 
824 139 12 16 0.039203938 
401 73 11 13 0.039146084 
995 108 12 15 0.03890894 
296 261 27 38 0.03883053 
706 71 12 13 0.03862451 
649 140 13 17 0.03854102 
794 59 15 18 0.038490195 
701 211 16 17 0.038478505 
414 79 9 11 0.037864704 
319 27 10 13 0.03780758 
677 237 12 15 0.037572496 
334 84 11 14 0.03742842 
54 63 9 11 0.037133884 
259 147 12 14 0.037065957 
916 198 11 14 0.03687463 
855 -3 24 23 0.03654494 
53 52 10 12 0.03636662 
405 117 11 14 0.03632214 
122 119 14 17 0.03622124 
727 227 10 15 0.035982527 
694 308 31 38 0.03589444 
88 169 40 51 0.03586099 
828 62 16 20 0.03578225 
254 165 13 16 0.035708554 
513 75 10 13 0.035707563 
391 26 10 13 0.03567025 
429 200 25 28 0.03563802 
450 98 12 15 0.035582125 
1000 244 14 16 0.03540142 
828 135 16 20 0.03505986 
392 99 12 14 0.034607843 
411 99 11 15 0.03460007 
326 211 14 19 0.034539502 
360 54 12 14 0.034284323 
716 91 12 15 0.034254916 
1007 28 13 15 0.034136474 
393 87 10 14 0.03408458 
766 189 15 16 0.03401501 
342 44 11 15 0.0339042 
971 155 12 15 0.033892605 
840 353 28 35 0.03387854 
21 94 20 25 0.03366444 
979 98 13 16 0.033587016 
216 140 11 15 0.03348755 
214 8 10 13 0.033467982 
389 138 10 13 0.033198368 
1012 92 12 17 0.033186454 
847 173 14 17 0.03289961 
774 70 10 13 0.032883216 
980 59 12 15 0.032631483 
353 69 11 13 0.032573093 
662 81 13 15 0.032312483 
505 32 13 18 0.03205768 
455 69 11 13 0.031780668 
926 105 10 14 0.031763498 
712 242 18 22 0.031611074 
33 78 24 30 0.031434674 
597 554 14 15 0.03135576 
209 477 36 45 0.031267066 
28 85 20 27 0.031241242 
774 38 14 18 0.031131271 
776 148 12 16 0.031062493 
274 44 12 13 0.030951465 
357 223 16 20 0.030911459 
149 254 39 37 0.030798279 
550 0 11 11 0.030781366 
360 231 23 31 0.030774208 
934 116 11 15 0.030636294 
679 156 11 14 0.03052736 
552 5 11 13 0.030488344 
540 126 14 18 0.030444715 
207 43 10 12 0.030360108 
397 138 9 13 0.02977254 
721 528 16 19 0.0297499 
734 25 12 15 0.029614596 
520 63 19 23 0.029580664 
476 188 13 16 0.029562442 
399 28 10 12 0.02950762 
367 42 9 13 0.029466799 
440 100 12 15 0.029458037 
326 324 22 29 0.02935726 
798 22 13 16 0.029285697 
468 41 11 15 0.029179588 
348 98 15 17 0.029168379 
396 243 14 18 0.029099 
315 180 20 28 0.02907457 
930 4 13 15 0.028977904 
558 52 13 17 0.028880801 
841 125 14 17 0.028857686 
582 65 13 17 0.028855696 
72 166 40 51 0.028850593 
101 101 12 15 0.028808028 
118 128 13 18 0.028707918 
768 24 12 15 0.02866885 
139 260 47 59 0.028587751 
316 43 12 15 0.028378654 
188 215 25 31 0.028371932 
409 4 14 15 0.028369654 
407 29 11 15 0.028345209 
312 42 11 14 0.028303757 
341 176 14 19 0.028292034 
79 87 8 10 0.028072374 
499 219 20 30 0.02807164 
248 63 9 12 0.028069183 
573 10 15 18 0.02806861 
956 108 13 17 0.027978063 
793 45 14 17 0.027972767 
429 104 12 15 0.027916057 
929 170 13 18 0.027881555 
668 178 14 20 0.027875967 
1007 1 10 10 0.027761497 
949 94 12 15 0.027711224 
283 175 21 28 0.02754402 
643 227 15 18 0.027501818 
731 54 13 16 0.027434664 
641 263 18 22 0.027338404 
0 38 7 12 0.027280034 
467 102 13 18 0.027279418 
271 276 35 36 0.027217 
277 126 10 12 0.027205192 
374 146 16 20 0.027184486 
332 211 17 20 0.027073849 
207 211 12 16 0.026988538 
389 222 17 21 0.026911976 
400 281 26 32 0.026829163 
621 -5 20 21 0.026712976 
445 87 12 15 0.026646398 
870 80 14 18 0.026637468 
546 130 14 17 0.026630929 
249 139 21 25 0.026620297 
189 46 11 13 0.026595065 
751 105 13 17 0.026497172 
588 0 13 13 0.026454289 
263 39 9 11 0.026390089 
796 78 15 18 0.026344528 
432 324 24 30 0.026298903 
557 4 11 14 0.026192414 
443 203 14 17 0.026157808 
521 49 12 14 0.026036598 
6 47 8 11 0.026032656 
620 67 13 16 0.026014406 
312 166 13 17 0.02597404 
451 216 15 17 0.025972297 
846 339 30 37 0.025889577 
693 130 12 17 0.025883371 
692 56 13 17 0.02585818 
860 22 20 26 0.025848892 
1006 9 12 17 0.025823858 
1012 34 11 15 0.025764216 
628 217 22 26 0.025760628 
188 38 11 13 0.025731003 
552 41 13 17 0.025671778 
438 212 24 30 0.025425358 
686 58 10 15 0.025424544 
263 45 9 12 0.025418874 
959 179 13 16 0.025328027 
973 163 13 17 0.025285648 
405 23 11 12 0.025254302 
756 356 32 45 0.02519544 
407 108 11 13 0.02519187 
317 3 12 15 0.02514905 
565 177 15 19 0.02514851 
967 1 11 11 0.025139412 
340 184 15 20 0.025102597 
307 24 14 16 0.025077391 
757 205 27 32 0.025045149 
235 327 16 21 0.024974396 
805 18 13 18 0.024923306 
699 364 26 34 0.024916051 
789 21 12 14 0.024860077 
521 2 13 14 0.024844613 
445 149 12 15 0.024786169 
709 90 12 16 0.024765346 
84 269 378 428 0.02473713 
934 148 12 16 0.024684817 
270 153 20 24 0.024665674 
392 61 10 13 0.024638446 
627 47 12 15 0.024532909 
878 28 12 17 0.024481453 
444 107 13 17 0.02445891 
702 143 14 17 0.024416534 
443 140 11 14 0.024413235 
427 21 13 15 0.024378764 
78 28 9 12 0.02428676 
276 38 11 14 0.024284389 
963 116 14 20 0.024214258 
223 174 26 29 0.024209667 
781 105 16 19 0.024178542 
193 266 15 19 0.024156086 
726 93 11 16 0.024122054 
950 117 14 19 0.023969417 
245 144 14 17 0.023898236 
944 55 13 16 0.023822274 
419 20 17 18 0.023820464 
773 57 11 15 0.023812512 
396 14 12 13 0.02380399 
942 112 11 16 0.023785252 
357 35 12 16 0.023780571 
464 251 23 28 0.023732597 
692 226 26 34 0.023712965 
464 43 10 14 0.023708537 
312 6 12 14 0.023699723 
536 195 11 16 0.023699056 
464 168 13 17 0.023673946 
910 103 14 18 0.023595147 
743 89 11 16 0.023467628 
217 120 9 12 0.023446888 
779 43 13 18 0.023437794 
930 11 12 15 0.023390586 
510 -3 20 20 0.023381298 
445 153 18 24 0.023359502 
534 328 17 20 0.023356346 
393 238 25 31 0.023353081 
324 11 13 18 0.02333041 
620 227 26 28 0.023285666 
962 129 14 18 0.023281638 
269 149 13 15 0.023277055 
246 407 238 267 0.023248378 
326 149 11 15 0.023235198 
306 78 13 15 0.023169324 
697 83 13 17 0.023157343 
998 0 10 11 0.023134707 
471 55 10 13 0.023095239 
790 27 13 15 0.023090338 
580 73 13 15 0.022994472 
19 30 14 16 0.022961218 
768 16 12 15 0.022937434 
233 331 26 32 0.022931235 
285 29 11 14 0.022808937 
725 24 11 15 0.022806898 
212 170 24 29 0.022718852 
1013 51 11 15 0.022684671 
506 22 12 16 0.02268212 
311 371 27 34 0.022635108 
368 66 11 14 0.0226115 
888 53 12 15 0.022468247 
701 177 11 16 0.02242613 
290 154 13 17 0.02239457 
558 181 23 31 0.02238824 
835 185 16 21 0.022261811 
702 361 15 21 0.022129474 
961 168 15 19 0.022114478 
562 205 27 33 0.022088423 
53 74 14 17 0.022074217 
324 29 10 13 0.022070503 
397 249 29 33 0.022067564 
327 37 9 12 0.022042736 
252 62 10 12 0.022032198 
266 164 23 30 0.022028709 
361 217 16 19 0.022026142 
614 258 27 35 0.022018733 
398 0 22 22 0.021990845 
930 164 12 15 0.021923972 
716 236 16 20 0.021922927 
398 35 12 15 0.021886759 
261 284 39 46 0.021868048 
525 87 19 24 0.021849424 
300 69 13 15 0.021828927 
183 39 10 11 0.021826424 
376 500 11 13 0.021810675 
624 478 11 13 0.021795085 
605 107 13 17 0.021790022 
363 247 24 30 0.021613816 
374 86 9 12 0.021597544 
443 220 16 18 0.021591129 
899 351 29 31 0.021566585 
852 42 11 15 0.021566276 
286 193 13 18 0.021559536 
207 8 19 26 0.021547198 
739 222 32 36 0.021534389 
611 459 14 18 0.021465268 
659 508 137 144 0.021446753 
812 17 13 19 0.021414936 
949 12 11 15 0.021339877 
300 53 13 16 0.021324424 
798 12 13 15 0.021283312 
309 372 15 20 0.0212261 
445 93 19 24 0.021183101 
531 70 10 13 0.021154108 
599 428 40 47 0.021116719 
578 214 22 25 0.021101687 
302 89 13 16 0.021088473 
614 100 11 16 0.021076208 
220 12 12 17 0.021022758 
627 164 14 17 0.02100821 
12 92 20 25 0.020999067 
977 171 13 18 0.020993298 
228 0 11 11 0.020986155 
312 157 11 12 0.02098396 
459 206 11 14 0.020971365 
199 133 9 12 0.020964034 
907 116 13 17 0.020949585 
510 99 12 15 0.020934194 
778 20 12 14 0.020931693 
453 207 21 28 0.020931559 
909 0 11 12 0.02092663 
662 100 12 15 0.020916583 
781 97 17 19 0.020838933 
570 200 15 20 0.02083461 
356 74 11 14 0.02081855 
48 32 12 14 0.020805014 
543 20 11 15 0.020742966 
757 29 12 14 0.02067195 
104 40 11 14 0.020625997 
638 84 13 16 0.020615572 
461 68 13 15 0.02060474 
255 177 15 20 0.020599896 
536 202 11 16 0.020587426 
916 189 11 15 0.02058317 
453 107 11 15 0.020558156 
1 45 9 14 0.020489454 
779 75 12 15 0.02048599 
275 139 11 14 0.020417666 
450 115 13 16 0.020408839 
262 134 11 13 0.020392869 
461 52 11 12 0.020348353 
370 211 11 15 0.020305641 
310 114 12 16 0.02021339 
240 137 12 16 0.020166786 
95 11 11 15 0.020134827 
171 52 10 12 0.020032905 
260 157 12 13 0.02001403 
677 76 11 14 0.020013243 
