58_Hockey_icehockey_puck_58_94
49
686 164 46 54 0.9967801 
565 147 51 53 0.9939884 
440 116 35 50 0.99311876 
311 94 37 45 0.9789165 
759 118 40 52 0.97535294 
124 32 40 48 0.96816117 
817 235 43 47 0.95426166 
979 116 29 36 0.91743577 
58 14 29 47 0.47933838 
602 105 35 51 0.41533434 
855 90 23 33 0.2917055 
291 98 25 34 0.20760918 
582 115 48 61 0.1668579 
595 383 28 35 0.13541682 
500 33 39 48 0.089782864 
190 339 116 151 0.083666146 
685 263 33 36 0.08099873 
335 162 27 47 0.07074448 
1003 116 20 38 0.06649629 
291 99 15 23 0.051845852 
21 86 13 17 0.041282497 
302 292 211 267 0.038924165 
978 107 18 20 0.038123418 
503 154 15 17 0.036501847 
518 38 28 35 0.033652484 
1007 106 15 19 0.031455915 
1012 130 14 25 0.030262025 
531 225 54 68 0.029845508 
523 176 57 61 0.02906419 
391 165 31 35 0.02900402 
993 114 17 22 0.028281244 
1 50 15 18 0.027340092 
678 285 42 54 0.027122846 
143 31 29 42 0.027064776 
642 186 25 30 0.02665874 
238 384 65 97 0.024058674 
886 343 43 57 0.023085015 
941 105 14 20 0.022177206 
695 300 34 40 0.02172999 
604 373 32 41 0.021462077 
17 124 17 20 0.021400282 
1011 112 14 26 0.021114446 
107 41 26 32 0.021101644 
617 387 17 22 0.020846186 
65 10 18 24 0.020692445 
422 240 207 277 0.020288888 
502 146 22 29 0.02022758 
305 156 40 53 0.020096337 
56 537 51 64 0.020061588 
