58_Hockey_icehockey_puck_58_290
135
422 64 25 33 0.9977202 
743 32 23 30 0.9972785 
660 37 22 29 0.99672467 
491 63 22 30 0.9965653 
358 72 24 31 0.99208987 
62 19 25 33 0.9893087 
561 44 24 30 0.9884426 
808 18 23 28 0.9834901 
863 1 23 27 0.97764117 
302 81 21 30 0.97439504 
363 0 24 26 0.9743301 
124 24 22 26 0.95052224 
101 113 22 27 0.9465503 
603 40 19 29 0.9265351 
491 469 27 41 0.92121005 
180 16 20 23 0.9159962 
31 36 20 28 0.7110258 
915 0 20 21 0.67017543 
325 339 34 35 0.6070096 
44 179 19 25 0.5546932 
210 81 15 18 0.50328696 
155 25 14 19 0.46447265 
856 202 18 21 0.44523564 
1 120 22 37 0.34276602 
250 57 13 16 0.27370545 
250 12 16 20 0.2650336 
391 168 14 18 0.22323005 
901 218 29 32 0.21761265 
162 89 18 21 0.210758 
737 248 29 33 0.20826499 
245 20 24 29 0.20252067 
312 329 30 36 0.19899738 
741 1 18 20 0.19223917 
48 139 19 21 0.16071874 
778 87 16 21 0.15380143 
141 85 13 17 0.14981395 
74 94 17 20 0.14225471 
238 56 16 21 0.10472528 
453 139 13 15 0.10415998 
106 24 13 21 0.102910616 
894 208 47 53 0.096303985 
667 77 14 17 0.07927197 
680 0 20 15 0.078206085 
708 14 28 30 0.07682458 
200 79 21 26 0.07495227 
331 49 23 30 0.07340456 
170 97 15 18 0.07126164 
194 52 14 18 0.070929155 
380 23 16 21 0.0679647 
390 47 16 21 0.06700852 
715 315 33 32 0.06627616 
714 0 19 15 0.058709722 
265 65 22 26 0.056911614 
238 100 10 14 0.05690271 
690 346 14 18 0.055175345 
311 58 15 19 0.053905565 
335 350 20 22 0.0531732 
724 103 14 17 0.05187672 
681 3 28 28 0.05125711 
95 86 13 16 0.05027744 
441 159 16 21 0.04894668 
266 50 17 19 0.048051503 
572 2 25 26 0.04467861 
364 40 16 20 0.044538915 
704 464 35 35 0.044231 
730 257 28 34 0.043475877 
769 28 23 28 0.04216539 
732 403 19 20 0.04170602 
20 37 25 32 0.04125548 
913 224 20 23 0.039852638 
126 7 13 16 0.03977347 
333 30 26 33 0.03842878 
258 55 22 26 0.03829188 
853 185 25 30 0.036908973 
772 95 17 21 0.036636144 
144 81 20 25 0.03563064 
314 172 14 19 0.03501234 
354 160 15 18 0.03461253 
182 1 12 12 0.03448509 
105 102 18 24 0.034454532 
213 25 17 20 0.03313691 
148 72 15 21 0.0330075 
686 344 22 29 0.03290622 
242 34 24 29 0.03222826 
165 21 11 16 0.030851793 
860 172 11 14 0.030632503 
243 7 19 21 0.029876402 
115 151 15 20 0.029402833 
742 262 29 33 0.028522773 
87 87 23 28 0.028352616 
180 98 13 18 0.028277377 
311 179 14 18 0.02810153 
108 38 14 19 0.026959177 
860 181 12 16 0.02689419 
255 383 13 14 0.02677891 
158 73 15 20 0.026654536 
239 27 14 18 0.025328433 
99 186 24 31 0.025228685 
376 8 16 23 0.02456462 
108 179 16 21 0.024448007 
636 130 14 19 0.024419578 
161 25 13 18 0.024256025 
953 238 11 13 0.024163123 
310 331 18 23 0.024157448 
239 15 16 20 0.023954852 
379 161 20 25 0.023872146 
164 58 13 16 0.02381647 
353 7 23 31 0.023786094 
236 44 15 18 0.023740573 
430 161 23 27 0.023717646 
695 9 30 33 0.023516584 
857 159 10 13 0.02298602 
30 27 16 21 0.02295474 
193 18 13 17 0.022464518 
848 200 16 20 0.022463622 
307 64 21 28 0.022385523 
76 84 23 28 0.022344923 
316 168 11 13 0.022329232 
378 153 14 18 0.022203272 
845 258 31 36 0.022109123 
173 1 16 17 0.02206604 
109 145 17 22 0.021632655 
189 45 14 17 0.021602178 
116 138 16 22 0.02152983 
869 181 12 14 0.021450479 
140 75 17 21 0.021445775 
126 154 14 21 0.021395167 
186 4 14 19 0.021143826 
274 70 17 23 0.020972256 
298 16 16 21 0.020948743 
74 200 17 21 0.020782514 
264 72 13 18 0.020629985 
135 26 16 21 0.020234764 
232 59 14 17 0.020176075 
338 21 21 27 0.020137466 
