58_Hockey_icehockey_puck_58_475
32
568 235 34 47 0.96763235 
318 241 39 56 0.94974035 
681 428 17 22 0.17619416 
393 151 10 12 0.08081956 
782 290 45 51 0.07701122 
421 166 9 11 0.05576376 
152 153 7 9 0.04904902 
280 428 10 13 0.041758005 
795 402 16 22 0.040961787 
243 273 17 21 0.0400263 
300 420 10 13 0.039777253 
416 165 11 13 0.03788351 
423 139 9 11 0.037438553 
646 266 54 42 0.036518857 
168 306 11 14 0.033346813 
396 155 10 12 0.0328286 
223 282 14 16 0.031654794 
385 168 8 11 0.030117435 
415 136 10 11 0.029625105 
678 433 29 35 0.025567427 
885 148 45 55 0.025431419 
409 164 10 13 0.025160743 
637 269 96 92 0.024959741 
633 276 61 56 0.02398066 
308 261 35 47 0.022438722 
377 175 8 10 0.022355802 
622 268 51 50 0.022074675 
683 447 17 21 0.02061315 
408 159 9 12 0.02042968 
410 139 9 11 0.020331867 
145 157 9 11 0.020298053 
145 152 8 10 0.020139702 
