58_Hockey_icehockey_puck_58_262
848
383 238 12 16 0.9784676 
324 236 11 15 0.97728556 
269 319 13 17 0.97129446 
350 248 10 13 0.9689765 
567 213 11 14 0.9477408 
207 237 10 14 0.94149107 
550 226 11 14 0.941442 
49 329 14 18 0.8716857 
470 188 11 15 0.8590813 
429 203 10 14 0.83978355 
206 332 15 21 0.7061396 
467 254 13 16 0.6967563 
347 273 12 16 0.6877899 
324 330 11 15 0.6522282 
15 628 28 47 0.5845451 
423 47 13 17 0.5607054 
800 80 8 11 0.53873265 
538 245 13 16 0.53033626 
774 491 15 17 0.4978212 
320 413 10 13 0.43273824 
560 23 8 10 0.39179856 
295 324 14 18 0.3626416 
529 31 8 9 0.35977086 
831 76 10 12 0.35508436 
365 37 11 14 0.33920157 
723 45 8 10 0.33835703 
100 627 40 34 0.3366431 
836 7 8 10 0.33212715 
865 89 10 12 0.31761485 
24 46 11 15 0.31495517 
445 70 13 17 0.31312087 
775 84 9 12 0.29337645 
101 310 10 12 0.28323162 
479 7 9 10 0.2679247 
535 7 8 9 0.25098324 
777 23 9 11 0.24599732 
270 365 9 12 0.2432114 
789 47 9 12 0.23985893 
339 2 11 14 0.23706104 
505 238 8 11 0.2301574 
754 20 9 11 0.2294269 
494 48 10 12 0.22257136 
558 45 7 10 0.21493752 
847 88 8 10 0.21233514 
46 47 9 12 0.21169756 
423 230 11 13 0.21151024 
2 29 8 11 0.19150029 
882 73 8 10 0.16989066 
565 22 8 10 0.16935506 
512 32 7 10 0.16544239 
485 8 9 10 0.1641756 
750 72 8 10 0.15264185 
756 16 9 11 0.1486578 
837 73 8 10 0.14812888 
579 32 7 9 0.14577822 
308 293 12 15 0.14529312 
230 25 8 10 0.14420778 
429 7 12 13 0.14292227 
324 0 11 12 0.14229016 
770 7 8 10 0.13951556 
591 22 8 10 0.13658458 
567 8 7 9 0.13658075 
452 197 14 16 0.1321397 
839 25 9 12 0.13005598 
436 238 11 14 0.12927958 
752 56 7 8 0.12845571 
421 235 10 12 0.12700261 
625 39 9 10 0.123934895 
323 316 13 15 0.12328388 
658 6 8 10 0.1222532 
567 14 9 11 0.1180504 
776 28 9 12 0.11669676 
352 311 8 10 0.11589438 
600 31 8 10 0.11551659 
737 15 7 9 0.11441934 
632 72 7 9 0.11232901 
440 308 10 12 0.111023754 
286 223 9 12 0.11028095 
438 92 9 12 0.10688569 
182 16 8 9 0.10535068 
461 220 8 11 0.104283266 
382 277 9 11 0.10333258 
473 5 9 13 0.103050895 
946 0 9 9 0.10288333 
180 48 9 11 0.102750845 
324 416 12 17 0.102335975 
502 22 8 10 0.10050853 
446 20 10 13 0.100031935 
766 37 8 10 0.0986154 
56 63 9 12 0.097444944 
374 315 11 12 0.09702742 
261 14 8 11 0.096791945 
508 240 9 11 0.09661429 
533 45 10 13 0.09643115 
553 15 7 9 0.09572216 
503 47 9 11 0.09566698 
336 286 9 11 0.09553805 
662 64 8 10 0.09264701 
333 357 12 15 0.0919831 
424 172 8 11 0.09167889 
369 343 9 12 0.091296144 
218 7 9 12 0.0904544 
433 238 9 12 0.089238256 
328 353 12 17 0.088564254 
768 33 7 10 0.08841758 
426 199 10 14 0.088380106 
695 52 8 10 0.08693079 
368 255 10 11 0.086137354 
782 14 9 9 0.086019404 
610 14 7 10 0.08575684 
37 64 8 10 0.08572914 
765 48 9 11 0.08392007 
926 30 10 12 0.08381833 
663 31 8 10 0.0829033 
303 346 10 12 0.08189794 
54 0 8 9 0.080941685 
33 17 7 10 0.07987922 
720 8 7 9 0.07917214 
375 269 9 12 0.07902716 
725 40 8 11 0.078477174 
673 5 7 9 0.07841086 
621 93 9 12 0.07836914 
104 72 9 12 0.07701254 
703 64 7 9 0.07644379 
417 262 8 11 0.076257974 
484 37 9 11 0.07602753 
215 32 9 11 0.07597824 
417 237 10 13 0.07585022 
487 13 9 11 0.075745285 
206 23 8 10 0.075527646 
678 31 8 9 0.075429775 
366 268 10 12 0.07514378 
793 29 8 11 0.07502891 
672 54 7 10 0.074736476 
980 0 10 12 0.07456439 
608 46 7 9 0.07447174 
616 80 7 9 0.07389565 
752 6 10 10 0.07314954 
336 341 9 13 0.072843224 
54 54 8 9 0.072103046 
447 14 11 15 0.071798526 
240 362 13 16 0.07170571 
769 13 8 11 0.0716045 
857 32 8 9 0.071327485 
15 40 8 10 0.07050617 
884 76 9 11 0.06981372 
903 88 8 10 0.06978817 
830 85 9 10 0.0691443 
158 56 9 11 0.069109984 
328 395 9 12 0.068902604 
496 23 8 10 0.068902224 
631 33 8 9 0.06866497 
77 54 10 12 0.06734392 
733 57 8 10 0.06713741 
48 7 8 10 0.06695577 
447 46 10 11 0.06687082 
318 271 9 12 0.06679817 
734 62 7 10 0.066686094 
120 70 10 11 0.06668351 
510 47 7 10 0.06657113 
786 69 8 9 0.06627185 
66 621 60 51 0.06613872 
570 217 12 14 0.06613021 
552 9 7 9 0.06611879 
289 366 10 12 0.06578281 
368 261 11 14 0.06563644 
785 64 8 10 0.06548944 
320 357 9 13 0.0653984 
729 1 7 7 0.06518368 
911 32 8 11 0.06483587 
727 8 8 9 0.06479167 
553 39 9 11 0.06468892 
248 0 12 12 0.06467596 
541 240 10 13 0.06457877 
45 41 9 11 0.063995205 
763 47 7 10 0.063481554 
607 70 7 9 0.06346863 
428 1 12 11 0.06285789 
105 76 11 14 0.06272798 
26 102 17 20 0.062178373 
477 1 9 9 0.061452027 
49 22 8 10 0.061443508 
659 32 7 9 0.061393507 
779 495 15 17 0.06122667 
386 339 10 13 0.061127078 
307 13 10 12 0.06112314 
366 277 8 11 0.06110858 
2 68 12 15 0.061018087 
743 31 8 10 0.06073303 
729 54 8 10 0.060657352 
770 84 8 11 0.060506534 
461 192 14 17 0.060137033 
399 270 10 12 0.060082182 
279 346 13 17 0.05999949 
353 408 10 13 0.059996273 
277 391 12 15 0.059903063 
565 242 10 12 0.059812568 
89 64 8 11 0.05978692 
41 47 9 12 0.059613142 
294 371 13 16 0.059440985 
210 324 19 22 0.05911818 
526 278 7 10 0.0589699 
640 30 8 10 0.05892813 
321 311 10 13 0.058417115 
310 243 10 13 0.05836509 
1000 0 9 9 0.0582616 
869 0 9 8 0.058171287 
327 268 12 15 0.05774342 
709 39 8 10 0.057397384 
800 56 7 9 0.0573154 
159 61 9 11 0.057213873 
6 635 24 42 0.057020817 
424 662 9 11 0.056703784 
206 374 8 11 0.056144822 
581 7 8 9 0.0560329 
502 233 7 10 0.055783365 
462 293 8 11 0.05578259 
607 65 8 10 0.05558331 
614 6 7 10 0.055406153 
863 24 8 11 0.055277336 
456 219 9 12 0.055274058 
680 56 9 10 0.055267423 
530 36 8 10 0.055217978 
554 222 12 15 0.05515565 
34 63 8 10 0.05506032 
790 70 7 9 0.05504232 
848 104 10 12 0.055011578 
512 13 8 11 0.05498928 
696 70 8 10 0.054941513 
582 229 11 13 0.05402429 
32 31 7 10 0.053302344 
196 260 11 15 0.053119954 
559 28 8 9 0.053110756 
648 55 8 10 0.05265783 
705 8 8 9 0.052545395 
624 33 8 9 0.052535895 
1 44 9 13 0.05240903 
898 39 8 10 0.052100245 
616 71 8 9 0.051827397 
253 3 11 14 0.051765148 
760 108 9 11 0.051617462 
585 289 7 9 0.051392257 
582 37 7 9 0.051373523 
446 203 13 15 0.05121043 
607 31 7 9 0.05109507 
766 96 8 9 0.05094077 
528 26 8 11 0.05079553 
560 8 8 9 0.050611224 
623 73 7 9 0.050509833 
622 79 7 8 0.050342623 
865 0 9 8 0.049906377 
633 55 7 10 0.049900297 
710 8 8 10 0.04983557 
31 52 9 11 0.049759034 
230 381 9 12 0.049746875 
327 275 10 13 0.049418695 
729 72 8 9 0.049416643 
687 55 8 9 0.04933936 
265 54 7 9 0.04933296 
472 2 9 9 0.049319364 
647 85 8 10 0.0491563 
372 347 9 12 0.04874027 
6 39 9 11 0.048564035 
805 86 9 10 0.048503503 
229 309 9 12 0.048477147 
622 22 8 10 0.048405163 
341 374 8 10 0.04767075 
18 45 10 13 0.047522385 
645 23 9 11 0.04749696 
639 9 8 9 0.047239028 
296 272 9 11 0.04722251 
444 7 10 12 0.04713101 
530 7 8 10 0.047086067 
761 39 8 9 0.047047313 
422 224 11 13 0.04704603 
177 350 8 11 0.046915784 
609 41 7 8 0.046761777 
416 29 9 12 0.04670945 
591 64 7 10 0.046681713 
278 40 10 12 0.046662774 
470 24 8 10 0.046379074 
992 20 10 11 0.046285544 
633 88 7 8 0.046264015 
392 262 10 12 0.046034902 
774 7 9 11 0.045977984 
424 168 9 11 0.045902345 
713 79 7 9 0.04583291 
672 47 7 10 0.045818176 
719 87 7 9 0.04572712 
416 243 11 14 0.045645855 
378 276 9 11 0.045462154 
533 40 9 11 0.045364898 
727 102 8 10 0.045241762 
665 48 7 9 0.045101717 
674 39 7 10 0.045031626 
849 1 8 8 0.044995535 
655 47 7 9 0.044967577 
749 94 9 11 0.04483324 
578 37 8 10 0.044628 
39 52 9 11 0.044607367 
790 94 9 11 0.044603165 
560 64 9 10 0.044554856 
617 23 8 9 0.044406153 
551 63 9 11 0.04428335 
782 7 9 10 0.04426275 
109 84 14 18 0.044146433 
263 41 9 10 0.043958653 
276 364 10 12 0.043679528 
610 1 8 9 0.043651935 
272 44 10 13 0.0433726 
579 252 10 12 0.043209765 
633 78 8 10 0.043202084 
373 253 9 12 0.042928196 
827 78 7 10 0.0428885 
403 276 11 13 0.042790744 
32 334 8 9 0.042734955 
689 15 9 11 0.042706408 
737 22 7 10 0.04267158 
208 28 8 11 0.04254412 
455 259 11 13 0.042540133 
664 24 8 10 0.042538524 
656 40 7 9 0.042485204 
854 103 8 10 0.042431545 
239 397 12 14 0.042413402 
690 39 7 9 0.042379323 
776 35 8 11 0.04233062 
156 4 13 16 0.04223315 
891 18 11 13 0.042069066 
577 47 7 9 0.041948244 
873 110 8 10 0.041931476 
178 14 9 10 0.04193114 
416 253 9 12 0.04192681 
340 293 12 14 0.041914046 
663 15 8 10 0.04162029 
563 213 9 12 0.041608777 
594 30 7 10 0.04153926 
493 84 11 14 0.041469075 
1 74 11 16 0.041468225 
800 25 8 10 0.041442964 
80 626 27 34 0.041433193 
689 306 13 16 0.041333254 
615 31 8 9 0.04124492 
448 190 9 12 0.041217104 
448 255 8 12 0.041159548 
177 7 9 12 0.041115157 
704 23 8 10 0.04103001 
631 15 8 10 0.040926524 
104 84 11 15 0.040899497 
830 94 9 10 0.04083448 
453 191 12 14 0.04079915 
299 320 12 14 0.04072008 
502 1 9 9 0.04063748 
440 212 11 13 0.040497307 
31 38 7 10 0.04045733 
736 1 7 7 0.04040201 
334 40 8 11 0.040296637 
497 29 7 10 0.040289007 
641 80 7 10 0.04024229 
78 60 10 12 0.04022993 
263 349 10 14 0.040202785 
62 333 9 13 0.040044762 
897 88 8 10 0.039914172 
808 93 9 11 0.03988718 
489 20 8 11 0.039825115 
519 47 8 10 0.039740704 
784 39 7 9 0.039701656 
437 6 12 14 0.039603204 
616 85 8 10 0.03953525 
377 242 11 14 0.039527427 
320 240 13 16 0.03952192 
534 11 10 11 0.03932821 
536 2 8 9 0.039326593 
890 116 9 12 0.0392155 
457 244 9 11 0.03918696 
783 1 8 8 0.038979124 
336 383 9 10 0.03895494 
1000 4 10 11 0.03886721 
719 63 7 10 0.038851745 
638 96 8 9 0.038771786 
887 1 11 9 0.03867603 
729 14 7 9 0.038497392 
689 48 8 10 0.03847958 
339 357 10 14 0.038321976 
785 53 8 10 0.03830567 
31 68 8 11 0.03822553 
296 337 11 15 0.03819903 
263 20 9 12 0.0381737 
753 62 8 9 0.03810533 
48 13 8 11 0.03807798 
775 70 7 9 0.037989132 
384 363 10 13 0.037935752 
479 21 8 11 0.037875723 
456 238 9 13 0.0378587 
263 357 11 14 0.037832342 
575 227 11 15 0.037719704 
798 74 18 23 0.03768842 
437 232 10 12 0.037631147 
517 7 9 10 0.03758864 
610 79 7 10 0.037357915 
730 62 7 10 0.037232 
432 242 12 14 0.03718903 
777 54 6 8 0.037144985 
469 28 9 12 0.037123863 
303 298 11 15 0.037005346 
153 47 8 10 0.036918715 
637 102 9 10 0.036791816 
311 324 9 13 0.036640327 
439 187 10 13 0.036618818 
253 47 9 11 0.036577724 
856 38 7 9 0.036443297 
287 38 7 10 0.03620823 
639 13 8 10 0.036203682 
53 22 8 11 0.036190137 
594 39 7 9 0.036143884 
800 92 9 11 0.036103867 
504 30 8 10 0.036064558 
565 56 8 10 0.035931077 
289 370 12 15 0.035924733 
625 45 7 10 0.03586803 
198 254 10 14 0.035858653 
603 71 8 10 0.035819743 
943 4 10 11 0.035743024 
721 24 8 9 0.035729967 
696 32 8 9 0.035702527 
904 39 7 10 0.035589114 
466 312 9 10 0.035578005 
429 68 13 17 0.035522126 
184 1 11 11 0.035495847 
744 1 8 8 0.035484724 
54 5 9 11 0.035400722 
2 38 9 13 0.035391077 
153 54 10 12 0.035384107 
145 46 8 10 0.03512601 
541 6 9 11 0.035087038 
365 287 11 12 0.035047475 
622 89 8 9 0.03493811 
432 87 12 14 0.03490722 
798 29 8 10 0.034783017 
109 324 15 20 0.03473374 
758 63 7 8 0.03460158 
703 46 10 11 0.034598142 
614 55 8 10 0.034555398 
221 11 9 11 0.034544397 
765 102 9 11 0.03451516 
47 102 13 17 0.034514755 
760 31 8 10 0.03447667 
294 4 10 12 0.034437455 
229 314 10 15 0.034417845 
655 87 8 9 0.0343984 
471 312 8 10 0.034177188 
904 102 9 10 0.034176726 
16 303 8 10 0.03414395 
264 46 9 11 0.034116786 
72 83 10 12 0.034093805 
893 112 11 13 0.033920035 
568 2 7 7 0.033863585 
341 284 12 13 0.03378996 
649 41 7 9 0.033751935 
306 340 13 16 0.033741172 
760 86 8 11 0.033723373 
809 0 8 8 0.033662934 
857 119 8 11 0.033600558 
336 371 11 13 0.03359008 
555 22 8 10 0.033573583 
662 69 9 10 0.033460066 
302 239 11 14 0.03344508 
553 31 7 9 0.03323228 
436 205 11 13 0.033191655 
586 23 7 9 0.03315214 
769 64 7 9 0.032990344 
703 31 9 10 0.032848846 
303 7 12 13 0.032806728 
447 27 10 13 0.032785762 
285 79 9 11 0.03273027 
712 55 8 9 0.032677554 
1006 5 9 11 0.032633137 
879 47 7 9 0.032588676 
815 0 8 8 0.032585807 
673 31 8 10 0.03255462 
712 71 7 9 0.032471582 
784 96 8 10 0.03244182 
639 39 8 10 0.03243533 
905 69 10 13 0.032403797 
462 288 7 10 0.032377504 
599 23 8 10 0.03237406 
327 284 11 13 0.032320008 
614 63 8 10 0.032312416 
795 79 8 10 0.03218294 
837 11 9 12 0.032046273 
153 39 8 11 0.03194758 
735 9 8 9 0.03190866 
311 48 9 11 0.031896587 
729 78 8 9 0.031776406 
680 61 8 10 0.03170122 
390 253 10 11 0.0316973 
927 6 10 13 0.031595137 
975 4 9 11 0.03157024 
910 87 8 10 0.031535804 
794 130 16 17 0.031441797 
790 124 14 15 0.03139114 
750 101 8 10 0.031340618 
278 356 10 13 0.031309202 
332 261 12 15 0.031287253 
358 277 8 11 0.03128554 
429 60 11 13 0.031238332 
599 16 7 9 0.031136975 
126 61 8 11 0.031045925 
632 46 7 9 0.030981656 
559 16 8 10 0.030937126 
226 23 9 11 0.030921008 
253 64 9 10 0.030912835 
415 268 8 11 0.030844435 
741 15 8 10 0.030767748 
695 8 8 9 0.030759366 
575 14 9 11 0.030720295 
381 272 9 11 0.030706353 
648 47 8 9 0.030642102 
733 71 8 10 0.030631807 
623 16 8 10 0.030569209 
439 48 9 11 0.030553358 
601 65 8 10 0.030551504 
422 263 10 12 0.03047652 
970 5 9 11 0.030459499 
63 7 10 11 0.030411262 
190 1 13 14 0.030405166 
761 95 8 9 0.030369144 
842 94 8 10 0.03029789 
654 54 7 9 0.03029104 
242 438 9 12 0.030243538 
935 5 10 11 0.030200442 
872 103 8 11 0.030145224 
774 14 8 11 0.030139873 
726 30 8 10 0.030135425 
608 23 7 9 0.03013145 
291 365 14 16 0.030122994 
77 79 12 15 0.03011984 
70 336 9 11 0.030101186 
591 286 8 10 0.030031899 
610 7 8 10 0.029988462 
423 41 12 14 0.02995995 
465 23 8 10 0.029831897 
457 286 9 10 0.02978775 
103 56 9 10 0.029712345 
671 23 8 10 0.029687593 
694 38 8 10 0.029375073 
250 54 9 10 0.029368464 
298 403 14 15 0.02926694 
758 2 8 9 0.029252378 
2 629 8 13 0.029248841 
117 622 13 14 0.029230312 
703 87 7 9 0.029179169 
742 23 8 10 0.02916125 
461 279 8 10 0.029135268 
53 15 9 10 0.0290204 
543 1 8 8 0.028994836 
582 0 8 9 0.028958576 
790 40 8 10 0.028952174 
464 4 10 13 0.028923038 
92 69 10 11 0.028791515 
752 39 7 10 0.028700147 
293 359 11 13 0.02867865 
786 101 9 12 0.028668871 
721 13 7 9 0.028621696 
463 248 11 13 0.028616408 
968 94 8 9 0.028609637 
448 39 9 11 0.028522506 
199 39 9 12 0.028443733 
825 71 8 11 0.028402075 
344 389 9 11 0.028327197 
865 63 8 10 0.028325247 
256 18 11 14 0.028300785 
705 13 7 10 0.028291248 
246 37 8 11 0.0282573 
858 23 8 11 0.028252022 
420 28 10 13 0.028238177 
424 10 12 15 0.028234905 
782 80 8 10 0.028225016 
815 78 9 11 0.028100368 
499 237 9 12 0.028088627 
746 55 7 9 0.028042944 
342 382 9 11 0.02802781 
184 19 9 11 0.02796034 
712 63 7 9 0.027932962 
319 363 9 13 0.027910717 
552 264 9 11 0.027886907 
280 21 9 12 0.027861943 
906 77 8 10 0.02783822 
436 197 11 14 0.02780057 
271 2 14 14 0.02773537 
441 19 11 14 0.027725186 
593 16 8 10 0.027698796 
49 70 9 11 0.027678512 
863 99 9 12 0.027677963 
124 55 10 12 0.027664151 
727 24 7 10 0.027630862 
703 69 7 9 0.027564319 
717 80 8 9 0.027562683 
339 364 10 12 0.027552819 
357 390 12 15 0.027508212 
1005 1 9 9 0.027498003 
560 245 10 12 0.027495706 
663 2 8 9 0.02745351 
120 628 31 33 0.027419245 
536 288 6 7 0.027396148 
332 333 11 14 0.027370177 
948 3 9 12 0.027316535 
490 52 9 12 0.02728972 
97 313 11 15 0.027273072 
611 84 7 10 0.027264005 
614 14 8 10 0.027245384 
853 0 9 8 0.027187094 
456 229 9 13 0.027152224 
141 62 10 12 0.027119614 
245 11 12 15 0.02710107 
327 253 10 13 0.027089251 
656 24 8 10 0.027075086 
574 301 8 10 0.027042259 
808 101 10 12 0.027034037 
504 17 9 11 0.026996844 
745 37 7 10 0.02699205 
21 325 10 13 0.026954815 
592 0 8 8 0.026952317 
770 20 8 11 0.026921732 
494 16 8 10 0.026903277 
287 217 9 11 0.026901945 
25 332 9 11 0.026733724 
422 23 10 12 0.02673123 
118 616 10 12 0.026655499 
647 15 7 9 0.026607832 
229 2 14 14 0.026588378 
639 46 7 9 0.02655174 
533 24 10 11 0.026534697 
110 61 8 10 0.026506176 
260 8 10 11 0.026500905 
277 384 10 13 0.026365038 
518 13 9 12 0.02635695 
405 271 9 12 0.026311401 
6 53 10 11 0.026285538 
559 338 10 13 0.026265567 
270 22 9 12 0.02620837 
371 620 11 12 0.026198674 
553 334 10 12 0.026188955 
425 267 9 12 0.026162421 
23 63 8 10 0.02612452 
536 261 8 10 0.02604542 
519 31 8 10 0.02601564 
689 21 8 10 0.025969308 
559 253 10 11 0.02593141 
528 12 9 11 0.02591434 
593 47 7 10 0.02590387 
221 315 13 17 0.025864435 
214 375 9 11 0.02583501 
106 309 14 18 0.025700282 
343 299 9 12 0.025644923 
444 310 9 12 0.025635399 
693 15 9 10 0.025610795 
599 1 8 8 0.025604151 
678 25 9 10 0.025594773 
720 1 8 8 0.02556241 
542 279 9 10 0.025473326 
17 78 10 13 0.025419442 
334 389 9 11 0.025397416 
370 310 10 13 0.025330782 
359 270 10 12 0.025326319 
243 639 13 14 0.025325835 
475 193 11 14 0.025306888 
677 38 9 11 0.025290998 
808 28 9 11 0.025279375 
418 173 9 12 0.025276748 
115 629 17 18 0.025267135 
297 348 10 12 0.025218368 
568 295 9 11 0.025199788 
242 31 9 11 0.025157217 
359 300 9 12 0.025128657 
703 0 7 8 0.025123367 
63 339 11 13 0.025118124 
656 81 7 9 0.025057979 
289 33 8 10 0.025004728 
679 46 8 10 0.024980754 
833 23 10 12 0.024947071 
39 333 10 12 0.024946336 
398 302 8 11 0.024934879 
624 616 9 11 0.024916632 
287 358 10 13 0.024879836 
330 237 10 14 0.024787398 
321 1 11 15 0.02478104 
253 357 10 14 0.024760142 
657 70 8 9 0.024728607 
600 6 8 9 0.024707628 
583 55 8 8 0.02466259 
429 171 9 12 0.024661317 
600 48 7 10 0.024597682 
809 15 8 10 0.02458743 
16 63 9 11 0.024574552 
845 23 8 11 0.024371427 
775 64 7 10 0.02436023 
229 375 10 13 0.024347447 
813 94 8 10 0.024340287 
872 24 8 11 0.024257986 
878 103 8 10 0.024246782 
351 84 10 12 0.024243476 
641 85 7 10 0.02419046 
41 39 8 10 0.024145434 
367 55 11 13 0.024134858 
623 7 7 8 0.024097506 
528 1 9 9 0.023949089 
445 217 12 15 0.023926262 
945 124 9 12 0.023863336 
665 96 9 10 0.023853585 
561 54 8 10 0.02383177 
219 357 13 17 0.023819476 
1006 34 11 15 0.023817686 
599 53 7 9 0.023748768 
511 36 8 10 0.023666913 
765 124 13 14 0.02359167 
486 32 9 12 0.023483971 
567 39 7 10 0.02345459 
646 81 8 10 0.02344211 
110 315 13 17 0.02338621 
422 107 11 13 0.023374043 
74 61 10 12 0.023356047 
709 46 9 10 0.023346256 
282 340 12 16 0.023318436 
807 23 9 11 0.023314834 
880 40 7 8 0.023308717 
671 78 7 10 0.023287764 
87 37 10 11 0.023236156 
38 349 10 12 0.023220977 
292 362 22 25 0.023178233 
950 119 8 12 0.023153406 
599 37 7 9 0.023140036 
73 49 10 12 0.023119366 
727 87 8 9 0.023108406 
439 27 11 15 0.023081219 
87 606 62 53 0.022957323 
575 23 7 10 0.02293893 
775 49 7 9 0.022901041 
443 93 10 13 0.022843355 
291 222 10 13 0.022824077 
70 640 27 37 0.022762232 
497 1 9 9 0.022723068 
768 119 10 13 0.022708485 
879 86 8 11 0.022706226 
47 358 8 10 0.022685902 
648 70 7 10 0.022675682 
36 341 12 14 0.02267112 
519 39 7 9 0.022666335 
647 62 8 10 0.022650601 
351 390 11 14 0.022635048 
53 48 9 11 0.022509782 
511 1 8 8 0.022496687 
583 293 8 10 0.022437127 
881 93 8 10 0.022432216 
887 94 8 10 0.02243004 
444 199 21 24 0.022416545 
245 32 9 11 0.022410017 
317 409 17 23 0.02239881 
790 64 8 10 0.022396492 
526 271 9 12 0.022374693 
105 90 11 15 0.022364529 
678 6 8 9 0.022320997 
794 85 8 11 0.022263505 
219 337 13 16 0.022250434 
709 31 8 11 0.022243967 
331 325 11 14 0.02221587 
593 279 10 11 0.022203919 
429 17 12 14 0.022195168 
162 328 7 10 0.022189915 
779 85 9 11 0.022089425 
575 269 10 12 0.022083309 
457 293 9 12 0.022045158 
104 61 10 11 0.022026138 
120 64 9 11 0.022022124 
24 384 9 12 0.022021163 
989 36 11 14 0.022018852 
122 45 9 12 0.022013552 
353 251 12 15 0.021994038 
164 55 8 11 0.02197951 
663 37 7 10 0.02195334 
319 647 9 11 0.021938149 
350 107 11 12 0.02193404 
249 63 8 10 0.021898808 
125 39 9 11 0.02187293 
489 47 9 12 0.021831814 
428 270 12 12 0.02182824 
209 239 14 17 0.021804057 
737 30 8 10 0.021784393 
672 73 7 9 0.021773396 
449 260 9 12 0.021725088 
345 309 9 12 0.02172356 
351 301 8 11 0.021675585 
56 359 8 9 0.021668157 
723 258 11 14 0.02166618 
275 399 16 19 0.021661777 
208 36 10 13 0.02162948 
935 1 10 9 0.02161688 
430 236 20 24 0.02157731 
418 231 10 12 0.021555858 
870 63 7 9 0.021519348 
722 30 8 10 0.021512853 
493 67 11 12 0.021454763 
367 247 10 12 0.021389747 
78 67 12 14 0.021384029 
846 29 7 10 0.021344598 
791 1 9 8 0.021344237 
897 93 9 10 0.021331724 
487 278 9 12 0.021267347 
727 96 8 9 0.021241577 
838 2 9 10 0.021198288 
886 63 7 10 0.021180196 
183 4 10 12 0.02115423 
272 383 11 12 0.02107085 
0 648 11 21 0.021033715 
245 357 21 27 0.02102968 
430 188 12 15 0.020965058 
448 317 9 11 0.020925537 
768 3 9 9 0.02090457 
418 49 14 17 0.020891597 
801 61 7 10 0.020874975 
425 161 8 11 0.02081292 
556 270 9 11 0.02077009 
849 40 7 9 0.020750597 
799 38 8 11 0.020729842 
376 363 10 14 0.02069015 
720 52 8 11 0.020624394 
432 5 20 24 0.020592451 
461 229 9 11 0.020549621 
786 238 13 15 0.020507986 
475 254 10 13 0.020486364 
824 63 7 10 0.020484114 
355 309 10 13 0.020433411 
746 75 10 11 0.020425681 
429 223 11 13 0.020416653 
577 2 9 8 0.020365695 
582 47 8 10 0.020355588 
862 83 18 23 0.020336296 
341 348 11 14 0.020320825 
776 607 12 14 0.020311158 
157 38 9 12 0.02028361 
324 302 12 14 0.020265017 
332 254 12 14 0.020262953 
601 78 8 10 0.02026169 
240 351 11 14 0.02025732 
775 91 9 11 0.020242006 
0 11 7 13 0.020210879 
864 69 9 10 0.020114807 
505 39 8 10 0.020081498 
240 12 10 13 0.020034939 
