58_Hockey_icehockey_puck_58_592
35
182 330 16 22 0.96567076 
966 396 29 31 0.95774066 
542 350 25 28 0.91640985 
716 332 12 15 0.76430184 
692 356 15 17 0.49708343 
864 345 12 16 0.2602856 
179 372 14 17 0.07150501 
669 371 16 18 0.05453108 
177 314 12 15 0.049593605 
649 376 10 12 0.046287734 
853 347 13 16 0.043897733 
685 373 14 16 0.041022733 
677 390 12 13 0.03904745 
813 392 12 17 0.038099203 
457 488 11 13 0.03762299 
851 353 14 17 0.034954786 
702 390 9 12 0.034093246 
1001 298 16 18 0.031486087 
531 413 41 57 0.02818455 
877 346 12 17 0.027817704 
981 317 12 18 0.027326519 
427 212 388 440 0.027323732 
535 399 8 10 0.02711942 
691 371 13 16 0.026309263 
661 374 27 28 0.025056334 
697 388 10 13 0.02466798 
567 493 11 14 0.02344228 
471 383 8 11 0.023426237 
711 336 14 16 0.022338506 
692 379 11 13 0.02209591 
863 347 21 25 0.022009933 
968 484 13 15 0.021938493 
828 348 14 16 0.021732995 
633 384 9 11 0.02106902 
710 408 8 11 0.02051549 
