58_Hockey_icehockey_puck_58_403
52
295 96 55 63 0.9740761 
259 109 58 66 0.6150816 
80 275 62 76 0.54201335 
575 211 64 74 0.5402649 
120 322 213 299 0.33847225 
990 159 30 35 0.33618146 
220 197 343 424 0.29850787 
263 237 32 38 0.2513054 
614 202 92 100 0.21183042 
47 105 209 256 0.15653788 
782 324 27 39 0.10973001 
21 4 341 422 0.09415402 
66 274 388 477 0.09013152 
788 416 36 35 0.0892545 
174 254 207 272 0.07523049 
355 288 230 278 0.070861414 
804 420 30 29 0.066655986 
351 337 47 56 0.064275056 
121 156 192 233 0.05980566 
81 226 103 140 0.058700155 
254 126 39 55 0.054449033 
564 146 69 59 0.051050458 
386 203 347 468 0.047393076 
216 253 27 36 0.04503819 
374 349 35 45 0.04466803 
762 321 42 52 0.044356197 
259 72 55 71 0.043437805 
524 292 48 57 0.042632505 
561 161 87 93 0.04074717 
410 98 29 37 0.039246526 
534 411 235 260 0.037827834 
346 325 37 49 0.03599543 
389 363 35 46 0.035234965 
48 257 52 64 0.03292721 
673 474 61 56 0.031408735 
78 289 42 46 0.030900506 
580 406 121 134 0.029777745 
526 403 125 152 0.026492322 
796 342 15 20 0.026289528 
909 271 29 29 0.025732903 
608 199 378 496 0.025705341 
616 493 122 104 0.025107972 
769 345 33 38 0.025021926 
816 420 18 19 0.024428021 
165 340 134 161 0.024133626 
701 468 62 51 0.02383068 
540 216 87 92 0.023316516 
831 159 28 30 0.0209846 
669 461 26 35 0.020838263 
162 138 38 41 0.02062857 
973 487 12 15 0.02046949 
231 106 78 104 0.020372208 
