58_Hockey_icehockey_puck_58_553
55
913 231 25 29 0.9879935 
480 210 20 26 0.9268023 
565 166 14 17 0.73150074 
88 198 28 32 0.64628124 
140 179 17 23 0.60388833 
559 200 21 34 0.38540742 
854 187 10 13 0.25001177 
152 177 16 21 0.21189365 
22 243 12 16 0.06337302 
593 197 25 35 0.05701164 
572 201 26 30 0.050017036 
81 185 26 33 0.045519996 
198 202 13 18 0.044556294 
603 207 14 22 0.043296594 
938 159 8 11 0.042780273 
41 305 14 19 0.04246618 
846 204 12 17 0.041356813 
73 191 24 31 0.041094765 
463 -3 426 477 0.040338792 
915 188 14 15 0.037958935 
568 206 17 24 0.037582807 
830 172 11 12 0.037525535 
53 280 28 29 0.034956314 
71 195 12 20 0.03488691 
565 173 14 20 0.03272757 
553 206 19 33 0.03194764 
37 234 15 18 0.030593943 
849 183 10 14 0.030090397 
838 173 8 10 0.030066377 
826 172 9 12 0.02976381 
18 -4 500 470 0.029666947 
580 189 16 20 0.028273785 
477 206 15 24 0.028119328 
892 174 10 12 0.027898664 
91 437 14 18 0.027062679 
958 160 7 10 0.027023016 
902 231 17 22 0.025978956 
847 197 12 15 0.025916385 
877 166 9 12 0.025503006 
565 191 24 31 0.025289752 
38 243 13 16 0.024134675 
582 192 27 33 0.024122238 
877 244 13 17 0.02376396 
84 187 15 18 0.023578826 
59 242 15 16 0.023572972 
109 187 14 19 0.023372235 
94 168 10 12 0.023316648 
863 140 7 10 0.02310292 
569 143 9 10 0.023016505 
242 460 9 12 0.022004211 
599 87 8 9 0.021784544 
569 147 11 12 0.02177371 
126 449 15 18 0.021585 
937 163 10 13 0.020564154 
17 236 12 16 0.020410731 
