58_Hockey_icehockey_puck_58_880
61
642 275 19 25 0.8826413 
393 312 24 27 0.80105394 
615 316 23 29 0.69448406 
921 277 23 31 0.39963385 
735 302 15 21 0.3328463 
339 327 17 19 0.33129948 
716 315 24 28 0.14936595 
910 402 13 17 0.11429207 
946 280 31 35 0.10897662 
776 93 13 15 0.07138946 
725 304 21 26 0.06881639 
388 319 20 22 0.061947558 
677 322 12 14 0.05623093 
327 326 25 28 0.055206455 
933 275 32 35 0.05406106 
679 309 10 13 0.053324584 
384 323 13 17 0.05010632 
1012 283 12 20 0.048229296 
743 296 21 32 0.047096234 
665 350 9 12 0.04606108 
328 339 12 14 0.044537883 
601 328 28 29 0.04098625 
807 95 11 13 0.039934598 
717 308 15 19 0.03973898 
1006 372 16 21 0.038268235 
668 343 10 13 0.037780877 
753 92 14 17 0.03634843 
497 139 10 11 0.033982415 
604 322 18 21 0.03162097 
388 324 29 30 0.031063732 
971 287 16 22 0.030969469 
331 337 25 26 0.03017405 
648 366 10 12 0.029801585 
663 354 10 13 0.028666912 
961 288 18 22 0.028472846 
918 266 40 51 0.028386159 
639 271 15 20 0.02737195 
674 318 11 15 0.02720332 
673 303 10 13 0.026853636 
901 410 14 18 0.02634145 
602 347 16 16 0.026320599 
416 366 9 11 0.02509176 
683 311 10 13 0.024860296 
332 354 14 16 0.024749037 
438 403 11 13 0.024693683 
327 347 14 17 0.024091955 
327 327 13 16 0.02364695 
664 134 13 16 0.02358215 
620 311 15 19 0.023309212 
551 166 11 13 0.023135299 
342 319 12 16 0.022693563 
718 294 12 16 0.022357505 
723 299 36 46 0.02231777 
903 398 13 18 0.021453101 
801 93 11 14 0.021378072 
596 329 18 19 0.021328146 
683 317 11 14 0.021311644 
940 394 11 14 0.021099994 
595 325 48 45 0.020869063 
830 95 10 13 0.020587848 
657 350 11 12 0.020234441 
