58_Hockey_icehockey_puck_58_384
156
224 204 33 34 0.98699737 
607 227 27 30 0.98465884 
425 495 24 30 0.93240625 
529 440 35 39 0.8397005 
850 25 14 18 0.773201 
552 300 25 32 0.75823015 
600 195 20 26 0.6873841 
281 456 28 34 0.65486157 
347 573 35 40 0.42184126 
629 72 23 25 0.2331949 
818 4 26 31 0.22135258 
474 207 15 18 0.20985134 
136 534 40 32 0.20845248 
-3 494 44 60 0.19008362 
671 67 19 28 0.18824475 
232 492 31 28 0.15917195 
768 58 28 32 0.15519714 
738 123 25 32 0.12905782 
537 254 26 31 0.1263214 
249 488 21 23 0.111900434 
550 258 18 21 0.10777557 
929 17 13 17 0.10280591 
274 628 62 50 0.09435943 
466 203 26 27 0.09062888 
600 178 26 34 0.075684436 
751 63 37 41 0.071853094 
331 343 57 58 0.06580456 
253 618 16 20 0.0630693 
537 295 29 35 0.06062194 
518 284 26 35 0.058550496 
459 243 13 15 0.058261227 
602 200 28 31 0.0576923 
425 359 26 32 0.057104766 
403 271 44 49 0.055492166 
834 75 45 67 0.053478662 
525 260 31 38 0.05293263 
503 334 33 37 0.05262598 
845 66 13 17 0.050156128 
70 429 58 59 0.04870588 
850 14 23 26 0.047116127 
214 494 26 29 0.04710946 
212 497 15 22 0.046934377 
351 476 22 34 0.046416752 
403 247 53 56 0.045992102 
435 247 30 31 0.044243116 
494 176 31 38 0.043641258 
463 288 37 47 0.043399904 
279 456 15 23 0.043123864 
557 259 27 30 0.042813182 
894 8 55 64 0.042741567 
395 290 37 36 0.0420495 
678 67 27 31 0.04183977 
582 164 49 58 0.041804805 
559 315 22 25 0.040718935 
254 638 39 38 0.04049425 
645 233 23 32 0.039445963 
611 180 18 23 0.03871871 
659 186 25 29 0.038235225 
634 77 28 30 0.037414737 
596 332 13 16 0.03732449 
735 79 50 60 0.03685463 
489 341 32 34 0.036660194 
731 115 25 32 0.036404803 
657 69 27 34 0.0358927 
156 533 49 47 0.0351551 
723 106 26 34 0.035127014 
526 160 16 22 0.035038203 
616 79 27 30 0.03497461 
2 505 18 21 0.034787837 
0 493 24 42 0.034525517 
419 279 43 50 0.03407886 
591 170 26 36 0.03359277 
839 25 14 20 0.033251844 
671 305 10 15 0.032795485 
419 290 18 22 0.03237406 
526 160 27 34 0.032338303 
573 261 28 32 0.032274522 
517 162 51 52 0.03148312 
256 482 19 23 0.031130066 
298 613 56 58 0.030945832 
274 439 31 43 0.030404292 
832 52 24 31 0.030341348 
828 54 15 21 0.030321714 
896 0 19 19 0.030170605 
511 418 14 19 0.029563822 
532 126 16 20 0.029538771 
521 325 44 42 0.02950385 
784 64 16 21 0.02903699 
807 17 30 36 0.029034615 
417 234 52 54 0.028749825 
307 457 15 19 0.028722558 
518 133 11 16 0.02869857 
449 248 18 19 0.028330948 
334 346 89 89 0.027391156 
644 122 18 20 0.027385568 
457 628 34 40 0.02732841 
511 250 33 41 0.027301589 
840 57 25 31 0.02710391 
465 243 13 16 0.026859915 
655 227 13 18 0.026845593 
350 477 13 20 0.026258884 
660 170 15 18 0.026115617 
867 17 15 19 0.025608351 
591 209 43 49 0.02546678 
694 152 45 63 0.025194343 
214 196 26 34 0.025043702 
659 168 25 32 0.025016457 
728 103 46 58 0.024612429 
480 288 38 46 0.024508663 
87 443 33 38 0.024464447 
877 17 12 17 0.024223953 
788 40 94 117 0.024144378 
321 599 59 72 0.023911433 
563 269 32 37 0.023795983 
621 72 16 22 0.023786211 
464 175 48 54 0.023732958 
833 11 22 29 0.023553878 
441 231 31 35 0.023502998 
126 537 29 35 0.022852106 
614 80 14 19 0.02280103 
634 114 30 33 0.02271459 
488 348 44 48 0.022654684 
273 466 30 38 0.022514058 
275 624 36 38 0.022442522 
458 246 51 62 0.022029944 
547 241 26 31 0.022028474 
507 339 46 46 0.021671867 
160 219 460 520 0.021600362 
754 89 37 40 0.021474253 
580 230 21 30 0.021446224 
726 50 82 95 0.021365084 
457 235 25 30 0.02135368 
824 29 49 56 0.021318648 
450 207 51 58 0.021165881 
539 317 34 37 0.021129522 
488 373 25 32 0.02112355 
856 4 12 14 0.021078996 
532 270 31 41 0.0210672 
571 269 17 21 0.021056987 
425 506 29 32 0.020865025 
450 249 28 30 0.020808984 
332 610 16 23 0.020784631 
267 606 99 94 0.020685557 
0 500 13 22 0.020640893 
398 583 29 43 0.02046321 
839 68 30 37 0.020332975 
661 199 18 21 0.020302152 
517 230 53 60 0.020274032 
515 154 26 35 0.020272436 
586 331 25 31 0.020263186 
706 107 31 43 0.020207645 
343 428 45 53 0.020069445 
255 487 26 33 0.020059066 
-20 479 69 99 0.020034878 
844 32 27 30 0.020021832 
869 44 12 15 0.020014804 
