58_Hockey_icehockey_puck_58_655
36
858 75 68 90 0.99835384 
656 86 64 86 0.9943592 
109 174 66 77 0.9877685 
286 210 76 80 0.9565906 
337 125 46 49 0.6136889 
972 2 47 37 0.5468978 
8 259 39 59 0.12908424 
17 6 59 69 0.11896379 
496 53 56 70 0.09328791 
261 248 96 120 0.08857166 
654 347 104 131 0.0832545 
923 23 34 42 0.08046655 
830 446 35 38 0.064848885 
683 82 97 98 0.061021253 
147 272 58 65 0.060496442 
329 129 62 81 0.050238747 
487 29 53 64 0.045603946 
445 493 111 105 0.0423205 
961 3 62 69 0.03724271 
834 58 46 64 0.035999384 
4 129 29 41 0.034426942 
724 62 57 61 0.033499643 
169 360 26 29 0.031235067 
699 144 200 207 0.031038525 
946 0 46 36 0.028957598 
122 167 93 109 0.02822276 
29 268 31 41 0.024867488 
746 89 62 64 0.024399923 
365 203 15 20 0.02437353 
55 238 32 40 0.024350518 
275 300 64 74 0.022840394 
864 408 25 34 0.022485182 
35 234 43 55 0.021418372 
823 456 34 40 0.021093406 
717 128 61 65 0.02098154 
499 18 33 38 0.020597022 
