58_Hockey_icehockey_puck_58_940
30
825 267 27 28 0.9880756 
416 320 45 35 0.9444446 
695 292 31 35 0.93859255 
421 347 65 91 0.45007166 
288 206 10 12 0.2967561 
253 221 11 14 0.18070434 
481 334 92 125 0.0964113 
573 359 15 18 0.0930367 
778 373 11 14 0.091154344 
562 316 14 18 0.08430463 
568 353 15 20 0.055960722 
446 339 89 108 0.052633554 
312 199 11 13 0.051849775 
416 329 58 64 0.049357697 
672 377 17 25 0.043157708 
563 321 17 22 0.04097464 
738 319 13 19 0.03078874 
292 201 11 12 0.027131176 
817 250 30 40 0.025752878 
967 240 10 13 0.023995262 
879 389 11 14 0.023022447 
315 204 11 14 0.022960318 
269 207 9 11 0.022761626 
488 341 30 31 0.022507705 
447 333 59 73 0.022466889 
672 365 28 43 0.020547789 
728 317 20 27 0.020368535 
329 206 9 11 0.02014142 
720 327 25 30 0.020035762 
424 300 49 49 0.02003237 
