58_Hockey_icehockey_puck_58_753
47
887 376 54 99 0.99565154 
344 508 36 40 0.6057624 
561 300 27 32 0.6005639 
896 186 19 27 0.46512055 
177 543 51 71 0.43200228 
359 498 38 42 0.18814303 
765 159 12 17 0.16749628 
819 525 45 59 0.15914164 
558 288 23 35 0.1346304 
585 328 49 57 0.10769702 
530 396 27 32 0.10329499 
1003 158 17 25 0.086310945 
169 109 11 13 0.08033263 
328 487 42 57 0.07147208 
368 482 42 51 0.0520926 
455 122 11 13 0.049471896 
567 287 41 48 0.049004745 
91 -5 401 516 0.043822043 
502 622 129 131 0.03822284 
138 512 42 39 0.03611796 
830 500 30 49 0.035339084 
340 442 37 33 0.03295806 
825 237 17 20 0.032498952 
525 154 12 16 0.03035952 
937 149 25 30 0.030080494 
572 303 46 49 0.029220112 
313 591 25 30 0.028702352 
698 337 42 51 0.025707275 
676 331 41 51 0.025565509 
903 188 24 28 0.025472142 
815 238 27 32 0.024935007 
135 521 58 66 0.02397073 
301 597 26 34 0.023930758 
676 549 113 129 0.023110908 
593 323 32 40 0.022971446 
841 499 49 66 0.02284873 
315 585 17 20 0.022684228 
947 148 18 22 0.022648498 
407 249 367 461 0.022066101 
741 219 30 41 0.021930967 
809 218 85 121 0.02172718 
490 132 56 78 0.02162182 
172 112 11 14 0.021004988 
993 150 23 33 0.020782849 
709 355 27 30 0.020662202 
940 98 11 13 0.020440063 
520 384 45 52 0.020122027 
