58_Hockey_icehockey_puck_58_671
72
307 241 23 29 0.97991633 
570 251 27 30 0.95954025 
271 256 28 47 0.9483099 
394 260 16 22 0.8577018 
413 259 14 18 0.19549668 
525 275 31 36 0.18027793 
628 326 25 33 0.15967438 
630 332 15 20 0.10638227 
596 245 12 17 0.10375546 
291 243 34 49 0.07305018 
282 249 25 40 0.064162366 
579 243 25 32 0.05296101 
623 320 41 54 0.051457785 
521 383 211 231 0.048876733 
1001 238 8 12 0.048543 
782 149 78 133 0.039921667 
392 251 36 45 0.038888082 
668 201 16 18 0.038735185 
618 316 25 31 0.038596693 
645 317 47 57 0.038102712 
673 195 17 20 0.033761106 
414 414 53 60 0.033459034 
318 321 34 38 0.033274874 
636 221 24 29 0.032839507 
367 293 12 15 0.03230555 
524 286 17 20 0.03175191 
742 141 82 124 0.030819736 
659 144 14 17 0.030361388 
793 288 33 33 0.029255629 
633 324 17 21 0.029230496 
557 315 17 21 0.02820066 
386 436 56 54 0.028086944 
402 265 385 396 0.027610926 
621 335 27 35 0.02743726 
640 213 11 15 0.026855951 
481 223 29 32 0.026002284 
646 332 29 36 0.025801912 
465 219 10 15 0.025508318 
598 281 24 30 0.02535961 
676 189 13 16 0.025150929 
433 203 15 19 0.024930531 
629 14 22 23 0.024894617 
288 263 30 44 0.024759548 
588 271 25 35 0.02468831 
321 268 42 51 0.024453938 
372 351 61 55 0.024362152 
664 204 12 15 0.024315517 
630 245 12 16 0.024313867 
630 221 10 12 0.024011044 
624 338 12 17 0.023617385 
349 172 17 19 0.023280134 
937 391 9 11 0.0232426 
151 -14 126 123 0.023206398 
546 299 38 45 0.023153873 
465 277 26 32 0.022394594 
496 361 41 50 0.022221483 
546 249 17 22 0.022215156 
658 336 29 34 0.021745741 
321 73 56 87 0.021316927 
503 260 12 15 0.021102484 
634 233 24 30 0.021069733 
509 273 15 20 0.021025108 
338 284 16 20 0.020896612 
484 241 16 20 0.020865083 
306 0 48 41 0.020849872 
560 132 14 18 0.020743359 
869 414 9 11 0.020646367 
508 265 14 17 0.020632837 
340 189 15 17 0.020595614 
337 40 83 113 0.020585852 
491 226 19 20 0.020025225 
572 260 30 39 0.020012718 
