50_Celebration_Or_Party_birthdayparty_50_43
46
521 256 36 45 0.9993936 
625 405 45 57 0.9991265 
640 255 37 43 0.99896955 
582 41 37 45 0.9985209 
461 96 35 43 0.99815387 
754 242 37 47 0.9981188 
395 261 39 48 0.9971228 
205 267 46 56 0.996626 
484 444 46 55 0.9958379 
715 95 35 43 0.9949886 
772 414 44 52 0.99203604 
298 112 40 49 0.9898449 
353 418 44 51 0.9890463 
202 75 39 47 0.9739891 
209 156 20 22 0.60915786 
625 546 19 23 0.6050521 
793 546 20 24 0.58393157 
733 568 15 20 0.24901761 
464 175 11 13 0.24564742 
394 316 26 29 0.20200811 
322 328 26 34 0.06786999 
195 387 22 25 0.05834697 
518 185 12 14 0.055695076 
361 495 24 28 0.043526016 
536 444 39 52 0.04302989 
645 217 18 23 0.0375771 
715 155 13 17 0.035602417 
682 432 23 31 0.034729972 
762 202 28 32 0.03437863 
537 126 9 13 0.03214668 
327 75 15 18 0.03065301 
526 421 35 37 0.03014463 
663 131 15 18 0.029855648 
182 465 110 134 0.028808707 
704 515 14 18 0.027732542 
520 309 23 26 0.02768556 
523 187 13 15 0.026406504 
488 215 10 13 0.026356012 
664 506 18 21 0.025067369 
733 558 16 20 0.024360368 
679 598 10 12 0.023074996 
695 538 11 14 0.021515243 
154 202 9 13 0.021166457 
421 393 494 576 0.020944895 
152 147 12 16 0.020638874 
708 539 21 30 0.02063633 
