50_Celebration_Or_Party_houseparty_50_715
788
808 557 11 15 0.5963642 
732 601 14 18 0.2715132 
835 565 13 15 0.26659945 
24 484 12 15 0.25604913 
607 570 14 18 0.24864142 
520 572 12 15 0.23832135 
253 598 15 19 0.22806172 
670 556 11 15 0.22743389 
805 645 13 17 0.22684881 
702 599 12 15 0.22426629 
526 595 13 16 0.22138642 
887 524 10 12 0.2126463 
614 542 13 15 0.20858625 
781 579 12 15 0.20607159 
690 582 12 15 0.19619422 
696 503 9 12 0.19236189 
855 550 11 13 0.18848795 
630 564 13 17 0.18568361 
670 603 13 16 0.18339117 
378 542 8 11 0.17610443 
800 532 11 13 0.1641379 
94 530 14 18 0.16163413 
799 527 10 11 0.15987098 
837 559 11 13 0.15449433 
360 648 12 17 0.15185474 
61 493 9 11 0.15160635 
918 583 14 18 0.14799514 
675 555 12 14 0.14495644 
794 602 15 18 0.13984857 
774 580 12 16 0.13854195 
832 589 11 14 0.13846196 
262 638 12 17 0.13756548 
191 512 11 13 0.13716476 
727 570 11 15 0.13653524 
150 534 10 14 0.13210745 
240 485 9 13 0.12823902 
160 529 12 17 0.12520808 
595 557 12 15 0.121881984 
673 495 7 9 0.11497956 
284 587 13 17 0.11434192 
652 578 12 15 0.11348668 
595 595 13 16 0.11327995 
415 548 8 10 0.11251135 
695 597 13 16 0.111097135 
122 477 8 10 0.108590424 
793 542 10 12 0.10829896 
678 534 12 15 0.10731648 
558 578 12 15 0.10541561 
844 566 13 15 0.102013245 
528 541 10 13 0.10075137 
653 554 11 15 0.100449376 
71 475 9 13 0.097632356 
723 494 8 10 0.097446114 
663 602 12 15 0.09723684 
733 564 11 14 0.097056456 
655 512 9 11 0.0950552 
751 602 12 16 0.09435394 
29 479 11 14 0.09342122 
207 497 11 12 0.09277786 
419 595 13 16 0.08812269 
95 585 14 20 0.087920785 
150 545 12 17 0.08741092 
148 472 9 11 0.085335135 
717 589 10 13 0.08375206 
783 556 10 13 0.083737634 
57 469 8 11 0.08367629 
726 543 10 13 0.083404966 
695 556 12 15 0.08232125 
127 512 11 12 0.080802575 
261 472 8 10 0.080144756 
104 470 9 11 0.07850627 
845 535 9 12 0.078253835 
58 532 16 18 0.07768061 
838 539 10 12 0.07750322 
162 470 8 10 0.07705849 
812 579 11 14 0.07668085 
86 462 9 11 0.0756417 
831 549 9 12 0.07489164 
132 516 12 15 0.074277304 
369 560 8 10 0.074069604 
539 563 12 17 0.072645724 
584 502 11 12 0.07238029 
144 476 9 10 0.07193978 
501 134 26 31 0.070862025 
120 515 12 14 0.070741445 
608 548 11 14 0.07070079 
145 548 11 15 0.07067861 
419 139 26 28 0.07039652 
474 177 27 32 0.06995574 
727 517 8 10 0.06963831 
33 471 8 10 0.06885441 
311 497 7 9 0.068268724 
815 516 9 12 0.06781424 
831 568 13 16 0.06716886 
136 479 8 9 0.06690882 
768 520 8 9 0.06678968 
864 534 10 12 0.06645235 
155 539 12 15 0.06562397 
675 468 9 10 0.065575555 
678 528 10 12 0.06532323 
644 531 11 15 0.065013885 
753 512 8 10 0.06459831 
787 580 10 13 0.064361185 
840 527 8 11 0.06357922 
748 582 11 14 0.06323699 
701 508 8 12 0.06319979 
319 487 7 9 0.062337536 
849 549 11 13 0.06210901 
911 528 10 12 0.061950237 
449 213 26 33 0.06185971 
738 511 8 10 0.061726656 
223 454 9 11 0.061635632 
304 525 8 11 0.061505873 
846 557 12 14 0.060907833 
558 516 10 12 0.06081548 
702 495 8 10 0.060422182 
105 476 9 10 0.059934247 
165 479 8 10 0.059285942 
881 532 9 11 0.0590496 
459 160 17 22 0.05881606 
775 500 10 11 0.058681596 
735 591 12 14 0.05859856 
667 629 13 19 0.058346074 
153 488 8 9 0.058108177 
195 592 15 18 0.058060087 
398 561 7 10 0.057998896 
73 49 387 422 0.05799077 
737 595 14 18 0.057923783 
674 464 8 10 0.0578339 
682 485 9 11 0.057627205 
325 527 8 10 0.05713862 
494 548 12 14 0.056792267 
742 511 8 10 0.05672774 
385 582 9 10 0.05660476 
881 578 17 21 0.05655948 
750 542 10 12 0.056195743 
678 586 12 14 0.055615332 
366 495 8 10 0.055435162 
803 537 12 15 0.055207737 
752 564 12 15 0.055197444 
738 492 8 10 0.055187024 
320 504 7 8 0.055134293 
533 162 51 70 0.054895215 
95 479 8 9 0.054448847 
150 477 8 9 0.054259744 
228 587 13 17 0.05424181 
698 496 9 11 0.0540184 
192 557 11 16 0.053918317 
581 578 13 16 0.05380351 
737 517 8 11 0.05341167 
268 638 12 16 0.052973717 
741 589 11 14 0.052767668 
749 532 10 12 0.05275478 
39 464 8 9 0.052742865 
187 515 10 14 0.05243845 
374 559 7 10 0.051927723 
558 425 9 10 0.051838707 
655 493 7 10 0.05178704 
394 560 8 10 0.05159269 
310 552 8 10 0.051465757 
177 478 8 11 0.05130397 
409 545 8 10 0.051120993 
555 526 11 13 0.05110915 
102 462 8 10 0.050760113 
618 484 9 11 0.05055545 
885 530 11 12 0.049741026 
839 534 11 13 0.049369294 
609 541 12 15 0.04930148 
217 462 8 10 0.049241688 
754 496 8 10 0.048975054 
213 572 13 15 0.048948236 
663 517 9 11 0.048720814 
321 535 8 10 0.04856461 
862 602 13 18 0.048522875 
381 536 8 10 0.04842254 
736 560 10 13 0.0483475 
286 500 8 10 0.04822418 
568 534 10 13 0.04809139 
664 493 8 9 0.04787709 
343 526 8 10 0.04755613 
672 588 10 14 0.047454786 
720 567 11 14 0.04740713 
53 454 9 11 0.04722735 
788 557 10 13 0.047110505 
376 547 8 11 0.047090117 
97 463 8 9 0.047043897 
175 495 8 10 0.046825968 
768 585 13 17 0.046653327 
836 612 13 15 0.046642747 
605 556 12 14 0.046540078 
49 433 7 8 0.046310283 
598 602 12 15 0.046219934 
96 486 8 10 0.046163075 
777 494 9 11 0.046113294 
658 464 7 9 0.046091646 
791 547 10 13 0.045896582 
563 574 12 15 0.04571828 
744 540 10 12 0.045593888 
126 463 8 9 0.04535797 
712 502 7 8 0.04523476 
864 539 9 13 0.045205895 
126 532 14 17 0.04519194 
142 455 7 8 0.044863958 
887 543 12 15 0.044631135 
478 607 10 14 0.04437072 
204 531 12 16 0.04429143 
726 511 8 10 0.044165224 
630 455 7 10 0.04391239 
722 504 8 9 0.043908864 
721 548 11 15 0.043902252 
85 456 8 9 0.04370901 
125 479 8 9 0.043625798 
869 526 10 12 0.043494307 
728 536 8 10 0.04344862 
745 534 9 11 0.043395776 
504 557 11 14 0.043090135 
280 497 9 11 0.042787008 
611 629 12 15 0.04275646 
327 574 8 10 0.042720325 
422 544 9 11 0.04269972 
721 527 8 11 0.042399995 
29 509 13 15 0.0420904 
161 465 7 9 0.04190535 
559 511 11 12 0.041715432 
798 548 10 13 0.041685 
247 541 10 12 0.041427154 
566 168 15 22 0.04138312 
566 541 11 15 0.041339427 
726 503 8 10 0.04113562 
744 494 7 9 0.040845994 
592 518 9 11 0.040772766 
879 572 14 17 0.04075543 
440 543 9 11 0.04064399 
721 511 8 11 0.04062513 
745 528 9 10 0.040183343 
199 532 11 14 0.040106792 
580 508 11 13 0.040016383 
16 482 12 15 0.04000463 
567 612 15 19 0.039980948 
113 488 8 10 0.039887335 
656 488 8 11 0.039803896 
690 503 8 11 0.039784968 
793 504 7 10 0.039684817 
390 582 9 11 0.03954539 
23 470 8 10 0.03929059 
192 492 8 11 0.039259575 
647 551 12 15 0.039168693 
777 652 14 17 0.039136957 
906 604 13 18 0.039058633 
673 503 8 10 0.038981855 
690 510 8 11 0.03897257 
881 526 10 12 0.038891803 
725 526 9 11 0.0388274 
663 445 8 9 0.038718797 
614 524 10 13 0.038653046 
939 564 14 19 0.0384995 
288 571 10 12 0.038439993 
728 598 13 17 0.03838559 
662 487 8 10 0.03823068 
662 540 11 13 0.038197298 
471 607 12 16 0.03817795 
539 555 12 16 0.038086418 
337 606 10 13 0.03802639 
34 464 8 10 0.037996564 
341 605 12 14 0.037879046 
787 642 13 16 0.037873622 
151 440 9 10 0.037792906 
534 548 13 14 0.037665162 
463 564 9 11 0.037609156 
611 556 12 15 0.0376075 
599 510 10 12 0.03756412 
700 502 9 12 0.03741801 
536 569 13 18 0.037361294 
783 518 9 11 0.03734219 
814 540 10 13 0.03732926 
664 556 12 16 0.037282452 
800 521 8 10 0.037115194 
262 519 8 10 0.037046243 
689 650 16 19 0.037038162 
966 603 14 19 0.037037812 
160 517 10 14 0.036859892 
870 514 12 13 0.036785956 
213 578 13 16 0.03676444 
125 522 14 17 0.03673496 
823 543 9 12 0.03660193 
783 464 8 9 0.036554996 
466 168 27 33 0.036539916 
649 573 12 16 0.036526725 
326 504 7 9 0.03641292 
118 456 9 9 0.03622474 
36 526 14 17 0.036180478 
193 480 8 9 0.036131456 
901 608 22 29 0.03609814 
836 550 10 12 0.036072433 
210 501 11 14 0.0359941 
701 563 12 15 0.035960402 
138 518 12 14 0.035787646 
722 516 8 10 0.035772957 
180 535 9 12 0.03573344 
695 617 15 20 0.035668924 
305 550 9 11 0.035653178 
102 550 12 15 0.03545923 
242 447 7 10 0.035407927 
809 519 9 11 0.035386752 
192 521 12 15 0.035308637 
122 462 8 9 0.03528425 
845 541 10 11 0.035265878 
393 479 7 9 0.03524982 
735 535 9 10 0.03516563 
664 441 7 9 0.0351431 
359 599 9 12 0.035133418 
353 32 486 522 0.03507774 
433 520 7 9 0.035062827 
111 542 11 13 0.03498795 
310 597 9 11 0.0346984 
28 503 12 14 0.034690145 
671 511 8 11 0.034630824 
159 486 9 10 0.03458114 
988 594 25 32 0.034456942 
113 456 8 9 0.034398858 
88 469 9 10 0.03435464 
144 424 7 8 0.034329128 
352 544 8 9 0.034278326 
775 441 8 9 0.034275062 
593 562 14 17 0.03415454 
81 455 8 10 0.03412904 
8 499 12 15 0.033991795 
538 484 9 11 0.033953432 
234 574 10 14 0.03386039 
755 597 11 15 0.03370751 
163 534 14 18 0.03364067 
215 538 13 16 0.033515643 
686 463 7 8 0.033481862 
812 534 10 12 0.033472084 
197 525 12 15 0.033444338 
100 538 13 15 0.03337275 
121 473 8 9 0.033147622 
821 621 11 15 0.03314589 
923 603 14 19 0.033115953 
111 493 11 12 0.033098046 
98 527 12 15 0.033070825 
598 118 43 50 0.033061944 
732 633 13 18 0.03299337 
680 481 8 10 0.032979712 
497 83 25 27 0.032869328 
739 564 12 15 0.032856543 
709 567 11 14 0.032850716 
879 567 11 13 0.03272425 
572 556 10 13 0.032685257 
590 448 8 10 0.032682072 
102 504 13 15 0.032653004 
185 440 8 9 0.032566845 
238 557 10 13 0.032550726 
136 472 7 9 0.032470167 
360 504 8 9 0.03245257 
832 606 11 14 0.032381576 
585 540 10 15 0.032338977 
836 595 10 12 0.032174617 
762 479 8 10 0.032113917 
677 502 8 11 0.032089096 
329 424 7 9 0.032054156 
145 532 11 15 0.031999074 
55 464 9 10 0.03197958 
390 599 11 14 0.031947393 
661 588 12 15 0.031884756 
710 496 7 10 0.031770155 
531 592 13 17 0.031750746 
833 544 8 11 0.03174456 
824 533 9 11 0.03159696 
638 495 9 11 0.03158358 
744 571 11 14 0.03148443 
554 532 12 14 0.031373344 
742 517 9 10 0.0313665 
615 495 10 12 0.031365152 
785 512 8 10 0.031289622 
888 605 13 16 0.031248877 
552 578 13 17 0.031140335 
726 488 8 10 0.030961724 
876 512 10 11 0.030935142 
59 498 11 17 0.03087714 
925 571 15 18 0.03083466 
231 505 9 11 0.030823372 
524 576 12 16 0.030815257 
702 550 10 14 0.030787729 
657 448 8 9 0.030769514 
567 564 12 14 0.03075837 
594 465 7 10 0.030732665 
329 489 7 9 0.030711332 
47 463 7 9 0.030703504 
222 470 8 10 0.030669186 
178 485 8 11 0.03064687 
615 501 9 10 0.03064397 
253 535 10 12 0.030638253 
777 557 10 13 0.030589812 
864 526 11 13 0.030577525 
613 597 11 14 0.030527283 
736 504 7 9 0.030514058 
733 541 9 12 0.030505354 
597 566 15 19 0.030488927 
230 406 8 10 0.030331234 
462 154 27 32 0.030321732 
671 533 12 14 0.030278096 
65 445 8 10 0.030262016 
70 464 8 11 0.03019418 
868 539 11 13 0.030167064 
866 509 10 12 0.03016628 
847 503 8 10 0.030143235 
609 525 10 13 0.030017227 
804 527 10 12 0.02993886 
685 555 12 15 0.029913029 
454 590 11 14 0.029885966 
324 534 9 10 0.02983875 
465 543 7 9 0.029808156 
808 574 11 14 0.029807314 
48 438 8 9 0.029792089 
872 555 11 14 0.02975021 
189 541 11 14 0.029554496 
172 532 11 15 0.029551763 
201 503 10 12 0.02955063 
688 457 6 7 0.02953351 
672 528 10 12 0.02951027 
245 557 12 15 0.029491484 
398 129 16 20 0.029449094 
797 592 11 13 0.029340422 
736 526 8 10 0.029333105 
604 507 11 13 0.02924552 
668 515 10 11 0.029207133 
655 503 8 10 0.029180454 
386 512 7 9 0.029179137 
104 446 8 10 0.029166982 
932 568 16 20 0.029112022 
385 118 17 17 0.029107379 
634 477 8 10 0.029069006 
814 521 11 14 0.029062467 
912 585 14 17 0.029052686 
70 445 8 10 0.029017799 
438 565 10 12 0.029004429 
649 511 9 12 0.028995179 
597 515 10 12 0.028873727 
687 516 9 11 0.028867485 
675 135 19 22 0.028798845 
168 152 18 20 0.0287806 
738 479 8 9 0.028716607 
905 530 11 14 0.028703516 
483 604 10 14 0.02869186 
184 470 8 10 0.028690053 
240 398 8 9 0.028672196 
367 605 9 14 0.02860778 
117 510 23 25 0.028582709 
218 456 9 11 0.028562965 
673 489 7 10 0.028477347 
342 503 7 9 0.028467448 
623 108 26 33 0.028427484 
293 573 10 14 0.028372906 
590 571 12 15 0.028367281 
822 548 12 13 0.028363429 
859 553 11 15 0.028354824 
54 447 9 10 0.0283406 
718 580 11 15 0.028289722 
306 496 8 10 0.028217535 
588 138 11 17 0.028182056 
621 510 9 11 0.0279477 
191 486 9 12 0.027940007 
812 551 12 15 0.02792746 
55 432 8 9 0.027890392 
366 502 8 10 0.027834123 
275 637 12 17 0.027749492 
165 511 10 12 0.02774592 
680 493 9 11 0.027729873 
563 214 12 17 0.027701063 
117 533 14 15 0.027608328 
64 465 8 10 0.0275988 
559 447 8 10 0.027585948 
261 629 14 18 0.027585909 
764 564 12 15 0.027581945 
523 566 12 16 0.027577203 
661 470 8 10 0.027570948 
192 471 8 10 0.027512696 
705 488 8 10 0.027512213 
840 495 8 9 0.027502378 
913 602 24 32 0.02749783 
639 448 7 8 0.027451795 
649 494 9 10 0.02744729 
848 510 8 11 0.027427882 
454 196 26 31 0.02741205 
119 521 12 15 0.02739761 
527 535 10 13 0.027342442 
304 532 8 10 0.027339768 
499 543 11 13 0.027297063 
891 519 11 13 0.02727029 
773 562 11 15 0.02725159 
219 580 12 15 0.027227324 
456 560 9 10 0.027214725 
49 447 8 10 0.02718179 
710 546 11 15 0.027157221 
14 500 12 14 0.027113354 
928 599 26 34 0.027094813 
259 608 15 18 0.026988588 
781 646 13 16 0.02694561 
661 524 11 13 0.02689394 
712 512 7 10 0.026875323 
809 650 14 16 0.026853649 
700 591 12 14 0.026827231 
877 555 11 14 0.026789576 
605 597 12 15 0.026729468 
623 557 12 15 0.026686978 
188 549 12 15 0.026671153 
581 584 14 19 0.026612753 
682 538 11 14 0.026538678 
807 587 10 14 0.026470652 
254 557 9 13 0.026408026 
824 527 9 12 0.026390458 
280 532 9 12 0.026372863 
244 516 10 12 0.026313338 
755 567 14 17 0.02629207 
47 500 23 28 0.026220312 
855 544 9 11 0.02620276 
551 540 10 13 0.026185505 
646 587 13 16 0.026174268 
821 668 15 17 0.026129402 
745 505 7 10 0.026110437 
704 519 8 11 0.026105175 
355 130 27 28 0.026097642 
656 605 11 13 0.026096748 
233 117 30 33 0.026064076 
81 460 10 12 0.026035994 
471 194 24 31 0.026024736 
720 533 9 10 0.025912186 
702 464 7 9 0.025906371 
108 500 14 16 0.025845729 
272 495 9 11 0.025815148 
759 500 8 10 0.025813026 
607 501 10 12 0.025801012 
607 534 10 12 0.02574638 
334 611 12 16 0.02571277 
649 449 7 8 0.025669517 
232 558 10 12 0.025662355 
444 118 17 20 0.025654767 
660 611 14 17 0.025651816 
879 549 12 14 0.025639063 
672 456 8 9 0.02563719 
621 534 13 16 0.02559713 
201 463 7 9 0.025593443 
768 512 8 9 0.02559266 
696 472 8 10 0.025571652 
583 495 10 12 0.02551595 
939 598 27 34 0.025470687 
306 502 8 9 0.025456216 
661 479 9 10 0.025441391 
672 579 12 16 0.025425179 
802 596 12 16 0.025413256 
914 591 49 53 0.02540143 
244 548 11 13 0.025303612 
391 512 8 9 0.025293864 
221 566 10 13 0.025257435 
840 503 9 10 0.025207285 
774 534 9 11 0.025195953 
40 432 7 8 0.0251663 
343 495 8 9 0.025109991 
260 551 9 11 0.025043368 
963 566 13 16 0.025038594 
752 501 9 10 0.025031185 
351 566 8 11 0.025015842 
586 447 7 9 0.024995055 
778 463 8 11 0.024947688 
893 534 10 12 0.024937756 
391 470 7 9 0.02493602 
69 440 8 10 0.024913842 
512 507 9 12 0.024913168 
804 128 20 20 0.02489845 
576 577 12 16 0.024845714 
174 431 8 10 0.02483168 
540 574 13 18 0.024815878 
136 463 7 10 0.024815265 
488 618 11 15 0.024783242 
844 527 10 11 0.02476633 
580 129 29 39 0.024647638 
414 527 9 10 0.024618277 
698 611 14 19 0.0246171 
143 431 7 9 0.02460748 
559 544 12 18 0.024545373 
361 488 8 9 0.024516687 
931 603 16 21 0.024495995 
776 550 11 13 0.024493344 
257 518 9 11 0.024461657 
548 572 13 17 0.024440328 
359 511 7 9 0.024405329 
195 509 12 14 0.024382595 
249 536 10 11 0.02438086 
708 486 9 11 0.024347095 
90 476 9 10 0.024343062 
726 577 12 16 0.024330873 
589 550 12 16 0.024303982 
344 488 8 9 0.024292536 
336 583 9 11 0.024234308 
461 585 12 16 0.024233554 
585 136 91 108 0.024230143 
302 606 11 13 0.024120443 
483 184 26 32 0.024073383 
577 519 10 12 0.024038803 
635 558 12 15 0.024035616 
658 578 13 17 0.0240333 
135 498 12 15 0.023988606 
885 553 12 15 0.023975676 
800 649 14 18 0.023971641 
345 543 7 9 0.023959436 
143 449 8 9 0.02390973 
345 520 7 9 0.023823947 
280 549 9 10 0.02380388 
20 500 14 16 0.023771197 
216 437 9 10 0.023762502 
70 483 10 14 0.023758642 
776 487 9 10 0.02369581 
270 580 10 14 0.023691038 
382 604 12 14 0.023626316 
208 392 7 9 0.023605546 
336 598 10 13 0.023579206 
754 489 7 9 0.023556132 
169 501 8 11 0.023545142 
633 569 13 17 0.023526425 
665 456 7 8 0.023404498 
568 414 7 8 0.023373922 
831 526 9 13 0.023358028 
258 475 9 12 0.02332778 
312 556 9 11 0.023298874 
783 524 10 13 0.023297494 
802 557 11 14 0.023269089 
347 603 13 17 0.023267984 
574 524 10 13 0.023177234 
484 612 11 15 0.023139356 
768 524 9 10 0.023135448 
310 544 8 10 0.023091909 
704 524 9 11 0.023080252 
433 566 9 11 0.023028478 
854 517 8 11 0.022990353 
855 533 9 12 0.022989877 
841 509 8 11 0.02294176 
202 593 14 18 0.022936834 
161 448 7 8 0.022933938 
789 562 11 15 0.022842227 
354 512 7 9 0.022801235 
675 598 12 16 0.022774983 
821 598 12 15 0.022753743 
709 519 8 11 0.022723606 
582 463 8 10 0.022714578 
791 509 8 10 0.022704246 
614 589 11 14 0.022699766 
95 447 8 10 0.02262379 
600 493 9 11 0.022606442 
660 550 12 15 0.022588832 
435 653 13 17 0.022528728 
416 592 12 14 0.022521924 
713 456 7 9 0.022512753 
115 550 13 17 0.022489874 
329 613 10 14 0.022486351 
822 643 10 14 0.022429576 
847 515 10 13 0.022371918 
773 539 11 14 0.022350578 
865 516 10 11 0.02233754 
183 541 10 13 0.02232514 
200 495 10 12 0.02227365 
655 455 7 8 0.02226862 
108 471 9 10 0.022206789 
370 550 8 10 0.02212436 
193 532 11 13 0.02206326 
809 495 8 11 0.0220565 
234 432 7 9 0.02203514 
308 519 9 11 0.022029707 
4 493 12 14 0.022007918 
253 591 13 17 0.021937601 
663 533 11 13 0.021935325 
336 488 7 9 0.021932779 
337 503 8 9 0.02192401 
138 456 7 8 0.021883102 
648 455 8 8 0.02187462 
286 433 7 9 0.0218676 
722 489 8 10 0.021834502 
337 495 7 8 0.021803046 
65 476 9 12 0.021785017 
352 488 6 8 0.021756345 
98 423 7 8 0.02173602 
271 541 10 12 0.021729687 
38 468 8 11 0.021690233 
353 558 8 10 0.021634508 
109 552 14 19 0.02161609 
241 453 7 9 0.02160233 
562 585 13 18 0.02155681 
320 580 9 11 0.021546006 
439 520 7 9 0.02154576 
440 548 9 11 0.02154201 
241 417 8 9 0.02153985 
237 564 11 13 0.02152445 
56 425 8 8 0.021468414 
758 588 11 15 0.021429354 
2 460 9 15 0.02139822 
126 503 9 12 0.021361392 
831 533 9 12 0.021330869 
687 472 8 9 0.021326248 
641 528 10 13 0.021290947 
626 539 12 15 0.021285726 
205 471 8 10 0.0212838 
756 560 12 14 0.021265056 
328 567 9 12 0.021263193 
400 503 8 9 0.021242859 
539 518 9 12 0.021238599 
854 511 8 10 0.021236755 
598 469 9 11 0.021218093 
447 543 8 10 0.02121583 
160 512 9 12 0.021203265 
454 517 7 9 0.021201087 
424 527 8 9 0.021200448 
215 409 7 8 0.021196913 
649 488 7 10 0.021192752 
63 453 8 10 0.02115343 
126 472 8 9 0.021147775 
798 572 10 15 0.021142302 
568 527 9 12 0.021139944 
262 618 14 17 0.021016302 
559 489 9 10 0.020998295 
893 555 11 15 0.020956265 
640 488 8 10 0.02091868 
321 576 8 10 0.020912614 
639 477 8 10 0.020910664 
713 461 8 10 0.020907713 
501 120 32 33 0.020892018 
824 510 8 11 0.02086792 
63 468 10 13 0.020864705 
617 508 9 11 0.020859446 
462 607 12 15 0.020839946 
319 481 7 8 0.020809473 
185 463 9 10 0.020796312 
206 463 8 10 0.020744488 
791 526 10 12 0.020736724 
766 454 9 11 0.02071613 
200 470 8 11 0.020707775 
390 576 9 11 0.020702403 
726 479 8 9 0.020691212 
280 591 12 16 0.020685682 
599 479 9 9 0.020662863 
775 527 9 10 0.020657567 
390 587 11 13 0.020656731 
664 421 7 9 0.020638036 
234 578 13 17 0.020637954 
644 130 16 19 0.020635955 
432 471 7 9 0.020628477 
866 598 12 16 0.020616574 
279 571 10 13 0.020602472 
454 512 7 10 0.02058467 
590 496 9 12 0.020574193 
654 613 13 18 0.020573338 
450 113 16 19 0.020571178 
326 542 8 9 0.02055946 
757 516 8 11 0.020559115 
145 539 13 17 0.020557858 
381 547 9 11 0.020546261 
264 437 8 10 0.020541916 
55 526 13 17 0.020536374 
711 578 12 15 0.020536274 
213 117 31 34 0.020528492 
159 152 34 32 0.020521902 
88 447 7 9 0.020482225 
769 440 8 10 0.020475643 
487 93 26 27 0.020424535 
245 511 9 12 0.02040311 
439 495 8 9 0.020402785 
485 125 30 35 0.020390889 
800 489 8 9 0.020378053 
352 519 7 9 0.020372769 
460 221 17 22 0.020330444 
459 177 38 50 0.020328468 
627 548 13 15 0.020326039 
417 512 7 8 0.02031123 
548 134 34 37 0.02027797 
306 441 7 9 0.020269573 
799 495 8 10 0.020215927 
546 147 38 44 0.02019561 
366 488 8 10 0.020177182 
633 471 8 10 0.020174786 
256 454 8 10 0.020173626 
951 598 25 32 0.02015467 
53 571 12 15 0.020120766 
534 522 11 13 0.020101203 
661 573 12 15 0.020094048 
165 548 12 16 0.020068439 
110 461 9 11 0.020066883 
228 624 16 19 0.020063028 
283 138 17 19 0.02002566 
611 602 13 17 0.02000566 
