50_Celebration_Or_Party_houseparty_50_303
28
485 305 128 177 0.9991271 
722 1509 76 102 0.9934983 
231 1507 75 102 0.992997 
157 448 374 491 0.372257 
683 470 103 142 0.18875177 
887 1609 73 54 0.120966256 
902 1621 77 63 0.05481614 
703 519 65 84 0.048972707 
70 1480 411 498 0.046089213 
240 1164 41 48 0.045857783 
850 1615 31 31 0.040629942 
915 1595 58 48 0.03989015 
193 381 112 129 0.033415027 
916 985 110 231 0.033384252 
706 453 60 90 0.032494616 
244 457 64 57 0.030944489 
270 279 35 48 0.030876279 
527 1069 30 29 0.028548732 
891 1639 69 65 0.027734846 
734 528 59 78 0.027275383 
684 475 208 255 0.025954654 
166 662 445 498 0.024286084 
228 1958 19 25 0.024005404 
417 1582 27 35 0.023313206 
906 1878 56 66 0.022676062 
228 351 395 428 0.02234681 
198 444 135 102 0.02162992 
343 1960 16 19 0.020669455 
