50_Celebration_Or_Party_birthdayparty_50_479
130
356 545 100 149 0.9998056 
91 547 20 22 0.6133566 
273 73 41 49 0.37874073 
485 75 10 13 0.23643494 
162 571 16 18 0.14587948 
887 41 9 10 0.12671168 
184 3 87 101 0.12083397 
540 74 11 14 0.10888469 
269 420 12 14 0.103056416 
69 593 16 18 0.10168978 
774 198 220 264 0.093495816 
909 40 9 11 0.09242226 
735 369 26 39 0.08068946 
344 76 12 15 0.0803895 
138 344 8 10 0.07855186 
273 351 8 10 0.07104627 
342 84 13 16 0.06890686 
151 624 9 11 0.06128547 
667 487 12 15 0.06103339 
270 405 9 11 0.060598902 
134 359 8 9 0.060305994 
878 432 10 14 0.05974844 
77 69 44 60 0.059184834 
619 411 16 21 0.057217028 
272 342 8 9 0.05594935 
248 408 10 14 0.05414798 
518 315 57 71 0.052938007 
911 90 11 13 0.052925676 
795 157 26 27 0.05134546 
214 246 9 13 0.049311567 
133 371 9 12 0.048441574 
130 360 8 9 0.04730634 
102 428 9 13 0.043645818 
345 70 10 13 0.043247756 
230 389 9 12 0.04219095 
756 456 9 11 0.0418102 
307 296 13 15 0.04152899 
826 497 202 257 0.04144247 
181 376 9 12 0.040679358 
142 348 7 9 0.04002414 
687 484 11 15 0.03985906 
175 379 10 12 0.039645795 
129 367 10 12 0.039014295 
264 292 10 14 0.038058203 
147 69 34 42 0.037659723 
110 377 8 11 0.03732135 
263 425 11 14 0.036265794 
883 198 12 13 0.03620967 
694 664 35 42 0.03532828 
270 334 9 12 0.035214312 
482 71 10 13 0.03431789 
217 327 7 11 0.034277134 
94 327 8 11 0.0339187 
157 548 12 15 0.03359421 
92 34 13 16 0.03343179 
152 550 10 13 0.03329933 
89 534 26 30 0.032829355 
152 360 8 10 0.032782607 
220 416 12 14 0.032398775 
892 39 8 10 0.032146815 
317 383 9 11 0.03190697 
222 326 8 11 0.03164268 
383 450 40 50 0.03147742 
288 344 7 9 0.031434644 
136 351 8 9 0.029833691 
277 350 7 9 0.029569197 
873 436 12 16 0.029487524 
230 384 8 11 0.029147768 
79 518 8 11 0.029130122 
297 414 11 12 0.02879528 
265 415 11 15 0.0285185 
540 557 23 27 0.027689217 
326 306 14 17 0.02765032 
107 579 14 17 0.027182303 
278 437 10 13 0.02704291 
73 525 11 14 0.026004307 
906 43 10 12 0.025931306 
141 638 9 11 0.02575781 
724 443 15 16 0.025623579 
601 227 14 18 0.025554998 
566 76 9 11 0.025525317 
216 274 12 15 0.025299756 
755 460 11 14 0.024960311 
257 429 9 12 0.024837516 
275 422 11 12 0.024514658 
481 63 10 12 0.024344716 
304 343 9 12 0.024316212 
565 71 9 11 0.024241 
626 227 426 477 0.024202384 
343 443 10 12 0.024195973 
278 344 7 9 0.024093421 
297 287 24 29 0.024026228 
622 77 9 12 0.023781097 
282 375 7 10 0.023412524 
156 625 10 10 0.02340674 
632 537 9 12 0.0230865 
13 667 15 19 0.022900807 
303 278 24 29 0.02281729 
345 89 13 16 0.022772523 
79 556 13 15 0.022741344 
657 281 8 10 0.022656634 
239 352 8 10 0.022477936 
641 485 10 13 0.022379966 
126 335 8 10 0.022135273 
166 376 11 13 0.022005249 
497 529 25 30 0.021977913 
277 428 11 14 0.021845952 
905 6 8 9 0.021768566 
548 377 18 20 0.021692615 
224 320 7 9 0.021610118 
752 446 8 11 0.021265069 
361 431 16 18 0.021146147 
302 347 10 13 0.021130133 
194 375 9 11 0.021074498 
780 161 43 49 0.020982862 
216 333 8 10 0.020869557 
265 351 9 10 0.020708175 
80 548 13 15 0.02066992 
310 275 14 19 0.020468492 
22 82 33 40 0.020464879 
153 543 8 11 0.020444745 
617 598 10 12 0.020396316 
753 428 11 16 0.020356178 
196 382 9 11 0.020279909 
341 171 11 13 0.020267569 
135 540 10 13 0.020219633 
773 66 25 30 0.020104963 
185 367 8 9 0.020094696 
279 442 11 13 0.020072434 
77 619 13 14 0.020069106 
