50_Celebration_Or_Party_houseparty_50_432
271
627 827 32 38 0.99945563 
565 827 32 39 0.9993247 
336 286 29 40 0.99896824 
721 840 35 46 0.99876297 
717 38 56 78 0.9985569 
401 601 25 33 0.99807847 
512 842 35 43 0.9978259 
312 59 26 38 0.9970837 
629 75 37 48 0.9967348 
694 272 23 31 0.99504685 
471 318 23 34 0.9946438 
312 613 26 32 0.9946103 
617 280 21 27 0.9932661 
252 614 24 33 0.98905957 
416 64 25 34 0.98826575 
539 289 22 32 0.9755332 
148 565 14 17 0.97396797 
569 88 20 31 0.9703627 
393 319 17 23 0.9669116 
373 55 21 28 0.9537266 
887 351 10 12 0.949105 
497 71 38 55 0.9345449 
478 598 25 34 0.8974625 
443 73 23 30 0.8188766 
253 319 18 25 0.8063885 
349 73 21 29 0.7699487 
142 850 13 17 0.61801034 
118 572 12 13 0.45634958 
835 325 14 20 0.45015043 
493 62 13 17 0.4419002 
198 560 15 18 0.40499654 
396 862 11 15 0.380913 
474 587 24 29 0.33212268 
407 863 12 14 0.31851062 
293 870 15 21 0.3154817 
299 842 12 17 0.29493853 
433 69 24 34 0.28158742 
186 563 16 18 0.2717279 
456 846 26 32 0.26620835 
820 308 11 13 0.24113029 
160 96 7 11 0.24010126 
985 321 11 14 0.23988831 
106 99 8 10 0.23978205 
144 603 9 12 0.20219803 
624 599 8 10 0.19774273 
346 867 9 13 0.19352223 
181 97 8 10 0.16680148 
955 392 15 17 0.14451966 
295 838 12 16 0.13689734 
1 570 11 17 0.11255302 
11 821 15 18 0.10855243 
128 101 8 10 0.10647061 
319 43 24 38 0.10599398 
101 117 9 11 0.099908285 
323 57 23 36 0.097719625 
653 608 7 9 0.09545465 
340 65 23 33 0.09246858 
492 59 22 32 0.08877284 
455 78 28 30 0.08794602 
468 593 16 19 0.07826327 
980 353 12 15 0.076106586 
219 833 14 18 0.07500894 
269 861 12 17 0.0726139 
980 343 10 12 0.067965895 
178 563 9 14 0.067515284 
387 629 14 18 0.06683257 
86 112 7 9 0.06572777 
437 860 10 12 0.06506311 
477 62 13 18 0.064062856 
825 321 22 27 0.063668706 
260 859 16 24 0.062915556 
485 61 17 24 0.061990872 
147 599 9 12 0.05973213 
493 601 24 35 0.059533507 
470 76 39 51 0.05924945 
740 597 9 12 0.058585014 
183 559 11 16 0.05811437 
671 607 8 10 0.058085334 
446 852 23 29 0.05662027 
731 667 18 22 0.056169048 
431 856 10 12 0.055692118 
366 861 12 16 0.05284022 
827 310 12 14 0.05248915 
829 317 16 19 0.051037844 
739 605 8 11 0.05092293 
474 82 16 20 0.050661884 
243 298 13 17 0.04929252 
116 374 12 13 0.048987772 
339 59 17 23 0.048912868 
22 801 13 19 0.04855727 
354 68 15 23 0.046877094 
481 320 25 30 0.0462986 
652 612 9 11 0.045984365 
976 347 13 16 0.045644786 
722 684 14 18 0.044124115 
812 895 14 17 0.043915305 
328 870 10 12 0.0433966 
422 693 11 14 0.043202717 
220 618 15 20 0.043048136 
135 597 9 12 0.042562634 
103 113 8 10 0.042363934 
328 920 10 11 0.041721094 
277 847 14 20 0.041572295 
526 295 24 29 0.04115227 
87 374 11 11 0.041088715 
375 859 10 14 0.040894214 
51 874 15 23 0.040671047 
446 860 12 15 0.040447496 
1009 115 10 15 0.040300522 
166 580 10 12 0.040132098 
135 566 10 13 0.039839704 
525 457 234 269 0.039538488 
381 884 12 14 0.039391156 
375 869 11 14 0.03915039 
179 100 8 10 0.039002996 
310 854 11 15 0.038498286 
624 594 8 10 0.03811552 
951 375 9 11 0.037936624 
343 885 13 17 0.0378571 
768 620 132 181 0.037827976 
530 325 15 18 0.03780143 
28 803 12 19 0.037070703 
95 84 8 11 0.036713522 
36 102 9 13 0.036632765 
298 837 20 28 0.036403134 
114 579 10 14 0.035656705 
216 870 12 16 0.03536522 
982 133 10 13 0.035276897 
666 592 7 9 0.0352402 
380 876 11 13 0.034394905 
261 880 14 19 0.034099277 
275 863 13 20 0.033838704 
332 41 14 21 0.033584587 
165 571 11 14 0.033563893 
821 312 14 18 0.033310253 
230 51 15 20 0.033290043 
123 568 11 13 0.033261683 
349 88 23 31 0.033033255 
819 304 10 12 0.032580186 
133 591 9 12 0.032462757 
381 869 12 15 0.03194707 
719 603 11 14 0.031923357 
642 623 8 10 0.03167612 
927 113 9 11 0.031618766 
11 791 22 29 0.03160928 
359 862 12 14 0.03132346 
143 917 64 58 0.031290945 
697 609 8 9 0.03121858 
183 87 7 10 0.031202089 
18 825 13 16 0.03113664 
449 372 10 14 0.031073162 
173 588 13 17 0.031042235 
54 86 10 11 0.031015571 
207 374 11 12 0.030799815 
239 305 11 15 0.030783754 
830 398 43 59 0.030522194 
709 693 12 15 0.030347615 
154 570 13 15 0.02994444 
182 551 10 13 0.02991473 
389 860 20 23 0.029865589 
946 113 7 9 0.029523024 
284 841 21 27 0.029183304 
970 371 10 14 0.02888313 
94 918 27 30 0.028817728 
615 599 8 10 0.028736528 
574 311 9 12 0.02862371 
606 351 9 11 0.028611809 
401 860 19 22 0.028384833 
830 103 8 11 0.028274627 
171 916 25 30 0.028212745 
294 845 14 20 0.028054968 
609 593 8 10 0.028050372 
153 118 7 10 0.028025597 
151 928 31 37 0.027814262 
610 598 8 10 0.027522933 
165 593 14 18 0.027434193 
934 113 8 11 0.02742018 
114 568 19 22 0.027388383 
268 839 24 31 0.027258389 
39 829 11 13 0.027119014 
203 95 14 17 0.027003875 
332 876 10 14 0.026960261 
976 335 10 12 0.026914908 
6 806 24 31 0.026885545 
166 94 8 10 0.026791539 
294 832 12 16 0.02678259 
972 119 11 13 0.026755365 
950 111 8 10 0.02672214 
-1 564 18 30 0.026706962 
96 113 8 10 0.02668537 
168 89 8 10 0.026547173 
616 593 6 8 0.026504368 
213 319 10 12 0.026002653 
418 571 17 21 0.025813615 
669 612 10 12 0.025721071 
434 577 18 23 0.025438005 
314 859 12 16 0.025307635 
478 583 15 19 0.025161618 
304 852 21 28 0.024991976 
182 376 9 10 0.02494146 
383 681 13 19 0.024891445 
969 117 10 11 0.02485521 
545 97 25 32 0.024729062 
683 724 25 34 0.024664935 
601 376 11 14 0.024655767 
233 327 8 11 0.024399195 
332 916 10 12 0.024397047 
717 689 14 17 0.024396762 
183 80 8 10 0.024368038 
157 931 18 19 0.02420662 
1012 39 10 14 0.02408995 
600 340 10 12 0.024079217 
235 891 13 16 0.024069918 
464 66 24 28 0.024000188 
160 920 25 31 0.023989143 
209 323 11 13 0.02396523 
599 356 9 12 0.023866285 
742 615 8 10 0.02382386 
333 871 9 12 0.023755323 
292 323 26 33 0.023704004 
125 578 10 13 0.023585415 
430 854 23 27 0.023532053 
375 665 11 14 0.023210302 
275 874 13 17 0.023205774 
1013 121 10 15 0.023190074 
937 391 11 15 0.02308527 
66 374 9 11 0.022934888 
333 910 10 13 0.022851577 
136 118 9 11 0.022783672 
576 92 22 31 0.022670098 
446 349 10 15 0.022660587 
85 95 9 11 0.022584567 
176 79 7 9 0.022456406 
136 854 15 20 0.022365525 
790 292 10 14 0.022278426 
343 872 13 16 0.022150625 
273 868 20 28 0.02213161 
640 616 8 11 0.021998834 
142 318 11 12 0.02190465 
664 597 7 10 0.021869462 
555 95 26 31 0.02184123 
289 854 23 30 0.02181086 
969 342 10 15 0.021779668 
33 373 10 12 0.02168731 
608 369 9 11 0.021624126 
741 591 10 13 0.021519247 
268 873 14 20 0.02150942 
921 112 9 11 0.021476539 
198 364 10 12 0.021472305 
188 577 14 16 0.021450117 
229 54 22 31 0.02143505 
384 52 17 22 0.021377414 
744 623 9 11 0.021348134 
404 417 11 14 0.0210603 
996 346 14 17 0.021040352 
120 95 8 10 0.02101379 
171 54 15 18 0.020999508 
214 297 14 18 0.02084023 
434 917 9 11 0.020821944 
462 596 23 29 0.020818194 
382 860 12 15 0.020770498 
176 87 7 10 0.020646818 
81 374 9 12 0.0206406 
726 673 15 18 0.020585412 
983 332 9 12 0.020565642 
727 615 8 11 0.02048547 
271 888 12 16 0.020421695 
427 572 18 21 0.020360848 
270 853 14 18 0.020337446 
505 127 22 28 0.020263804 
757 596 10 12 0.020215608 
