50_Celebration_Or_Party_houseparty_50_19
73
522 397 35 47 0.9979061 
653 444 29 44 0.97856903 
132 374 45 56 0.9715575 
454 423 19 27 0.93778956 
866 428 39 51 0.9349124 
210 415 33 54 0.71794325 
404 433 23 35 0.68173414 
768 430 22 29 0.61548585 
709 481 18 22 0.25193885 
75 1 448 477 0.20912825 
747 492 13 17 0.16783401 
29 76 89 145 0.15477368 
778 436 19 23 0.1411705 
598 352 21 26 0.12203608 
386 430 35 46 0.11712876 
265 478 14 16 0.102824785 
620 379 16 18 0.09965007 
151 373 33 44 0.09651277 
662 463 27 43 0.089390695 
545 458 30 39 0.07785148 
414 424 26 40 0.075253114 
623 357 10 12 0.07309092 
671 278 21 30 0.07292477 
677 487 15 23 0.060013548 
703 482 15 18 0.05911303 
121 85 255 334 0.054326564 
396 435 19 26 0.05296001 
114 261 16 19 0.05103911 
647 352 10 13 0.041922756 
115 288 32 39 0.041329708 
379 437 27 33 0.04016899 
693 469 9 13 0.03996177 
591 368 13 19 0.039283544 
473 426 24 31 0.03847374 
592 360 22 26 0.037350405 
62 330 16 21 0.03277225 
158 387 34 52 0.03275678 
448 350 18 21 0.031961117 
144 399 36 54 0.03177202 
679 350 10 12 0.031552915 
660 358 12 15 0.030980159 
753 509 9 13 0.030875351 
172 375 16 22 0.029650856 
654 333 9 11 0.029311609 
610 361 15 19 0.027122587 
639 349 10 13 0.026899604 
723 352 11 11 0.026691927 
745 487 12 15 0.02656555 
702 294 11 15 0.026564682 
411 463 14 19 0.02630308 
721 483 12 17 0.026150005 
683 289 13 18 0.025716614 
630 349 10 14 0.02562532 
612 350 12 16 0.025317835 
79 184 197 262 0.024302794 
463 378 30 34 0.024257591 
687 468 11 15 0.024056189 
693 479 22 28 0.023896636 
166 375 29 39 0.02355092 
228 425 26 38 0.02340769 
695 483 12 17 0.022623084 
108 367 29 44 0.022406846 
422 419 28 36 0.022243876 
636 341 10 13 0.021908136 
467 428 18 25 0.021837907 
668 308 10 13 0.021810807 
581 360 13 18 0.021797735 
766 445 25 33 0.021660868 
683 484 15 22 0.021608265 
121 374 33 47 0.021035666 
653 479 26 38 0.020320982 
750 490 22 29 0.020233454 
664 309 9 13 0.020232154 
