50_Celebration_Or_Party_houseparty_50_173
57
763 235 32 35 0.9980222 
322 421 27 32 0.9918936 
409 276 25 30 0.9907611 
711 300 24 28 0.9295877 
578 165 47 57 0.57339305 
255 226 16 20 0.32618448 
859 293 16 21 0.25964078 
342 453 16 21 0.23101968 
278 466 32 45 0.20072208 
374 366 16 22 0.16552673 
367 226 425 500 0.15747647 
245 222 44 54 0.14435306 
296 448 32 44 0.11222504 
765 327 11 13 0.11144155 
874 333 18 23 0.09770136 
707 349 13 16 0.08857166 
405 401 15 20 0.083700694 
763 229 15 23 0.07147512 
941 505 12 17 0.060314547 
410 369 10 15 0.05744676 
835 102 193 292 0.053891737 
176 427 16 19 0.05124067 
222 465 12 16 0.05046959 
376 405 10 14 0.04418234 
437 261 16 18 0.041810736 
990 461 15 19 0.040862605 
428 261 21 27 0.036664516 
504 348 26 29 0.03604285 
768 377 13 17 0.03530476 
395 279 38 47 0.0347641 
999 413 13 17 0.03437898 
670 404 12 16 0.033516925 
385 646 31 33 0.031910468 
707 338 16 18 0.030036451 
714 330 17 19 0.028894365 
740 322 13 17 0.028236998 
320 415 43 57 0.027971119 
732 348 13 17 0.026679397 
717 328 25 31 0.026415056 
990 238 15 23 0.02608805 
750 324 12 15 0.02596698 
329 431 27 35 0.025480732 
305 447 17 23 0.024834579 
757 330 13 15 0.024621386 
773 353 14 17 0.023913747 
248 204 29 28 0.023275226 
304 433 32 44 0.023142025 
750 374 12 15 0.022750217 
716 347 13 17 0.022283912 
734 323 13 19 0.022076013 
766 340 12 16 0.021891974 
178 421 25 32 0.021722438 
705 344 22 27 0.021692641 
771 342 13 16 0.020720553 
399 278 18 23 0.020603513 
469 227 14 16 0.02046536 
377 296 40 51 0.020391338 
