50_Celebration_Or_Party_houseparty_50_189
28
357 144 97 107 0.99753857 
284 392 36 38 0.57565904 
1008 191 13 22 0.07977077 
980 570 11 13 0.06289052 
199 480 8 11 0.05701625 
190 486 10 13 0.04925855 
510 582 8 11 0.048676345 
1001 412 21 47 0.044435937 
787 218 12 16 0.039976437 
720 567 10 13 0.0318513 
1004 193 19 35 0.030519515 
870 171 10 14 0.028971545 
193 481 10 12 0.027576873 
1013 73 11 16 0.026386896 
936 174 11 13 0.026308212 
1012 252 9 14 0.024399808 
554 560 8 10 0.023162631 
738 190 13 18 0.022957189 
1010 290 11 18 0.022235952 
131 473 12 14 0.022074036 
292 152 11 16 0.021985136 
287 204 11 14 0.021968173 
758 214 14 17 0.021066887 
591 589 10 13 0.020930687 
788 238 10 13 0.020613847 
574 590 9 10 0.020596595 
972 581 12 15 0.02025585 
976 572 11 14 0.020048639 
