50_Celebration_Or_Party_houseparty_50_17
45
27 399 94 114 0.99953294 
473 102 56 78 0.99905163 
645 137 53 69 0.9987925 
355 157 53 65 0.99823666 
810 102 61 72 0.99808645 
721 350 73 94 0.9978428 
381 391 70 89 0.9972318 
498 386 63 72 0.99633443 
192 392 79 97 0.9959204 
923 387 83 104 0.9933562 
224 63 59 75 0.9842755 
647 308 17 19 0.60395676 
22 96 21 30 0.321752 
22 71 10 14 0.16697511 
450 465 388 479 0.12990114 
659 307 14 16 0.09850029 
484 392 28 38 0.061391387 
257 130 45 56 0.056639306 
303 533 380 447 0.054009266 
78 222 11 12 0.05150908 
2 118 25 43 0.050177332 
264 2 32 47 0.048062842 
2 525 47 88 0.044877164 
798 628 77 69 0.03906909 
206 67 29 52 0.038562726 
78 226 13 16 0.0369524 
567 533 445 484 0.036201227 
427 136 39 54 0.035902966 
667 308 12 15 0.034821734 
664 324 12 14 0.033859145 
69 233 11 16 0.03306093 
64 232 9 12 0.031982202 
350 680 107 104 0.029244633 
17 67 12 17 0.029009117 
76 117 13 18 0.028232574 
438 183 50 63 0.027989563 
403 42 14 19 0.026036514 
431 156 43 59 0.024461726 
662 311 22 27 0.022886511 
104 230 9 12 0.021884104 
0 497 28 45 0.021668386 
651 301 24 27 0.021407798 
16 62 9 13 0.020970674 
72 221 11 13 0.020587506 
121 690 42 34 0.020015687 
