50_Celebration_Or_Party_birthdayparty_50_196
52
182 327 341 451 0.9990159 
183 1077 72 76 0.44413424 
89 1602 124 115 0.34601858 
143 190 57 68 0.11942407 
285 1756 10 11 0.11220417 
92 1600 38 44 0.102758355 
1006 587 13 17 0.083536476 
759 1538 10 13 0.078132935 
111 1587 174 186 0.07040759 
318 1653 95 109 0.063278556 
835 1553 16 21 0.062004194 
266 1082 47 61 0.061765477 
787 1043 87 96 0.06030351 
834 603 14 17 0.060191266 
157 1091 96 114 0.05590095 
975 587 15 19 0.04946859 
911 1546 53 75 0.04834068 
122 1812 76 64 0.046940573 
169 1175 10 13 0.045401286 
131 1067 53 88 0.04359829 
1012 591 13 18 0.04155542 
936 584 13 18 0.036610134 
75 447 470 525 0.035533004 
974 569 14 17 0.034154635 
175 1610 183 196 0.0333425 
807 2123 11 12 0.03195734 
95 1611 65 72 0.030509366 
110 1316 117 152 0.028611068 
224 1080 60 65 0.026718238 
261 1673 117 124 0.026426021 
305 1033 62 82 0.026259994 
642 1222 40 55 0.025590105 
115 179 63 81 0.025343804 
608 1111 7 8 0.024905212 
165 1166 23 31 0.024856526 
908 576 15 18 0.024651444 
915 577 15 18 0.023976663 
963 571 15 18 0.023742402 
171 1178 13 15 0.023507165 
148 97 420 460 0.023325479 
623 1118 9 12 0.0231803 
907 1579 48 66 0.022491926 
925 577 15 19 0.022226749 
704 1143 59 64 0.021900114 
622 1124 8 11 0.021880854 
146 1793 102 103 0.021666339 
764 1553 17 21 0.021402508 
648 1100 8 11 0.021270907 
828 1554 27 36 0.021189613 
971 579 17 20 0.020930052 
275 1751 28 32 0.020817792 
692 86 22 28 0.020534832 
