50_Celebration_Or_Party_houseparty_50_33
50
674 57 71 77 0.993608 
246 99 72 108 0.9862175 
417 298 16 21 0.47971767 
431 307 12 15 0.08278653 
345 516 11 14 0.0716266 
472 356 9 13 0.06923589 
341 484 13 15 0.06635699 
288 490 11 14 0.06532785 
320 502 10 14 0.06480031 
383 219 13 14 0.06258577 
299 534 16 19 0.05136903 
407 248 12 16 0.04953688 
721 365 17 18 0.04951796 
413 332 9 12 0.045121547 
392 383 12 14 0.044923786 
335 417 12 15 0.036678832 
437 337 16 18 0.035242606 
433 357 9 12 0.034086984 
400 436 11 13 0.034029502 
361 485 11 14 0.033727136 
309 477 15 18 0.03284389 
423 300 20 26 0.032223288 
191 165 42 52 0.031211758 
180 216 14 16 0.030014979 
206 216 416 417 0.029566543 
424 404 11 14 0.028264197 
392 350 10 12 0.027670288 
336 478 10 12 0.02731761 
168 235 31 36 0.026799217 
363 222 11 13 0.02644853 
466 358 9 13 0.026435446 
318 547 25 26 0.02520602 
463 364 9 13 0.02465526 
171 311 60 65 0.024187203 
422 383 11 14 0.023744423 
201 209 30 39 0.023606997 
364 228 9 12 0.023569513 
628 84 53 61 0.0231709 
313 386 12 14 0.022305248 
423 333 10 13 0.022297278 
415 355 12 14 0.022246715 
173 219 46 57 0.022141393 
453 324 9 12 0.022005517 
277 526 10 13 0.021276403 
373 382 10 12 0.021180995 
364 361 15 16 0.021130033 
303 482 12 15 0.020590728 
277 586 13 15 0.020459061 
222 179 11 16 0.020438967 
728 430 19 20 0.020304205 
