50_Celebration_Or_Party_birthdayparty_50_170
94
939 243 37 42 0.9626517 
698 103 38 46 0.9610265 
119 463 33 32 0.5357002 
997 514 10 13 0.22863607 
269 332 8 10 0.22801763 
96 470 52 52 0.15553887 
255 356 8 11 0.12278146 
999 469 8 12 0.12257746 
893 568 10 13 0.11167754 
173 502 47 54 0.09245554 
267 328 8 11 0.08985261 
1012 475 10 13 0.08480903 
182 459 16 19 0.08387689 
744 151 10 12 0.07603403 
33 466 48 49 0.06683888 
1008 471 9 12 0.063395076 
204 174 9 13 0.062834226 
999 491 12 14 0.05902109 
47 498 33 37 0.057122022 
403 83 27 36 0.055443466 
225 328 7 9 0.05359918 
953 474 9 10 0.0510334 
208 344 8 9 0.04900328 
14 615 33 37 0.04469913 
967 487 9 11 0.04460312 
232 151 7 9 0.044495348 
86 498 52 53 0.042592485 
292 493 16 19 0.042429045 
8 648 109 102 0.041004505 
184 182 8 10 0.04081671 
748 152 10 12 0.037241552 
309 334 9 11 0.03705752 
191 144 9 11 0.035767168 
981 429 9 11 0.03529745 
285 391 7 10 0.03481253 
304 365 9 11 0.033470552 
186 177 7 9 0.033461083 
214 335 8 9 0.033268493 
250 352 9 11 0.032125577 
200 352 8 9 0.032050375 
984 520 10 12 0.031507134 
180 471 49 54 0.031258877 
3 577 108 118 0.031070385 
209 149 11 13 0.03057149 
204 472 18 20 0.029422205 
714 96 28 42 0.029320562 
202 358 8 9 0.028152432 
208 337 8 9 0.027858878 
995 511 10 12 0.027800288 
184 483 18 21 0.0277087 
190 174 8 11 0.027578438 
261 483 17 18 0.027521107 
296 373 8 10 0.027190149 
330 385 8 10 0.02715153 
684 159 13 18 0.027027417 
135 462 28 34 0.026868088 
990 487 10 13 0.026733264 
58 492 51 51 0.026716027 
296 359 8 10 0.026564904 
255 344 8 9 0.02615605 
724 98 15 21 0.02569813 
333 366 10 12 0.025313457 
76 463 24 32 0.025101103 
94 237 9 11 0.024922216 
178 469 26 30 0.024879977 
912 407 11 14 0.02471689 
221 392 9 11 0.024680598 
545 268 25 32 0.024532717 
90 236 9 12 0.023391627 
637 264 10 12 0.023249375 
992 517 10 12 0.023197668 
997 446 8 10 0.02317412 
229 328 7 9 0.022826979 
297 366 8 11 0.022663478 
310 366 8 11 0.022563515 
92 12 12 14 0.022323629 
17 216 7 9 0.0221867 
58 192 6 9 0.022159096 
92 471 32 36 0.021816602 
25 222 8 11 0.021718156 
192 136 9 11 0.021504182 
8 606 54 60 0.021481708 
310 360 9 11 0.021262575 
188 474 28 32 0.02104929 
993 464 8 10 0.020842135 
82 446 84 90 0.020821307 
311 374 8 10 0.02062358 
1007 464 9 11 0.020606052 
228 467 16 19 0.020585459 
72 200 7 8 0.02058446 
842 352 15 21 0.020530714 
174 459 15 20 0.020524519 
392 210 36 42 0.020414516 
818 590 9 12 0.020311315 
