50_Celebration_Or_Party_birthdayparty_50_283
74
247 372 54 72 0.9990102 
811 180 35 42 0.9979797 
595 309 36 44 0.9978947 
121 458 54 74 0.9978946 
17 462 69 108 0.99574775 
439 270 26 37 0.99361974 
888 295 28 39 0.99092406 
362 354 37 53 0.9908574 
654 168 40 49 0.9787982 
774 482 54 62 0.9458845 
459 314 23 26 0.9418621 
466 353 30 41 0.89050853 
771 332 39 54 0.8148887 
861 455 61 96 0.4102469 
125 105 42 79 0.28619298 
845 439 62 73 0.22569664 
185 115 38 58 0.18290739 
748 296 17 24 0.16063528 
768 463 33 49 0.15564637 
851 233 23 31 0.10389046 
387 241 17 19 0.08131451 
723 302 21 28 0.06958901 
332 468 30 32 0.059738997 
742 481 68 71 0.05897002 
482 258 18 22 0.05522692 
423 247 11 13 0.05277947 
147 480 33 48 0.04844593 
456 190 21 31 0.0481201 
764 329 28 40 0.046968505 
679 526 53 76 0.044408273 
725 232 19 29 0.043338053 
446 353 28 37 0.03843526 
342 243 13 16 0.034916766 
619 188 24 28 0.034281533 
267 253 12 17 0.032150082 
164 127 50 72 0.031841293 
861 231 11 15 0.031155929 
272 400 32 46 0.03093393 
33 203 11 14 0.030731196 
449 129 16 19 0.030312128 
789 239 23 27 0.030145343 
866 425 60 72 0.029741883 
467 195 24 30 0.029361816 
427 276 28 37 0.029329723 
327 238 12 14 0.029120175 
295 236 11 14 0.028787917 
929 359 22 29 0.028737552 
454 199 13 19 0.027736641 
735 301 24 26 0.026775064 
831 426 61 60 0.026736895 
301 238 11 15 0.026452176 
366 218 15 20 0.026089028 
483 183 16 23 0.025374081 
474 185 22 29 0.024825975 
650 322 16 20 0.024194604 
775 430 62 70 0.0237159 
322 245 10 12 0.023261925 
729 312 26 26 0.022771722 
462 208 12 16 0.022606926 
598 462 13 17 0.022368222 
270 358 27 43 0.022357197 
428 251 12 16 0.022315344 
485 211 12 17 0.022144372 
1014 36 11 17 0.021557977 
367 244 10 13 0.021367501 
449 302 36 46 0.02125533 
468 210 25 31 0.020927083 
175 114 65 109 0.020866279 
796 417 56 59 0.020731067 
852 463 39 59 0.020523919 
297 324 10 12 0.02030998 
988 282 14 17 0.020098494 
1008 270 11 15 0.020088883 
283 419 25 37 0.020022415 
