50_Celebration_Or_Party_birthdayparty_50_374
27
590 286 67 82 0.99687046 
730 307 67 88 0.9963642 
433 335 59 70 0.99559104 
264 315 64 92 0.99541926 
129 340 78 89 0.977544 
879 127 87 108 0.8576145 
284 30 59 65 0.055204395 
861 635 14 18 0.054687306 
910 581 13 16 0.04649824 
483 653 46 36 0.04064659 
884 172 11 15 0.03781834 
94 312 30 56 0.032978967 
325 310 44 62 0.03228905 
-3 381 44 65 0.030800205 
898 517 31 36 0.030510804 
567 267 49 63 0.029821547 
933 573 13 18 0.029392656 
875 590 14 15 0.02626125 
424 310 56 74 0.024902375 
874 165 27 35 0.02422107 
749 601 42 54 0.023344247 
402 311 35 48 0.02184526 
557 254 14 18 0.021284916 
857 88 91 122 0.02069999 
390 328 43 58 0.020425705 
491 610 58 52 0.020365689 
878 615 27 32 0.020178864 
