50_Celebration_Or_Party_houseparty_50_282
31
322 231 41 49 0.99857557 
47 243 46 73 0.9983486 
645 195 52 64 0.9975077 
423 153 38 46 0.9904384 
623 134 30 45 0.9893063 
166 248 45 58 0.9835656 
791 164 63 84 0.8573292 
927 214 53 64 0.7346977 
499 524 19 21 0.38107044 
927 102 37 44 0.34321925 
951 221 39 43 0.28466582 
203 253 31 40 0.08676343 
917 91 32 45 0.051458854 
609 146 36 43 0.0500613 
504 525 27 32 0.042853978 
552 178 12 16 0.04262519 
542 197 13 16 0.03582618 
552 453 28 35 0.034129858 
375 226 18 23 0.033399 
74 215 30 38 0.03269504 
932 180 66 81 0.032466657 
498 201 31 32 0.031199332 
533 178 10 13 0.030788498 
217 263 18 25 0.030124072 
565 293 15 19 0.027715687 
11 257 31 50 0.026038768 
62 377 106 128 0.025864577 
800 322 32 49 0.024467815 
107 430 60 71 0.02205768 
198 302 51 62 0.021949252 
631 172 50 64 0.021495346 
