50_Celebration_Or_Party_houseparty_50_609
422
215 348 66 79 0.9991535 
213 214 32 43 0.9975095 
287 245 43 54 0.9959622 
412 234 26 36 0.99549747 
126 236 31 40 0.9884741 
144 259 39 46 0.9841584 
996 254 28 46 0.983536 
890 175 19 25 0.9804364 
843 194 21 28 0.9796341 
474 179 27 37 0.9661745 
87 223 24 36 0.96571857 
306 327 50 80 0.935027 
635 167 15 20 0.9244987 
802 214 18 24 0.9118407 
820 166 12 15 0.90104294 
769 188 20 26 0.89783 
599 251 33 50 0.822496 
675 193 20 29 0.8000881 
70 344 44 63 0.7421428 
541 277 46 50 0.7214166 
532 126 11 14 0.7069836 
834 172 12 16 0.70344603 
740 152 15 20 0.6632915 
223 193 23 29 0.657374 
995 121 12 16 0.59486204 
786 156 13 16 0.57123613 
872 171 13 17 0.564859 
446 121 14 18 0.54438776 
723 242 27 35 0.53453225 
710 190 17 21 0.52481616 
445 164 16 21 0.5232087 
833 134 11 14 0.51355916 
853 233 16 23 0.51227915 
660 260 32 39 0.469014 
519 157 13 16 0.44586048 
954 191 23 28 0.40669778 
572 148 12 16 0.40187618 
403 146 11 16 0.39809573 
423 54 9 13 0.3951488 
175 168 10 14 0.35673618 
360 178 14 18 0.35588163 
156 187 18 19 0.338709 
276 188 23 27 0.29721773 
569 258 41 55 0.28199774 
810 192 15 19 0.25827095 
872 280 29 45 0.24756616 
273 179 16 20 0.2210224 
657 256 19 21 0.22022636 
524 176 17 23 0.21548222 
588 168 13 17 0.21307302 
138 222 30 32 0.20942666 
880 154 12 16 0.2081932 
330 200 20 27 0.18227391 
929 126 11 14 0.1814091 
599 225 21 31 0.17819498 
712 272 44 63 0.16977182 
858 228 22 28 0.16495405 
486 181 26 36 0.16323729 
537 153 15 18 0.1606068 
190 179 15 19 0.16026482 
360 195 12 15 0.15357725 
578 125 12 17 0.15326993 
599 144 13 20 0.14973406 
548 165 12 15 0.14891995 
604 141 11 17 0.14686242 
795 178 15 19 0.14618213 
713 286 58 95 0.14516012 
537 215 36 40 0.141229 
524 152 13 16 0.13966464 
615 260 26 39 0.13944116 
892 140 11 15 0.13277775 
182 212 17 24 0.13236184 
287 335 50 78 0.13007638 
456 56 10 13 0.12753578 
847 134 9 12 0.12753105 
480 127 11 13 0.123672456 
889 135 10 12 0.12331081 
450 128 14 18 0.12137386 
798 184 20 25 0.11899971 
388 191 17 22 0.11554149 
539 202 18 21 0.11254058 
457 180 25 35 0.1095512 
651 145 16 21 0.10928544 
298 29 14 19 0.1084131 
325 158 9 12 0.10732088 
364 24 13 18 0.10605002 
291 172 15 17 0.10468018 
626 272 15 20 0.10421475 
357 181 19 27 0.10168518 
668 75 11 16 0.100927286 
987 135 15 19 0.09778736 
331 38 13 18 0.09383149 
375 149 10 12 0.09321125 
772 134 9 12 0.092888094 
469 148 12 17 0.09184514 
157 194 22 25 0.088289864 
956 205 17 23 0.08812257 
439 117 13 18 0.08803774 
372 376 110 130 0.08790229 
535 202 30 35 0.087863185 
647 121 13 17 0.08543897 
975 232 14 21 0.08471052 
47 201 22 32 0.08384899 
409 132 10 14 0.08369238 
423 47 10 14 0.08278663 
447 188 13 18 0.08186662 
360 42 13 17 0.079520896 
587 68 11 14 0.07928792 
537 130 13 17 0.07879716 
681 262 17 28 0.07829253 
518 66 10 14 0.077107735 
348 227 16 23 0.07685697 
366 146 11 14 0.07676855 
746 149 15 20 0.07454943 
643 199 15 20 0.07399832 
884 149 11 14 0.07398438 
542 162 14 18 0.07396961 
361 23 10 14 0.07315961 
432 118 12 17 0.0728677 
265 22 16 21 0.07280727 
278 177 21 24 0.07273057 
867 226 17 22 0.07137499 
756 195 26 32 0.07127832 
223 149 9 12 0.070987605 
567 143 10 14 0.070869304 
339 160 16 19 0.07042662 
340 187 13 17 0.06939514 
138 199 15 20 0.06932564 
147 218 20 22 0.06860484 
397 238 29 34 0.06851122 
599 190 12 17 0.067535006 
447 55 9 12 0.06751822 
828 225 15 21 0.067052774 
550 69 9 12 0.0658207 
623 74 13 17 0.065213785 
421 156 24 33 0.06516402 
265 185 13 18 0.06515689 
733 158 16 21 0.064884074 
145 197 23 26 0.0635869 
741 142 12 16 0.062784426 
347 145 14 17 0.06195942 
392 47 11 15 0.061529055 
702 194 17 20 0.0611586 
239 11 16 19 0.06024511 
414 63 10 13 0.05852569 
97 225 24 36 0.057359576 
596 37 11 15 0.057165902 
129 230 20 23 0.056498703 
796 164 12 14 0.056422092 
422 39 9 12 0.056023043 
703 117 12 16 0.05582482 
175 166 19 25 0.054502502 
989 126 19 25 0.054343406 
801 122 11 14 0.05326612 
995 196 29 41 0.053164907 
908 182 21 27 0.053134948 
776 249 21 27 0.053104088 
746 187 16 22 0.053021993 
337 194 15 21 0.053009186 
531 188 24 31 0.05282767 
878 492 52 60 0.051225234 
448 183 21 29 0.0507092 
152 187 14 16 0.050376724 
686 193 21 29 0.050243385 
668 202 18 25 0.04996167 
351 202 11 16 0.049431056 
729 235 19 24 0.049187515 
659 126 15 19 0.048626725 
485 162 14 17 0.048372637 
323 176 14 19 0.048315447 
818 195 12 17 0.04790705 
364 33 13 20 0.047891624 
1001 121 14 17 0.047888134 
342 180 14 18 0.04749478 
380 150 11 13 0.04741553 
518 52 10 12 0.04712324 
925 155 13 16 0.0469895 
828 168 12 15 0.046868067 
649 194 22 28 0.046465695 
896 539 101 106 0.045658536 
181 155 13 17 0.044649657 
359 165 12 15 0.044646926 
846 165 12 14 0.044551034 
707 123 13 17 0.044364113 
511 50 12 15 0.044123083 
453 92 10 12 0.04382368 
341 168 17 20 0.04354461 
428 47 11 13 0.0430479 
270 163 10 12 0.042916324 
747 193 23 30 0.04280029 
357 200 14 18 0.042764634 
734 139 13 17 0.042166945 
577 146 14 19 0.0420373 
644 252 38 50 0.041910958 
400 152 12 16 0.041773006 
588 205 11 15 0.041633584 
105 237 35 48 0.041583955 
769 240 23 27 0.04128597 
575 235 13 20 0.041164476 
427 51 11 15 0.04110341 
658 136 16 23 0.041030888 
381 194 16 19 0.040911414 
519 35 10 13 0.040795602 
393 186 14 20 0.040787578 
544 75 9 13 0.04073875 
348 257 16 23 0.040613934 
560 135 10 13 0.039610405 
596 236 26 40 0.039495036 
337 257 26 36 0.0393617 
917 222 25 31 0.03930301 
323 162 12 17 0.039257836 
868 216 23 27 0.039134935 
494 54 11 13 0.039067738 
623 166 21 26 0.03796474 
518 182 16 22 0.037838764 
500 69 13 16 0.037548266 
853 132 9 12 0.037546623 
462 152 15 21 0.037333954 
359 141 13 17 0.03718063 
577 119 10 13 0.037062157 
215 164 9 12 0.03680393 
584 62 10 14 0.03677163 
649 121 20 24 0.03668891 
396 169 15 19 0.036637146 
582 73 12 16 0.03658833 
446 112 11 14 0.036305755 
182 183 15 20 0.0362282 
564 213 13 15 0.036195062 
345 195 20 28 0.036165494 
529 259 37 54 0.035956983 
488 47 9 12 0.035859205 
793 156 13 17 0.03570921 
875 165 14 18 0.03558133 
844 137 12 16 0.03533499 
747 178 16 20 0.03507007 
868 489 41 48 0.034845524 
60 310 54 79 0.0348309 
898 177 20 26 0.03479828 
586 209 14 22 0.034765556 
617 217 25 32 0.034691654 
628 71 10 14 0.03468664 
738 159 22 27 0.034660373 
565 134 10 13 0.034520615 
222 199 31 42 0.034394875 
54 357 43 48 0.03434075 
453 156 21 29 0.034339756 
714 228 18 22 0.03421399 
804 199 21 27 0.033938147 
638 197 14 18 0.033701338 
445 58 12 17 0.033555083 
72 227 27 31 0.033523835 
446 135 16 18 0.033347376 
511 36 12 15 0.033342063 
643 148 19 27 0.033339698 
451 272 18 20 0.033325717 
610 226 15 22 0.033208735 
753 154 14 18 0.033091675 
137 204 24 29 0.032609113 
574 77 11 14 0.032362275 
162 180 17 22 0.032186896 
588 217 22 33 0.032077618 
660 191 23 30 0.031932876 
455 64 11 15 0.031892348 
389 34 11 15 0.031788584 
230 91 11 13 0.031756856 
347 176 16 21 0.03172945 
412 41 14 17 0.031543344 
553 163 14 17 0.03151599 
918 165 14 17 0.031425882 
239 160 10 12 0.03138113 
525 59 14 17 0.03132414 
206 175 10 13 0.030985568 
520 179 25 34 0.030922402 
287 168 11 14 0.03089459 
448 48 9 11 0.030844698 
512 68 10 14 0.030814687 
339 146 21 26 0.030760476 
549 46 10 13 0.030757781 
550 51 10 13 0.030752376 
529 121 11 15 0.030554721 
477 125 19 23 0.030519754 
314 630 42 44 0.030421108 
203 178 11 15 0.0302689 
10 344 51 62 0.03018434 
453 85 10 14 0.030173982 
573 69 11 14 0.030017037 
736 189 22 31 0.029713014 
591 195 13 16 0.029655678 
529 237 35 43 0.029525567 
481 170 17 20 0.02939746 
456 46 9 12 0.029094838 
335 155 13 18 0.028419774 
317 197 26 38 0.0282768 
846 147 12 15 0.028246395 
358 155 13 17 0.0281271 
367 189 22 28 0.027892077 
1006 147 13 17 0.027820805 
727 141 12 16 0.027780147 
444 169 21 28 0.027723659 
134 236 47 54 0.02767243 
848 129 8 11 0.027669173 
591 41 12 15 0.027623668 
587 189 21 28 0.027565284 
570 203 25 33 0.027216839 
430 108 10 14 0.02718984 
614 170 13 17 0.027165653 
610 137 14 19 0.02714621 
330 175 21 28 0.027100276 
727 161 15 19 0.02705629 
338 91 13 18 0.027053276 
549 157 13 17 0.027049877 
844 170 13 16 0.02698544 
723 191 14 22 0.02692312 
599 187 21 27 0.02692281 
789 172 16 20 0.0269146 
752 230 26 25 0.026897393 
791 184 15 20 0.02688351 
711 261 34 45 0.026768213 
640 123 12 16 0.02667467 
322 186 23 32 0.026538866 
166 200 23 30 0.026498603 
504 180 25 32 0.026474357 
809 1 28 32 0.02638507 
404 34 23 26 0.026340617 
579 135 14 20 0.026277468 
698 198 25 30 0.02618487 
740 227 15 18 0.026157659 
551 64 8 12 0.026093516 
198 176 11 15 0.026075756 
942 198 24 33 0.025932834 
472 150 20 27 0.025755353 
394 179 16 19 0.02555621 
607 232 32 45 0.025327932 
894 511 59 65 0.025196793 
35 204 27 37 0.025041137 
289 85 10 13 0.024966937 
576 218 22 34 0.02496523 
557 194 15 16 0.024829626 
301 359 56 86 0.024825724 
729 265 33 46 0.024800332 
546 196 15 18 0.024701642 
614 126 10 13 0.024692854 
754 209 26 31 0.024683699 
865 233 25 30 0.024567923 
910 173 12 16 0.024372062 
209 167 9 12 0.02414222 
449 101 9 12 0.024053771 
515 220 15 21 0.024041062 
733 138 20 28 0.024039105 
549 40 10 11 0.023980489 
568 233 24 31 0.023880398 
500 61 11 13 0.023878062 
664 79 11 16 0.02376984 
645 139 17 22 0.023758648 
147 192 17 20 0.023696689 
275 19 17 20 0.0236805 
447 278 23 30 0.023660893 
765 182 16 20 0.023637924 
437 54 13 15 0.02360157 
512 161 13 19 0.023586234 
590 140 12 19 0.02335456 
555 226 28 34 0.023317691 
584 45 10 13 0.023288948 
451 54 19 24 0.02327937 
435 155 24 31 0.02323416 
18 319 57 61 0.023059472 
362 141 19 24 0.023003357 
75 230 40 49 0.022997981 
614 132 12 16 0.022968218 
541 39 11 13 0.022918161 
636 206 18 23 0.022891512 
302 18 22 28 0.022874193 
581 225 13 20 0.022873731 
551 205 30 34 0.022832524 
611 66 15 19 0.022778455 
602 149 15 20 0.022752814 
562 189 13 15 0.02274925 
785 243 16 21 0.02273028 
360 134 10 13 0.022527106 
962 212 16 22 0.02247493 
665 37 108 133 0.022288991 
821 146 13 16 0.02226586 
800 13 32 40 0.02219667 
799 138 12 16 0.022148073 
776 161 13 17 0.02214083 
292 4 12 14 0.022132648 
746 169 16 19 0.022034094 
430 57 12 16 0.021991948 
568 69 11 13 0.021976748 
233 189 15 19 0.021927822 
516 170 17 23 0.021870002 
493 46 11 14 0.021817794 
989 184 30 39 0.02170083 
606 134 12 17 0.02166721 
168 169 14 18 0.021631654 
300 83 14 16 0.021585383 
444 67 12 15 0.021583306 
322 151 18 25 0.02154597 
658 169 16 20 0.02141215 
512 61 11 14 0.021397907 
455 134 20 28 0.021342885 
225 191 13 16 0.02131629 
773 185 13 17 0.021258084 
523 197 26 33 0.021205733 
532 134 21 25 0.021109153 
766 135 14 19 0.021008415 
597 65 16 18 0.020936472 
818 230 24 31 0.02092358 
556 203 14 16 0.020818789 
661 70 19 26 0.020731589 
779 385 39 37 0.020709433 
488 52 10 14 0.020687122 
608 125 11 14 0.02062708 
545 242 49 60 0.020416334 
542 49 13 16 0.020375233 
277 198 25 33 0.020216743 
277 166 11 13 0.020198066 
540 215 17 20 0.02016676 
920 152 21 27 0.020067433 
195 176 21 26 0.020008205 
630 123 12 15 0.020004587 
247 14 23 27 0.020000596 
