50_Celebration_Or_Party_houseparty_50_345
85
305 138 182 243 0.99955803 
579 149 183 228 0.99955183 
895 97 64 86 0.90959966 
11 197 54 88 0.78723603 
960 93 62 109 0.64664596 
635 863 39 44 0.28390405 
773 839 11 13 0.28370398 
129 59 108 151 0.24280694 
607 958 9 12 0.10559146 
572 966 9 12 0.10176987 
796 1003 11 14 0.09836391 
706 971 13 16 0.08999516 
645 984 12 14 0.08933435 
954 75 52 81 0.082622804 
685 940 12 15 0.0804123 
679 930 13 17 0.065708965 
654 970 10 13 0.06175789 
797 1012 13 17 0.059044845 
792 999 10 15 0.0567543 
726 1039 9 12 0.056425817 
838 476 66 68 0.052028485 
149 314 370 485 0.050965864 
684 947 14 18 0.049511097 
576 1085 10 12 0.0487385 
768 958 11 15 0.047800086 
608 925 10 12 0.046747737 
818 735 10 12 0.04261835 
573 972 11 13 0.04247093 
558 983 9 12 0.042302024 
93 459 54 47 0.038384583 
718 954 12 14 0.038258936 
165 151 20 32 0.037353083 
587 886 12 14 0.035304703 
767 909 10 12 0.033129036 
774 601 51 63 0.031684104 
757 949 10 13 0.030726274 
675 941 20 27 0.030610507 
716 966 11 14 0.029813064 
865 101 64 90 0.029613575 
675 920 22 29 0.028811365 
662 1001 13 17 0.028595096 
596 631 27 28 0.028447054 
789 1039 11 13 0.027970036 
565 956 13 18 0.027814668 
762 1021 9 13 0.027268166 
691 940 12 14 0.026965532 
711 831 9 10 0.026619447 
512 486 34 49 0.026525808 
759 955 9 13 0.026474008 
478 979 12 18 0.0264607 
969 69 32 46 0.026357813 
675 916 15 18 0.026181366 
569 971 10 12 0.026110455 
993 74 32 47 0.025880428 
587 651 420 452 0.025873853 
642 988 10 14 0.02527582 
791 1000 20 28 0.025120785 
724 630 46 49 0.024328431 
708 666 12 14 0.024237994 
791 870 10 11 0.024148006 
757 844 11 13 0.024060527 
700 644 11 13 0.02345729 
622 891 12 14 0.023420293 
561 613 48 57 0.02306708 
804 1005 10 13 0.023003696 
611 958 10 12 0.022888811 
672 943 9 12 0.022679787 
591 591 11 14 0.022674317 
636 939 11 13 0.022657314 
705 796 107 120 0.022268478 
938 125 31 52 0.021958368 
715 1013 13 15 0.021929868 
662 967 11 14 0.021865768 
526 590 33 33 0.02180412 
695 990 9 11 0.021793721 
648 972 11 13 0.021702673 
637 968 13 15 0.021625813 
182 27 57 85 0.021548163 
785 1043 11 15 0.021518506 
767 1057 10 15 0.021441624 
604 577 13 18 0.02143431 
717 980 10 13 0.020865405 
970 57 26 39 0.020447455 
969 54 51 76 0.02033298 
606 1055 11 15 0.020058418 
