21_Festival_Festival_21_340
653
701 293 13 16 0.69623685 
593 256 10 12 0.64646447 
252 358 14 20 0.6100086 
62 291 411 484 0.59423184 
361 263 10 12 0.53924274 
416 232 10 12 0.53038394 
462 263 9 11 0.47291803 
171 371 15 21 0.47217402 
566 264 8 11 0.46798348 
101 321 11 14 0.44701254 
706 239 9 10 0.38643423 
237 338 12 17 0.3232438 
472 248 9 12 0.31649265 
561 267 11 14 0.31329352 
481 231 10 12 0.3070193 
429 283 11 14 0.30485955 
400 223 8 10 0.2974354 
456 232 9 11 0.29274297 
73 343 8 10 0.27970693 
96 318 12 15 0.27287462 
479 262 11 15 0.26916552 
441 262 9 12 0.2626384 
660 279 10 12 0.26157036 
440 267 10 13 0.25467238 
310 244 9 11 0.2527751 
55 304 8 11 0.24465616 
380 238 9 11 0.23828347 
97 280 9 11 0.22736706 
222 338 13 18 0.22486363 
582 294 12 17 0.22236915 
121 302 11 13 0.22204112 
454 278 12 15 0.21674769 
73 277 8 10 0.2014326 
328 255 8 10 0.20142913 
399 253 9 11 0.19979285 
177 285 10 14 0.19246687 
143 275 8 11 0.18520889 
335 260 8 10 0.18382898 
77 343 9 12 0.18247037 
318 301 13 15 0.1791067 
445 253 11 13 0.17586991 
655 262 9 11 0.17438005 
237 277 8 11 0.17021479 
551 263 10 12 0.1677424 
128 352 10 13 0.16123402 
23 349 10 14 0.15555947 
622 260 10 12 0.15342952 
503 259 11 16 0.15073325 
142 304 9 12 0.15063481 
167 263 9 11 0.14900124 
368 231 8 10 0.1469793 
230 327 10 13 0.14324741 
126 325 9 12 0.1405666 
124 270 8 11 0.13827026 
87 304 8 10 0.13606513 
49 302 8 10 0.13549393 
659 334 12 14 0.13472362 
167 331 10 13 0.13176815 
294 264 10 11 0.13163753 
22 344 8 11 0.13005304 
30 351 10 13 0.127725 
352 247 8 11 0.12679014 
182 343 11 13 0.12344502 
165 354 11 12 0.12328301 
71 372 10 12 0.12287708 
78 287 8 10 0.12272857 
119 309 10 13 0.12110051 
20 354 12 16 0.11951067 
695 253 8 10 0.11853612 
736 246 8 10 0.11829302 
168 269 8 10 0.11779983 
191 280 9 10 0.116263226 
79 309 8 10 0.11571649 
94 363 9 11 0.11530749 
617 261 10 11 0.115249254 
80 305 8 10 0.11509892 
174 347 13 15 0.11480912 
329 239 8 10 0.113986604 
266 298 13 16 0.113750875 
306 276 9 12 0.11367138 
56 332 9 12 0.11104256 
111 270 8 11 0.11099446 
189 342 10 12 0.10830137 
166 256 8 9 0.107909225 
120 317 9 12 0.106405005 
61 333 8 11 0.10628292 
396 143 27 29 0.10578622 
241 302 11 14 0.10563162 
351 239 8 9 0.10561893 
351 310 10 12 0.10429842 
137 310 9 12 0.10343711 
383 271 10 12 0.10212303 
71 349 10 13 0.10189102 
142 287 9 12 0.1014991 
73 273 7 10 0.10148178 
607 278 9 12 0.10067354 
382 233 7 9 0.10010403 
136 255 9 11 0.10006296 
62 319 8 10 0.100029066 
708 242 10 12 0.09947581 
227 338 15 18 0.09890824 
144 358 11 14 0.09632296 
205 350 10 13 0.09593947 
176 265 8 10 0.09446893 
655 270 9 11 0.091538094 
89 363 9 12 0.09081643 
136 318 9 12 0.09070343 
557 60 12 14 0.09002527 
351 252 8 10 0.08998093 
375 315 12 15 0.08925975 
278 291 10 13 0.08916303 
559 255 7 9 0.08861701 
85 308 9 11 0.08836847 
73 286 8 11 0.086920165 
63 356 9 12 0.08659923 
112 255 8 9 0.08411305 
290 262 8 11 0.0841045 
56 271 8 10 0.08408511 
81 317 8 11 0.082736336 
85 263 9 10 0.08225041 
33 343 9 12 0.081562914 
304 271 8 11 0.08138135 
552 256 9 11 0.07989747 
220 302 10 13 0.07989043 
333 240 9 10 0.07914802 
238 273 9 10 0.078526355 
152 247 6 8 0.07630497 
167 246 7 9 0.075825125 
78 333 7 10 0.075772345 
135 293 8 11 0.07568575 
183 264 7 10 0.07396473 
537 255 8 11 0.0733682 
47 325 8 12 0.073187545 
356 247 9 10 0.07308998 
378 270 8 11 0.07300937 
200 358 10 12 0.072959594 
488 309 11 14 0.072725214 
193 257 8 9 0.071353324 
142 260 7 9 0.07069007 
125 264 7 9 0.070499666 
304 310 11 15 0.070306934 
222 276 8 11 0.06998571 
63 293 9 11 0.06914269 
330 260 8 11 0.068560414 
75 387 15 21 0.06818509 
20 332 10 13 0.06799039 
41 304 7 9 0.067905255 
161 351 10 13 0.06733193 
335 244 8 11 0.06653109 
327 277 8 10 0.06561517 
655 285 9 12 0.06520083 
610 273 7 9 0.064934775 
49 332 10 13 0.0649027 
176 239 8 9 0.06470323 
127 319 9 12 0.06457805 
71 291 9 12 0.06435192 
192 241 7 8 0.06417543 
430 313 12 16 0.063833505 
322 254 7 10 0.06362295 
101 283 8 10 0.063445784 
701 232 21 24 0.06325387 
208 263 8 9 0.06297178 
433 222 9 11 0.06278494 
310 271 8 11 0.06199084 
312 302 10 14 0.061617605 
161 254 8 10 0.061540976 
309 315 11 15 0.06112415 
191 262 8 10 0.060927533 
120 287 9 11 0.060855847 
319 321 14 18 0.060299937 
774 93 43 63 0.059891116 
77 278 8 11 0.05971668 
309 308 11 15 0.059593763 
37 341 8 12 0.059302196 
329 247 8 10 0.058934346 
704 260 10 13 0.05845033 
198 248 7 9 0.058318313 
74 335 8 10 0.057838507 
536 259 10 14 0.05778245 
611 277 10 12 0.057665136 
365 279 8 11 0.05742198 
319 295 12 14 0.057219584 
388 271 11 12 0.057112608 
476 246 11 13 0.057078905 
75 309 7 10 0.05657936 
222 353 12 16 0.056571975 
146 240 7 9 0.056412984 
48 297 7 9 0.05585607 
321 307 15 17 0.055523742 
736 253 10 12 0.05541106 
168 367 14 17 0.055167396 
307 246 8 10 0.055166718 
296 255 8 10 0.055110946 
741 247 8 10 0.054792 
298 331 15 19 0.054587018 
24 309 8 11 0.05454878 
613 271 9 10 0.05449592 
78 292 8 10 0.05443428 
172 333 11 14 0.05429714 
126 331 10 13 0.054187115 
233 287 10 10 0.053780496 
543 262 10 13 0.053763006 
272 270 8 9 0.05372602 
279 279 8 11 0.05352852 
30 304 8 10 0.053420592 
97 271 8 9 0.053151444 
438 214 8 10 0.052959606 
545 267 10 13 0.052282974 
392 239 8 10 0.052118987 
301 264 8 10 0.051969394 
183 325 10 13 0.051943846 
398 236 9 12 0.05186324 
127 296 9 12 0.05171754 
627 284 12 14 0.051492285 
344 254 8 11 0.05134311 
391 255 10 12 0.051330555 
199 263 8 9 0.051095236 
602 279 9 11 0.05104691 
496 260 13 17 0.050836604 
377 242 10 13 0.050690755 
199 342 9 13 0.05061831 
416 272 9 11 0.050502688 
79 328 8 11 0.050054435 
352 314 11 15 0.050026856 
160 248 7 8 0.049751587 
310 322 12 15 0.049673487 
182 332 11 13 0.049532194 
672 239 8 10 0.0493962 
197 254 8 10 0.0492197 
78 367 8 11 0.048805024 
61 327 9 12 0.048782427 
566 312 23 32 0.048658933 
233 273 8 11 0.048533663 
584 275 11 13 0.048476245 
320 288 9 11 0.04842819 
176 281 8 10 0.048394274 
141 319 8 12 0.048327558 
735 259 9 11 0.048304297 
279 241 8 9 0.048092835 
152 240 6 9 0.048032276 
783 237 57 73 0.04786689 
375 232 9 11 0.04771163 
293 294 9 13 0.04770319 
721 285 9 11 0.047580574 
338 224 7 9 0.0472515 
201 348 10 13 0.047223188 
277 272 8 9 0.046875417 
565 44 10 13 0.046847064 
678 246 8 11 0.046605017 
121 294 10 12 0.046366535 
504 274 12 15 0.04622292 
65 342 8 11 0.046085544 
18 342 8 11 0.04601851 
737 284 10 13 0.045879766 
723 269 11 12 0.04577142 
73 328 9 11 0.045738257 
418 233 12 16 0.04560906 
721 276 10 12 0.045576308 
233 239 7 9 0.045398287 
403 253 10 12 0.04507446 
103 367 9 11 0.044937864 
327 271 8 11 0.04491368 
320 270 8 11 0.044719525 
381 244 10 12 0.044624075 
678 285 8 11 0.044373658 
121 275 9 11 0.044322185 
289 258 7 9 0.044284545 
376 262 9 12 0.044214584 
734 242 9 10 0.044119712 
22 287 8 10 0.044047266 
695 339 14 18 0.043921836 
399 217 9 11 0.04371557 
384 254 9 11 0.04328698 
287 279 8 10 0.043234047 
246 295 10 12 0.043216426 
249 286 9 10 0.042977925 
437 274 11 15 0.042739693 
30 309 8 10 0.042728066 
453 255 10 12 0.04232255 
96 264 7 9 0.042220157 
459 235 11 13 0.04218973 
591 251 16 22 0.04202842 
761 261 9 11 0.041984823 
357 317 11 15 0.04191118 
61 303 8 10 0.041738354 
135 323 9 13 0.04164088 
125 308 11 14 0.041578367 
46 320 8 10 0.041413162 
49 279 8 10 0.041357458 
160 238 7 9 0.041282393 
26 302 9 12 0.04121725 
205 342 11 15 0.040960588 
673 246 9 11 0.040957574 
137 288 9 11 0.040842053 
514 239 9 10 0.040702578 
239 294 9 11 0.04060604 
708 256 10 11 0.04055209 
169 278 8 10 0.04018268 
349 278 8 10 0.040093765 
264 265 7 9 0.040021274 
50 308 8 10 0.039923657 
204 392 13 19 0.039903283 
97 332 9 12 0.039899044 
216 307 10 13 0.03987118 
222 295 8 10 0.03975188 
232 262 7 9 0.039718404 
197 279 8 10 0.039699335 
456 270 11 13 0.039695714 
537 50 11 14 0.039657325 
31 319 8 11 0.03960159 
40 320 9 11 0.0394582 
360 256 9 12 0.03930986 
272 277 9 12 0.039193068 
289 237 8 10 0.039065823 
313 264 8 10 0.0389415 
425 327 11 15 0.0388702 
160 232 7 9 0.038868528 
381 309 12 16 0.03881905 
273 285 10 13 0.03860935 
194 246 7 8 0.03860471 
424 278 11 15 0.038537525 
688 247 9 11 0.038400322 
678 279 9 11 0.03831452 
349 231 9 10 0.03817665 
470 260 11 14 0.038025655 
101 311 11 14 0.037963748 
423 254 8 11 0.03794893 
192 270 8 10 0.037819847 
63 262 7 9 0.0378031 
677 252 8 11 0.037552997 
225 328 10 13 0.037438624 
175 300 10 13 0.037378103 
730 240 8 10 0.037366312 
24 317 7 11 0.03724571 
180 352 13 15 0.037164316 
96 313 9 11 0.037142903 
303 254 8 10 0.03706437 
290 268 9 11 0.03702382 
183 320 9 12 0.036965515 
730 246 8 10 0.036767375 
199 286 8 10 0.036731858 
278 312 14 17 0.036315553 
25 294 8 11 0.036220938 
175 317 9 11 0.036134627 
62 362 10 15 0.03596126 
45 262 8 10 0.035712298 
369 235 9 11 0.03567606 
103 271 8 10 0.035549365 
391 147 15 18 0.035531305 
33 285 9 11 0.035460692 
454 299 11 13 0.035276428 
137 272 9 11 0.035249837 
231 291 11 12 0.035248354 
136 303 9 12 0.035189502 
672 254 10 12 0.035171635 
472 220 8 11 0.03490474 
472 277 9 13 0.034860168 
749 271 9 11 0.034683056 
70 379 14 19 0.034627225 
697 298 9 13 0.0346049 
59 264 7 9 0.034551747 
81 257 7 8 0.034377616 
366 307 17 19 0.034328897 
577 292 12 17 0.034181748 
22 327 9 12 0.0341376 
71 257 7 9 0.034088194 
662 239 9 10 0.033967786 
279 256 8 9 0.03395945 
311 284 9 11 0.03388043 
319 264 7 10 0.033706162 
651 332 22 28 0.033692002 
184 281 8 10 0.033604305 
513 316 11 16 0.03357582 
55 370 11 15 0.033519767 
276 297 13 16 0.033480555 
512 245 9 12 0.033444896 
240 330 17 21 0.03336671 
122 355 11 14 0.033321675 
119 255 8 9 0.033187754 
390 260 11 12 0.033106767 
255 278 8 11 0.03300288 
56 286 8 10 0.03299546 
965 349 11 14 0.032695115 
335 230 8 10 0.032684386 
541 254 10 12 0.032621697 
271 265 8 9 0.03260385 
353 262 8 10 0.03256802 
726 263 9 11 0.032536373 
236 326 13 17 0.032490503 
516 320 13 20 0.032430436 
162 270 8 10 0.03233929 
168 309 11 15 0.032304283 
71 262 7 9 0.03225967 
439 209 8 10 0.032131664 
198 362 10 13 0.032108437 
480 224 9 10 0.032086596 
508 254 11 15 0.03184766 
55 278 8 10 0.03183244 
387 313 15 18 0.031780805 
463 256 10 12 0.03172318 
207 310 9 11 0.031652924 
358 257 18 23 0.031650733 
761 256 8 10 0.03164854 
432 269 11 13 0.031532757 
48 271 8 10 0.031260367 
263 269 8 10 0.03115399 
105 249 7 9 0.031119337 
345 276 9 11 0.031070072 
112 262 8 11 0.03104173 
678 240 8 10 0.03103385 
205 269 9 11 0.03103368 
448 299 10 13 0.031009668 
58 320 7 9 0.03098156 
447 294 10 13 0.03087611 
441 247 10 12 0.030788068 
111 250 7 8 0.030749856 
721 254 8 10 0.03071825 
590 269 10 12 0.030625125 
396 325 14 20 0.030517668 
434 285 12 14 0.030477514 
327 286 8 11 0.030293534 
188 325 9 12 0.030137205 
649 271 10 12 0.030089619 
625 280 10 13 0.03007519 
405 247 9 11 0.030004833 
74 304 7 10 0.029989168 
110 317 9 13 0.029815242 
57 295 7 10 0.029774992 
448 275 11 13 0.029734027 
416 254 9 11 0.029708836 
446 214 8 10 0.02961483 
173 310 9 12 0.02954797 
941 366 11 14 0.029406128 
163 262 7 10 0.029354401 
58 355 10 15 0.029344184 
655 256 9 11 0.029267302 
358 240 8 10 0.029157702 
183 239 8 10 0.02905436 
450 230 10 12 0.029048014 
232 320 10 12 0.029038826 
421 270 10 12 0.028930055 
478 257 19 25 0.02889579 
134 339 10 14 0.02888973 
350 303 10 13 0.028883422 
257 264 7 9 0.028849974 
77 355 10 13 0.02875975 
480 329 9 12 0.028738111 
592 28 10 12 0.028720038 
540 31 11 13 0.028699487 
184 245 7 9 0.028672742 
670 261 9 11 0.028648106 
287 294 10 13 0.028643468 
135 247 7 8 0.028512845 
344 304 9 11 0.028482497 
351 271 8 10 0.028271839 
133 362 13 17 0.028214369 
319 320 24 27 0.028136475 
174 327 10 13 0.027992213 
175 375 18 22 0.027974954 
496 158 9 12 0.02796666 
216 287 9 11 0.027819032 
565 257 9 10 0.027800396 
216 256 7 10 0.027700352 
184 256 7 10 0.027696576 
105 253 8 10 0.027681954 
424 261 9 11 0.027655924 
62 270 8 11 0.02764743 
153 254 8 10 0.027542416 
702 255 11 13 0.027475756 
648 286 12 13 0.02747225 
527 23 8 9 0.027404882 
562 259 17 22 0.027337106 
540 36 13 16 0.027327001 
535 286 11 13 0.027281044 
330 233 7 10 0.027264005 
65 289 7 10 0.027194047 
679 270 8 11 0.027171148 
371 298 14 19 0.027126905 
198 300 10 13 0.026934529 
104 348 10 13 0.026916055 
176 245 8 9 0.026665673 
167 240 8 10 0.026644036 
345 247 8 10 0.02662575 
247 280 8 10 0.02658911 
21 374 10 15 0.026528653 
183 269 8 10 0.026523562 
202 232 6 8 0.026396547 
39 335 9 12 0.02639309 
274 246 7 9 0.026361415 
365 284 10 11 0.026258877 
87 269 7 10 0.026229162 
422 245 9 12 0.026199097 
391 299 11 14 0.026148198 
173 281 19 23 0.026062803 
307 332 13 17 0.026037034 
312 295 11 14 0.026021112 
199 270 9 10 0.02599699 
176 338 20 23 0.025901206 
703 232 10 10 0.02587084 
190 319 9 11 0.025838345 
345 307 12 15 0.02582056 
367 225 8 10 0.025692265 
320 240 8 9 0.025683634 
121 241 7 8 0.025614783 
646 276 12 14 0.02555487 
598 237 8 11 0.025381053 
216 294 9 12 0.025230236 
258 270 8 11 0.025157362 
269 294 22 25 0.025139455 
40 280 8 11 0.025114527 
391 329 13 16 0.025026143 
598 269 8 10 0.025020717 
218 273 8 11 0.02496009 
106 322 11 15 0.024897035 
535 37 10 14 0.024876783 
391 246 9 12 0.024820961 
206 287 8 10 0.024808554 
707 286 10 13 0.02473059 
425 279 19 22 0.024665654 
540 285 12 14 0.024658404 
135 388 13 16 0.02465268 
87 279 8 11 0.024597555 
180 290 9 13 0.024548046 
87 318 9 12 0.024522027 
278 244 7 10 0.024455162 
94 302 8 10 0.02430517 
285 286 9 11 0.024292044 
72 316 9 12 0.024272699 
461 223 10 11 0.02421998 
312 251 9 11 0.024188256 
111 275 8 11 0.02416503 
125 361 14 16 0.02414875 
57 351 9 12 0.02414469 
361 231 9 10 0.024102742 
380 321 13 16 0.024073856 
229 335 22 27 0.024000445 
661 200 106 114 0.023953004 
465 245 9 12 0.023815311 
718 246 10 12 0.023811143 
94 274 18 23 0.023755932 
146 246 7 8 0.023731349 
355 309 12 16 0.02371521 
572 263 10 12 0.023661552 
120 247 8 9 0.023622895 
30 381 11 17 0.023550952 
507 267 10 15 0.023532845 
96 254 7 9 0.023497228 
149 271 8 11 0.023486355 
128 246 7 10 0.02346847 
31 336 10 13 0.023468297 
574 268 10 14 0.023428975 
489 303 10 14 0.02342667 
715 238 11 11 0.023407819 
597 28 10 12 0.023406116 
135 241 7 8 0.023327217 
128 241 7 8 0.023319742 
182 301 9 13 0.023290228 
239 262 7 9 0.023208871 
263 302 13 19 0.023195183 
178 232 7 9 0.023186143 
125 350 20 24 0.023069413 
238 315 12 15 0.023061581 
334 287 9 12 0.022917878 
162 331 11 15 0.022874957 
629 365 14 17 0.022854619 
494 253 12 17 0.022846803 
280 262 7 9 0.02283132 
206 334 10 13 0.022760147 
216 241 7 8 0.022756625 
431 227 10 12 0.022755995 
892 328 14 18 0.02274977 
542 278 10 12 0.022709776 
167 292 9 12 0.0226825 
357 299 12 16 0.022603435 
264 240 7 9 0.022588884 
39 310 8 9 0.022556534 
511 229 11 13 0.022544665 
581 288 11 14 0.022494275 
537 248 8 10 0.022409514 
294 287 8 11 0.022404168 
471 268 10 13 0.02234199 
306 311 20 24 0.022338834 
609 262 10 11 0.022326114 
529 88 33 53 0.02232519 
183 224 7 8 0.02232417 
245 271 9 10 0.022264283 
221 287 9 11 0.022238865 
336 292 9 12 0.02222253 
361 283 10 11 0.022216117 
41 268 8 12 0.02216876 
209 257 8 9 0.022167053 
345 230 8 10 0.022149708 
563 52 13 17 0.022112569 
273 241 8 9 0.022041496 
296 247 8 10 0.02203327 
274 254 7 9 0.02203245 
636 335 29 36 0.02202511 
84 349 10 12 0.021976769 
489 295 10 12 0.021965757 
485 251 12 15 0.021953464 
735 292 9 11 0.021948077 
199 310 9 11 0.02192232 
471 284 10 15 0.021910617 
225 240 6 9 0.021858063 
770 203 96 130 0.021845724 
346 239 7 10 0.021803213 
688 302 9 11 0.021763066 
510 33 9 12 0.02162672 
233 245 8 10 0.02159462 
342 223 8 10 0.02159053 
102 341 10 13 0.021534968 
688 335 24 29 0.021524379 
679 263 7 9 0.021501113 
535 266 10 14 0.021479988 
87 256 8 9 0.021377454 
142 351 19 25 0.021365352 
395 222 9 10 0.021138677 
397 268 11 14 0.021041028 
205 300 10 13 0.021028696 
704 279 10 13 0.020965992 
141 385 13 17 0.020962223 
30 293 8 11 0.020937508 
527 39 10 13 0.020807875 
671 270 8 10 0.020718368 
79 272 7 9 0.020717038 
652 291 10 12 0.020688552 
407 229 11 13 0.020688431 
88 296 7 9 0.020654941 
239 256 8 10 0.020634027 
159 293 9 10 0.02054734 
575 276 10 13 0.020498749 
732 217 98 111 0.02049464 
594 249 9 11 0.020480478 
626 261 11 13 0.020475361 
533 50 23 28 0.02046671 
263 275 10 13 0.020463938 
696 259 10 11 0.02043032 
129 230 7 9 0.020310296 
661 271 10 11 0.020309085 
456 224 10 12 0.020283565 
177 223 7 8 0.020273263 
126 339 12 17 0.02026935 
343 287 9 12 0.020257685 
317 328 15 20 0.020218864 
36 357 8 13 0.020214306 
485 247 10 12 0.020189162 
126 287 9 11 0.020170404 
334 277 8 11 0.020151973 
600 40 11 13 0.020128528 
257 248 8 9 0.020123271 
253 316 12 14 0.020115541 
559 249 8 11 0.020056613 
574 286 11 14 0.020043148 
