21_Festival_Festival_21_193
989
204 438 35 48 0.99027073 
714 459 22 38 0.9189703 
629 440 21 34 0.8922987 
816 429 20 29 0.82438123 
44 501 46 67 0.8173979 
206 382 15 22 0.7277712 
394 458 19 36 0.69347674 
377 409 15 21 0.64790016 
333 407 17 22 0.55920815 
171 392 15 22 0.53385836 
746 373 10 13 0.5004097 
236 411 20 27 0.4614293 
433 468 31 43 0.45616767 
361 374 9 12 0.43986797 
398 370 13 15 0.43479997 
599 386 12 15 0.4195011 
955 436 26 35 0.40209994 
341 365 10 13 0.37102714 
35 382 16 19 0.3672458 
326 341 9 11 0.3618199 
262 480 42 53 0.3610882 
734 359 8 10 0.33875751 
741 404 10 15 0.3167047 
974 368 10 12 0.30148983 
537 418 15 17 0.29254445 
817 374 9 11 0.29108322 
277 347 9 11 0.28314966 
303 360 9 12 0.28295496 
375 368 9 12 0.27337205 
505 348 8 11 0.2725299 
736 198 9 12 0.2694737 
360 359 9 12 0.2676172 
813 397 13 16 0.26170594 
342 351 8 10 0.26089057 
791 385 9 11 0.26035547 
340 461 24 25 0.25425678 
558 359 8 11 0.2518569 
676 375 12 14 0.24730635 
530 401 14 20 0.23633802 
531 412 14 18 0.22717921 
254 350 9 10 0.22601674 
132 380 13 19 0.22577432 
189 350 9 11 0.22527292 
48 422 23 37 0.222458 
271 328 10 13 0.21526064 
857 426 20 30 0.21427476 
183 398 20 27 0.21254978 
658 375 9 12 0.21191174 
103 373 12 17 0.2110329 
367 351 8 10 0.21038598 
230 395 15 19 0.20527068 
932 514 29 55 0.20164476 
844 372 10 13 0.20117338 
831 354 10 13 0.19863704 
216 360 10 12 0.19771957 
598 365 8 11 0.19392233 
671 361 8 10 0.1929031 
3 368 21 30 0.18803304 
50 336 15 18 0.18561633 
993 404 16 21 0.18464197 
467 381 15 17 0.18081614 
765 381 10 12 0.18052442 
572 388 12 16 0.17980091 
776 378 10 12 0.17876816 
690 419 13 20 0.17688446 
840 451 27 36 0.17097257 
943 379 13 15 0.16957796 
336 351 9 10 0.16750044 
660 380 10 13 0.16716965 
797 411 14 17 0.16607347 
312 386 11 15 0.16546702 
903 390 10 13 0.16467537 
468 432 21 26 0.16189966 
351 343 8 11 0.16184403 
385 347 9 11 0.16163647 
233 402 17 22 0.15971436 
5 360 17 21 0.15747939 
870 375 12 13 0.15590043 
638 388 14 17 0.15531512 
461 366 9 11 0.1549465 
279 375 11 15 0.15467279 
261 365 10 13 0.1537963 
918 390 12 15 0.1515734 
73 322 15 17 0.15081957 
174 359 11 14 0.15060996 
854 392 11 15 0.14832835 
673 379 11 14 0.14805792 
390 347 9 11 0.147454 
295 343 11 12 0.14728138 
462 361 8 10 0.14705463 
359 364 10 12 0.14606538 
636 436 15 25 0.14513913 
439 359 8 11 0.14382942 
260 343 9 11 0.14331037 
565 387 14 16 0.14172879 
945 449 39 49 0.14078371 
686 357 9 11 0.1407375 
376 390 10 12 0.14045286 
687 561 60 87 0.13986059 
448 350 7 9 0.13888992 
807 372 8 10 0.1386988 
569 351 8 9 0.13814893 
701 375 8 11 0.1376729 
237 349 9 10 0.1367221 
678 398 12 14 0.13655983 
200 336 8 10 0.13577336 
612 416 16 19 0.13479657 
437 373 9 11 0.13302517 
502 395 9 12 0.13156323 
868 418 15 21 0.12921874 
609 364 10 12 0.1283762 
528 397 11 16 0.12820089 
18 427 24 32 0.12761971 
725 344 7 8 0.1265517 
328 382 9 12 0.12502465 
447 382 9 12 0.12407411 
958 349 10 12 0.12375655 
626 591 45 69 0.12345482 
417 353 8 8 0.12294658 
199 384 15 21 0.1222949 
341 373 11 13 0.122143395 
864 370 11 14 0.12203406 
749 367 10 12 0.121587396 
613 359 9 12 0.12125337 
447 363 8 11 0.12112208 
711 388 12 15 0.116597354 
190 344 10 11 0.116297044 
553 358 9 11 0.11606128 
456 372 10 13 0.11508403 
496 385 11 15 0.114973396 
240 359 9 11 0.114386596 
120 323 12 14 0.112641454 
584 365 11 13 0.112410605 
730 359 8 9 0.11161778 
192 328 7 9 0.111607805 
590 402 10 15 0.11099123 
694 398 8 13 0.10922105 
651 409 13 19 0.10835911 
14 515 37 46 0.10799431 
137 365 10 14 0.10794236 
630 409 14 19 0.106417626 
142 362 11 15 0.10640126 
216 349 8 10 0.10595004 
661 426 15 20 0.105893016 
277 332 10 12 0.10501883 
780 411 11 16 0.10465557 
178 394 15 22 0.10302359 
501 389 9 13 0.10294014 
583 384 9 12 0.102071054 
317 383 11 14 0.10175175 
255 355 11 14 0.10117458 
480 343 7 8 0.10099719 
927 381 9 11 0.100718856 
560 386 13 16 0.10061686 
248 408 17 24 0.10044244 
987 356 11 13 0.10024152 
213 326 8 9 0.099801876 
469 395 15 18 0.09973601 
256 345 10 12 0.09971469 
407 342 8 10 0.099230036 
404 367 10 12 0.09899938 
88 323 13 17 0.0980087 
939 388 15 18 0.097809784 
860 391 12 14 0.09748447 
301 343 9 11 0.0973598 
350 328 8 10 0.09691025 
711 384 10 13 0.096404925 
567 372 10 13 0.095674194 
697 378 9 12 0.0954683 
409 334 8 11 0.09534813 
1014 345 8 11 0.09507875 
712 613 70 69 0.09485061 
648 365 9 11 0.09475558 
847 433 24 31 0.094524644 
731 418 17 20 0.0941716 
310 334 8 10 0.093589626 
567 367 9 11 0.09264852 
267 386 13 17 0.09190431 
256 366 12 15 0.091746606 
234 329 9 10 0.09170541 
703 360 8 10 0.09032784 
173 348 10 12 0.08983079 
936 395 13 17 0.089715436 
815 454 30 34 0.08947019 
470 350 7 9 0.08928103 
220 412 16 22 0.08898805 
351 334 8 10 0.08884612 
239 364 10 12 0.08883821 
965 359 9 11 0.08842712 
675 425 17 18 0.08804972 
360 351 7 9 0.08785714 
254 371 13 16 0.087752126 
797 343 8 11 0.08756373 
640 381 11 13 0.087302074 
351 349 8 10 0.0868202 
504 365 8 11 0.08673433 
260 315 10 12 0.086687244 
54 362 16 18 0.08576302 
219 381 12 18 0.084785596 
537 394 15 18 0.08444478 
614 370 12 15 0.084277555 
452 396 10 14 0.08417307 
803 433 24 33 0.08371896 
259 371 14 18 0.083031304 
765 387 11 12 0.08270324 
980 408 16 21 0.08219493 
578 425 16 21 0.08176734 
181 380 12 15 0.08136841 
381 367 10 12 0.08061942 
960 358 10 12 0.080513835 
961 396 10 14 0.08040692 
734 411 14 18 0.08030496 
840 333 9 11 0.08021835 
225 334 9 11 0.07973447 
310 366 10 12 0.0791672 
159 327 9 11 0.07822027 
685 398 12 15 0.07817378 
875 607 39 53 0.07802772 
102 356 10 12 0.07748408 
235 388 14 17 0.07748179 
766 375 10 12 0.077174194 
29 428 25 33 0.077121556 
807 396 13 16 0.07706575 
249 371 11 15 0.07671972 
367 390 8 11 0.076633535 
519 361 8 9 0.07660889 
190 355 9 11 0.07631105 
574 382 12 14 0.07614177 
622 394 12 17 0.075850554 
364 379 10 13 0.075739525 
460 438 23 32 0.07558702 
367 335 8 9 0.07553967 
640 376 9 10 0.07551913 
401 345 7 10 0.075505406 
466 344 6 9 0.07547222 
417 357 9 11 0.07527267 
584 349 8 10 0.0752007 
963 418 15 18 0.07512181 
960 365 9 11 0.074048795 
445 388 12 16 0.07394652 
486 367 10 13 0.073919885 
918 400 16 18 0.07388222 
572 374 11 13 0.07387892 
536 357 8 9 0.07336655 
490 355 9 11 0.0732841 
293 261 11 13 0.07321354 
590 366 10 12 0.07308796 
788 441 17 24 0.072556525 
709 372 9 11 0.07255243 
633 356 8 11 0.072231844 
874 378 12 15 0.071984105 
845 367 11 13 0.071757704 
643 436 15 23 0.071675375 
843 378 13 18 0.071317315 
488 406 11 16 0.07116411 
490 427 16 24 0.070807554 
739 344 7 9 0.07079208 
698 476 30 39 0.07070293 
206 350 8 10 0.07058129 
590 384 10 12 0.07055422 
637 356 8 10 0.07042716 
167 362 10 14 0.07041776 
790 366 9 11 0.07030952 
800 372 10 12 0.07020934 
607 408 14 18 0.06993433 
285 372 10 13 0.06955541 
662 367 9 11 0.0694627 
478 366 10 12 0.069368824 
358 441 15 21 0.06920649 
650 359 8 11 0.0692054 
782 381 10 13 0.069096394 
327 395 11 15 0.0689752 
137 384 15 21 0.0689666 
190 391 21 28 0.06876866 
797 350 9 10 0.06851318 
71 340 12 14 0.068442136 
947 417 15 18 0.06833964 
78 348 13 16 0.068185486 
456 367 10 11 0.06817704 
300 394 12 15 0.06799094 
311 343 8 10 0.06787624 
650 499 28 44 0.06768064 
414 335 8 10 0.067068964 
819 395 11 15 0.06695934 
684 435 16 20 0.066774264 
981 511 43 74 0.06669561 
397 396 13 17 0.066353336 
605 383 10 13 0.06626735 
417 472 33 35 0.06622141 
375 345 7 9 0.06605404 
342 359 9 11 0.0660446 
374 380 12 14 0.06600534 
695 358 9 11 0.06536238 
471 376 11 12 0.0652237 
294 366 10 12 0.064549066 
966 329 7 8 0.064256765 
500 383 9 12 0.064171344 
701 380 9 11 0.06408756 
399 467 27 32 0.06399393 
346 327 8 10 0.06397865 
342 378 11 13 0.06376707 
816 378 12 15 0.06370806 
375 394 11 16 0.063587874 
421 366 8 10 0.06348339 
527 373 10 13 0.06291962 
35 433 33 40 0.062687255 
509 345 8 10 0.06263587 
456 360 8 10 0.06228631 
200 350 9 11 0.062134925 
484 429 15 23 0.06149804 
957 418 13 18 0.05999107 
398 377 12 15 0.059872944 
620 402 14 20 0.059832323 
686 413 14 20 0.05970127 
437 335 8 10 0.05946749 
408 327 8 9 0.059267532 
803 410 12 17 0.058551125 
963 426 16 22 0.058470916 
751 360 9 11 0.05843267 
812 421 15 21 0.05834403 
316 412 11 15 0.058323722 
455 345 7 9 0.058247544 
478 360 9 10 0.05819248 
962 333 8 10 0.0581747 
726 376 10 11 0.058139473 
727 351 8 9 0.058071483 
761 374 9 12 0.057807792 
863 326 10 12 0.057515506 
270 377 13 18 0.05679528 
543 500 22 36 0.056711983 
678 367 9 10 0.056699984 
725 379 13 15 0.056503788 
612 403 14 18 0.056423176 
165 333 9 12 0.056036796 
543 357 7 10 0.05599131 
625 512 25 36 0.055778775 
438 381 11 15 0.05575201 
393 372 10 13 0.055616245 
159 387 24 29 0.05548963 
589 425 14 20 0.05545067 
222 350 8 9 0.055439457 
104 350 11 13 0.055400636 
228 411 17 23 0.055050097 
289 296 8 12 0.055036254 
439 351 8 9 0.0549924 
640 445 22 33 0.054990787 
345 343 9 11 0.054821342 
289 367 10 12 0.054776255 
61 370 14 17 0.054694917 
782 343 8 10 0.05442385 
368 344 9 11 0.05437957 
621 371 11 14 0.054349795 
682 352 8 10 0.05414977 
361 317 9 10 0.053987958 
385 332 9 11 0.053927768 
896 413 10 14 0.053567477 
336 372 9 13 0.05343487 
365 358 8 11 0.05325746 
780 374 10 12 0.053093687 
776 335 7 9 0.05305477 
415 366 10 11 0.052620355 
528 367 9 11 0.05261138 
574 351 8 9 0.052339546 
720 406 10 16 0.052333657 
710 367 8 10 0.052251726 
764 447 15 22 0.052244216 
512 365 9 11 0.052122287 
900 413 12 15 0.051784523 
684 389 11 13 0.051751174 
733 397 13 16 0.051729456 
759 367 8 10 0.05167865 
757 404 12 15 0.05166292 
337 511 29 32 0.05151155 
354 456 16 22 0.051411092 
1012 371 10 15 0.05118048 
618 409 18 24 0.050617505 
274 344 10 12 0.050572168 
102 367 12 15 0.0502419 
289 342 8 11 0.050050724 
646 406 13 18 0.049912173 
684 381 10 13 0.0497891 
422 352 7 9 0.049782313 
282 379 12 16 0.049769297 
381 383 10 12 0.04965102 
584 360 8 10 0.049613655 
693 488 15 20 0.049558915 
968 366 10 12 0.049554963 
214 320 8 10 0.04936189 
722 345 7 9 0.049348358 
25 169 12 16 0.049185984 
52 345 15 17 0.04907317 
424 343 8 9 0.049061354 
740 424 14 18 0.04895175 
478 234 14 19 0.048918717 
785 386 11 15 0.04890509 
453 350 7 8 0.04844736 
438 364 10 12 0.048440542 
846 386 13 18 0.048260994 
109 365 12 15 0.048256803 
391 328 8 10 0.04821798 
517 364 9 12 0.048168678 
551 354 8 9 0.048140157 
395 411 12 17 0.0480843 
1007 350 10 12 0.048076306 
806 320 8 10 0.04806461 
438 386 14 17 0.0480611 
742 359 9 11 0.04799904 
184 334 8 10 0.047981337 
237 332 9 11 0.047960926 
431 343 8 10 0.047945954 
45 174 11 13 0.047689017 
796 389 12 13 0.04766803 
460 371 10 12 0.047212858 
908 389 13 15 0.047129124 
385 411 15 18 0.04711038 
700 483 14 20 0.047019597 
312 348 9 9 0.04696553 
497 479 21 31 0.04690056 
361 335 7 9 0.046857733 
956 426 15 22 0.0468411 
334 396 13 15 0.046714548 
528 391 9 13 0.04654575 
302 416 14 20 0.0465063 
454 402 11 16 0.04645556 
681 359 8 10 0.0463193 
713 350 8 9 0.046183404 
544 353 7 9 0.046111487 
374 350 8 10 0.046110053 
590 371 10 12 0.046093725 
775 404 13 17 0.046081703 
934 333 9 10 0.04601542 
206 343 8 10 0.04601125 
773 368 10 11 0.04594199 
305 286 10 13 0.04591698 
726 387 14 17 0.0459037 
738 490 29 40 0.04580335 
380 394 15 19 0.04578244 
728 365 9 9 0.045777258 
246 365 11 15 0.04570769 
98 423 18 23 0.045668967 
317 254 9 12 0.04566236 
719 360 7 9 0.045592748 
937 397 20 25 0.045513865 
61 419 22 35 0.045296393 
278 409 13 19 0.045280572 
495 374 7 9 0.045256637 
652 442 15 20 0.045236737 
630 382 9 13 0.04515954 
777 343 7 10 0.04513502 
624 382 11 13 0.045076326 
773 416 16 21 0.045048434 
246 358 9 13 0.044954788 
212 416 19 21 0.04485706 
967 350 9 11 0.044751022 
40 352 10 12 0.044552308 
550 374 8 11 0.044510253 
407 391 9 14 0.044366922 
398 349 9 9 0.04436008 
19 314 13 20 0.043848705 
69 175 9 11 0.043814164 
438 344 8 9 0.043624345 
719 469 28 34 0.04358143 
560 364 9 11 0.043390457 
330 349 9 10 0.043291442 
632 367 7 10 0.043234088 
756 435 15 21 0.043200392 
420 381 11 15 0.0431119 
318 365 11 13 0.04289113 
671 173 9 12 0.0427289 
529 351 7 10 0.042684227 
635 404 15 19 0.04267876 
268 393 12 16 0.04264206 
599 348 9 11 0.042637706 
400 360 9 10 0.04263091 
661 394 13 16 0.042522173 
310 371 11 13 0.042502746 
871 411 14 20 0.04244886 
449 345 8 9 0.04238877 
718 349 8 9 0.04236955 
284 388 11 14 0.042357843 
287 336 8 10 0.042352848 
322 335 8 11 0.04232592 
236 488 47 59 0.042294066 
390 394 15 19 0.04228535 
157 363 12 16 0.042155277 
92 420 14 20 0.042081427 
312 406 10 15 0.042064317 
577 203 10 13 0.04202124 
140 346 12 15 0.041942615 
796 384 10 11 0.041750576 
128 382 21 29 0.041645743 
270 470 33 39 0.041399106 
45 347 13 17 0.041369718 
330 396 21 26 0.041130316 
75 331 13 15 0.041076172 
534 391 12 15 0.041012075 
474 385 15 19 0.04100564 
808 466 29 33 0.0409351 
358 344 8 10 0.04091568 
670 387 12 16 0.040891588 
332 380 12 14 0.04079648 
243 413 24 32 0.04075871 
526 381 10 12 0.04058822 
668 433 14 18 0.04058176 
703 366 9 10 0.040372618 
968 434 18 24 0.040307794 
339 398 14 15 0.04026078 
215 375 12 15 0.040245604 
20 440 34 39 0.04020477 
57 356 15 18 0.040196463 
183 343 9 12 0.040156104 
661 350 8 9 0.040097255 
677 388 14 16 0.0399245 
168 342 9 13 0.039507538 
945 523 41 59 0.039338574 
192 403 18 24 0.039328936 
993 414 22 27 0.0392453 
573 367 9 11 0.03911212 
391 366 9 12 0.03906768 
836 357 11 12 0.03896674 
677 174 10 12 0.038950168 
472 365 9 11 0.038856365 
583 371 12 13 0.03880037 
884 393 13 18 0.038598977 
1013 411 10 15 0.03829341 
871 405 13 16 0.03827074 
246 334 8 10 0.038247235 
682 533 53 77 0.03819876 
757 360 8 11 0.038119256 
189 389 12 17 0.03806232 
725 404 13 17 0.038029283 
232 357 10 12 0.037881285 
429 396 14 19 0.037729498 
11 313 15 22 0.037417002 
433 336 8 9 0.037377156 
353 359 8 11 0.037327133 
415 342 7 9 0.037301548 
421 373 9 12 0.037124075 
0 378 13 21 0.03707333 
1002 411 15 17 0.037018728 
687 364 9 10 0.03699065 
598 402 13 18 0.03690367 
303 291 12 15 0.036838613 
149 361 14 18 0.03682496 
953 350 7 11 0.036760196 
317 373 12 13 0.03667681 
322 341 8 11 0.036507774 
126 338 10 13 0.03650572 
414 388 11 14 0.03650572 
510 373 10 12 0.036490176 
800 357 9 11 0.036476996 
542 365 9 11 0.03643665 
405 403 11 15 0.036407594 
731 482 27 38 0.036357827 
62 338 11 16 0.036263857 
303 370 12 15 0.036200855 
851 418 17 22 0.035984356 
1005 364 12 15 0.035902087 
475 402 16 18 0.035851113 
935 381 10 13 0.035778876 
933 453 27 37 0.03575819 
861 420 16 23 0.035752118 
363 434 15 21 0.035653967 
433 352 8 9 0.035613324 
326 365 9 12 0.035607368 
756 428 13 18 0.035581063 
774 349 9 12 0.035573207 
542 376 10 10 0.035492044 
279 441 26 32 0.03547189 
69 333 22 26 0.035438348 
727 339 8 9 0.035390962 
588 441 15 26 0.035373215 
946 386 14 16 0.035353776 
327 405 14 19 0.035338655 
944 367 8 10 0.03527237 
996 443 27 35 0.035162184 
606 350 8 9 0.035152372 
934 364 10 11 0.03515183 
337 357 10 12 0.03500294 
749 403 11 16 0.034966998 
962 328 7 10 0.034897693 
793 343 8 10 0.034892093 
27 501 36 56 0.034886383 
573 486 22 28 0.03486952 
952 359 8 10 0.03485403 
248 496 58 72 0.034814898 
923 410 14 17 0.0347466 
1009 345 9 11 0.034694664 
477 471 16 22 0.03463658 
660 411 13 17 0.034443706 
238 344 9 12 0.03427317 
710 455 16 30 0.034272175 
0 126 24 36 0.034243796 
328 376 10 12 0.03421284 
896 389 11 15 0.034154605 
369 329 8 10 0.034133926 
88 311 20 28 0.03408446 
711 360 8 9 0.03404633 
696 367 8 10 0.033989135 
979 372 11 13 0.033915747 
671 395 12 16 0.03356141 
388 403 15 19 0.03354733 
438 328 8 9 0.033538688 
652 457 17 25 0.033527337 
735 352 9 10 0.033488866 
327 386 11 15 0.033470027 
1004 356 12 15 0.03346979 
878 365 9 11 0.03342189 
739 444 16 20 0.03341527 
534 366 9 11 0.033361986 
705 352 7 9 0.03330812 
668 420 16 20 0.033205934 
409 320 8 10 0.03306187 
421 387 11 15 0.03306005 
791 373 10 12 0.032873064 
651 412 20 26 0.032851547 
638 428 13 18 0.032738075 
51 368 16 18 0.032727707 
737 228 11 15 0.03259651 
753 469 31 39 0.03257333 
790 416 14 18 0.032525256 
638 368 9 10 0.032502063 
503 375 9 10 0.032448407 
108 358 11 12 0.032441154 
799 394 13 18 0.03242306 
382 360 10 11 0.03219688 
66 378 14 18 0.032023713 
894 428 12 16 0.032003224 
208 357 9 13 0.031940382 
306 252 10 12 0.031915512 
199 320 8 10 0.03190663 
153 325 10 11 0.031790078 
208 423 28 34 0.03177691 
818 401 15 18 0.031766903 
868 367 11 13 0.031721316 
911 335 9 10 0.031671707 
815 369 9 11 0.031608228 
671 402 13 17 0.031454206 
806 358 9 11 0.031431008 
265 326 10 12 0.031396896 
69 365 14 17 0.031396218 
375 327 8 10 0.031343825 
655 395 12 16 0.03132315 
471 345 6 9 0.03131083 
51 417 16 25 0.03128611 
376 360 8 10 0.031204851 
276 453 30 37 0.031195167 
624 358 9 11 0.031191418 
921 385 9 11 0.031189244 
893 374 11 13 0.031155597 
338 442 16 20 0.031151684 
927 343 9 10 0.031052077 
541 380 11 13 0.031039713 
270 439 24 26 0.030935677 
646 375 8 10 0.030868327 
869 387 12 16 0.030643575 
223 405 14 18 0.030616727 
900 463 27 33 0.030597448 
345 334 9 11 0.03058739 
977 447 18 23 0.030539643 
431 193 13 17 0.030527405 
613 379 11 14 0.030526942 
368 406 19 25 0.030496752 
735 375 9 11 0.030476077 
339 451 17 20 0.030432893 
995 500 27 54 0.030376341 
536 380 10 13 0.030207684 
199 357 9 11 0.030169168 
318 351 8 9 0.030161804 
560 354 8 10 0.030114152 
988 411 17 24 0.030108286 
850 399 22 27 0.030025406 
743 369 17 22 0.029978475 
748 426 13 18 0.029860439 
695 353 8 10 0.029856272 
442 478 18 26 0.02970254 
863 378 13 16 0.029632326 
597 394 14 17 0.029538227 
279 384 12 17 0.029499011 
854 364 11 15 0.029447535 
361 388 11 13 0.029441327 
707 480 15 22 0.029437749 
351 319 8 10 0.029425845 
583 397 12 16 0.029415859 
832 439 28 31 0.029392792 
30 444 46 59 0.029391048 
77 364 14 17 0.029387299 
952 365 8 10 0.029369798 
664 359 9 11 0.0293555 
175 380 13 17 0.029273206 
960 317 7 9 0.029173158 
912 515 41 65 0.029164476 
668 412 15 18 0.029084401 
923 449 23 29 0.029075393 
944 351 9 10 0.029073523 
336 359 19 24 0.028995745 
287 326 9 11 0.028945701 
391 380 11 13 0.02880823 
507 431 17 24 0.028781787 
968 444 19 26 0.028770229 
328 269 8 11 0.028750304 
888 380 9 12 0.028740415 
595 420 13 19 0.028654214 
709 409 14 18 0.028599333 
959 391 11 14 0.02859176 
629 394 13 17 0.028591657 
236 370 13 17 0.0285184 
82 420 23 31 0.028514361 
974 348 8 11 0.028502464 
529 357 7 10 0.028287834 
769 350 9 11 0.028282788 
367 395 10 13 0.028273689 
85 366 11 14 0.028210867 
943 343 9 11 0.028184932 
287 359 10 12 0.028065694 
120 608 33 43 0.028044708 
593 361 8 10 0.027988791 
303 381 10 13 0.027973387 
312 253 9 12 0.027915481 
687 344 8 8 0.02790311 
790 483 28 39 0.027862318 
740 235 9 12 0.027809901 
817 440 28 34 0.027795011 
351 374 9 12 0.02766182 
398 389 13 17 0.027601577 
367 501 23 31 0.027595818 
224 329 8 11 0.027552083 
275 496 37 47 0.027450696 
423 396 11 16 0.027386928 
437 415 15 22 0.02735953 
751 352 9 10 0.027359035 
236 381 14 16 0.027273024 
765 403 13 16 0.027254282 
155 396 19 21 0.027207086 
959 371 10 12 0.027155386 
136 342 22 26 0.027129784 
655 367 9 11 0.02708658 
969 410 21 25 0.027076839 
413 396 11 14 0.027060337 
53 326 11 16 0.027053507 
690 440 15 20 0.026952853 
509 380 13 15 0.026941344 
675 412 16 20 0.026882026 
451 378 12 15 0.026872396 
45 372 16 18 0.026850857 
767 367 10 12 0.026787287 
554 519 27 36 0.026782341 
940 410 18 20 0.026778067 
499 430 17 24 0.026724495 
615 352 8 10 0.026688948 
548 396 11 16 0.026688155 
297 360 10 11 0.026685175 
704 484 33 46 0.026679646 
457 336 6 8 0.026662813 
325 415 15 21 0.026642116 
264 332 10 13 0.026595319 
535 375 9 11 0.026581692 
785 357 9 11 0.026552018 
258 253 10 12 0.026545394 
65 311 22 30 0.026539097 
643 395 12 16 0.026524698 
136 357 11 14 0.026488954 
40 466 50 76 0.026472636 
790 358 9 11 0.026332015 
303 280 9 12 0.026330218 
488 342 7 9 0.026312744 
224 318 9 10 0.026194135 
477 372 10 12 0.026114292 
406 359 9 10 0.026101485 
624 350 9 12 0.026101122 
705 343 8 9 0.026077721 
941 423 16 19 0.026053086 
356 505 28 33 0.02593446 
678 195 12 15 0.025895724 
975 343 9 11 0.02587929 
743 351 8 10 0.025872279 
319 324 9 12 0.025870826 
186 329 9 11 0.025838051 
351 364 9 12 0.025762396 
15 223 10 11 0.025651904 
376 319 8 9 0.02562173 
444 456 25 40 0.025605865 
121 329 21 26 0.025594374 
635 507 26 41 0.02553875 
868 396 13 17 0.025524452 
782 397 10 14 0.025488157 
675 433 18 20 0.025442839 
779 466 16 19 0.025439989 
448 336 7 8 0.025437064 
60 348 12 16 0.025376463 
845 427 17 21 0.025344193 
474 448 16 20 0.025332758 
260 374 20 24 0.025328547 
368 444 21 34 0.025206897 
800 566 53 80 0.025201447 
84 379 15 19 0.02516984 
136 340 11 16 0.025110668 
772 385 14 16 0.02509587 
609 370 11 15 0.025076939 
960 313 7 9 0.025066413 
894 381 10 13 0.025063783 
774 358 8 11 0.0250424 
784 423 23 27 0.025037227 
2 520 37 54 0.025018254 
732 379 10 14 0.024997076 
673 334 8 10 0.024974694 
326 235 9 12 0.024944147 
985 353 10 11 0.024884773 
315 408 18 26 0.0248802 
1002 351 9 11 0.024876487 
641 343 8 10 0.02487483 
780 444 20 29 0.024873706 
834 333 9 11 0.024837876 
183 357 10 12 0.024795601 
630 373 9 12 0.024731375 
747 432 20 26 0.024730986 
704 388 11 14 0.024720656 
623 446 17 26 0.02470309 
809 345 8 10 0.024639532 
397 418 13 16 0.024633003 
294 395 13 15 0.02463054 
439 422 23 30 0.024542324 
718 383 10 13 0.024436705 
991 343 8 10 0.02442572 
248 343 8 11 0.02442502 
495 394 12 16 0.02432011 
544 205 10 14 0.024302674 
463 396 13 17 0.024239993 
1011 355 12 16 0.024227083 
1012 379 11 15 0.024195673 
972 463 31 36 0.024183586 
781 424 13 18 0.024166927 
367 318 9 11 0.024162326 
802 318 8 11 0.024127964 
766 412 14 16 0.024122762 
723 441 15 19 0.024119431 
296 267 10 12 0.024092682 
84 373 12 15 0.02408709 
854 391 21 24 0.024081197 
541 211 12 15 0.02405212 
-4 492 47 67 0.024038848 
517 388 12 13 0.023853352 
946 422 21 27 0.023848368 
860 452 27 37 0.023821913 
464 337 7 8 0.023786826 
782 349 9 11 0.02378606 
424 454 27 41 0.023769375 
799 337 9 10 0.0237121 
407 349 8 10 0.023681311 
191 334 9 11 0.023650452 
838 383 14 19 0.023594808 
876 387 14 19 0.02353982 
784 367 9 11 0.023531478 
646 427 12 18 0.02352751 
535 491 24 36 0.023493854 
737 337 7 10 0.0234859 
744 337 7 10 0.023447776 
999 456 27 40 0.02343136 
605 423 16 21 0.02342454 
432 381 10 14 0.02333503 
549 380 11 14 0.023294711 
206 375 12 16 0.023278587 
919 333 8 10 0.023275018 
635 415 16 19 0.023266204 
911 441 26 31 0.023259105 
19 356 12 16 0.023257893 
300 269 10 11 0.023246147 
206 335 9 11 0.023209648 
79 377 13 18 0.023179514 
652 424 21 26 0.02317655 
367 366 9 12 0.02315232 
180 365 11 13 0.023119321 
44 431 19 25 0.023101231 
71 154 10 14 0.023081833 
308 425 13 19 0.023031117 
140 370 14 18 0.023022624 
45 326 12 13 0.023019498 
290 435 18 22 0.023008222 
550 452 22 28 0.02297751 
494 367 9 12 0.022936268 
335 318 8 11 0.02293569 
148 339 13 16 0.022908203 
783 337 7 9 0.022903154 
836 351 10 13 0.02285283 
686 483 15 19 0.022781331 
973 382 13 15 0.022771318 
588 398 18 25 0.022729164 
232 343 9 12 0.022697939 
712 345 8 10 0.022649216 
784 435 13 18 0.022574896 
859 410 14 19 0.022571772 
814 343 8 11 0.022543522 
317 393 12 16 0.022522077 
269 367 10 12 0.022506494 
80 321 22 27 0.022504406 
725 409 20 26 0.02246595 
809 325 8 11 0.0224654 
654 351 9 10 0.022456123 
296 422 21 29 0.022430563 
250 349 8 12 0.022423321 
790 405 12 17 0.022380378 
643 556 78 105 0.022368165 
549 387 12 17 0.02227908 
125 62 13 16 0.022245556 
654 369 18 22 0.022170579 
592 359 19 24 0.022144586 
566 358 9 11 0.022130258 
300 354 18 23 0.022113744 
911 401 11 16 0.022091212 
357 353 19 24 0.022030318 
338 434 15 19 0.021980619 
957 401 12 16 0.021964509 
305 336 8 9 0.021947099 
787 452 18 24 0.021932924 
86 413 13 19 0.021887226 
719 365 8 10 0.021864578 
239 474 34 41 0.021857033 
853 381 11 15 0.021841655 
269 411 14 21 0.021765733 
569 346 8 9 0.021651844 
982 397 12 16 0.021636574 
150 392 16 21 0.021520616 
361 447 15 25 0.02151318 
814 327 8 10 0.021475453 
934 341 10 11 0.021445084 
318 359 10 12 0.021406721 
389 448 16 29 0.021374272 
447 375 10 12 0.021372419 
291 299 11 14 0.021366104 
730 352 18 24 0.021357875 
244 397 12 17 0.02135452 
877 395 20 27 0.02135252 
578 492 23 35 0.021339245 
0 334 11 15 0.02133289 
78 154 13 18 0.021313258 
430 387 13 16 0.021295678 
309 359 10 13 0.021253277 
419 441 24 34 0.021246029 
558 393 13 17 0.02119848 
751 345 7 8 0.02114968 
254 396 13 17 0.02114728 
945 356 9 12 0.021127967 
458 354 20 23 0.021116896 
561 373 10 13 0.021099353 
900 403 13 17 0.021030799 
448 425 22 32 0.020975998 
79 251 11 15 0.020948166 
810 479 18 22 0.020939004 
893 419 14 18 0.020929838 
257 463 35 40 0.020868288 
11 350 14 16 0.020828672 
485 387 11 16 0.020825448 
737 480 17 22 0.020825442 
56 341 21 27 0.02081076 
197 406 24 28 0.020791195 
73 508 31 43 0.02077269 
197 365 11 13 0.02077082 
996 427 24 35 0.020762885 
415 373 11 13 0.020737337 
495 342 8 10 0.020701887 
317 434 15 17 0.02068247 
95 364 10 14 0.020677792 
237 455 16 22 0.020661715 
574 430 16 23 0.020626903 
209 364 10 13 0.020566544 
792 434 19 24 0.02055032 
689 475 24 32 0.020537384 
531 245 13 14 0.02053148 
123 397 17 21 0.02051735 
432 328 9 9 0.020501677 
223 343 9 11 0.020459222 
773 327 8 10 0.020402273 
958 466 36 40 0.020257851 
510 388 12 14 0.020254143 
701 394 12 16 0.020252269 
47 364 15 18 0.02024654 
446 570 49 63 0.020209905 
20 383 14 20 0.02019603 
399 399 19 26 0.020191837 
593 349 9 10 0.020167176 
10 371 23 30 0.020134738 
50 377 15 18 0.020100782 
831 363 10 12 0.020058446 
725 423 16 20 0.020057293 
282 427 17 19 0.020056272 
677 335 8 9 0.020040343 
708 385 19 24 0.020026913 
230 319 9 11 0.020024301 
580 448 24 30 0.02001357 
