21_Festival_Festival_21_660
409
400 351 334 447 0.9985649 
382 0 35 33 0.37014654 
316 15 17 18 0.3046281 
219 87 15 18 0.2629696 
274 41 18 21 0.222833 
300 173 12 13 0.19560084 
20 122 12 17 0.18519868 
143 577 14 17 0.17953783 
302 253 12 14 0.17568938 
25 612 18 22 0.17242107 
85 212 11 14 0.16188987 
332 379 13 15 0.15257499 
160 317 10 14 0.13399126 
824 496 30 32 0.13386224 
5 539 16 19 0.13325277 
119 641 14 18 0.1288195 
1 171 10 15 0.12656184 
110 147 17 21 0.12509653 
88 605 11 14 0.12084862 
220 140 12 16 0.11876285 
261 51 14 18 0.11539051 
283 249 14 16 0.114412144 
257 975 26 29 0.111375585 
543 354 326 465 0.11100957 
174 553 15 18 0.107692525 
370 5 33 36 0.09884328 
72 651 12 19 0.09827944 
622 12 11 12 0.09565323 
238 242 11 15 0.09504574 
317 643 14 15 0.09448119 
158 559 10 12 0.0928888 
284 92 13 16 0.09146064 
154 671 8 11 0.08816284 
196 606 9 12 0.0881314 
258 54 23 27 0.08433424 
152 564 10 12 0.07830283 
301 3 16 17 0.07730713 
1 633 16 22 0.07718206 
60 566 13 16 0.07697064 
218 128 14 20 0.07686242 
39 182 10 14 0.073297724 
299 628 15 19 0.072715476 
230 567 10 13 0.07095492 
293 275 10 13 0.070823625 
41 249 13 16 0.07017766 
143 511 11 12 0.068742186 
3 167 10 13 0.06780747 
267 102 15 18 0.06746158 
76 449 12 14 0.06622237 
1 110 9 14 0.065609016 
262 373 13 16 0.0651427 
179 277 17 20 0.06430737 
278 94 15 18 0.0639959 
324 81 11 14 0.062092163 
71 626 16 20 0.062090073 
268 221 12 14 0.061376914 
102 730 16 20 0.060229577 
73 114 14 18 0.05824527 
17 402 10 13 0.058081448 
293 170 22 25 0.057937786 
171 668 13 17 0.057885494 
145 114 9 12 0.057468817 
247 46 11 13 0.056304943 
147 587 15 19 0.05585918 
159 631 13 18 0.054660104 
248 9 10 11 0.05407301 
244 83 15 19 0.053568203 
151 515 11 13 0.053337537 
366 247 11 14 0.0526813 
102 556 12 12 0.052162513 
848 434 27 28 0.052126996 
309 1012 12 15 0.051501065 
326 201 12 16 0.05051887 
343 149 9 12 0.05029838 
174 542 11 13 0.050233193 
340 135 12 14 0.050166115 
243 33 14 17 0.050100833 
119 123 11 14 0.04943357 
1002 165 9 12 0.049312953 
45 673 17 18 0.049022198 
133 574 15 19 0.04848678 
2 115 13 18 0.048254132 
377 155 9 11 0.047849517 
168 121 12 15 0.0478313 
54 829 20 27 0.04735805 
141 651 13 15 0.047290716 
186 219 17 22 0.04644902 
21 161 13 18 0.046400122 
291 19 16 20 0.044451706 
207 612 9 11 0.04443963 
253 142 13 15 0.044292875 
26 250 13 16 0.044110443 
115 143 13 15 0.044110104 
214 614 9 12 0.04382682 
180 551 12 17 0.043706402 
12 609 12 17 0.04361018 
275 26 23 29 0.043603744 
109 603 14 17 0.043266475 
126 692 13 16 0.043000955 
109 652 13 15 0.04295763 
229 34 13 16 0.042720303 
310 11 16 19 0.041881472 
85 126 16 17 0.041865937 
161 646 21 27 0.041839324 
320 11 23 29 0.041392285 
344 686 25 29 0.04118687 
21 400 13 17 0.041155428 
1013 376 8 11 0.04060671 
226 122 15 19 0.040442888 
292 194 16 18 0.040014077 
162 738 14 17 0.039989363 
309 180 11 14 0.039963625 
360 424 12 17 0.039698422 
89 183 10 14 0.039616656 
271 38 14 18 0.03956251 
206 940 22 27 0.039269958 
284 24 17 20 0.039198224 
189 332 10 12 0.03885815 
342 467 12 16 0.038706504 
31 174 9 12 0.038407613 
126 211 10 14 0.0381799 
106 575 25 32 0.03753089 
43 646 29 33 0.037236106 
135 589 12 15 0.03715194 
281 428 10 12 0.036831573 
292 258 15 18 0.036755398 
45 254 14 18 0.036697593 
231 206 12 13 0.036371496 
291 87 13 17 0.036261074 
163 277 15 18 0.03618682 
9 603 21 28 0.03615605 
964 158 9 11 0.036101528 
294 249 13 17 0.035992134 
147 661 46 56 0.035817415 
254 986 26 31 0.03543857 
192 528 10 11 0.035395946 
176 588 9 12 0.035146475 
143 594 13 15 0.035138816 
301 276 12 16 0.035044756 
31 180 13 16 0.034990966 
29 519 10 12 0.034915514 
252 13 11 14 0.034853738 
294 13 13 17 0.034768652 
350 201 12 16 0.03470644 
169 550 9 12 0.034698848 
294 594 11 13 0.03432167 
184 652 12 16 0.03423577 
269 366 14 16 0.033944968 
157 309 14 17 0.033875685 
231 611 11 12 0.03382486 
326 97 10 15 0.0337696 
162 662 24 29 0.03342101 
326 1 14 13 0.03341675 
42 562 16 20 0.03334948 
316 365 14 17 0.03313936 
251 514 17 21 0.03309051 
166 557 11 14 0.032920353 
181 693 12 17 0.032840837 
252 208 14 18 0.032820497 
317 462 13 14 0.03276368 
316 5 17 17 0.03238193 
197 348 10 14 0.03227947 
295 669 39 51 0.03207296 
259 83 13 15 0.031943604 
29 769 23 32 0.031826504 
156 277 15 17 0.031784225 
262 366 12 15 0.031761322 
0 3 11 15 0.03149704 
332 167 10 12 0.031480476 
267 46 18 22 0.031471778 
149 180 13 15 0.031354204 
116 602 14 16 0.031242978 
354 195 13 17 0.031207977 
235 108 16 18 0.03116413 
133 631 13 17 0.031032015 
321 0 23 25 0.030981949 
1007 344 7 10 0.030907288 
309 91 15 21 0.03062327 
64 833 15 20 0.030579606 
276 364 14 17 0.030509742 
168 674 12 15 0.030331755 
143 566 10 13 0.030305384 
307 633 15 18 0.030229678 
104 604 11 14 0.030222358 
259 72 16 18 0.030163389 
214 124 13 20 0.030138738 
203 24 14 18 0.03001438 
649 333 415 525 0.029709987 
425 174 7 10 0.029676564 
93 461 13 15 0.029632026 
461 49 16 18 0.029576724 
362 251 12 15 0.029488686 
984 3 16 18 0.029419214 
396 707 18 21 0.029364824 
181 749 10 14 0.029324837 
191 20 10 14 0.029256737 
291 687 28 35 0.029192729 
1013 380 9 13 0.02917463 
286 364 12 14 0.029166719 
288 393 14 17 0.029098623 
284 189 12 17 0.029071232 
152 323 11 14 0.029039662 
284 82 22 27 0.029005075 
128 636 21 25 0.02890655 
245 18 15 18 0.028892437 
96 367 10 12 0.028863195 
287 268 12 15 0.028844206 
147 635 16 17 0.028819358 
238 141 11 13 0.028754808 
213 638 11 14 0.028637316 
122 187 14 18 0.028557798 
108 591 17 21 0.028508706 
328 170 11 13 0.028455708 
170 251 17 22 0.02829958 
213 990 26 32 0.02820283 
238 90 14 17 0.028175965 
44 183 10 12 0.028029155 
227 142 12 14 0.028023751 
307 145 14 16 0.028008323 
300 624 12 14 0.027995406 
245 351 11 13 0.027925806 
380 158 10 10 0.02790486 
284 259 15 18 0.027859043 
83 738 14 19 0.02771108 
55 620 11 14 0.027686253 
190 29 9 13 0.027676871 
72 585 15 17 0.027612431 
206 608 9 11 0.027543051 
0 123 9 15 0.027528305 
359 140 9 11 0.027361643 
225 35 11 14 0.027350422 
98 556 10 12 0.02732569 
1013 175 8 11 0.027232217 
284 173 12 15 0.027153734 
117 574 24 27 0.027134657 
222 170 12 18 0.026904574 
165 258 13 18 0.026753776 
255 364 12 15 0.026729222 
220 910 12 15 0.026641116 
977 166 10 12 0.02661925 
980 182 9 10 0.026594602 
328 375 13 15 0.026538068 
281 47 14 18 0.026479943 
315 1013 13 15 0.02646548 
175 397 14 15 0.02631892 
87 599 10 14 0.026172481 
79 206 14 17 0.026124252 
34 756 13 17 0.026089845 
39 63 12 14 0.026040746 
184 331 11 14 0.026039168 
234 120 17 20 0.026005188 
293 697 17 20 0.025863713 
966 78 12 13 0.025792813 
100 645 13 14 0.02576051 
375 143 10 12 0.025665233 
29 524 12 15 0.025557982 
156 596 13 15 0.025552543 
295 421 10 13 0.025376221 
935 241 10 12 0.0253723 
165 179 14 18 0.02536142 
179 581 12 15 0.025153387 
239 491 16 19 0.025098981 
187 278 13 15 0.025090551 
1007 18 11 14 0.025084946 
1001 343 8 9 0.025048997 
205 218 14 18 0.025022447 
178 557 16 20 0.025005866 
235 100 15 16 0.025005598 
247 204 15 18 0.024996182 
137 174 8 11 0.024987085 
296 83 23 30 0.024967082 
26 124 12 17 0.024877239 
60 597 13 17 0.024876405 
1001 293 9 10 0.024751168 
38 176 9 13 0.024742639 
270 251 15 18 0.02473415 
34 586 18 21 0.024638295 
242 299 12 14 0.02462732 
83 569 15 19 0.024480302 
156 341 13 15 0.024474008 
299 1013 22 27 0.02446844 
52 244 17 18 0.024462983 
309 84 11 15 0.024403432 
118 85 10 14 0.024329964 
105 563 11 14 0.024179805 
371 11 17 19 0.02414958 
251 84 14 17 0.024146916 
187 190 13 16 0.024017574 
104 597 12 14 0.023974545 
92 712 17 20 0.023915583 
225 84 14 19 0.023857906 
821 468 13 16 0.023826996 
223 559 12 14 0.023709143 
1010 375 8 10 0.02363864 
199 334 9 11 0.023562772 
253 46 10 13 0.023470903 
241 21 21 26 0.023454493 
122 597 14 16 0.023434868 
307 173 10 13 0.02342453 
308 2 14 12 0.023369009 
232 701 8 11 0.02331952 
164 323 13 16 0.023297723 
259 140 13 15 0.023292152 
149 305 14 18 0.023287842 
68 732 11 15 0.023277957 
172 214 14 18 0.023254974 
245 283 15 17 0.023140721 
148 297 14 18 0.023103712 
92 840 22 30 0.023011109 
268 149 16 20 0.02300593 
143 560 10 12 0.022993818 
164 562 13 17 0.02297252 
254 257 15 19 0.022969188 
92 599 11 13 0.022905873 
220 275 13 16 0.022901809 
185 42 107 121 0.02282182 
42 65 14 18 0.022731896 
78 121 13 16 0.022709396 
1001 205 8 11 0.022664135 
967 376 8 11 0.022633586 
156 675 11 14 0.022626959 
984 359 9 12 0.022616893 
179 668 12 15 0.022615025 
349 57 13 15 0.022604931 
148 650 13 16 0.022550985 
173 301 17 22 0.022547567 
16 165 12 16 0.02254424 
314 379 14 17 0.022544205 
274 346 21 28 0.022533322 
102 639 12 14 0.02250899 
255 371 13 17 0.022331657 
206 573 12 13 0.022294967 
141 642 16 19 0.022278847 
287 198 23 29 0.022235213 
184 548 15 18 0.02223505 
173 326 13 15 0.022198517 
423 195 13 18 0.022138 
131 531 376 469 0.022126509 
361 120 8 11 0.022118509 
165 598 11 14 0.022001801 
28 636 12 14 0.021995408 
448 131 13 16 0.021947337 
317 0 13 12 0.021941366 
326 277 13 16 0.021922745 
279 132 12 14 0.021915358 
244 129 14 18 0.021903703 
80 603 11 14 0.02186705 
34 611 15 19 0.021866137 
317 147 11 13 0.021864505 
141 289 15 20 0.021861441 
1006 88 9 11 0.02182792 
254 76 14 16 0.021804221 
1009 349 8 11 0.02176863 
238 250 13 17 0.021685598 
229 107 15 18 0.021663042 
251 966 41 48 0.021646334 
339 6 26 30 0.021607725 
277 267 14 17 0.02156658 
62 813 12 16 0.021559726 
1000 334 9 10 0.021538306 
104 650 22 27 0.021427691 
324 208 12 15 0.02134998 
142 590 25 29 0.021335565 
328 683 27 33 0.021316709 
91 183 16 20 0.021257183 
240 14 11 12 0.021248443 
253 355 13 15 0.021221288 
174 740 11 15 0.021181144 
160 261 12 15 0.021175392 
222 115 14 21 0.021131208 
1007 173 9 12 0.02109321 
238 343 10 13 0.021084478 
163 300 20 26 0.021083139 
526 31 9 12 0.021074338 
318 213 11 15 0.021061508 
284 178 13 19 0.0210424 
4 704 15 21 0.021016194 
345 204 12 13 0.020982774 
243 115 15 20 0.020962948 
286 479 12 14 0.020945828 
238 237 20 25 0.020919206 
43 586 13 17 0.020881504 
68 235 15 17 0.020872118 
406 108 11 12 0.020846022 
131 687 12 14 0.020768898 
45 603 15 20 0.020744354 
294 325 11 15 0.020731064 
212 53 11 14 0.02072085 
383 119 8 10 0.020717386 
5 555 15 18 0.020710308 
216 701 10 11 0.020694308 
105 141 12 15 0.020690685 
238 258 14 16 0.020666903 
246 930 24 26 0.020656321 
189 532 13 15 0.020602753 
386 199 18 22 0.020531094 
208 373 9 11 0.020525824 
149 339 12 14 0.020522675 
118 553 13 16 0.020482259 
336 151 10 13 0.020475227 
372 102 10 12 0.020369656 
36 560 16 19 0.02027383 
148 138 15 18 0.020174876 
337 685 43 50 0.02016382 
51 563 19 26 0.02014997 
0 158 8 14 0.020147467 
297 168 12 14 0.02013811 
198 671 10 13 0.020134075 
106 556 13 15 0.02005493 
