21_Festival_Festival_21_219
415
560 278 84 114 0.99159664 
769 363 11 14 0.43297416 
718 344 8 10 0.3125791 
788 359 11 13 0.2571903 
794 335 8 10 0.24855836 
839 350 10 12 0.20862594 
868 406 15 19 0.20235202 
807 359 10 12 0.19967028 
711 381 9 10 0.18477167 
807 334 9 10 0.176692 
768 340 11 14 0.17548718 
276 548 10 13 0.17220128 
12 559 9 10 0.16327281 
847 326 9 10 0.15153177 
838 242 11 14 0.14796887 
702 352 8 10 0.13417234 
832 351 10 12 0.13229929 
906 375 9 11 0.13140938 
718 348 9 11 0.12959959 
783 320 7 9 0.12784795 
294 563 10 13 0.12049486 
825 325 8 11 0.11975651 
317 540 8 10 0.11924247 
230 542 7 10 0.10974495 
706 380 8 11 0.109051116 
752 372 9 11 0.10891288 
822 302 8 10 0.1062154 
784 364 13 14 0.102393895 
774 182 8 10 0.10106629 
259 555 11 14 0.092722714 
831 320 7 9 0.091188475 
837 372 10 12 0.09115439 
800 169 12 15 0.09107502 
830 286 8 10 0.09093487 
797 335 9 11 0.090711765 
807 329 9 10 0.089102596 
753 342 10 11 0.088988654 
751 356 11 13 0.088551834 
806 342 11 13 0.08829504 
783 325 8 10 0.08795542 
812 349 11 13 0.08504966 
1012 316 10 14 0.084268175 
830 325 8 10 0.08211415 
806 349 12 14 0.08192595 
328 518 9 11 0.0800647 
734 166 10 13 0.080053605 
1014 278 8 11 0.079582654 
47 520 7 9 0.0756604 
841 296 7 10 0.07480995 
735 352 10 12 0.074684724 
982 271 9 10 0.07443936 
780 409 15 18 0.07431465 
807 318 8 9 0.07427592 
825 334 8 11 0.074211314 
272 544 9 12 0.07303266 
26 562 8 10 0.07286207 
798 403 13 17 0.07200958 
753 349 10 13 0.07188698 
145 544 8 11 0.0717263 
46 470 8 11 0.06954035 
792 328 8 10 0.068592764 
16 536 8 10 0.0683132 
785 371 11 12 0.06761494 
772 347 11 13 0.06750781 
334 524 8 10 0.06744325 
762 327 8 10 0.06733562 
823 349 9 12 0.06666169 
30 561 8 10 0.06600717 
765 326 9 9 0.065689206 
840 344 10 12 0.065577775 
703 357 8 10 0.064815 
889 279 8 9 0.06304321 
0 524 8 10 0.06288241 
788 409 14 17 0.062299516 
842 326 8 10 0.062165283 
777 318 8 10 0.0617218 
128 542 8 10 0.061711073 
698 350 9 11 0.061679874 
824 342 9 11 0.06120698 
792 319 8 10 0.06116472 
314 537 9 10 0.060752694 
848 367 9 12 0.06061858 
31 527 8 9 0.060471077 
759 335 9 12 0.060415685 
182 536 7 9 0.05946832 
309 565 9 12 0.05931752 
177 534 8 10 0.059262123 
921 297 9 12 0.059125245 
840 300 9 11 0.05807293 
918 335 12 13 0.057413667 
746 327 8 10 0.057303924 
990 246 9 11 0.05694642 
757 340 9 13 0.056806337 
729 332 9 11 0.056132708 
801 348 10 12 0.055810355 
302 561 9 11 0.055577815 
726 351 10 12 0.05487438 
863 365 10 13 0.054814227 
848 332 9 11 0.054803178 
799 341 9 12 0.05450485 
208 549 7 9 0.05367047 
830 334 8 10 0.05293741 
865 335 8 11 0.051759627 
89 549 9 11 0.05142007 
811 355 11 13 0.050935216 
226 543 8 11 0.05090489 
712 349 9 10 0.050338518 
782 351 10 12 0.05029295 
94 548 8 11 0.049587946 
729 327 7 10 0.049059913 
799 362 11 13 0.048916113 
41 519 7 9 0.048913892 
722 356 9 11 0.048906084 
17 519 7 8 0.04872526 
878 336 9 11 0.048252393 
820 373 12 14 0.048212238 
1008 145 12 16 0.048156913 
239 559 10 11 0.047959413 
829 343 9 11 0.047928035 
832 239 9 12 0.047571715 
775 312 8 10 0.047264438 
87 567 10 12 0.047233734 
992 287 8 11 0.046885174 
600 220 482 562 0.04656952 
709 329 8 10 0.04650072 
740 351 11 12 0.046325408 
832 371 10 13 0.046317153 
844 350 9 11 0.046239655 
800 313 8 11 0.046090405 
466 460 17 20 0.045563854 
922 280 9 11 0.045271814 
918 380 11 12 0.045035694 
834 264 7 9 0.044644866 
7 520 7 9 0.04443109 
804 182 10 12 0.04425942 
831 311 8 11 0.044234216 
778 324 9 10 0.044131454 
1008 247 8 9 0.044120234 
976 144 9 11 0.04410606 
800 229 8 12 0.043541342 
745 333 9 11 0.043524075 
247 550 8 10 0.043523416 
193 533 8 10 0.043307696 
831 281 8 10 0.043084785 
751 335 10 12 0.042975396 
738 372 9 12 0.042812914 
94 568 9 12 0.042767916 
792 312 9 11 0.0427407 
121 374 10 13 0.042469647 
752 182 9 12 0.042406257 
925 299 9 11 0.04229217 
758 357 9 13 0.041741613 
841 320 8 10 0.04158542 
826 240 8 10 0.04153688 
301 627 14 13 0.041399457 
289 559 9 11 0.041000377 
767 320 8 9 0.040782 
769 175 9 12 0.040671606 
69 399 9 11 0.040093083 
825 280 9 11 0.039833136 
302 536 8 9 0.039829448 
6 422 7 11 0.03973565 
906 310 8 11 0.039555024 
845 301 9 11 0.039364792 
89 544 8 11 0.03874824 
25 462 9 10 0.038565923 
815 312 8 10 0.038185228 
183 541 8 10 0.037612796 
868 270 10 12 0.03754965 
789 350 11 14 0.037539627 
1 429 8 12 0.037026055 
767 354 19 23 0.03670725 
13 553 8 10 0.036086462 
246 543 9 11 0.035895854 
773 337 11 12 0.03587802 
277 575 10 12 0.03580748 
768 200 9 12 0.035784278 
855 366 9 12 0.035521135 
263 542 10 12 0.03543961 
956 268 12 13 0.03519048 
721 320 8 9 0.035186294 
62 431 9 10 0.035125885 
713 390 10 12 0.035123777 
703 365 8 9 0.0351233 
903 303 7 9 0.035117723 
48 524 7 10 0.03507616 
983 264 8 10 0.034890153 
145 560 9 11 0.034627233 
873 340 10 12 0.034539405 
23 519 7 9 0.03451386 
1008 277 9 11 0.034421533 
311 560 9 11 0.03441209 
309 520 8 10 0.034398843 
935 405 12 15 0.03435384 
824 355 10 13 0.03432471 
838 199 7 9 0.03416854 
508 45 12 13 0.033903193 
128 537 7 10 0.033815276 
785 292 8 11 0.033581056 
435 438 18 19 0.03332306 
885 397 11 13 0.033151865 
73 377 7 9 0.032982316 
1000 261 8 11 0.032879125 
742 367 11 14 0.03287035 
200 545 7 9 0.032836944 
759 382 9 12 0.03276513 
781 340 10 12 0.032729626 
838 286 8 10 0.03268477 
709 184 14 16 0.0322376 
1009 270 9 11 0.03223006 
790 184 8 10 0.032207023 
845 342 9 11 0.03215318 
801 189 9 11 0.03212867 
17 440 8 11 0.03208523 
993 293 8 10 0.032070305 
1000 256 9 10 0.031716634 
815 318 7 9 0.03168819 
918 349 10 11 0.031602778 
71 567 8 10 0.031564005 
831 293 7 9 0.03156345 
40 463 8 10 0.031485558 
14 443 8 11 0.031390477 
698 356 9 12 0.031146765 
807 278 7 9 0.03101831 
830 303 8 10 0.030786268 
862 359 10 12 0.030671109 
902 398 8 11 0.030514574 
921 310 10 12 0.030493466 
517 451 11 14 0.030346889 
191 543 8 10 0.030297648 
985 311 9 11 0.030192 
903 357 10 12 0.030162377 
784 286 8 11 0.030145027 
914 334 10 12 0.030137558 
352 527 7 10 0.030108774 
751 320 8 9 0.030088617 
65 552 7 9 0.029801674 
823 296 9 10 0.029778663 
706 333 8 10 0.029580867 
816 378 12 14 0.029478148 
872 335 9 11 0.029411733 
57 405 8 11 0.029163375 
87 513 7 9 0.029161137 
718 337 8 9 0.029139413 
838 262 8 10 0.029108487 
832 270 8 9 0.02904387 
742 180 10 13 0.029025858 
839 281 8 10 0.02897607 
208 528 9 10 0.028925028 
856 358 8 11 0.028906323 
72 521 7 9 0.028629536 
54 558 8 10 0.028357018 
23 431 7 9 0.02835548 
392 527 8 10 0.028311383 
813 342 11 13 0.028157458 
26 367 8 10 0.028151989 
783 183 8 11 0.028136684 
81 513 7 9 0.027912572 
709 357 8 10 0.027900947 
758 365 10 12 0.027897794 
744 342 10 11 0.027842319 
31 463 8 10 0.02782726 
1001 390 8 10 0.02780391 
13 563 10 11 0.027743887 
836 236 20 26 0.027728954 
910 351 10 11 0.027674688 
334 568 10 11 0.02764709 
789 244 8 12 0.027515225 
25 422 8 10 0.027443461 
217 551 7 9 0.027389701 
310 526 8 10 0.027352452 
79 537 8 10 0.027313368 
130 550 7 9 0.027126878 
817 394 11 13 0.027086418 
9 536 8 10 0.026944865 
1014 252 8 12 0.026910756 
97 439 8 10 0.02686027 
904 367 9 13 0.026812578 
481 427 12 15 0.026646892 
40 486 8 10 0.026564665 
118 520 8 10 0.026503026 
313 549 9 12 0.026457975 
710 333 8 10 0.02634897 
893 279 7 9 0.026175193 
326 511 9 12 0.026136763 
864 328 8 9 0.026119867 
945 240 8 11 0.0260266 
863 389 12 14 0.025970126 
88 495 9 12 0.025892416 
716 208 13 15 0.025818294 
908 318 9 10 0.025734171 
560 447 6 9 0.025688138 
703 422 9 11 0.025587115 
105 367 7 10 0.025586022 
1013 248 8 11 0.025473101 
63 377 8 10 0.025461935 
276 553 11 15 0.025435936 
772 370 12 13 0.02541085 
24 456 9 11 0.025389293 
24 542 10 12 0.025270259 
824 307 8 11 0.025178747 
897 295 8 10 0.025159476 
1007 263 10 11 0.025148185 
320 528 8 10 0.025115198 
209 532 9 11 0.025099471 
0 502 7 11 0.024988584 
784 334 9 11 0.024977002 
223 550 9 11 0.024974298 
80 541 7 10 0.02481758 
758 166 8 11 0.024806533 
785 254 9 13 0.024734966 
569 456 7 8 0.024723673 
713 396 10 12 0.024708556 
241 543 8 10 0.024464833 
961 406 10 12 0.02445614 
791 302 8 11 0.024437433 
74 542 7 10 0.024432732 
760 320 8 9 0.024420597 
840 166 8 10 0.024359807 
38 559 8 10 0.024251351 
702 344 9 10 0.024177887 
839 310 8 10 0.024159824 
32 521 8 9 0.02412589 
151 559 8 11 0.024054175 
906 150 8 11 0.024024189 
197 528 9 11 0.023875184 
528 437 8 9 0.023854805 
903 288 7 9 0.023832943 
945 142 9 12 0.023799013 
41 567 8 11 0.023798987 
775 303 8 10 0.023771754 
5 470 8 11 0.023760853 
1000 279 8 10 0.023701236 
1015 283 9 13 0.02362851 
733 328 8 9 0.023545582 
41 432 8 10 0.023391725 
757 183 9 11 0.023391463 
512 462 11 14 0.023260195 
263 564 10 12 0.023250835 
798 222 9 13 0.02322856 
517 398 10 12 0.023214899 
881 285 8 9 0.02316148 
902 350 10 12 0.022946954 
114 519 8 10 0.02291371 
81 569 8 11 0.022890372 
878 271 10 12 0.022724131 
822 367 12 13 0.022662338 
776 187 8 10 0.02264189 
533 437 8 9 0.022600811 
8 511 7 10 0.022594798 
193 527 9 11 0.022573644 
686 183 11 13 0.022546118 
899 341 10 11 0.022500504 
806 272 7 10 0.02248348 
38 367 8 10 0.02240374 
847 356 9 12 0.022397507 
990 189 9 11 0.022386096 
853 319 9 10 0.022318456 
135 544 8 10 0.022254445 
46 433 8 9 0.022165641 
787 382 12 12 0.02214193 
881 278 8 10 0.022138588 
97 365 7 10 0.022121271 
40 512 7 9 0.022120332 
998 134 9 12 0.022101922 
319 565 9 11 0.021996353 
897 287 7 9 0.021980634 
242 551 8 10 0.021895733 
816 295 10 12 0.021864608 
143 521 7 9 0.021810329 
807 380 11 14 0.021778265 
79 475 11 13 0.021762593 
454 458 24 27 0.021754127 
848 310 8 10 0.021702806 
902 295 7 10 0.021682462 
310 471 7 9 0.021656191 
88 476 8 11 0.021647327 
577 448 7 9 0.021620622 
766 336 18 23 0.02161609 
544 446 8 9 0.021603405 
824 129 7 8 0.021468433 
825 244 8 11 0.021412464 
782 354 20 23 0.021354154 
824 270 8 10 0.021294028 
330 438 9 10 0.021274172 
798 391 12 15 0.021215227 
949 346 14 15 0.02117289 
967 381 8 11 0.021161418 
98 399 7 8 0.021131504 
813 335 9 10 0.021032644 
82 550 7 11 0.021031562 
694 375 8 11 0.020984206 
687 211 13 16 0.020929873 
6 525 7 9 0.020869235 
47 438 7 9 0.020813515 
696 343 9 12 0.020782992 
770 311 8 11 0.020779632 
22 438 7 10 0.02072916 
923 327 15 15 0.02069779 
87 556 9 11 0.020656906 
329 567 9 11 0.020615958 
168 533 8 10 0.020609815 
545 442 8 8 0.020534227 
872 143 8 11 0.02046156 
271 566 10 13 0.020421764 
864 311 10 12 0.020409988 
976 319 11 12 0.020346882 
994 128 8 9 0.020328565 
232 520 9 10 0.020281522 
55 553 8 9 0.020260675 
112 479 7 10 0.020254994 
435 177 32 39 0.020173676 
801 395 14 18 0.020085063 
977 359 9 11 0.020033969 
984 398 8 11 0.020004593 
