21_Festival_Festival_21_943
254
738 191 9 10 0.82342416 
112 194 12 16 0.7035845 
807 190 9 12 0.62560517 
888 180 10 14 0.621345 
293 187 15 17 0.57244647 
353 179 9 13 0.5164616 
761 184 8 12 0.4753205 
69 195 11 13 0.46640846 
492 190 8 11 0.42734793 
831 196 9 11 0.40012938 
134 195 9 12 0.3538468 
153 196 9 11 0.30714434 
938 199 8 9 0.29558307 
544 187 10 12 0.26777425 
711 192 12 14 0.25300965 
548 183 12 14 0.24543932 
256 189 8 12 0.22644451 
191 196 9 11 0.20959955 
104 180 10 15 0.19246586 
260 188 12 16 0.18769206 
214 189 8 11 0.16784266 
169 192 9 10 0.16618362 
855 197 8 10 0.16453971 
811 190 10 12 0.16024351 
157 198 9 11 0.15753224 
398 188 13 14 0.12744513 
129 191 11 12 0.12710264 
400 216 9 13 0.12439735 
592 437 13 15 0.124031514 
85 189 11 13 0.117961206 
186 190 8 12 0.11314676 
640 197 9 12 0.10845309 
597 430 13 15 0.10792318 
693 219 12 15 0.1064864 
167 196 9 11 0.106104605 
765 187 9 12 0.10406301 
325 191 9 12 0.10368484 
319 190 11 14 0.101799995 
385 185 8 11 0.10163165 
687 220 13 16 0.09975759 
648 197 9 11 0.09891522 
519 184 8 11 0.09873501 
239 168 9 12 0.09625409 
231 185 7 10 0.094899535 
109 231 14 16 0.09142269 
800 195 11 13 0.086602226 
1005 222 9 11 0.08422532 
911 278 27 28 0.08336022 
882 179 9 14 0.08309003 
173 191 9 10 0.08281656 
253 184 10 13 0.08230216 
741 193 9 13 0.08217076 
569 192 9 10 0.07787398 
814 196 8 10 0.076299675 
337 188 9 12 0.07560857 
118 231 9 12 0.075159 
617 228 10 14 0.072294764 
997 199 9 11 0.07177665 
168 223 9 12 0.07038813 
976 207 9 12 0.070357785 
276 184 12 17 0.070126474 
250 184 8 11 0.068245985 
514 183 7 10 0.06650599 
224 185 8 10 0.06561491 
257 194 9 12 0.065410346 
637 222 13 18 0.0645895 
270 185 13 17 0.0642133 
238 198 9 12 0.063973814 
304 173 9 12 0.06337799 
399 195 12 15 0.06315411 
93 189 11 14 0.0625254 
64 190 12 15 0.062458985 
827 198 9 11 0.061754048 
508 197 10 13 0.061058193 
943 223 7 9 0.060000304 
214 185 10 11 0.05997259 
898 337 17 20 0.058498863 
619 223 10 13 0.057834875 
513 189 9 11 0.057558008 
835 196 9 11 0.057538718 
662 442 15 16 0.05742915 
155 192 11 12 0.0574159 
81 191 8 12 0.056727868 
868 301 30 31 0.05561889 
622 442 15 17 0.055021677 
558 183 8 11 0.05489145 
214 214 9 12 0.054835774 
567 217 10 12 0.05372395 
525 190 9 11 0.053261552 
701 207 11 14 0.052617643 
236 189 10 11 0.051832303 
420 187 12 17 0.051575087 
352 185 9 12 0.05143413 
391 188 9 12 0.051200237 
997 204 9 11 0.050629996 
209 196 10 11 0.04979924 
945 230 7 10 0.048760414 
1014 214 8 11 0.048356887 
505 182 8 10 0.04743044 
193 202 9 12 0.047301352 
798 205 10 12 0.046962712 
602 425 12 15 0.046582244 
300 181 12 17 0.04626835 
169 213 9 12 0.04466534 
893 185 9 13 0.044514786 
109 253 14 17 0.044115797 
311 187 10 14 0.0431265 
239 219 10 14 0.04284626 
664 227 12 15 0.041657973 
100 203 13 17 0.04125776 
873 191 9 12 0.04053384 
189 186 10 12 0.040300418 
1000 215 8 10 0.040278565 
935 215 8 11 0.04005306 
344 182 10 12 0.039881244 
98 210 13 16 0.03951683 
745 224 10 13 0.039197236 
1008 203 11 13 0.039193954 
792 238 8 10 0.03759238 
334 238 9 13 0.037294086 
86 183 11 14 0.036524564 
647 201 11 14 0.036404897 
341 187 9 12 0.035992835 
851 197 8 10 0.03597438 
652 192 9 11 0.035970952 
700 240 16 17 0.035961468 
54 181 8 12 0.035944868 
753 183 9 11 0.035861995 
285 182 15 19 0.035759423 
184 185 9 11 0.03549221 
525 182 9 12 0.035388317 
679 217 23 26 0.034766566 
699 219 12 14 0.03451564 
209 184 9 12 0.03426533 
774 183 9 11 0.034246903 
630 219 25 30 0.034222666 
642 236 14 20 0.03353895 
238 184 9 10 0.03315794 
104 174 20 25 0.033081792 
583 414 10 13 0.03265855 
870 294 15 18 0.032616865 
676 440 16 18 0.032540966 
727 196 10 12 0.03224784 
239 202 9 13 0.032237973 
175 185 9 10 0.03165845 
393 218 11 15 0.031636804 
492 194 10 13 0.031229451 
223 228 9 12 0.031115882 
158 203 11 13 0.031085238 
521 198 8 10 0.030917715 
166 205 10 14 0.030857166 
538 189 9 11 0.030506076 
793 223 7 10 0.030091714 
772 320 16 22 0.030010289 
638 203 10 13 0.029778412 
358 187 9 12 0.029624335 
88 189 22 28 0.029488346 
482 189 9 12 0.029374296 
197 191 8 11 0.02933567 
422 156 10 12 0.029277466 
509 204 9 11 0.02927413 
848 191 9 11 0.029059863 
208 204 10 12 0.028712587 
649 438 22 26 0.028607385 
668 439 16 19 0.028216533 
213 205 9 12 0.028181674 
885 176 17 23 0.028031817 
278 62 452 429 0.02802697 
84 234 12 18 0.02801544 
1000 227 9 11 0.027864296 
478 155 10 13 0.027488116 
299 193 13 15 0.027419588 
215 219 10 13 0.027200947 
638 215 9 12 0.027196618 
572 196 8 10 0.027104022 
172 195 11 13 0.026999949 
196 198 8 10 0.02690556 
830 202 9 12 0.02664982 
686 205 11 12 0.02655358 
773 188 9 11 0.026523616 
81 184 20 25 0.026510654 
1013 204 9 14 0.026329482 
877 188 10 13 0.026314687 
576 222 10 12 0.026276577 
398 201 10 14 0.025813969 
798 211 9 12 0.02567958 
825 203 9 11 0.025459498 
172 263 12 14 0.025272382 
781 358 12 14 0.025091916 
734 185 17 22 0.025085323 
559 187 9 11 0.0248702 
729 191 8 10 0.024802208 
943 239 9 11 0.024644457 
367 190 11 14 0.024475155 
634 198 10 13 0.024331417 
69 232 16 20 0.024142126 
222 223 9 12 0.024124812 
693 243 14 16 0.024002997 
616 218 20 25 0.023917053 
917 214 7 10 0.023857975 
501 259 11 12 0.02377125 
179 288 17 20 0.023735868 
691 214 21 25 0.023709508 
392 203 11 13 0.023664229 
929 254 8 10 0.023597948 
582 222 9 12 0.023590421 
272 178 19 26 0.023487281 
950 232 8 10 0.023456955 
394 183 21 24 0.023437148 
674 261 14 16 0.02343428 
668 221 24 26 0.02335811 
767 207 9 12 0.02329175 
913 231 8 9 0.023287829 
77 194 11 14 0.023282342 
741 185 10 13 0.023262175 
485 155 11 11 0.023149712 
715 378 17 18 0.023139153 
703 307 13 14 0.023006676 
230 245 8 11 0.022915237 
732 386 16 17 0.022634031 
588 415 10 13 0.022590496 
628 448 14 17 0.022573762 
95 216 11 16 0.022566916 
487 185 11 14 0.022540055 
862 198 7 9 0.022510167 
247 174 10 11 0.022322413 
800 185 9 11 0.022302631 
70 200 11 14 0.02223669 
0 218 17 32 0.02217685 
367 218 11 15 0.02211816 
197 205 9 11 0.022063287 
116 201 10 14 0.02205565 
504 190 9 10 0.021956792 
865 208 7 9 0.021856595 
244 167 11 13 0.02169467 
96 183 10 13 0.021622675 
142 197 8 11 0.021572985 
663 197 12 13 0.02152221 
938 221 7 9 0.021429319 
526 197 8 10 0.021392869 
168 185 9 11 0.02135811 
802 185 18 23 0.021285594 
870 215 8 10 0.02127999 
937 194 9 11 0.02127879 
621 198 9 12 0.021269983 
912 222 7 9 0.02109745 
543 194 10 12 0.02094797 
233 168 8 12 0.020800566 
62 235 12 17 0.020601232 
764 315 26 35 0.020484583 
893 227 10 13 0.02041302 
60 471 16 19 0.020373112 
793 189 8 11 0.020043287 
92 229 13 16 0.020020654 
