21_Festival_Festival_21_22
1804
209 493 33 46 0.9950341 
980 406 13 15 0.8893315 
660 327 12 15 0.76728225 
687 327 10 12 0.7506375 
916 398 12 16 0.6838881 
413 347 10 13 0.67680323 
808 469 22 29 0.6138646 
526 352 8 10 0.6062689 
293 363 12 14 0.5807526 
335 438 20 28 0.57366925 
316 495 19 26 0.5560687 
267 372 14 16 0.5421156 
351 379 14 17 0.5396939 
644 331 11 13 0.5272114 
892 373 11 13 0.5266103 
559 456 25 32 0.51820976 
535 415 14 20 0.50635946 
558 370 10 13 0.50176173 
354 449 16 23 0.49885276 
834 506 23 31 0.4783337 
256 327 9 12 0.45711184 
694 364 10 13 0.45644906 
327 441 20 28 0.45182216 
763 519 28 37 0.44155955 
231 457 24 29 0.4407889 
721 350 10 13 0.43207526 
667 350 12 14 0.42376566 
785 361 15 17 0.42144758 
942 333 10 12 0.4185857 
878 386 11 14 0.41502252 
902 336 8 10 0.41244894 
374 429 20 29 0.40924117 
653 407 13 15 0.40672362 
743 410 12 15 0.40465635 
152 278 9 12 0.40120867 
254 370 10 14 0.39991984 
0 358 15 22 0.39315683 
34 316 12 15 0.39254108 
573 312 8 11 0.38730675 
275 554 18 23 0.37990856 
612 403 12 16 0.33869472 
577 382 10 14 0.3385389 
990 318 8 11 0.3369042 
887 461 12 17 0.32636482 
868 426 10 15 0.32532334 
568 262 8 10 0.32474026 
947 435 13 16 0.31852916 
940 385 15 16 0.3166141 
855 375 11 15 0.31046516 
888 374 10 14 0.30843517 
608 318 9 11 0.30375618 
709 338 10 13 0.3025967 
160 511 23 31 0.301439 
118 265 8 11 0.29788524 
752 351 10 12 0.29515052 
344 441 17 26 0.29442176 
284 400 16 19 0.2913006 
566 347 11 13 0.285217 
938 495 19 28 0.28195295 
871 381 10 13 0.27866828 
308 309 11 14 0.27822524 
931 403 12 16 0.27707455 
733 334 9 13 0.2754945 
1015 352 8 11 0.27400112 
560 296 8 10 0.27277997 
290 411 15 18 0.27181956 
495 374 9 11 0.26954007 
667 390 13 15 0.2646755 
552 366 11 15 0.26392663 
119 292 10 12 0.26312086 
709 386 13 16 0.26248518 
980 435 13 19 0.26177022 
68 283 12 14 0.2608863 
546 302 7 10 0.25954643 
640 373 11 14 0.25839907 
824 344 11 13 0.25731072 
93 271 9 12 0.25613064 
815 375 10 12 0.25148985 
404 429 18 21 0.25104827 
919 277 7 10 0.24861468 
946 351 9 12 0.2483343 
276 424 15 22 0.24789488 
967 319 8 11 0.2455542 
784 374 12 16 0.24503669 
554 454 19 27 0.23992184 
712 397 12 14 0.23883314 
824 312 9 11 0.23693906 
854 309 9 12 0.23640579 
741 432 14 20 0.23472503 
360 333 9 12 0.23344688 
392 350 9 12 0.2332532 
168 296 10 12 0.23140714 
752 308 11 13 0.23047824 
606 339 10 12 0.23000583 
803 363 10 14 0.22918855 
645 435 13 17 0.22857024 
322 294 8 10 0.22831033 
718 317 9 11 0.22764789 
895 493 18 31 0.22625762 
733 365 11 16 0.22567062 
390 295 8 10 0.22465827 
911 421 11 14 0.2239419 
854 303 8 11 0.22273432 
970 302 8 11 0.22110763 
704 342 10 12 0.21776377 
710 364 10 12 0.2176624 
982 527 21 32 0.21668708 
9 326 11 13 0.21661283 
728 389 13 17 0.21645704 
342 333 9 12 0.21576127 
501 327 9 12 0.21572158 
169 345 29 32 0.21453264 
799 319 9 13 0.21371707 
798 289 8 10 0.21277034 
600 301 8 10 0.21270429 
957 303 8 10 0.21097153 
519 333 9 11 0.20729128 
42 277 9 11 0.20678072 
337 342 9 10 0.20620234 
270 356 10 12 0.20284986 
744 293 8 10 0.20188971 
323 491 15 25 0.20145728 
516 405 11 15 0.20044267 
987 442 12 16 0.19942486 
813 297 9 11 0.19847047 
334 320 8 10 0.19704068 
320 362 11 13 0.19621052 
2 270 9 12 0.19530648 
750 288 8 10 0.19272141 
400 301 8 10 0.19148047 
766 349 9 12 0.19097058 
672 315 10 12 0.1873602 
661 442 17 22 0.18730381 
591 358 13 15 0.18659179 
384 325 8 12 0.18597288 
953 319 8 10 0.18561666 
13 318 10 12 0.18537474 
137 287 9 10 0.18400082 
341 311 8 10 0.18164462 
162 301 10 12 0.18158968 
727 369 12 15 0.1795845 
789 324 10 12 0.1793153 
903 300 8 11 0.17845008 
585 343 8 10 0.17816396 
39 299 11 13 0.17810217 
617 350 9 12 0.17691594 
902 394 11 15 0.17671815 
489 461 22 31 0.17645226 
600 341 9 11 0.17616706 
1007 333 9 11 0.1761614 
944 328 9 12 0.17576672 
744 277 7 9 0.17547287 
806 344 9 12 0.17525727 
942 442 13 17 0.17500484 
749 460 20 27 0.17322664 
382 318 8 11 0.17313685 
976 350 9 11 0.17294782 
359 405 14 17 0.1728009 
792 341 11 13 0.17263767 
125 288 8 11 0.17178039 
620 347 10 13 0.17173883 
376 398 12 15 0.17157327 
629 192 10 11 0.17057084 
694 342 8 12 0.17037748 
1013 309 8 10 0.16831508 
701 384 14 16 0.16824839 
581 431 12 16 0.16805647 
689 342 9 12 0.1678767 
510 344 9 11 0.16747294 
379 310 7 10 0.1666356 
113 268 10 12 0.16648455 
648 342 10 13 0.16637647 
562 300 7 10 0.16524841 
433 504 16 22 0.16487482 
660 415 15 20 0.16451454 
886 328 8 10 0.16401283 
743 310 9 11 0.16370434 
265 304 8 9 0.16327846 
713 318 8 10 0.1631197 
338 278 8 10 0.16253993 
312 334 9 12 0.1621737 
601 297 8 9 0.16179696 
722 475 17 22 0.16088785 
527 279 8 11 0.16080616 
978 379 13 16 0.15992574 
948 387 13 16 0.1598463 
77 268 9 13 0.1583149 
635 443 15 20 0.15792064 
368 378 11 14 0.15679498 
552 398 10 13 0.15663652 
639 359 10 13 0.15662017 
935 420 14 17 0.15490577 
360 357 11 16 0.15450089 
135 263 8 10 0.15415856 
555 404 12 16 0.15283808 
736 289 7 9 0.15023386 
448 311 8 9 0.14956982 
1002 349 8 11 0.1492477 
343 327 9 11 0.14895454 
654 309 9 12 0.14889345 
575 327 8 10 0.14873296 
393 356 9 12 0.1483522 
781 302 8 11 0.14723045 
183 468 20 35 0.14633866 
684 394 12 17 0.14509396 
872 318 9 11 0.14501761 
979 498 14 20 0.14450745 
584 294 8 11 0.14422388 
733 327 8 11 0.14385279 
590 335 8 11 0.14380926 
928 303 7 10 0.14370464 
439 305 8 10 0.14292364 
614 286 7 10 0.14162278 
101 285 9 12 0.14127363 
573 422 10 14 0.14116172 
488 367 10 12 0.1408191 
984 305 7 9 0.1405393 
583 326 8 10 0.14000477 
918 393 11 13 0.13975789 
646 359 9 12 0.13932574 
703 419 15 18 0.13923472 
767 296 8 11 0.13917509 
266 310 9 11 0.13913813 
323 264 7 9 0.13889827 
815 333 9 11 0.13824126 
573 427 14 17 0.13803147 
281 320 7 10 0.13774599 
590 287 8 10 0.13746959 
0 392 12 20 0.13734269 
526 365 10 12 0.13704142 
286 386 14 16 0.13702498 
648 295 7 10 0.13694778 
41 271 9 11 0.1367472 
632 286 8 10 0.13649306 
845 465 16 19 0.13643458 
434 474 16 25 0.13564634 
594 373 13 13 0.13384838 
928 333 8 10 0.1336642 
393 518 25 28 0.13365376 
410 343 9 12 0.13363823 
777 302 8 11 0.13340294 
623 265 8 10 0.13302678 
162 215 6 9 0.13302255 
289 335 8 10 0.13296221 
13 332 10 12 0.132812 
735 294 8 10 0.13278425 
519 459 12 17 0.13241744 
850 310 8 11 0.13218798 
451 357 10 13 0.13183704 
1014 389 8 12 0.13178924 
536 343 9 12 0.13144849 
185 353 15 19 0.13139693 
0 277 7 12 0.13085867 
723 355 11 14 0.13071072 
897 318 7 9 0.13001707 
883 518 22 29 0.129857 
293 334 8 9 0.12895623 
425 289 8 11 0.12890323 
790 459 15 24 0.12883897 
756 411 14 19 0.12863325 
534 277 9 11 0.12848328 
790 349 13 15 0.12772563 
688 320 10 11 0.12750937 
417 304 8 10 0.12634234 
959 340 9 11 0.12625614 
24 285 10 11 0.125275 
567 270 8 10 0.12512529 
985 325 9 10 0.124881126 
4 267 10 13 0.12487326 
951 412 11 13 0.12414528 
573 348 10 13 0.12294992 
974 508 14 20 0.12261947 
849 355 10 13 0.12253199 
809 299 9 12 0.122431666 
614 325 8 11 0.12207231 
479 277 8 9 0.121361054 
652 348 10 12 0.12129183 
967 296 8 10 0.12121647 
266 358 10 12 0.121206895 
935 444 12 17 0.120753735 
988 342 10 12 0.1204229 
329 324 8 11 0.119841374 
585 272 10 11 0.118910424 
617 342 9 11 0.11841063 
937 336 8 10 0.11762125 
999 365 10 13 0.11759786 
664 287 7 9 0.11754468 
688 312 9 10 0.11716804 
879 294 7 10 0.117101334 
310 287 7 9 0.11680264 
1011 484 13 19 0.11636439 
22 279 10 11 0.11627085 
960 325 9 11 0.11615459 
596 364 12 12 0.11580052 
864 288 6 9 0.11563108 
653 358 9 11 0.11503913 
920 334 8 10 0.11474482 
289 325 9 11 0.11458165 
647 316 10 13 0.11432775 
799 272 8 10 0.11427819 
569 459 27 35 0.11414919 
550 326 8 11 0.11409508 
782 284 7 10 0.11398809 
984 309 8 10 0.113828145 
401 295 8 10 0.113809004 
960 335 8 9 0.11366925 
297 295 8 11 0.1133644 
681 297 7 10 0.11324965 
94 275 11 13 0.11173341 
965 540 22 29 0.11165713 
304 288 7 9 0.11084725 
5 293 9 13 0.11073545 
981 540 16 22 0.11054652 
607 294 7 9 0.11039536 
538 318 8 11 0.11022763 
257 321 8 11 0.10999057 
75 314 38 42 0.10952956 
430 286 8 11 0.109335415 
610 288 7 9 0.10932388 
677 424 12 16 0.108855665 
520 367 11 14 0.10883888 
562 278 8 9 0.10826872 
976 399 12 15 0.10715353 
417 477 20 29 0.10665056 
516 399 10 14 0.10643477 
871 323 12 15 0.10626143 
623 279 7 10 0.10614623 
53 283 10 13 0.10614139 
7 264 10 12 0.106115095 
382 334 9 13 0.105859466 
303 350 9 11 0.10510215 
777 284 9 10 0.10495429 
791 320 10 12 0.10484012 
358 437 21 29 0.10470988 
565 388 11 13 0.10423047 
374 278 8 10 0.10410409 
309 280 8 9 0.103796944 
432 282 7 8 0.10377637 
798 342 10 12 0.10364518 
969 309 8 10 0.103482194 
972 510 23 35 0.102974206 
935 303 8 10 0.10286 
303 387 11 15 0.10259197 
293 326 9 12 0.102559686 
851 350 11 16 0.10229954 
324 359 10 14 0.10224086 
989 350 9 11 0.102001466 
324 386 11 14 0.101871304 
590 341 8 11 0.10030135 
338 391 15 18 0.10006003 
531 499 20 26 0.0993815 
880 310 8 10 0.09929412 
600 326 8 10 0.09878152 
489 319 7 10 0.09870357 
135 271 9 10 0.09866093 
750 316 9 12 0.09865075 
544 325 8 10 0.09842067 
921 304 8 9 0.09842063 
749 326 8 10 0.09808002 
1001 342 8 11 0.09769776 
428 326 10 14 0.09753813 
720 313 8 10 0.09750921 
696 382 13 15 0.09730118 
1012 278 8 12 0.09716989 
521 388 9 12 0.096779376 
137 293 9 11 0.09667358 
234 467 27 35 0.09646551 
365 302 8 12 0.09645218 
512 402 11 16 0.09577188 
304 302 8 9 0.09524769 
622 334 8 11 0.09516294 
353 289 8 9 0.09508781 
896 301 8 10 0.09488673 
702 348 9 12 0.09482638 
73 262 9 13 0.094720505 
590 293 8 11 0.09464523 
936 309 8 9 0.09460657 
704 302 7 10 0.09391845 
377 303 7 10 0.09377988 
861 377 12 16 0.093510166 
848 295 7 9 0.09344748 
815 394 14 17 0.09340833 
696 303 6 9 0.09338405 
383 365 9 11 0.09307175 
555 411 15 18 0.092706 
247 325 9 13 0.0926774 
136 279 8 9 0.092617184 
764 433 15 20 0.092566065 
266 388 13 16 0.09242434 
504 279 7 8 0.09231641 
137 301 9 12 0.092218354 
639 308 8 11 0.091987796 
128 278 8 9 0.0918232 
479 332 9 11 0.09118583 
462 304 7 10 0.090722755 
962 288 7 9 0.09060221 
1009 328 10 12 0.090544336 
820 380 12 15 0.090194225 
663 343 10 12 0.090087526 
950 394 12 15 0.08986341 
463 308 8 11 0.08959919 
527 327 7 9 0.089499235 
500 412 12 14 0.08907571 
956 356 12 13 0.088718355 
812 349 10 12 0.08857062 
1009 164 14 22 0.088472895 
975 357 10 12 0.08836587 
678 365 10 12 0.08822498 
7 286 9 12 0.087986 
750 385 12 15 0.08780891 
332 539 26 28 0.08661358 
480 356 8 11 0.08660801 
535 374 10 12 0.08631829 
909 382 10 11 0.08631764 
929 487 22 33 0.0859373 
653 437 19 26 0.085864834 
392 300 8 10 0.08583336 
853 333 11 13 0.08546148 
1007 350 9 11 0.08506081 
933 411 13 16 0.08495169 
462 466 14 21 0.08477147 
536 295 8 9 0.08453671 
1010 311 8 10 0.08434986 
936 319 8 10 0.08431297 
200 277 9 11 0.08384352 
609 324 9 10 0.08370807 
142 304 8 9 0.083705485 
643 419 14 17 0.08364659 
862 293 8 10 0.08361923 
330 320 8 10 0.08356044 
554 288 7 9 0.0830976 
218 394 17 19 0.082923956 
543 296 8 9 0.08283743 
895 394 12 14 0.08263732 
496 429 12 18 0.082383126 
350 294 8 10 0.082117125 
561 348 11 13 0.08208385 
976 343 8 11 0.082005754 
679 410 11 15 0.08199848 
687 370 10 13 0.08172046 
401 288 8 9 0.08168045 
739 365 11 16 0.08156288 
318 451 24 28 0.0815009 
846 316 10 12 0.0814214 
552 264 6 8 0.081364155 
726 302 8 10 0.08119494 
640 413 12 14 0.08118085 
497 332 8 11 0.08098489 
185 272 7 8 0.080626085 
103 271 8 11 0.08059109 
498 421 14 16 0.08056597 
693 311 8 10 0.080562696 
616 295 7 10 0.080240674 
650 279 7 9 0.08006366 
289 271 8 11 0.08003278 
653 277 8 11 0.0799681 
137 310 10 12 0.079915464 
894 453 22 26 0.07962186 
432 304 8 11 0.07952917 
270 433 23 30 0.07948513 
633 303 9 10 0.07948474 
1013 397 11 18 0.07904566 
561 334 8 9 0.07881316 
809 311 7 10 0.078745335 
718 324 9 12 0.07868293 
486 403 10 14 0.07863874 
527 285 8 10 0.07858933 
286 319 9 12 0.078534245 
17 279 8 11 0.07848028 
510 304 7 9 0.07845321 
735 357 10 14 0.078265175 
712 313 8 9 0.07802485 
693 370 12 13 0.077976376 
757 350 10 13 0.07787706 
214 399 16 20 0.0777095 
965 287 9 9 0.07747978 
595 433 17 20 0.077247545 
367 253 8 11 0.07721258 
385 429 15 24 0.076993845 
849 279 8 9 0.07687505 
787 407 15 21 0.07681274 
673 300 8 10 0.07678622 
912 344 7 9 0.07677274 
847 391 9 13 0.07673838 
896 312 8 9 0.07657241 
494 310 8 10 0.07655226 
510 480 17 23 0.07646366 
46 272 8 10 0.07645159 
551 309 8 10 0.076387 
165 215 7 9 0.07631888 
758 405 12 16 0.076208375 
365 309 8 11 0.07618129 
767 301 9 11 0.076148234 
721 295 7 9 0.07609898 
700 362 12 14 0.07597633 
391 288 7 9 0.07576326 
718 343 10 12 0.07574535 
429 319 9 11 0.07565775 
265 377 13 17 0.07549991 
537 312 8 10 0.07525676 
565 277 8 10 0.0752268 
592 473 24 30 0.075213075 
439 341 10 15 0.075139716 
151 247 7 9 0.075064816 
126 222 7 9 0.074918434 
482 302 8 10 0.07471169 
717 452 16 20 0.07454782 
959 320 9 10 0.074377224 
600 311 8 11 0.07414766 
183 278 8 9 0.07391805 
990 380 11 16 0.07367046 
668 344 11 12 0.073667035 
736 301 8 11 0.07302115 
553 277 7 9 0.07297179 
137 184 6 8 0.072833784 
452 318 9 10 0.07280059 
501 395 12 16 0.07237828 
788 447 15 22 0.07235631 
790 336 11 12 0.072189935 
579 386 11 14 0.07216129 
273 326 7 10 0.071992025 
239 380 11 14 0.07196713 
838 357 10 13 0.07194797 
22 292 9 12 0.07188335 
829 316 9 12 0.071876355 
309 499 17 24 0.071826376 
590 433 13 18 0.071569964 
641 440 15 21 0.07154608 
821 387 11 16 0.07140228 
927 398 10 14 0.07104519 
272 318 7 10 0.071013376 
793 272 7 10 0.07096234 
603 317 8 11 0.07092877 
142 310 8 11 0.07087659 
793 287 8 11 0.070820406 
766 342 8 11 0.070525505 
472 317 6 10 0.070505776 
881 305 7 10 0.07037874 
630 229 8 10 0.07032857 
1014 344 9 12 0.07024502 
919 310 7 9 0.070203215 
807 277 8 10 0.07010284 
622 222 8 11 0.07009683 
337 303 8 9 0.06998339 
305 314 10 13 0.06996689 
645 411 13 15 0.06974708 
471 312 7 10 0.06956404 
615 335 9 11 0.06956307 
656 304 9 11 0.06953938 
763 462 15 21 0.06953352 
672 370 12 15 0.06948684 
522 279 8 10 0.069423884 
541 347 8 11 0.069298565 
263 343 8 10 0.06922514 
275 356 10 13 0.06916584 
353 342 8 10 0.0690946 
309 305 8 9 0.068984516 
928 320 8 9 0.06883836 
408 355 10 12 0.06860379 
965 324 9 12 0.06851239 
319 311 10 13 0.068487905 
193 471 21 34 0.068468936 
616 280 7 10 0.06843327 
724 443 14 17 0.06824116 
613 319 8 11 0.06818073 
709 471 14 23 0.06809532 
357 277 9 12 0.067822225 
582 348 9 11 0.06776512 
678 313 9 10 0.06763104 
983 272 8 11 0.06752102 
926 367 10 13 0.067456685 
622 247 8 10 0.06745647 
279 401 12 17 0.06738436 
440 281 7 9 0.06734634 
941 405 12 14 0.066847764 
990 312 8 10 0.066823594 
899 336 7 10 0.06651805 
614 379 10 14 0.066509336 
521 382 10 13 0.06650184 
687 296 7 8 0.06638893 
280 334 9 11 0.06610343 
984 336 8 11 0.066077664 
950 417 13 16 0.066068545 
677 358 11 13 0.06597258 
471 344 8 11 0.065920085 
552 360 9 11 0.06581543 
588 277 9 12 0.06578344 
368 296 7 9 0.0654405 
715 388 12 16 0.06505654 
952 273 7 10 0.06492603 
705 336 10 12 0.064632386 
803 499 16 21 0.0646179 
383 273 7 9 0.06459786 
573 333 9 11 0.064319864 
31 320 12 14 0.0641534 
617 301 7 9 0.06413756 
885 500 23 33 0.0640884 
942 341 10 11 0.064068824 
342 302 8 9 0.06402605 
879 326 9 11 0.063680984 
255 287 8 10 0.0636259 
829 348 9 12 0.06354407 
372 374 12 16 0.06354394 
637 304 8 11 0.06353923 
1013 303 9 12 0.0633604 
408 279 7 9 0.063206345 
101 279 10 12 0.06297019 
1001 335 8 11 0.06295292 
838 394 14 16 0.06293689 
319 382 12 15 0.06290916 
410 264 7 8 0.062866025 
159 197 7 9 0.062821336 
567 334 9 10 0.06282031 
648 287 8 10 0.0628017 
394 272 7 9 0.062733814 
721 302 8 9 0.06273353 
683 332 9 11 0.062719375 
558 287 8 9 0.062666774 
887 303 9 11 0.062594905 
358 287 7 9 0.062465865 
585 336 8 11 0.06232058 
983 287 7 9 0.062188096 
171 231 7 10 0.062040657 
525 406 10 14 0.06202368 
311 350 8 11 0.061978776 
610 530 20 22 0.06193198 
22 337 10 13 0.06190754 
905 328 6 9 0.061750606 
766 453 14 18 0.061609857 
636 222 8 10 0.061374217 
522 329 8 10 0.061309118 
714 486 38 52 0.06114261 
262 333 7 9 0.060944058 
176 238 7 10 0.06078044 
551 332 8 10 0.060755193 
855 315 9 11 0.06068318 
422 304 7 10 0.060627732 
653 317 9 12 0.060571134 
299 363 10 13 0.06044361 
979 476 17 20 0.06039115 
862 310 9 12 0.06037015 
969 279 8 10 0.060338195 
888 319 7 9 0.060072135 
1008 401 11 16 0.05991159 
615 428 12 16 0.059880115 
624 286 7 10 0.05965348 
312 340 9 12 0.05958062 
887 457 21 25 0.059534606 
495 304 8 9 0.05940612 
375 272 8 10 0.059405606 
343 295 9 11 0.059355713 
494 320 8 10 0.059098087 
425 330 11 15 0.05899104 
592 301 8 10 0.058949344 
521 318 7 9 0.058827385 
471 332 8 12 0.05881796 
943 319 7 9 0.058693964 
161 438 33 35 0.058691543 
643 378 12 15 0.058686454 
887 333 8 10 0.05862957 
576 358 10 13 0.058616396 
734 349 10 13 0.058474034 
775 308 9 11 0.058346387 
935 297 7 9 0.058273915 
356 385 11 15 0.058181245 
776 296 9 10 0.058158156 
602 439 18 24 0.057955936 
551 428 10 14 0.057872135 
878 521 17 23 0.0578537 
1007 316 8 10 0.057818305 
623 205 9 11 0.057797197 
902 319 7 9 0.057735212 
1011 332 10 12 0.057712134 
400 309 8 10 0.05771202 
448 351 10 13 0.05769493 
987 536 24 30 0.057599127 
594 487 20 25 0.057590313 
916 279 8 10 0.0574753 
745 318 8 9 0.057163652 
407 311 7 9 0.05709686 
725 311 8 10 0.057058 
383 278 6 9 0.05700615 
940 427 15 17 0.056888945 
930 553 18 18 0.056836005 
626 229 8 10 0.05677745 
808 372 10 13 0.05673109 
682 402 14 18 0.056619737 
184 246 7 9 0.0563948 
952 277 7 11 0.05632508 
743 303 8 11 0.05624194 
622 216 8 10 0.05621982 
317 334 9 11 0.05616105 
735 320 7 9 0.056066416 
631 325 9 12 0.055975378 
527 333 8 10 0.055940274 
370 279 8 10 0.055886205 
160 297 10 12 0.05583211 
31 262 8 10 0.0558058 
814 551 26 25 0.055789668 
378 316 9 11 0.055669278 
432 309 8 10 0.055666335 
887 311 8 9 0.055520937 
415 279 7 9 0.055507213 
512 370 12 14 0.055456974 
302 295 8 10 0.0554108 
903 417 13 15 0.05537649 
766 371 10 15 0.05536598 
928 328 8 11 0.05522219 
983 350 9 11 0.055202514 
475 449 14 18 0.055122916 
420 406 11 16 0.055101387 
896 296 8 10 0.05506867 
1014 295 9 11 0.055014778 
991 366 10 12 0.055002835 
784 403 13 18 0.05495249 
506 344 8 10 0.0548578 
896 349 8 10 0.054802313 
552 271 7 10 0.054726705 
210 558 16 19 0.05468064 
692 333 9 12 0.054578036 
500 403 14 18 0.054577425 
600 336 9 11 0.0543884 
49 283 10 12 0.05430851 
714 402 13 17 0.054210015 
977 431 11 16 0.054201882 
398 334 9 12 0.054194372 
758 365 11 15 0.05409955 
729 480 17 23 0.054069813 
126 199 7 9 0.054043878 
759 304 8 10 0.054012265 
149 310 9 12 0.05400957 
417 287 7 10 0.05389744 
311 328 9 11 0.053786382 
301 359 9 12 0.05368633 
841 311 7 10 0.05366123 
400 256 8 9 0.05351427 
529 345 8 10 0.053403523 
278 261 8 9 0.053393956 
816 312 8 10 0.053353213 
425 320 8 10 0.0533464 
585 319 8 11 0.05323384 
136 257 7 9 0.053163968 
896 484 11 17 0.0531305 
294 506 13 17 0.05302087 
607 313 8 10 0.052976176 
837 332 10 13 0.052973665 
278 416 20 23 0.052957777 
377 339 9 11 0.05294102 
496 295 7 10 0.05287512 
558 328 8 10 0.05277022 
609 462 23 29 0.052769333 
385 295 8 10 0.052759945 
925 451 14 18 0.05271371 
841 317 9 12 0.05254863 
136 208 7 10 0.052496802 
919 319 7 9 0.05247683 
967 411 11 14 0.052451834 
366 399 11 14 0.05211567 
401 278 8 10 0.052071657 
570 315 8 11 0.05204471 
536 288 8 9 0.051974256 
898 341 8 10 0.05189849 
293 370 11 12 0.05167021 
646 389 12 14 0.05151211 
622 357 10 12 0.0514484 
12 262 8 11 0.051421836 
294 271 8 11 0.05141716 
761 341 9 11 0.05117011 
353 349 7 10 0.05112924 
1015 366 9 13 0.05103554 
431 338 11 16 0.05088013 
837 327 9 12 0.050772283 
262 318 8 10 0.050739318 
474 273 7 10 0.050736 
619 433 13 18 0.050508775 
607 271 9 10 0.05043302 
592 311 8 11 0.050419092 
989 426 11 15 0.050315965 
679 248 7 9 0.05024257 
484 441 14 17 0.050240863 
751 279 7 9 0.05022037 
25 271 8 11 0.05020307 
286 312 8 10 0.050093785 
174 277 8 10 0.050038908 
392 311 8 10 0.050025396 
849 459 17 20 0.049987722 
872 288 8 10 0.049846772 
129 273 7 9 0.04983558 
337 273 9 11 0.04982277 
833 332 9 13 0.04976641 
705 319 8 10 0.04974871 
621 535 28 38 0.04969257 
364 327 11 13 0.049685903 
975 363 11 13 0.049659763 
910 390 11 13 0.04960495 
793 292 9 11 0.049512845 
500 375 10 12 0.049501114 
623 296 7 9 0.04940518 
761 295 9 10 0.049385227 
496 378 10 12 0.04936887 
488 442 24 35 0.049283247 
565 434 13 16 0.049219918 
155 280 12 15 0.049059067 
1014 318 8 11 0.04903178 
7 278 9 11 0.048861947 
772 440 14 20 0.048834138 
289 396 16 19 0.04877201 
326 311 7 10 0.04870122 
816 317 9 10 0.048576068 
0 286 9 13 0.048547752 
728 296 7 9 0.048480332 
566 420 13 16 0.04844971 
418 294 8 9 0.048407197 
951 355 11 14 0.04835365 
699 453 13 18 0.048270825 
242 452 16 23 0.048265774 
405 508 22 33 0.048259318 
437 465 21 28 0.048255183 
569 327 9 11 0.04816922 
719 288 7 8 0.048048064 
425 279 6 8 0.048007 
524 371 11 14 0.04790753 
624 199 8 11 0.04777408 
989 323 9 11 0.047742724 
337 336 9 11 0.047659945 
150 303 8 10 0.047657464 
75 252 9 12 0.047338363 
998 286 8 10 0.047330726 
946 499 21 29 0.04715252 
953 309 9 10 0.04714732 
640 387 10 14 0.04707368 
711 296 6 9 0.047059033 
855 296 9 10 0.047047414 
410 476 17 23 0.047030997 
863 395 10 14 0.04693074 
256 343 8 10 0.04691499 
742 386 11 15 0.046901025 
415 271 7 9 0.046881218 
215 481 29 36 0.046823625 
998 373 10 12 0.046772204 
712 189 10 12 0.04672051 
956 406 11 15 0.046677783 
17 294 9 11 0.046619255 
514 525 23 38 0.04656561 
327 453 25 32 0.04653678 
982 278 8 9 0.046480723 
619 403 12 16 0.046373926 
622 253 7 9 0.04631833 
158 193 7 8 0.046302788 
941 395 13 16 0.046200477 
472 460 25 30 0.046149924 
657 245 8 11 0.046145525 
653 365 11 12 0.046122327 
696 347 9 11 0.046110228 
144 279 8 11 0.04609536 
699 372 13 14 0.046048667 
504 303 8 9 0.04597178 
669 410 13 17 0.045953777 
304 344 8 10 0.045859765 
769 458 15 19 0.045824654 
638 280 10 11 0.045607127 
631 239 7 9 0.045585383 
598 349 9 13 0.04557768 
270 395 11 14 0.045516104 
381 390 9 14 0.045515414 
960 295 8 9 0.04546922 
926 357 9 12 0.045440838 
936 326 8 12 0.04539556 
93 265 8 10 0.045370616 
703 326 9 11 0.04533034 
597 462 25 31 0.04531327 
265 350 9 11 0.045296766 
374 263 8 9 0.045288295 
533 364 9 12 0.045281895 
928 271 7 9 0.045124434 
485 380 11 13 0.04508142 
928 445 12 15 0.045049056 
169 166 7 9 0.04500368 
493 368 10 12 0.044969045 
605 429 13 17 0.044954035 
847 287 8 10 0.044876304 
534 336 9 10 0.044871297 
605 365 9 12 0.04483288 
406 295 7 9 0.04475956 
995 434 23 34 0.04472911 
481 312 7 9 0.044680707 
168 278 9 11 0.044672098 
542 311 8 9 0.044614572 
897 523 17 22 0.04455706 
572 262 8 10 0.044533003 
409 271 7 9 0.04436103 
490 341 8 10 0.04435968 
781 442 16 22 0.04435236 
501 381 10 12 0.04426992 
919 350 8 10 0.044160776 
576 396 11 15 0.044120524 
978 287 7 9 0.044101715 
30 269 9 11 0.044074368 
533 406 14 18 0.044064663 
6 299 10 13 0.043884814 
632 295 7 9 0.043873042 
386 287 7 9 0.043830033 
562 272 8 10 0.043728523 
665 505 25 31 0.043642532 
871 304 8 10 0.043602917 
706 297 7 9 0.0435537 
870 311 8 10 0.0435508 
815 467 19 22 0.043541677 
578 294 8 10 0.04351522 
496 396 11 15 0.043504737 
694 440 13 19 0.043484095 
716 381 10 14 0.043454535 
301 488 22 32 0.043451928 
589 317 9 12 0.0434316 
494 357 9 11 0.043133985 
351 336 9 11 0.043100573 
337 296 8 10 0.043078512 
975 296 8 9 0.043063264 
293 495 21 32 0.043006986 
196 332 12 15 0.04299374 
918 344 8 10 0.042898368 
398 374 10 13 0.042812366 
484 492 12 17 0.04280457 
162 208 7 9 0.042749584 
932 472 16 24 0.04273936 
601 287 7 9 0.042733315 
659 405 12 17 0.0426041 
783 333 9 11 0.04256774 
197 184 8 10 0.042504996 
888 368 11 14 0.042422846 
804 427 12 19 0.042406786 
668 438 13 20 0.042405047 
279 324 9 11 0.04238886 
22 316 10 14 0.042355873 
536 263 8 9 0.04230894 
744 407 19 24 0.04229783 
861 333 10 13 0.042251796 
382 373 9 13 0.042198617 
730 487 25 33 0.042154748 
991 259 9 11 0.042146053 
768 308 8 11 0.04211844 
161 220 7 9 0.042052142 
565 365 11 13 0.042026922 
248 445 21 32 0.041956216 
151 273 9 11 0.041816942 
999 301 8 10 0.04179186 
726 381 12 14 0.041779462 
905 487 27 31 0.041634064 
410 509 36 50 0.041486632 
561 342 10 13 0.04139045 
951 326 8 11 0.041384246 
249 371 12 16 0.04133301 
750 333 9 11 0.041267987 
294 317 9 12 0.04124514 
522 286 6 9 0.04118325 
121 206 8 10 0.041120574 
783 417 13 18 0.041084547 
744 440 16 20 0.04106988 
566 356 11 15 0.041065052 
72 248 8 11 0.04104401 
929 308 7 10 0.040989917 
684 417 12 16 0.04094106 
423 272 7 8 0.040935166 
637 349 10 13 0.040874958 
506 348 9 13 0.040868778 
608 357 9 12 0.04082672 
29 334 12 13 0.04063555 
574 404 12 15 0.04059222 
542 374 9 12 0.04055005 
999 295 8 11 0.04053918 
759 399 11 13 0.0404593 
984 436 20 26 0.04045447 
847 332 12 16 0.040444557 
834 278 7 10 0.040438462 
735 428 14 20 0.04038838 
552 294 8 10 0.040383387 
726 318 8 11 0.040353544 
465 347 8 11 0.040335763 
929 297 7 9 0.04032424 
287 276 9 11 0.040321678 
559 389 11 13 0.040317867 
707 411 15 18 0.04020477 
958 309 7 9 0.040145937 
1005 340 9 12 0.040126305 
740 358 10 12 0.0398269 
238 322 12 16 0.039774384 
916 450 14 19 0.039758485 
974 308 9 11 0.039695133 
854 327 9 11 0.039616194 
583 301 8 10 0.03961476 
309 552 15 17 0.039548017 
693 318 8 11 0.039546613 
510 381 11 13 0.039484743 
389 530 26 32 0.039394412 
557 358 11 12 0.039392512 
976 336 8 10 0.039353747 
481 296 7 10 0.03933987 
343 364 9 11 0.03933682 
504 295 7 10 0.03924931 
798 429 14 22 0.039211012 
638 285 8 11 0.039205246 
274 378 12 16 0.03919393 
511 319 7 9 0.039177738 
428 291 9 12 0.03914291 
151 325 10 14 0.039089244 
608 382 10 13 0.039077684 
250 263 8 10 0.03904545 
505 287 8 9 0.039030544 
513 264 7 9 0.03903008 
364 432 19 23 0.038975954 
137 231 7 9 0.038972024 
739 310 8 10 0.03889257 
236 485 19 25 0.03888669 
633 348 9 12 0.038834345 
614 354 10 13 0.038783014 
902 278 7 10 0.038779113 
25 262 9 10 0.038615108 
989 336 10 12 0.03858607 
366 317 8 10 0.038584407 
675 471 14 20 0.038579296 
1009 476 14 20 0.038455807 
191 264 7 10 0.038407102 
510 326 7 10 0.038395546 
652 397 13 16 0.03827063 
586 288 8 11 0.038165256 
649 301 9 11 0.03814834 
687 360 10 12 0.038116634 
269 521 14 19 0.038070753 
519 270 7 10 0.038063508 
552 319 8 11 0.03803066 
622 366 11 14 0.038007468 
818 373 12 17 0.038003664 
739 272 7 10 0.037944473 
897 406 9 12 0.03791002 
880 366 10 13 0.037906736 
581 403 12 17 0.037894163 
784 487 14 20 0.03782972 
168 222 7 9 0.03775566 
582 457 25 33 0.037747353 
561 255 7 10 0.037725426 
398 272 8 9 0.037717223 
862 303 9 12 0.037696544 
999 280 7 9 0.037687764 
369 261 9 11 0.037663326 
528 312 7 8 0.037621114 
957 435 9 14 0.037592918 
856 286 8 10 0.037555937 
186 266 7 9 0.03754126 
631 438 13 17 0.037395928 
624 329 8 11 0.0372489 
143 271 8 10 0.03724519 
827 379 14 18 0.037239045 
66 248 7 9 0.03723654 
982 366 9 12 0.03715289 
992 288 7 10 0.03693533 
254 375 12 17 0.036933515 
466 459 16 21 0.036858775 
543 396 12 15 0.036792237 
449 270 8 9 0.03671983 
200 246 87 139 0.03668321 
630 520 40 46 0.036658898 
368 284 9 11 0.03665 
488 289 7 8 0.036617976 
320 289 8 10 0.036613636 
528 273 8 10 0.036588263 
638 240 8 9 0.03657003 
1000 357 10 12 0.036555614 
166 208 7 8 0.03650113 
147 330 26 36 0.036461238 
169 161 7 9 0.036401346 
952 297 7 8 0.036344904 
901 274 8 9 0.03630718 
914 318 7 10 0.03627489 
941 410 14 16 0.03624007 
38 264 8 10 0.03621906 
903 383 11 13 0.03621587 
539 405 14 18 0.036110282 
120 277 10 11 0.036091425 
758 280 8 10 0.0360839 
677 351 10 12 0.036057048 
100 289 12 14 0.036026582 
914 312 7 9 0.036006544 
541 288 8 9 0.036006335 
360 294 7 9 0.035970192 
295 264 8 10 0.03593539 
483 451 15 19 0.035931986 
660 382 13 16 0.035921972 
111 286 9 13 0.035909265 
1004 366 11 12 0.035891235 
966 435 12 16 0.035876375 
189 334 11 14 0.035865553 
768 335 8 11 0.035784703 
289 370 10 12 0.035759658 
719 363 10 13 0.035752352 
781 296 8 10 0.035750777 
910 443 13 19 0.03555954 
991 373 11 15 0.035542876 
608 517 19 21 0.035506714 
398 427 15 22 0.03540708 
62 292 12 14 0.035349928 
327 334 7 10 0.035342515 
839 279 7 9 0.03530938 
899 366 11 13 0.03530404 
785 320 10 13 0.03527172 
937 383 11 14 0.035244323 
591 350 11 13 0.035240103 
710 459 12 17 0.035234336 
910 297 8 10 0.03518618 
887 289 8 9 0.035180695 
534 507 24 29 0.035174694 
489 336 8 10 0.035170984 
956 419 11 15 0.035129473 
704 198 9 10 0.03511369 
273 256 8 10 0.035077967 
473 288 7 9 0.03504382 
560 311 7 9 0.03503361 
537 324 9 11 0.034990773 
929 409 11 14 0.03498742 
109 276 10 13 0.034983367 
738 278 7 9 0.034979437 
272 334 8 10 0.03492557 
438 320 9 10 0.03492358 
640 507 40 48 0.034881417 
920 327 8 11 0.034859177 
200 207 6 8 0.03483271 
318 395 13 16 0.034822166 
676 462 13 18 0.034760103 
997 380 11 16 0.034729205 
1005 547 16 21 0.034727685 
752 343 8 10 0.034725275 
343 287 8 10 0.03469246 
55 294 12 14 0.034674227 
907 413 12 14 0.034643278 
798 335 10 12 0.034516927 
9 320 11 12 0.03446251 
589 403 12 16 0.034458388 
38 356 15 21 0.034455 
941 311 8 9 0.034438454 
774 526 29 35 0.034295175 
566 382 11 14 0.034276612 
975 278 8 10 0.034246426 
950 333 8 10 0.034223936 
864 316 9 11 0.034197226 
450 265 7 9 0.034133997 
914 425 12 15 0.034131363 
655 287 7 10 0.03409413 
474 556 16 18 0.034012616 
164 305 12 14 0.034007512 
1000 402 10 15 0.03399046 
414 264 7 9 0.033959836 
489 312 7 9 0.03395624 
360 454 17 21 0.033939626 
1010 283 9 11 0.033817727 
691 396 12 15 0.033792526 
841 286 8 10 0.033772822 
966 333 8 9 0.03376702 
175 272 7 10 0.033763688 
694 296 6 8 0.0337502 
968 344 8 10 0.033721294 
278 387 12 17 0.033709053 
406 287 8 10 0.033702835 
716 426 12 17 0.033690803 
319 537 28 31 0.03366557 
297 412 14 16 0.033629864 
183 241 7 9 0.03362871 
902 311 7 10 0.033572026 
168 247 7 9 0.0335088 
409 342 19 24 0.033503998 
1012 335 19 27 0.03348018 
993 294 7 10 0.033439066 
887 295 8 10 0.033424463 
601 279 7 10 0.03340538 
240 276 8 12 0.033404425 
214 191 8 10 0.03340314 
794 401 16 21 0.033393953 
622 312 9 10 0.03337952 
581 395 12 15 0.03335916 
455 310 8 10 0.033348568 
862 387 11 15 0.0333385 
554 255 7 9 0.033318326 
309 271 9 10 0.033242933 
904 349 8 10 0.03321707 
848 372 10 15 0.033212606 
632 427 11 15 0.033181895 
781 308 9 11 0.033165023 
304 271 8 10 0.033158623 
498 456 14 23 0.033135135 
-1 509 22 45 0.03311965 
591 439 14 22 0.033101384 
465 327 8 11 0.033068437 
846 364 10 14 0.032985333 
987 411 11 14 0.03296813 
815 343 10 13 0.032945853 
919 357 10 12 0.03294023 
150 263 8 9 0.032931 
522 355 10 13 0.0329167 
969 513 15 20 0.03290273 
755 381 12 14 0.032847248 
33 301 10 13 0.032835994 
320 299 9 11 0.03281461 
510 288 7 9 0.032800388 
421 440 15 18 0.03277047 
638 429 12 16 0.032766867 
505 309 7 10 0.032748602 
392 332 9 13 0.032736033 
833 272 7 9 0.032714948 
421 429 12 17 0.032709375 
292 383 12 14 0.032632917 
539 423 14 17 0.032582335 
575 287 8 10 0.032572262 
28 279 9 11 0.03254972 
590 263 9 11 0.032532953 
832 303 9 10 0.03250478 
733 439 15 20 0.032502845 
482 316 7 10 0.03248659 
443 340 12 15 0.032480676 
328 487 16 24 0.032470148 
317 411 15 17 0.032435436 
488 304 7 8 0.03227357 
746 447 17 21 0.032257274 
158 175 8 10 0.032182116 
480 402 12 17 0.032099303 
882 373 10 14 0.03205757 
573 413 12 17 0.032011848 
142 231 8 9 0.03197984 
438 325 10 12 0.031965975 
150 316 10 12 0.03196142 
999 316 9 12 0.031949833 
733 457 13 18 0.031909034 
453 468 15 22 0.031884838 
812 367 13 15 0.031870287 
630 370 12 16 0.0318684 
605 387 11 15 0.03173414 
311 293 8 10 0.031708986 
256 292 8 11 0.031702127 
487 352 9 11 0.03162468 
343 449 24 34 0.03161922 
725 427 12 17 0.03161258 
893 470 24 31 0.031610925 
806 318 8 11 0.031583745 
874 293 8 10 0.031570017 
528 319 7 10 0.03151668 
403 395 11 17 0.031494178 
494 405 12 16 0.031489693 
466 333 8 12 0.031435784 
607 408 15 17 0.031408243 
174 199 8 10 0.03140711 
258 545 27 35 0.03138606 
912 349 7 10 0.0313449 
803 506 24 31 0.031293433 
553 366 18 22 0.03128786 
364 419 14 19 0.031202143 
742 184 10 13 0.031184232 
560 379 10 13 0.031176232 
366 502 23 38 0.031173663 
794 417 15 23 0.031172948 
737 493 38 53 0.031141372 
494 351 9 12 0.031121192 
735 467 21 30 0.03107613 
257 302 7 10 0.031070089 
0 252 8 12 0.030995157 
591 378 13 15 0.030991836 
569 453 18 22 0.030961663 
800 276 9 10 0.030937884 
976 272 8 11 0.030908858 
237 374 11 15 0.030880513 
945 279 8 10 0.030806754 
375 296 7 9 0.030800039 
327 301 7 10 0.030786125 
854 280 7 9 0.030748922 
480 287 6 9 0.030724443 
142 183 6 9 0.030715642 
775 334 9 11 0.030685294 
224 492 28 36 0.030684806 
707 504 16 23 0.030638577 
191 215 7 9 0.030633194 
467 534 25 33 0.030622605 
705 517 20 32 0.030616404 
565 296 8 11 0.030555664 
53 271 8 11 0.030546943 
147 247 7 9 0.030537272 
798 359 11 15 0.030534742 
22 300 9 12 0.030520434 
148 338 13 17 0.03050191 
608 278 9 10 0.030492552 
519 303 7 9 0.03047574 
590 327 8 10 0.030475063 
803 483 23 30 0.030471738 
345 544 17 21 0.03047168 
832 362 11 15 0.030384187 
306 280 7 8 0.03032449 
382 380 9 12 0.030314391 
185 216 7 9 0.030305803 
761 335 8 12 0.03023919 
474 458 16 20 0.03018981 
807 332 11 13 0.030184157 
337 285 8 9 0.030132584 
277 255 8 11 0.030060172 
420 501 21 32 0.030014373 
127 215 7 10 0.02996988 
129 190 8 10 0.029954858 
851 337 13 17 0.029941814 
667 326 10 13 0.029925205 
279 303 9 11 0.029904407 
968 348 9 13 0.029883161 
990 355 10 12 0.029853433 
210 416 19 24 0.029819459 
599 501 25 30 0.029806389 
542 514 24 30 0.02979211 
305 532 21 31 0.029703982 
174 350 34 41 0.0297032 
296 341 7 10 0.029674493 
607 445 22 29 0.029652819 
678 391 11 15 0.029624755 
400 340 8 12 0.029589571 
319 327 8 11 0.029588435 
534 358 9 12 0.02956363 
518 264 7 9 0.029561494 
824 497 26 35 0.029558858 
154 192 7 9 0.02954583 
551 392 11 13 0.02949675 
326 287 8 9 0.02947353 
489 324 8 12 0.02942572 
307 382 13 15 0.029349457 
417 407 21 29 0.029290868 
783 341 10 12 0.029259026 
295 312 9 10 0.02924979 
224 223 9 11 0.029247787 
304 306 18 22 0.029168082 
245 477 22 33 0.029158013 
710 302 8 10 0.0291382 
711 348 10 12 0.029103313 
444 352 20 23 0.029086472 
328 280 8 10 0.029078064 
985 263 8 10 0.029072508 
487 295 8 9 0.02905836 
715 467 20 27 0.029012825 
512 270 7 9 0.029003864 
768 354 10 14 0.02895662 
391 318 8 10 0.028928556 
487 358 8 11 0.028917091 
361 316 9 11 0.028883636 
529 295 7 9 0.028878333 
141 315 10 12 0.028852008 
674 440 13 20 0.028823415 
169 192 7 9 0.028817076 
680 463 24 32 0.028784266 
356 427 15 19 0.028782265 
543 264 7 9 0.02877848 
154 197 8 11 0.028756479 
389 326 10 12 0.02874924 
228 201 205 238 0.028747603 
175 223 7 8 0.028722463 
216 424 18 20 0.028718686 
608 351 10 12 0.028707556 
668 417 13 19 0.028699912 
263 272 8 10 0.02867766 
136 213 7 9 0.028671812 
774 377 12 16 0.028662764 
885 358 10 11 0.02865993 
902 405 13 15 0.028608166 
157 332 10 15 0.028562618 
526 396 10 15 0.028562445 
175 204 8 10 0.028475977 
608 431 20 25 0.028468274 
864 325 9 12 0.028433537 
557 443 14 20 0.028401908 
309 531 13 17 0.028277678 
870 395 11 15 0.028269425 
40 282 10 13 0.028253894 
607 398 13 17 0.028210906 
699 468 21 28 0.028178047 
564 372 10 13 0.028078107 
392 279 7 9 0.028077902 
838 458 16 18 0.028041068 
861 466 14 21 0.028006027 
201 480 16 23 0.027987408 
494 415 21 27 0.02793564 
726 434 13 19 0.027916057 
686 322 17 21 0.027902922 
647 395 13 16 0.027892442 
383 359 10 12 0.02788762 
193 240 6 8 0.02788374 
1008 296 8 10 0.027858613 
468 444 24 30 0.027845785 
824 547 25 31 0.027842078 
652 426 14 21 0.027829621 
964 427 14 17 0.027806072 
392 379 9 13 0.027765416 
991 303 7 9 0.027757224 
382 302 7 10 0.027737537 
466 318 8 10 0.027688308 
864 422 18 23 0.027681008 
472 294 7 9 0.027657727 
689 302 8 9 0.027651308 
920 296 7 10 0.027643489 
244 396 14 18 0.027624149 
351 319 8 10 0.027609712 
155 336 13 19 0.027580416 
982 446 14 19 0.027559968 
838 379 12 16 0.027521642 
2 227 10 15 0.027520277 
31 257 8 9 0.02748606 
755 452 15 20 0.027470909 
25 256 8 10 0.027468523 
340 339 10 12 0.027368758 
878 319 8 10 0.02732884 
823 303 7 9 0.027302042 
504 320 8 9 0.027293619 
253 395 11 15 0.027274055 
311 482 23 29 0.02726909 
848 273 8 9 0.027262956 
220 466 30 32 0.027211303 
541 380 10 12 0.027206462 
566 394 11 14 0.027167251 
640 295 8 9 0.027163051 
999 312 8 10 0.027134202 
912 436 12 16 0.02712767 
419 427 23 29 0.027102638 
500 471 21 30 0.027086288 
448 293 7 10 0.027076023 
243 354 11 16 0.027068121 
607 539 23 29 0.027036833 
445 334 11 14 0.027033724 
911 335 7 10 0.027004603 
301 392 13 18 0.026986342 
632 542 31 31 0.026986295 
101 361 30 40 0.026960747 
632 357 10 14 0.02695004 
144 161 7 8 0.02694405 
905 453 17 22 0.026940191 
259 439 24 31 0.026905771 
407 303 8 10 0.02689493 
654 373 11 14 0.026879793 
599 263 8 10 0.026877558 
438 491 21 32 0.026850801 
282 312 8 10 0.026826909 
533 379 11 13 0.026743393 
799 313 8 10 0.026700841 
504 272 7 9 0.02668811 
509 388 11 14 0.026604429 
562 263 7 9 0.026569214 
28 149 12 16 0.026527284 
911 358 9 12 0.026526373 
407 317 8 10 0.026524054 
167 456 28 33 0.026515048 
638 247 7 9 0.02651303 
424 309 8 9 0.026503958 
563 412 14 18 0.026471125 
925 391 10 13 0.026443621 
864 280 7 9 0.02644216 
520 312 7 8 0.026432108 
407 416 23 30 0.02632676 
535 302 9 11 0.02630527 
549 419 12 16 0.02625858 
255 311 8 10 0.026181178 
349 326 7 10 0.026169498 
428 515 41 55 0.026165688 
713 324 9 12 0.026125303 
696 183 10 13 0.026078058 
264 367 11 14 0.026057974 
342 318 8 10 0.02605747 
16 284 9 11 0.026056837 
215 277 45 90 0.02605248 
422 493 40 54 0.026048716 
513 404 19 25 0.02604726 
634 320 8 11 0.026011465 
589 494 16 24 0.026009774 
848 326 9 11 0.025980392 
544 358 8 11 0.025962379 
841 264 8 9 0.025959693 
582 357 9 14 0.025941683 
958 428 11 16 0.025930354 
53 372 35 46 0.025917418 
366 457 24 28 0.025903225 
759 327 8 11 0.025855683 
266 536 39 42 0.02584594 
135 188 7 9 0.025831887 
170 237 7 10 0.025820673 
1004 503 16 21 0.025813945 
773 355 11 15 0.025805714 
572 270 9 11 0.0257763 
911 327 7 10 0.025771894 
149 502 27 37 0.025747709 
238 286 11 16 0.025747517 
841 508 26 35 0.025723413 
695 418 12 16 0.025629908 
997 260 8 11 0.025614733 
354 434 16 23 0.025607012 
278 247 8 10 0.025606675 
537 493 16 23 0.025571045 
417 371 11 16 0.025477195 
493 341 9 11 0.025476273 
559 248 7 9 0.025455467 
698 261 9 11 0.025454829 
378 444 15 24 0.025451908 
792 301 9 11 0.025450654 
751 363 12 16 0.025400657 
594 465 17 23 0.0253805 
123 200 7 9 0.025375636 
788 435 16 21 0.025287753 
350 409 14 17 0.025269205 
166 332 29 31 0.02525239 
585 263 8 10 0.025157118 
556 427 15 18 0.025154503 
906 285 8 10 0.025141709 
812 356 11 13 0.025126534 
628 205 10 12 0.025121693 
454 287 7 9 0.025062788 
141 324 11 16 0.025062172 
226 399 15 20 0.025037423 
375 255 9 11 0.025015185 
511 310 7 9 0.024982648 
973 319 9 11 0.02497031 
815 286 9 11 0.024955586 
630 388 11 14 0.02493976 
170 272 9 11 0.024895849 
22 310 10 13 0.024885412 
688 191 8 10 0.024842385 
928 420 12 15 0.024810132 
810 491 25 32 0.024803644 
654 379 12 16 0.024801884 
424 411 26 34 0.024791842 
740 457 15 22 0.024783377 
358 339 8 11 0.024780523 
312 365 11 13 0.024770603 
559 442 24 32 0.024756657 
566 405 12 15 0.02475645 
82 140 233 298 0.024727732 
630 378 12 16 0.024712557 
846 344 20 26 0.024709247 
657 240 9 11 0.024692068 
1 297 10 13 0.02467766 
990 247 9 11 0.02465674 
776 116 136 168 0.024654526 
728 339 10 13 0.024646213 
322 464 22 31 0.024637928 
126 206 7 10 0.024628587 
510 293 7 10 0.024618445 
140 332 14 19 0.02460122 
126 309 10 12 0.024587967 
202 485 26 39 0.024558255 
716 184 13 15 0.02451698 
7 310 11 13 0.024513 
191 246 7 9 0.024493538 
168 284 9 12 0.024481645 
169 198 7 10 0.024475418 
495 507 23 35 0.024464648 
416 325 9 11 0.024447534 
381 418 15 20 0.024442036 
15 312 11 13 0.024439877 
1006 320 19 25 0.024317302 
616 374 10 13 0.02431119 
797 458 23 31 0.024304029 
79 364 44 53 0.024263764 
287 338 9 11 0.024261642 
446 304 8 10 0.024190934 
302 543 15 22 0.024181066 
1008 300 19 27 0.02417821 
985 312 18 24 0.02416146 
184 221 7 9 0.024139406 
605 372 10 13 0.024111852 
357 417 15 20 0.02411139 
758 435 15 19 0.024096359 
911 302 8 9 0.024078932 
729 289 7 9 0.024077876 
921 372 10 13 0.024059316 
528 425 12 19 0.024058333 
182 284 10 11 0.024056619 
60 299 14 16 0.024051923 
758 287 8 10 0.024051817 
479 381 10 13 0.024012528 
448 287 8 10 0.024009377 
532 397 13 16 0.024006706 
689 454 25 30 0.024005188 
10 379 16 23 0.023964461 
925 463 17 22 0.023944013 
769 515 19 26 0.02392854 
638 272 9 10 0.023927042 
470 538 13 18 0.02389888 
861 453 11 16 0.023881415 
791 278 8 10 0.023880508 
334 402 12 17 0.023865934 
1000 327 8 10 0.023865614 
730 467 16 23 0.02385158 
850 520 13 19 0.023834815 
417 364 9 13 0.023834303 
243 388 13 15 0.02381986 
254 264 7 9 0.023817727 
655 264 10 10 0.023814756 
589 449 13 19 0.023795431 
582 255 8 10 0.02379162 
944 286 7 9 0.02373304 
625 240 8 11 0.023698468 
316 514 31 33 0.023693254 
870 340 11 13 0.02363321 
631 280 9 10 0.023627274 
703 523 13 19 0.023613758 
562 382 19 24 0.023612488 
76 276 11 15 0.023604019 
397 327 9 11 0.02355033 
458 254 9 11 0.023530412 
615 311 8 11 0.023530085 
142 263 8 11 0.023515051 
387 238 8 10 0.023465808 
782 398 12 17 0.023422804 
529 264 8 9 0.023389118 
790 359 18 23 0.023367442 
851 472 15 19 0.023362268 
144 239 8 10 0.02335154 
943 303 7 10 0.023335041 
928 351 8 11 0.023329325 
975 536 15 23 0.023322383 
968 264 8 10 0.023318216 
717 409 12 16 0.023283474 
854 481 26 33 0.023171255 
5 322 19 23 0.02315463 
153 340 33 41 0.023147028 
486 505 13 21 0.023143187 
517 342 9 11 0.023139374 
607 265 8 10 0.023116555 
359 351 8 11 0.023095256 
619 264 7 10 0.023077069 
476 435 16 19 0.02304674 
265 527 24 33 0.023031956 
119 282 18 23 0.023031417 
176 217 7 9 0.023024097 
335 346 10 12 0.023011446 
290 525 23 33 0.022997418 
959 496 24 30 0.022978751 
967 363 11 13 0.022963574 
313 357 10 12 0.022953702 
701 498 18 21 0.022918288 
620 542 17 22 0.022905895 
361 253 10 12 0.022849943 
715 513 28 39 0.022815412 
868 377 19 23 0.022758747 
872 519 27 37 0.022748822 
134 322 24 31 0.022735158 
77 247 8 11 0.022724722 
721 371 11 15 0.022717053 
701 186 25 29 0.02271252 
691 470 17 23 0.022690708 
247 310 9 11 0.022681018 
199 240 6 9 0.022680178 
302 529 13 19 0.022669658 
306 481 17 21 0.022665655 
575 279 8 10 0.022658715 
718 345 17 23 0.022644285 
822 335 10 12 0.022634864 
193 232 7 9 0.022561407 
661 303 9 11 0.022561254 
471 386 11 15 0.022467649 
845 479 14 19 0.022429235 
709 371 11 14 0.022388393 
888 369 18 22 0.022384 
589 387 13 15 0.022382626 
638 215 9 11 0.02237963 
697 257 9 10 0.022372222 
1 317 9 12 0.022358248 
957 362 12 14 0.022355884 
282 277 8 11 0.022341086 
174 285 9 11 0.022331322 
656 295 7 8 0.022258783 
639 316 10 14 0.022250678 
516 502 23 31 0.022228323 
423 339 10 14 0.02219596 
887 350 9 12 0.02216998 
871 412 11 17 0.02216636 
373 421 15 19 0.022158114 
350 299 8 11 0.022146568 
743 351 10 12 0.022141293 
414 334 9 12 0.02211862 
238 401 14 18 0.022102706 
1003 265 21 26 0.022100136 
678 252 8 10 0.022082377 
654 222 7 9 0.022075783 
382 254 9 11 0.022037672 
944 296 8 9 0.022010295 
767 378 12 15 0.02198934 
529 303 7 10 0.021979405 
897 411 10 14 0.021937212 
841 294 8 10 0.021933952 
544 333 8 10 0.021919345 
407 363 9 13 0.021906786 
658 536 17 24 0.021879563 
878 289 9 10 0.021862965 
653 506 17 20 0.021853913 
886 393 12 15 0.0218098 
512 494 22 29 0.021782931 
335 374 10 13 0.021782279 
574 376 10 12 0.021779435 
237 328 11 16 0.021773126 
780 461 20 26 0.021734813 
130 263 8 10 0.021733329 
708 430 16 21 0.021710359 
660 518 17 24 0.021673998 
704 190 9 11 0.021669429 
1004 425 14 19 0.021652076 
480 373 9 13 0.02161515 
318 352 8 11 0.021598352 
668 379 15 18 0.021560887 
945 407 20 23 0.021546334 
838 303 8 9 0.021528823 
814 279 8 9 0.02151951 
679 340 11 13 0.021510083 
184 200 7 9 0.021500241 
457 530 24 33 0.021460371 
434 335 18 24 0.021454297 
710 181 21 26 0.021432346 
185 206 7 9 0.021427168 
484 432 23 29 0.021401292 
619 469 21 28 0.021386862 
896 386 19 23 0.021383334 
177 244 7 10 0.021363487 
152 223 6 8 0.02136191 
215 198 8 11 0.021348435 
846 264 8 9 0.021346133 
56 315 11 15 0.021336382 
377 514 26 31 0.021326762 
568 306 18 22 0.021321619 
43 294 11 14 0.021319326 
7 256 9 12 0.021311998 
495 289 7 8 0.02130876 
659 453 16 19 0.021284986 
661 366 11 13 0.021273537 
22 323 11 13 0.021272583 
915 273 7 9 0.021254538 
599 388 13 15 0.021241708 
579 422 13 16 0.021236178 
617 271 6 9 0.02123426 
411 438 18 21 0.021226112 
669 478 15 21 0.021220237 
717 442 14 19 0.021124555 
217 224 8 10 0.021109954 
897 529 28 32 0.021090716 
769 280 8 10 0.021041697 
398 317 8 10 0.021036908 
663 293 8 10 0.021032726 
66 289 15 17 0.021013122 
802 399 15 21 0.020980557 
264 393 11 15 0.02097986 
1004 382 14 17 0.020966472 
223 331 30 40 0.020954818 
119 257 7 9 0.020914951 
422 322 19 25 0.020907467 
806 287 8 10 0.020895433 
518 450 20 26 0.02089354 
255 347 10 13 0.020881487 
662 309 8 11 0.020877132 
856 512 27 35 0.020867938 
367 444 21 28 0.020845605 
869 349 12 15 0.0208354 
513 335 8 10 0.020830547 
122 160 7 9 0.02080516 
30 292 9 13 0.020778172 
520 295 7 8 0.020773057 
177 445 27 33 0.020764476 
478 342 8 11 0.020754296 
406 257 8 10 0.020697594 
511 457 12 20 0.020677822 
310 418 13 16 0.02067135 
653 271 11 13 0.020648958 
143 254 8 10 0.020639105 
583 266 18 23 0.02063553 
270 344 8 10 0.020603262 
44 323 11 14 0.02057948 
684 533 27 40 0.020571886 
317 371 13 15 0.020553973 
685 426 11 15 0.02051706 
352 357 9 13 0.020515434 
965 420 13 16 0.020485053 
295 276 8 10 0.020482622 
286 505 24 32 0.02048238 
358 272 9 12 0.020451944 
223 303 26 40 0.020434095 
839 466 14 18 0.020431561 
145 224 6 8 0.020422157 
392 263 8 9 0.020417994 
842 452 18 20 0.02038757 
568 285 7 10 0.020386495 
39 359 25 33 0.020379016 
215 208 8 9 0.020377642 
792 311 8 9 0.02037421 
308 428 23 30 0.020339496 
1013 469 10 16 0.020334331 
308 522 28 33 0.020305205 
104 264 8 10 0.020295968 
514 459 20 28 0.020258976 
854 384 12 16 0.020244965 
455 504 15 21 0.020225707 
468 434 16 20 0.020208122 
465 272 7 9 0.020195073 
341 426 15 19 0.02017664 
912 285 8 10 0.020174246 
1009 286 20 27 0.020153034 
809 239 195 228 0.0201244 
501 494 21 28 0.020121979 
328 342 9 10 0.02010223 
170 182 6 9 0.020091714 
369 271 8 10 0.020067746 
327 350 9 10 0.020055475 
327 268 7 10 0.02004587 
941 376 12 14 0.020010985 
