21_Festival_Festival_21_976
54
148 44 26 33 0.9983089 
358 69 30 35 0.9978237 
533 265 60 76 0.9975043 
814 100 37 53 0.988882 
766 44 20 27 0.9704179 
321 15 20 26 0.96820426 
472 33 23 25 0.9555913 
525 9 19 24 0.95513815 
22 19 18 24 0.9167156 
364 3 14 19 0.8878691 
161 4 18 20 0.7832116 
878 15 20 26 0.6462389 
313 535 79 68 0.50273746 
950 5 15 19 0.19879049 
839 0 15 18 0.14641158 
834 95 34 43 0.061610844 
130 39 13 17 0.0530103 
759 47 17 22 0.04769321 
820 42 23 31 0.04660497 
872 7 37 50 0.045857888 
725 44 12 15 0.041699965 
36 221 414 557 0.04113267 
555 60 13 17 0.03462741 
851 85 29 41 0.034181874 
494 0 13 18 0.031909563 
250 252 39 39 0.0315635 
341 45 13 16 0.029919047 
298 43 16 18 0.029326003 
378 80 17 21 0.028847933 
827 46 27 34 0.028321004 
350 11 12 16 0.027418394 
2 -2 23 26 0.027209189 
0 78 46 62 0.02668922 
758 100 14 19 0.025733693 
810 45 21 30 0.025365673 
274 509 130 125 0.02523423 
888 17 16 22 0.024855834 
0 63 16 21 0.024497932 
336 0 11 12 0.024326973 
717 42 15 17 0.024168275 
842 -2 25 28 0.023060108 
407 0 12 12 0.02293523 
730 45 12 16 0.022882264 
767 39 14 17 0.021584375 
802 50 16 19 0.021482116 
822 91 31 39 0.021424042 
748 36 11 15 0.021398094 
329 13 22 28 0.021151457 
381 21 13 19 0.020939939 
902 54 14 22 0.020809408 
60 6 15 16 0.02058024 
349 19 13 16 0.02042384 
16 3 25 29 0.020372026 
347 528 75 63 0.020243812 
