21_Festival_Festival_21_785
77
333 412 264 341 0.9998216 
728 1221 12 14 0.55755025 
755 1303 8 11 0.16378377 
725 1263 8 11 0.13716699 
815 1301 8 12 0.121351734 
752 1278 9 11 0.09686355 
101 580 49 59 0.070025824 
807 1301 11 14 0.06897324 
833 1237 8 11 0.060223408 
599 1285 8 11 0.059868112 
458 -64 410 481 0.05935066 
791 1276 9 11 0.05745163 
758 1278 7 10 0.053921733 
276 1157 383 494 0.05317573 
750 1239 7 9 0.052151214 
727 1240 10 12 0.050748877 
550 1272 8 11 0.049604643 
823 1240 9 10 0.047327954 
750 1212 8 11 0.046543382 
671 1260 10 11 0.04607237 
782 322 128 173 0.04415396 
779 214 131 199 0.042262938 
736 1257 8 10 0.041291058 
757 1306 9 11 0.038570546 
758 1296 9 12 0.038550124 
329 778 431 480 0.036353167 
718 1240 9 11 0.035196804 
783 1287 8 10 0.034133162 
687 1272 9 12 0.03362723 
732 1239 9 11 0.033464674 
801 1310 9 11 0.032561373 
308 1157 31 33 0.032415055 
753 1284 9 11 0.031801544 
817 1240 9 11 0.030376978 
687 1254 8 10 0.030013885 
718 1245 9 12 0.02994002 
36 648 220 292 0.029011924 
752 1263 7 9 0.028529057 
767 1300 8 11 0.028381007 
733 1217 8 11 0.027884336 
498 1322 35 38 0.027500618 
672 1255 9 11 0.027391035 
138 828 115 144 0.027188376 
768 1276 8 10 0.026937632 
598 1280 8 11 0.026760586 
729 1280 8 11 0.026316056 
36 616 348 505 0.026209135 
752 1273 7 9 0.02541412 
594 1284 9 12 0.025265032 
784 1237 8 10 0.025009029 
742 1262 8 10 0.024515623 
181 81 440 473 0.024225818 
733 1280 9 10 0.02384558 
759 1273 8 9 0.023830343 
671 1238 9 11 0.02312796 
734 1286 9 10 0.023046969 
718 274 174 287 0.0229679 
584 1271 7 10 0.022800187 
798 1272 8 9 0.022793442 
689 1261 8 9 0.022593554 
805 1308 10 12 0.022409674 
757 1286 8 10 0.02232364 
737 1260 9 12 0.02231136 
766 1319 8 10 0.02223218 
569 1294 9 10 0.022144182 
744 1229 9 10 0.02197951 
776 421 134 194 0.021951878 
728 1285 9 11 0.021800341 
819 1243 12 14 0.021545097 
678 1255 8 10 0.021475235 
760 1223 8 10 0.021171357 
914 1083 99 172 0.021168508 
593 1278 9 11 0.020870345 
697 1304 9 11 0.02082722 
782 1309 9 11 0.020805528 
742 1255 8 10 0.02074463 
606 1285 10 12 0.020001791 
