21_Festival_Festival_21_275
267
999 346 14 19 0.9832591 
966 330 16 20 0.963365 
258 267 28 53 0.8894953 
564 338 28 29 0.8365824 
-7 196 48 81 0.78563374 
686 231 9 12 0.6537034 
619 335 23 25 0.6469636 
919 347 10 12 0.6073806 
236 271 33 46 0.45211563 
350 296 24 41 0.4163555 
742 334 12 15 0.36378717 
903 348 9 11 0.34767067 
661 419 13 15 0.29470646 
882 342 8 11 0.2923969 
139 216 18 24 0.28247902 
995 405 13 15 0.2726576 
863 344 8 11 0.2631411 
446 505 14 19 0.24325483 
873 333 7 10 0.20993543 
633 336 15 19 0.1767269 
753 229 9 11 0.17087176 
737 338 10 13 0.1549899 
229 227 16 21 0.13529284 
926 371 12 15 0.13322672 
537 303 28 35 0.13260908 
915 403 10 13 0.1252134 
625 289 16 19 0.12364713 
961 392 8 10 0.120520875 
924 348 9 11 0.1179339 
31 197 53 75 0.11631992 
472 482 14 16 0.11609658 
310 332 36 44 0.11417476 
877 335 9 10 0.11126036 
788 95 10 12 0.10450017 
901 388 9 11 0.10388784 
958 425 8 11 0.09699885 
943 405 9 13 0.09325412 
944 349 9 11 0.092075735 
703 452 12 16 0.090658136 
687 105 10 12 0.08884233 
401 137 9 11 0.08873913 
679 236 9 11 0.085854724 
314 310 49 62 0.08341364 
375 299 32 39 0.083211765 
971 356 12 14 0.08213501 
747 334 11 13 0.08186931 
644 108 10 14 0.07753935 
896 342 8 11 0.07573256 
668 315 10 14 0.07500439 
351 388 52 70 0.06964815 
721 429 11 15 0.06760968 
1012 405 9 13 0.06478833 
313 339 19 22 0.06306076 
948 348 10 12 0.060156148 
936 399 8 12 0.059581894 
847 349 7 9 0.059242755 
833 351 9 11 0.058931783 
806 95 11 13 0.058757566 
766 442 17 19 0.058748815 
354 297 40 50 0.05788911 
937 405 8 11 0.057433777 
869 348 8 10 0.057160992 
120 209 27 36 0.056954313 
847 93 8 11 0.05493443 
515 324 17 23 0.054526772 
540 309 16 19 0.054257948 
730 308 9 12 0.053864602 
706 238 9 12 0.053398967 
683 271 11 14 0.053293973 
515 297 17 20 0.052725036 
663 43 46 50 0.052326582 
753 431 10 13 0.05222853 
822 340 8 11 0.05124153 
733 93 12 15 0.050325368 
196 449 32 37 0.050164446 
712 300 11 12 0.04998924 
716 334 11 14 0.049789015 
146 278 14 16 0.049590994 
643 339 13 17 0.04949823 
333 300 42 55 0.049473498 
1007 406 10 12 0.049181603 
471 408 36 49 0.04913482 
762 401 8 12 0.048292436 
588 451 14 18 0.048214875 
47 216 55 71 0.04809224 
1001 337 10 12 0.04791849 
234 228 24 30 0.04767193 
766 308 10 13 0.04736233 
722 255 8 10 0.047108486 
444 309 25 32 0.04678629 
682 230 9 13 0.04659671 
859 343 7 10 0.046358526 
952 424 9 12 0.045785688 
683 332 14 17 0.045775335 
980 422 10 14 0.04570087 
557 322 31 40 0.0456335 
265 264 18 33 0.0455494 
785 261 10 12 0.045281157 
438 278 10 13 0.044652607 
677 333 14 18 0.044597104 
818 341 8 10 0.043174803 
870 424 7 9 0.043011345 
470 345 12 16 0.04294113 
532 329 15 19 0.042802937 
913 348 9 12 0.042679783 
940 399 10 12 0.042564746 
684 421 13 16 0.04248369 
62 136 35 45 0.042048085 
-17 324 159 229 0.04182678 
815 375 8 12 0.04160456 
899 348 8 11 0.04148287 
735 436 8 11 0.040525217 
871 359 7 9 0.040299498 
1008 455 9 13 0.040214203 
993 398 12 14 0.039314453 
598 504 13 18 0.03907125 
459 272 16 25 0.038945913 
508 475 17 18 0.038082037 
674 237 9 11 0.037895296 
749 340 11 13 0.03768709 
727 434 10 13 0.037376557 
1004 260 9 13 0.03718539 
768 14 49 58 0.03687979 
1006 462 12 18 0.036819115 
845 375 7 10 0.036812074 
671 312 9 13 0.03660895 
719 397 13 16 0.03632683 
189 435 51 61 0.03613765 
142 282 15 22 0.03569471 
712 337 12 15 0.035661314 
697 302 9 11 0.035298932 
937 392 9 11 0.03526377 
709 363 13 16 0.035030395 
206 272 24 41 0.034827795 
745 451 10 12 0.034541488 
748 446 10 13 0.03403855 
619 395 27 36 0.03360488 
898 385 8 11 0.03331058 
775 317 11 13 0.03309072 
517 303 38 50 0.032833807 
725 254 10 12 0.03281571 
980 428 11 14 0.032753453 
762 254 9 11 0.032689113 
581 441 24 28 0.03259335 
936 341 9 13 0.03217708 
509 299 25 33 0.03193168 
720 247 10 12 0.031921636 
716 364 10 15 0.03182916 
541 302 44 53 0.031791344 
660 322 13 17 0.03156383 
705 403 15 19 0.031532478 
936 350 9 11 0.03147075 
55 148 53 66 0.030938808 
690 195 13 15 0.03085107 
896 407 8 11 0.030844178 
948 406 10 13 0.030483302 
1012 411 10 14 0.030441392 
966 402 11 14 0.030350734 
841 93 10 12 0.030244457 
974 362 11 13 0.030224355 
523 326 16 21 0.030121183 
445 253 44 53 0.029923692 
885 382 9 11 0.029712541 
759 343 9 11 0.02965385 
787 285 10 13 0.029640073 
615 284 11 15 0.029523354 
832 344 8 10 0.029481182 
612 279 22 28 0.02913734 
963 397 11 13 0.028968714 
733 304 9 11 0.028957928 
993 347 13 17 0.028934743 
766 343 9 12 0.028781645 
830 397 10 13 0.028311305 
936 357 10 12 0.02825037 
723 261 8 9 0.027939346 
761 308 10 13 0.027905347 
787 292 10 14 0.027736848 
694 288 8 10 0.0276101 
1016 380 9 13 0.027566409 
604 297 13 16 0.027347986 
780 316 11 13 0.027328491 
615 299 12 14 0.027255338 
984 347 12 15 0.027086312 
837 350 8 10 0.026719838 
725 332 11 14 0.026612803 
744 270 9 12 0.026352514 
788 300 9 12 0.026314406 
782 312 10 11 0.026306335 
709 110 11 14 0.026066544 
602 288 15 17 0.026056413 
831 392 9 11 0.026002318 
887 398 9 11 0.025965568 
503 315 26 35 0.025706235 
604 309 11 13 0.025182026 
462 347 14 17 0.02503246 
704 255 8 10 0.024930442 
888 390 8 11 0.02482503 
999 269 8 11 0.024751713 
635 291 12 16 0.024617964 
544 536 15 20 0.024438024 
641 254 9 11 0.024437215 
709 92 9 12 0.024414543 
950 412 8 11 0.024306284 
77 225 56 69 0.024294142 
623 303 13 16 0.024121366 
775 383 9 12 0.024058703 
952 398 9 11 0.023780905 
584 344 18 21 0.02372518 
516 285 12 13 0.023693347 
846 383 8 10 0.023359543 
1005 235 10 13 0.023231559 
878 358 8 10 0.023196936 
559 339 44 47 0.02298109 
652 310 13 15 0.022919802 
574 621 28 33 0.022890778 
1013 342 11 16 0.022785835 
662 311 19 24 0.022780476 
665 209 194 230 0.022772226 
926 357 10 12 0.022713628 
646 314 13 17 0.022705404 
960 384 8 10 0.022584809 
628 403 14 18 0.022559578 
69 394 108 146 0.022346653 
999 461 19 34 0.022136206 
892 336 10 12 0.02211895 
773 310 11 12 0.022072487 
626 411 15 18 0.02204087 
855 389 7 9 0.02198629 
679 61 195 282 0.021964075 
710 54 11 13 0.021962222 
701 318 11 15 0.021928577 
801 100 13 16 0.021846678 
741 436 9 11 0.021829406 
816 401 8 11 0.021669986 
301 301 13 16 0.021668741 
930 398 8 12 0.021626964 
676 310 11 14 0.02160337 
426 289 473 425 0.021602852 
823 124 10 12 0.021595495 
885 347 8 11 0.021585071 
519 276 10 14 0.021477157 
383 134 9 11 0.021369208 
620 276 24 29 0.021339469 
428 507 12 15 0.021328142 
914 343 20 23 0.021305837 
735 254 9 12 0.021249196 
806 89 10 12 0.02106252 
674 457 13 19 0.020991826 
725 236 14 16 0.020889433 
706 422 12 15 0.020855604 
927 310 8 10 0.020819426 
931 405 8 10 0.020633467 
532 278 33 40 0.02060521 
869 371 9 12 0.020587426 
622 295 22 26 0.020577207 
998 373 10 14 0.020568095 
982 341 10 14 0.02052793 
717 296 8 11 0.020461692 
941 354 10 13 0.020460268 
902 408 8 11 0.020433769 
495 291 43 55 0.020332359 
864 118 7 9 0.02029652 
903 354 10 12 0.02026892 
730 87 20 26 0.020194352 
802 107 10 12 0.020182965 
974 320 10 12 0.020039756 
841 382 8 11 0.020016227 
