21_Festival_Festival_21_378
678
637 242 19 23 0.9214996 
742 214 13 14 0.8853656 
47 214 9 11 0.87432444 
914 230 10 13 0.84444034 
908 275 16 21 0.8309091 
716 217 13 15 0.81976223 
969 216 10 12 0.802381 
335 207 8 10 0.76137894 
821 221 10 13 0.73641425 
191 212 10 12 0.7221602 
618 237 15 19 0.6665662 
365 216 9 12 0.5563117 
91 270 12 15 0.54293895 
948 222 9 12 0.53748375 
446 212 10 12 0.5204975 
681 226 12 15 0.518895 
62 207 8 10 0.5096691 
284 206 9 12 0.49228302 
85 213 8 10 0.48891994 
399 213 14 16 0.48714435 
209 204 8 10 0.48653576 
172 213 9 12 0.48574543 
858 221 9 11 0.48057988 
780 215 11 12 0.42643946 
118 207 8 10 0.4264185 
896 223 10 12 0.40392247 
522 219 9 12 0.39136848 
597 223 8 11 0.38374156 
480 216 9 11 0.3677252 
875 224 11 12 0.36354226 
120 228 9 12 0.34543213 
137 241 10 13 0.34381407 
764 289 11 14 0.3377885 
839 225 8 10 0.32973868 
80 212 9 11 0.31817266 
864 247 8 11 0.31472683 
968 238 10 12 0.3120879 
377 208 9 11 0.3088159 
424 278 8 11 0.2993146 
273 214 9 11 0.29738903 
547 228 8 12 0.29386336 
258 216 8 10 0.28465766 
258 220 9 12 0.28045335 
287 212 9 11 0.27895567 
234 222 9 13 0.26760837 
30 209 10 12 0.2665684 
838 274 11 13 0.26251104 
125 229 9 12 0.25898394 
693 211 10 14 0.2552104 
352 215 8 10 0.24841963 
544 222 8 11 0.24070024 
309 263 8 12 0.23893188 
628 216 10 13 0.23286226 
302 208 8 10 0.2199513 
457 502 141 97 0.20914757 
118 254 10 12 0.20900753 
381 213 9 12 0.20576817 
869 246 10 12 0.1982553 
304 215 8 9 0.19719703 
114 208 7 9 0.19099192 
501 238 9 11 0.18974723 
542 215 8 10 0.18923241 
137 208 8 10 0.18768631 
465 221 8 10 0.1869092 
996 234 10 14 0.18004937 
898 237 10 13 0.17958762 
799 223 9 11 0.17853034 
899 270 16 21 0.17801303 
414 269 8 12 0.17745848 
137 213 9 10 0.17029704 
60 286 10 13 0.16292791 
142 214 9 11 0.15975033 
432 213 9 10 0.1586515 
478 309 10 12 0.15792966 
725 220 9 13 0.15673397 
810 306 9 12 0.15610379 
821 240 8 10 0.15040368 
153 208 7 8 0.14958633 
7 182 9 11 0.14659642 
487 216 8 10 0.14302872 
486 304 10 12 0.14290354 
256 206 8 9 0.14242375 
494 214 8 10 0.13648938 
172 208 10 12 0.13635568 
96 207 8 10 0.13597192 
351 208 8 9 0.13540708 
647 223 11 13 0.13519874 
281 201 9 11 0.1340339 
984 231 11 13 0.13336968 
669 231 10 13 0.13063316 
225 208 8 9 0.13055584 
729 246 8 11 0.13029687 
357 245 10 12 0.13011803 
424 220 8 10 0.12881081 
342 207 7 9 0.12767512 
583 216 8 11 0.12728608 
153 231 8 11 0.1268409 
423 215 8 10 0.123929285 
825 295 10 12 0.12358956 
861 217 9 11 0.12261983 
77 303 11 12 0.120991744 
383 219 9 12 0.12032932 
561 224 8 11 0.11898737 
538 214 7 10 0.116733335 
807 228 8 10 0.11533624 
330 207 8 10 0.11262066 
990 231 12 15 0.11210157 
430 271 8 12 0.11021206 
72 239 9 12 0.11017643 
669 248 9 12 0.1085021 
827 312 12 13 0.1066656 
360 207 8 9 0.106518336 
141 208 8 10 0.106471285 
118 248 8 10 0.10641953 
441 213 9 11 0.10610905 
464 217 8 9 0.10606802 
569 307 9 11 0.10553415 
464 252 8 11 0.10535989 
502 268 8 11 0.104619324 
880 250 11 14 0.103720956 
425 284 9 12 0.102999315 
832 246 8 10 0.10257202 
480 519 82 56 0.10255996 
157 208 8 9 0.10159754 
767 310 11 14 0.09942135 
0 222 9 12 0.09849316 
426 292 9 12 0.09607633 
847 293 10 11 0.09590974 
458 268 11 14 0.09587469 
804 245 9 12 0.09439225 
502 233 8 10 0.09420661 
208 275 8 11 0.094053164 
213 205 8 9 0.09323159 
429 294 10 12 0.09220934 
318 207 8 9 0.09179196 
373 237 10 13 0.09093325 
567 224 8 10 0.09006199 
759 221 9 11 0.08964093 
198 236 9 11 0.08901917 
727 262 9 11 0.088963486 
509 222 8 10 0.0875857 
469 222 8 9 0.08678507 
57 208 8 10 0.086681895 
1012 260 10 16 0.08594813 
502 278 9 12 0.08587615 
174 222 8 9 0.08566461 
941 253 14 20 0.08519995 
313 207 8 10 0.08504958 
895 253 10 14 0.08476135 
524 216 8 10 0.08213159 
230 207 8 9 0.08205801 
374 233 9 11 0.081722066 
353 219 9 12 0.08169019 
505 215 8 10 0.079854436 
263 198 9 11 0.07949268 
964 258 17 19 0.07822642 
928 231 10 12 0.07811449 
2 195 9 13 0.07799815 
377 187 10 12 0.07794815 
886 310 13 17 0.07712314 
237 228 9 13 0.076085486 
761 246 8 10 0.07579214 
165 248 8 10 0.07564788 
404 208 12 15 0.07460662 
1000 326 10 13 0.07430666 
392 214 10 12 0.07332255 
70 281 9 11 0.07309628 
752 302 10 12 0.07279944 
452 208 9 12 0.072276324 
581 236 9 9 0.071204506 
429 300 10 12 0.07104355 
409 265 9 11 0.07047453 
1014 235 9 13 0.0703921 
688 213 10 13 0.07036406 
359 239 9 11 0.06909587 
411 287 7 9 0.06891804 
297 205 9 12 0.06877593 
162 247 8 9 0.06803898 
509 215 8 9 0.068005316 
997 252 10 13 0.0677922 
239 236 8 11 0.06751786 
848 287 9 11 0.067411035 
424 273 10 12 0.06740398 
801 240 9 11 0.06706728 
166 262 7 10 0.066801354 
565 229 8 11 0.066356376 
576 223 7 9 0.06586318 
853 261 8 11 0.065841384 
564 294 9 12 0.065438665 
839 293 12 12 0.064883254 
143 219 9 11 0.06442931 
154 238 8 9 0.06363181 
103 209 7 9 0.06336315 
73 213 9 10 0.06317046 
392 254 8 11 0.06306807 
469 254 8 10 0.06277759 
858 246 9 11 0.06255867 
146 191 7 9 0.06252646 
361 219 10 12 0.06252558 
86 238 9 11 0.0623758 
237 216 9 11 0.061944257 
78 254 9 11 0.061383173 
194 239 8 10 0.061344594 
662 223 9 11 0.06121381 
231 215 9 10 0.060641963 
312 230 9 11 0.060546987 
225 213 9 10 0.060325373 
880 288 9 10 0.060204744 
150 214 7 9 0.05984526 
968 232 9 11 0.05959274 
756 303 10 13 0.059339266 
808 280 10 14 0.059187233 
4 190 10 13 0.058871143 
277 212 11 13 0.058330912 
249 201 8 10 0.058118857 
118 211 8 10 0.05806092 
696 247 8 11 0.05778381 
840 284 10 12 0.057451446 
970 242 12 14 0.057274837 
506 308 10 14 0.05700397 
503 244 8 10 0.056909643 
175 230 7 9 0.056900173 
816 229 8 10 0.05683807 
238 206 7 9 0.056433436 
560 278 8 10 0.05638228 
31 255 9 11 0.056173787 
127 207 8 10 0.056172896 
467 325 10 14 0.056123603 
594 228 10 11 0.055970952 
839 237 8 11 0.055666633 
536 209 8 10 0.055349756 
320 214 8 9 0.05483964 
114 253 8 10 0.05478185 
196 208 9 10 0.05463346 
889 304 11 13 0.054294087 
304 246 8 11 0.053878795 
835 229 9 11 0.05373109 
933 234 12 15 0.053728726 
113 223 9 11 0.053662635 
828 299 10 12 0.053485982 
428 276 10 12 0.053439956 
305 267 9 12 0.053355962 
263 192 9 10 0.05321489 
909 258 15 17 0.053115483 
498 270 9 10 0.05303101 
893 301 12 14 0.053006493 
747 218 11 14 0.052928302 
289 220 9 11 0.05240517 
305 220 8 10 0.052390393 
41 277 9 11 0.05235091 
27 207 8 11 0.05223999 
849 262 8 11 0.05203441 
106 296 8 11 0.051870458 
942 235 13 16 0.05169594 
733 278 12 16 0.05150845 
567 239 8 10 0.05133551 
534 296 8 10 0.050871648 
567 246 8 10 0.05058559 
320 237 8 10 0.05042279 
87 209 8 10 0.050406057 
702 229 9 11 0.050296452 
221 238 8 10 0.050269946 
174 199 8 10 0.05021639 
309 248 9 12 0.05014699 
335 202 7 9 0.050066248 
328 202 8 9 0.049712755 
418 278 8 11 0.049569674 
846 222 8 10 0.04954763 
86 220 9 11 0.049337216 
856 227 10 11 0.049123827 
1014 334 8 13 0.04903209 
578 231 8 10 0.048849933 
110 300 7 10 0.048807546 
109 295 9 11 0.04865355 
113 248 8 10 0.04845661 
896 281 13 16 0.048425157 
950 218 9 11 0.048136093 
992 262 12 16 0.048103787 
88 245 10 11 0.048102513 
901 243 10 12 0.04801522 
234 237 8 10 0.047952343 
318 201 8 10 0.047930025 
62 211 9 11 0.047850337 
169 232 7 9 0.0478352 
970 262 17 21 0.047777116 
368 253 10 12 0.0477676 
55 261 9 11 0.047666598 
112 212 9 10 0.04726498 
456 263 11 13 0.047223575 
550 237 9 11 0.04716495 
792 285 9 12 0.0471225 
509 303 9 11 0.047024086 
310 214 8 10 0.04691435 
914 339 15 19 0.046892717 
21 286 7 9 0.046635766 
790 303 10 13 0.0463716 
529 310 8 10 0.04633134 
190 246 8 11 0.046113294 
96 212 8 9 0.04563979 
621 233 11 13 0.045613565 
63 268 9 12 0.045612928 
792 231 9 10 0.045593783 
105 301 9 10 0.045415062 
948 226 11 14 0.04534944 
294 239 8 11 0.04533658 
115 228 9 12 0.045186725 
925 257 13 18 0.04472868 
526 271 8 10 0.04454499 
429 315 10 13 0.044348337 
945 217 8 11 0.04397126 
640 229 11 13 0.043909963 
855 253 9 12 0.043603484 
980 260 11 16 0.0435999 
423 252 9 11 0.043586526 
415 207 9 11 0.043286715 
413 549 31 34 0.043138348 
542 534 35 33 0.04312707 
368 245 9 11 0.042937305 
577 216 8 10 0.04269511 
262 206 8 10 0.042531688 
503 209 9 10 0.042447776 
76 295 10 12 0.04235605 
56 277 9 11 0.042031243 
112 199 7 9 0.04180378 
795 221 8 11 0.04164026 
80 200 7 8 0.041418973 
1007 235 10 13 0.04121669 
159 212 8 10 0.0407063 
45 209 19 23 0.04069513 
191 263 7 9 0.040553212 
830 215 8 11 0.04046184 
93 246 9 11 0.04043023 
1007 266 11 14 0.040390745 
498 233 8 10 0.04021427 
141 233 9 10 0.0401056 
71 208 8 9 0.03995904 
704 223 9 12 0.03984049 
380 184 10 12 0.03965954 
653 223 11 13 0.039593045 
782 230 9 11 0.039578434 
41 199 7 9 0.039392766 
832 222 8 11 0.0393436 
271 208 8 10 0.039196346 
397 254 8 10 0.038926717 
231 200 9 10 0.03888642 
960 254 12 17 0.038601145 
911 226 17 22 0.03842317 
878 238 9 11 0.038367987 
165 253 7 10 0.038236853 
414 199 9 10 0.03803868 
472 217 8 9 0.037845965 
574 304 9 11 0.037595622 
414 285 9 11 0.03756395 
852 285 10 11 0.03755329 
158 239 7 8 0.0375296 
129 237 9 11 0.037527025 
845 277 10 13 0.03723314 
72 332 14 16 0.036998786 
679 216 10 12 0.036907878 
328 213 8 9 0.036721516 
193 200 8 9 0.036710266 
934 250 14 19 0.036417462 
345 240 7 10 0.036348887 
392 196 10 12 0.036301255 
1013 254 11 16 0.036296926 
224 232 7 10 0.036274817 
550 224 8 11 0.03616997 
495 246 9 11 0.036155764 
157 230 8 11 0.03615368 
832 252 9 11 0.035895146 
423 209 8 10 0.03581005 
248 237 8 11 0.035781067 
510 209 8 10 0.035730045 
302 283 8 11 0.035685457 
617 233 10 11 0.03560812 
792 279 9 13 0.035596 
96 201 8 9 0.035490472 
61 223 9 11 0.03537581 
121 305 7 8 0.035281852 
966 212 17 21 0.035242226 
327 263 12 14 0.03479212 
85 231 10 12 0.034720566 
512 240 9 10 0.03462459 
889 223 9 12 0.0344817 
844 269 9 12 0.034373358 
318 232 8 10 0.034328442 
151 199 8 9 0.034255896 
230 279 9 12 0.03425345 
665 234 11 13 0.034182236 
456 252 10 12 0.03418058 
974 231 9 12 0.03412005 
559 216 8 9 0.03392282 
733 247 9 11 0.03383812 
495 209 9 10 0.03383707 
895 258 12 17 0.03364957 
184 264 8 10 0.033250526 
960 244 10 13 0.033177428 
870 241 10 11 0.033164084 
191 254 7 10 0.03316359 
199 289 7 9 0.033158034 
255 236 12 14 0.03304536 
402 308 9 12 0.03303852 
833 240 8 10 0.033031188 
489 252 9 11 0.032923155 
447 218 9 11 0.032915037 
365 208 9 10 0.032823473 
55 271 10 12 0.03266447 
39 248 8 10 0.03257189 
349 200 9 11 0.032519057 
53 213 9 11 0.032446515 
551 542 40 31 0.032422677 
104 199 7 9 0.032409836 
150 222 8 11 0.032243848 
435 460 242 212 0.032239296 
902 217 8 11 0.032200925 
326 246 9 10 0.03185308 
62 262 9 11 0.031716794 
792 236 8 11 0.031635303 
85 306 10 11 0.031610694 
16 198 8 10 0.03147768 
936 223 9 11 0.031448886 
545 236 9 11 0.0313164 
247 232 8 11 0.0312998 
783 210 9 12 0.03126337 
729 252 10 13 0.031258132 
911 215 10 11 0.03107919 
391 247 8 11 0.031064931 
785 303 10 14 0.030935349 
535 301 7 10 0.030880375 
289 238 9 11 0.03080472 
464 318 11 14 0.030797755 
288 519 46 37 0.03063988 
375 199 11 13 0.030570608 
900 251 13 16 0.030566234 
684 233 11 14 0.030530032 
479 209 9 11 0.030386541 
294 216 8 10 0.030334748 
727 241 8 10 0.03020665 
760 240 9 11 0.03015477 
391 238 8 10 0.030145723 
22 224 10 12 0.030144133 
63 201 8 10 0.03010865 
162 263 8 10 0.030092012 
534 311 8 10 0.029905777 
255 227 12 14 0.029859468 
885 287 9 12 0.029795077 
718 223 12 16 0.029638465 
991 252 11 14 0.029477667 
113 262 9 11 0.029441534 
552 313 8 11 0.029382315 
128 305 7 9 0.029343275 
357 250 11 14 0.02923978 
578 237 8 10 0.029132226 
1006 332 10 13 0.029089672 
472 262 8 10 0.02894879 
41 214 9 11 0.028832862 
544 313 8 10 0.028765596 
940 242 14 19 0.028729942 
26 165 8 10 0.02872329 
239 201 8 9 0.02871608 
909 321 11 15 0.028674947 
369 232 7 9 0.028648078 
719 238 8 10 0.028602786 
128 214 8 9 0.028506298 
799 217 8 10 0.028439645 
153 245 8 11 0.02843175 
13 176 8 10 0.028367044 
362 211 17 22 0.028357437 
582 302 8 10 0.028351735 
23 192 8 10 0.028350474 
210 296 8 10 0.028264703 
513 294 8 10 0.02825714 
498 284 8 11 0.028162211 
120 201 7 9 0.028071016 
834 276 10 13 0.02807078 
887 238 9 11 0.028063158 
281 231 9 11 0.027995633 
624 212 18 22 0.02797738 
758 307 12 15 0.027897017 
499 263 8 11 0.027895091 
137 220 9 11 0.02781141 
848 216 8 11 0.027748192 
898 298 15 18 0.027723903 
624 209 9 10 0.027673272 
409 199 8 10 0.02754448 
343 191 9 10 0.027538264 
505 304 10 12 0.027432295 
460 143 108 135 0.027426872 
621 249 11 14 0.027378052 
939 296 17 20 0.027325697 
872 294 8 11 0.02731281 
821 244 9 11 0.027311848 
991 224 9 11 0.027297547 
46 255 10 12 0.027069151 
791 206 8 11 0.0270014 
870 260 11 13 0.026888238 
895 294 12 14 0.026869753 
343 213 8 10 0.026869528 
173 191 8 9 0.026728269 
462 299 11 15 0.026674176 
426 310 11 13 0.026433298 
887 212 10 12 0.026371777 
111 287 9 11 0.026370138 
345 200 7 10 0.026324946 
536 198 8 10 0.026251351 
831 208 9 11 0.026236543 
62 280 10 12 0.026204769 
818 217 10 12 0.026202207 
695 252 8 12 0.02617215 
353 246 9 11 0.026105909 
159 223 7 10 0.026026832 
398 262 8 11 0.026012085 
913 270 16 20 0.025940932 
701 238 9 12 0.025933845 
78 246 8 10 0.025843909 
313 200 9 11 0.025801806 
226 278 9 10 0.025787177 
995 242 13 16 0.025732916 
463 311 9 12 0.02566503 
287 231 9 10 0.025646722 
727 226 9 13 0.025645936 
490 526 43 39 0.025602933 
900 260 13 18 0.025581842 
134 234 17 23 0.025580762 
457 247 10 12 0.025565036 
790 215 9 11 0.025452571 
111 268 9 11 0.025428347 
526 228 9 11 0.025350003 
864 240 9 10 0.025333785 
127 200 8 10 0.025322864 
254 209 18 24 0.025317457 
359 231 9 10 0.025123565 
991 247 21 27 0.025005227 
850 256 8 11 0.024999624 
158 200 8 9 0.024940822 
478 316 10 13 0.024837164 
46 199 8 10 0.024736604 
743 300 11 15 0.02472587 
880 310 12 16 0.024661897 
78 237 10 12 0.024638023 
87 199 7 9 0.02463133 
528 303 9 11 0.024617268 
984 228 20 26 0.024580894 
294 232 8 10 0.024457835 
430 220 9 12 0.024455858 
56 191 7 10 0.024410754 
169 184 8 10 0.02439666 
188 208 19 23 0.024378829 
208 262 8 10 0.0243567 
134 201 19 25 0.024348931 
170 220 9 11 0.024229228 
947 295 13 18 0.024199428 
960 221 9 12 0.023946816 
509 316 10 11 0.023946593 
776 230 10 11 0.023872843 
599 237 8 10 0.023871752 
331 201 18 24 0.023820221 
818 253 9 12 0.023775723 
210 301 9 11 0.023723165 
561 238 8 11 0.023674289 
901 289 13 17 0.023657534 
839 310 11 14 0.023652738 
134 305 8 9 0.023595246 
128 189 8 10 0.023590248 
736 220 10 12 0.023527082 
750 238 9 11 0.023524502 
749 276 12 15 0.023439476 
757 252 12 16 0.023428004 
194 233 9 10 0.023381345 
22 197 8 9 0.023341473 
797 303 9 11 0.02333672 
519 208 9 10 0.023277046 
9 177 9 12 0.02322739 
76 285 9 12 0.023205405 
443 204 18 21 0.023178747 
639 222 10 13 0.023134287 
160 278 9 10 0.023077382 
124 255 10 12 0.023068175 
206 223 9 10 0.023032993 
334 268 12 14 0.022998061 
807 217 8 10 0.022969099 
584 208 8 11 0.022944694 
200 191 8 10 0.022927968 
112 192 8 10 0.022916207 
185 254 8 9 0.022838099 
150 191 8 9 0.022728674 
878 216 9 11 0.022643778 
702 212 10 13 0.022580665 
136 201 7 9 0.022566902 
431 254 9 11 0.022553308 
135 233 9 10 0.022549346 
789 254 9 12 0.022541726 
273 181 10 12 0.022480113 
390 271 8 11 0.022479508 
462 208 9 11 0.022468701 
415 213 9 11 0.022442438 
397 198 10 10 0.022435676 
215 289 8 9 0.022434311 
898 278 22 26 0.022423089 
423 262 10 13 0.022368748 
144 198 8 10 0.022353549 
687 245 11 13 0.022324078 
1007 222 9 12 0.022290248 
393 260 8 11 0.022238301 
560 273 7 10 0.022185592 
886 292 10 13 0.022169307 
103 278 8 10 0.022150295 
771 286 10 14 0.022114774 
432 263 9 11 0.02210466 
766 301 11 13 0.022018133 
533 254 9 11 0.021968715 
672 222 10 13 0.021935789 
103 253 9 10 0.021865785 
720 246 9 11 0.02167182 
408 292 9 12 0.021670552 
776 210 18 22 0.021639138 
399 302 11 14 0.021635188 
161 121 382 423 0.021626094 
279 201 17 21 0.021596026 
45 273 11 13 0.021553582 
741 246 10 11 0.021550743 
895 216 11 13 0.021530677 
862 228 9 12 0.021528468 
384 246 9 11 0.021509089 
95 253 9 11 0.02150346 
217 232 8 10 0.021499835 
351 209 20 26 0.021437356 
102 320 11 12 0.021437125 
305 229 8 11 0.02142601 
551 303 8 10 0.021383988 
102 230 8 11 0.021283869 
391 208 10 12 0.021278957 
1007 254 12 16 0.02125228 
325 239 9 10 0.02116692 
97 190 7 9 0.021152252 
687 252 11 13 0.02114417 
342 222 9 12 0.021140797 
72 201 7 8 0.021102987 
509 230 9 10 0.021082714 
494 253 8 10 0.02107825 
93 296 9 10 0.021006247 
120 236 8 11 0.02096388 
552 207 8 10 0.020920947 
914 253 14 17 0.02092087 
79 208 20 24 0.020904979 
269 232 8 10 0.020871399 
104 286 9 11 0.020827176 
270 200 9 10 0.020813255 
518 239 8 10 0.020769209 
996 265 14 16 0.020739626 
210 256 8 10 0.020736791 
120 269 8 10 0.02052843 
488 209 8 10 0.020468563 
839 300 11 13 0.020440495 
4 216 11 12 0.020440122 
280 255 7 10 0.020418193 
944 217 18 22 0.020406824 
231 217 18 24 0.020390028 
748 208 10 12 0.020388896 
22 282 8 10 0.020377023 
38 208 9 10 0.020369275 
241 264 9 12 0.020353649 
152 264 8 10 0.02034003 
268 208 21 25 0.020338457 
791 197 8 11 0.02032955 
398 296 9 11 0.020322144 
278 261 8 11 0.020288944 
192 192 7 9 0.02027332 
72 309 9 11 0.02026638 
545 317 9 10 0.020229574 
734 254 8 11 0.020137329 
696 239 8 11 0.020081963 
384 272 9 12 0.02008161 
25 260 9 12 0.020069482 
559 311 9 11 0.02004848 
167 206 18 23 0.020035004 
409 278 9 12 0.020023778 
328 255 11 12 0.020002792 
