11_Meeting_Meeting_11_Meeting_Meeting_11_441
126
648 290 30 37 0.99860257 
554 279 26 32 0.99802643 
403 279 24 36 0.99725527 
254 303 27 49 0.994241 
461 274 24 31 0.990493 
732 292 26 38 0.98023957 
759 332 27 38 0.9332701 
377 306 25 45 0.8997435 
740 336 25 33 0.8953061 
138 359 35 66 0.86107117 
144 497 68 74 0.74491 
623 319 26 32 0.7245394 
817 341 28 47 0.6668662 
424 351 36 59 0.5942772 
671 11 12 16 0.59139717 
907 582 98 113 0.5645936 
208 470 59 96 0.54657006 
625 434 28 33 0.47755048 
406 354 41 54 0.46248782 
387 368 47 49 0.4329425 
601 225 10 14 0.420963 
327 302 25 37 0.37529805 
569 246 12 14 0.3165762 
849 362 37 41 0.29810908 
780 343 34 43 0.27394938 
223 197 15 20 0.23910998 
776 11 11 14 0.23263258 
226 452 56 89 0.18011913 
584 470 33 35 0.14613079 
831 352 36 43 0.12912528 
208 632 71 55 0.12308906 
262 321 31 44 0.1172474 
341 321 39 44 0.09385459 
170 487 82 83 0.09320276 
848 256 12 16 0.08616257 
116 470 57 74 0.08259043 
555 228 9 13 0.0779913 
361 315 32 43 0.07694718 
255 629 56 55 0.076663435 
221 183 13 16 0.07025381 
735 312 35 46 0.06575999 
767 334 33 45 0.061294194 
185 626 67 52 0.060142368 
622 324 17 20 0.059192672 
220 208 17 23 0.05783691 
299 131 32 35 0.05698793 
558 195 13 17 0.054165177 
216 183 11 14 0.052330974 
871 255 13 15 0.051761568 
995 259 12 15 0.049545325 
870 342 30 43 0.048545007 
752 337 22 30 0.047728304 
238 651 35 36 0.047681667 
620 245 10 13 0.04636387 
212 198 20 27 0.044349834 
48 93 118 172 0.044145823 
917 198 14 18 0.04289218 
225 188 13 16 0.042315096 
367 357 47 56 0.04028983 
962 419 19 25 0.04026795 
195 199 23 27 0.039905127 
662 426 33 42 0.03951715 
272 335 19 27 0.038998008 
218 186 21 26 0.03890797 
677 292 13 20 0.03844668 
615 244 10 13 0.03770965 
583 391 15 19 0.037624653 
1013 410 10 18 0.037462655 
597 244 12 15 0.037393734 
248 172 12 17 0.0371037 
282 640 38 41 0.036876976 
976 261 8 12 0.035924777 
748 298 28 31 0.03584848 
278 389 52 60 0.03557676 
126 438 60 86 0.03533639 
385 295 26 43 0.035198845 
606 243 12 14 0.034819555 
586 240 9 11 0.034737997 
423 336 29 45 0.0345487 
802 212 12 15 0.034351006 
556 234 10 15 0.033343803 
246 377 51 68 0.032979667 
501 593 13 14 0.031493157 
938 584 50 53 0.029962124 
583 361 28 37 0.029928997 
676 37 9 12 0.029533057 
634 426 42 43 0.02943471 
598 222 18 22 0.029104335 
248 165 11 16 0.029057926 
132 511 109 95 0.028858433 
867 360 32 44 0.028473016 
578 481 30 32 0.02841973 
122 386 52 84 0.028278794 
603 461 13 17 0.028264133 
794 334 33 50 0.027800154 
624 364 12 17 0.027505217 
81 348 47 66 0.027221365 
335 307 34 45 0.02711157 
246 419 52 74 0.026751628 
224 389 57 77 0.026430367 
718 648 48 47 0.02638552 
223 505 57 88 0.026180042 
415 403 51 73 0.025588248 
670 44 11 13 0.025492283 
738 330 20 27 0.025160564 
270 393 37 47 0.02510966 
581 496 16 18 0.024818541 
974 267 10 13 0.024810715 
857 231 11 14 0.024539541 
735 285 13 21 0.024298461 
269 481 30 50 0.024237437 
460 236 13 16 0.0241037 
589 331 14 16 0.022873946 
677 31 10 14 0.022793531 
1005 259 11 14 0.022432381 
254 222 13 16 0.022319363 
235 163 13 16 0.0220111 
810 385 36 44 0.021802265 
582 380 22 28 0.02153993 
583 243 10 13 0.021306232 
634 428 19 23 0.02115283 
908 362 17 18 0.02104715 
555 268 15 18 0.020450607 
868 478 27 30 0.020385167 
220 173 11 15 0.020274917 
241 539 31 44 0.020008387 
