11_Meeting_Meeting_11_Meeting_Meeting_11_287
59
568 228 40 58 0.9980787 
732 369 33 54 0.9940403 
318 405 37 60 0.9930992 
513 352 26 35 0.5312142 
250 8 18 19 0.3280442 
731 515 22 38 0.27855638 
395 482 24 43 0.20776562 
640 443 26 43 0.12516986 
199 447 32 45 0.11735241 
13 371 22 38 0.088522054 
206 520 37 56 0.08033777 
303 0 26 28 0.0714119 
524 346 14 17 0.066222645 
140 280 431 429 0.06610619 
738 513 38 45 0.0652114 
67 540 13 14 0.062215447 
627 514 41 62 0.055672716 
241 428 27 46 0.05457548 
104 539 35 34 0.053871363 
417 445 51 51 0.049301572 
845 532 40 45 0.04624187 
96 547 29 32 0.04527735 
0 369 22 43 0.045178488 
309 14 18 21 0.04443766 
716 461 31 32 0.042973135 
521 340 23 29 0.041073523 
20 376 33 39 0.0409549 
240 400 44 54 0.035728063 
223 490 46 52 0.034034822 
347 424 46 55 0.03389331 
832 524 29 37 0.033358432 
199 506 39 48 0.032415714 
724 500 25 45 0.031057833 
14 373 13 22 0.029678114 
700 521 40 52 0.02961638 
512 359 15 22 0.028806355 
158 489 40 42 0.027861517 
754 507 42 47 0.027641015 
536 -25 405 499 0.027068926 
867 529 26 33 0.02657634 
205 465 37 42 0.026533857 
645 512 33 47 0.026433151 
223 522 31 47 0.026191738 
279 394 28 45 0.025725637 
513 329 44 53 0.025689516 
549 331 15 17 0.02532775 
531 345 28 32 0.025132967 
530 345 18 20 0.024953151 
729 521 13 22 0.02482158 
557 498 43 56 0.023741566 
750 527 38 38 0.023592297 
-42 265 451 492 0.022832766 
100 553 16 20 0.022643875 
236 486 32 31 0.022513576 
64 535 13 15 0.02207199 
547 357 16 20 0.021463674 
300 391 44 64 0.021341575 
36 374 29 33 0.020513607 
2 594 29 41 0.020326186 
