11_Meeting_Meeting_11_Meeting_Meeting_11_385
201
943 248 49 83 0.9994116 
830 90 25 34 0.9971276 
160 209 29 47 0.99567837 
771 216 39 44 0.9925148 
656 161 24 30 0.9885289 
834 219 37 41 0.987833 
711 170 24 35 0.98306435 
281 180 23 33 0.97563964 
432 102 9 12 0.9571606 
361 153 15 21 0.9546082 
772 146 13 16 0.9339285 
802 175 25 36 0.9213404 
37 263 49 71 0.9191207 
911 162 14 18 0.9009107 
288 172 23 30 0.8832476 
384 148 13 17 0.8788757 
69 226 40 54 0.83771574 
600 147 11 14 0.83418185 
758 145 12 17 0.80440944 
959 164 17 19 0.8007928 
297 168 20 26 0.79968244 
705 111 10 14 0.7991834 
620 146 13 17 0.7218687 
737 100 8 12 0.68513906 
575 107 9 12 0.6425836 
791 136 10 14 0.6418206 
661 134 13 17 0.6025349 
454 146 9 13 0.59742874 
885 178 15 19 0.51923746 
644 158 13 18 0.490041 
550 106 10 13 0.39208853 
583 150 9 12 0.3824141 
591 169 10 14 0.3525185 
971 162 14 17 0.32556158 
324 197 17 22 0.29416218 
307 112 17 21 0.27528548 
788 168 15 18 0.2565937 
868 216 34 41 0.23673618 
826 210 24 37 0.2340774 
525 103 8 12 0.21007887 
654 140 13 17 0.2033452 
565 184 9 12 0.20224455 
736 138 10 14 0.20112576 
795 164 15 19 0.19679905 
514 114 13 17 0.19306262 
812 118 16 23 0.18023984 
817 376 62 49 0.17684379 
715 161 19 26 0.17187318 
761 222 31 37 0.16979152 
1008 172 13 20 0.16490822 
645 149 13 17 0.1603185 
434 174 9 12 0.1532952 
518 108 12 15 0.14613755 
792 168 23 28 0.14072491 
662 130 9 11 0.1396799 
616 144 12 15 0.13770936 
738 179 12 16 0.13619323 
376 169 13 17 0.13517678 
196 263 29 33 0.13129015 
784 606 80 63 0.13001397 
649 153 21 27 0.12510836 
53 237 49 70 0.113877155 
575 180 10 12 0.112743996 
711 132 11 14 0.10899176 
594 137 8 10 0.10453631 
753 224 25 32 0.104425 
313 95 9 11 0.100288115 
418 23 23 27 0.09446532 
815 181 27 31 0.09100954 
710 140 13 15 0.08835645 
714 109 9 12 0.08596371 
438 169 9 11 0.07960963 
629 143 9 13 0.07626029 
370 18 26 27 0.07531101 
315 119 13 17 0.07437896 
788 178 27 31 0.0728419 
491 181 11 13 0.07109326 
578 150 9 11 0.070429295 
648 143 12 16 0.069501765 
764 143 16 22 0.06818144 
741 141 11 15 0.067733616 
570 109 8 12 0.06536234 
593 165 13 16 0.06459052 
583 174 9 11 0.06393042 
407 176 10 12 0.06334312 
653 144 23 28 0.06315717 
400 180 12 13 0.062014647 
580 179 10 13 0.06049746 
556 108 11 13 0.05849866 
511 110 12 15 0.05781891 
310 101 13 16 0.057434265 
809 118 12 16 0.055774007 
810 112 9 11 0.055507638 
609 209 15 18 0.053901613 
606 165 12 16 0.050789174 
802 119 21 28 0.050294288 
324 190 14 19 0.04893044 
503 103 9 12 0.047492206 
504 115 10 14 0.047465976 
593 141 10 13 0.047313143 
557 102 11 13 0.04616361 
28 0 13 11 0.045951404 
751 143 11 14 0.043688834 
560 203 8 11 0.041925125 
304 108 14 19 0.040805787 
293 343 54 92 0.040061366 
819 583 116 105 0.039721765 
710 146 15 18 0.039521184 
512 120 11 14 0.039325584 
181 265 41 52 0.038330708 
603 154 13 16 0.038323294 
789 136 18 21 0.037999097 
801 163 17 23 0.037859738 
412 175 9 12 0.037805784 
451 143 9 13 0.037742708 
581 190 13 15 0.037716147 
437 215 10 14 0.037549566 
559 197 11 14 0.037524484 
589 93 9 11 0.036700286 
454 241 330 423 0.036177564 
314 108 14 20 0.03609534 
783 176 16 21 0.035737038 
587 194 15 16 0.035324953 
759 295 36 37 0.033762086 
388 189 13 13 0.033170607 
709 156 17 21 0.033125434 
525 112 12 19 0.0322984 
432 178 9 11 0.032230288 
990 189 15 19 0.030480612 
349 306 28 33 0.030229688 
737 162 14 17 0.03014831 
904 207 26 33 0.02959044 
559 97 9 11 0.029358339 
547 103 9 13 0.029002398 
560 128 10 12 0.028967965 
354 28 12 16 0.028900862 
853 246 28 33 0.028884618 
322 15 26 27 0.028738895 
878 584 62 83 0.028582763 
933 181 12 16 0.028399602 
702 121 11 14 0.027879259 
809 78 9 10 0.027421216 
1013 167 11 18 0.027336577 
599 212 14 16 0.027196432 
981 189 26 29 0.027125822 
551 190 9 13 0.027112436 
791 113 9 12 0.027021458 
504 109 10 14 0.02684989 
698 115 11 15 0.026418993 
826 201 18 28 0.026402747 
429 98 16 21 0.026023855 
28 352 45 65 0.025759064 
305 103 11 15 0.025357412 
559 180 18 22 0.025322247 
584 145 10 12 0.025136225 
568 115 9 12 0.025115957 
575 82 97 118 0.024982424 
189 248 26 33 0.02496299 
47 13 11 12 0.024949253 
664 138 13 17 0.024671411 
885 157 9 13 0.024382727 
800 124 12 14 0.024380159 
459 149 9 12 0.02407891 
390 171 12 14 0.024076566 
315 410 15 21 0.023791041 
11 0 14 12 0.023639051 
628 164 13 17 0.023446739 
369 155 14 18 0.02341489 
518 103 19 26 0.02334775 
697 125 10 13 0.023135288 
404 187 12 14 0.02311829 
437 148 11 14 0.022946646 
188 248 15 19 0.022921823 
498 115 11 15 0.022595461 
511 103 11 14 0.022234693 
575 187 11 14 0.022139393 
449 143 19 23 0.022095991 
580 104 9 11 0.022085305 
821 213 17 25 0.021777803 
396 185 14 15 0.021723043 
498 103 8 12 0.02169418 
551 126 8 11 0.021605527 
329 193 24 27 0.021594409 
204 252 15 20 0.021407003 
571 104 19 24 0.021336602 
374 233 13 17 0.021316225 
424 182 8 10 0.021238972 
589 157 12 14 0.021228766 
607 200 11 14 0.021190567 
825 169 28 33 0.02103008 
527 120 11 15 0.020991288 
854 231 34 35 0.020922877 
661 274 13 21 0.020837564 
438 158 10 12 0.020732388 
816 101 9 13 0.020583924 
929 609 34 57 0.02051549 
701 138 13 16 0.020388585 
188 231 14 22 0.020332497 
598 140 18 23 0.020237997 
723 173 21 28 0.02007191 
851 257 25 36 0.020017954 
