11_Meeting_Meeting_11_Meeting_Meeting_11_295
80
608 369 51 65 0.9994211 
121 455 65 94 0.9943954 
233 340 24 33 0.9937133 
690 291 21 29 0.9895913 
140 373 32 55 0.9876084 
592 312 21 35 0.9795853 
810 549 60 119 0.97929287 
57 336 34 53 0.9745661 
801 299 20 28 0.9735205 
899 312 22 29 0.96736306 
491 334 26 37 0.94378144 
441 219 17 22 0.93070376 
431 536 72 107 0.44555905 
794 324 18 25 0.35439822 
406 535 58 99 0.3383585 
546 319 20 32 0.32991356 
947 340 13 16 0.23455945 
505 234 17 21 0.21401225 
508 343 30 34 0.14513662 
129 337 14 19 0.141164 
453 332 23 30 0.124016285 
531 319 24 39 0.09850793 
521 325 26 38 0.09527059 
830 561 92 133 0.09091393 
449 241 16 22 0.08966226 
81 365 26 40 0.089177325 
795 307 24 33 0.07880271 
220 145 31 39 0.06450553 
254 403 17 18 0.06258977 
463 333 25 31 0.06171316 
173 332 28 32 0.061184186 
122 308 23 32 0.059629425 
413 353 40 53 0.059460618 
226 332 18 20 0.04828111 
700 521 26 30 0.047687665 
772 535 11 13 0.047097165 
70 350 28 43 0.04621721 
782 326 25 30 0.04583682 
448 338 15 21 0.045465555 
149 365 15 22 0.040302213 
542 317 14 20 0.039601985 
352 481 63 66 0.03898381 
838 361 14 18 0.038152263 
475 333 26 34 0.037470113 
249 400 28 29 0.034163747 
152 368 30 50 0.032369033 
436 330 46 53 0.031322796 
327 157 9 13 0.030983461 
677 671 12 15 0.029328436 
153 336 26 30 0.028844543 
419 557 35 61 0.028269269 
553 315 23 35 0.027380407 
24 348 25 33 0.026555775 
243 333 15 20 0.02600673 
84 378 27 48 0.02599291 
791 315 14 20 0.025782706 
401 165 10 14 0.025189532 
894 524 57 84 0.025177663 
911 314 19 25 0.025130555 
833 298 16 23 0.024325972 
13 347 13 21 0.024100501 
429 332 10 15 0.023151953 
414 348 26 37 0.02311905 
234 333 18 22 0.023087308 
460 548 65 81 0.022927998 
221 335 17 22 0.022719258 
132 334 21 27 0.022591384 
33 350 26 36 0.022208748 
15 347 22 34 0.022061676 
444 354 15 17 0.021899017 
446 340 26 32 0.021713665 
584 315 35 49 0.02150366 
199 199 9 12 0.021497637 
488 335 16 27 0.021331565 
147 349 25 32 0.020962914 
442 378 15 17 0.020940242 
131 309 13 19 0.020787902 
879 588 69 102 0.02055014 
503 249 12 16 0.020104434 
643 739 31 26 0.020026978 
