11_Meeting_Meeting_11_Meeting_Meeting_11_663
106
242 217 51 65 0.9981883 
38 506 13 17 0.9635668 
101 479 12 15 0.8764961 
131 481 12 17 0.8742045 
59 510 13 16 0.48633343 
81 508 11 14 0.43007937 
15 511 11 13 0.39956635 
31 526 12 15 0.33171663 
52 484 12 16 0.31907672 
82 479 13 15 0.29801458 
48 490 12 15 0.24836622 
102 516 13 14 0.24452238 
55 480 9 11 0.22828329 
1 510 10 16 0.17345956 
106 532 9 12 0.1589376 
959 335 11 13 0.1580029 
116 499 11 13 0.15616229 
918 334 9 10 0.13340855 
6 513 11 15 0.12897612 
102 524 12 14 0.12454952 
6 486 9 11 0.11324546 
912 332 10 12 0.111877665 
64 483 11 14 0.110643186 
35 529 13 15 0.098893516 
925 289 12 15 0.097223505 
15 487 10 13 0.09310447 
5 533 12 18 0.08644294 
973 271 8 10 0.08098876 
940 344 10 12 0.079553925 
49 479 9 11 0.07899482 
83 513 13 16 0.0718422 
906 327 8 10 0.06293902 
62 503 11 15 0.061720848 
69 479 9 12 0.061110307 
19 486 11 14 0.060888123 
12 532 11 15 0.060675845 
54 500 11 14 0.05765356 
947 291 12 14 0.057532746 
43 502 11 16 0.057308875 
37 486 11 14 0.05722055 
117 509 11 15 0.056975476 
25 525 9 14 0.05661587 
108 511 12 14 0.055880144 
66 515 11 13 0.05587933 
113 496 10 13 0.05535636 
68 508 11 15 0.054446183 
121 478 9 12 0.05402536 
67 524 11 14 0.0521514 
964 339 12 14 0.050653376 
120 531 11 13 0.049401544 
911 349 12 14 0.04917795 
14 503 12 15 0.049060553 
7 490 11 15 0.04822775 
84 503 11 16 0.04771303 
992 268 11 11 0.047241535 
81 532 9 12 0.04108562 
31 485 10 13 0.040180653 
997 267 11 13 0.038921025 
119 515 12 15 0.038696494 
40 479 8 11 0.037275635 
926 347 11 14 0.034269825 
987 339 15 17 0.034102876 
86 531 10 12 0.033840816 
924 335 9 10 0.03379648 
98 482 10 15 0.033240665 
21 516 10 13 0.032823008 
102 504 11 13 0.03206898 
44 513 11 14 0.03175491 
67 501 12 15 0.03038678 
120 472 9 12 0.030345447 
22 541 10 12 0.029759873 
125 524 11 14 0.029608192 
10 506 19 23 0.029183207 
247 22 448 536 0.02880052 
959 294 9 12 0.028775802 
0 504 8 12 0.028557455 
93 507 13 17 0.028160242 
95 522 11 16 0.028098132 
84 523 13 17 0.02758348 
67 532 10 13 0.026981132 
954 334 11 13 0.026829673 
31 517 11 15 0.026804298 
12 523 13 17 0.026751932 
736 288 10 12 0.026596786 
932 291 12 15 0.02637981 
102 506 19 23 0.026350865 
32 502 13 17 0.025551444 
967 296 9 11 0.025515633 
13 486 21 25 0.0252538 
125 517 12 15 0.025197897 
67 489 13 16 0.024793213 
2 481 8 11 0.024188261 
927 277 10 12 0.024106055 
958 331 21 24 0.023913046 
8 501 11 14 0.02340664 
734 293 13 18 0.023299519 
43 530 12 16 0.022980567 
108 446 12 13 0.021434 
43 194 14 18 0.02098625 
933 343 19 22 0.020862062 
40 490 10 15 0.020602232 
869 311 8 11 0.020439599 
0 508 17 26 0.020425042 
0 556 10 18 0.020389648 
91 449 12 14 0.020346206 
887 325 7 9 0.020049755 
