11_Meeting_Meeting_11_Meeting_Meeting_11_574
341
711 320 32 38 0.9953751 
957 331 35 44 0.99533397 
850 295 28 33 0.99432784 
639 285 24 31 0.9932086 
347 301 22 28 0.9931601 
261 297 21 29 0.99238294 
197 290 23 29 0.9885401 
532 243 16 21 0.9832318 
355 256 18 24 0.9813974 
453 218 16 22 0.97732747 
802 267 20 26 0.9691807 
509 237 14 19 0.96839887 
494 224 14 18 0.9652125 
354 236 16 20 0.9649971 
972 290 30 34 0.9619317 
435 216 13 19 0.9596742 
303 256 18 24 0.9528016 
483 260 17 23 0.93050575 
514 208 15 19 0.92505807 
687 261 19 27 0.90961987 
122 294 22 28 0.9085627 
42 333 43 77 0.9067501 
804 237 13 16 0.89173055 
728 241 16 18 0.8617327 
864 241 19 22 0.8443783 
873 214 15 18 0.8142245 
399 274 19 25 0.8059408 
752 218 13 16 0.76312923 
741 290 24 27 0.73421973 
591 231 12 15 0.7268514 
589 192 10 13 0.7075005 
567 199 10 12 0.68216836 
399 249 15 20 0.6347663 
130 320 27 32 0.6302659 
468 243 15 19 0.62213784 
919 192 11 15 0.5554703 
785 208 8 12 0.5517561 
706 250 16 22 0.5495893 
704 187 10 14 0.536364 
770 207 11 14 0.4787034 
927 218 14 18 0.4455081 
624 220 11 15 0.4402783 
413 237 15 18 0.43604636 
950 258 20 27 0.43300405 
820 190 9 12 0.41718358 
833 198 10 12 0.39579657 
613 202 10 13 0.3868918 
526 206 12 15 0.3841914 
941 234 14 17 0.3615516 
569 213 11 14 0.3518517 
608 197 10 13 0.34834552 
556 199 12 14 0.32836056 
551 232 15 19 0.28945625 
824 208 11 14 0.2803552 
787 251 13 16 0.27949595 
658 206 9 12 0.2778916 
782 260 18 23 0.27068016 
880 195 11 14 0.25995302 
226 321 20 27 0.2573223 
698 255 18 26 0.24323225 
957 240 14 16 0.24091165 
830 205 11 14 0.23139794 
646 220 10 12 0.22699286 
462 270 16 21 0.2000287 
766 261 15 18 0.19386628 
730 284 25 28 0.1877332 
672 224 11 13 0.1857866 
690 306 21 27 0.16988198 
607 193 9 12 0.1682782 
791 199 8 10 0.16559209 
543 223 10 13 0.16259693 
759 245 12 15 0.155966 
637 190 8 10 0.15456285 
648 197 9 11 0.14630042 
584 215 9 12 0.14352182 
621 247 11 14 0.13696751 
616 226 11 15 0.13104124 
680 191 9 11 0.12804405 
694 194 10 13 0.1270937 
562 273 14 17 0.122568265 
930 203 14 17 0.12083598 
822 250 13 16 0.120491795 
128 284 27 31 0.11990925 
928 212 15 17 0.1186564 
599 215 10 13 0.11475433 
663 198 9 12 0.11388259 
948 236 13 16 0.11345707 
625 269 16 22 0.11051366 
665 191 9 10 0.10887429 
884 193 8 11 0.100363046 
676 243 14 19 0.099865794 
584 220 10 14 0.09979687 
875 204 14 17 0.093834594 
907 211 11 15 0.092903 
729 163 9 12 0.08990109 
125 58 19 28 0.08834331 
632 173 9 11 0.08683677 
694 173 8 11 0.08533888 
921 367 27 34 0.084023915 
440 297 18 22 0.08308432 
908 205 10 14 0.0824931 
676 238 13 15 0.07962274 
815 195 11 14 0.07947163 
638 244 14 18 0.07934838 
886 292 15 21 0.079285055 
902 365 13 19 0.07839587 
621 237 11 12 0.07683236 
549 221 12 15 0.076795466 
838 192 8 10 0.07554645 
787 210 10 13 0.07068451 
615 234 12 13 0.06799243 
695 230 12 15 0.06776952 
954 251 16 20 0.066176355 
746 259 14 18 0.06592252 
848 206 9 12 0.06467118 
733 229 14 17 0.0641239 
789 322 28 34 0.0633219 
670 207 10 11 0.06313961 
627 216 12 15 0.06283561 
724 284 19 24 0.061861094 
526 298 16 18 0.060719557 
817 185 9 10 0.06040131 
603 219 12 15 0.05994253 
533 275 16 21 0.059830733 
679 182 10 12 0.059004102 
588 283 15 19 0.05868864 
660 210 10 13 0.058016337 
881 619 53 55 0.056942564 
477 250 15 19 0.05656223 
827 244 14 18 0.056535535 
806 221 11 13 0.05649128 
923 195 13 16 0.055943217 
446 216 16 23 0.05582593 
798 218 11 15 0.05561468 
799 206 9 12 0.05545971 
949 319 25 35 0.05521423 
291 154 32 50 0.054814328 
616 251 13 17 0.054593418 
717 306 27 38 0.05459278 
835 229 13 15 0.053962532 
724 274 17 21 0.05354843 
904 250 13 17 0.053229343 
882 219 13 15 0.05270603 
804 212 10 12 0.052666828 
557 219 11 14 0.052089375 
588 213 11 13 0.052014507 
654 200 9 11 0.051671818 
896 213 9 12 0.04971458 
526 225 12 16 0.049389537 
807 207 9 12 0.04919772 
687 189 10 13 0.04907101 
571 204 11 14 0.046405304 
712 229 12 16 0.046184566 
809 241 14 17 0.045675296 
583 278 14 17 0.045662466 
735 225 10 12 0.045523994 
815 204 9 13 0.045467436 
820 266 15 19 0.04488436 
663 222 10 13 0.04471321 
629 226 11 14 0.044335872 
613 184 9 11 0.044159096 
930 222 19 24 0.043678332 
782 232 14 16 0.043296117 
426 368 20 26 0.0425844 
50 328 26 49 0.04255828 
709 195 9 12 0.042470735 
814 224 11 14 0.042417325 
908 218 12 15 0.04195359 
638 174 9 11 0.04085121 
154 315 21 30 0.04057688 
406 247 19 24 0.040481776 
771 260 19 24 0.040476065 
699 233 12 15 0.039238498 
717 233 12 16 0.038587295 
726 298 27 35 0.03799223 
673 213 10 12 0.037933994 
689 195 10 12 0.037748683 
631 196 9 13 0.037719127 
856 228 12 16 0.037665337 
821 225 11 15 0.03762966 
436 259 15 21 0.03759171 
640 220 10 12 0.037439056 
904 240 20 24 0.037431724 
772 219 12 14 0.037175987 
376 50 43 57 0.037038222 
581 258 13 17 0.0370105 
533 226 14 16 0.036806703 
805 374 20 30 0.036726404 
686 183 9 12 0.036275577 
874 223 15 18 0.03618578 
552 215 10 12 0.035874907 
639 194 10 13 0.035749935 
629 205 10 12 0.03570929 
627 277 22 28 0.035547182 
545 282 15 19 0.03531914 
795 259 20 25 0.035187736 
600 194 10 13 0.035169177 
984 294 29 35 0.03483161 
586 188 16 21 0.034697134 
870 227 14 17 0.03464388 
853 211 11 14 0.03457722 
975 226 13 16 0.034177925 
668 197 9 11 0.03414372 
549 252 13 17 0.03414175 
845 200 9 12 0.03409521 
646 225 12 16 0.03376778 
947 318 16 23 0.03358758 
743 253 12 17 0.033477295 
722 290 25 31 0.033463612 
622 203 10 13 0.03326842 
649 203 10 12 0.033019196 
758 259 14 19 0.03294002 
466 257 16 22 0.03261043 
785 200 8 11 0.03248103 
885 226 13 17 0.03247297 
637 228 11 14 0.032460194 
531 210 11 14 0.032416675 
835 203 10 14 0.032402538 
925 362 17 20 0.032198228 
562 282 16 20 0.03175637 
718 220 10 14 0.03169943 
637 237 13 15 0.031455077 
583 246 11 13 0.031306773 
983 284 20 22 0.031264715 
656 184 9 10 0.031209651 
833 193 9 11 0.031128282 
863 214 10 14 0.030943293 
702 321 23 34 0.030793155 
15 337 52 75 0.030755613 
473 238 14 17 0.030742593 
583 206 10 13 0.030695898 
687 228 11 14 0.030532576 
550 269 10 13 0.030506311 
743 205 9 13 0.030499317 
689 173 9 13 0.030312685 
890 628 31 36 0.030188723 
677 207 10 12 0.03017577 
516 249 14 18 0.030157568 
562 235 12 16 0.030082872 
503 196 12 17 0.029919047 
561 200 18 22 0.029888634 
424 213 12 16 0.029312706 
571 217 12 15 0.029154688 
905 298 15 21 0.02907442 
831 234 14 17 0.028801212 
903 197 12 14 0.028548276 
913 196 10 15 0.028395457 
858 602 96 111 0.028325908 
857 233 20 27 0.028076246 
663 186 9 10 0.028040053 
644 250 13 17 0.027830968 
451 291 16 20 0.027779443 
585 227 12 16 0.027729582 
531 267 15 18 0.027668571 
762 250 15 18 0.027588569 
118 339 25 28 0.027526187 
549 240 13 17 0.027455129 
977 333 27 38 0.027447468 
838 185 8 9 0.02729608 
664 227 11 15 0.02722858 
446 243 13 18 0.027203154 
695 315 22 30 0.027032958 
700 184 18 21 0.026876276 
571 259 15 17 0.026827868 
718 211 10 14 0.02681196 
863 221 10 14 0.026778266 
67 329 48 66 0.026623871 
685 238 11 14 0.026477462 
113 349 26 29 0.026468232 
820 194 12 14 0.026415499 
124 285 18 22 0.026051695 
873 293 23 30 0.02604034 
612 190 10 13 0.0259173 
442 307 17 22 0.025833078 
616 269 21 28 0.025684964 
563 262 22 26 0.02567583 
638 184 9 11 0.025534578 
175 257 430 400 0.025507053 
894 626 17 20 0.025240125 
555 236 16 20 0.025228221 
110 353 16 20 0.025088694 
629 244 13 17 0.025035802 
854 235 14 21 0.024943853 
595 308 15 19 0.02490799 
198 149 10 13 0.024779418 
465 276 17 22 0.024750188 
633 184 8 11 0.024743415 
597 261 13 15 0.024584312 
711 211 10 14 0.024535695 
539 279 15 20 0.02421754 
614 210 11 16 0.024146924 
917 226 14 18 0.024111984 
685 212 11 13 0.023900518 
872 237 15 19 0.023895705 
450 305 16 21 0.02385536 
723 308 16 20 0.023784667 
606 192 18 23 0.023745561 
619 258 14 17 0.023711715 
713 255 17 22 0.023687178 
727 222 9 13 0.023595158 
884 202 13 16 0.02358468 
557 192 12 13 0.023398137 
893 196 11 14 0.02332979 
685 221 11 15 0.023267096 
538 237 14 18 0.023257773 
231 264 20 27 0.023249505 
418 249 14 20 0.02302056 
457 288 16 21 0.0230029 
815 184 19 23 0.022894885 
662 134 9 11 0.022822449 
831 221 10 13 0.022789564 
772 226 13 17 0.02274532 
701 176 12 15 0.02228737 
646 258 14 18 0.022257222 
850 206 12 15 0.02180763 
793 193 7 10 0.021791745 
797 199 8 11 0.02173996 
570 274 14 17 0.021724056 
541 223 18 23 0.021675743 
470 329 15 18 0.02146195 
943 211 11 15 0.021404292 
834 182 8 10 0.021330053 
857 222 10 13 0.021323662 
411 255 17 23 0.021193672 
477 227 12 15 0.021067841 
132 340 17 21 0.02105556 
557 260 14 16 0.020992406 
292 284 23 25 0.020970285 
706 181 10 15 0.020929495 
662 236 10 13 0.020892175 
703 247 15 17 0.020847911 
799 191 8 10 0.020793611 
462 235 14 18 0.020783944 
670 218 20 23 0.020737201 
366 300 21 27 0.020687936 
468 202 12 16 0.020659328 
629 236 10 14 0.020616794 
655 191 8 10 0.020460935 
749 291 26 33 0.020281179 
760 175 8 10 0.020163212 
966 282 22 34 0.020048356 
