11_Meeting_Meeting_11_Meeting_Meeting_11_644
393
613 464 27 35 0.9988263 
446 447 28 42 0.94223636 
302 435 30 45 0.90507853 
928 454 9 13 0.47222814 
174 487 24 32 0.4227373 
406 474 24 28 0.40668428 
590 490 14 20 0.37103736 
782 581 22 27 0.36977714 
817 487 7 11 0.3284897 
598 456 16 20 0.3075722 
798 492 10 13 0.28490323 
204 467 11 14 0.2816261 
530 459 12 15 0.28137466 
56 491 14 17 0.2540686 
804 539 10 12 0.2386329 
917 472 10 13 0.23728898 
805 472 10 12 0.2272008 
992 511 25 31 0.21890381 
672 438 22 26 0.21142443 
772 421 13 15 0.20903282 
510 467 14 16 0.19685847 
53 464 14 18 0.18955573 
379 467 23 28 0.1761086 
99 457 16 18 0.17610283 
800 535 11 14 0.17173696 
149 464 8 9 0.15959302 
711 457 13 19 0.1587354 
590 473 16 19 0.14730287 
91 444 12 16 0.14464028 
241 462 12 15 0.1439286 
895 502 7 9 0.14323221 
635 392 25 29 0.14285138 
601 460 25 31 0.14144169 
752 503 11 13 0.13726394 
386 434 12 17 0.13679098 
668 448 15 19 0.13162605 
931 457 12 14 0.1304765 
1007 492 10 12 0.12622233 
88 455 22 24 0.1245827 
141 476 10 13 0.12255967 
85 473 15 17 0.11911484 
785 464 8 11 0.11714241 
873 536 8 10 0.11477926 
903 485 9 11 0.11119344 
93 440 10 13 0.11037241 
162 468 8 11 0.108695835 
522 478 12 15 0.10730558 
872 472 9 11 0.10430298 
402 450 18 21 0.10206681 
555 495 18 23 0.101328835 
685 430 13 16 0.10079196 
260 452 15 18 0.10065776 
871 477 9 11 0.0983332 
873 493 7 9 0.09777071 
829 568 9 11 0.096800365 
542 457 13 16 0.09667824 
589 479 20 25 0.09590182 
642 483 16 21 0.093715906 
207 527 30 43 0.09293889 
68 467 12 16 0.09148097 
905 448 8 11 0.091341846 
166 470 9 10 0.091188006 
449 442 17 26 0.090856984 
997 460 11 13 0.090378016 
242 466 14 19 0.0900118 
840 469 8 11 0.08866861 
213 516 37 43 0.088568 
662 354 15 18 0.08816001 
184 466 8 10 0.08393129 
838 463 9 10 0.08220849 
109 461 12 15 0.08008355 
21 496 22 31 0.078953 
1 523 30 34 0.078712255 
824 551 8 11 0.07715877 
591 462 20 25 0.07555979 
337 464 24 30 0.075411856 
367 457 12 16 0.07483785 
396 492 24 29 0.07260833 
1012 486 11 15 0.07221529 
406 442 14 18 0.07156217 
813 512 9 10 0.07131665 
590 460 14 18 0.069461405 
397 455 17 21 0.06938431 
874 541 9 10 0.069071114 
565 493 11 18 0.06804323 
714 566 28 29 0.06770285 
347 487 23 27 0.06716596 
491 463 14 20 0.065039426 
740 459 15 20 0.064866774 
172 483 17 22 0.064804584 
923 452 9 13 0.064552836 
808 462 9 11 0.06394814 
905 481 8 10 0.063947685 
389 469 25 28 0.06370215 
759 537 26 31 0.06331508 
612 452 14 16 0.063141465 
574 474 12 17 0.062460918 
742 454 12 15 0.06206461 
849 488 8 10 0.061693225 
848 463 8 10 0.061303467 
374 466 15 24 0.06066804 
1005 462 10 12 0.060417812 
906 558 9 12 0.059786636 
873 503 9 11 0.059425954 
287 358 24 30 0.059129294 
788 546 14 19 0.05896622 
897 484 9 12 0.058272265 
855 486 8 10 0.058101263 
547 468 11 14 0.0572107 
61 466 12 16 0.05715429 
996 473 12 15 0.055505164 
824 511 8 10 0.05483763 
1002 493 9 11 0.054649435 
442 470 22 32 0.05424106 
181 468 12 14 0.05406074 
310 436 42 51 0.054054007 
802 476 9 11 0.052782543 
927 477 12 16 0.052749917 
516 461 11 15 0.052582193 
174 548 14 17 0.052374985 
911 478 9 11 0.052310653 
580 475 12 18 0.052287795 
504 266 17 20 0.052178904 
477 457 27 31 0.05185388 
890 511 8 11 0.051719647 
323 457 14 19 0.051244777 
176 470 10 12 0.05097202 
1000 487 8 11 0.050447114 
403 455 22 27 0.049965844 
525 428 13 16 0.049677122 
501 271 23 26 0.04935551 
1005 466 12 15 0.049343906 
825 527 8 10 0.04920045 
90 450 18 19 0.048931222 
890 503 8 9 0.0483927 
889 475 11 14 0.048346434 
495 508 23 24 0.048326124 
838 456 8 11 0.0482598 
872 487 8 11 0.048142858 
677 429 22 27 0.048048075 
189 468 11 15 0.047951505 
190 489 24 30 0.046833225 
649 384 27 32 0.04654112 
982 462 9 12 0.04590817 
853 463 8 10 0.045385145 
876 470 10 11 0.044886895 
115 474 12 15 0.04462666 
657 376 18 20 0.044363134 
793 500 8 11 0.04419718 
259 446 25 29 0.0439097 
368 453 20 30 0.04373537 
585 483 10 15 0.043199323 
1 468 10 15 0.043182164 
314 454 16 22 0.04306116 
976 461 9 13 0.043056738 
78 456 21 26 0.04299588 
85 545 22 30 0.042971518 
807 486 8 10 0.042755634 
841 528 7 9 0.042729843 
791 469 7 11 0.04157664 
774 534 22 33 0.041434444 
122 498 21 31 0.041335735 
866 479 7 9 0.041245222 
556 486 13 16 0.041037455 
410 468 18 23 0.04103063 
650 398 19 23 0.040539607 
149 468 10 12 0.040527865 
21 453 11 13 0.040286567 
315 427 14 23 0.039952274 
771 542 15 21 0.03949109 
905 517 8 10 0.039251626 
789 464 8 10 0.039177574 
921 448 9 11 0.038969897 
572 493 13 18 0.03853179 
502 465 14 19 0.038457938 
712 585 35 38 0.03829941 
744 541 39 45 0.037734758 
128 470 9 14 0.037635256 
823 471 8 10 0.037408344 
168 543 24 29 0.03727463 
1000 501 11 13 0.03724445 
67 473 14 19 0.037148234 
787 539 12 18 0.036829233 
911 503 8 10 0.036611 
877 464 8 10 0.036601283 
220 468 11 13 0.036375705 
833 460 10 12 0.03628737 
295 450 43 50 0.035971954 
742 446 9 12 0.035710916 
298 509 17 20 0.035618193 
892 472 11 13 0.035560012 
197 578 14 16 0.035476506 
857 535 8 10 0.035327744 
730 377 208 236 0.03485642 
135 472 10 14 0.034516715 
550 492 16 19 0.034477778 
817 551 10 12 0.034443524 
284 355 18 21 0.0344091 
930 479 15 20 0.03436018 
347 471 17 20 0.034242313 
841 533 8 10 0.0342338 
743 473 11 16 0.034129843 
326 469 24 34 0.03370252 
77 443 11 14 0.033572696 
721 571 33 35 0.033464883 
992 455 12 14 0.033333935 
147 477 12 14 0.03326746 
711 447 13 19 0.0332217 
905 512 8 10 0.033148307 
321 394 25 31 0.032710668 
751 496 10 12 0.03245091 
213 527 17 23 0.032283705 
862 534 7 9 0.032270867 
460 399 14 18 0.032268576 
365 434 21 26 0.032074433 
831 512 8 10 0.032054115 
126 70 382 499 0.03195775 
28 490 23 32 0.031753007 
920 501 8 10 0.03166903 
1011 468 10 14 0.031520277 
707 426 13 17 0.031459052 
7 511 31 35 0.03132027 
804 603 15 16 0.031189855 
250 452 23 26 0.031040888 
781 478 10 12 0.030993152 
322 443 26 34 0.030883659 
840 551 8 11 0.030521095 
984 492 10 13 0.03048452 
342 462 11 15 0.030379165 
777 470 8 10 0.030279052 
116 462 11 14 0.030143633 
560 319 11 15 0.03000668 
516 476 20 25 0.02995713 
764 479 9 12 0.029931229 
81 474 23 27 0.02992677 
547 455 10 13 0.029913405 
809 516 9 11 0.02984059 
911 525 10 12 0.02976132 
227 501 42 47 0.029695218 
854 469 9 10 0.029643998 
908 447 8 10 0.029415077 
926 469 11 15 0.02936878 
173 475 15 18 0.029344961 
512 457 19 24 0.02932589 
729 570 15 18 0.029296715 
443 485 17 23 0.028895877 
762 550 18 21 0.028888129 
940 461 14 14 0.028860167 
815 504 9 10 0.028844373 
828 551 9 11 0.02876445 
377 458 17 24 0.028749222 
458 283 29 31 0.028738696 
67 460 20 27 0.028689016 
659 357 22 26 0.028457038 
832 471 9 11 0.028319087 
168 476 11 14 0.028251223 
920 459 10 14 0.028204821 
71 453 11 15 0.02793874 
932 467 14 16 0.02790913 
155 487 15 21 0.027757341 
820 625 14 18 0.027741801 
846 553 8 9 0.027702495 
510 455 12 15 0.027578836 
789 532 11 15 0.027562201 
403 486 19 24 0.027526315 
877 508 8 10 0.027503014 
1005 475 13 15 0.027491972 
315 421 13 18 0.027485168 
189 464 10 12 0.027464574 
767 570 14 18 0.027414696 
806 528 9 11 0.02740148 
856 529 8 10 0.027400546 
215 464 11 13 0.02740052 
184 470 20 28 0.02733085 
839 474 9 12 0.02719547 
39 487 21 28 0.027113693 
940 456 11 12 0.026972765 
196 527 27 37 0.026872098 
830 534 7 9 0.026840175 
685 423 13 16 0.026724523 
727 547 39 45 0.026695725 
198 472 14 17 0.026677355 
317 477 25 33 0.02660438 
548 474 13 16 0.026449291 
20 500 40 43 0.026327195 
518 453 14 17 0.02628648 
991 466 15 18 0.025948232 
740 584 15 17 0.025930062 
871 518 9 11 0.02579072 
848 536 6 9 0.02564951 
271 441 48 49 0.025649004 
764 561 16 19 0.025611784 
444 459 17 28 0.0256105 
332 459 13 17 0.025557667 
921 541 8 11 0.025300285 
912 495 8 9 0.025265465 
958 447 13 19 0.025125012 
697 477 15 18 0.025096653 
828 558 8 10 0.02503906 
831 518 8 9 0.024981892 
952 454 10 13 0.024969932 
499 518 23 25 0.02491494 
526 464 13 17 0.024906138 
982 488 10 13 0.024885273 
386 484 26 32 0.02468523 
398 443 15 19 0.024632607 
612 530 14 17 0.024598712 
631 399 16 19 0.024588784 
872 509 9 10 0.024400547 
710 413 12 15 0.024376936 
808 457 10 12 0.024348885 
1013 479 10 15 0.024150355 
791 518 8 12 0.024084944 
888 483 11 12 0.024062796 
332 448 15 21 0.024017915 
334 467 14 20 0.024007013 
747 502 22 26 0.023994109 
726 458 12 17 0.023871124 
847 504 7 10 0.02379326 
744 486 9 13 0.02370806 
829 527 8 11 0.023702031 
533 451 21 24 0.023658175 
283 437 27 35 0.023580244 
308 397 49 65 0.023562107 
579 456 21 32 0.02355037 
783 526 20 28 0.023463968 
947 461 12 14 0.023438374 
888 432 8 10 0.02343488 
742 511 11 14 0.023382459 
633 109 27 29 0.023373615 
813 470 9 11 0.023343364 
564 483 12 17 0.023334099 
864 486 8 11 0.02332835 
939 502 10 14 0.023176322 
91 467 23 26 0.023168046 
800 518 7 10 0.023127101 
920 495 9 11 0.022934847 
238 456 13 15 0.022926338 
491 453 15 20 0.022881225 
419 477 24 31 0.0228647 
507 527 16 19 0.022845842 
583 458 12 18 0.022783495 
449 456 45 46 0.022745743 
777 479 9 11 0.022697043 
71 443 11 16 0.022682775 
839 519 8 9 0.022633327 
853 455 8 10 0.0225386 
454 395 23 28 0.022508314 
690 427 13 18 0.022486791 
795 546 12 17 0.022348402 
735 538 28 32 0.02233228 
506 506 16 19 0.02230887 
771 520 22 33 0.022302497 
967 470 9 12 0.022245213 
572 467 18 28 0.022227595 
780 531 12 17 0.02216982 
980 365 9 12 0.022060556 
974 485 9 12 0.02203438 
340 453 11 15 0.021961594 
42 506 25 33 0.021944663 
358 453 13 17 0.021944614 
823 477 9 11 0.021907153 
737 512 11 14 0.021842081 
934 502 11 14 0.021835065 
385 432 21 28 0.021802668 
151 484 12 16 0.021798521 
356 456 23 29 0.021794632 
782 493 10 13 0.02173503 
1005 497 11 14 0.021632602 
847 467 9 12 0.021456238 
840 504 8 10 0.021358907 
825 532 9 10 0.021358443 
662 444 15 22 0.021351872 
831 495 7 9 0.021339117 
625 468 25 32 0.021297602 
793 488 10 12 0.021236066 
515 515 13 18 0.021187175 
893 516 9 11 0.020885551 
114 482 14 17 0.020861866 
914 467 19 23 0.020790502 
841 487 8 11 0.020781567 
823 504 7 9 0.020770404 
997 464 19 23 0.020740163 
864 503 7 10 0.02072068 
410 498 15 19 0.020695912 
965 451 10 15 0.020630484 
959 439 9 11 0.0205805 
167 482 14 19 0.020565482 
817 557 10 13 0.020515932 
769 425 12 15 0.02033865 
889 497 8 10 0.020225301 
176 466 20 24 0.020188993 
794 592 15 20 0.020123566 
