11_Meeting_Meeting_11_Meeting_Meeting_11_406
18
870 256 88 117 0.99939036 
278 120 28 37 0.9986933 
365 220 57 72 0.9984806 
252 264 67 90 0.9982692 
530 215 44 59 0.99795204 
711 244 71 92 0.99705017 
115 246 80 101 0.9937797 
392 443 19 21 0.17873162 
250 180 32 33 0.03432967 
634 449 14 15 0.032144148 
626 385 18 19 0.02997935 
243 273 31 47 0.029032605 
625 396 19 18 0.028728582 
398 437 24 27 0.02869869 
510 476 17 19 0.023390844 
196 106 24 38 0.021764738 
392 450 26 28 0.02149353 
633 405 32 33 0.020591661 
