11_Meeting_Meeting_11_Meeting_Meeting_11_587
692
805 318 16 26 0.97956777 
314 238 14 19 0.9562067 
735 250 13 18 0.9469961 
157 253 14 18 0.9380812 
876 227 11 16 0.92894506 
558 296 16 24 0.8858591 
588 296 16 25 0.87266797 
221 313 18 26 0.87030166 
493 220 11 13 0.8166673 
8 182 11 13 0.8162725 
850 289 14 18 0.81310844 
958 238 13 17 0.7907236 
193 185 13 17 0.7800227 
436 325 15 19 0.7767775 
771 270 13 19 0.7705047 
763 249 12 16 0.7673944 
723 298 14 19 0.76154673 
416 306 19 22 0.73305786 
544 220 10 12 0.71847683 
376 386 26 40 0.714371 
524 244 12 14 0.7013373 
190 238 12 16 0.6997149 
802 349 24 32 0.6812459 
517 179 10 13 0.673635 
239 170 9 13 0.6524148 
560 321 16 23 0.647755 
234 189 8 12 0.6241639 
363 166 8 12 0.61890876 
166 191 13 16 0.6053331 
383 175 10 13 0.5902149 
275 308 17 19 0.5612707 
260 238 12 15 0.5606372 
263 212 12 14 0.5232808 
273 170 11 14 0.51273984 
643 213 11 14 0.51167643 
652 281 17 21 0.5099646 
906 275 13 20 0.50038123 
428 354 17 22 0.49387228 
207 159 7 10 0.49186298 
657 203 10 12 0.48744977 
488 183 9 12 0.48205698 
252 363 15 17 0.48201054 
518 203 9 11 0.47252208 
557 184 9 12 0.4349163 
1011 248 12 17 0.4275252 
489 188 9 12 0.41871646 
349 295 13 18 0.40246233 
917 255 12 13 0.39973608 
114 159 7 10 0.37900972 
472 191 8 11 0.3786302 
57 184 9 11 0.36570787 
418 181 9 12 0.34256116 
331 253 14 17 0.30219612 
420 233 11 16 0.29391408 
818 256 13 17 0.2910384 
543 254 10 12 0.29080686 
727 199 9 11 0.28587112 
97 175 9 11 0.27823558 
573 170 10 14 0.27427277 
460 164 8 10 0.26727042 
920 235 10 12 0.2551003 
676 215 10 13 0.25146398 
444 181 10 14 0.24331772 
252 279 13 18 0.23164453 
222 236 14 19 0.22341886 
871 261 14 17 0.21892044 
198 275 13 18 0.21808799 
244 166 9 12 0.21774055 
709 370 16 22 0.21591203 
888 218 10 13 0.2131538 
472 127 7 9 0.20460992 
267 266 12 16 0.20182984 
751 215 8 10 0.19431476 
101 180 9 11 0.19325437 
477 172 9 12 0.19294645 
568 230 11 15 0.19207652 
322 196 14 17 0.19030228 
527 167 8 10 0.19014116 
478 168 8 10 0.18876119 
1000 397 23 44 0.18679233 
372 348 14 15 0.18621299 
894 214 11 14 0.17816618 
320 158 7 9 0.17158557 
343 290 13 21 0.17071879 
124 167 11 13 0.16152644 
758 236 11 13 0.16062705 
942 258 10 13 0.16047384 
704 299 11 15 0.15939021 
304 150 7 9 0.15925616 
759 152 7 9 0.15818225 
857 219 10 12 0.15517497 
303 166 9 12 0.15441392 
351 198 10 13 0.15165268 
238 142 10 13 0.15055035 
263 189 9 11 0.14927 
48 172 7 10 0.1465957 
445 176 9 11 0.14585377 
776 205 11 13 0.14303526 
601 183 8 11 0.14179315 
124 253 11 14 0.13802147 
323 190 12 14 0.1363934 
601 205 9 12 0.13425137 
914 213 9 10 0.13331975 
777 174 7 10 0.13294595 
424 160 8 10 0.13132021 
141 157 8 11 0.1310305 
526 174 9 11 0.13071842 
832 267 13 18 0.13008115 
164 166 9 11 0.12720895 
329 166 9 11 0.12599638 
301 214 10 13 0.12526986 
494 174 9 10 0.12510353 
709 199 8 10 0.123980425 
41 185 8 11 0.12360215 
587 135 6 9 0.121970035 
457 190 10 13 0.119520254 
809 246 8 12 0.11884043 
672 218 11 13 0.116981596 
855 196 9 11 0.1160467 
928 268 10 12 0.1155655 
758 168 7 9 0.11460109 
144 188 10 15 0.11284618 
414 163 9 12 0.11237964 
499 258 13 17 0.111665495 
271 196 9 12 0.11140556 
278 292 13 16 0.11112454 
253 206 10 12 0.110379346 
186 150 8 12 0.108949915 
914 258 11 15 0.108494684 
488 167 7 10 0.108028084 
701 374 24 29 0.10716781 
564 294 21 28 0.106703915 
469 237 11 15 0.10628693 
813 248 9 11 0.10470632 
841 199 8 10 0.104133174 
287 156 8 11 0.10316155 
529 213 9 12 0.10264133 
557 166 8 11 0.10080136 
726 203 9 12 0.10079273 
707 294 12 15 0.100297704 
200 203 11 13 0.09980815 
503 173 8 11 0.09976432 
489 175 9 11 0.09897095 
420 176 10 12 0.09751718 
1012 257 12 19 0.096610196 
442 187 9 12 0.09651098 
745 184 8 10 0.09547712 
736 157 7 9 0.09427203 
478 237 12 16 0.09339659 
893 283 13 18 0.09339398 
485 243 10 12 0.09229058 
240 130 7 9 0.091935344 
820 283 10 13 0.09189481 
771 159 7 10 0.091572605 
777 268 14 18 0.091549836 
113 163 10 12 0.0896906 
214 152 7 10 0.08966235 
255 175 8 11 0.088881634 
190 158 8 12 0.08845216 
680 226 11 14 0.08776063 
742 209 8 10 0.08759825 
355 283 15 20 0.08711719 
536 146 7 9 0.086377986 
498 128 5 7 0.08571957 
259 276 15 18 0.08506362 
281 156 8 11 0.083627895 
936 254 10 13 0.08353111 
267 238 10 13 0.08288253 
278 329 14 18 0.08262364 
321 202 11 14 0.082386024 
646 141 7 9 0.082006834 
196 192 13 16 0.08143276 
287 202 11 13 0.080993034 
717 262 12 15 0.08032806 
424 311 16 20 0.07977733 
430 204 8 10 0.07946708 
871 255 11 13 0.078808844 
255 180 10 13 0.07850494 
888 294 10 14 0.077897 
199 286 19 26 0.077486455 
427 220 12 14 0.07708416 
711 221 10 12 0.076862924 
902 238 11 13 0.076376185 
327 171 9 12 0.07573908 
520 250 10 14 0.074812464 
912 209 9 10 0.07446017 
640 207 11 14 0.07363277 
305 146 6 9 0.07359502 
894 253 11 14 0.072962336 
192 163 9 12 0.07288032 
247 160 9 11 0.072641745 
604 200 10 12 0.07213176 
534 181 8 10 0.0714709 
365 245 12 14 0.07061505 
134 173 10 11 0.07036777 
953 241 12 16 0.070171036 
923 252 10 13 0.06969883 
999 160 7 8 0.06806606 
236 274 12 15 0.067590944 
721 207 9 10 0.06753692 
851 352 14 18 0.06733521 
630 258 16 21 0.06682111 
310 167 10 13 0.06628047 
692 243 11 13 0.06596999 
425 227 15 18 0.065603256 
832 198 8 10 0.065597415 
142 194 11 15 0.065273225 
660 250 12 16 0.06503985 
655 171 9 12 0.064507276 
997 229 11 14 0.06428465 
751 220 9 11 0.06424124 
78 237 9 12 0.06345737 
303 160 8 9 0.06302095 
236 205 11 14 0.06287218 
891 291 13 17 0.06264776 
573 191 9 10 0.062304452 
514 332 13 18 0.06200755 
936 261 9 12 0.061866976 
736 228 9 12 0.06150656 
846 236 8 11 0.061450012 
257 211 12 15 0.060939763 
594 291 13 22 0.060481843 
312 190 8 11 0.060452413 
209 152 7 12 0.060202822 
357 197 9 12 0.05978854 
887 236 9 12 0.059654534 
263 183 9 12 0.058761153 
110 174 9 11 0.05860561 
510 253 9 13 0.05846555 
414 302 14 18 0.057928525 
750 191 8 9 0.05776345 
639 235 12 14 0.057457723 
476 192 8 10 0.057297 
243 171 11 14 0.056848254 
385 356 16 18 0.056703005 
284 290 15 19 0.056700725 
925 232 9 12 0.056510836 
754 198 8 11 0.056504495 
367 205 9 11 0.056398645 
752 207 8 10 0.056275733 
729 282 21 27 0.056261383 
502 168 8 11 0.05624194 
326 159 8 10 0.05536978 
264 196 10 12 0.055246025 
294 309 11 14 0.054927774 
531 266 12 17 0.05490086 
481 181 8 10 0.05434289 
205 270 10 16 0.054059744 
239 133 9 11 0.053865716 
269 206 11 14 0.05373853 
737 207 8 11 0.053696163 
361 243 10 15 0.05355265 
926 262 9 12 0.05337318 
454 181 9 11 0.053267498 
441 168 7 9 0.05325555 
845 204 9 12 0.052570146 
254 198 10 13 0.05227182 
559 141 7 9 0.052248817 
630 204 11 13 0.052166052 
497 152 9 11 0.05210769 
705 191 8 10 0.052059043 
615 183 8 10 0.051974066 
845 199 8 11 0.051688407 
296 152 7 9 0.051488098 
364 172 9 12 0.05142492 
499 221 9 12 0.051323097 
366 345 23 24 0.0512488 
808 240 7 10 0.0511896 
440 213 11 15 0.05074481 
900 244 11 13 0.05074435 
143 181 11 15 0.050308865 
212 296 14 19 0.050273366 
320 172 9 12 0.05025197 
232 276 10 14 0.050138775 
806 297 12 18 0.050033543 
588 284 12 19 0.049961258 
1014 198 8 12 0.049741928 
704 183 8 10 0.049466852 
462 194 10 12 0.0493339 
605 175 9 10 0.049162854 
521 240 11 15 0.0491558 
188 231 14 17 0.049039986 
422 163 9 10 0.048993282 
551 246 10 13 0.0489907 
348 388 22 28 0.048981704 
285 233 15 17 0.048484605 
312 197 10 13 0.0484625 
758 213 8 11 0.048411623 
97 169 8 11 0.048400946 
284 298 14 20 0.048133403 
630 199 10 12 0.048085693 
583 291 15 23 0.04784037 
413 293 15 17 0.04782636 
949 259 9 12 0.047785226 
577 251 10 12 0.047475424 
258 189 9 11 0.04702327 
711 176 8 9 0.047016405 
743 286 12 15 0.046954013 
527 207 8 10 0.046906855 
749 184 8 9 0.04682998 
259 230 14 16 0.046314176 
904 141 11 14 0.0462751 
1015 157 7 11 0.04613032 
747 292 12 16 0.04609152 
410 165 8 11 0.045984887 
611 369 15 22 0.045878023 
738 212 9 11 0.04556 
965 264 9 12 0.045549653 
496 168 8 10 0.045529533 
749 297 14 18 0.04534205 
424 215 10 14 0.04519634 
320 184 10 11 0.04500137 
558 251 10 12 0.044359803 
733 198 7 10 0.04432282 
895 245 11 13 0.04424618 
894 239 10 12 0.044223953 
322 242 15 18 0.043679744 
909 230 9 12 0.043357167 
462 174 7 10 0.04319568 
919 247 11 14 0.043141183 
704 291 20 24 0.043060966 
200 163 10 12 0.042926 
776 167 8 11 0.04289304 
606 183 9 10 0.04287908 
686 223 7 11 0.042794283 
844 336 14 18 0.042765003 
916 264 13 16 0.042734496 
295 158 8 10 0.042235676 
926 248 10 12 0.04219534 
270 254 13 17 0.04204854 
464 233 11 14 0.041692823 
592 238 9 12 0.04168063 
550 151 8 10 0.041319884 
711 206 9 10 0.041291915 
384 170 10 12 0.04113113 
290 229 15 18 0.040989477 
785 306 22 28 0.04097517 
572 224 11 14 0.040851507 
323 373 17 20 0.040576585 
270 314 20 27 0.040226985 
861 160 7 9 0.04005472 
791 228 10 12 0.040050786 
439 254 11 16 0.03982427 
362 388 27 35 0.039813254 
629 211 11 14 0.03952288 
305 171 9 13 0.039449636 
731 273 14 17 0.039316345 
295 219 12 14 0.03927274 
432 327 23 29 0.039031774 
109 229 12 14 0.038821798 
277 197 11 14 0.038816728 
877 257 11 12 0.038749903 
873 196 8 11 0.03868841 
329 245 15 18 0.038614925 
148 182 11 14 0.038467336 
1008 265 12 17 0.038456045 
278 237 10 12 0.038183387 
933 230 12 13 0.038060207 
582 246 10 13 0.037953977 
421 187 10 11 0.037912946 
213 156 8 12 0.037872914 
318 166 9 13 0.03784064 
841 228 9 13 0.037732054 
698 229 9 12 0.037634786 
361 161 9 11 0.03759347 
532 176 8 10 0.03758459 
708 341 14 16 0.03752156 
309 182 9 11 0.03748948 
368 151 7 10 0.03739181 
495 255 11 14 0.037260476 
861 197 8 11 0.037255812 
415 243 10 14 0.037198577 
378 174 11 13 0.037167672 
456 174 9 11 0.03693077 
414 215 10 13 0.036684163 
837 262 13 17 0.036662538 
825 237 9 10 0.03645343 
135 167 11 12 0.036375545 
233 143 8 11 0.036220726 
408 298 12 16 0.036198854 
860 350 12 19 0.036187377 
763 255 14 20 0.036033563 
320 358 25 29 0.036029078 
235 194 12 14 0.035992134 
551 322 17 20 0.035974592 
254 270 11 15 0.035846803 
531 244 9 13 0.03580905 
310 144 7 10 0.035790347 
376 190 10 12 0.035598166 
709 192 8 10 0.035583396 
705 203 9 11 0.035458907 
704 176 8 10 0.0354473 
184 181 11 15 0.03517127 
869 306 13 18 0.035039596 
408 220 11 15 0.034984432 
934 247 10 13 0.034948222 
163 171 13 15 0.034684885 
755 152 7 10 0.034466844 
286 282 21 25 0.034443192 
622 251 13 18 0.034324896 
625 192 7 10 0.034246635 
927 274 11 16 0.03422981 
900 212 9 13 0.03420356 
313 158 9 10 0.034113992 
695 238 11 14 0.034090888 
544 150 7 10 0.033941388 
981 235 10 14 0.03359195 
311 365 10 15 0.033585794 
757 206 9 11 0.03330933 
346 203 9 12 0.03306122 
735 192 7 10 0.033052374 
800 246 9 12 0.03296604 
531 149 8 10 0.032916978 
729 301 16 20 0.032869335 
903 208 8 11 0.032758545 
496 134 7 9 0.03267795 
591 244 9 12 0.03260207 
15 213 10 12 0.03251283 
569 168 10 13 0.032364354 
845 230 10 13 0.0322237 
135 189 12 14 0.032111257 
537 221 10 13 0.03209756 
887 207 9 12 0.032003615 
174 183 11 15 0.031984914 
899 251 13 16 0.031924576 
573 244 11 14 0.0318815 
430 143 8 10 0.031866286 
902 222 10 12 0.031841874 
109 223 10 12 0.031830136 
998 224 9 12 0.03180476 
616 230 9 12 0.031722 
633 182 9 11 0.031686302 
489 217 19 21 0.031466275 
716 276 14 17 0.031421244 
488 215 12 15 0.031413533 
887 255 10 13 0.031342827 
462 181 8 11 0.030838124 
961 268 11 14 0.030819906 
565 239 13 17 0.030818261 
821 300 13 16 0.030806985 
654 293 16 20 0.030797701 
865 265 13 16 0.030701878 
835 316 14 17 0.030647442 
238 180 10 14 0.030638231 
836 331 16 20 0.03054499 
332 197 10 13 0.030530792 
691 422 13 17 0.030469956 
53 176 9 10 0.03040908 
770 174 8 10 0.030400705 
701 235 10 13 0.030389393 
465 346 18 21 0.03037307 
654 221 11 13 0.030288175 
444 259 10 15 0.030212374 
373 205 10 12 0.030155217 
883 229 11 15 0.03014933 
298 280 19 26 0.030106744 
534 206 9 12 0.030073702 
810 298 15 18 0.029959803 
309 220 10 13 0.02990102 
193 268 14 18 0.029869206 
910 222 10 12 0.029798254 
558 243 10 15 0.029621609 
11 177 11 13 0.029595377 
523 167 8 10 0.029493012 
556 174 10 12 0.029481329 
477 195 9 12 0.029478233 
321 153 7 10 0.0294495 
848 190 9 11 0.029436756 
310 151 8 9 0.029393308 
975 268 13 16 0.029280966 
752 236 12 15 0.029218623 
518 187 10 12 0.029205691 
215 240 14 20 0.029010274 
694 143 8 11 0.029004028 
919 192 8 9 0.028949313 
494 196 9 12 0.028893998 
740 239 11 14 0.028872075 
195 279 19 26 0.0288275 
372 365 24 32 0.028711757 
426 300 15 21 0.028618371 
428 158 8 10 0.028601522 
102 168 8 11 0.028585183 
462 142 8 9 0.028458834 
704 346 14 15 0.028287336 
387 179 11 12 0.028286053 
780 199 10 12 0.02825144 
627 243 14 16 0.028176503 
750 228 13 15 0.028110033 
559 160 9 10 0.028067555 
409 215 9 13 0.02801775 
425 204 9 11 0.027958414 
766 215 8 9 0.027860435 
861 312 12 18 0.027810607 
771 246 10 14 0.027779438 
805 308 14 24 0.027727306 
837 324 14 17 0.027671926 
382 196 9 11 0.027651962 
841 237 9 11 0.027650168 
915 247 20 24 0.027395941 
686 236 10 15 0.027367158 
78 192 7 9 0.02721512 
842 288 19 24 0.027124252 
375 197 9 11 0.026993616 
309 247 14 20 0.026982196 
420 240 12 17 0.026971461 
963 232 13 16 0.026887383 
776 280 17 19 0.026881645 
567 182 8 10 0.026802817 
958 274 11 15 0.026721116 
693 343 10 12 0.026650455 
411 246 23 28 0.026635243 
297 166 9 12 0.026622292 
525 179 10 12 0.026573254 
481 160 7 9 0.02651583 
751 244 12 14 0.026495157 
505 333 12 15 0.026446592 
604 373 22 29 0.026362488 
752 174 7 9 0.026326466 
656 229 9 12 0.026317865 
232 148 9 11 0.0261734 
548 251 11 14 0.02603572 
137 197 11 13 0.02595682 
630 237 12 15 0.025850037 
374 350 24 26 0.025835555 
547 215 12 14 0.025832484 
702 166 7 9 0.025821872 
360 203 10 12 0.02580071 
472 132 8 9 0.025614008 
911 236 9 12 0.02560061 
814 321 16 20 0.025327995 
376 297 11 16 0.025275344 
689 126 8 10 0.025273243 
462 214 9 11 0.025211433 
1006 235 21 27 0.025174823 
698 159 8 10 0.025150556 
713 214 10 13 0.024940565 
757 275 12 16 0.024939014 
574 196 8 10 0.024888184 
836 270 14 19 0.024834774 
560 237 11 15 0.024817226 
361 282 16 22 0.024800964 
843 370 16 20 0.024798034 
958 206 10 11 0.024789097 
1002 227 12 15 0.02478772 
512 176 10 13 0.024785744 
678 233 13 17 0.024707114 
119 248 20 24 0.024700953 
960 263 9 11 0.024699919 
926 199 9 11 0.024582667 
112 213 11 12 0.024570668 
541 216 18 22 0.024557406 
797 298 14 22 0.024548823 
325 153 8 9 0.024539463 
22 215 8 11 0.024460575 
823 221 9 10 0.024452224 
743 222 10 12 0.024446448 
840 224 9 11 0.02434567 
738 297 15 19 0.024341274 
981 261 11 14 0.024332052 
689 148 9 10 0.024313455 
311 231 12 16 0.024288667 
244 189 11 12 0.02426923 
117 233 11 15 0.024238413 
872 214 9 10 0.024208918 
686 368 42 47 0.024195334 
55 199 10 12 0.024186486 
197 176 12 14 0.0241759 
701 299 20 26 0.02409678 
141 174 9 12 0.024062324 
409 173 9 12 0.024062067 
754 157 7 8 0.024044745 
120 258 13 18 0.024005445 
159 187 15 19 0.023951786 
359 160 17 24 0.023913326 
820 306 13 19 0.023902008 
324 228 13 17 0.023890318 
566 225 18 23 0.023820987 
783 142 7 10 0.023811284 
829 251 10 14 0.02372131 
566 307 21 31 0.023696966 
183 102 10 13 0.023668712 
757 172 8 10 0.023636872 
73 192 7 9 0.023611065 
351 215 10 13 0.023564907 
332 173 10 13 0.023564665 
836 296 14 19 0.023479234 
871 247 11 14 0.023477618 
926 283 11 15 0.023460988 
488 193 11 13 0.023437722 
268 166 8 11 0.023418777 
816 213 7 9 0.023383655 
4 181 9 13 0.02338052 
284 370 12 18 0.02335438 
239 161 18 24 0.023339985 
788 267 12 16 0.02322829 
845 251 11 15 0.023145443 
181 175 11 13 0.023139242 
500 215 10 12 0.023124108 
568 190 9 11 0.02311913 
625 196 9 12 0.023110352 
725 285 15 21 0.023099193 
637 199 9 11 0.023094652 
329 291 22 27 0.02304714 
727 270 12 15 0.02301065 
614 118 199 216 0.022989696 
310 393 14 17 0.02297705 
721 200 10 10 0.022957826 
294 205 9 12 0.022956194 
884 302 14 20 0.022946779 
554 142 7 9 0.022917842 
630 159 7 10 0.022903165 
318 222 11 14 0.022888368 
788 351 25 30 0.022860393 
526 161 9 11 0.022838917 
455 214 9 12 0.022831954 
629 219 11 13 0.022739705 
464 240 12 16 0.022613827 
139 287 22 28 0.022561327 
759 156 7 10 0.022540731 
792 246 9 12 0.022485597 
798 314 15 24 0.022477621 
634 233 20 24 0.022460965 
161 248 15 18 0.022438167 
381 187 11 14 0.022423286 
248 198 10 12 0.02242239 
829 238 9 10 0.022379555 
662 213 11 14 0.022366002 
495 205 10 14 0.022333574 
630 190 9 11 0.02232059 
462 207 8 10 0.022295352 
994 160 8 9 0.022227123 
756 233 19 22 0.02220913 
698 360 26 28 0.02218155 
14 197 10 12 0.022179522 
325 182 10 13 0.022175279 
741 227 11 13 0.022165881 
241 161 8 10 0.022089977 
96 212 8 11 0.022088073 
109 179 9 11 0.022073634 
209 144 7 10 0.022062212 
321 66 198 223 0.02205312 
625 213 9 12 0.02200132 
123 264 15 17 0.021997148 
727 237 11 14 0.021986881 
877 192 8 10 0.021965668 
290 298 13 18 0.021915872 
722 159 6 9 0.021900807 
734 238 12 15 0.021872675 
941 236 12 14 0.021846374 
519 209 10 13 0.021808894 
837 251 12 15 0.021727907 
468 237 19 24 0.021725606 
672 175 8 10 0.021714106 
253 200 19 24 0.021630855 
728 193 10 13 0.021625387 
238 259 12 15 0.021622162 
851 338 14 19 0.021484997 
190 281 15 20 0.02145433 
317 371 15 17 0.021264091 
649 173 9 11 0.021155694 
992 234 11 15 0.021144887 
282 447 32 39 0.021120312 
846 347 15 20 0.021118872 
486 184 18 23 0.021077318 
190 219 13 17 0.021027725 
436 235 11 15 0.020969838 
514 175 18 22 0.020886973 
502 236 12 15 0.02082738 
605 188 10 13 0.02077645 
764 231 10 13 0.020774964 
895 209 10 11 0.020760633 
975 236 10 13 0.020721337 
805 285 10 14 0.020692648 
853 182 9 10 0.020622559 
799 292 13 18 0.020600684 
214 163 9 13 0.020590585 
410 238 9 13 0.020565165 
190 205 11 14 0.0205525 
513 199 10 13 0.020524 
893 190 8 10 0.020477464 
990 275 13 16 0.020474708 
438 244 10 14 0.020455843 
117 211 10 12 0.020380184 
830 216 10 11 0.020292671 
380 171 17 22 0.0202044 
445 197 9 11 0.020196246 
381 206 11 14 0.020153934 
642 241 13 17 0.020141657 
717 213 10 12 0.020120429 
694 223 9 11 0.020082248 
741 288 20 25 0.020056227 
271 161 9 11 0.020018736 
