11_Meeting_Meeting_11_Meeting_Meeting_11_26
258
250 260 15 18 0.96059203 
218 273 18 23 0.92505217 
310 253 12 16 0.9151235 
179 282 15 26 0.8835613 
782 269 15 19 0.84031314 
341 239 13 16 0.7971495 
829 293 20 27 0.78792375 
153 306 23 33 0.75294983 
807 278 18 22 0.7446712 
273 254 10 15 0.7330882 
198 237 16 21 0.649973 
764 315 11 13 0.59446126 
403 237 8 10 0.5463404 
203 287 14 18 0.45411128 
378 236 10 12 0.44298077 
729 251 9 13 0.41440058 
165 234 10 13 0.37687004 
677 239 7 11 0.33182436 
732 248 9 12 0.3053892 
287 240 10 12 0.28813675 
293 252 10 12 0.26710585 
291 245 11 14 0.25795814 
271 352 87 137 0.25110656 
706 246 8 10 0.24506436 
750 253 10 12 0.24374908 
693 246 8 10 0.22852951 
161 277 28 32 0.20969856 
265 201 7 8 0.17808965 
298 269 9 12 0.15536141 
423 232 7 10 0.15498763 
655 237 9 10 0.151314 
442 231 9 10 0.1457497 
232 239 10 12 0.13112451 
158 293 24 35 0.12802207 
920 336 24 31 0.123263404 
611 228 9 12 0.12226313 
710 239 8 10 0.120982744 
1010 354 14 23 0.110373996 
758 263 8 11 0.10820304 
724 312 10 10 0.10457758 
867 322 17 21 0.10194403 
626 507 95 145 0.10162041 
745 334 11 12 0.10100169 
366 265 9 11 0.09834629 
182 235 9 13 0.093888715 
295 263 9 11 0.09386871 
75 328 31 38 0.09222837 
704 277 8 11 0.09150648 
711 301 9 11 0.08881173 
267 307 14 16 0.08854683 
766 270 9 11 0.0848346 
727 300 10 12 0.082709394 
348 10 16 23 0.08160366 
249 223 10 12 0.07950491 
821 287 20 27 0.0793997 
749 278 10 12 0.07594377 
272 250 10 12 0.07292793 
958 527 52 69 0.072714 
736 319 9 12 0.07135534 
176 235 9 12 0.07090602 
204 271 20 26 0.06993268 
325 285 9 11 0.06977748 
760 267 9 12 0.06865195 
279 247 9 12 0.067278035 
862 315 14 22 0.066683576 
689 241 7 9 0.06569413 
369 246 9 12 0.064166434 
460 229 7 11 0.062800914 
950 518 76 127 0.062797904 
405 233 8 11 0.059991203 
745 248 9 11 0.058929924 
931 298 18 21 0.05832257 
977 353 13 16 0.05769344 
457 410 17 19 0.056021743 
160 268 18 18 0.05408269 
308 303 13 14 0.053974044 
771 292 11 15 0.052154355 
732 295 11 14 0.052120425 
916 324 25 31 0.05013897 
293 308 13 14 0.04936535 
673 241 9 12 0.048679043 
995 378 12 16 0.048383594 
57 344 43 53 0.048363246 
817 280 15 19 0.04720496 
798 339 14 18 0.047124106 
747 307 13 14 0.047001027 
204 233 12 15 0.046164036 
924 303 26 30 0.044493522 
603 45 31 32 0.04425656 
811 324 15 18 0.044227183 
721 287 8 10 0.04383789 
753 257 10 14 0.04356056 
759 325 10 12 0.0430926 
285 284 10 13 0.0424776 
231 303 14 19 0.04228909 
922 315 25 31 0.04222711 
742 327 11 12 0.04194581 
418 231 8 10 0.041551117 
37 340 48 66 0.04133704 
328 294 10 12 0.04080125 
45 201 41 53 0.040342033 
693 252 9 11 0.040248875 
632 232 9 11 0.03974466 
341 271 8 10 0.03944301 
694 242 7 9 0.03940098 
210 241 11 17 0.039385833 
751 271 8 11 0.039241523 
413 398 13 14 0.038854674 
700 285 9 11 0.03845689 
270 205 8 10 0.037261926 
281 382 106 164 0.03718604 
182 274 23 28 0.037080046 
709 278 7 10 0.036971953 
361 270 8 9 0.036964845 
728 271 10 12 0.036903813 
868 305 16 22 0.036481712 
767 301 11 14 0.03647662 
694 263 8 10 0.036329918 
719 294 10 12 0.036151074 
190 264 22 27 0.03605664 
342 234 11 13 0.036007397 
630 236 10 12 0.035937056 
987 231 15 18 0.03506502 
719 302 9 12 0.034851573 
673 233 7 10 0.034469366 
283 239 9 11 0.034453105 
929 330 16 21 0.03433919 
220 262 16 18 0.034236275 
377 47 9 10 0.034088716 
236 237 10 13 0.03377494 
771 316 13 15 0.03356532 
262 214 10 12 0.03278687 
384 223 9 10 0.03277157 
705 250 9 11 0.032574784 
192 235 13 17 0.03233773 
200 267 16 19 0.032130513 
458 224 9 11 0.03203771 
790 341 13 16 0.031906903 
238 245 10 14 0.03175469 
67 424 37 41 0.031425 
750 283 10 13 0.031283677 
696 286 10 11 0.031211257 
728 243 18 23 0.031204663 
638 232 8 10 0.03109582 
149 307 17 26 0.030934822 
300 293 11 13 0.030854154 
239 252 10 13 0.030720765 
756 253 10 14 0.030663827 
256 206 10 11 0.030458469 
337 272 9 12 0.030041637 
458 235 9 11 0.029982746 
367 252 10 12 0.029920336 
41 491 46 57 0.029909706 
269 200 8 10 0.029678348 
726 316 11 14 0.029638005 
336 289 8 10 0.029410543 
704 295 8 11 0.029278275 
182 266 13 17 0.029255016 
311 287 9 11 0.029208535 
835 286 16 21 0.029102806 
90 404 31 46 0.028677043 
389 221 9 11 0.02847724 
262 254 11 15 0.028215898 
48 372 52 73 0.028211704 
749 315 12 14 0.02812533 
207 318 23 29 0.028071275 
760 309 19 22 0.027762951 
415 246 8 9 0.027641552 
749 328 11 13 0.027632339 
182 260 12 14 0.027534802 
872 325 26 29 0.027522251 
287 341 61 87 0.027425148 
288 301 12 15 0.02734343 
650 236 9 11 0.027055541 
900 307 12 17 0.027026188 
314 258 11 13 0.026634542 
1004 203 11 14 0.026430795 
603 55 17 23 0.026374968 
952 279 11 13 0.026366508 
961 569 36 54 0.025640925 
408 256 9 11 0.025456203 
295 293 12 15 0.025430286 
809 280 38 47 0.02536887 
840 297 15 20 0.02522877 
574 0 48 43 0.0252107 
245 246 12 14 0.025188746 
162 339 42 58 0.025093822 
158 292 15 18 0.024977183 
304 247 10 13 0.024884695 
-39 44 357 457 0.024876045 
774 324 13 14 0.024755748 
171 293 14 24 0.024526073 
694 270 8 9 0.024512198 
592 6 50 47 0.024419516 
66 568 16 20 0.0243695 
295 273 12 15 0.024044033 
786 263 14 18 0.0239349 
623 118 10 11 0.023877757 
285 234 17 23 0.023831598 
728 241 9 10 0.023754865 
745 272 9 11 0.023702534 
744 241 9 10 0.02361075 
766 251 11 14 0.023589337 
255 212 10 13 0.023550779 
670 233 19 24 0.023309035 
161 316 30 48 0.023202 
161 231 18 22 0.02315331 
649 232 7 10 0.023074342 
780 342 15 17 0.022962047 
9 189 49 66 0.022906099 
732 351 12 15 0.022874549 
155 403 54 78 0.022855941 
759 344 10 11 0.022701804 
757 302 12 14 0.022598216 
686 279 9 10 0.022586651 
757 358 10 13 0.022557376 
642 48 23 32 0.022526067 
408 242 9 12 0.022423528 
986 659 33 37 0.02238667 
354 272 8 10 0.022313656 
303 301 13 15 0.022307858 
302 288 10 12 0.022254765 
709 251 9 11 0.022251787 
169 305 14 23 0.02202637 
778 317 14 17 0.021982685 
293 312 17 18 0.021895284 
722 252 10 12 0.021894911 
868 305 38 46 0.021884553 
982 216 26 35 0.021828996 
277 290 13 16 0.021752093 
288 261 10 13 0.021688746 
678 233 8 9 0.021683808 
374 243 11 13 0.021640627 
441 225 8 11 0.021425586 
341 287 9 11 0.021296572 
384 255 9 11 0.021270212 
717 239 9 10 0.021266613 
805 332 13 15 0.02121193 
938 293 15 18 0.021121258 
416 238 8 10 0.021068756 
375 231 18 22 0.02102592 
902 372 30 33 0.020937124 
1 156 21 39 0.020899383 
805 379 21 31 0.020868985 
399 232 17 22 0.020820858 
141 301 15 19 0.02075461 
259 259 11 16 0.020710569 
608 134 9 10 0.020619974 
656 243 9 11 0.02059531 
277 301 12 14 0.020587903 
981 227 16 21 0.020552542 
721 246 8 11 0.020505853 
153 345 30 43 0.020413578 
594 57 32 34 0.020321837 
187 346 17 22 0.020274892 
340 3 18 19 0.020263143 
671 222 8 11 0.02020381 
149 440 14 19 0.020004652 
