11_Meeting_Meeting_11_Meeting_Meeting_11_865
100
349 372 330 421 0.9972385 
0 428 97 118 0.2143689 
301 1261 16 24 0.18701138 
359 1317 21 29 0.15273368 
223 1195 29 33 0.11201654 
372 1104 15 20 0.107230194 
263 1244 12 16 0.08488596 
354 1279 17 21 0.078745335 
382 1100 14 20 0.07481251 
467 1471 23 30 0.067101225 
492 1486 23 27 0.06671873 
359 1331 23 34 0.06341521 
559 1106 15 19 0.059295565 
422 1109 15 17 0.058271915 
316 1257 21 30 0.05578868 
469 1354 16 22 0.055104915 
418 1106 26 29 0.052044034 
477 1347 16 22 0.05161493 
352 1363 19 23 0.04801184 
431 1380 16 22 0.04779854 
291 1267 21 28 0.04671077 
398 1109 21 28 0.043673284 
332 1150 28 34 0.043640647 
413 1116 14 17 0.04337262 
216 1204 27 31 0.0416251 
333 1281 20 26 0.041287255 
447 1088 15 19 0.04017159 
214 1186 49 58 0.040125385 
468 1082 17 20 0.0398585 
408 1110 23 28 0.039816186 
402 1109 13 17 0.0381099 
394 1099 15 19 0.03804264 
407 1021 400 451 0.037306502 
472 1080 28 36 0.03639142 
328 1091 10 12 0.034732405 
435 1372 24 31 0.034225427 
351 1347 24 33 0.034089465 
273 1302 40 56 0.033547677 
476 1080 17 23 0.03346517 
362 1277 15 20 0.03344482 
492 1085 13 16 0.03317944 
306 1268 15 22 0.032511495 
376 1095 11 13 0.031165231 
394 1250 18 24 0.031114887 
476 1439 24 26 0.02981269 
341 1094 9 12 0.02901269 
355 1250 17 20 0.028692072 
350 1101 11 15 0.028451055 
366 1102 14 17 0.028384253 
358 1099 20 30 0.027857836 
49 420 103 118 0.027782649 
547 1098 24 30 0.027675191 
332 1157 41 56 0.027396863 
209 1210 45 56 0.027098505 
335 1460 30 38 0.026970042 
353 1139 17 21 0.026968917 
416 1438 10 12 0.026528692 
299 1277 15 19 0.026028352 
195 1274 31 35 0.02575068 
369 1328 16 22 0.025512781 
260 1268 11 14 0.02486484 
292 1420 13 15 0.024517532 
343 1100 11 14 0.023988431 
425 1097 27 32 0.023970725 
327 1168 29 35 0.023927236 
336 1088 8 10 0.023918077 
386 1093 19 22 0.023887318 
434 220 117 134 0.023616401 
299 1387 13 16 0.023529766 
360 1083 10 13 0.02348827 
411 1125 15 21 0.0233935 
460 1087 17 20 0.023340441 
393 1387 14 16 0.023206413 
340 1378 12 17 0.02302662 
456 1463 25 33 0.023010487 
294 1260 15 22 0.02294448 
860 527 110 137 0.022913704 
193 1303 96 133 0.022685168 
412 1099 45 53 0.022620121 
540 1157 15 20 0.022576349 
557 1106 25 34 0.022529941 
444 1480 25 31 0.022485912 
222 1172 34 42 0.022378782 
286 1140 14 18 0.022258097 
527 1084 24 32 0.022255572 
30 523 216 304 0.022081489 
319 1301 12 15 0.021907898 
522 1137 15 20 0.02188665 
37 466 363 438 0.021514526 
433 1107 16 20 0.021513948 
277 1405 12 15 0.02135399 
339 1276 16 21 0.021319155 
483 1077 27 33 0.020831328 
482 1338 16 24 0.020815244 
469 1446 24 28 0.020734271 
285 1274 16 20 0.020629162 
334 1108 12 14 0.020547165 
480 1482 23 29 0.020263445 
208 1234 27 32 0.020199126 
341 1105 12 16 0.020008333 
