11_Meeting_Meeting_11_Meeting_Meeting_11_560
103
669 412 25 33 0.9985032 
559 400 26 32 0.9984823 
324 428 34 42 0.99845517 
194 574 46 67 0.9979741 
607 414 22 30 0.99055743 
743 395 22 30 0.9890364 
399 409 22 28 0.98903465 
78 453 32 39 0.9889522 
444 417 22 28 0.98716134 
759 431 35 51 0.9833208 
525 417 23 31 0.98123634 
2 462 32 49 0.97911716 
198 419 28 34 0.9778466 
461 395 20 29 0.96802807 
90 503 39 51 0.96521854 
642 397 21 27 0.96087986 
240 409 22 28 0.9467243 
829 437 40 54 0.94612336 
488 401 20 29 0.9329853 
701 413 19 24 0.93235326 
357 419 21 32 0.90851945 
79 688 44 65 0.9037443 
180 512 38 40 0.82723606 
354 390 24 31 0.78932387 
500 385 18 23 0.76995236 
236 459 24 31 0.7188602 
304 661 55 48 0.5465259 
542 387 18 22 0.4484216 
411 387 21 26 0.31581 
492 393 22 29 0.3053383 
818 385 17 22 0.28030437 
162 517 36 39 0.2599815 
154 522 24 36 0.1300991 
405 397 22 29 0.12022515 
40 691 55 65 0.11442161 
688 487 34 47 0.09609405 
265 703 35 41 0.09554666 
239 469 27 33 0.094126925 
630 397 13 18 0.08839728 
298 653 33 39 0.08410246 
461 390 16 20 0.07184587 
472 400 21 29 0.0716799 
813 382 16 19 0.067030355 
210 415 29 34 0.062321465 
629 400 25 31 0.060093407 
779 425 29 39 0.05918744 
310 593 37 40 0.05569395 
253 334 42 58 0.05245356 
150 530 14 20 0.05228211 
395 695 67 70 0.05227101 
228 437 35 42 0.05140493 
5 189 8 10 0.051209852 
782 198 12 15 0.049693864 
751 439 29 37 0.048630636 
226 414 31 36 0.047404733 
39 207 14 16 0.04735846 
337 391 26 31 0.04699597 
674 463 26 35 0.04653649 
588 439 23 28 0.045716904 
92 445 16 21 0.044660915 
617 412 24 31 0.044571195 
212 388 12 15 0.043635882 
289 659 85 82 0.042374037 
546 393 27 33 0.0420573 
227 678 58 48 0.041357107 
675 476 28 39 0.03863641 
165 523 16 21 0.038181756 
0 727 27 44 0.03518768 
631 392 11 13 0.034647685 
131 76 13 17 0.03393773 
222 525 38 48 0.033312343 
356 403 19 26 0.032898337 
515 533 43 49 0.03196002 
21 202 11 14 0.030891467 
808 386 15 20 0.029324066 
176 453 23 27 0.02882583 
16 702 59 64 0.02850918 
700 480 35 48 0.028284818 
768 262 8 10 0.028214814 
825 381 15 21 0.02813337 
13 203 11 13 0.027759073 
718 433 16 20 0.026948756 
498 382 13 16 0.026921334 
648 550 24 42 0.025523577 
333 393 17 22 0.025360325 
251 510 18 26 0.025223415 
239 678 36 31 0.02516378 
354 669 92 92 0.024615888 
98 687 45 67 0.02459875 
2 -38 451 472 0.024258057 
239 521 28 39 0.023998072 
215 444 28 36 0.023943271 
347 400 35 48 0.023837097 
317 576 50 46 0.02354415 
741 201 11 12 0.023033492 
190 522 45 53 0.022724066 
95 456 18 25 0.022673283 
766 419 30 35 0.022541288 
206 549 45 65 0.022503054 
303 692 34 42 0.021231413 
281 625 44 57 0.02118493 
270 676 65 59 0.020710621 
486 397 17 21 0.020361338 
