11_Meeting_Meeting_11_Meeting_Meeting_11_189
225
65 367 18 23 0.9862292 
807 145 35 54 0.9621389 
194 389 25 33 0.9511631 
254 361 10 14 0.845375 
100 384 15 22 0.8225249 
395 391 17 22 0.6552305 
418 358 9 10 0.5999924 
159 369 12 15 0.5932502 
424 369 13 15 0.5432438 
495 359 11 13 0.5429311 
18 361 10 15 0.51754636 
327 380 9 13 0.4864374 
109 365 9 11 0.40148 
31 353 13 17 0.3359876 
150 367 11 14 0.29447454 
410 440 14 20 0.29267645 
285 343 9 12 0.2771546 
336 363 10 12 0.27487588 
2 356 11 15 0.2648255 
350 436 12 15 0.251502 
272 375 11 13 0.21734767 
364 419 13 17 0.20602143 
258 450 15 23 0.18413475 
137 366 8 10 0.18397488 
409 373 10 13 0.18139546 
224 359 8 10 0.17325963 
334 374 9 12 0.17243044 
22 349 11 14 0.14305232 
144 366 10 12 0.14074324 
300 398 11 13 0.13530941 
166 359 9 11 0.13379551 
230 365 8 11 0.12682328 
374 356 9 12 0.1266928 
44 357 11 14 0.12289234 
259 363 10 13 0.12226698 
0 361 12 17 0.12181633 
44 379 15 19 0.119833834 
238 367 9 11 0.11957594 
3 372 12 15 0.1130576 
251 360 9 11 0.11191991 
277 367 12 14 0.11112804 
158 347 9 11 0.11032069 
128 395 10 13 0.11021423 
153 454 28 32 0.10748778 
106 360 9 12 0.10616841 
217 359 7 9 0.102092594 
379 378 13 16 0.09346849 
222 388 14 17 0.09132633 
393 365 10 13 0.087389134 
393 360 9 11 0.08666237 
408 368 9 11 0.08474995 
309 374 9 11 0.07566741 
240 371 9 12 0.07338332 
297 356 9 11 0.07293495 
120 419 11 15 0.07172005 
18 349 10 12 0.0686289 
183 367 8 11 0.06825399 
231 361 7 9 0.06484855 
348 408 14 17 0.0645379 
343 442 13 16 0.064270586 
407 377 12 16 0.06389786 
301 381 12 13 0.06346509 
472 380 11 13 0.061692428 
173 348 8 11 0.060427852 
259 455 22 28 0.057431914 
261 466 25 34 0.057077866 
303 367 10 11 0.057053335 
300 389 11 13 0.054995622 
133 391 10 13 0.053432137 
154 344 8 11 0.052396104 
30 343 10 13 0.052129492 
18 346 20 22 0.050750867 
282 347 10 13 0.049791537 
332 378 10 13 0.049408402 
138 361 7 9 0.049064692 
169 348 7 10 0.048961718 
296 351 9 12 0.048391398 
382 395 14 17 0.04800912 
296 402 11 14 0.047986925 
73 364 14 20 0.047593277 
300 351 9 12 0.04648734 
391 370 12 14 0.04622362 
375 373 13 17 0.045413066 
368 381 11 14 0.045054678 
271 368 11 13 0.04433943 
36 350 12 16 0.043856945 
160 359 10 11 0.04359192 
366 387 11 13 0.043101043 
519 361 9 11 0.04275093 
151 407 10 13 0.042466596 
110 371 11 14 0.04207364 
205 381 13 17 0.040012065 
133 414 10 11 0.039116375 
175 415 11 15 0.038891703 
499 362 11 14 0.03880106 
253 389 10 14 0.037604906 
107 381 13 18 0.03737599 
340 364 10 14 0.036331665 
209 392 15 22 0.03625089 
102 414 9 13 0.03610904 
145 369 11 14 0.035268225 
234 463 19 20 0.03515552 
412 431 11 14 0.0347258 
224 370 12 13 0.034620304 
313 402 10 14 0.034499567 
117 404 11 13 0.034186818 
359 428 12 15 0.03407835 
407 420 12 13 0.03405105 
176 365 9 13 0.033986975 
491 358 10 13 0.03394706 
374 403 11 14 0.033904117 
14 356 17 23 0.03375294 
429 379 12 15 0.033156663 
333 395 11 14 0.03303996 
51 378 12 17 0.032967016 
172 372 10 13 0.03259905 
31 377 13 18 0.03227063 
249 394 13 17 0.03207498 
340 374 11 13 0.032022167 
11 378 15 18 0.03200095 
397 372 9 13 0.031587705 
135 370 10 12 0.03154411 
349 381 12 15 0.031165838 
362 435 14 17 0.031131849 
309 379 10 13 0.030966787 
184 371 10 13 0.030765964 
71 421 12 16 0.03073741 
279 357 10 11 0.030646708 
428 360 11 13 0.030614585 
150 363 18 23 0.030392986 
16 399 12 14 0.030259136 
357 388 12 13 0.030251242 
87 384 14 19 0.03018211 
200 372 11 14 0.030017562 
70 360 12 16 0.029885724 
398 382 10 16 0.02971555 
415 353 18 22 0.029572053 
251 359 18 22 0.029322056 
207 367 9 11 0.029268954 
33 371 22 25 0.029042272 
157 400 10 11 0.02901965 
93 400 15 18 0.028948696 
255 383 10 13 0.028864475 
248 467 27 32 0.02878105 
475 375 10 13 0.028751928 
334 390 10 12 0.028743181 
376 364 10 13 0.028678773 
78 360 10 13 0.028618742 
462 391 11 14 0.028605595 
1 377 11 16 0.028511496 
388 380 14 17 0.028456409 
511 364 10 13 0.028437376 
415 362 13 16 0.028422758 
375 397 13 15 0.028378954 
19 368 14 18 0.028342344 
143 406 11 14 0.028156249 
398 432 25 31 0.027992688 
134 406 11 13 0.027991256 
84 365 10 14 0.02786181 
117 382 10 14 0.027688166 
272 452 29 34 0.027674805 
118 388 11 14 0.027653022 
34 359 15 18 0.0274087 
350 367 10 12 0.026942784 
234 590 16 16 0.026927738 
468 436 14 16 0.026794124 
407 424 21 27 0.026689747 
343 379 10 14 0.02664759 
209 360 8 10 0.026480028 
54 371 13 19 0.026457101 
144 466 28 39 0.026340589 
464 382 10 12 0.026065586 
106 390 13 19 0.02603187 
118 395 12 14 0.025809772 
421 423 10 13 0.025776012 
205 397 23 30 0.025773397 
438 382 10 13 0.025762204 
492 357 19 23 0.02557804 
381 356 10 13 0.02557244 
128 403 11 14 0.025492337 
89 381 22 27 0.025344249 
287 354 10 12 0.025281966 
155 416 24 27 0.025083868 
502 378 10 13 0.024910329 
142 361 8 10 0.024708867 
286 336 7 10 0.024661517 
221 409 14 18 0.024554782 
205 373 12 14 0.024257598 
239 360 7 10 0.024179274 
402 398 15 19 0.023802776 
128 367 7 10 0.023534598 
463 437 12 16 0.023392009 
262 381 10 13 0.023052393 
323 376 19 24 0.02293186 
344 406 11 15 0.02284604 
397 360 8 10 0.02266048 
357 409 19 24 0.022584185 
412 420 12 14 0.02250299 
281 337 18 24 0.022488259 
357 405 12 15 0.022331536 
352 387 11 13 0.02230606 
45 361 13 17 0.022159822 
309 368 9 11 0.022035442 
407 413 12 15 0.021937273 
241 460 18 19 0.021918323 
217 396 20 25 0.021751316 
214 364 10 13 0.021746214 
550 383 10 12 0.0215777 
1 412 15 16 0.021485686 
128 372 9 12 0.02131259 
70 351 9 13 0.021264177 
223 353 7 9 0.021222763 
332 437 13 16 0.02119664 
255 446 15 18 0.021182023 
189 372 11 13 0.020948263 
366 407 12 16 0.020814555 
381 386 15 18 0.020775938 
270 349 10 13 0.02050549 
467 417 15 16 0.02049767 
566 366 10 12 0.020303478 
93 373 11 14 0.020296419 
220 359 20 24 0.020255826 
321 386 11 14 0.020162322 
174 358 9 12 0.020149404 
84 371 12 17 0.020104486 
