11_Meeting_Meeting_11_Meeting_Meeting_11_774
918
14 601 51 57 0.9954269 
233 411 17 22 0.9911185 
449 436 19 24 0.9721539 
348 419 16 19 0.9691078 
708 415 15 20 0.9683436 
741 396 17 22 0.9620028 
566 472 21 27 0.95429045 
597 406 14 17 0.94988304 
402 439 21 27 0.94294286 
601 442 20 26 0.9310938 
499 421 17 23 0.93087924 
652 362 11 15 0.9290649 
475 394 14 19 0.89769924 
801 372 12 16 0.8843069 
391 410 16 21 0.8720592 
298 424 16 21 0.87179214 
831 310 8 11 0.8612671 
790 353 12 14 0.834754 
454 379 11 15 0.8161136 
196 374 12 16 0.81582445 
508 365 10 14 0.8071695 
397 389 12 15 0.75041825 
174 357 12 16 0.7451153 
820 373 11 15 0.7435851 
271 348 12 15 0.741602 
441 336 8 10 0.740057 
424 388 12 15 0.7320518 
582 388 12 16 0.71062404 
884 324 11 16 0.7050122 
826 393 14 17 0.70254433 
545 345 9 11 0.69999635 
109 378 10 13 0.6878561 
274 404 15 20 0.68035924 
366 404 13 16 0.6789119 
481 369 10 13 0.67634964 
411 358 11 14 0.65895015 
231 372 12 15 0.628121 
764 391 14 19 0.6226461 
522 349 8 11 0.62123376 
126 388 12 17 0.61816645 
208 425 12 17 0.6126472 
102 355 13 16 0.56433153 
109 308 7 10 0.55784386 
670 308 8 11 0.54301393 
526 420 14 17 0.5394411 
61 354 11 14 0.5277825 
508 388 13 17 0.50022167 
543 465 19 27 0.4954595 
285 371 9 14 0.49335015 
132 352 10 13 0.47306275 
100 396 11 15 0.46985647 
299 389 13 18 0.45385543 
428 410 13 18 0.44916666 
944 328 11 14 0.44786873 
374 342 9 12 0.44616386 
647 450 16 20 0.44574824 
783 298 9 12 0.44198424 
238 338 9 13 0.43748394 
576 358 9 12 0.4362679 
533 364 9 12 0.4332032 
329 351 10 12 0.42820886 
462 508 22 28 0.42603186 
250 381 13 17 0.41245428 
430 350 8 11 0.408917 
357 343 9 12 0.40354705 
47 371 13 18 0.40082455 
582 382 10 13 0.3986139 
659 391 12 15 0.39607954 
420 334 8 12 0.39112574 
68 370 12 16 0.3906818 
719 371 12 16 0.36579356 
109 337 8 11 0.36152735 
628 397 11 17 0.359269 
743 359 9 12 0.34265095 
479 357 11 13 0.34095645 
846 365 11 14 0.3408226 
66 379 12 17 0.33653364 
333 461 13 17 0.3336399 
301 340 9 12 0.3267189 
530 334 9 11 0.32361025 
312 459 16 20 0.31615427 
324 375 11 14 0.31455168 
502 348 8 10 0.31155252 
232 367 12 14 0.309257 
617 349 9 12 0.30688766 
471 428 13 17 0.29370797 
327 328 8 10 0.2925501 
735 346 9 13 0.2870856 
157 343 9 12 0.28302392 
356 347 11 14 0.28215116 
559 416 15 19 0.2797576 
417 303 7 10 0.27936777 
253 339 10 13 0.27892432 
426 392 13 18 0.27742818 
461 332 9 12 0.27702114 
565 382 10 13 0.27445582 
632 349 8 11 0.2712482 
497 348 9 11 0.2673712 
376 366 12 15 0.2624487 
350 372 11 14 0.25954777 
13 96 7 10 0.25901657 
369 334 9 11 0.25799814 
68 350 10 12 0.25625175 
149 402 12 17 0.25409654 
376 346 10 13 0.24659047 
326 332 8 11 0.24219446 
184 342 8 10 0.24218935 
1 374 15 20 0.24190526 
304 357 11 15 0.24133387 
380 370 11 14 0.23207536 
93 101 8 11 0.2260096 
481 352 8 11 0.22246198 
430 443 13 19 0.21914308 
144 366 11 15 0.21779367 
457 355 10 13 0.21478851 
278 340 10 12 0.21459226 
437 410 13 18 0.21407194 
158 348 9 12 0.2120493 
583 430 13 18 0.21166858 
532 464 23 28 0.20795922 
297 334 8 11 0.20579119 
214 304 7 9 0.20516056 
295 328 8 10 0.20258147 
542 389 12 15 0.2020771 
404 339 9 13 0.19314796 
447 103 13 16 0.19069792 
417 325 9 11 0.19056314 
646 297 7 10 0.18911703 
230 356 11 13 0.18736862 
143 119 8 10 0.1846815 
245 361 10 14 0.18171868 
525 309 8 10 0.18140958 
116 414 13 15 0.17554323 
887 347 13 17 0.17344874 
771 348 12 15 0.17157044 
157 394 12 16 0.17139584 
704 357 9 12 0.165474 
579 409 11 17 0.16410676 
152 342 9 11 0.16241439 
860 413 9 12 0.16167901 
642 296 7 10 0.16118465 
321 335 8 10 0.15924536 
661 436 15 21 0.15837401 
343 398 12 16 0.15786138 
334 301 8 11 0.15742373 
201 342 10 13 0.15709321 
509 360 9 12 0.15698595 
567 341 8 11 0.15509634 
570 442 13 18 0.15359603 
94 389 14 16 0.15340634 
416 320 8 10 0.15283473 
630 344 9 12 0.15133597 
357 439 14 18 0.14853837 
348 364 12 15 0.14751528 
628 434 13 17 0.14476193 
392 326 9 11 0.14305869 
781 370 13 15 0.14233688 
127 433 16 19 0.14130513 
522 304 8 10 0.1402373 
264 327 8 11 0.13834041 
130 334 7 10 0.13773532 
461 352 9 12 0.13750243 
559 358 8 10 0.13731235 
345 326 8 11 0.13713884 
248 335 10 13 0.13614593 
796 350 9 13 0.13512018 
144 341 10 11 0.13376863 
280 367 11 14 0.13336344 
604 373 12 15 0.13317168 
85 411 11 14 0.13126156 
705 352 9 11 0.13116397 
540 418 12 16 0.1305156 
633 357 10 13 0.13039656 
78 395 11 14 0.12893613 
781 402 15 20 0.12885618 
631 412 12 16 0.12762493 
903 380 13 18 0.1273943 
308 361 11 15 0.12593688 
565 373 10 12 0.12464803 
118 325 7 9 0.121186376 
513 332 10 12 0.11899806 
629 391 10 14 0.11695323 
302 349 9 12 0.11665002 
517 328 9 12 0.11624512 
670 402 12 18 0.11619454 
683 473 15 19 0.114701636 
251 396 13 15 0.11445382 
401 336 10 12 0.11341536 
473 335 8 11 0.11325652 
248 327 7 9 0.11317207 
333 309 10 12 0.11266608 
828 341 13 17 0.11207967 
210 328 8 9 0.11088389 
302 327 8 10 0.110799655 
127 118 8 11 0.10816444 
904 359 9 11 0.10736621 
431 356 10 14 0.10712488 
559 367 11 14 0.1064982 
730 348 9 12 0.106321745 
221 317 9 11 0.10572839 
332 355 10 14 0.10552158 
532 413 15 20 0.10443546 
621 348 9 12 0.104206845 
679 437 13 17 0.102258824 
478 334 8 11 0.10167547 
740 349 9 12 0.10068896 
40 387 10 14 0.10054043 
446 404 13 18 0.10002581 
233 335 9 12 0.09919436 
221 428 10 12 0.09811955 
222 392 10 13 0.09798376 
712 370 11 15 0.097638026 
529 328 9 11 0.0965746 
599 401 11 14 0.095711105 
709 366 11 15 0.09453882 
247 141 10 13 0.09388143 
214 328 7 10 0.09385705 
214 309 9 12 0.092389375 
92 382 13 16 0.09210873 
131 383 11 14 0.08991202 
422 340 9 11 0.08941054 
160 369 11 14 0.0891134 
639 372 9 12 0.088761784 
182 394 13 16 0.08873027 
474 339 9 12 0.08706493 
239 141 10 13 0.086537525 
838 7 13 14 0.086196974 
367 328 9 11 0.085900515 
536 388 10 13 0.085562065 
252 421 14 17 0.08493838 
435 374 12 14 0.08475116 
672 51 9 12 0.084224895 
333 296 8 10 0.083634526 
207 405 11 14 0.0834582 
416 309 8 11 0.08220137 
807 388 10 12 0.08124679 
615 344 9 11 0.080834255 
262 333 9 12 0.079692 
877 348 14 18 0.0788619 
815 375 13 17 0.078607954 
824 333 10 12 0.07856788 
181 349 11 13 0.07809303 
176 403 12 14 0.07785385 
424 403 13 18 0.0777015 
301 382 11 15 0.07765837 
741 475 17 18 0.077064805 
600 347 9 12 0.07698816 
249 136 9 12 0.076775804 
350 334 8 10 0.07672219 
352 111 9 12 0.07660549 
113 324 8 10 0.07653666 
163 396 10 14 0.076210745 
800 344 9 11 0.076053165 
397 324 10 12 0.07586981 
112 318 9 12 0.07586708 
229 126 9 10 0.07576491 
472 382 11 15 0.0757021 
148 383 10 13 0.075157106 
528 358 8 11 0.07490724 
600 380 12 14 0.07416878 
307 421 13 20 0.07358873 
361 403 11 16 0.072955005 
133 335 9 10 0.07285101 
652 444 15 21 0.07269432 
121 344 8 11 0.07242457 
158 336 8 10 0.07169345 
561 342 8 10 0.0714539 
143 428 10 13 0.07101553 
42 381 10 14 0.069950245 
223 326 8 11 0.06960527 
351 102 8 10 0.06926557 
773 401 13 17 0.06868235 
205 346 9 12 0.06864655 
150 388 11 14 0.06844465 
693 403 12 20 0.06832333 
232 140 11 13 0.06817101 
765 383 13 16 0.06805176 
456 328 9 12 0.06771757 
108 361 11 14 0.06733907 
213 403 12 14 0.067246586 
343 364 11 14 0.06682596 
302 459 11 16 0.066703625 
605 367 11 13 0.066310704 
345 333 8 10 0.06604281 
272 388 10 13 0.065888695 
446 387 10 12 0.065603025 
526 317 8 11 0.065591745 
431 363 9 12 0.06551188 
717 436 12 16 0.0654011 
687 346 11 13 0.064678 
613 374 10 13 0.0644335 
334 317 8 11 0.06421233 
149 370 9 12 0.06387424 
786 300 10 12 0.06355166 
39 102 8 9 0.0633464 
615 411 10 13 0.06304618 
694 349 9 11 0.062756695 
360 381 10 13 0.062122844 
701 380 10 14 0.062086917 
69 345 10 12 0.061554335 
392 383 12 15 0.061338816 
364 385 13 15 0.061180025 
0 391 11 20 0.060910672 
772 434 15 18 0.060470548 
851 370 10 13 0.060371555 
784 349 12 15 0.060324356 
55 395 11 13 0.06011835 
399 321 10 11 0.060059544 
164 411 12 16 0.059974138 
1 355 10 15 0.059616163 
598 387 12 15 0.059544917 
213 132 9 10 0.059284445 
127 342 8 11 0.05900905 
773 343 11 13 0.05900696 
334 397 12 17 0.058873262 
117 321 7 10 0.05866574 
63 384 12 16 0.05861747 
102 319 9 12 0.05853933 
150 419 11 15 0.058328 
480 328 8 11 0.058116388 
441 319 9 11 0.058080573 
12 340 10 15 0.057642315 
133 419 10 13 0.05764078 
128 329 8 11 0.056991696 
297 347 10 12 0.05691607 
322 327 7 10 0.0560985 
207 333 9 11 0.05578429 
165 404 10 14 0.05563394 
27 310 10 12 0.055503774 
98 324 9 11 0.055328928 
717 302 8 10 0.05517606 
258 127 7 9 0.05504486 
824 346 11 14 0.05461263 
210 309 8 12 0.054382507 
345 320 8 11 0.0542055 
165 118 8 10 0.05418826 
280 327 7 9 0.05415202 
695 372 11 14 0.053964566 
176 389 11 14 0.05360431 
755 371 11 13 0.053545725 
695 358 10 13 0.05350471 
827 333 13 15 0.05340769 
504 370 10 13 0.053017564 
484 356 10 13 0.053005364 
662 403 12 17 0.052956898 
679 467 15 19 0.052749366 
183 111 6 9 0.052618172 
692 435 13 17 0.052610636 
216 398 11 14 0.052409165 
375 442 14 20 0.05239308 
1 442 11 19 0.05231708 
685 436 12 17 0.05211885 
770 389 13 17 0.052076694 
68 357 12 14 0.052010827 
66 110 8 10 0.051982306 
75 365 11 15 0.051835153 
306 393 12 17 0.051670413 
369 339 11 14 0.05166337 
566 367 11 14 0.051524993 
28 331 12 14 0.051474404 
375 356 10 14 0.051447988 
525 404 12 14 0.051400207 
624 344 8 12 0.05138217 
432 325 9 11 0.051304225 
125 414 12 15 0.051288433 
83 419 15 21 0.051262558 
385 320 8 10 0.051047496 
447 327 8 11 0.051006988 
112 411 12 16 0.050795216 
159 435 14 19 0.050752047 
881 321 10 14 0.050604377 
487 333 9 11 0.050441217 
401 393 12 17 0.05004387 
817 342 9 12 0.050026827 
237 389 11 14 0.049694277 
199 336 10 12 0.049644165 
327 459 13 17 0.0496415 
460 429 14 19 0.049290713 
485 351 9 12 0.04923731 
420 302 9 10 0.049219348 
533 382 11 14 0.04919893 
737 356 10 13 0.049102373 
334 119 7 10 0.048698723 
350 356 12 15 0.048409343 
434 423 16 19 0.04839942 
704 362 11 15 0.04824875 
98 356 10 13 0.048131306 
275 353 12 15 0.04811024 
782 342 9 12 0.04805235 
476 380 12 16 0.047924973 
369 467 15 19 0.047874767 
366 473 16 20 0.047806997 
191 356 9 12 0.047666516 
723 366 12 16 0.04764272 
391 321 8 11 0.047581494 
176 335 7 9 0.047556695 
295 460 12 15 0.047454737 
277 381 11 14 0.04738294 
109 383 12 17 0.047071587 
1 128 10 14 0.046939164 
184 336 7 9 0.04688924 
561 388 10 12 0.046884913 
175 380 11 14 0.046771113 
243 417 13 18 0.046723694 
312 111 7 9 0.04671451 
429 382 11 14 0.046646792 
370 288 8 10 0.046583667 
129 393 13 17 0.046479028 
336 362 10 14 0.04639354 
717 325 10 12 0.04633276 
648 412 10 14 0.046247 
562 423 15 20 0.04583352 
537 395 11 14 0.045569766 
473 364 11 14 0.045493998 
109 352 8 11 0.04540386 
781 377 14 15 0.04535738 
846 421 12 13 0.04527813 
516 394 12 16 0.045112856 
547 392 13 17 0.045009382 
179 362 11 14 0.04500682 
535 371 9 13 0.044853237 
465 395 11 16 0.044784185 
273 152 8 9 0.04451863 
880 328 12 15 0.044501834 
192 368 9 11 0.044495206 
155 400 13 18 0.044467937 
296 135 7 10 0.044433344 
253 377 10 12 0.044385415 
206 413 12 16 0.0443737 
560 336 9 12 0.04405161 
629 334 8 10 0.04367096 
344 423 14 19 0.043657962 
781 336 9 11 0.043648776 
344 371 11 15 0.043460958 
425 95 7 9 0.0433805 
661 429 14 18 0.04334602 
430 111 10 13 0.043260425 
368 317 8 11 0.04300908 
96 402 12 16 0.04300041 
297 359 10 13 0.042756952 
241 328 8 9 0.042731117 
954 362 14 17 0.042725474 
739 342 11 14 0.04269284 
156 410 14 17 0.042634472 
230 135 11 14 0.042583182 
386 326 8 10 0.04235332 
408 351 10 12 0.042250358 
345 102 7 10 0.04217324 
374 317 8 11 0.042084903 
795 420 12 17 0.042019956 
85 395 12 16 0.042017825 
230 390 12 14 0.04173967 
282 407 13 18 0.04172834 
301 402 13 16 0.04172764 
751 364 12 16 0.04172359 
12 111 11 13 0.041678447 
47 351 9 12 0.041506756 
5 152 10 13 0.041475236 
145 386 10 14 0.041428987 
760 46 9 11 0.041398607 
113 118 7 10 0.04122902 
117 372 10 14 0.041164394 
13 333 11 15 0.041106023 
551 366 10 15 0.04107992 
205 390 9 12 0.04097028 
575 374 10 12 0.040924016 
525 470 17 22 0.04025742 
788 389 12 14 0.04000093 
334 335 9 10 0.03971153 
646 404 12 15 0.03961477 
431 344 8 10 0.039282188 
267 349 9 12 0.039280504 
318 339 9 12 0.039237794 
676 395 13 19 0.039041664 
0 366 11 18 0.038986016 
326 397 12 16 0.038775545 
10 377 13 19 0.038717467 
535 405 12 15 0.03869141 
580 358 9 11 0.038628627 
760 63 9 11 0.03851465 
705 333 8 11 0.03849341 
446 398 12 14 0.038493074 
753 336 9 11 0.03845787 
408 319 7 10 0.038423426 
543 339 17 22 0.03839224 
217 315 9 12 0.03838454 
269 327 9 10 0.03834935 
686 410 15 19 0.038341697 
166 365 10 14 0.038257472 
373 287 8 11 0.03824692 
521 317 9 11 0.038162977 
289 152 9 10 0.03814621 
550 412 12 18 0.037885007 
786 396 13 17 0.037783198 
505 360 17 23 0.037738275 
603 384 13 16 0.037719544 
452 399 12 15 0.0376374 
431 320 8 11 0.03758936 
394 423 16 20 0.037565824 
370 408 13 17 0.03755653 
121 391 12 17 0.037422944 
108 405 12 17 0.03729699 
518 99 11 13 0.037276786 
555 471 17 25 0.037252747 
790 378 11 15 0.037164688 
4 346 13 18 0.037135556 
117 365 11 13 0.03713115 
872 348 12 17 0.036962032 
238 358 10 13 0.03691173 
711 326 9 12 0.036875665 
165 380 11 13 0.036848567 
421 320 8 10 0.03682377 
342 435 12 18 0.036815252 
273 334 8 10 0.036798 
645 397 11 15 0.03679016 
248 129 8 9 0.036750246 
289 134 7 9 0.036720082 
312 335 8 11 0.03659815 
312 327 7 10 0.03659747 
606 344 9 11 0.036556434 
245 436 11 12 0.0364441 
704 328 8 11 0.036381565 
157 419 14 18 0.03630702 
552 358 9 11 0.036299016 
178 342 8 10 0.036231477 
188 389 12 17 0.0360338 
832 7 11 13 0.03601334 
746 358 12 14 0.035977907 
494 365 10 13 0.035901908 
438 395 11 15 0.035820533 
613 334 9 11 0.03567819 
723 377 12 16 0.03562415 
282 474 16 20 0.03561738 
693 397 12 16 0.03557483 
752 318 9 12 0.035524722 
328 320 10 11 0.03543375 
816 396 11 14 0.03542235 
548 384 10 12 0.0352988 
527 341 9 12 0.035273083 
625 487 23 26 0.035020903 
776 408 13 18 0.034929976 
348 326 9 12 0.034929827 
622 429 14 19 0.03476252 
486 328 9 11 0.034627628 
558 517 14 20 0.034569528 
199 395 10 12 0.03446299 
350 439 14 20 0.03443117 
704 288 8 10 0.034347773 
475 423 13 19 0.03430731 
493 357 11 13 0.03423985 
33 101 9 11 0.034192417 
640 365 10 13 0.034010015 
634 418 12 15 0.033903226 
812 426 11 16 0.033857007 
638 285 8 10 0.033752255 
672 335 8 10 0.033678666 
29 387 13 16 0.033645827 
313 321 7 8 0.03360542 
789 318 8 11 0.03346337 
533 327 9 12 0.033419494 
668 389 10 15 0.03340706 
826 373 10 14 0.03339956 
138 117 9 12 0.033352554 
289 327 8 10 0.03330129 
752 341 10 13 0.033266366 
785 319 8 11 0.03323955 
798 397 10 13 0.033238955 
661 383 11 14 0.033236742 
206 398 10 11 0.03322168 
548 426 13 19 0.033198852 
327 120 8 9 0.03309137 
8 116 11 13 0.03285077 
768 354 11 15 0.032787964 
320 320 7 10 0.03272712 
255 159 9 11 0.032673314 
442 102 11 14 0.032549072 
717 333 11 13 0.032407254 
436 439 18 24 0.032368477 
739 463 22 26 0.032252647 
412 412 10 14 0.032227844 
827 380 12 16 0.032196272 
511 341 8 11 0.0321396 
83 455 18 20 0.032031503 
909 359 10 11 0.032030687 
280 135 7 10 0.032020107 
163 149 12 16 0.031889465 
191 333 8 11 0.031838287 
556 407 14 16 0.031829115 
647 419 11 14 0.031670816 
550 404 13 17 0.031509146 
162 389 12 16 0.031392265 
543 433 14 17 0.03111301 
652 508 15 18 0.031090079 
361 326 9 12 0.031041937 
356 374 10 14 0.031022288 
180 380 11 15 0.03086752 
460 375 11 14 0.030854313 
225 332 8 11 0.030764392 
271 398 13 17 0.030698868 
446 374 11 14 0.03062877 
560 351 8 11 0.030560987 
302 372 11 13 0.030529577 
414 368 12 16 0.03048376 
293 410 13 17 0.030436466 
685 394 13 18 0.030368857 
436 357 10 13 0.03033017 
63 363 14 17 0.03029859 
100 406 14 21 0.030240892 
891 324 10 14 0.030227978 
32 117 9 12 0.030191751 
576 478 15 21 0.03009455 
460 388 11 16 0.03000676 
338 463 15 19 0.02998755 
653 402 12 16 0.029938817 
884 373 12 13 0.029906096 
314 445 13 17 0.02988067 
350 137 9 11 0.029870082 
885 362 13 15 0.029795988 
64 127 10 12 0.029708507 
684 380 11 15 0.029700961 
704 293 8 10 0.02969071 
520 420 13 18 0.02964928 
261 127 8 10 0.029620456 
852 357 12 14 0.02953672 
383 137 9 11 0.029526865 
607 333 10 11 0.029523887 
632 294 7 10 0.02950665 
705 342 10 12 0.029420177 
27 314 12 15 0.02940885 
668 427 12 17 0.029376825 
676 461 15 18 0.029375209 
566 394 12 15 0.029361302 
575 534 12 14 0.029355785 
830 326 10 13 0.029334502 
679 386 12 17 0.029320154 
918 357 8 12 0.029310802 
480 126 10 13 0.02930681 
246 452 15 19 0.029259283 
88 387 12 17 0.029188527 
372 151 10 14 0.029180966 
678 429 12 16 0.029100662 
389 374 11 13 0.029096523 
878 365 10 13 0.029095903 
662 498 16 18 0.029066032 
430 101 8 11 0.029055342 
404 410 12 17 0.028970905 
358 287 8 10 0.028955145 
284 375 12 17 0.028825566 
842 369 11 14 0.028673843 
144 410 12 17 0.02866441 
711 317 10 13 0.028540462 
620 411 13 16 0.028508894 
1 382 16 23 0.028428402 
148 425 12 16 0.028408946 
46 112 8 10 0.028397445 
614 366 9 12 0.028390273 
46 117 9 11 0.028350908 
274 143 7 10 0.028310386 
334 341 10 12 0.028308624 
168 352 10 11 0.028273458 
696 302 9 11 0.02821254 
863 354 10 14 0.028151004 
79 425 15 20 0.02808387 
114 113 7 9 0.02807644 
407 110 8 10 0.027965855 
828 304 19 24 0.02791342 
833 394 12 15 0.027870458 
456 339 9 11 0.027858818 
255 328 8 10 0.027635783 
278 143 8 10 0.027593164 
361 318 8 10 0.0275844 
710 333 9 11 0.027559696 
226 373 10 14 0.027527513 
176 329 7 10 0.02749921 
325 383 11 17 0.027484963 
135 373 10 13 0.02745109 
381 388 11 16 0.027427074 
731 449 14 20 0.027424274 
413 351 10 12 0.027320473 
568 350 8 10 0.02731124 
789 425 14 17 0.027234541 
699 436 11 15 0.02713618 
702 484 13 17 0.02706545 
254 346 9 12 0.02698507 
773 381 12 14 0.02689154 
392 392 13 17 0.026854783 
143 348 10 12 0.026831914 
360 310 9 12 0.026813393 
631 286 8 11 0.026790755 
654 434 16 21 0.026724968 
752 323 10 12 0.026724122 
342 380 11 12 0.026716126 
756 422 13 14 0.026708018 
402 365 9 12 0.02670603 
602 398 13 15 0.026683405 
253 141 8 11 0.026679264 
405 133 10 12 0.026678639 
907 374 12 16 0.026650218 
528 371 10 13 0.026636824 
632 361 9 13 0.026602678 
837 318 9 12 0.026563857 
646 341 8 11 0.026522921 
76 392 20 26 0.026482463 
158 424 19 25 0.026377872 
66 105 9 10 0.026329448 
575 353 8 11 0.026241008 
726 355 11 13 0.02622393 
577 389 11 14 0.026205897 
439 389 11 14 0.026151685 
384 103 8 10 0.026126212 
129 347 17 23 0.02612061 
135 342 8 11 0.026095511 
438 365 10 13 0.026032673 
231 111 7 9 0.026022961 
565 541 11 14 0.025956176 
757 428 13 16 0.025885003 
419 440 14 21 0.025884314 
776 336 10 11 0.025878409 
723 435 13 17 0.02585449 
168 335 8 10 0.025852721 
368 278 9 11 0.025846945 
536 342 8 11 0.025742592 
262 342 9 11 0.025711246 
263 396 9 13 0.025684932 
505 430 15 19 0.025635574 
152 337 8 10 0.025612773 
285 341 9 12 0.025597453 
385 332 9 11 0.025502553 
702 372 11 16 0.025477706 
94 453 13 17 0.025391713 
932 378 11 14 0.02525412 
315 471 17 19 0.025203759 
712 296 8 9 0.025198126 
542 365 10 14 0.02518949 
524 398 11 15 0.025155017 
128 400 12 16 0.025025195 
45 134 9 11 0.025023077 
350 96 8 10 0.025006806 
373 386 13 17 0.024978757 
747 390 14 18 0.024969626 
369 111 8 10 0.024959235 
211 431 14 17 0.024946598 
252 413 13 17 0.02493987 
549 522 13 19 0.024938004 
199 388 11 15 0.024895556 
798 80 9 12 0.024890348 
332 372 11 15 0.024872804 
438 327 10 12 0.024849461 
263 321 8 10 0.024847517 
686 374 11 14 0.024828997 
206 444 11 13 0.024817731 
380 343 10 12 0.024800057 
805 343 9 11 0.024782125 
391 331 9 12 0.024721438 
368 311 9 12 0.024719568 
582 459 12 18 0.02471054 
241 321 8 10 0.024692493 
445 319 8 10 0.024659052 
829 421 11 13 0.024635741 
712 436 12 16 0.024612276 
363 481 20 24 0.024596483 
328 341 10 14 0.0245271 
429 96 8 10 0.024397913 
422 357 10 13 0.024283111 
528 386 10 14 0.024282357 
58 401 22 29 0.024241198 
812 390 12 15 0.024223484 
841 358 10 13 0.024100544 
438 329 17 23 0.024079764 
761 52 10 12 0.024079502 
935 343 10 13 0.02405586 
784 452 16 18 0.024041371 
375 111 8 11 0.024040228 
137 125 9 11 0.023980208 
373 379 13 16 0.02397791 
208 160 9 11 0.023862774 
190 329 8 9 0.023822205 
856 350 10 12 0.023792176 
615 420 11 14 0.023761839 
200 410 12 16 0.023694512 
785 88 8 11 0.023663547 
185 329 7 9 0.02359336 
373 293 8 9 0.023531478 
182 373 10 13 0.023526538 
629 328 8 10 0.023521507 
148 386 17 24 0.023508668 
236 380 11 14 0.023491256 
403 573 16 21 0.023479378 
224 352 10 13 0.023459336 
346 136 8 11 0.023389753 
152 347 9 12 0.023333399 
620 418 13 18 0.023316037 
451 408 13 16 0.023293177 
280 129 7 9 0.023280589 
295 127 8 10 0.023180323 
160 382 12 15 0.023168804 
173 408 14 18 0.023136 
1 343 20 31 0.0230629 
423 363 10 14 0.023058243 
492 334 10 11 0.022968898 
634 374 8 11 0.022962822 
22 386 13 18 0.02289677 
34 380 19 25 0.022885207 
653 429 14 17 0.02283565 
343 412 14 19 0.022812562 
150 359 10 13 0.022760622 
254 134 9 11 0.022735782 
356 110 9 11 0.02272178 
216 391 10 13 0.022705792 
505 326 8 10 0.02268457 
344 110 9 11 0.022663454 
302 135 8 10 0.022637278 
92 408 13 19 0.022612026 
87 351 10 12 0.022606926 
220 401 12 15 0.022601558 
312 116 7 10 0.022528477 
635 350 9 12 0.02250533 
852 418 12 14 0.022480851 
626 286 9 11 0.022470782 
722 449 19 26 0.022465136 
247 427 12 15 0.022447215 
602 375 18 22 0.022226702 
32 111 10 12 0.022202307 
719 341 10 12 0.022188354 
882 381 14 17 0.022180876 
407 324 8 11 0.02216504 
61 345 19 23 0.022154398 
46 356 12 15 0.02214955 
104 302 17 23 0.02207629 
891 343 11 15 0.021975365 
517 366 10 13 0.021948561 
750 347 12 13 0.02194676 
519 401 11 15 0.021913527 
61 414 15 19 0.021910913 
367 302 8 11 0.021842888 
426 433 19 25 0.021823853 
351 141 10 12 0.02179833 
662 76 11 14 0.02174318 
678 335 9 10 0.021726629 
571 461 15 18 0.021664778 
374 277 8 11 0.021642737 
363 436 13 19 0.021563213 
113 459 17 20 0.021532737 
616 396 11 15 0.021514226 
247 321 7 10 0.021414774 
404 382 12 16 0.021406928 
648 311 8 11 0.021389054 
39 128 10 11 0.021362357 
736 363 11 13 0.021351025 
101 488 13 15 0.02132987 
425 99 8 11 0.02129426 
381 378 11 16 0.021286119 
943 322 18 23 0.02127562 
553 519 21 30 0.02122201 
649 317 8 11 0.021217167 
919 352 8 11 0.021213109 
381 358 9 12 0.021204803 
296 329 17 23 0.021202499 
333 445 21 27 0.02119778 
653 501 14 17 0.021186395 
40 340 10 13 0.021130063 
879 371 10 13 0.021128327 
359 279 8 10 0.021110188 
634 434 13 18 0.021085352 
346 142 9 11 0.021068407 
573 352 18 24 0.021058382 
248 374 10 13 0.021055497 
143 358 10 13 0.021030776 
372 397 13 18 0.021026704 
272 460 12 14 0.021020884 
640 56 10 12 0.02100169 
835 331 12 15 0.020886304 
948 354 22 29 0.020881249 
348 465 15 20 0.020879718 
135 135 10 13 0.020878641 
355 412 14 18 0.020873846 
538 117 13 14 0.020870043 
838 323 10 14 0.020860799 
625 388 18 24 0.020834604 
37 334 10 14 0.020832436 
158 407 21 25 0.020811008 
106 330 17 23 0.020783361 
321 349 10 13 0.020782368 
261 132 9 11 0.020765377 
201 427 12 16 0.020761665 
613 489 17 19 0.020746393 
287 389 12 15 0.020741412 
718 385 12 16 0.020730225 
799 387 10 14 0.02067749 
452 424 14 17 0.020665357 
303 320 7 9 0.02061787 
717 405 14 18 0.020609206 
780 294 9 13 0.020559603 
326 363 11 15 0.02055637 
489 341 9 11 0.02054967 
300 411 15 20 0.02050053 
540 124 12 13 0.020441927 
488 86 10 11 0.020426815 
657 363 11 15 0.020406399 
346 366 18 23 0.020393305 
484 390 11 15 0.020353628 
815 368 12 16 0.020336555 
230 119 9 11 0.020334631 
368 357 9 12 0.02032353 
651 420 13 15 0.020319145 
755 347 12 15 0.020299492 
121 118 8 11 0.020287182 
232 160 9 11 0.02027798 
341 390 13 15 0.020277306 
646 390 11 15 0.020250594 
416 387 12 15 0.02022447 
744 289 214 215 0.020137083 
119 111 7 10 0.020132663 
717 319 9 12 0.02011549 
588 374 11 13 0.020092575 
658 447 15 20 0.020090645 
271 453 12 16 0.020057932 
288 427 14 19 0.020042285 
