11_Meeting_Meeting_11_Meeting_Meeting_11_206
79
801 215 36 50 0.99876946 
90 320 43 65 0.995769 
475 256 34 45 0.99396557 
188 365 45 85 0.9934477 
301 279 34 44 0.98906493 
616 235 33 44 0.9854966 
51 191 14 20 0.9758505 
141 186 16 22 0.96893185 
315 185 15 18 0.9552602 
958 305 41 74 0.8949334 
870 306 40 71 0.852905 
220 187 16 23 0.5672145 
275 191 15 20 0.4246205 
332 210 16 21 0.28588 
893 245 48 49 0.25829032 
838 237 31 38 0.23549087 
283 190 15 19 0.21547033 
92 210 14 22 0.20701185 
95 205 13 18 0.17664091 
85 215 17 21 0.11971556 
566 265 31 36 0.08238838 
534 456 52 61 0.07365156 
846 310 46 67 0.07015312 
188 274 40 47 0.06473377 
191 355 32 56 0.063419774 
348 179 13 16 0.06242472 
191 187 12 17 0.060626388 
574 208 30 36 0.060578544 
245 191 10 14 0.058581863 
590 439 31 55 0.05417612 
284 180 14 19 0.051510885 
878 269 51 72 0.050794374 
31 221 11 13 0.050060686 
291 187 11 18 0.04954205 
949 280 47 73 0.0482233 
265 190 20 27 0.044364028 
361 248 13 18 0.04373273 
405 236 11 14 0.041764736 
148 300 40 50 0.041093357 
561 458 50 57 0.04081311 
59 346 27 46 0.04031917 
832 250 37 43 0.040253278 
611 208 24 26 0.04004194 
901 310 52 74 0.039833326 
77 218 18 20 0.03869434 
906 257 54 70 0.035704818 
261 224 13 17 0.03566399 
271 227 24 34 0.03447843 
761 497 33 36 0.034383997 
592 417 29 47 0.03426171 
164 286 37 46 0.033802196 
205 184 21 27 0.03012333 
613 224 29 37 0.02886414 
320 181 15 19 0.027670186 
325 172 12 17 0.027392974 
425 190 10 14 0.026907334 
199 339 47 68 0.026670393 
824 330 61 75 0.025394838 
246 269 32 46 0.02511567 
806 333 99 116 0.025026204 
318 176 12 16 0.0245556 
449 193 12 15 0.02422584 
214 197 16 19 0.023802776 
975 308 47 76 0.023705726 
68 209 16 20 0.023383634 
934 319 60 82 0.022869052 
320 481 64 77 0.022779718 
220 210 14 17 0.022557594 
277 182 15 18 0.02237257 
135 188 16 21 0.021693802 
325 168 10 12 0.021597913 
274 450 104 128 0.02153959 
428 192 13 17 0.02138139 
613 206 14 18 0.021160385 
195 182 12 16 0.020547088 
158 204 13 16 0.02037855 
97 214 15 21 0.02036382 
320 387 47 61 0.020211 
132 221 12 15 0.020010214 
