11_Meeting_Meeting_11_Meeting_Meeting_11_507
373
133 361 29 39 0.9984646 
821 358 28 33 0.99804014 
56 253 27 35 0.9975655 
76 402 35 49 0.994829 
904 407 41 50 0.99106264 
240 234 14 19 0.97706586 
749 235 14 19 0.9664129 
283 289 14 18 0.953874 
192 240 17 23 0.94509006 
846 301 16 21 0.9392691 
661 282 14 17 0.92217547 
1011 248 12 20 0.9136186 
253 303 17 22 0.88799924 
876 287 14 18 0.87715656 
861 355 22 32 0.8769851 
774 230 14 18 0.8710702 
731 274 13 17 0.83099425 
684 283 14 17 0.80653125 
895 319 22 26 0.7590463 
810 248 16 22 0.65125424 
696 298 18 22 0.64841616 
707 314 17 23 0.64190704 
309 283 12 16 0.6414886 
735 323 14 20 0.6059186 
197 359 20 27 0.60415894 
146 292 18 23 0.5929424 
748 309 16 18 0.52415395 
913 359 22 29 0.50716746 
889 305 18 22 0.4659096 
647 275 12 14 0.3909374 
298 230 9 12 0.37922445 
660 256 9 10 0.3494894 
378 255 9 10 0.34235993 
801 346 16 21 0.33786047 
216 270 13 18 0.31750256 
275 270 9 13 0.29408482 
961 247 11 14 0.2836241 
241 316 22 28 0.28219283 
326 246 10 11 0.26502043 
521 239 7 10 0.24070439 
332 273 12 14 0.23906125 
632 262 8 12 0.23521493 
975 350 27 29 0.21975386 
1004 227 9 13 0.21301241 
581 283 11 14 0.21199512 
919 354 18 22 0.20654188 
309 262 10 12 0.20068626 
192 429 26 30 0.19845656 
575 285 11 14 0.18217605 
159 352 16 20 0.18182223 
706 357 19 20 0.18065326 
680 260 10 12 0.18059847 
589 302 10 12 0.17638658 
573 291 11 13 0.17402297 
273 274 10 14 0.16811888 
789 314 15 19 0.16123502 
357 256 8 11 0.15934648 
875 363 25 31 0.15690158 
577 279 10 13 0.15178534 
958 271 11 14 0.15025653 
735 246 9 12 0.14850602 
276 364 12 17 0.1484522 
735 238 8 11 0.13665414 
962 223 8 11 0.13634166 
657 258 10 14 0.1363186 
350 260 10 12 0.13615021 
600 253 8 12 0.13321239 
257 261 10 13 0.13175198 
739 318 16 21 0.12795396 
764 221 11 14 0.1277318 
434 254 7 10 0.120198876 
936 373 15 18 0.11960968 
984 243 12 15 0.11712653 
615 255 7 9 0.11477054 
618 308 11 13 0.110440224 
901 232 8 10 0.11026585 
882 254 9 12 0.10952306 
631 315 11 15 0.108244814 
630 305 9 11 0.10725788 
457 245 9 10 0.10553353 
346 262 9 11 0.10330987 
599 318 11 12 0.10296099 
604 310 9 12 0.101382256 
681 339 10 13 0.10103915 
545 263 9 11 0.100360885 
391 247 9 11 0.09763929 
406 252 7 10 0.09522073 
931 373 25 28 0.09394303 
313 392 13 16 0.09299808 
277 429 18 19 0.09083684 
988 239 10 12 0.08579532 
558 245 8 10 0.08574573 
918 368 24 30 0.08509767 
688 288 20 24 0.083922334 
861 346 15 22 0.082518905 
406 270 10 11 0.082392186 
166 274 14 19 0.07971925 
630 247 7 9 0.07730757 
634 342 11 14 0.075402394 
173 293 9 13 0.07480152 
625 262 9 11 0.07411556 
243 260 12 16 0.07212555 
963 358 34 35 0.07164263 
376 248 7 10 0.07137017 
322 241 7 10 0.06935161 
352 222 8 10 0.06850626 
817 244 13 16 0.067087054 
381 318 12 14 0.06691976 
991 219 8 12 0.06661412 
647 248 8 9 0.0660899 
600 302 9 11 0.06537215 
1003 277 19 27 0.06466335 
376 302 9 10 0.0644257 
575 315 11 13 0.06334778 
732 251 12 15 0.06333125 
123 331 13 17 0.06320136 
604 293 11 13 0.062250774 
922 232 8 10 0.061311457 
652 276 13 16 0.060042553 
629 310 11 14 0.059945885 
461 244 8 10 0.058432713 
195 417 24 29 0.057473596 
794 310 12 15 0.05741625 
288 239 9 10 0.0564631 
139 276 15 19 0.055249095 
559 263 12 14 0.053091813 
589 278 9 12 0.052883167 
328 250 10 13 0.052841794 
606 254 8 10 0.05273887 
636 263 10 12 0.052254803 
581 310 11 13 0.05213996 
648 253 9 11 0.052091457 
290 285 13 18 0.051216062 
651 271 12 14 0.051075406 
126 259 14 18 0.050833452 
864 302 10 14 0.050820407 
332 325 14 16 0.05044591 
895 365 27 32 0.049924877 
667 291 13 15 0.049558714 
781 319 16 21 0.04899157 
632 255 7 10 0.048454784 
1001 420 24 36 0.04780552 
691 280 11 14 0.046922177 
171 269 12 16 0.046781402 
300 234 10 13 0.046468996 
326 241 9 11 0.046252076 
808 348 23 30 0.045889255 
206 415 13 15 0.045337375 
398 304 9 10 0.045253318 
334 254 8 11 0.045143414 
941 368 25 30 0.04368939 
304 289 13 16 0.04309493 
591 248 9 11 0.0427993 
639 268 9 12 0.042794935 
236 324 18 22 0.042786308 
617 302 11 14 0.042585887 
286 409 9 11 0.042475797 
143 354 26 36 0.0424007 
311 257 9 12 0.041992858 
388 321 11 12 0.041519333 
828 346 24 32 0.041080844 
952 366 34 36 0.041034468 
884 269 11 14 0.040876012 
437 248 8 10 0.04062841 
742 309 15 17 0.04058776 
734 358 26 26 0.040457543 
867 332 14 17 0.039408978 
434 250 7 9 0.039074518 
266 325 15 18 0.038992308 
732 261 12 14 0.038826384 
753 301 17 21 0.038665805 
712 308 18 22 0.038603764 
709 356 27 29 0.038594883 
343 256 10 12 0.038470693 
556 285 9 12 0.038276836 
558 280 9 11 0.03822591 
975 332 12 17 0.038018033 
705 301 16 19 0.037958864 
368 297 9 11 0.037894215 
639 254 9 11 0.037878416 
277 255 8 11 0.0376648 
648 294 9 12 0.037655897 
936 278 9 11 0.03756978 
614 327 10 12 0.037442178 
583 293 10 12 0.03743366 
102 360 23 30 0.037284672 
108 350 24 33 0.037268855 
588 296 10 12 0.03723753 
327 374 10 11 0.03709302 
975 230 10 12 0.03702104 
771 493 31 34 0.036895424 
377 318 10 13 0.036786135 
943 198 7 11 0.036679603 
647 349 13 15 0.036566623 
910 372 18 23 0.036434107 
198 348 22 28 0.03609386 
276 261 10 14 0.036077987 
959 361 14 20 0.035866223 
408 277 8 11 0.03521577 
333 -1 140 145 0.035184376 
897 233 10 13 0.03487023 
686 247 9 11 0.034835663 
569 287 9 12 0.034730088 
529 261 9 11 0.03461586 
585 252 8 11 0.034434184 
544 256 9 11 0.034327574 
553 238 8 11 0.03412635 
408 294 8 10 0.03392387 
399 263 9 11 0.03359785 
586 283 11 13 0.033402707 
296 226 8 11 0.033366304 
390 252 9 11 0.033278283 
5 306 15 21 0.033135645 
351 237 9 11 0.032908842 
796 408 12 15 0.03280906 
568 277 9 12 0.03278337 
878 279 14 17 0.032514945 
327 261 10 12 0.032439474 
682 279 11 14 0.032214142 
190 361 18 23 0.032056097 
400 269 10 12 0.0318999 
309 343 11 13 0.031852182 
770 412 12 14 0.031804614 
685 254 10 13 0.0317292 
726 297 12 16 0.031704012 
614 293 11 13 0.031694125 
252 209 13 17 0.03160845 
670 261 10 12 0.03145385 
316 262 9 12 0.030999472 
664 335 13 16 0.030631391 
592 252 9 12 0.030543659 
972 336 24 31 0.030500775 
399 247 9 11 0.030271787 
342 270 9 11 0.03022104 
390 285 10 11 0.030135283 
262 269 10 13 0.029785465 
721 358 27 27 0.029692529 
953 269 11 14 0.02967899 
551 232 7 9 0.029507428 
384 237 8 10 0.029346807 
140 281 21 28 0.028777536 
374 224 7 10 0.028741257 
0 433 24 35 0.028609471 
349 360 11 13 0.028605627 
780 170 12 16 0.028549984 
510 249 9 10 0.02844922 
166 291 14 18 0.02841053 
745 355 26 26 0.028404064 
416 263 8 10 0.028378835 
104 354 13 17 0.028283976 
380 258 10 12 0.028232913 
380 302 11 12 0.0281943 
375 358 9 11 0.028122474 
998 278 14 18 0.02804348 
624 256 8 9 0.027880743 
924 234 11 13 0.027772136 
171 296 14 20 0.02775613 
964 227 11 13 0.027364366 
986 341 24 31 0.02728029 
897 399 27 38 0.027170166 
883 275 13 17 0.02714555 
251 234 13 18 0.026986666 
599 259 9 11 0.026978556 
881 259 11 14 0.026855867 
617 286 9 11 0.026773904 
718 262 9 13 0.026625121 
615 260 9 11 0.026600724 
292 254 11 13 0.026534742 
398 278 9 12 0.026523562 
570 316 10 13 0.02648801 
556 292 10 12 0.026423432 
550 269 9 11 0.026392458 
760 214 12 15 0.026341295 
202 440 16 19 0.026318474 
964 342 24 32 0.026313476 
1011 277 12 19 0.026253417 
293 357 12 14 0.026246488 
114 363 24 31 0.026227094 
398 239 9 11 0.026206058 
623 314 10 13 0.026187193 
391 303 9 11 0.026170311 
790 228 13 18 0.026162408 
424 272 9 10 0.02612341 
948 286 11 13 0.025823088 
606 358 9 11 0.025763169 
309 266 12 15 0.025568586 
954 245 10 12 0.025337676 
366 310 9 11 0.025309421 
331 247 10 11 0.025239024 
374 352 9 11 0.02510164 
294 389 10 13 0.025095182 
625 267 9 13 0.025076939 
685 270 11 14 0.025016302 
772 223 14 17 0.02495144 
755 229 13 16 0.024706032 
575 300 9 11 0.024699751 
979 333 14 18 0.024623437 
602 358 9 12 0.024596183 
625 240 8 11 0.024586251 
422 278 9 11 0.024573514 
695 315 22 29 0.024567075 
544 237 8 11 0.024564652 
888 236 9 13 0.024411935 
768 232 14 19 0.024330076 
763 333 14 18 0.02431117 
502 247 9 12 0.024185859 
565 267 11 13 0.024155604 
793 224 22 29 0.024124667 
343 245 9 11 0.024115762 
567 301 11 12 0.023942275 
694 390 11 15 0.023796607 
607 259 8 11 0.023582634 
617 316 10 11 0.02353025 
999 245 10 13 0.0231096 
654 302 11 13 0.023109179 
318 268 9 12 0.022977794 
1013 305 11 17 0.022938041 
289 231 9 11 0.0229308 
856 276 11 15 0.022912016 
367 240 9 10 0.022747707 
592 231 7 10 0.022647172 
421 287 9 10 0.022578811 
156 179 10 12 0.022499755 
743 259 11 14 0.022456449 
625 278 9 13 0.022453532 
606 249 8 10 0.022437038 
963 339 15 19 0.022428956 
398 286 9 10 0.022357386 
171 282 14 20 0.022234855 
535 256 9 11 0.02215181 
632 335 12 14 0.022119993 
153 282 20 27 0.022047158 
280 407 10 12 0.021964872 
316 348 13 15 0.021936886 
681 247 8 11 0.021930423 
294 226 18 23 0.021890597 
332 319 14 14 0.021851232 
267 333 16 20 0.021840766 
545 247 8 10 0.021701692 
624 217 7 9 0.021397674 
384 286 10 12 0.021321375 
755 421 14 15 0.021217773 
670 298 12 15 0.021166848 
991 229 9 11 0.021105325 
737 308 11 15 0.021088019 
559 255 9 10 0.021062262 
738 331 16 21 0.021036178 
240 412 13 14 0.020968331 
154 234 16 21 0.020946909 
275 389 14 15 0.020918995 
882 248 8 11 0.020874994 
675 390 18 20 0.020868875 
205 342 22 28 0.020661335 
345 364 12 15 0.020653294 
732 299 12 15 0.020651853 
496 240 7 9 0.020609163 
239 407 11 12 0.020600358 
260 291 12 16 0.020524375 
592 272 9 12 0.020514686 
983 232 8 10 0.020485185 
731 236 9 12 0.020482354 
126 213 23 31 0.02044639 
424 294 8 10 0.020424567 
256 254 18 24 0.020423116 
965 347 14 19 0.020343365 
637 301 10 12 0.020336242 
438 260 10 11 0.020321747 
352 230 9 12 0.02022002 
302 396 10 12 0.020198362 
265 357 22 26 0.020084238 
575 279 19 22 0.020079067 
691 350 14 15 0.0200531 
562 214 9 11 0.020008223 
