11_Meeting_Meeting_11_Meeting_Meeting_11_702
288
747 319 60 71 0.9993228 
823 152 27 32 0.9993031 
623 191 30 40 0.99867165 
407 203 29 33 0.9986658 
441 297 52 61 0.99813026 
578 178 24 30 0.9975957 
793 186 34 42 0.9974075 
5 297 37 41 0.996287 
889 244 48 54 0.99588436 
120 213 26 28 0.99585176 
888 161 37 41 0.9956483 
679 256 43 55 0.995265 
718 165 26 32 0.9943522 
374 127 16 20 0.9914895 
668 149 22 26 0.9904075 
418 239 38 48 0.9882935 
768 133 24 30 0.9876357 
713 129 19 24 0.9860903 
507 132 16 20 0.98588485 
376 186 24 28 0.9857019 
401 141 17 24 0.9851959 
330 132 16 19 0.98335993 
544 160 20 24 0.9780328 
959 181 43 45 0.9753322 
912 120 22 27 0.9750531 
803 120 19 24 0.9750279 
-1 213 20 31 0.97302747 
943 113 20 24 0.9578301 
617 139 21 25 0.95434505 
943 144 25 29 0.9512602 
879 108 15 18 0.9480561 
683 122 19 25 0.9391005 
359 167 20 24 0.93890506 
981 99 13 16 0.92432034 
835 116 14 19 0.91849333 
859 127 21 25 0.9184364 
480 131 13 17 0.9095666 
782 108 13 17 0.9044333 
657 120 18 23 0.9026673 
525 141 18 23 0.8944595 
814 95 12 15 0.87501943 
984 125 24 28 0.85037726 
22 195 25 28 0.8399563 
899 97 15 18 0.82999635 
345 158 14 18 0.8027903 
698 108 12 15 0.723624 
752 111 13 18 0.6925546 
570 126 15 19 0.62220365 
800 75 11 13 0.61557233 
935 94 11 15 0.42121983 
47 171 21 25 0.40183526 
336 214 11 15 0.36023015 
751 69 10 13 0.33362976 
603 126 16 19 0.29245612 
914 69 13 15 0.2687178 
533 119 13 15 0.25554407 
344 190 11 14 0.25119978 
924 99 12 16 0.25081024 
159 414 22 26 0.23097841 
583 324 35 40 0.22571848 
116 361 18 23 0.22529478 
471 169 14 17 0.20425949 
614 170 22 26 0.18975785 
876 131 15 18 0.18885499 
511 134 20 25 0.18734537 
466 198 20 25 0.18539491 
150 364 16 20 0.18478933 
168 412 23 25 0.17083274 
773 73 9 10 0.16764323 
632 118 11 15 0.16291621 
1012 111 10 16 0.16160235 
805 73 11 13 0.16098134 
1000 104 11 14 0.15879038 
769 74 10 12 0.15236689 
594 100 11 15 0.1506045 
347 281 16 18 0.14527881 
352 221 11 15 0.14337653 
530 194 23 29 0.14128654 
792 72 7 9 0.13046184 
349 272 25 27 0.121412106 
785 72 7 9 0.11942597 
1001 125 18 27 0.11747223 
994 112 21 26 0.11705066 
319 227 12 15 0.11703988 
997 108 16 19 0.11569409 
540 119 10 13 0.115093 
892 140 16 20 0.1085541 
378 77 9 13 0.103240214 
786 102 13 15 0.096729994 
700 158 16 22 0.09562456 
637 123 13 17 0.093113564 
423 172 11 16 0.088738166 
585 389 46 52 0.0879917 
647 120 20 25 0.087322466 
476 194 16 22 0.08702344 
813 75 10 13 0.08395765 
608 396 27 35 0.07855805 
404 175 18 20 0.07502938 
463 123 12 14 0.07480472 
813 101 15 19 0.074132964 
720 94 10 13 0.0740967 
1005 110 16 21 0.0729603 
1010 128 14 21 0.07152846 
325 221 12 16 0.070815034 
571 328 38 52 0.06940629 
915 64 11 14 0.069024645 
693 112 15 21 0.06787854 
208 363 12 16 0.06754498 
349 162 19 26 0.06559718 
643 128 15 20 0.06557202 
605 135 20 27 0.06408027 
824 79 10 12 0.062364515 
862 278 27 34 0.06138322 
468 118 11 13 0.060633764 
527 122 15 17 0.058748204 
956 147 25 31 0.058401585 
756 61 10 14 0.05817695 
649 148 23 28 0.05772566 
906 76 23 27 0.057037227 
428 172 12 15 0.056921303 
356 245 12 15 0.056853417 
775 111 16 19 0.056427408 
636 88 14 18 0.0552996 
335 251 11 13 0.05510562 
205 417 12 15 0.052963976 
472 95 9 10 0.05065841 
454 144 11 14 0.050639737 
912 134 23 27 0.05012627 
349 180 10 14 0.049543668 
185 263 28 30 0.04950552 
483 189 14 19 0.048161592 
185 412 14 19 0.046907812 
448 120 10 13 0.046576716 
453 119 12 14 0.046254188 
523 219 15 19 0.046242084 
366 172 21 28 0.046119247 
811 156 25 31 0.045999825 
606 168 16 21 0.045768514 
1006 349 20 35 0.04499983 
661 110 15 18 0.044735387 
922 78 13 15 0.04452165 
339 229 11 13 0.044384103 
538 207 25 31 0.044209305 
521 203 24 30 0.043423437 
898 85 23 28 0.04337854 
490 324 25 38 0.043207716 
707 158 22 31 0.043139428 
553 332 35 52 0.04268643 
836 124 15 19 0.04262698 
618 162 17 23 0.04246823 
971 153 16 20 0.04151074 
549 102 13 15 0.041454606 
951 300 23 32 0.041354682 
122 353 16 23 0.04124444 
792 75 9 12 0.041168924 
986 96 12 14 0.0407196 
874 165 26 33 0.04023829 
974 105 16 18 0.03977706 
996 7 31 35 0.039683264 
742 61 11 13 0.039578002 
979 111 23 28 0.039332215 
120 309 12 15 0.03849035 
311 271 9 13 0.03844052 
323 181 11 15 0.038118802 
561 295 33 32 0.03771378 
101 227 15 19 0.037671156 
132 138 14 14 0.037624303 
21 222 15 20 0.03713753 
785 76 8 10 0.037125107 
757 56 9 11 0.03711824 
446 97 8 10 0.037042093 
42 172 14 17 0.03676577 
336 136 15 18 0.03668874 
747 61 19 25 0.036444858 
456 102 8 10 0.036248535 
358 147 13 15 0.035975277 
478 94 9 10 0.035545576 
853 115 14 17 0.035407703 
839 103 12 15 0.035367507 
416 173 19 24 0.035120208 
939 160 32 39 0.034978084 
963 112 15 19 0.03478165 
199 417 13 19 0.034675874 
439 101 10 11 0.034215886 
52 325 31 38 0.034141 
52 192 18 20 0.033840895 
932 116 22 28 0.033668615 
766 86 10 13 0.033523273 
178 356 12 13 0.03327818 
143 364 14 18 0.033267487 
421 101 11 12 0.033122577 
984 104 19 23 0.03259542 
166 341 11 14 0.032567967 
845 77 10 13 0.032353777 
462 103 8 9 0.03227143 
977 137 26 32 0.03222609 
696 94 10 12 0.032175876 
647 144 16 21 0.03213823 
977 94 13 15 0.032016113 
620 177 22 26 0.03198745 
56 183 15 19 0.031693257 
44 277 26 29 0.03143098 
119 258 23 30 0.031314056 
27 184 26 30 0.031124398 
918 93 15 18 0.030941296 
471 101 10 11 0.030718435 
339 218 12 15 0.03056543 
805 163 17 21 0.03054515 
826 83 12 15 0.030024562 
349 132 14 15 0.029872192 
914 106 23 27 0.029323222 
531 134 15 18 0.029198008 
343 183 12 16 0.02862449 
410 185 19 21 0.028486604 
830 91 12 14 0.028351761 
710 114 13 18 0.028157758 
34 229 23 28 0.02794541 
547 116 11 14 0.02772068 
855 143 25 28 0.027695348 
1001 140 24 28 0.027564056 
673 194 23 28 0.027392179 
227 128 16 19 0.02738639 
454 199 23 27 0.027199646 
474 176 17 20 0.027153367 
918 78 21 26 0.02709402 
883 135 16 21 0.02667248 
465 170 11 16 0.026116867 
343 152 12 14 0.02601721 
765 92 11 13 0.02598955 
855 136 16 20 0.025953485 
296 229 12 15 0.02580919 
546 337 24 40 0.025809051 
566 118 16 19 0.0254691 
495 118 11 13 0.025123257 
742 56 9 12 0.02501778 
502 116 11 14 0.02496326 
665 116 14 18 0.02479357 
145 423 24 25 0.024750678 
784 94 12 14 0.024653783 
569 92 11 15 0.024589015 
461 128 14 17 0.024370575 
675 176 16 19 0.024323454 
197 379 10 13 0.024227351 
131 311 29 33 0.024214033 
981 183 30 36 0.024213338 
149 380 12 14 0.024044558 
135 261 31 39 0.02389562 
863 157 27 33 0.023440512 
438 123 11 13 0.023278067 
45 180 17 22 0.023261942 
947 121 26 32 0.023231205 
841 115 13 17 0.023203317 
731 110 11 14 0.02311029 
973 120 24 28 0.023072412 
806 83 11 13 0.022981 
981 108 36 51 0.022924239 
383 100 12 14 0.02264949 
696 84 11 14 0.022411468 
994 157 26 31 0.022367252 
356 139 15 18 0.02233653 
26 220 20 25 0.02232998 
110 368 16 19 0.022055613 
172 371 14 16 0.022028504 
784 87 9 11 0.021885512 
182 378 12 14 0.021847297 
178 407 17 20 0.021819407 
0 387 29 37 0.02176594 
900 124 26 30 0.021613577 
539 282 47 48 0.021579996 
355 132 14 17 0.021314614 
390 124 13 15 0.0212858 
931 144 17 20 0.02122061 
349 219 20 24 0.020892654 
853 167 28 32 0.020883784 
131 361 14 19 0.020809311 
847 281 31 37 0.020794949 
877 122 16 20 0.020790959 
429 122 13 15 0.020737771 
966 65 10 12 0.020595672 
508 117 13 15 0.02058896 
464 120 20 22 0.020542376 
951 197 31 36 0.020524103 
554 107 12 14 0.020410862 
113 341 25 30 0.020334201 
168 369 12 16 0.020319048 
367 195 13 17 0.020307386 
617 388 15 18 0.020269206 
922 142 17 22 0.0202257 
