23_Shoppers_Shoppers_23_708
20
334 114 506 502 0.21917905 
398 37 36 54 0.18736999 
569 21 89 126 0.09593511 
218 118 46 57 0.05919299 
618 34 101 113 0.055300508 
-32 156 377 484 0.040512245 
277 74 11 14 0.03442291 
942 531 46 48 0.033667296 
399 15 58 86 0.030415662 
226 145 47 56 0.028671566 
166 128 349 478 0.025887176 
527 62 459 422 0.024438387 
219 125 28 36 0.023552224 
-2 135 89 140 0.023365717 
390 -2 103 139 0.023351066 
185 49 96 136 0.022298923 
232 244 205 291 0.021752167 
252 132 18 21 0.021017773 
404 37 15 19 0.020602185 
273 71 10 14 0.020051152 
