23_Shoppers_Shoppers_23_364
72
587 182 98 117 0.9995621 
278 213 72 95 0.99757594 
457 232 53 64 0.9963392 
200 310 18 21 0.18624854 
175 363 12 14 0.11947714 
14 251 11 14 0.09907688 
149 358 10 13 0.086168766 
1003 159 20 31 0.08123086 
165 389 13 14 0.07817401 
998 88 22 41 0.06515799 
166 396 14 18 0.057741705 
757 146 13 18 0.051521163 
65 293 10 11 0.048281506 
369 292 13 18 0.04787924 
66 261 8 11 0.043933712 
175 370 14 18 0.042919878 
161 387 10 13 0.042077858 
10 272 9 12 0.039813105 
742 80 12 17 0.03848708 
134 368 9 11 0.038295608 
173 376 13 16 0.038224757 
179 358 13 15 0.03795471 
145 364 9 12 0.03641419 
393 317 25 34 0.03597779 
170 357 10 13 0.035155237 
40 318 9 12 0.035044055 
167 362 12 15 0.034075797 
756 140 24 30 0.033384554 
159 402 12 16 0.033023987 
1 532 54 109 0.032033842 
48 243 8 11 0.031598568 
162 385 21 27 0.03059576 
85 383 27 30 0.029906435 
40 278 9 12 0.029579513 
117 208 13 16 0.028816827 
84 479 10 13 0.028696138 
95 212 14 15 0.027992673 
785 140 15 19 0.027510883 
117 187 11 14 0.026950583 
201 311 30 30 0.02676699 
768 141 27 27 0.026542634 
96 352 10 12 0.026155315 
14 258 10 12 0.026007907 
797 150 15 17 0.025874276 
92 274 16 20 0.025456771 
1000 164 15 21 0.025168914 
193 269 9 13 0.025097251 
10 252 11 14 0.024879754 
198 317 15 20 0.024569433 
651 47 431 466 0.024412857 
2 129 15 20 0.024283238 
719 248 13 18 0.024039868 
80 141 25 32 0.023930015 
128 414 9 12 0.023416761 
174 352 10 12 0.02328727 
127 372 11 13 0.023114517 
733 166 9 12 0.022825086 
751 116 13 17 0.022614524 
61 358 19 21 0.022597665 
111 368 10 14 0.022458581 
54 285 9 12 0.022376893 
100 356 9 11 0.02207864 
979 77 46 68 0.021952057 
81 208 8 12 0.021729957 
103 189 11 13 0.0216141 
59 182 10 12 0.021456808 
810 203 29 32 0.021281013 
167 374 12 13 0.021200972 
558 420 104 107 0.020543605 
944 214 9 11 0.020469196 
42 479 104 153 0.0204245 
514 232 22 30 0.020149302 
