23_Shoppers_Shoppers_23_571
59
878 353 103 144 0.99759406 
353 485 19 24 0.6500136 
277 568 24 32 0.20629278 
743 571 12 16 0.10885898 
74 611 9 12 0.1067855 
852 557 17 18 0.105358064 
1011 549 13 20 0.09373311 
284 565 16 22 0.08908029 
1003 525 14 18 0.071175426 
54 636 13 19 0.06712545 
792 540 14 17 0.06539807 
946 530 25 32 0.06400055 
587 597 10 14 0.05471264 
573 603 10 12 0.05393274 
811 532 12 14 0.045937866 
684 611 11 14 0.041889053 
729 534 8 10 0.038543638 
899 535 26 32 0.03630752 
110 621 10 12 0.034593396 
617 552 8 10 0.03454385 
630 705 11 14 0.034145735 
617 598 8 12 0.028494384 
652 478 11 16 0.028265106 
854 541 13 15 0.02814263 
263 662 12 16 0.02796049 
451 421 33 38 0.027819585 
736 569 13 16 0.027797876 
1004 539 16 19 0.02778534 
699 699 14 20 0.027622651 
259 557 13 15 0.027040685 
254 514 12 16 0.026686125 
645 601 8 10 0.02638945 
38 599 8 11 0.025939265 
194 638 51 75 0.02514933 
678 450 43 68 0.024872225 
91 626 17 19 0.024585823 
55 621 10 12 0.0243855 
960 593 12 15 0.024317177 
644 472 14 20 0.024059474 
908 594 14 17 0.023957865 
641 600 8 10 0.023949089 
636 462 20 29 0.023904262 
574 560 8 10 0.023828438 
858 549 12 16 0.02302159 
734 534 8 10 0.022998955 
462 625 11 11 0.022931576 
269 578 15 18 0.022764396 
688 550 9 10 0.022569189 
538 674 13 15 0.022419693 
201 621 28 37 0.02213988 
131 647 13 18 0.02170297 
125 590 10 12 0.021551682 
422 520 12 18 0.021518102 
163 628 12 16 0.021369874 
702 608 8 11 0.02094232 
134 612 46 54 0.020621553 
847 539 13 16 0.020267963 
56 605 10 12 0.02020145 
735 549 10 12 0.020058943 
