23_Shoppers_Shoppers_23_500
28
436 122 42 65 0.99679834 
507 138 36 42 0.91550666 
802 60 96 102 0.7447753 
280 78 44 51 0.35172394 
251 88 39 41 0.28302753 
502 206 22 29 0.13572629 
217 630 22 23 0.08686038 
88 204 28 34 0.080005124 
257 70 54 63 0.05928081 
51 231 17 20 0.047765378 
878 39 59 84 0.044340987 
857 61 66 80 0.04068497 
107 268 30 34 0.03599244 
194 138 66 53 0.034970753 
706 249 212 250 0.03311673 
211 681 19 22 0.03027944 
704 149 125 105 0.029449545 
763 85 139 126 0.029220631 
298 59 32 60 0.028591078 
407 127 31 52 0.028416153 
-1 223 25 47 0.025156815 
184 204 29 30 0.024888609 
305 616 32 41 0.024830451 
190 323 337 477 0.022407712 
744 75 225 230 0.020620309 
673 131 366 409 0.020464031 
15 207 38 51 0.020231945 
22 222 16 24 0.020066293 
