23_Shoppers_Shoppers_23_461
66
743 145 22 29 0.98071736 
689 141 17 22 0.94839823 
651 187 16 20 0.8765564 
339 29 73 127 0.7606577 
918 142 14 19 0.20305336 
604 171 13 20 0.16070995 
617 194 25 31 0.15181033 
700 194 17 20 0.13584176 
550 184 14 19 0.124141775 
531 188 15 18 0.08572656 
830 217 10 13 0.072024934 
569 153 17 21 0.071546435 
715 168 16 19 0.06733788 
944 611 11 12 0.055439003 
676 185 17 19 0.053168233 
541 229 12 15 0.052658472 
433 181 10 13 0.050186682 
723 168 15 20 0.04686589 
690 195 21 28 0.042353593 
689 209 15 18 0.042024963 
539 188 15 17 0.04183719 
783 253 11 14 0.040180065 
308 60 97 141 0.03975936 
705 219 16 20 0.0396159 
912 175 12 15 0.03946245 
683 182 12 15 0.038829464 
694 179 40 53 0.038493555 
455 182 10 12 0.03607749 
795 268 23 30 0.035942867 
599 173 21 30 0.03435209 
629 191 13 17 0.032138627 
600 179 40 51 0.03188908 
990 149 13 17 0.031759143 
215 55 108 121 0.031467587 
827 221 10 12 0.03107274 
1010 163 14 21 0.030779047 
678 189 21 27 0.02880624 
485 208 16 18 0.028784307 
467 194 11 14 0.028035752 
787 221 18 22 0.027750727 
716 156 15 18 0.027502965 
668 184 19 25 0.026360957 
990 159 15 18 0.025582645 
774 170 14 17 0.024634434 
932 149 12 15 0.02457667 
612 165 13 18 0.024220843 
924 228 14 17 0.02365202 
672 196 13 17 0.023635315 
697 203 23 30 0.023598524 
438 172 9 11 0.0231774 
440 168 9 11 0.022661103 
652 220 26 36 0.022562202 
448 188 10 13 0.022092506 
712 146 25 30 0.022089195 
536 224 23 30 0.021975128 
829 235 11 16 0.021883752 
821 180 9 12 0.02178664 
691 210 22 28 0.021585962 
924 152 14 17 0.021509076 
655 148 11 14 0.021204615 
369 8 53 104 0.020869046 
522 85 411 407 0.020602608 
779 164 15 18 0.02053215 
791 162 14 20 0.020308241 
768 101 27 32 0.020300614 
653 143 9 12 0.020148085 
