23_Shoppers_Shoppers_23_167
23
354 162 100 142 0.77306527 
836 38 109 117 0.28806573 
19 45 30 34 0.12857336 
283 16 69 80 0.12798315 
116 18 21 27 0.097410165 
366 23 62 86 0.09559427 
903 59 62 86 0.057156753 
302 57 41 46 0.055890657 
623 389 110 158 0.053484924 
250 -6 112 129 0.04290047 
415 55 109 123 0.041752297 
312 2 66 79 0.036251064 
344 6 68 81 0.03463669 
513 184 53 77 0.032968543 
891 71 90 123 0.03043378 
784 31 121 141 0.028805217 
1010 358 14 26 0.02426967 
494 -4 103 120 0.024010941 
907 111 95 127 0.02283549 
305 90 178 227 0.022138834 
476 70 64 84 0.021782858 
393 101 96 143 0.020570237 
449 29 110 132 0.020005554 
