23_Shoppers_Shoppers_23_271
89
500 226 48 67 0.99908006 
18 279 35 40 0.9990632 
602 234 57 65 0.9987263 
266 274 23 30 0.99147284 
167 312 28 28 0.93077326 
168 377 21 22 0.25017834 
482 469 42 48 0.232081 
121 342 16 19 0.21468575 
926 345 7 10 0.20796739 
865 326 10 13 0.1686706 
840 315 15 17 0.13836439 
110 376 18 20 0.12955965 
166 411 13 18 0.12364881 
109 406 15 19 0.11711741 
975 316 9 11 0.11020977 
868 327 12 16 0.0988683 
160 317 38 45 0.08175403 
950 351 9 11 0.07965937 
480 341 44 41 0.067226455 
157 577 38 50 0.06667612 
1014 202 8 13 0.06584597 
937 359 9 11 0.064937346 
424 319 29 37 0.059461944 
0 300 11 16 0.051219076 
958 439 11 14 0.048307743 
1001 456 8 9 0.04450786 
164 306 18 23 0.041227374 
109 382 23 27 0.041157287 
447 311 29 40 0.038835805 
985 412 8 10 0.037424076 
974 423 7 9 0.037096635 
921 347 9 11 0.035907526 
82 406 21 27 0.03529017 
957 415 9 11 0.033598423 
363 314 16 20 0.0334118 
461 299 15 20 0.03173925 
109 394 23 28 0.030306827 
212 315 15 18 0.030118844 
845 333 12 15 0.02962332 
942 422 8 11 0.029209105 
416 390 20 30 0.028919026 
921 367 8 10 0.028561847 
970 422 7 9 0.02789224 
453 302 25 31 0.02787397 
1008 288 8 10 0.027736835 
970 317 9 11 0.027531942 
883 -5 104 142 0.027256519 
945 341 10 11 0.026740005 
953 422 9 11 0.026725475 
442 444 25 29 0.026036495 
151 347 12 17 0.025841203 
967 352 8 10 0.025744068 
373 306 15 20 0.02570718 
998 324 12 14 0.025342569 
936 352 8 11 0.025121912 
942 415 8 11 0.025084918 
155 367 28 34 0.024729285 
135 362 28 35 0.024705041 
937 431 9 13 0.024256239 
980 316 10 13 0.024239145 
852 318 12 15 0.024164136 
875 324 13 15 0.024034284 
833 429 15 18 0.02392541 
436 315 28 40 0.023719126 
784 327 10 11 0.023434017 
962 366 8 10 0.023412725 
989 413 9 10 0.023173383 
992 326 10 13 0.02292137 
944 352 9 11 0.0225553 
860 341 11 13 0.022245543 
141 354 13 16 0.022029541 
151 339 24 31 0.021930907 
868 318 22 26 0.021832764 
0 300 17 30 0.02158852 
962 359 8 9 0.021458326 
425 326 18 23 0.021367257 
935 362 10 13 0.021355817 
569 503 10 12 0.02107804 
958 432 8 10 0.020994792 
949 343 9 12 0.020994768 
158 400 20 29 0.020977573 
840 330 12 15 0.020885317 
840 350 10 12 0.020827813 
854 347 10 12 0.020639105 
847 340 12 14 0.020355495 
380 307 13 17 0.020273123 
975 415 7 9 0.020212252 
910 343 9 10 0.02018043 
1015 341 10 16 0.020025445 
