23_Shoppers_Shoppers_23_10
101
468 333 27 34 0.99937266 
638 298 28 33 0.99246395 
276 312 35 43 0.9874248 
64 384 36 52 0.9836038 
348 491 14 19 0.3944396 
998 332 19 26 0.38964447 
758 324 21 28 0.3111872 
785 321 21 28 0.26539907 
567 313 31 42 0.22357242 
891 327 14 17 0.20535214 
938 37 10 12 0.14531064 
767 324 22 28 0.13023621 
610 111 9 12 0.12653619 
624 115 10 12 0.12016647 
542 80 8 10 0.11607275 
737 106 29 38 0.11584673 
849 313 21 25 0.11346087 
5 168 52 77 0.10986436 
28 586 47 85 0.1002577 
535 299 21 28 0.09797862 
692 22 8 11 0.07712874 
112 344 9 11 0.075977735 
633 470 29 41 0.07428751 
596 93 9 13 0.073532134 
217 386 16 19 0.073075786 
520 70 9 12 0.06244766 
36 413 26 33 0.061450265 
676 298 26 30 0.060177874 
-2 385 24 48 0.057668306 
428 478 12 15 0.057315096 
44 411 15 17 0.05641856 
816 40 9 12 0.05611509 
717 78 8 11 0.053734772 
614 114 9 12 0.05314696 
778 325 18 23 0.05204514 
841 42 7 9 0.049935892 
843 311 17 23 0.04670852 
919 70 9 11 0.04589056 
377 455 28 32 0.045388225 
838 306 14 21 0.044880904 
299 543 23 31 0.04469595 
551 80 8 10 0.042261764 
641 107 9 12 0.0419821 
676 6 9 11 0.040479667 
584 86 7 10 0.03960625 
554 87 7 9 0.039295387 
686 293 25 29 0.039088152 
645 103 9 12 0.037751645 
512 79 8 12 0.037352275 
537 79 9 10 0.037297223 
660 154 94 123 0.03691467 
557 88 8 9 0.036450416 
533 501 12 15 0.03627997 
0 403 31 40 0.03205804 
671 24 8 10 0.030868039 
997 339 25 37 0.030277506 
527 87 9 10 0.030098848 
889 331 18 23 0.029843822 
858 311 22 30 0.029799966 
989 330 17 21 0.028916491 
946 440 25 30 0.027963419 
518 74 11 14 0.027777355 
694 103 7 9 0.027702162 
335 578 12 17 0.027682697 
599 113 7 9 0.027406018 
629 112 8 10 0.027118882 
953 481 16 21 0.026177702 
793 315 16 25 0.025812224 
997 612 28 58 0.025690082 
18 379 37 53 0.025538769 
954 306 22 29 0.025338726 
389 414 9 12 0.024826687 
645 94 9 11 0.024714436 
103 320 9 10 0.02446425 
390 -51 393 485 0.024402777 
1008 334 13 23 0.024392182 
698 296 17 23 0.024191532 
592 87 9 11 0.024096109 
794 321 21 32 0.024007494 
705 216 15 19 0.023459146 
529 333 26 33 0.023451118 
591 113 8 10 0.023444377 
529 500 10 14 0.022999672 
935 42 13 15 0.022932325 
536 72 8 10 0.022805085 
536 321 37 49 0.022764605 
535 84 9 12 0.022742003 
528 122 11 15 0.022315748 
597 117 8 10 0.022152588 
420 636 13 16 0.021900412 
285 588 9 12 0.021310968 
127 305 8 10 0.021214008 
262 333 11 14 0.02101174 
553 92 9 11 0.020981187 
1012 453 12 21 0.020947818 
897 324 12 16 0.02086658 
530 430 118 168 0.020748291 
712 96 7 9 0.020694913 
285 582 9 12 0.020430643 
229 569 17 18 0.020302122 
719 96 8 10 0.020156745 
