23_Shoppers_Shoppers_23_43
125
356 231 63 80 0.9989843 
166 231 57 72 0.99894387 
158 392 66 87 0.9959357 
941 122 27 31 0.995622 
572 146 45 58 0.9955107 
64 147 39 50 0.98981595 
925 199 48 68 0.97473484 
72 212 38 62 0.9130901 
790 133 38 50 0.8899285 
862 148 37 47 0.79371285 
605 124 31 42 0.78031313 
24 146 24 32 0.75881386 
723 341 41 46 0.625431 
960 86 30 38 0.4940964 
969 108 28 41 0.3764631 
441 327 41 54 0.37567374 
376 139 32 42 0.33932534 
746 223 23 32 0.27914408 
679 227 22 29 0.23283093 
230 151 29 39 0.19402485 
832 398 23 33 0.1706468 
100 158 25 37 0.15266237 
355 353 44 47 0.11669239 
687 236 21 30 0.10910975 
824 195 59 56 0.107053846 
547 131 27 38 0.10341576 
455 104 32 41 0.10228548 
189 501 44 56 0.096212655 
751 334 48 51 0.09561193 
212 148 25 39 0.09448103 
793 35 10 12 0.089014396 
340 133 26 36 0.08419842 
449 94 25 38 0.07727057 
883 149 25 35 0.071706906 
823 382 52 62 0.06625598 
841 162 60 62 0.06564815 
890 139 23 30 0.06552634 
956 120 26 32 0.06533404 
672 104 17 20 0.063498266 
741 177 13 18 0.06108049 
796 31 11 14 0.060770135 
944 88 30 36 0.056963537 
959 301 51 71 0.056656398 
311 216 50 62 0.050360363 
984 119 16 23 0.045960627 
816 135 48 53 0.04583501 
234 148 18 24 0.045791812 
489 334 31 41 0.04535844 
975 93 18 24 0.045353733 
469 113 31 35 0.044130385 
245 451 48 54 0.043559738 
54 141 29 38 0.04318377 
808 370 79 110 0.04091719 
322 162 15 20 0.040391944 
168 130 22 33 0.03920102 
773 102 11 14 0.03785816 
281 270 44 59 0.037626624 
35 143 26 34 0.03723441 
696 244 23 30 0.036048483 
742 214 39 52 0.0339462 
772 14 9 12 0.03321627 
438 390 34 56 0.032694645 
701 94 26 28 0.032603066 
200 156 39 49 0.03254856 
703 350 50 59 0.032482892 
1003 65 15 20 0.032228395 
942 250 81 115 0.03221232 
166 127 16 24 0.03208557 
162 145 38 52 0.031826336 
252 152 30 32 0.031585895 
682 251 21 29 0.030900057 
309 149 22 28 0.030665189 
256 202 59 72 0.030535704 
442 91 22 31 0.030301783 
736 251 22 31 0.030264542 
305 147 18 22 0.029236807 
856 139 32 42 0.02914596 
73 160 43 59 0.029062744 
2 473 50 92 0.028998138 
44 218 56 77 0.028630042 
551 133 14 19 0.028375695 
520 130 27 30 0.02817958 
427 337 38 50 0.027901543 
923 92 24 31 0.027652988 
906 137 18 22 0.027604854 
615 121 20 25 0.027547548 
265 153 19 21 0.027538843 
531 125 37 49 0.027302133 
345 134 45 54 0.026771914 
984 113 28 35 0.02659618 
549 118 30 37 0.02653296 
851 377 37 35 0.026465653 
739 168 22 30 0.0260594 
530 136 15 19 0.025954325 
584 121 49 60 0.025104955 
682 353 50 60 0.025084388 
258 235 57 75 0.024835253 
695 362 28 37 0.02474992 
171 139 26 37 0.023907771 
43 148 44 56 0.023780836 
105 155 17 24 0.023747792 
653 104 16 17 0.023572773 
17 156 34 42 0.023457339 
517 471 28 46 0.02317673 
831 215 37 38 0.02315952 
324 432 38 35 0.022631126 
465 328 40 53 0.022564115 
-2 186 37 60 0.022184124 
81 146 31 41 0.021711081 
180 165 34 42 0.02160252 
301 141 15 18 0.02156415 
560 117 47 57 0.02106065 
951 218 55 73 0.020879805 
117 276 45 60 0.020832747 
332 128 25 35 0.020804567 
253 170 56 66 0.020667149 
228 128 25 33 0.020654997 
549 100 25 33 0.02056736 
704 272 41 47 0.020559583 
789 124 28 40 0.020502817 
446 62 25 30 0.020453703 
278 220 56 71 0.020279298 
3 97 28 37 0.020076595 
112 161 18 24 0.02004712 
756 0 11 13 0.020028586 
