23_Shoppers_Shoppers_23_25
48
451 61 41 66 0.9935592 
268 161 26 33 0.70507246 
365 113 13 18 0.4554455 
906 37 34 43 0.42536196 
887 78 19 28 0.17245421 
618 94 15 19 0.1403531 
370 111 13 17 0.12959987 
271 130 11 14 0.119280584 
897 18 34 38 0.10114878 
-1 485 47 80 0.09585038 
935 92 12 16 0.0730671 
318 344 13 17 0.072696716 
221 162 354 478 0.068643756 
823 103 22 28 0.05098242 
4 485 16 21 0.04841615 
230 257 58 70 0.046021175 
259 158 46 49 0.04422559 
909 44 43 59 0.039610684 
339 96 16 19 0.038438294 
720 122 224 311 0.035713494 
274 126 14 16 0.035637453 
233 462 80 124 0.034965564 
933 135 12 15 0.034625657 
78 446 10 13 0.033493392 
1 485 24 38 0.032539826 
293 273 215 302 0.031688776 
267 128 21 25 0.031684037 
934 276 11 13 0.030573752 
922 47 17 23 0.028158443 
438 92 29 45 0.027974138 
262 170 17 21 0.027500095 
13 355 14 18 0.027371168 
905 62 28 37 0.02698423 
359 118 15 19 0.026771257 
895 82 18 22 0.025967782 
265 127 12 14 0.024633793 
755 110 155 183 0.024561647 
5 364 14 17 0.024016328 
891 91 17 22 0.023780188 
323 485 10 12 0.023562772 
661 88 12 15 0.021592855 
-10 449 85 122 0.021512758 
268 138 29 38 0.021502769 
792 182 123 153 0.020852847 
250 166 30 33 0.020747231 
938 94 14 20 0.020539267 
356 167 29 30 0.020535594 
947 532 42 39 0.020032331 
