23_Shoppers_Shoppers_23_450
315
247 432 21 28 0.89959335 
661 357 18 23 0.7930767 
538 627 21 26 0.7023342 
540 690 19 23 0.5738026 
493 630 21 25 0.46823677 
516 583 16 19 0.45989907 
684 299 11 15 0.41151223 
421 639 18 21 0.35063893 
354 105 15 19 0.34431663 
697 313 9 12 0.32255778 
579 778 15 17 0.32208478 
854 633 20 28 0.30453908 
430 680 21 29 0.2815529 
784 580 19 26 0.2785421 
618 770 13 16 0.27744398 
750 248 8 10 0.26613843 
893 602 15 20 0.25108397 
701 581 15 24 0.21194875 
578 627 16 20 0.20073013 
344 264 8 10 0.17633866 
247 104 8 11 0.16928755 
576 785 24 28 0.16070348 
612 631 22 27 0.15557201 
832 322 13 17 0.15021446 
338 103 12 15 0.14581028 
855 625 15 21 0.1383473 
563 805 15 18 0.13238709 
836 296 9 11 0.13153592 
547 811 15 19 0.13051036 
278 104 7 9 0.1287326 
574 615 22 29 0.12405703 
523 587 15 17 0.12030802 
236 119 11 13 0.112622075 
508 828 15 17 0.109940514 
585 792 23 30 0.10916262 
431 839 10 14 0.1044734 
575 686 18 20 0.10332508 
445 336 13 16 0.101359695 
423 628 15 19 0.10048135 
728 263 8 12 0.09989353 
489 575 10 12 0.0995528 
856 663 18 24 0.0984629 
540 620 17 20 0.09844299 
576 611 17 19 0.097925186 
732 245 9 11 0.09326761 
680 577 23 31 0.090747945 
811 575 18 22 0.08785179 
863 246 13 16 0.08726957 
729 286 7 11 0.087127596 
421 577 11 14 0.087012604 
553 807 20 23 0.08410869 
576 197 10 11 0.08303505 
360 314 13 16 0.08096223 
408 292 12 15 0.08074545 
456 579 9 11 0.07958598 
461 620 16 20 0.07898115 
978 529 22 31 0.07758541 
473 579 10 11 0.07659003 
548 834 17 21 0.0739032 
595 799 20 28 0.07183566 
833 298 10 13 0.07144289 
241 103 9 11 0.07112108 
571 804 14 18 0.07012252 
853 246 10 12 0.06995209 
781 264 9 12 0.069194466 
439 580 10 12 0.06788386 
288 443 11 16 0.06491164 
511 1082 11 13 0.06374191 
581 642 17 20 0.06293775 
725 615 15 21 0.06282917 
889 269 10 13 0.06251014 
614 688 16 18 0.062456984 
570 264 9 13 0.062419437 
581 824 17 21 0.061461646 
741 617 14 19 0.06097066 
285 323 10 12 0.060495555 
74 359 8 11 0.060384504 
610 577 12 15 0.06012759 
77 433 17 21 0.05836725 
348 125 17 20 0.058252852 
661 191 9 11 0.057976183 
494 620 15 18 0.05742358 
919 600 16 20 0.05544238 
800 224 9 12 0.054420598 
945 285 15 19 0.054076765 
202 120 12 17 0.054013822 
612 774 16 20 0.05375217 
617 620 16 20 0.051818892 
787 587 23 30 0.05159189 
678 200 11 14 0.051281188 
362 322 13 16 0.05088418 
293 436 14 17 0.049921036 
508 560 10 12 0.04927983 
333 105 14 18 0.04926569 
561 580 10 11 0.049103796 
355 368 21 29 0.04892621 
576 191 10 13 0.04732299 
726 331 11 14 0.04699772 
566 781 11 14 0.04691772 
827 233 13 15 0.046649117 
577 227 11 14 0.046478104 
387 771 14 16 0.046398893 
908 210 12 15 0.046311412 
815 227 10 13 0.046256192 
527 191 9 12 0.04619138 
487 634 16 21 0.045206226 
444 763 13 17 0.044898365 
254 104 8 10 0.044465378 
584 189 11 15 0.044342946 
484 1110 12 15 0.04379962 
662 846 9 11 0.043757595 
608 772 12 16 0.0437332 
404 195 13 17 0.043464795 
444 171 11 15 0.043333218 
476 576 10 12 0.04288756 
445 181 11 15 0.04257682 
460 641 17 20 0.04254915 
595 577 12 14 0.04250341 
449 641 13 17 0.042153005 
263 110 9 12 0.04180328 
579 575 11 13 0.04171841 
443 166 11 13 0.041639462 
198 639 486 542 0.041584052 
663 274 11 14 0.04111798 
778 268 10 13 0.041060045 
825 292 11 15 0.040687483 
460 608 25 28 0.040535837 
852 262 9 12 0.040375598 
263 103 7 10 0.040039074 
421 620 14 17 0.039808106 
571 267 12 17 0.03945246 
429 781 12 14 0.03907063 
714 316 9 11 0.038951144 
740 643 12 14 0.03839789 
421 688 18 20 0.038318958 
543 840 14 18 0.0381671 
556 277 10 12 0.03631976 
360 355 16 22 0.036239352 
570 634 21 26 0.03623294 
612 648 13 17 0.036221754 
480 1114 11 13 0.0359953 
564 826 14 18 0.035828386 
750 333 9 11 0.035508838 
833 317 23 29 0.035385694 
599 234 11 15 0.035234034 
614 1209 34 32 0.034891695 
665 352 15 18 0.034800123 
593 168 8 10 0.03456285 
568 641 13 17 0.034380987 
607 778 13 19 0.03343305 
528 565 10 12 0.033377707 
551 785 11 15 0.033360172 
457 1136 10 12 0.033323314 
415 1146 14 17 0.033286534 
517 398 13 18 0.033206243 
418 680 37 46 0.033156198 
311 193 13 16 0.03310081 
505 565 11 13 0.032871094 
453 682 23 27 0.03283434 
831 288 9 12 0.03273593 
455 626 15 17 0.032701194 
460 580 10 11 0.032632526 
598 786 11 16 0.032561824 
605 243 10 13 0.03256014 
441 333 12 16 0.03240567 
579 798 16 21 0.032264233 
959 288 14 19 0.032143865 
545 580 10 12 0.0320857 
598 1224 33 30 0.03200536 
759 255 9 11 0.031906445 
625 284 11 12 0.03174504 
633 230 15 18 0.031726476 
457 628 22 27 0.03161514 
627 575 11 13 0.03152208 
457 1077 10 11 0.03149716 
446 1099 13 16 0.031216018 
445 579 10 11 0.031186476 
801 576 24 29 0.031162152 
331 114 13 18 0.031098299 
656 986 10 11 0.031097509 
432 643 13 17 0.030680014 
503 271 9 12 0.030124763 
592 207 10 11 0.029859109 
530 594 13 17 0.029712008 
427 174 14 16 0.029646967 
977 523 35 51 0.02946439 
757 294 9 11 0.0293836 
271 127 10 11 0.029372558 
605 797 13 20 0.029220207 
416 641 14 19 0.028966509 
665 166 9 11 0.028940413 
568 197 9 12 0.028809275 
655 293 9 13 0.02860851 
655 228 10 12 0.028561966 
656 213 10 14 0.02817376 
546 687 14 18 0.027888251 
78 457 39 52 0.027862908 
421 1093 12 13 0.027857862 
550 202 12 15 0.027802441 
646 809 15 18 0.027507825 
352 792 15 18 0.02747141 
657 354 16 20 0.027363276 
46 540 23 34 0.027294824 
286 103 8 11 0.027151238 
888 262 10 13 0.02709088 
729 373 9 11 0.026976177 
551 825 21 26 0.026831303 
484 1101 12 15 0.026793225 
319 254 9 12 0.026729655 
652 299 11 13 0.026627833 
466 647 13 16 0.026563156 
587 775 11 14 0.0265225 
439 1156 10 13 0.0263437 
84 478 24 28 0.02613876 
627 773 11 14 0.025987018 
317 773 26 32 0.025697788 
589 194 10 12 0.025623282 
920 221 10 12 0.025620272 
745 291 10 12 0.025587957 
697 243 10 12 0.025522145 
746 310 10 12 0.025497675 
849 251 10 12 0.025420526 
512 794 14 18 0.025408154 
521 1149 8 10 0.025233803 
671 290 10 14 0.025131205 
566 189 9 12 0.025128704 
493 685 14 17 0.024986958 
730 241 8 11 0.024964832 
329 109 11 15 0.024935836 
661 839 9 12 0.024845066 
956 507 10 12 0.02476709 
457 754 15 18 0.024727698 
412 270 10 13 0.024675129 
693 583 18 22 0.024211586 
753 355 14 18 0.024181198 
357 313 21 28 0.024169095 
319 405 12 15 0.024154244 
476 855 12 15 0.024059081 
614 255 10 14 0.023920372 
514 832 16 17 0.023766847 
559 642 11 15 0.023742832 
725 340 12 17 0.023716463 
395 175 23 26 0.023702312 
756 422 10 13 0.023657586 
536 1149 10 11 0.023640659 
884 445 13 17 0.02352819 
823 510 11 13 0.023505036 
389 847 11 13 0.023448935 
355 860 16 17 0.02339435 
898 605 16 22 0.02335322 
888 608 12 19 0.02331034 
441 682 14 21 0.023279872 
458 725 18 20 0.023153495 
757 317 9 12 0.023114542 
581 234 10 13 0.023079392 
749 288 10 12 0.02302734 
2 343 8 11 0.023004897 
672 578 21 32 0.022990957 
221 240 11 14 0.022948503 
751 328 8 10 0.022891356 
729 310 9 12 0.022782644 
976 534 15 22 0.02275099 
460 1141 10 14 0.022697307 
746 251 10 12 0.022666067 
571 648 15 17 0.022620121 
695 323 12 16 0.022558913 
768 207 10 12 0.022551272 
504 572 10 13 0.022513654 
782 255 9 11 0.022479082 
653 167 7 10 0.022389593 
675 204 10 13 0.02226944 
714 254 9 11 0.022193573 
680 294 18 24 0.021959575 
881 252 10 14 0.021945838 
692 302 10 14 0.02191883 
567 221 9 12 0.021903735 
447 237 10 12 0.021892017 
286 108 8 11 0.021886501 
622 801 14 19 0.021742353 
403 580 11 12 0.021686744 
404 287 21 25 0.021658044 
0 483 40 55 0.02164825 
454 1085 11 13 0.021602277 
539 857 14 18 0.021595648 
765 617 15 21 0.021582432 
974 278 45 55 0.021545308 
864 241 10 11 0.021543425 
560 214 9 11 0.02153115 
239 442 14 19 0.021466464 
893 444 15 20 0.021438656 
662 293 10 13 0.021429108 
628 278 11 14 0.021417903 
696 330 10 13 0.021372138 
338 261 9 12 0.02129625 
472 1093 10 11 0.021272643 
945 219 10 12 0.021185463 
590 222 21 26 0.021082636 
692 629 14 16 0.021059208 
850 240 21 25 0.021042679 
656 277 11 14 0.020950723 
1012 571 12 16 0.020912657 
147 337 43 53 0.020797428 
483 1028 11 13 0.020784808 
433 842 15 17 0.020729775 
628 778 13 16 0.020711884 
570 815 20 26 0.020707803 
294 340 11 13 0.020690415 
653 817 12 15 0.020505097 
415 617 13 18 0.020499581 
784 415 14 20 0.020453177 
279 303 10 12 0.020426702 
22 452 10 14 0.020351985 
633 219 13 16 0.02015268 
421 1110 10 13 0.02012789 
504 1084 10 13 0.020007363 
