23_Shoppers_Shoppers_23_197
488
447 106 141 177 0.99948645 
695 200 350 444 0.6062653 
418 1081 37 41 0.5469948 
54 1494 14 19 0.5167066 
429 1504 17 20 0.46329078 
812 515 203 304 0.36288562 
50 1149 16 20 0.32904583 
290 426 38 62 0.29750854 
12 1336 14 17 0.2798722 
899 1005 130 161 0.2792509 
336 1462 13 16 0.27558523 
776 408 346 470 0.2622299 
7 1499 12 17 0.2190798 
132 1500 14 22 0.21397308 
259 666 15 19 0.21009095 
277 641 11 14 0.2063967 
7 1414 11 14 0.20279518 
421 1476 13 16 0.20201707 
77 1383 10 12 0.20154656 
820 942 208 268 0.2005547 
114 1146 13 16 0.19344889 
209 1500 15 19 0.17116697 
860 1002 123 124 0.16800638 
354 1465 17 19 0.16272488 
28 1432 14 17 0.16244574 
343 1386 14 20 0.15861525 
86 1412 12 14 0.15778299 
354 1474 16 18 0.15313198 
42 1359 12 13 0.14869907 
316 675 10 13 0.14630994 
367 1494 13 15 0.13655151 
407 1511 12 15 0.1362067 
384 1398 11 14 0.13595906 
405 1490 15 16 0.13321918 
144 1300 12 16 0.12958623 
14 1310 11 14 0.12760548 
86 1308 13 15 0.12485925 
363 1469 15 18 0.12355208 
104 1370 11 14 0.12110367 
162 1258 11 14 0.119960055 
287 1253 13 15 0.117558174 
31 1460 13 18 0.11016641 
120 1226 13 17 0.10667419 
293 669 24 27 0.10418312 
141 1211 10 13 0.10331765 
38 1497 13 17 0.101277374 
245 1470 11 15 0.096011415 
814 1472 8 12 0.0959803 
113 1506 14 17 0.0953457 
45 1390 10 13 0.09489358 
2 1419 11 15 0.09216843 
69 1148 11 14 0.09213869 
94 1471 14 19 0.08871515 
894 624 126 186 0.088107735 
469 1450 13 16 0.08805674 
173 1310 13 17 0.087759115 
101 531 417 488 0.08768879 
308 674 15 18 0.087685555 
37 1395 12 15 0.08602079 
340 1503 11 13 0.0855145 
61 1398 11 13 0.08469026 
663 1379 12 14 0.08413177 
352 1480 13 16 0.08286841 
396 1475 11 14 0.0827696 
274 1474 13 16 0.081054755 
133 1330 13 15 0.08001614 
54 1342 10 14 0.07690503 
358 1455 12 13 0.07643982 
36 1380 11 12 0.07528266 
68 1479 13 17 0.075135835 
372 1492 12 15 0.074076965 
71 1459 12 16 0.07384276 
380 1486 11 14 0.07301196 
307 714 30 40 0.072558135 
175 1378 12 16 0.07226656 
57 1366 9 12 0.071348965 
4 1427 12 15 0.071227275 
323 1501 12 14 0.070302576 
313 1354 10 13 0.07002921 
235 1373 12 14 0.06925944 
322 1508 14 15 0.06871973 
69 1276 10 13 0.068539836 
55 1405 10 12 0.06782224 
16 1267 12 16 0.06666018 
59 1094 11 14 0.066212356 
411 1483 14 16 0.0654927 
133 1155 13 17 0.06536211 
317 1358 10 12 0.065330476 
30 645 32 37 0.06526708 
430 1438 12 14 0.0651913 
71 1341 12 15 0.06385656 
187 1368 15 22 0.06353009 
61 1391 9 11 0.0630466 
654 1407 13 15 0.0629996 
217 710 31 40 0.062963784 
5 1366 13 17 0.06101513 
147 1344 14 17 0.06056008 
370 1470 13 15 0.059421077 
342 1242 11 13 0.05838399 
367 1186 12 16 0.057761554 
15 1110 10 13 0.05769668 
21 1403 11 14 0.057610307 
333 1517 15 15 0.05745292 
25 1428 12 17 0.05722664 
57 1154 14 18 0.057170205 
48 1474 12 16 0.057082277 
401 1444 12 14 0.05696888 
732 277 128 175 0.056351732 
70 1405 10 12 0.05575167 
61 1148 13 17 0.0555778 
53 1413 11 15 0.05467834 
457 1481 16 19 0.053816892 
39 1390 11 14 0.053694356 
335 1508 13 15 0.052812304 
359 1111 20 28 0.052537456 
288 1212 11 13 0.05214335 
1 1443 12 17 0.051609974 
426 794 49 62 0.051495552 
145 1246 15 20 0.0513507 
369 1362 13 15 0.051169485 
273 692 15 20 0.050844062 
33 1397 11 14 0.05065723 
6 1308 12 16 0.050571986 
96 1449 13 17 0.04959292 
1 1117 9 13 0.04937525 
120 1440 10 11 0.04916716 
286 1497 14 17 0.048904333 
444 1059 11 13 0.04853488 
132 1167 16 19 0.048297502 
44 1495 14 19 0.04824626 
861 1007 67 73 0.04816168 
1 1437 10 15 0.04815106 
301 1458 12 15 0.04802989 
158 1233 14 18 0.047810037 
79 1430 10 11 0.047787517 
31 1126 11 14 0.04765331 
12 587 17 22 0.047541015 
316 1385 16 19 0.04735828 
5 585 13 19 0.04703572 
182 1029 24 30 0.046485033 
292 1283 11 14 0.046437964 
72 1441 12 14 0.046145074 
77 553 42 54 0.04600241 
47 1141 13 15 0.045866452 
606 834 11 14 0.04540599 
268 1451 14 15 0.045180134 
52 1485 15 19 0.045170326 
457 830 51 81 0.04506535 
70 1411 11 15 0.045028485 
67 1399 11 13 0.045019973 
284 1367 15 19 0.045017973 
5 845 10 13 0.044921782 
76 1362 12 14 0.044240456 
157 1468 10 13 0.044216257 
348 1114 12 17 0.044141553 
59 1480 20 24 0.04398327 
92 1156 13 17 0.043629717 
30 1345 13 17 0.04287597 
35 1434 14 18 0.042822916 
732 890 365 444 0.041824467 
260 1338 12 14 0.041128874 
131 1371 12 16 0.04086543 
36 1413 12 14 0.040780883 
388 1160 10 13 0.040770367 
9 1314 12 15 0.0407428 
236 1358 13 15 0.040691055 
18 1339 12 16 0.04057031 
806 1452 9 12 0.040481936 
101 1421 11 14 0.040108442 
631 1355 14 15 0.039913695 
94 1422 10 12 0.03988995 
30 1422 11 13 0.039758813 
111 1356 11 13 0.03970312 
47 1420 11 15 0.03962373 
282 663 43 53 0.039341833 
0 1518 13 18 0.039320935 
397 1501 13 15 0.03910266 
358 1372 14 16 0.038959134 
249 1308 12 16 0.038862057 
459 1438 12 17 0.03832844 
294 789 13 15 0.038306475 
80 1405 11 14 0.03797097 
46 1407 10 12 0.037918314 
230 1359 11 14 0.03785661 
77 1373 13 15 0.03784463 
177 1185 11 15 0.037717994 
494 1223 24 32 0.037607756 
259 1431 13 16 0.037458047 
172 1292 13 16 0.0373494 
40 1307 10 12 0.037285764 
291 1402 14 15 0.037269272 
35 1463 14 17 0.037163556 
80 1411 12 15 0.036753934 
60 1236 14 18 0.036728803 
4 1499 21 26 0.036728352 
130 1338 14 17 0.03664657 
180 1373 16 21 0.036505625 
325 1313 9 10 0.036197692 
12 573 11 14 0.036120363 
340 1493 11 14 0.036105428 
336 1455 10 13 0.03609587 
279 1349 10 12 0.03608059 
5 1358 12 15 0.035824113 
369 1419 11 14 0.03572753 
133 1276 11 16 0.03549601 
933 1075 87 102 0.035352856 
352 1462 12 15 0.035345152 
103 1294 10 13 0.035289295 
456 823 109 169 0.03496344 
169 1315 14 19 0.034944717 
450 1278 16 20 0.034798577 
355 1406 16 21 0.034647193 
9 1492 15 18 0.034491267 
535 1368 9 10 0.034482706 
52 1451 12 15 0.034309536 
33 612 51 60 0.03409846 
403 1498 15 16 0.033934638 
79 1278 12 15 0.03385965 
320 1495 10 13 0.033628426 
399 1294 10 13 0.03362427 
63 1186 14 19 0.033608288 
318 1430 11 13 0.03346849 
276 1323 10 13 0.033267066 
271 1470 13 15 0.033196766 
572 822 15 16 0.033078857 
379 1380 11 14 0.032907385 
146 1295 13 16 0.032843955 
37 1403 12 15 0.032585837 
56 1390 10 12 0.03254637 
532 1435 23 26 0.032532725 
364 1369 13 17 0.03236944 
363 1501 11 14 0.032249466 
150 1325 10 11 0.03220937 
36 1420 13 15 0.03215762 
159 1034 23 29 0.03215449 
648 1278 57 71 0.031939156 
164 1380 15 19 0.031731315 
196 1128 14 17 0.031680193 
357 1437 11 13 0.031497303 
185 528 25 30 0.03144193 
807 1011 123 109 0.0313139 
170 1034 25 33 0.031161914 
107 1366 12 14 0.031075114 
73 1387 11 12 0.031069472 
390 1126 11 15 0.031035455 
104 1415 10 12 0.030883305 
142 1326 9 13 0.030846471 
681 1348 10 12 0.030844882 
291 1340 14 15 0.030535335 
465 1115 29 35 0.030388836 
947 620 17 21 0.030358145 
104 1255 11 14 0.030344076 
669 1390 10 12 0.030323923 
343 1443 12 14 0.030293979 
112 1431 9 11 0.03025193 
127 1343 11 14 0.030081982 
76 1498 14 18 0.030045215 
97 1428 9 13 0.029849114 
0 1414 18 25 0.029821092 
264 1460 10 13 0.029736325 
93 1221 12 15 0.029637964 
462 1383 11 14 0.029585924 
21 850 11 14 0.029551812 
535 1373 9 10 0.029534586 
311 1387 13 16 0.029407604 
322 1270 12 13 0.029390657 
416 1473 21 26 0.029286532 
253 1497 13 16 0.02925977 
12 1326 12 16 0.029247034 
248 1094 9 12 0.029203547 
25 1422 10 13 0.029160354 
485 837 16 24 0.029114116 
180 1351 16 22 0.029052923 
347 1235 12 15 0.028935751 
0 1298 11 18 0.028934397 
150 1219 11 14 0.028920934 
32 1375 11 13 0.028772622 
390 1508 12 14 0.028744768 
160 1383 12 15 0.028631017 
285 1433 12 16 0.028521111 
47 1412 11 14 0.028420933 
96 1151 10 14 0.028380247 
340 1475 13 16 0.028304944 
196 982 397 492 0.028162433 
16 586 27 30 0.028016077 
654 209 208 308 0.02797642 
273 1320 10 12 0.027943097 
157 1325 11 13 0.027851686 
364 1411 13 17 0.027742893 
384 1364 11 14 0.027738083 
381 1477 11 14 0.027661847 
221 1107 10 12 0.027644169 
15 1263 21 27 0.027636945 
312 1301 10 13 0.02763444 
116 1152 13 17 0.027521616 
320 1290 12 15 0.027448315 
89 1474 13 17 0.0273675 
328 1466 14 17 0.027334213 
639 1428 10 12 0.02731799 
1004 599 17 20 0.027293814 
6 1229 14 19 0.027259719 
318 1484 10 12 0.027204571 
319 1496 19 24 0.027031852 
217 1499 15 21 0.02702078 
461 651 14 17 0.027006056 
282 795 15 17 0.02698922 
293 1348 13 14 0.026988106 
277 1499 15 17 0.026784653 
341 1485 11 14 0.026741581 
262 1293 13 17 0.026734695 
46 1307 10 12 0.026730973 
288 1234 12 14 0.026659256 
615 1390 12 14 0.026558643 
285 1120 22 28 0.026465174 
320 1411 13 17 0.026386071 
323 1364 12 14 0.026346592 
47 1347 11 14 0.026288511 
322 1382 17 19 0.026263477 
834 1472 9 12 0.026198305 
664 1387 12 14 0.02619436 
235 722 17 21 0.026147846 
671 1286 37 45 0.026095964 
327 1172 12 15 0.026049111 
0 1468 11 17 0.026031652 
275 1301 13 15 0.02595926 
302 1397 12 14 0.025892707 
69 1489 14 19 0.0258849 
566 860 11 13 0.02556458 
139 1275 11 15 0.025303148 
189 1124 15 21 0.025299339 
74 1195 13 16 0.025209077 
267 1508 14 15 0.025172025 
225 1359 11 14 0.025093857 
301 1350 12 13 0.025057886 
180 1360 18 25 0.024915874 
365 1484 13 15 0.024868367 
364 1504 14 17 0.024856564 
141 1351 13 17 0.024819618 
325 1495 11 14 0.024815507 
289 1123 12 18 0.024723409 
255 1323 11 15 0.024592629 
125 1376 13 16 0.024585193 
101 1146 11 15 0.024522169 
508 1438 10 12 0.02441908 
64 1459 12 17 0.024407713 
120 1343 10 12 0.024398964 
118 1196 13 16 0.02439433 
47 1384 9 12 0.02438755 
149 1033 22 30 0.024356378 
286 680 48 58 0.024353938 
52 1227 23 31 0.024121493 
129 1366 13 14 0.024120895 
502 658 14 17 0.02405132 
144 1317 10 13 0.024021124 
55 1371 10 13 0.02400377 
16 1405 10 14 0.023990234 
33 1389 11 14 0.02394436 
251 1468 13 16 0.023908284 
385 1126 11 14 0.023877757 
268 1286 10 13 0.023674214 
618 1282 99 100 0.023612522 
44 1459 13 16 0.02359174 
317 1436 10 13 0.023566332 
823 1050 28 33 0.023514913 
988 782 29 40 0.02346754 
825 1455 10 13 0.023462875 
513 1277 9 12 0.023441566 
334 1151 10 13 0.023379125 
212 1152 12 16 0.023344817 
133 1357 13 16 0.023252828 
59 1170 15 19 0.023248704 
215 1375 10 13 0.023168914 
474 827 27 41 0.02314148 
2 1370 11 16 0.023129858 
628 1348 15 16 0.023095524 
278 1342 11 14 0.02295652 
294 1237 11 14 0.022920446 
14 1102 9 11 0.022902785 
109 1488 16 17 0.022896497 
237 1111 11 14 0.022890462 
35 1349 11 14 0.022856785 
276 1446 11 14 0.022786163 
359 1493 12 15 0.022715038 
666 1376 11 12 0.022699969 
402 1509 21 24 0.022695199 
111 1285 11 14 0.022651453 
303 1446 11 14 0.022646012 
310 1484 10 12 0.022616785 
229 1431 15 17 0.022583535 
101 1429 10 13 0.022571985 
138 1228 12 14 0.022564514 
332 1472 15 17 0.02253211 
9 1101 9 12 0.022522496 
151 1234 13 17 0.022509126 
42 1437 13 16 0.022465503 
388 1003 15 20 0.022455536 
16 639 32 38 0.022450615 
149 1318 9 12 0.022402016 
285 1227 13 15 0.02237682 
287 1397 13 16 0.022327773 
117 1041 25 31 0.022323886 
339 1467 21 25 0.022322737 
103 1287 12 14 0.022320013 
60 616 48 59 0.022274073 
349 858 14 20 0.022224082 
133 1346 12 16 0.02221788 
417 1065 32 41 0.022206644 
63 1454 11 15 0.022179406 
414 1402 15 20 0.022179134 
101 1350 11 13 0.022096328 
114 1498 22 27 0.022090415 
98 1458 15 18 0.022041092 
23 1374 10 13 0.022039672 
388 1516 13 15 0.022033468 
311 1445 11 12 0.021986114 
0 1443 18 29 0.021928165 
285 1347 14 15 0.02191539 
333 1387 13 18 0.021909136 
334 1485 13 14 0.021873798 
806 946 15 20 0.021856729 
44 571 15 21 0.021851618 
567 536 106 118 0.021806244 
503 1325 12 15 0.021801703 
271 445 34 46 0.021766996 
127 1489 26 35 0.02172555 
72 1093 11 15 0.02165652 
312 1439 10 12 0.021646693 
424 1502 14 18 0.021641152 
93 1302 12 14 0.021610197 
336 1135 10 12 0.021585936 
346 1518 14 15 0.021503104 
148 1214 12 13 0.021480575 
103 1245 10 14 0.021472799 
381 1372 12 15 0.021469444 
144 1437 9 12 0.021455163 
358 1445 12 14 0.021452641 
245 1356 13 16 0.02136437 
19 1516 16 17 0.021335019 
335 1351 11 14 0.021280846 
425 1437 12 14 0.021278363 
134 1307 13 15 0.021273358 
435 1444 11 13 0.021270994 
111 1398 9 11 0.021257112 
373 1462 12 14 0.021242017 
381 1470 11 13 0.021179108 
285 1308 13 15 0.021156363 
4 1396 12 15 0.021133605 
379 1408 16 18 0.021125227 
173 1364 13 18 0.021114675 
293 1479 13 15 0.02111203 
385 1403 13 16 0.021109108 
167 1222 11 13 0.021075819 
108 1289 12 16 0.021030566 
13 1068 9 11 0.021027684 
383 1141 11 12 0.020985771 
231 1110 11 14 0.020961577 
192 1186 11 14 0.020914752 
4 1473 13 17 0.020913728 
109 1412 11 12 0.020884812 
361 1461 16 19 0.020847952 
179 509 32 40 0.020741966 
63 1493 20 25 0.020735146 
241 1337 14 18 0.020719856 
516 1399 12 15 0.020692531 
-1 1352 8 11 0.020692214 
188 1199 10 12 0.020662 
20 1344 13 17 0.020653898 
258 1495 12 13 0.020603275 
663 1399 10 12 0.020599049 
742 1410 12 14 0.020558955 
262 1516 14 16 0.020548427 
293 1244 11 15 0.020503163 
335 1211 14 16 0.020503135 
421 802 81 96 0.020494306 
273 640 20 24 0.020443598 
7 1485 12 14 0.020398792 
373 1412 14 15 0.020324923 
277 684 25 31 0.02028954 
455 797 214 298 0.020264184 
203 599 35 38 0.020253364 
87 1427 10 13 0.020218343 
157 1248 20 25 0.020182103 
75 1437 12 15 0.020150026 
174 501 13 17 0.020140057 
267 1149 25 32 0.020124787 
279 1307 10 12 0.020031331 
41 1156 11 16 0.020030353 
131 587 29 32 0.020022372 
