23_Shoppers_Shoppers_23_65
36
352 167 30 39 0.98931086 
477 100 38 53 0.91131735 
288 90 21 26 0.24964686 
238 108 20 27 0.20622854 
229 111 18 23 0.084702015 
596 96 19 30 0.08390028 
262 186 15 22 0.07973697 
347 339 16 20 0.06829036 
299 82 16 21 0.06821797 
559 125 25 31 0.059927076 
219 114 26 29 0.05568342 
366 416 14 17 0.055118795 
342 385 16 20 0.04462 
945 530 41 42 0.043987036 
605 102 21 26 0.043953147 
637 90 15 22 0.043791343 
372 120 27 32 0.04055903 
416 196 47 47 0.040031295 
343 181 30 41 0.03937545 
242 99 16 25 0.038039997 
211 107 24 33 0.033672042 
249 110 15 23 0.033430308 
278 47 14 20 0.03058626 
374 108 24 28 0.028687704 
378 142 18 21 0.028137108 
264 180 24 32 0.02752244 
262 136 23 32 0.026350373 
286 84 15 21 0.026048185 
125 214 14 18 0.02528048 
234 154 28 35 0.025049925 
415 404 14 16 0.024928637 
201 103 24 35 0.021632416 
295 358 34 38 0.02103584 
285 100 18 22 0.020708637 
368 149 26 32 0.020440128 
374 138 16 17 0.020334637 
