23_Shoppers_Shoppers_23_22
69
417 289 37 48 0.9976526 
615 256 49 70 0.9689417 
343 288 39 48 0.9598635 
238 242 35 60 0.9295944 
330 248 40 62 0.7105053 
25 109 29 51 0.42867327 
998 0 24 29 0.2645311 
976 49 32 35 0.24833481 
197 259 37 50 0.2300063 
720 250 27 46 0.22885634 
71 103 28 49 0.18782923 
625 53 8 10 0.10383859 
756 205 12 16 0.07878312 
746 93 12 14 0.07773312 
135 0 37 34 0.06953408 
48 109 46 59 0.06746436 
734 210 13 15 0.06695386 
713 261 25 45 0.062326457 
531 319 14 18 0.060229886 
811 283 14 19 0.059009787 
654 63 11 14 0.04800567 
840 245 27 33 0.048001055 
218 250 44 59 0.046246514 
852 321 22 29 0.04535842 
14 60 12 18 0.04384195 
251 248 42 65 0.043645866 
764 205 16 18 0.04296553 
753 210 11 15 0.041882258 
728 214 10 13 0.041805763 
635 75 14 16 0.03846538 
687 140 12 16 0.037114993 
792 280 43 56 0.03710137 
692 84 11 14 0.03697954 
0 280 11 16 0.036948852 
739 203 13 17 0.035153095 
733 116 11 15 0.03261945 
803 278 24 33 0.032324445 
659 90 13 16 0.031846914 
752 107 14 17 0.030605767 
729 254 35 58 0.029612398 
71 112 43 63 0.028834883 
713 199 8 10 0.028131 
719 214 9 12 0.027816724 
692 110 27 32 0.026618462 
776 263 47 65 0.026377583 
36 46 13 15 0.0249245 
766 193 15 19 0.024886774 
20 67 11 16 0.023702865 
691 220 12 14 0.023573784 
730 200 21 26 0.023484847 
378 308 27 36 0.023470782 
821 319 49 63 0.023422575 
613 62 9 12 0.023401132 
988 -8 38 51 0.02329557 
664 76 10 13 0.023132572 
10 299 14 19 0.02294455 
634 262 57 73 0.022909615 
700 230 12 15 0.022873532 
584 264 85 89 0.02281626 
607 325 39 38 0.02270605 
704 245 30 47 0.022664066 
710 227 51 72 0.022278799 
689 214 11 12 0.021554729 
671 128 14 16 0.021546349 
536 315 24 29 0.021280523 
613 70 8 12 0.020900989 
840 342 11 14 0.02057236 
543 256 11 14 0.020296257 
747 196 13 17 0.02017683 
