23_Shoppers_Shoppers_23_599
83
145 28 39 78 0.856025 
658 50 35 51 0.7766962 
607 530 25 32 0.6636171 
572 431 20 26 0.40037006 
961 171 18 23 0.35032284 
803 467 22 27 0.32775852 
790 219 25 32 0.2716152 
497 406 25 29 0.18099217 
670 48 39 44 0.16868629 
93 45 54 72 0.1641243 
482 413 12 15 0.16099451 
644 428 14 18 0.11597734 
263 54 11 13 0.09999313 
607 423 23 30 0.09665378 
312 55 9 11 0.08233717 
220 29 14 20 0.08005799 
264 49 9 12 0.071623996 
546 412 13 17 0.071540155 
117 35 53 79 0.07098511 
538 210 28 29 0.060724262 
532 421 16 18 0.0595644 
388 88 11 13 0.057048526 
570 542 25 30 0.055998646 
588 471 18 20 0.05575987 
685 425 16 18 0.05542913 
359 244 11 14 0.054516617 
673 105 53 82 0.050878912 
548 406 10 13 0.05054524 
604 412 13 15 0.048706662 
662 50 55 76 0.04651298 
172 100 31 44 0.04258203 
579 404 11 13 0.041718047 
480 408 12 14 0.037523642 
467 524 12 14 0.035148393 
650 429 13 16 0.03482534 
995 237 25 37 0.034417573 
259 52 21 25 0.03271338 
578 589 18 20 0.03187529 
785 370 16 20 0.03155512 
507 451 22 26 0.030591786 
493 410 18 20 0.030308144 
699 526 12 16 0.030059438 
786 358 13 15 0.029856319 
701 458 14 18 0.02945358 
-2 137 35 62 0.029156715 
836 498 23 29 0.028455157 
455 405 24 28 0.028380629 
638 551 14 17 0.02834118 
571 217 52 58 0.028319031 
310 72 8 11 0.027364716 
600 404 12 14 0.026985727 
271 77 10 13 0.026449788 
268 47 10 12 0.026245305 
464 411 14 17 0.024842374 
695 531 11 13 0.024371805 
874 500 18 20 0.023977308 
156 57 43 71 0.023764571 
572 422 16 18 0.0230194 
343 53 11 13 0.022994809 
536 410 20 24 0.022863489 
615 399 10 12 0.022557754 
505 237 27 33 0.02254284 
615 510 12 13 0.02245251 
320 78 8 9 0.022197526 
613 515 13 15 0.022163996 
203 36 10 14 0.02203904 
403 186 15 19 0.02177541 
88 6 30 44 0.021551572 
931 247 86 131 0.021384614 
611 412 14 15 0.021334881 
700 436 12 16 0.021271259 
258 238 17 20 0.021011004 
345 11 12 15 0.020990701 
352 243 13 17 0.020963436 
437 408 13 18 0.020939924 
501 535 15 18 0.02090885 
500 421 17 20 0.020839117 
468 420 12 17 0.020818094 
410 93 9 12 0.020666488 
607 525 12 16 0.020554813 
653 468 15 18 0.020455059 
250 211 30 35 0.020433765 
515 411 14 18 0.020232972 
