23_Shoppers_Shoppers_23_511
452
501 316 12 16 0.8126157 
56 301 10 13 0.7930621 
70 362 16 21 0.5641432 
479 322 12 14 0.5426398 
788 638 13 16 0.53633654 
843 324 16 20 0.44605792 
245 162 12 15 0.39963317 
749 573 9 12 0.35801667 
530 14 9 11 0.3326195 
706 603 15 22 0.31383044 
728 194 13 18 0.31157294 
323 209 12 15 0.30825797 
12 220 13 17 0.29876623 
459 550 22 29 0.27313566 
484 24 11 13 0.24522772 
343 216 11 14 0.24395314 
450 302 8 10 0.23972346 
384 251 9 12 0.2254233 
894 342 10 14 0.21860133 
830 239 9 12 0.21291158 
160 93 11 13 0.21148553 
647 303 12 14 0.20537928 
748 275 11 14 0.20104288 
418 284 8 10 0.19597939 
742 215 9 13 0.19477327 
852 619 13 17 0.19094014 
828 259 13 16 0.18713155 
739 321 13 16 0.18160231 
243 121 12 17 0.17615692 
617 360 10 12 0.15874058 
219 582 14 17 0.1536716 
52 322 12 14 0.14136072 
588 332 12 17 0.1353994 
16 294 8 10 0.13285959 
65 283 10 13 0.1290971 
698 341 10 13 0.12677783 
483 319 12 15 0.12563774 
127 92 13 17 0.123491034 
293 140 13 19 0.12236979 
101 60 13 17 0.12087001 
100 580 29 37 0.112906106 
652 307 9 12 0.111833744 
837 254 11 14 0.107307285 
129 356 14 18 0.10692303 
853 561 8 10 0.10512236 
6 303 9 12 0.10359584 
22 294 9 12 0.10340971 
560 33 9 10 0.09922096 
606 341 9 12 0.09813164 
137 48 9 11 0.09798937 
315 202 22 28 0.09725312 
718 335 10 14 0.09716701 
1 293 9 12 0.09682608 
166 582 13 16 0.09378834 
478 52 13 17 0.08988128 
164 54 10 13 0.08932772 
806 189 9 12 0.0889235 
75 317 12 15 0.08878683 
337 215 22 33 0.08799468 
93 67 12 16 0.083620936 
591 68 10 12 0.082863726 
671 367 9 12 0.08078802 
743 612 10 12 0.080072284 
144 345 14 17 0.07987716 
236 195 11 14 0.078979835 
334 211 53 74 0.07702809 
111 377 16 19 0.076343365 
718 636 15 19 0.07519165 
250 497 106 121 0.074400336 
49 40 9 11 0.07389554 
749 629 9 12 0.0737859 
235 101 10 11 0.073757626 
126 122 10 12 0.073157154 
787 631 13 15 0.07279273 
171 625 13 15 0.07238318 
903 325 9 13 0.07185262 
52 58 16 21 0.071732365 
260 430 46 64 0.07165617 
83 91 11 15 0.070981875 
842 229 10 13 0.07070295 
6 294 9 11 0.0703814 
714 339 10 12 0.06992932 
701 397 12 14 0.06952279 
152 361 29 40 0.06923602 
800 271 9 11 0.06898186 
23 350 12 13 0.06840503 
551 374 10 12 0.065865375 
129 524 22 30 0.0657823 
477 9 8 10 0.0650823 
159 60 10 12 0.064290926 
640 301 10 13 0.063289955 
912 329 11 15 0.06224368 
845 225 9 10 0.061231 
859 639 12 15 0.060470954 
779 42 13 17 0.060445573 
312 199 54 74 0.05984055 
847 624 14 18 0.059731055 
559 324 12 14 0.059312668 
51 52 15 18 0.05862655 
747 310 14 17 0.05753236 
833 276 12 16 0.0572369 
40 350 11 13 0.05701651 
23 299 10 13 0.056243736 
69 298 12 16 0.05619593 
872 341 9 12 0.055901706 
740 268 22 27 0.05570324 
282 482 29 42 0.055564314 
586 326 9 13 0.055227242 
130 521 14 19 0.05437454 
140 530 16 21 0.05422105 
737 220 11 13 0.053964995 
39 316 10 14 0.053837243 
823 256 13 15 0.053151947 
52 379 15 19 0.052525513 
171 636 16 19 0.052193116 
630 332 9 12 0.052151386 
809 260 9 12 0.051543314 
183 22 13 15 0.05040391 
748 576 12 15 0.049647722 
784 220 10 12 0.04927917 
213 29 9 11 0.04907153 
247 38 11 13 0.048954263 
232 96 10 13 0.04874769 
126 86 11 15 0.04850894 
802 188 8 12 0.048345406 
150 346 49 63 0.047590084 
42 431 20 21 0.047413345 
715 608 15 21 0.047201246 
821 23 10 11 0.04717393 
59 303 13 16 0.046916533 
133 58 14 15 0.046883605 
816 572 10 13 0.046717077 
536 36 8 11 0.04669477 
858 617 13 18 0.046485137 
46 590 11 15 0.046357755 
94 338 15 19 0.046266127 
164 99 10 13 0.045791566 
824 264 12 15 0.045261685 
270 457 51 75 0.044008818 
114 308 13 16 0.043766413 
41 51 22 27 0.043392614 
845 234 10 13 0.043391123 
76 50 11 15 0.043087125 
700 334 10 14 0.04304517 
96 37 9 11 0.042966187 
520 55 9 12 0.042879302 
545 333 11 14 0.042757977 
582 425 10 12 0.042410333 
228 31 10 13 0.042350423 
794 637 13 17 0.04233754 
138 450 29 38 0.0423123 
778 636 11 15 0.0416158 
745 569 10 13 0.041413255 
798 16 9 11 0.04125084 
696 318 9 12 0.041072976 
350 516 12 15 0.04074996 
98 33 7 10 0.040539473 
7 332 11 16 0.040294774 
719 269 11 16 0.040060155 
200 119 9 13 0.039875682 
101 37 8 10 0.03961459 
849 561 12 16 0.039540663 
478 13 9 12 0.039389342 
59 64 15 20 0.039319795 
861 611 11 16 0.039304204 
405 466 17 21 0.039176304 
251 521 65 77 0.038810197 
526 56 11 14 0.03879021 
8 328 10 12 0.038731456 
55 48 21 26 0.038550798 
284 186 16 20 0.03838726 
119 84 10 15 0.038191143 
197 547 13 16 0.03797204 
478 329 12 13 0.037767097 
123 527 16 23 0.037714537 
161 47 10 13 0.037572395 
63 325 9 12 0.037567012 
542 37 9 11 0.03753341 
220 531 110 120 0.03752209 
52 43 12 16 0.037375037 
121 550 60 68 0.03728067 
36 611 13 16 0.03722689 
444 533 41 57 0.03635081 
296 23 9 10 0.03628749 
237 591 62 64 0.03611648 
7 288 9 12 0.036039654 
236 108 11 14 0.035877347 
589 45 10 12 0.03558689 
265 414 37 52 0.03502709 
803 637 13 16 0.03487044 
95 60 14 19 0.034780204 
180 638 15 17 0.034581363 
572 366 10 11 0.034483448 
557 277 14 16 0.034426793 
853 606 13 15 0.0343079 
563 331 16 18 0.034109034 
61 369 15 19 0.03405063 
860 625 13 16 0.03395944 
758 284 9 11 0.033900756 
2 299 10 14 0.033900492 
489 47 21 28 0.033895243 
22 288 8 11 0.03381579 
111 77 9 12 0.033792354 
663 300 11 14 0.033541568 
848 605 10 13 0.033270642 
109 68 9 13 0.033214122 
120 334 10 12 0.03308292 
838 39 11 15 0.03279699 
484 51 13 17 0.03261436 
774 261 9 11 0.032315012 
115 556 14 16 0.032202654 
770 299 16 20 0.032156385 
7 314 11 15 0.03193314 
359 237 11 15 0.031780995 
739 316 22 26 0.031737074 
45 348 10 14 0.03171199 
522 59 9 12 0.03149225 
550 325 10 13 0.031468146 
559 330 13 16 0.031320438 
132 548 16 21 0.031248989 
724 333 10 13 0.031217223 
454 296 10 15 0.031097302 
248 355 12 16 0.030940339 
4 238 14 19 0.030802917 
101 33 8 9 0.030715484 
847 60 10 12 0.030661428 
734 229 10 13 0.030433204 
494 47 11 14 0.030248957 
464 336 8 12 0.030216586 
47 318 11 15 0.030000163 
13 593 44 54 0.029949164 
576 40 9 11 0.029825555 
331 89 13 17 0.029707866 
598 338 12 15 0.029587127 
96 556 60 66 0.029459372 
19 636 15 17 0.029439531 
281 23 8 9 0.029430525 
838 248 11 13 0.029417725 
325 21 8 11 0.029306887 
825 245 10 12 0.029301813 
799 576 10 13 0.029166652 
111 525 52 66 0.029053958 
804 269 10 13 0.028917674 
15 299 9 13 0.028916784 
831 343 10 12 0.028677352 
861 348 10 12 0.028607385 
667 298 13 15 0.028590692 
127 80 10 13 0.02857728 
166 557 27 30 0.028544676 
70 322 11 14 0.028487297 
119 80 8 12 0.028284624 
167 620 23 26 0.028274808 
599 47 8 11 0.028262805 
204 588 12 14 0.028075604 
541 357 11 14 0.027996644 
750 362 12 14 0.027966062 
86 316 11 15 0.027932627 
67 279 10 13 0.02788638 
606 54 9 12 0.02786985 
742 207 10 13 0.027839666 
464 23 10 13 0.027812649 
558 317 13 15 0.027745578 
87 311 10 13 0.027594019 
448 550 25 32 0.027499087 
830 251 20 24 0.027456438 
792 20 11 13 0.02736754 
566 47 11 14 0.027308818 
788 6 10 12 0.027285544 
848 586 10 13 0.027283082 
108 54 10 14 0.027195068 
138 52 12 14 0.02719368 
228 225 25 29 0.027186578 
131 87 11 13 0.02705047 
687 342 9 11 0.026988 
625 333 9 11 0.026833918 
94 299 10 12 0.026674572 
164 87 10 13 0.026669929 
273 32 8 11 0.026666539 
90 41 8 10 0.026533887 
930 247 29 39 0.026492259 
815 224 8 9 0.026158711 
324 28 11 14 0.026081618 
614 413 12 14 0.02606535 
212 550 12 14 0.026061676 
724 610 11 15 0.025976324 
792 301 10 13 0.025975363 
145 502 10 13 0.025948498 
278 31 9 11 0.025850115 
703 374 8 11 0.02582863 
753 9 8 10 0.025681598 
152 69 9 13 0.025606235 
736 610 12 16 0.025573703 
789 221 8 11 0.025542451 
697 422 11 14 0.025529128 
550 390 10 12 0.025482265 
83 491 102 130 0.025461765 
894 334 13 17 0.025419328 
92 315 10 14 0.02537605 
792 29 9 12 0.025373645 
64 237 98 123 0.025310023 
241 38 11 15 0.025247592 
742 634 13 15 0.025238259 
549 60 11 14 0.025194142 
585 44 10 13 0.025114492 
148 374 25 34 0.025099339 
576 254 11 13 0.025096297 
14 468 13 18 0.025087828 
353 232 49 66 0.02504135 
117 304 10 13 0.025024509 
632 351 10 12 0.024983041 
791 14 10 13 0.024945563 
35 37 38 46 0.024862118 
135 462 23 34 0.024777647 
46 382 24 26 0.024733823 
133 67 13 14 0.024716109 
500 638 15 15 0.02462392 
156 68 11 13 0.024564471 
77 311 12 15 0.024514124 
296 29 10 12 0.024446357 
638 353 9 11 0.024415478 
203 123 11 15 0.024294492 
292 174 10 14 0.024263185 
102 333 12 17 0.024256328 
12 602 13 18 0.024250584 
645 317 10 12 0.024234446 
888 345 10 13 0.024221564 
157 519 52 63 0.024090094 
835 267 14 18 0.024019368 
544 403 12 16 0.024006495 
109 522 25 32 0.023977123 
128 352 10 13 0.023968816 
801 185 8 10 0.023963189 
165 572 24 27 0.023932006 
822 285 11 14 0.023871634 
707 397 12 15 0.023817671 
741 282 13 15 0.023757191 
243 127 15 20 0.023736514 
484 69 11 15 0.023724876 
447 305 11 14 0.023641832 
269 386 45 66 0.02359918 
271 363 23 39 0.023591023 
827 265 15 19 0.023576133 
841 318 12 17 0.023508456 
156 563 15 21 0.023496637 
153 556 50 63 0.02348208 
33 316 10 13 0.023436556 
568 339 15 16 0.023429 
704 600 12 16 0.02335364 
784 624 10 12 0.023341537 
816 229 9 10 0.023216018 
93 51 13 17 0.023210632 
744 303 10 13 0.023209115 
529 31 9 12 0.023208596 
189 533 27 35 0.023206294 
767 276 10 13 0.023142207 
776 632 22 26 0.023021245 
152 62 10 12 0.023009801 
35 59 16 21 0.022936733 
876 341 12 15 0.02280346 
135 348 22 27 0.022638958 
518 46 9 11 0.022612356 
726 324 13 16 0.022600388 
600 62 9 12 0.02258838 
823 580 9 13 0.022505054 
829 275 20 26 0.022478197 
297 142 16 23 0.022470366 
286 143 16 20 0.02239118 
700 325 10 13 0.022296887 
574 46 10 12 0.022286063 
263 366 41 60 0.02228147 
546 339 12 14 0.022269847 
361 76 10 13 0.022217317 
69 308 12 16 0.022106783 
815 259 10 14 0.02209966 
733 30 9 10 0.022093749 
736 252 46 56 0.022090325 
601 292 10 12 0.022083407 
206 474 172 201 0.022082547 
573 79 8 10 0.022067059 
138 518 26 32 0.022065274 
862 342 11 14 0.022056064 
475 320 19 21 0.022048684 
808 610 10 13 0.0220395 
558 80 8 9 0.021980204 
63 366 23 28 0.0219198 
530 59 12 14 0.021915216 
312 55 8 10 0.021912243 
16 620 27 32 0.021902388 
480 19 18 22 0.02184038 
275 172 28 34 0.021793548 
57 542 28 32 0.021755816 
686 336 9 12 0.021748003 
318 67 10 13 0.021730248 
142 105 46 58 0.021678539 
27 299 11 14 0.021610573 
743 620 12 16 0.021593181 
517 308 10 12 0.021548133 
586 68 10 13 0.021496058 
614 312 9 12 0.021493189 
614 406 11 14 0.021481566 
733 632 15 18 0.021453422 
770 212 11 14 0.02145047 
806 43 9 12 0.021432335 
755 630 10 13 0.021425981 
496 267 95 116 0.021384643 
800 253 9 11 0.021375515 
70 46 14 18 0.021350019 
287 29 9 11 0.0213417 
343 488 50 71 0.02124818 
657 24 7 9 0.02123792 
124 537 23 31 0.021196857 
551 36 10 13 0.021187965 
768 204 11 13 0.02112104 
266 548 15 18 0.021120839 
735 39 9 12 0.021095786 
478 309 12 15 0.021059759 
707 196 13 16 0.02100845 
475 50 22 27 0.020992715 
707 611 17 25 0.020981552 
269 485 62 81 0.020961232 
232 347 16 20 0.020916333 
36 52 14 17 0.02087511 
219 589 16 19 0.020828253 
568 71 9 11 0.020819945 
140 60 11 13 0.020800488 
581 211 14 17 0.020752633 
152 100 10 13 0.020751663 
269 79 9 11 0.020745503 
223 22 10 13 0.020741483 
271 446 96 138 0.02072494 
680 341 8 11 0.020659221 
560 44 12 14 0.02063503 
473 12 10 13 0.020602455 
689 349 9 11 0.020574536 
146 352 15 18 0.020556927 
153 561 27 36 0.020542424 
728 237 11 13 0.020480584 
469 21 11 14 0.020399876 
0 455 24 41 0.020393709 
485 17 10 12 0.020328233 
839 235 11 14 0.020312805 
382 255 11 17 0.020282926 
189 589 14 17 0.02026267 
577 193 8 9 0.020222323 
110 550 24 27 0.020159697 
123 514 22 32 0.02011549 
738 194 12 15 0.02011272 
472 318 13 15 0.020107938 
286 24 8 9 0.020102883 
209 24 10 12 0.020052103 
125 260 11 14 0.020044459 
749 633 12 15 0.020011963 
