23_Shoppers_Shoppers_23_232
26
483 91 21 27 0.95905787 
768 189 9 13 0.50436735 
826 197 9 11 0.12825327 
158 190 10 13 0.07463728 
773 189 9 12 0.07030829 
694 188 9 11 0.06802621 
829 193 8 10 0.05792969 
641 184 7 9 0.05108881 
776 217 8 11 0.045489877 
491 85 14 17 0.04063882 
483 118 17 18 0.03979708 
485 87 15 18 0.039594047 
148 204 21 32 0.036368255 
499 97 14 17 0.034587707 
156 194 13 17 0.032085273 
780 191 9 11 0.03001347 
150 201 15 19 0.02916248 
475 83 34 44 0.02908855 
496 132 12 15 0.0287848 
646 207 8 11 0.028447188 
639 168 7 9 0.026647598 
478 103 25 32 0.025202991 
782 196 8 10 0.024185369 
493 81 11 14 0.021984607 
826 174 9 11 0.021099783 
155 218 15 20 0.021073638 
