23_Shoppers_Shoppers_23_328
94
477 207 29 38 0.99925 
314 213 35 40 0.99872106 
127 338 88 96 0.98987097 
576 185 13 17 0.9426312 
622 185 13 17 0.8810386 
546 191 15 19 0.7543878 
327 169 25 29 0.6356631 
338 198 27 37 0.40005127 
137 595 31 41 0.3599939 
24 427 11 13 0.28741208 
157 667 24 26 0.119007245 
75 431 16 19 0.104595535 
544 237 11 15 0.104404956 
645 215 10 11 0.0778848 
978 477 15 19 0.07052833 
647 188 12 16 0.06942559 
703 258 221 260 0.066977516 
665 326 9 11 0.061330874 
1012 166 11 17 0.060813054 
1 446 10 16 0.059762456 
918 235 14 19 0.058057934 
324 202 33 42 0.0526516 
652 293 10 14 0.049890123 
997 231 8 11 0.04718739 
402 552 32 31 0.047056913 
1004 478 16 19 0.04440763 
517 220 15 16 0.042903632 
604 194 13 15 0.040974043 
560 184 11 13 0.04055642 
758 231 8 10 0.04005141 
3 438 12 15 0.039432865 
597 205 13 15 0.039418723 
1 457 10 16 0.039288454 
995 256 14 17 0.038384672 
1000 302 11 13 0.03788085 
774 228 9 12 0.0375562 
468 511 14 15 0.03741284 
806 157 13 14 0.037081808 
638 196 10 14 0.036627937 
23 434 11 14 0.036485728 
596 194 15 17 0.035598427 
1002 326 13 16 0.034953404 
61 225 12 14 0.03475299 
810 119 9 11 0.034314264 
645 220 10 13 0.03282356 
1013 180 11 16 0.0326601 
540 219 12 15 0.031486962 
525 201 13 15 0.031427525 
1015 317 10 13 0.030791951 
622 213 10 14 0.03004391 
108 221 10 12 0.02927684 
997 236 9 11 0.029060269 
13 438 10 12 0.028930955 
100 214 15 18 0.028443107 
699 340 17 21 0.028170768 
648 183 10 13 0.027994037 
-1 441 17 25 0.02792702 
377 219 12 16 0.02756451 
971 258 13 16 0.02693722 
485 197 28 36 0.026528014 
648 252 12 15 0.02630796 
1015 258 10 15 0.02584173 
842 74 13 17 0.025785618 
5 430 13 15 0.025359772 
978 331 12 16 0.025210857 
676 144 23 28 0.024892993 
113 237 9 12 0.024400637 
557 201 13 17 0.023550404 
802 158 10 12 0.023492385 
892 98 13 18 0.023390805 
794 112 8 11 0.0226148 
616 207 9 12 0.022585463 
984 246 9 11 0.022559809 
12 247 11 13 0.022418942 
92 398 27 32 0.022289932 
76 277 12 15 0.022266492 
814 163 9 12 0.022181962 
427 243 13 16 0.021927617 
553 193 14 17 0.021851916 
40 437 12 15 0.021850528 
535 189 11 14 0.0217045 
648 207 9 12 0.02164694 
396 243 15 17 0.021343863 
94 214 15 16 0.021271972 
568 185 12 17 0.021086559 
912 295 25 30 0.020960873 
1003 470 15 18 0.020873846 
441 233 24 28 0.020857489 
1006 245 9 12 0.020813107 
544 199 13 16 0.020457944 
815 135 8 10 0.020442413 
13 451 11 15 0.020410743 
1000 526 12 13 0.020094214 
666 300 11 13 0.020028148 
