13_Interview_Interview_Sequences_13_495
60
538 71 42 50 0.9768436 
494 120 27 31 0.9558019 
431 142 33 36 0.9461938 
351 126 26 32 0.86539996 
411 144 26 31 0.80147743 
401 117 26 33 0.6824059 
109 123 23 29 0.5685274 
305 128 26 31 0.42122307 
340 308 13 18 0.1218993 
592 98 14 19 0.10698088 
0 118 24 41 0.08747314 
179 133 13 16 0.08066306 
363 81 16 20 0.07743157 
409 138 20 27 0.077028885 
109 41 15 22 0.074165545 
119 127 16 22 0.074064456 
369 80 19 22 0.067180015 
53 116 31 38 0.05632069 
2 105 41 59 0.05315468 
155 100 12 16 0.05016285 
188 138 15 20 0.04669745 
195 140 14 19 0.04614014 
383 173 27 31 0.043729447 
427 150 23 25 0.04287414 
370 84 26 30 0.041095894 
582 89 23 32 0.039526075 
103 44 23 31 0.038895242 
103 132 25 34 0.031896193 
397 124 18 23 0.03130788 
73 129 17 21 0.030811569 
383 103 22 27 0.030675119 
48 87 28 34 0.030532287 
91 171 17 22 0.03005614 
123 124 22 29 0.029569164 
367 67 24 29 0.028581526 
132 122 14 17 0.02751091 
103 114 14 16 0.024990384 
108 146 24 30 0.024712877 
106 152 15 20 0.02468158 
370 98 26 29 0.024570372 
98 110 40 51 0.023972977 
46 84 45 59 0.02381918 
20 116 28 34 0.02292252 
179 144 16 20 0.022342978 
97 168 18 22 0.02209536 
203 141 13 18 0.021899104 
503 114 20 26 0.021741947 
392 106 25 32 0.02171294 
690 267 15 17 0.02147814 
654 96 39 59 0.021446295 
327 260 10 13 0.021354642 
94 139 12 16 0.020875344 
185 154 17 20 0.020750202 
175 137 15 18 0.020708665 
407 151 18 23 0.020672219 
343 119 25 33 0.020581258 
115 258 23 32 0.020431878 
102 130 17 21 0.020331917 
86 98 23 29 0.02031765 
285 104 22 28 0.020308465 
