13_Interview_Interview_2_People_Visible_13_189
60
251 224 45 56 0.99885035 
172 215 59 71 0.9987405 
752 241 39 47 0.99795675 
511 217 49 65 0.99794084 
396 217 46 61 0.9976272 
570 183 40 51 0.9973603 
815 253 43 54 0.99184036 
676 244 39 54 0.9914247 
920 248 42 50 0.97876006 
756 618 18 21 0.31124365 
733 240 23 35 0.2078162 
989 143 13 15 0.08947285 
648 264 24 30 0.086351596 
415 110 11 13 0.06630067 
996 675 11 12 0.061801832 
594 115 14 17 0.055970173 
530 83 16 21 0.055217426 
790 244 26 36 0.05302569 
653 113 16 19 0.047394603 
685 134 14 19 0.047170192 
352 261 18 20 0.041402277 
712 270 22 28 0.039940327 
333 274 14 18 0.03941985 
732 255 15 21 0.039198004 
742 236 33 42 0.03470529 
589 109 15 17 0.034003723 
569 79 15 19 0.03316949 
901 259 26 37 0.033076297 
694 93 11 15 0.031331636 
404 103 12 14 0.030742792 
204 222 34 53 0.028911564 
851 244 25 33 0.028886119 
300 261 24 29 0.028343381 
983 141 13 16 0.027701423 
993 643 12 15 0.027307682 
997 117 9 11 0.026456172 
1007 674 11 15 0.026053654 
1007 201 12 17 0.026004948 
477 67 13 14 0.025826545 
424 83 13 18 0.025592871 
308 100 17 21 0.025195278 
422 101 10 13 0.024589509 
821 656 15 17 0.023942994 
603 96 14 18 0.023685835 
633 167 26 29 0.022523029 
601 81 14 17 0.022423841 
986 6 35 44 0.022417437 
996 141 14 17 0.02217856 
834 683 13 15 0.021030925 
598 90 13 16 0.020985812 
212 649 29 34 0.020984119 
646 105 15 20 0.020779043 
592 87 11 13 0.020586187 
658 258 28 41 0.020568104 
691 104 15 20 0.020380877 
426 90 13 16 0.020328222 
797 820 10 13 0.020184262 
997 707 10 12 0.020174548 
510 679 13 18 0.020042079 
668 185 13 16 0.020012215 
