13_Interview_Interview_On_Location_13_138
120
332 223 19 23 0.91506404 
97 260 19 23 0.8602381 
437 292 23 29 0.73225987 
674 277 16 20 0.69792205 
495 244 16 25 0.65688473 
330 272 19 22 0.33700347 
413 247 11 13 0.2570227 
348 375 47 58 0.21612944 
234 130 32 40 0.21568528 
246 386 92 123 0.18297452 
53 336 42 44 0.17609516 
423 316 50 54 0.16232194 
213 180 12 13 0.13659969 
369 306 25 38 0.13449585 
356 272 12 15 0.10857558 
164 138 18 21 0.09939553 
443 282 28 30 0.0979896 
10 531 48 45 0.096594945 
384 259 12 17 0.0940504 
436 302 30 42 0.07361123 
408 251 12 15 0.06648032 
318 309 21 29 0.055598404 
512 253 22 27 0.052123282 
357 303 28 34 0.05118956 
324 278 26 30 0.050086185 
596 279 13 14 0.04969705 
416 333 39 42 0.049202856 
505 250 15 18 0.04543794 
332 195 16 19 0.043571137 
447 292 30 39 0.042209662 
235 164 12 15 0.042125616 
299 151 16 19 0.04167194 
724 317 12 15 0.040960245 
581 268 10 12 0.040818114 
406 258 12 16 0.04004789 
327 199 14 18 0.037177157 
741 390 37 36 0.036198575 
286 414 65 92 0.035860304 
226 406 69 82 0.03502084 
322 317 30 35 0.034812294 
430 295 18 23 0.034441203 
410 349 36 42 0.033802338 
481 249 21 29 0.03364202 
412 275 15 18 0.033442583 
700 309 50 54 0.03284367 
516 244 13 17 0.032680023 
612 307 15 17 0.031573985 
140 585 36 37 0.031213263 
609 310 11 13 0.030699814 
607 293 9 11 0.030515412 
333 357 49 55 0.030241227 
309 283 16 17 0.030141456 
326 328 43 47 0.02995918 
365 276 13 17 0.029432213 
408 240 10 12 0.029426083 
447 311 31 41 0.029345121 
163 148 19 22 0.028999977 
52 495 28 37 0.028807897 
42 435 44 56 0.028554996 
604 286 10 12 0.028370276 
226 148 29 35 0.027931107 
458 283 25 29 0.027315445 
250 140 13 17 0.027106129 
414 379 35 40 0.026850147 
317 284 14 16 0.026758969 
199 111 12 16 0.02637711 
206 171 24 28 0.026358742 
220 181 12 14 0.026337616 
239 251 12 17 0.026299518 
509 294 13 15 0.025859933 
421 302 28 33 0.025765976 
502 254 24 30 0.025760226 
407 241 19 24 0.025632797 
523 253 13 17 0.02525902 
346 14 58 79 0.025097795 
479 387 34 37 0.025078949 
223 199 12 13 0.02485022 
402 266 24 26 0.024264026 
678 288 45 52 0.0241491 
598 292 11 13 0.024108373 
342 174 12 13 0.024097359 
157 336 209 197 0.024029044 
335 266 20 24 0.02367998 
478 314 12 16 0.023655936 
409 326 34 35 0.023374015 
590 271 9 11 0.023307765 
462 294 27 36 0.023229713 
336 318 31 34 0.023123857 
266 146 28 33 0.023008047 
191 115 12 16 0.022830907 
237 169 13 15 0.022732664 
285 171 11 13 0.022537136 
556 269 13 14 0.022330932 
322 298 27 35 0.02232073 
401 254 23 27 0.022287223 
652 283 11 13 0.02214067 
471 269 23 29 0.022106154 
270 206 9 12 0.021881778 
450 302 16 22 0.021784957 
378 312 28 38 0.021674696 
498 239 17 20 0.021581395 
647 271 8 10 0.021571793 
469 315 13 19 0.021513715 
337 301 27 34 0.02137134 
343 342 33 34 0.02135483 
609 296 23 26 0.021305686 
383 256 21 28 0.02122068 
658 351 32 38 0.021201175 
54 286 397 393 0.021033024 
195 108 24 29 0.020967588 
228 182 12 13 0.020957164 
434 273 27 34 0.020785652 
413 265 25 32 0.020745743 
262 221 11 15 0.020704579 
620 293 12 14 0.020698233 
206 173 14 17 0.020584555 
648 284 9 11 0.020465715 
401 337 38 41 0.02035879 
508 239 14 17 0.02018653 
347 300 16 20 0.020067032 
