13_Interview_Interview_On_Location_13_521
46
896 12 114 139 0.999892 
880 213 34 41 0.99783796 
702 44 94 147 0.99599886 
177 220 37 48 0.9920765 
75 340 64 73 0.39333346 
605 327 10 13 0.228871 
111 287 12 15 0.14727846 
635 324 11 13 0.105250895 
7 255 32 39 0.07977611 
418 77 96 136 0.06598859 
98 349 39 46 0.064206146 
528 305 12 16 0.058686156 
644 269 9 13 0.045059457 
330 247 429 476 0.044542607 
536 272 7 9 0.04395392 
574 317 8 11 0.03995134 
481 327 9 10 0.038011983 
599 294 9 11 0.03587471 
590 278 9 11 0.033152446 
638 287 9 11 0.0313269 
550 302 10 14 0.029761195 
456 310 10 12 0.028649047 
497 312 9 12 0.028570484 
593 294 9 11 0.028212525 
342 400 101 134 0.027721697 
519 222 9 11 0.026427025 
524 299 22 27 0.025502473 
501 312 11 13 0.025160823 
713 341 28 35 0.024054646 
518 280 9 11 0.02378274 
633 264 7 9 0.02366268 
108 285 20 24 0.023126852 
549 412 42 51 0.022685194 
457 303 9 11 0.022452973 
640 265 8 10 0.02221791 
606 293 9 10 0.021869507 
689 278 8 10 0.02160107 
430 310 11 12 0.021398744 
539 219 12 15 0.021108702 
425 285 9 11 0.021040848 
591 327 9 11 0.020877715 
590 344 9 11 0.020780107 
211 225 15 21 0.0206717 
590 214 9 11 0.020512959 
585 261 8 10 0.020488685 
543 307 10 13 0.02017552 
