13_Interview_Interview_Sequences_13_209
38
88 119 72 86 0.9991518 
426 57 55 75 0.99910456 
868 64 81 101 0.99419844 
687 178 28 44 0.97796226 
515 199 29 42 0.95779085 
281 167 34 54 0.9559541 
585 36 23 27 0.1242527 
531 213 31 37 0.11610463 
722 63 62 65 0.11326521 
527 241 28 35 0.09250043 
700 193 32 37 0.066418916 
279 157 455 454 0.05725337 
469 294 250 284 0.051910177 
559 58 13 16 0.049695134 
273 74 26 34 0.048761502 
570 48 45 57 0.048459094 
518 197 13 20 0.044120956 
448 197 13 16 0.043168373 
513 5 15 18 0.04302769 
544 57 15 20 0.038236193 
423 192 13 16 0.035464298 
717 271 46 66 0.035315316 
562 5 25 29 0.035122007 
551 191 23 37 0.034058247 
564 3 18 18 0.033857882 
943 73 14 21 0.031922083 
349 290 12 14 0.030971048 
856 181 55 53 0.029575162 
651 253 10 12 0.029236909 
576 310 13 16 0.025256919 
637 260 12 14 0.025019344 
872 189 32 34 0.02406228 
829 304 14 17 0.023791023 
726 192 30 35 0.023088623 
881 51 14 18 0.022684507 
544 222 28 35 0.020875063 
528 210 19 28 0.020752601 
532 192 28 40 0.020622928 
