13_Interview_Interview_2_People_Visible_13_420
562
338 395 214 343 0.9994615 
87 114 14 17 0.8259106 
957 730 18 23 0.7924051 
957 422 14 19 0.76310873 
893 75 17 20 0.7605254 
490 19 15 18 0.7477984 
92 1174 13 16 0.7438135 
988 46 14 17 0.7166631 
89 951 16 18 0.6902373 
28 1138 18 21 0.684 
928 791 17 20 0.61208946 
91 1013 16 20 0.610828 
959 951 15 18 0.5961531 
25 359 15 19 0.5912101 
520 80 16 19 0.58512735 
88 672 17 20 0.57673025 
89 642 14 19 0.5238611 
459 48 14 17 0.5124464 
28 1047 16 20 0.4963835 
23 79 17 20 0.494664 
86 421 16 18 0.48480558 
956 204 17 19 0.47087243 
88 889 18 22 0.44480613 
27 888 15 19 0.44221058 
88 484 16 20 0.43333906 
987 327 16 20 0.43320128 
925 78 15 18 0.3975232 
90 1200 17 20 0.39577493 
88 329 15 19 0.3812048 
25 517 16 20 0.37177956 
85 359 19 23 0.3616627 
831 78 18 22 0.34173292 
87 147 14 17 0.34149998 
122 1234 15 18 0.33175436 
26 547 14 17 0.32838815 
300 75 22 26 0.31920052 
-1 82 12 20 0.3157564 
1012 169 11 18 0.31084403 
217 1266 13 15 0.30552876 
991 1104 15 17 0.302412 
90 859 14 17 0.30180138 
0 609 13 21 0.29975384 
56 299 14 18 0.29210198 
55 51 13 17 0.28048047 
958 51 11 13 0.2756388 
956 1259 21 25 0.26590735 
956 80 15 18 0.26543388 
3 1136 15 22 0.26465774 
990 857 16 19 0.24562821 
25 50 15 17 0.24494405 
55 483 19 21 0.23275112 
743 1263 14 15 0.23145676 
29 1078 13 15 0.23011306 
491 47 13 15 0.22368766 
430 51 11 13 0.22235526 
25 608 17 19 0.20526466 
89 270 10 12 0.20219639 
552 75 18 21 0.2017273 
30 1110 15 18 0.19953437 
987 387 17 20 0.19828586 
27 580 14 16 0.19758227 
495 1235 13 16 0.19521436 
0 268 9 16 0.19350043 
365 78 16 18 0.19003116 
924 239 15 19 0.183865 
989 916 16 20 0.18161885 
336 21 11 14 0.16880925 
989 517 15 17 0.16679905 
863 18 12 15 0.16663371 
92 1050 12 15 0.16630779 
650 1232 15 17 0.16547544 
0 578 11 17 0.16164894 
988 575 15 17 0.16120024 
0 51 10 16 0.1600131 
798 71 24 28 0.15576604 
55 19 14 17 0.15524219 
805 1260 16 19 0.15478338 
925 264 16 19 0.15065056 
868 1231 15 18 0.14948773 
24 19 14 17 0.1490817 
125 1211 12 15 0.14841715 
56 145 13 17 0.14353845 
27 1171 16 19 0.14307867 
60 983 15 18 0.13907553 
1013 1228 11 15 0.13420993 
928 207 11 13 0.13380381 
956 16 16 18 0.13288501 
395 79 16 18 0.1326345 
961 1107 11 13 0.1309261 
186 1233 13 16 0.12900402 
991 766 11 13 0.12611918 
553 49 15 17 0.123733304 
90 923 13 16 0.11563698 
1014 110 10 15 0.11507625 
61 1110 12 15 0.112662196 
988 423 15 18 0.11112003 
5 946 16 22 0.10928997 
26 243 14 17 0.10775514 
894 51 14 19 0.1050672 
497 1265 10 12 0.100437276 
25 325 19 23 0.09881626 
961 1051 14 16 0.09762635 
712 1234 14 17 0.096271634 
956 517 15 19 0.09593471 
989 235 12 15 0.094712995 
958 547 13 17 0.09330891 
90 237 15 19 0.0920838 
58 801 13 16 0.09204122 
974 505 15 17 0.09194815 
27 983 16 18 0.09144163 
932 1046 11 14 0.09073935 
927 485 13 16 0.09060456 
87 177 14 16 0.089702666 
279 387 95 133 0.089638226 
459 81 15 18 0.08785878 
59 828 14 18 0.086280495 
428 17 15 17 0.08600722 
55 515 15 18 0.08558199 
56 579 14 17 0.08459612 
1013 701 10 15 0.08425117 
987 207 15 18 0.08416101 
434 1267 13 16 0.08398629 
47 92 13 17 0.0835432 
990 825 14 17 0.08248843 
989 796 16 18 0.081838764 
24 299 14 17 0.08001204 
28 773 12 15 0.07899599 
960 1235 12 15 0.07863294 
618 1232 15 17 0.07829413 
366 18 13 16 0.07826749 
740 79 13 15 0.07750148 
57 1012 18 21 0.077020645 
960 1139 14 16 0.07662823 
959 709 12 14 0.07617843 
519 50 15 17 0.076106995 
25 834 14 16 0.07491855 
552 18 14 17 0.07483961 
403 1267 12 15 0.074585535 
1015 1170 10 14 0.0738294 
958 109 14 17 0.07329184 
59 767 13 15 0.072758876 
830 170 22 32 0.07101965 
796 52 15 18 0.07089179 
90 766 16 21 0.06968152 
56 548 14 17 0.06823853 
957 172 15 18 0.06797475 
61 1205 12 14 0.067740455 
6 1093 12 16 0.06523551 
90 1291 18 21 0.06498135 
989 267 16 19 0.06474181 
960 578 11 13 0.06428537 
695 1215 11 14 0.06376104 
928 1202 14 16 0.063456185 
988 144 14 18 0.06338808 
598 1236 13 16 0.06291556 
437 1256 9 12 0.062666535 
926 49 14 16 0.06219723 
1 801 10 15 0.061600488 
87 299 15 18 0.06144059 
1014 638 10 16 0.06092326 
496 1296 14 17 0.06044914 
619 1295 16 19 0.060254585 
429 82 14 17 0.06020076 
934 66 15 17 0.05972715 
932 1107 13 14 0.05934863 
1013 260 12 20 0.05926438 
902 0 13 12 0.05872324 
348 98 16 19 0.058550075 
57 453 15 18 0.058125224 
92 799 10 13 0.058058556 
464 1297 12 14 0.05779822 
56 268 14 18 0.057778865 
32 1239 10 12 0.057328135 
87 85 13 16 0.057278022 
997 734 12 16 0.05724372 
0 300 10 15 0.057229646 
929 517 13 17 0.056479793 
699 127 175 203 0.056375474 
24 450 17 19 0.055977955 
924 412 12 13 0.05595362 
990 674 13 16 0.05574819 
773 1233 14 16 0.055131387 
60 1049 14 17 0.055121616 
53 0 13 11 0.055072647 
962 1299 15 18 0.05457939 
91 1236 14 17 0.05327281 
950 0 14 13 0.053033203 
558 1235 11 13 0.052806683 
974 1034 15 17 0.052684184 
832 48 15 18 0.052455794 
75 757 13 16 0.05144074 
87 831 15 19 0.051396765 
997 1229 10 12 0.05138498 
2 417 15 21 0.051324297 
470 1230 9 11 0.050752733 
742 1233 15 17 0.05038356 
58 673 13 16 0.05038096 
929 734 12 14 0.050315112 
91 1144 15 19 0.050266605 
964 1255 12 15 0.050120384 
930 1014 13 16 0.049575992 
958 831 15 18 0.04925649 
92 1076 15 17 0.04924638 
277 1262 16 19 0.048582725 
967 225 14 17 0.04840231 
460 1 384 418 0.048080124 
895 17 13 15 0.04725447 
77 230 12 15 0.047238313 
966 775 14 17 0.047089808 
800 18 14 18 0.046792436 
48 620 13 17 0.046225604 
803 57 16 20 0.046179358 
28 855 14 18 0.045986842 
583 50 14 17 0.045849856 
570 1282 13 16 0.04572317 
55 426 14 17 0.04539228 
956 327 16 19 0.045223948 
580 158 13 17 0.045024354 
795 44 16 18 0.044988647 
95 1115 12 15 0.044581547 
422 1 12 13 0.04440158 
960 1075 14 16 0.044386428 
933 20 12 15 0.044375762 
711 1264 15 18 0.04401495 
988 737 13 17 0.043992173 
79 234 12 16 0.043709874 
987 506 22 25 0.043346286 
950 522 15 19 0.043320294 
91 519 11 14 0.043209102 
55 644 15 18 0.042956162 
508 69 13 16 0.04234021 
621 1210 11 14 0.04113445 
968 754 13 16 0.041020744 
939 61 14 18 0.04097736 
588 1294 14 16 0.04086785 
929 1260 13 15 0.040841006 
939 99 16 19 0.040606372 
342 1234 13 17 0.040544357 
917 65 14 17 0.040412046 
470 1223 8 10 0.040387496 
956 119 17 20 0.040255442 
991 77 14 18 0.04023835 
982 732 12 16 0.04004813 
995 1050 13 16 0.039929084 
52 1281 12 15 0.039506305 
1 1108 11 17 0.039504714 
1012 378 11 18 0.039410233 
59 237 12 14 0.039290566 
4 554 13 17 0.039056864 
306 51 13 15 0.03877411 
597 92 12 14 0.03869524 
771 49 13 16 0.03856796 
1013 790 11 16 0.0385517 
87 704 15 18 0.038465288 
27 642 14 16 0.038459226 
991 1238 11 13 0.03842378 
1 211 10 16 0.03820572 
949 -1 23 23 0.038152684 
154 1007 15 19 0.03788746 
949 243 13 17 0.037876286 
464 1221 8 10 0.03761159 
54 394 15 19 0.037424263 
954 900 16 18 0.037183274 
995 500 16 18 0.036922194 
991 1139 14 17 0.036683414 
89 394 13 16 0.03666153 
78 1290 13 15 0.036581542 
4 539 13 16 0.03654692 
991 1267 12 16 0.036525585 
90 987 15 17 0.036493402 
651 1204 11 13 0.03645618 
91 1284 15 19 0.036429506 
797 36 13 17 0.036418304 
1014 50 11 16 0.036389593 
373 1238 11 15 0.036289103 
991 953 14 16 0.036093537 
710 0 12 10 0.036073547 
961 522 15 17 0.036014877 
68 91 12 16 0.03566838 
586 83 15 16 0.03560665 
0 330 12 19 0.035261177 
951 7 25 24 0.03523228 
996 1236 13 16 0.035033964 
154 985 14 17 0.034967847 
375 0 13 12 0.034765348 
75 41 14 17 0.03471214 
948 376 14 18 0.034676336 
62 1295 12 13 0.0345179 
366 58 12 15 0.034430005 
26 113 14 17 0.03425135 
87 459 13 16 0.034247365 
923 249 16 18 0.03415174 
31 708 9 11 0.033919144 
956 298 15 19 0.033782937 
91 451 13 16 0.033702835 
69 228 14 16 0.033601712 
433 1238 10 13 0.033588853 
1013 1003 11 15 0.033571884 
999 0 11 10 0.033283208 
89 547 15 18 0.03294905 
983 515 14 17 0.032707017 
404 20 11 16 0.03269404 
70 620 13 16 0.032468084 
3 9 13 17 0.032429148 
684 1233 14 17 0.032278907 
485 1230 11 14 0.032219354 
408 66 15 18 0.03220431 
1014 542 10 14 0.03218779 
335 52 13 16 0.032172084 
963 0 15 13 0.03211419 
527 1267 12 14 0.032051247 
932 52 12 14 0.032026105 
470 1253 11 14 0.031933952 
122 1205 12 16 0.031782668 
77 571 13 16 0.031764712 
963 1230 12 15 0.031726774 
987 451 15 17 0.031599604 
768 19 14 16 0.03157683 
1011 139 12 19 0.03156409 
152 1297 14 16 0.03152289 
86 231 13 16 0.031265955 
463 1237 10 12 0.031190421 
590 1237 12 16 0.031148573 
59 922 13 17 0.031088874 
959 610 14 17 0.031021904 
949 772 12 16 0.031006187 
464 1231 9 11 0.030811446 
927 858 15 18 0.030659003 
939 72 14 16 0.030548617 
929 1139 15 16 0.030548368 
280 1235 10 12 0.030503504 
808 1236 11 13 0.030430594 
776 1205 10 12 0.03038612 
389 65 13 17 0.030308194 
974 1284 10 13 0.030299652 
335 84 13 16 0.030261599 
935 421 12 15 0.030177472 
854 0 12 13 0.030107506 
965 245 14 19 0.03001259 
746 1229 13 16 0.029787946 
85 58 14 16 0.029783376 
894 38 13 17 0.029729322 
79 1254 12 16 0.029611444 
986 495 22 25 0.029514585 
401 1261 12 15 0.02947249 
988 152 15 18 0.029198263 
898 43 14 18 0.029184628 
21 443 17 21 0.029181575 
1013 327 12 20 0.029083619 
914 284 13 16 0.029070904 
1014 1107 11 15 0.0290204 
59 85 14 16 0.02893587 
766 1237 13 15 0.028865844 
480 1229 10 12 0.028848179 
92 53 14 17 0.028848043 
446 0 12 11 0.028700216 
997 709 12 14 0.028648913 
926 21 12 14 0.028527245 
441 497 402 492 0.028342595 
519 63 22 26 0.028303407 
990 1296 11 13 0.028211704 
994 204 13 18 0.028086178 
469 1237 11 13 0.027865779 
992 1202 12 16 0.027768651 
863 50 14 17 0.027729983 
87 1206 16 20 0.027729172 
998 163 11 15 0.027602172 
52 84 15 19 0.02757399 
366 71 13 16 0.027491694 
917 813 13 17 0.027384296 
927 393 13 15 0.02734777 
129 1212 14 17 0.02713689 
463 1216 9 11 0.026982434 
101 971 14 17 0.02695944 
59 1242 13 17 0.026860852 
50 96 14 17 0.026802195 
992 1230 10 13 0.026752187 
982 1251 11 15 0.02670661 
989 710 12 13 0.026682422 
837 390 12 15 0.0266279 
944 242 12 17 0.026622433 
79 243 13 16 0.026510753 
955 242 16 19 0.026401706 
55 243 13 15 0.026323197 
281 107 15 18 0.026235979 
997 179 12 16 0.026216706 
926 115 15 19 0.02614464 
454 1253 10 13 0.026109219 
923 59 15 18 0.026100192 
736 1233 13 17 0.026095636 
88 542 12 15 0.026074303 
446 1286 10 13 0.026039548 
46 1282 12 16 0.025940003 
86 1058 14 17 0.02585754 
297 417 19 25 0.025829148 
931 579 12 15 0.025825897 
465 74 15 19 0.02581645 
989 297 13 16 0.025743596 
471 1260 10 13 0.02573636 
606 0 11 11 0.025634386 
985 708 11 13 0.025572497 
2 640 15 20 0.02550853 
618 1285 15 17 0.025472483 
919 18 11 14 0.025438854 
997 1223 10 12 0.025402704 
983 179 13 16 0.025390644 
710 79 12 15 0.025370762 
92 980 14 17 0.0253455 
2 76 14 20 0.025339516 
918 407 13 16 0.025270028 
59 1078 14 18 0.025054436 
983 794 15 19 0.025032748 
977 497 21 26 0.025006017 
980 0 13 11 0.025001554 
926 429 12 14 0.02498845 
489 1235 12 14 0.024930805 
988 162 14 16 0.024905048 
983 1295 12 15 0.024874328 
854 389 11 15 0.024835085 
1005 1234 12 15 0.024771715 
982 787 14 17 0.024708718 
942 226 13 15 0.024671309 
992 1045 13 16 0.024647197 
61 230 13 15 0.024613785 
5 605 19 26 0.02457168 
759 1237 11 14 0.024369849 
7 1067 13 16 0.024304152 
102 206 12 16 0.024301829 
0 548 11 16 0.02429231 
791 55 14 19 0.024279967 
60 116 12 14 0.024233248 
457 1235 9 12 0.024183528 
925 1234 15 18 0.024149524 
60 1178 14 16 0.024099208 
1013 857 12 18 0.024089219 
478 1235 10 14 0.0240711 
940 286 13 17 0.024054212 
952 171 13 17 0.02400558 
59 618 15 17 0.023897069 
989 610 16 18 0.023879306 
0 517 10 15 0.023863634 
124 1225 20 24 0.023837179 
45 754 13 16 0.023824124 
699 1219 12 16 0.02382011 
240 53 10 13 0.023766743 
97 948 14 18 0.023734162 
488 1208 8 10 0.02372767 
438 1232 9 10 0.023726003 
0 1096 20 27 0.023687106 
150 0 11 9 0.023684785 
1002 151 22 28 0.023615114 
54 109 12 14 0.023574559 
464 1261 10 12 0.023548925 
957 186 15 18 0.023543878 
974 0 13 11 0.023518227 
614 82 15 19 0.023499317 
587 162 12 16 0.023435032 
581 1282 11 14 0.023431528 
988 0 13 11 0.023397837 
988 184 15 18 0.02331142 
470 1267 10 14 0.023227293 
992 49 15 17 0.023222547 
932 427 14 16 0.023163922 
394 58 15 18 0.023137929 
76 756 23 25 0.023072168 
357 0 13 12 0.02306255 
948 755 12 15 0.023045091 
994 113 13 18 0.023040006 
956 1238 21 27 0.02296436 
988 1210 13 16 0.022919247 
916 92 14 18 0.022813365 
1013 475 10 14 0.022752713 
272 20 13 16 0.022738505 
21 430 23 27 0.022737592 
15 78 18 25 0.02273253 
962 503 23 25 0.022722244 
465 44 13 16 0.022686357 
934 173 12 16 0.022682138 
76 251 13 16 0.02262223 
59 0 12 10 0.02244483 
172 1214 11 14 0.022427335 
74 133 14 17 0.02241405 
862 82 15 16 0.022412064 
950 725 15 20 0.02237534 
69 751 13 16 0.022343831 
352 11 12 13 0.022285605 
54 230 12 14 0.022236208 
922 67 21 25 0.022187606 
933 1114 12 14 0.022130525 
851 347 14 18 0.022123447 
455 1215 9 12 0.022099128 
970 1259 13 18 0.0220121 
581 77 16 19 0.021943845 
988 173 13 15 0.021913089 
590 1284 13 16 0.02186012 
994 145 15 20 0.021853836 
699 1242 14 16 0.02184922 
1013 1195 10 16 0.02178397 
398 21 12 16 0.02178037 
572 155 24 29 0.021778237 
877 94 13 16 0.02169837 
811 1255 11 14 0.021682812 
950 123 15 18 0.021681847 
920 75 15 18 0.021631654 
934 1083 10 13 0.021610044 
690 1234 15 18 0.021511266 
89 612 15 18 0.021497888 
925 420 11 13 0.021441782 
982 107 14 18 0.021367522 
80 425 14 17 0.021279454 
949 286 15 18 0.021262378 
803 45 15 18 0.021228518 
48 787 11 15 0.021139199 
81 1283 23 28 0.021101777 
66 1172 13 17 0.021088976 
1004 140 20 27 0.02108296 
1006 706 12 15 0.021056328 
998 172 12 16 0.02101828 
117 1218 15 17 0.020999527 
952 45 12 16 0.020995855 
1015 761 10 17 0.020983482 
896 1234 12 15 0.020960987 
22 146 15 17 0.02094411 
550 50 24 26 0.02093481 
952 77 14 16 0.020913273 
973 526 12 15 0.020899551 
991 1221 11 13 0.02078972 
894 26 13 16 0.020763416 
457 1220 9 11 0.020754158 
657 1233 15 18 0.020690657 
987 789 17 18 0.020688916 
470 0 10 10 0.020683736 
935 1090 10 13 0.02065815 
926 329 15 19 0.020641223 
452 0 14 12 0.020620102 
512 40 25 27 0.02060396 
990 691 12 14 0.020540984 
358 12 12 14 0.020530783 
489 0 12 11 0.020517992 
596 1230 12 15 0.020497987 
616 15 11 14 0.020488963 
36 779 13 16 0.0204862 
479 1223 9 12 0.020481827 
1014 12 11 16 0.020439634 
923 141 16 19 0.02040937 
54 1248 13 15 0.020386448 
920 843 12 15 0.020377899 
91 433 16 19 0.020360358 
59 15 13 16 0.02027875 
645 1239 15 18 0.020211076 
243 20 14 18 0.02014886 
984 1235 11 15 0.020142034 
0 395 13 20 0.020131461 
247 1300 11 12 0.020122547 
42 316 13 16 0.020090057 
522 56 15 19 0.020063557 
983 1213 11 14 0.02004089 
94 212 13 16 0.020036226 
940 1235 12 17 0.020023746 
87 529 13 15 0.020020153 
49 402 12 17 0.02000983 
611 1283 24 29 0.020007068 
