13_Interview_Interview_2_People_Visible_13_254
32
369 128 98 164 0.99925226 
446 27 99 138 0.9992281 
729 219 50 69 0.9990872 
623 4 73 72 0.4146709 
403 86 102 167 0.24629614 
229 126 42 57 0.12571593 
727 162 12 17 0.08629172 
782 161 24 37 0.07118139 
650 101 16 20 0.052360192 
217 14 35 46 0.042986494 
539 165 53 62 0.03839664 
517 227 43 58 0.036634684 
658 106 17 22 0.03477937 
208 24 54 73 0.03374789 
574 -1 42 35 0.032576848 
700 152 12 16 0.032140393 
198 100 87 104 0.029952176 
680 116 23 30 0.028683748 
695 150 13 16 0.027723938 
603 126 43 56 0.026179496 
529 135 47 65 0.025595842 
769 -4 42 38 0.024116816 
682 155 10 13 0.023931919 
184 39 86 136 0.023483843 
516 117 38 49 0.022184292 
756 164 10 13 0.022082081 
576 142 48 54 0.02133592 
765 182 9 12 0.021255102 
652 91 15 18 0.021019155 
430 170 93 118 0.021013223 
649 113 24 30 0.02072648 
199 212 111 112 0.020090492 
