13_Interview_Interview_Sequences_13_759
19
451 588 150 190 0.99771655 
798 1334 32 36 0.6860912 
333 970 15 21 0.08664992 
783 1051 29 39 0.060612865 
396 838 29 32 0.05351345 
606 649 384 547 0.048683774 
790 1031 44 68 0.043190774 
494 188 54 74 0.04024541 
406 770 432 463 0.03737853 
333 1252 17 21 0.036728512 
328 1292 27 33 0.036484294 
348 1008 25 38 0.035030235 
808 1046 27 43 0.034755126 
754 1036 47 67 0.030803012 
363 980 12 14 0.026826242 
771 896 24 31 0.02501483 
730 1015 85 116 0.024029687 
755 1213 15 15 0.022433981 
700 1001 13 22 0.021946717 
