13_Interview_Interview_Sequences_13_867
139
387 265 243 334 0.9997404 
284 399 34 51 0.99406046 
881 429 22 29 0.97711325 
214 453 22 33 0.94111955 
998 369 14 20 0.91130745 
173 418 20 28 0.90764934 
21 456 22 30 0.8662537 
92 54 80 108 0.86205065 
240 415 23 29 0.8548909 
920 468 21 31 0.8160856 
11 439 17 22 0.48309833 
846 448 10 12 0.36687776 
0 419 12 17 0.33521312 
883 327 19 22 0.32853052 
12 446 24 31 0.2565324 
557 71 8 11 0.24508306 
877 471 13 16 0.23010466 
1004 365 15 21 0.17012118 
984 437 10 12 0.15952517 
1011 365 11 18 0.15929507 
943 361 15 20 0.1570605 
598 64 12 14 0.154848 
174 598 10 13 0.14814861 
107 386 17 20 0.14603782 
937 435 11 15 0.12547025 
972 384 15 17 0.114965245 
116 385 16 21 0.1070288 
488 96 9 12 0.09441257 
756 7 10 11 0.09285503 
869 64 16 20 0.089898944 
830 438 11 13 0.08497554 
945 408 14 18 0.08476085 
228 422 22 29 0.08394374 
577 73 8 11 0.07795781 
978 382 12 15 0.0775028 
397 174 10 12 0.070397586 
875 414 41 48 0.07021467 
960 309 30 38 0.06819367 
861 395 13 14 0.06699337 
829 6 11 12 0.06465288 
806 23 9 11 0.062959746 
249 420 24 33 0.061566703 
2 424 14 18 0.05888976 
945 474 17 19 0.05815406 
772 2 15 16 0.055770434 
982 356 11 13 0.05432149 
955 386 12 16 0.053659033 
7 434 15 22 0.053187966 
437 351 379 472 0.052071333 
125 450 12 17 0.05133379 
453 111 8 11 0.051196765 
947 281 53 70 0.050170965 
780 4 11 12 0.04975708 
808 4 9 10 0.04820146 
923 462 15 22 0.047652446 
62 304 14 17 0.04752539 
882 420 19 26 0.046532378 
596 315 367 438 0.04645049 
987 354 11 13 0.045518897 
820 23 12 12 0.045147873 
22 284 13 17 0.043666046 
836 0 12 12 0.043577828 
182 421 18 23 0.04334611 
398 125 14 17 0.04244648 
29 418 15 17 0.040792245 
714 362 219 269 0.0404358 
817 28 10 11 0.040175103 
555 116 11 13 0.038532842 
27 290 12 14 0.03847831 
826 438 10 12 0.03690438 
332 153 14 18 0.036853563 
750 11 11 15 0.036183022 
312 403 24 32 0.035831302 
416 141 11 14 0.03483597 
628 41 11 12 0.03410375 
248 64 13 18 0.03392082 
718 24 11 13 0.033181857 
931 465 26 29 0.033086423 
519 70 10 13 0.033004615 
168 421 16 24 0.032560945 
204 398 17 20 0.032284215 
379 139 11 14 0.032165032 
575 115 9 12 0.031811118 
977 362 14 17 0.031017179 
469 96 9 12 0.030858282 
262 46 9 11 0.030631224 
518 97 14 17 0.029858185 
189 527 10 13 0.02980614 
822 469 11 13 0.029585458 
977 357 12 14 0.029280609 
843 443 18 22 0.028687965 
493 95 9 11 0.02861806 
771 67 13 17 0.02850768 
78 452 14 17 0.028453218 
456 126 9 11 0.027801706 
983 461 12 15 0.027775805 
966 380 15 19 0.027488582 
4 531 12 14 0.026872357 
223 431 14 20 0.026436415 
391 131 11 13 0.026365558 
959 354 12 15 0.02616441 
815 6 9 11 0.025835963 
867 320 30 34 0.02558708 
755 240 137 176 0.025449665 
525 60 13 14 0.025231268 
788 7 10 12 0.02508951 
524 69 14 17 0.024936143 
910 457 43 48 0.024750113 
822 457 11 12 0.02444326 
133 392 14 22 0.024440175 
883 3 13 14 0.024010751 
125 382 20 29 0.024000429 
375 135 12 14 0.02395235 
943 394 21 25 0.023724949 
970 371 22 28 0.023503313 
853 438 11 12 0.023468569 
791 325 110 139 0.023160249 
821 11 14 14 0.02260877 
206 456 39 44 0.022517867 
15 424 22 28 0.022515388 
513 71 9 11 0.022504268 
530 71 14 17 0.022294207 
260 389 11 14 0.021941388 
965 444 10 12 0.021877173 
31 458 19 26 0.021779982 
969 323 18 23 0.021711865 
925 265 90 112 0.02166143 
191 607 11 12 0.021589909 
257 416 17 24 0.021534445 
629 -5 104 109 0.021512179 
823 463 10 13 0.02137117 
519 106 11 15 0.021286823 
809 436 8 11 0.02120948 
835 437 11 12 0.021043995 
862 51 28 37 0.020493358 
480 114 10 13 0.020410432 
14 420 10 14 0.020287069 
36 285 11 14 0.020237138 
983 440 14 16 0.020000795 
