13_Interview_Interview_On_Location_13_313
122
829 336 25 31 0.9991217 
219 444 28 35 0.9990784 
772 332 24 31 0.99871933 
451 496 28 36 0.9986168 
598 370 25 34 0.9984225 
878 318 25 34 0.998302 
177 371 24 31 0.99676347 
309 347 22 29 0.996576 
295 476 27 33 0.99590576 
801 364 23 30 0.99577373 
623 340 22 29 0.9952951 
739 332 23 31 0.9941466 
590 477 23 31 0.99285346 
659 338 24 30 0.9927736 
38 353 30 35 0.99181646 
561 363 22 29 0.98169154 
264 355 21 27 0.97944206 
656 477 29 32 0.97494954 
962 348 24 33 0.9710887 
363 349 23 29 0.96289796 
212 361 22 30 0.95872766 
155 355 19 26 0.95660096 
116 348 23 26 0.95270723 
414 365 21 27 0.95187414 
494 362 24 29 0.95043105 
932 346 23 28 0.94979763 
519 362 20 27 0.942277 
807 321 21 26 0.8992616 
53 355 29 34 0.8837067 
595 300 14 17 0.69445974 
441 358 22 28 0.5678154 
729 301 11 14 0.5428348 
207 346 25 31 0.5394648 
196 349 15 19 0.5245982 
392 358 18 23 0.48850578 
92 335 15 21 0.36999783 
704 330 11 15 0.3381617 
638 322 20 24 0.3128852 
706 293 12 16 0.30967438 
654 288 14 16 0.23019624 
708 362 17 24 0.21465148 
204 347 17 22 0.17547323 
284 332 22 27 0.16458999 
-1 331 21 32 0.16106506 
117 496 15 21 0.11919426 
65 354 19 24 0.11377447 
211 342 17 18 0.11149497 
539 307 14 17 0.10421056 
993 396 23 27 0.0939076 
547 292 12 15 0.08936438 
450 366 17 22 0.08923811 
65 362 23 31 0.087925926 
205 341 15 18 0.08537025 
479 450 14 18 0.08158697 
672 480 26 28 0.07833164 
454 385 15 18 0.0750899 
448 372 23 28 0.07181545 
282 348 20 28 0.06648221 
540 298 16 19 0.06634075 
338 364 13 17 0.065657526 
507 480 19 23 0.06455077 
195 331 16 19 0.06301068 
271 345 20 27 0.06288279 
73 375 14 19 0.06282552 
787 126 15 17 0.060906798 
732 297 12 15 0.05912271 
531 321 22 29 0.058906704 
515 488 17 23 0.055650696 
194 338 20 25 0.05357326 
172 336 15 18 0.050954282 
95 327 13 19 0.046219304 
196 326 13 16 0.045369428 
361 434 15 17 0.04523826 
863 567 8 9 0.04305955 
239 353 15 21 0.03927247 
165 427 20 29 0.03787766 
325 338 13 18 0.037499107 
23 360 16 19 0.037314147 
85 340 17 22 0.03719084 
238 322 21 26 0.034811016 
456 353 21 26 0.0323224 
262 347 19 22 0.032153543 
775 619 13 18 0.032059614 
355 432 24 30 0.031970717 
286 403 20 26 0.031903833 
726 299 19 23 0.03156713 
943 335 12 15 0.03122302 
535 314 15 20 0.030597888 
49 329 16 17 0.030194145 
34 340 14 17 0.029879207 
0 343 12 21 0.02962417 
532 301 22 29 0.029501913 
819 574 10 12 0.029373884 
375 354 22 28 0.029325433 
857 567 9 11 0.028854575 
281 516 27 29 0.028762512 
389 510 27 36 0.028665936 
704 289 10 14 0.027780933 
659 469 16 21 0.027602017 
926 352 19 23 0.026600748 
255 350 23 30 0.026225608 
699 334 21 29 0.025934171 
696 330 15 18 0.025326002 
224 346 15 21 0.0252365 
666 466 29 34 0.025054252 
69 344 24 29 0.024797363 
951 459 10 15 0.024015032 
757 366 13 17 0.023766726 
556 289 11 16 0.023713533 
508 333 14 16 0.023245454 
269 481 15 16 0.023044206 
217 333 17 19 0.022984251 
223 388 25 29 0.022626499 
457 368 16 21 0.0223746 
836 555 11 15 0.022131177 
638 339 22 29 0.021502076 
835 385 21 25 0.02129537 
175 334 22 26 0.020907719 
968 579 12 15 0.020564597 
541 287 21 24 0.020405589 
439 359 38 44 0.02032958 
785 128 21 26 0.020181183 
