13_Interview_Interview_2_People_Visible_13_327
21
358 191 187 275 0.9996983 
587 146 169 260 0.99957544 
444 174 156 246 0.18977413 
474 722 61 55 0.11298835 
925 201 27 31 0.09015172 
420 709 35 34 0.08133469 
464 706 19 21 0.06359807 
888 197 36 46 0.06309012 
476 722 33 35 0.042128168 
447 728 34 37 0.03612646 
452 696 49 50 0.031630553 
118 181 44 57 0.03090606 
994 189 25 35 0.025624715 
140 738 48 48 0.025445752 
935 237 27 32 0.025390837 
249 345 16 20 0.023541953 
506 720 35 38 0.022055218 
867 233 12 16 0.021427723 
928 180 11 12 0.021033376 
877 214 26 29 0.020937221 
930 194 19 23 0.020129489 
