13_Interview_Interview_2_People_Visible_13_252
124
619 27 62 85 0.99879456 
870 9 65 89 0.9986879 
865 523 30 41 0.9985201 
33 29 51 66 0.9970482 
579 509 32 40 0.9964463 
110 554 46 58 0.9954788 
805 274 32 40 0.99494755 
226 16 29 34 0.9930924 
84 287 28 33 0.99273807 
327 559 44 57 0.98730356 
435 15 22 27 0.93698 
503 282 24 29 0.90348405 
273 269 20 23 0.804743 
21 262 24 29 0.6973886 
28 331 21 25 0.61013365 
304 362 24 30 0.41194388 
340 315 13 17 0.21395564 
385 297 16 21 0.1688829 
462 283 14 17 0.16436169 
988 321 17 19 0.1630464 
86 340 21 26 0.14592618 
548 349 13 16 0.13582693 
985 396 22 26 0.11408932 
723 304 22 28 0.10488331 
979 374 16 19 0.08944645 
161 355 12 14 0.08697202 
120 8 29 33 0.08234459 
37 328 22 28 0.07774058 
987 329 16 19 0.075434685 
721 76 22 36 0.07455415 
53 327 24 31 0.069091 
369 306 12 17 0.06804891 
745 305 15 20 0.06535419 
219 347 13 16 0.064394355 
199 277 11 14 0.06340111 
273 346 16 21 0.06322363 
348 370 15 18 0.06232148 
766 266 27 40 0.060404707 
217 139 17 22 0.060306784 
460 287 20 25 0.05941031 
413 370 15 20 0.05616751 
596 394 18 20 0.055579405 
93 336 26 33 0.055221748 
97 59 27 36 0.055171013 
343 370 13 17 0.0514989 
25 323 18 21 0.051368322 
24 314 18 20 0.050866757 
247 345 13 17 0.050175656 
559 269 13 18 0.04788345 
484 381 15 17 0.046241026 
915 362 15 19 0.045783535 
999 337 14 17 0.043844298 
537 411 17 20 0.039823942 
542 351 23 28 0.03944247 
106 337 27 36 0.038590122 
318 363 21 31 0.036659125 
176 340 11 15 0.036071785 
162 277 10 13 0.035784937 
558 409 15 18 0.035718393 
141 344 20 28 0.034222554 
982 404 15 21 0.033170164 
83 62 28 37 0.03256328 
580 301 12 15 0.032312874 
185 336 25 28 0.031785928 
26 303 18 20 0.031050788 
730 297 15 20 0.030892825 
609 294 10 13 0.030741846 
347 314 12 16 0.030578276 
179 380 12 14 0.03050458 
725 317 16 20 0.029135646 
970 306 10 13 0.029054092 
772 338 30 40 0.02851175 
923 363 12 16 0.027767276 
995 399 21 26 0.027727634 
549 372 14 17 0.027619695 
710 88 34 38 0.027073849 
231 388 27 35 0.02674246 
645 298 17 20 0.026678529 
563 439 16 18 0.026597677 
204 282 10 13 0.026514057 
980 309 40 52 0.026474243 
589 333 10 13 0.026056848 
152 239 9 12 0.025957283 
340 294 23 28 0.025879612 
959 403 23 28 0.025808241 
331 370 13 18 0.025716357 
350 440 10 12 0.025533266 
543 331 11 13 0.025377214 
408 257 29 42 0.025340118 
189 76 13 17 0.025255052 
876 339 15 21 0.025187328 
147 341 13 19 0.024923535 
541 402 17 22 0.02476512 
171 338 23 28 0.02455404 
646 326 11 13 0.02436511 
220 152 14 18 0.024201265 
625 297 28 31 0.024069523 
623 315 13 15 0.02385212 
978 378 23 29 0.023849826 
1011 338 13 18 0.023816884 
804 355 49 50 0.023683785 
372 296 20 26 0.023653708 
550 314 13 14 0.02360165 
293 371 30 30 0.023601487 
285 264 21 26 0.02331062 
153 118 32 33 0.022962874 
997 344 16 21 0.022636741 
568 75 25 33 0.022590438 
326 401 12 13 0.022589201 
933 319 24 32 0.022561679 
252 256 14 18 0.022540495 
358 324 10 13 0.022348188 
393 34 15 19 0.021987103 
910 358 15 18 0.021875206 
115 44 35 47 0.021795597 
546 618 26 31 0.021730145 
970 401 21 28 0.02170781 
281 301 22 29 0.021686405 
34 325 16 20 0.021572093 
119 327 43 54 0.021117328 
444 250 15 19 0.020926625 
950 339 12 16 0.020722585 
291 299 22 28 0.02035921 
324 353 14 20 0.020179506 
