13_Interview_Interview_Sequences_13_868
155
286 87 35 45 0.9973506 
908 46 15 17 0.4700522 
690 38 13 16 0.32405388 
880 44 13 17 0.31381953 
875 241 14 19 0.2759837 
915 263 26 35 0.21653154 
735 544 10 13 0.1557545 
414 544 11 13 0.15456548 
727 561 11 15 0.13983198 
947 308 13 15 0.13657726 
680 495 9 11 0.11300735 
905 545 12 16 0.1069971 
930 549 13 16 0.10598621 
778 247 14 16 0.09697392 
911 275 14 19 0.09665499 
358 37 13 18 0.094331756 
902 36 16 19 0.08649788 
731 61 13 16 0.08065104 
717 238 10 12 0.07481903 
398 551 9 11 0.06797516 
728 30 9 11 0.06559524 
792 7 11 12 0.06531552 
574 283 46 60 0.0643421 
851 286 10 12 0.060489967 
944 517 9 11 0.060221303 
861 492 13 15 0.059044022 
712 243 10 13 0.05708319 
353 524 11 15 0.056704182 
882 38 13 17 0.05651446 
524 229 16 20 0.05441905 
364 293 12 14 0.053765044 
727 66 12 14 0.05243153 
749 57 32 39 0.050455127 
887 525 9 13 0.05039961 
393 521 8 11 0.048183173 
928 265 29 33 0.045816872 
543 564 10 13 0.045328334 
720 30 8 10 0.044450413 
924 545 23 27 0.04348953 
726 53 14 17 0.042947263 
861 300 12 14 0.042765237 
573 545 11 15 0.042648762 
853 499 13 16 0.042644095 
718 76 13 17 0.042567234 
376 552 9 12 0.041186575 
755 252 28 32 0.041178767 
702 44 11 14 0.041142773 
757 531 110 135 0.041062422 
945 511 9 11 0.04105178 
546 41 18 21 0.040995654 
701 525 10 12 0.039687622 
391 30 9 10 0.038807545 
404 293 10 12 0.038648456 
890 36 24 28 0.03788198 
766 256 16 20 0.037865054 
716 523 11 14 0.037192997 
696 525 9 11 0.036568385 
769 246 23 27 0.036408495 
776 512 9 11 0.036061704 
549 565 8 11 0.035229053 
903 284 13 16 0.034922473 
874 44 12 16 0.034886666 
694 236 11 14 0.034750495 
737 278 50 59 0.034717046 
873 227 23 31 0.034432188 
719 231 9 13 0.034375336 
696 261 10 13 0.034268532 
754 517 8 11 0.033831082 
905 263 45 51 0.03353318 
725 542 21 29 0.033458926 
367 239 11 14 0.033358432 
361 238 11 13 0.032839246 
1014 475 9 15 0.032380544 
458 520 8 10 0.03170806 
414 32 34 42 0.031458464 
738 547 13 16 0.031287022 
872 39 22 27 0.03064205 
374 521 8 10 0.030479752 
793 510 9 11 0.030426798 
930 556 16 20 0.030168338 
741 61 12 14 0.029874874 
505 268 11 15 0.029544018 
931 46 25 29 0.029401498 
650 290 12 14 0.029316872 
724 555 20 26 0.02924114 
349 37 14 17 0.028829977 
738 542 12 14 0.02854078 
949 517 8 10 0.02843833 
910 543 24 26 0.02813986 
907 256 26 35 0.027969122 
704 62 12 15 0.027639607 
761 64 16 20 0.027351815 
242 68 484 514 0.027344855 
925 278 15 18 0.02678121 
820 43 47 64 0.02623775 
935 525 8 10 0.026050713 
780 48 12 14 0.02592456 
882 524 9 13 0.025773771 
903 536 12 15 0.025753474 
696 566 9 11 0.025702547 
562 272 29 41 0.025613584 
903 276 12 14 0.025431065 
917 555 14 16 0.025370508 
902 282 25 31 0.025134258 
727 545 12 17 0.025055269 
636 518 9 11 0.024964917 
623 286 10 12 0.024799684 
959 37 10 12 0.02458618 
927 44 11 15 0.024476921 
662 62 9 11 0.024461374 
957 549 11 14 0.024302835 
939 304 26 30 0.024040798 
1013 302 10 16 0.024030173 
559 559 10 13 0.023986647 
400 558 9 10 0.023820918 
575 261 14 16 0.023624161 
644 255 10 11 0.02361545 
424 517 8 10 0.023482123 
395 523 10 12 0.023466438 
373 268 10 13 0.023246026 
688 526 8 11 0.023100188 
702 244 11 13 0.02303806 
721 562 12 16 0.022967678 
393 548 10 12 0.022948496 
381 556 8 10 0.022914415 
1007 52 10 15 0.022860987 
867 489 12 15 0.02280493 
927 520 8 10 0.02278485 
700 237 12 13 0.022423007 
927 286 27 34 0.022294842 
368 525 9 11 0.022267606 
687 63 8 11 0.021992087 
712 231 11 13 0.021920921 
696 299 12 15 0.021875728 
383 545 7 9 0.021631503 
374 263 10 12 0.021596191 
830 519 8 10 0.021587035 
832 32 35 44 0.021560162 
687 50 10 13 0.021534946 
701 38 9 13 0.021478156 
380 551 8 11 0.021434171 
875 239 25 29 0.02133712 
867 297 10 15 0.021327833 
890 291 44 59 0.021270953 
1006 293 9 12 0.021223191 
713 31 8 10 0.021025151 
696 255 11 13 0.020947108 
938 273 16 18 0.020862952 
668 326 10 11 0.020717038 
986 303 14 18 0.020708518 
701 254 10 11 0.020644117 
732 30 9 11 0.020466587 
262 396 15 19 0.020329703 
892 526 9 11 0.020221323 
606 262 13 15 0.02013545 
