13_Interview_Interview_2_People_Visible_13_223
108
572 106 31 37 0.9983303 
280 105 31 37 0.9973573 
651 317 40 49 0.99420893 
118 315 41 52 0.9935342 
293 374 28 35 0.9928733 
457 374 27 34 0.9926543 
121 43 40 52 0.9908529 
865 319 37 47 0.9899005 
823 106 31 39 0.9776714 
418 46 43 53 0.9692444 
697 63 38 47 0.93163633 
548 355 18 24 0.728408 
530 331 11 14 0.26610687 
245 418 15 21 0.18274844 
738 356 18 22 0.14622933 
365 329 12 16 0.14196266 
643 57 24 32 0.09797898 
740 330 17 20 0.085666426 
874 74 24 30 0.07852506 
308 94 23 32 0.076706626 
806 73 19 26 0.072908424 
828 88 15 18 0.07263436 
557 330 13 16 0.06934592 
550 331 13 16 0.06869632 
631 71 22 30 0.06861455 
542 331 12 16 0.060568932 
813 68 13 16 0.05868997 
384 299 25 32 0.058367115 
727 42 29 41 0.055029828 
1 59 11 15 0.04818208 
845 155 21 30 0.048139613 
803 155 26 31 0.047294877 
730 333 27 33 0.044823702 
248 415 23 32 0.043872926 
834 332 24 30 0.04323264 
866 127 15 18 0.04149612 
245 151 23 29 0.040203907 
317 110 25 35 0.03993825 
280 356 18 22 0.039179657 
576 297 22 30 0.038637098 
4 54 11 14 0.038606852 
785 82 15 21 0.037381772 
797 74 19 29 0.037294734 
576 304 13 20 0.03421132 
592 72 23 29 0.033719335 
740 264 16 19 0.033161756 
226 25 16 20 0.033067025 
594 328 26 30 0.032982685 
108 150 31 31 0.032950025 
605 77 12 15 0.032699578 
221 325 23 30 0.03228993 
357 28 28 37 0.031655613 
506 349 14 18 0.030686975 
535 162 27 31 0.030444559 
543 334 24 29 0.030346463 
470 325 25 32 0.029842164 
293 97 28 36 0.028656324 
542 264 15 18 0.02847495 
829 88 23 29 0.028430296 
630 338 15 18 0.02834224 
868 145 18 22 0.027950393 
789 297 30 39 0.027743388 
528 325 18 23 0.027636578 
406 52 32 44 0.027484575 
833 97 27 36 0.027210949 
848 112 24 34 0.026939722 
107 124 39 40 0.026346184 
818 77 20 26 0.026250642 
772 97 15 20 0.026152119 
869 53 40 49 0.026111346 
774 192 17 21 0.026043661 
704 47 35 43 0.025272641 
196 457 21 26 0.02525606 
411 363 23 30 0.024986237 
826 122 21 26 0.024903584 
908 323 26 37 0.024841959 
621 65 24 34 0.024794446 
122 160 16 17 0.024519071 
447 335 28 33 0.024404746 
149 316 26 35 0.024212444 
270 104 25 34 0.02374182 
844 76 11 14 0.023499142 
346 322 13 16 0.023436625 
239 169 23 29 0.022777775 
979 348 11 14 0.02273522 
696 41 29 38 0.022317523 
435 338 16 19 0.02230294 
539 153 17 22 0.022263577 
751 51 29 42 0.022101142 
608 70 21 29 0.022030015 
0 250 12 18 0.02181866 
440 380 13 16 0.021764569 
109 427 16 19 0.021736614 
616 110 28 33 0.02151223 
611 76 12 16 0.021472137 
643 71 18 25 0.021471707 
508 318 13 17 0.021298256 
842 97 17 21 0.021233503 
592 305 29 37 0.021142455 
756 80 14 19 0.021138541 
117 306 31 41 0.021034537 
262 343 22 28 0.020934058 
53 256 16 20 0.020750016 
738 58 38 53 0.020628558 
502 318 23 30 0.020554353 
845 329 26 34 0.020480566 
554 325 22 26 0.020475566 
697 324 25 36 0.020201107 
