13_Interview_Interview_Sequences_13_2
100
636 242 54 74 0.99903286 
491 169 52 65 0.998609 
264 188 55 73 0.9981653 
918 218 38 49 0.99509794 
549 201 31 40 0.99461657 
742 288 75 96 0.9932929 
326 28 30 42 0.991959 
944 19 53 59 0.9912423 
644 147 29 36 0.98787826 
655 25 37 47 0.9822551 
120 269 54 62 0.9789097 
235 29 38 45 0.97185993 
569 29 40 46 0.97144306 
314 139 25 33 0.88526607 
0 26 23 42 0.8197324 
225 187 32 48 0.7950354 
6 238 26 33 0.7465037 
52 148 14 17 0.5075839 
52 171 21 27 0.464099 
677 166 29 34 0.38835034 
372 170 22 29 0.30471933 
941 291 63 69 0.23900935 
25 152 22 28 0.1419527 
0 138 11 24 0.12578695 
374 149 15 18 0.12432493 
424 514 14 21 0.12039535 
188 73 20 26 0.09997841 
693 376 30 39 0.09722163 
117 1 36 23 0.095878236 
318 224 30 39 0.09251231 
0 224 41 54 0.08331854 
710 188 25 30 0.08083766 
343 156 24 30 0.08081281 
325 222 39 53 0.069587804 
234 101 17 21 0.06931649 
333 371 36 45 0.06756169 
690 334 42 54 0.06171053 
966 4 52 63 0.061295435 
831 231 10 13 0.059614215 
998 115 17 20 0.055410247 
519 607 41 49 0.054735135 
319 32 52 61 0.050995987 
315 19 104 114 0.047576096 
21 241 24 32 0.046867404 
426 510 13 16 0.046763524 
573 526 17 23 0.045496486 
48 143 13 18 0.04455259 
145 265 44 58 0.04442831 
764 188 42 47 0.04427707 
448 0 34 23 0.042781834 
468 612 31 42 0.042398874 
891 175 16 18 0.04182048 
236 177 47 62 0.04166514 
410 172 38 46 0.039702512 
373 151 23 28 0.039585233 
561 102 23 27 0.03954923 
610 110 16 21 0.039464165 
713 157 18 22 0.03837508 
50 205 24 31 0.0379647 
22 160 16 21 0.037716314 
305 121 40 59 0.03702222 
859 294 44 59 0.036669668 
674 505 68 63 0.03637209 
13 165 24 33 0.035533357 
745 617 56 64 0.033277508 
809 300 45 65 0.031996828 
516 70 24 32 0.031222168 
692 248 34 60 0.029747475 
323 132 15 18 0.02956237 
299 430 28 37 0.029363068 
103 210 13 15 0.02687676 
69 268 44 57 0.026219472 
668 181 30 34 0.025993394 
0 22 46 66 0.025672054 
297 -2 36 31 0.025299404 
705 386 17 21 0.024934782 
30 440 35 31 0.024271464 
526 535 28 37 0.024248628 
99 202 46 49 0.024008412 
406 172 24 30 0.023044284 
997 248 12 17 0.023041073 
57 151 14 18 0.022971949 
99 203 26 31 0.022729136 
378 178 27 34 0.022599068 
592 184 41 54 0.022537742 
202 75 16 20 0.02180269 
32 241 27 41 0.021676231 
343 10 65 69 0.02140902 
213 197 31 40 0.021249013 
535 197 31 40 0.021211425 
49 129 18 20 0.021010961 
936 26 14 20 0.020878153 
676 430 16 22 0.020854678 
560 29 12 17 0.020782746 
258 557 14 15 0.020756103 
885 178 23 27 0.020544965 
807 -2 36 29 0.020485846 
199 155 15 19 0.020260302 
178 224 43 57 0.020219415 
-6 10 84 118 0.020161157 
