13_Interview_Interview_Sequences_13_973
28
294 121 82 110 0.99765223 
820 167 78 94 0.99552876 
786 268 17 22 0.2590246 
472 95 25 31 0.12500045 
128 117 37 44 0.10375546 
502 87 16 18 0.10069549 
709 307 10 12 0.07863426 
766 274 12 14 0.04666847 
469 105 15 20 0.046512112 
647 238 10 14 0.04405687 
611 338 23 34 0.043706026 
759 273 12 14 0.042126134 
668 279 11 15 0.038271885 
748 284 10 12 0.038256165 
728 294 9 12 0.03132722 
662 243 15 18 0.031127088 
888 453 7 9 0.028164359 
774 251 27 34 0.02639393 
491 86 22 26 0.025946362 
705 303 11 13 0.023638198 
731 252 16 18 0.023396034 
498 85 11 15 0.023169646 
750 278 11 13 0.022458445 
657 273 25 30 0.022089798 
529 83 16 17 0.021537675 
518 83 13 15 0.020493925 
465 106 12 16 0.020247502 
652 242 14 17 0.020062504 
