13_Interview_Interview_Sequences_13_7
66
475 246 28 32 0.99937505 
104 244 26 31 0.99916124 
636 190 40 52 0.997985 
254 202 37 52 0.99653435 
861 241 23 28 0.957914 
383 262 23 26 0.905763 
916 253 22 26 0.35068387 
768 295 12 14 0.25840223 
549 281 22 29 0.25685057 
770 335 11 13 0.18838872 
888 288 25 30 0.16606994 
770 340 13 17 0.13766839 
878 277 14 17 0.12770607 
120 277 28 28 0.12338166 
850 276 15 18 0.0987107 
783 280 12 17 0.087886274 
842 272 18 21 0.0847338 
971 237 18 22 0.08382734 
774 310 13 15 0.076718196 
289 172 8 10 0.07086297 
953 221 12 15 0.05981849 
232 216 20 32 0.055665668 
578 413 21 29 0.054516017 
781 352 12 16 0.04818095 
928 287 25 25 0.04751917 
857 324 12 16 0.043596122 
862 232 12 13 0.043379214 
888 294 14 20 0.04173124 
942 249 13 15 0.040791873 
750 341 23 29 0.04028677 
872 243 16 21 0.040067654 
912 257 15 20 0.039276145 
734 385 28 37 0.0387771 
883 269 14 18 0.038465027 
574 302 11 13 0.035627577 
767 305 15 18 0.03484591 
872 280 14 18 0.03452797 
107 279 30 30 0.032466903 
910 248 10 13 0.03137001 
944 217 22 27 0.031355523 
562 290 13 16 0.031005174 
995 253 26 36 0.029944146 
895 258 11 14 0.029702809 
386 295 17 23 0.029468918 
326 219 30 36 0.028817663 
872 221 9 11 0.028720923 
876 239 11 13 0.02836627 
903 247 11 15 0.027374823 
971 230 14 16 0.027076866 
858 280 13 17 0.026473098 
135 283 19 24 0.025620883 
886 250 12 18 0.025116418 
749 335 10 12 0.02465882 
360 404 10 14 0.024055006 
421 337 12 17 0.023939356 
881 280 23 29 0.023314053 
949 249 14 17 0.02293102 
838 287 26 37 0.02267476 
716 343 23 30 0.02235332 
888 274 24 31 0.022108665 
674 259 24 30 0.02200841 
741 396 15 21 0.021900497 
436 283 12 14 0.021480896 
716 338 17 19 0.02094532 
951 125 11 13 0.020803357 
148 313 22 31 0.020537522 
