13_Interview_Interview_On_Location_13_478
24
452 55 120 163 0.99988306 
385 440 258 262 0.16433613 
40 479 31 35 0.14303419 
139 461 20 23 0.106983066 
418 453 142 117 0.10466954 
168 460 20 23 0.066094905 
859 356 15 16 0.05882944 
149 459 30 32 0.040651068 
811 48 204 280 0.03625263 
879 357 10 12 0.033055358 
27 471 31 39 0.031756558 
996 532 25 38 0.031334516 
338 347 448 474 0.029212931 
408 160 16 19 0.028682994 
944 365 11 15 0.02410538 
159 371 44 58 0.023994138 
903 366 9 11 0.023730136 
261 318 10 13 0.02313478 
142 458 47 53 0.022565527 
188 549 38 43 0.02144606 
897 361 9 10 0.0212538 
50 476 20 24 0.021031315 
187 362 55 61 0.020822573 
867 357 12 14 0.020769538 
