13_Interview_Interview_On_Location_13_636
145
187 38 57 78 0.99936384 
800 115 31 41 0.9961396 
724 110 32 44 0.98124367 
332 42 25 30 0.074646875 
674 104 8 11 0.06959863 
696 119 11 14 0.06405336 
802 89 14 17 0.06187504 
690 64 9 10 0.05510528 
820 92 14 18 0.05267986 
455 28 13 15 0.04793459 
623 69 9 11 0.046794776 
752 147 21 28 0.046728835 
726 20 9 12 0.044790808 
711 141 11 16 0.042469807 
693 148 14 18 0.041839197 
694 140 11 14 0.041676022 
61 598 26 32 0.040583916 
686 123 10 13 0.04045382 
671 63 9 11 0.037805256 
678 70 8 10 0.03779029 
881 600 7 10 0.037789006 
718 64 8 10 0.036715522 
680 39 7 9 0.036388267 
721 38 7 10 0.036217414 
698 123 13 16 0.035236906 
642 94 7 9 0.035161156 
463 78 10 13 0.034986813 
695 131 11 13 0.03492617 
664 62 9 11 0.03469602 
649 80 7 9 0.034494914 
654 70 9 10 0.034248557 
560 23 9 10 0.033754215 
677 103 9 11 0.03361139 
676 139 12 15 0.03338215 
657 39 8 10 0.03329402 
697 55 8 10 0.03213931 
690 69 9 11 0.032051973 
593 55 9 10 0.03191195 
705 78 8 11 0.031884085 
689 76 9 11 0.031422775 
669 138 13 17 0.031175012 
638 78 8 10 0.031165708 
721 21 9 11 0.031110093 
608 71 8 10 0.030286107 
679 64 8 9 0.030255273 
608 30 9 11 0.030186389 
440 28 12 14 0.030151676 
664 80 8 10 0.030119477 
665 56 8 9 0.02933316 
657 104 8 10 0.029253867 
664 139 11 15 0.029090885 
647 15 8 11 0.028787 
672 47 8 10 0.028692257 
624 45 8 10 0.028670132 
674 70 8 9 0.028620796 
583 14 8 10 0.027842887 
613 30 8 10 0.027794836 
624 6 9 10 0.027683029 
444 6 11 11 0.02767437 
679 124 10 13 0.027540507 
711 21 9 11 0.02716777 
694 118 20 27 0.027163032 
568 7 9 11 0.02711518 
798 585 11 12 0.027032707 
681 54 9 11 0.026626283 
711 5 11 12 0.026623478 
886 600 9 10 0.026619814 
650 71 8 10 0.026565816 
608 24 9 11 0.02651157 
518 86 8 10 0.026381887 
671 80 7 9 0.026196087 
662 38 7 10 0.026003428 
686 148 14 17 0.025848664 
657 46 8 10 0.025651779 
686 47 8 10 0.025594844 
727 14 10 13 0.025536653 
456 21 12 14 0.025396856 
430 101 22 26 0.025368957 
879 86 11 13 0.025354309 
640 15 9 12 0.025280608 
560 14 8 11 0.025135389 
666 86 7 10 0.025044074 
703 94 8 10 0.025035327 
641 39 8 10 0.025021832 
876 147 11 13 0.024993593 
543 14 10 13 0.024787014 
505 115 11 16 0.024630906 
528 70 9 11 0.024456616 
933 288 29 33 0.024444843 
575 23 8 10 0.024207419 
744 54 8 10 0.024171658 
461 117 14 17 0.024019761 
646 93 8 10 0.023932004 
956 2 14 15 0.023887584 
850 55 8 9 0.02388004 
735 38 9 11 0.023801388 
665 133 11 15 0.023756737 
655 108 9 12 0.023728736 
624 77 9 12 0.02369279 
632 55 7 10 0.02366448 
650 62 9 11 0.023657274 
869 348 15 18 0.023644703 
686 30 8 9 0.0235891 
623 64 9 10 0.023169048 
696 39 8 10 0.023166861 
686 132 12 15 0.022805227 
811 89 19 24 0.022598509 
799 595 9 12 0.022559393 
469 54 10 13 0.02235304 
719 16 9 11 0.02223082 
852 77 10 13 0.022160597 
728 72 8 10 0.022075096 
683 126 22 26 0.0220524 
648 87 7 10 0.022010602 
710 15 10 11 0.021868816 
881 55 8 10 0.021780943 
598 22 9 11 0.021741837 
892 328 18 22 0.021638729 
680 45 9 11 0.021543508 
815 12 9 12 0.021528829 
645 133 10 13 0.021424493 
624 15 8 11 0.021406006 
680 88 9 10 0.021379255 
807 607 9 11 0.021303374 
664 29 9 12 0.021212786 
703 140 20 28 0.021174096 
767 54 10 12 0.021169968 
695 109 11 13 0.021165371 
581 152 22 26 0.021162754 
785 53 9 12 0.021161253 
699 140 13 16 0.021095542 
583 47 8 10 0.020998258 
648 31 8 10 0.020990271 
681 94 9 11 0.02088641 
653 87 8 9 0.020863447 
676 145 15 16 0.020837827 
536 7 8 10 0.020804113 
585 31 8 11 0.020623006 
696 47 8 9 0.02061284 
238 7 45 56 0.020606574 
543 8 9 10 0.020596914 
669 30 9 10 0.020344894 
593 22 8 10 0.020269137 
974 12 24 31 0.020055767 
695 104 9 11 0.020036006 
