13_Interview_Interview_Sequences_13_55
47
613 136 160 319 0.99973994 
542 370 56 78 0.9991542 
628 428 24 40 0.36022502 
995 448 26 38 0.21144798 
23 278 14 21 0.20615813 
59 262 17 20 0.12804626 
52 435 21 33 0.12601343 
297 455 30 35 0.1168193 
0 428 45 56 0.09884614 
21 274 25 33 0.08071126 
632 293 111 157 0.06317444 
937 256 89 182 0.06309683 
259 575 15 18 0.06048225 
307 631 14 14 0.057099886 
622 411 40 69 0.056705106 
350 92 198 235 0.055679258 
0 289 13 20 0.053525284 
10 207 43 51 0.04979982 
145 338 42 55 0.042229507 
315 465 13 18 0.0388496 
479 349 44 57 0.0375378 
9 256 42 56 0.034749694 
46 266 11 15 0.034315746 
119 284 20 30 0.03389944 
446 344 23 35 0.03202231 
173 195 29 32 0.031769928 
636 499 114 122 0.03147716 
27 270 15 18 0.029656496 
71 211 50 61 0.029335098 
461 388 42 58 0.02914745 
444 106 202 279 0.028531099 
117 557 120 112 0.0278349 
481 411 29 41 0.027270459 
11 272 23 32 0.02600081 
757 138 151 259 0.024818925 
855 141 150 278 0.024255438 
983 455 32 37 0.023652257 
1009 459 14 26 0.023547731 
84 231 30 36 0.023500992 
527 364 49 72 0.02229578 
351 594 12 19 0.021915738 
140 584 74 72 0.021605939 
105 283 42 52 0.021544147 
52 284 14 17 0.021386502 
58 252 27 35 0.021211108 
927 139 94 198 0.020633651 
405 446 12 16 0.020179747 
