13_Interview_Interview_Sequences_13_37
30
796 194 60 69 0.9993674 
495 173 66 78 0.99919707 
256 183 72 104 0.98271894 
287 104 23 27 0.15463449 
605 114 27 33 0.07351844 
358 131 33 37 0.06325586 
557 142 44 56 0.056203686 
68 482 428 489 0.051994886 
577 142 42 53 0.05189687 
224 107 12 15 0.04395998 
181 525 140 127 0.04376068 
54 353 95 114 0.0415713 
785 501 46 42 0.03932848 
554 122 33 47 0.03915936 
767 225 27 37 0.036914796 
563 159 48 60 0.03409148 
694 135 43 49 0.03329446 
255 122 49 66 0.03151815 
591 127 44 54 0.030543014 
752 473 28 47 0.026943466 
276 122 30 42 0.026714733 
545 122 27 41 0.026700811 
693 144 16 19 0.026261153 
60 337 65 87 0.025446858 
691 140 27 30 0.024761423 
499 -24 338 457 0.022114212 
841 499 61 61 0.022072967 
759 212 45 59 0.02190507 
530 113 26 32 0.021766562 
309 123 12 15 0.021184623 
