13_Interview_Interview_On_Location_13_921
145
753 390 27 36 0.99966645 
660 387 25 33 0.99892694 
201 391 20 26 0.97414047 
936 385 19 30 0.95125437 
790 409 14 17 0.30263808 
583 362 13 14 0.17283997 
151 351 11 14 0.16918348 
184 396 12 16 0.14809273 
644 353 15 20 0.14201084 
813 327 10 12 0.1382423 
639 397 12 16 0.1341039 
707 387 16 20 0.113393985 
964 331 14 18 0.09464239 
730 353 17 21 0.09003507 
808 408 12 17 0.08699452 
590 381 12 16 0.08589161 
112 358 14 18 0.0845994 
91 358 18 21 0.08256708 
988 466 13 17 0.076290645 
686 380 15 18 0.0760845 
559 355 10 12 0.06402616 
288 508 12 14 0.063656606 
260 416 10 13 0.061347168 
458 415 12 15 0.060766112 
454 391 12 15 0.059872784 
596 383 11 14 0.058004417 
630 334 9 11 0.057962257 
702 358 11 15 0.056450564 
640 339 12 14 0.0547241 
94 385 13 16 0.054528628 
222 398 12 15 0.053432018 
152 371 11 14 0.05110405 
551 352 9 11 0.05041406 
726 338 14 17 0.049637314 
622 373 10 14 0.048871696 
636 399 20 25 0.048377696 
644 335 10 12 0.04656685 
127 364 11 14 0.046246514 
641 336 8 10 0.04611074 
707 357 10 13 0.046001695 
149 396 10 14 0.044300597 
189 388 22 29 0.043872222 
837 380 9 11 0.043687034 
149 416 12 17 0.04366428 
787 398 12 15 0.04251336 
570 374 15 18 0.042319678 
783 398 20 26 0.04213464 
72 377 8 11 0.041968852 
790 390 11 13 0.04117122 
525 359 7 10 0.041037876 
798 364 39 51 0.041031484 
848 374 9 11 0.040743668 
257 418 10 14 0.040293556 
639 350 13 16 0.03992775 
832 379 9 12 0.03948668 
190 364 12 16 0.038617376 
661 335 9 11 0.037912663 
966 379 14 20 0.03641356 
434 306 13 14 0.0363596 
645 371 13 16 0.03518686 
863 351 11 14 0.035077352 
971 330 12 17 0.034689147 
155 356 10 12 0.034671664 
974 348 11 15 0.034604117 
687 407 16 21 0.034412727 
732 334 10 13 0.033942416 
702 410 14 17 0.03393951 
126 360 10 13 0.03384315 
738 359 17 20 0.033579376 
659 341 11 14 0.03236014 
813 391 14 18 0.0323142 
808 377 26 30 0.032066114 
230 397 11 14 0.031948935 
498 361 15 17 0.031773604 
566 357 9 11 0.031444218 
544 387 12 17 0.031382754 
970 386 14 21 0.030346803 
820 381 10 13 0.029460572 
653 346 14 19 0.029075459 
726 346 16 20 0.02897711 
183 357 12 14 0.028945493 
143 357 11 13 0.028930848 
631 351 9 12 0.028512482 
543 342 8 10 0.028432844 
703 380 14 18 0.027571484 
638 359 15 19 0.027352184 
542 375 9 12 0.02707754 
575 359 10 11 0.027064906 
132 382 13 15 0.02692646 
141 390 12 14 0.026764784 
685 357 11 14 0.026722314 
715 374 11 15 0.02647818 
694 373 12 15 0.026340228 
223 411 13 17 0.026170757 
521 358 8 11 0.025954908 
559 343 8 10 0.025909873 
542 380 11 14 0.025850452 
178 358 9 12 0.025806824 
642 372 23 28 0.025795346 
150 344 12 14 0.025753548 
622 365 9 14 0.025460629 
695 357 13 16 0.024989877 
636 336 21 25 0.024632966 
581 378 13 16 0.024587788 
960 336 13 18 0.024476489 
246 421 11 12 0.024436003 
167 340 9 12 0.02434095 
626 341 9 12 0.024287457 
240 382 10 12 0.024273025 
600 357 10 14 0.02413884 
565 352 9 12 0.024055902 
971 338 13 18 0.023891024 
419 344 14 19 0.023317538 
113 388 10 13 0.023106817 
794 430 12 14 0.023005342 
712 379 13 17 0.022931328 
805 296 8 10 0.022804223 
182 379 12 16 0.022536416 
75 379 11 14 0.022264574 
520 363 9 12 0.022010326 
962 346 16 22 0.021965366 
254 405 8 10 0.021963619 
624 358 8 12 0.02192319 
557 362 12 14 0.021714238 
670 333 9 11 0.021642637 
181 351 20 27 0.021581043 
544 356 10 13 0.021573327 
128 371 12 14 0.021567265 
281 399 10 12 0.021374013 
240 420 10 12 0.021355659 
650 360 13 17 0.021287262 
144 349 12 15 0.021285035 
821 365 10 14 0.021109814 
691 383 15 19 0.021083664 
545 351 8 11 0.021028632 
258 370 14 18 0.020969965 
442 352 15 18 0.020868957 
662 364 12 15 0.020792767 
143 395 12 15 0.020633116 
847 364 10 14 0.020590743 
805 401 21 26 0.020318376 
146 346 19 23 0.020276275 
671 343 11 14 0.02019439 
845 356 11 14 0.020170994 
278 373 12 15 0.020048449 
