13_Interview_Interview_Sequences_13_929
32
486 155 60 78 0.9992804 
791 168 85 108 0.9960443 
176 169 67 86 0.9944384 
67 161 80 108 0.9575935 
773 255 52 56 0.19102812 
446 326 113 150 0.1702055 
70 272 27 31 0.14931928 
4 73 54 74 0.14666443 
847 301 96 127 0.11182418 
888 294 103 143 0.068182 
595 373 11 14 0.065447584 
10 179 56 82 0.06358964 
238 328 46 47 0.059024382 
599 291 12 14 0.051331993 
545 301 11 13 0.044521976 
-5 238 95 150 0.03415112 
589 310 9 11 0.033380505 
25 166 78 104 0.032534894 
595 318 12 14 0.029425526 
526 338 10 13 0.028146531 
767 221 89 97 0.026530212 
5 196 93 130 0.025898244 
629 386 13 16 0.025492309 
725 250 34 37 0.02540503 
1 182 30 52 0.02499724 
604 412 12 15 0.023738975 
623 389 12 14 0.023162303 
74 480 30 34 0.02279599 
773 278 31 41 0.02205651 
835 311 65 99 0.021315804 
641 359 18 21 0.020611383 
636 387 16 18 0.020022979 
