13_Interview_Interview_Sequences_13_541
82
485 250 21 30 0.9794265 
752 327 9 13 0.27943048 
960 80 12 15 0.231997 
131 120 17 22 0.107539676 
186 107 24 29 0.08800092 
483 305 14 18 0.06440662 
120 307 20 23 0.061940823 
127 105 23 31 0.05349797 
485 355 13 15 0.04799846 
69 88 16 21 0.046255168 
687 108 13 14 0.045904394 
186 272 15 19 0.045869943 
139 126 15 21 0.043953344 
92 97 23 31 0.04333329 
97 88 22 29 0.040436853 
384 443 29 31 0.040199816 
96 229 25 31 0.039393943 
896 117 11 14 0.03929027 
221 153 14 17 0.038831122 
958 76 19 24 0.038433008 
479 355 14 18 0.03759873 
754 278 8 11 0.036508776 
533 298 11 15 0.03625575 
28 85 21 27 0.0348425 
753 329 13 16 0.034748074 
187 100 16 20 0.034733362 
344 253 11 14 0.03391805 
519 300 11 14 0.03310697 
478 298 16 20 0.032864418 
415 154 11 14 0.031906087 
795 105 23 29 0.03183389 
156 83 13 17 0.031116107 
215 90 12 16 0.030899227 
93 119 16 21 0.030446095 
181 106 17 21 0.030353261 
511 86 11 13 0.029521126 
76 159 16 19 0.02849343 
525 298 13 17 0.028207874 
280 156 12 16 0.027787622 
473 234 37 47 0.026291916 
813 272 10 12 0.02619526 
132 92 15 19 0.026134072 
489 296 16 21 0.025996447 
527 293 11 14 0.02580198 
276 201 17 22 0.025664387 
414 325 11 14 0.02483867 
541 348 10 12 0.024637425 
63 98 13 18 0.024424637 
881 132 11 14 0.023601314 
433 127 40 52 0.023466593 
951 81 14 18 0.023445051 
489 8 192 224 0.023246493 
79 294 11 14 0.023116348 
509 367 16 19 0.023020925 
181 281 15 19 0.022873145 
119 114 25 32 0.02256989 
745 325 12 16 0.022398278 
829 235 10 13 0.022329623 
886 126 10 14 0.022039806 
466 361 27 32 0.021986667 
680 109 11 13 0.021867728 
146 128 15 19 0.021852905 
91 231 17 21 0.021798424 
888 117 10 14 0.021499975 
334 108 13 16 0.021392245 
479 122 41 54 0.02136117 
189 126 17 21 0.021253597 
267 149 11 14 0.021216232 
598 195 13 16 0.021174364 
218 146 22 28 0.021166537 
193 119 24 31 0.021079289 
500 296 14 18 0.021025958 
691 103 12 14 0.021013765 
188 95 13 16 0.020775938 
508 355 16 20 0.020744354 
107 223 18 24 0.020743117 
63 96 23 30 0.020637034 
98 107 24 34 0.020582004 
885 88 16 18 0.020395407 
366 347 98 110 0.020248342 
100 170 22 27 0.020086814 
83 106 25 33 0.0200662 
