32_Worker_Laborer_Worker_Laborer_32_812
70
382 83 95 119 0.9995234 
61 461 22 28 0.33459124 
581 171 11 14 0.22248057 
363 310 47 53 0.16769125 
740 83 15 20 0.11674255 
937 336 26 30 0.09163807 
674 106 25 31 0.067742676 
22 428 9 11 0.06691034 
57 432 9 12 0.06523413 
49 471 10 12 0.06179015 
964 366 12 15 0.059243772 
3 442 13 16 0.058168944 
270 581 12 14 0.05784009 
98 11 74 70 0.051579513 
18 430 9 11 0.04998691 
440 484 109 165 0.047039665 
940 351 17 21 0.046506703 
54 469 12 14 0.046352208 
46 416 10 12 0.043282535 
38 399 8 10 0.041772556 
5 470 9 13 0.04142431 
34 509 14 18 0.040699728 
7 407 9 13 0.040654615 
37 452 9 11 0.038698606 
15 437 9 13 0.03708178 
964 502 28 35 0.036844246 
14 413 8 11 0.036670424 
14 408 8 11 0.0357747 
52 474 11 15 0.034272935 
141 446 9 11 0.033725977 
287 629 11 13 0.033594258 
197 405 10 15 0.03259758 
686 108 26 33 0.032559182 
110 465 13 16 0.03161287 
33 405 9 10 0.030659636 
33 448 10 12 0.030167745 
117 466 11 15 0.03015192 
124 461 10 12 0.029921377 
24 511 21 27 0.029540488 
757 72 13 17 0.02928384 
0 367 13 23 0.029047206 
564 167 10 11 0.029021457 
36 462 11 13 0.028987586 
169 413 9 11 0.028121104 
269 574 12 15 0.02811738 
478 -25 414 421 0.0275563 
94 501 11 14 0.027366277 
26 481 15 17 0.026370656 
533 387 32 36 0.026141483 
66 476 16 21 0.02599103 
19 509 14 17 0.025481725 
39 392 9 12 0.024315393 
31 502 14 16 0.024071578 
20 515 15 20 0.023591252 
276 580 10 13 0.02286627 
737 52 15 18 0.022690771 
255 486 27 35 0.02250202 
1 537 13 21 0.022420844 
-81 314 465 496 0.02242036 
593 183 9 12 0.021744916 
0 452 10 13 0.021660112 
28 374 9 12 0.021647315 
29 424 8 10 0.021571148 
2 411 10 15 0.02140102 
285 636 14 17 0.021072257 
44 397 10 12 0.021022335 
262 532 100 146 0.020975102 
745 606 10 13 0.020335773 
495 65 104 111 0.020174965 
16 471 11 14 0.020171013 
