32_Worker_Laborer_Worker_Laborer_32_566
111
670 367 50 67 0.9972664 
30 251 10 12 0.1389489 
70 250 13 14 0.109159574 
949 319 42 50 0.10539949 
20 252 13 14 0.07497556 
635 149 16 19 0.066778444 
537 223 9 12 0.06599991 
632 134 11 13 0.06285479 
50 254 12 14 0.06081347 
200 631 8 10 0.060130127 
168 628 8 10 0.055281557 
54 470 8 9 0.054968607 
630 140 11 12 0.053379152 
665 157 11 13 0.05316909 
106 457 7 8 0.0528155 
625 141 9 11 0.051837277 
199 655 10 11 0.050869696 
56 485 7 10 0.047552492 
54 464 8 10 0.044467825 
826 276 22 28 0.043978356 
835 18 17 20 0.043376405 
50 463 7 9 0.041935645 
30 495 8 10 0.04187953 
541 247 8 11 0.041554015 
88 237 9 11 0.041219 
143 142 9 11 0.04028146 
90 221 9 11 0.03931249 
200 649 9 10 0.038879238 
217 630 7 9 0.038145877 
956 339 29 36 0.03798229 
901 188 12 16 0.037637778 
600 142 12 13 0.037315927 
298 120 355 441 0.037129313 
49 260 10 14 0.0357769 
831 589 11 15 0.035141937 
614 109 9 11 0.03461829 
33 465 7 8 0.033879206 
620 124 9 11 0.033565864 
974 329 45 57 0.033502948 
933 302 30 38 0.033147484 
787 571 12 16 0.03277602 
63 471 7 10 0.032474507 
206 648 7 10 0.03247329 
610 109 8 11 0.0319598 
643 547 105 105 0.031950075 
439 310 8 11 0.031900212 
775 536 8 10 0.031546943 
175 631 8 9 0.030753948 
64 247 11 13 0.030297955 
798 398 9 11 0.030135848 
657 125 10 12 0.029974643 
823 548 38 55 0.029904757 
37 277 12 14 0.029827617 
801 469 8 10 0.029752519 
794 526 9 12 0.029478412 
792 557 12 14 0.029301396 
802 553 41 56 0.029088264 
51 269 11 13 0.028963393 
5 253 11 15 0.028825138 
840 587 10 15 0.0284476 
55 481 7 8 0.028350042 
635 139 15 16 0.027245978 
193 638 8 9 0.0265134 
861 343 48 62 0.026425617 
783 535 8 11 0.026346672 
429 259 9 12 0.02631518 
21 239 10 11 0.026206264 
217 625 7 9 0.026134025 
194 632 8 10 0.026025454 
586 246 8 11 0.025807397 
37 246 10 13 0.02569188 
633 129 9 11 0.025574492 
493 304 9 11 0.025283003 
511 343 8 10 0.024996255 
53 279 10 12 0.024965303 
398 369 9 11 0.024926359 
222 639 8 10 0.024879318 
796 562 12 15 0.024838638 
613 141 10 12 0.024814855 
905 230 15 20 0.024634078 
185 655 9 12 0.024608105 
783 565 22 29 0.023990398 
954 337 49 63 0.023813022 
935 362 47 68 0.023531891 
590 150 9 12 0.023164786 
616 119 10 12 0.023069676 
891 268 25 28 0.022941573 
787 358 13 15 0.022919057 
558 359 8 9 0.022780301 
543 302 8 11 0.022655265 
799 421 8 10 0.022310095 
65 480 7 8 0.022218635 
46 277 11 14 0.022109808 
628 156 23 27 0.022098577 
379 236 14 18 0.022038566 
192 656 9 12 0.021901524 
17 246 11 13 0.021795817 
15 271 9 12 0.021566005 
641 118 10 10 0.021493077 
744 537 10 12 0.02134972 
623 135 10 12 0.021249332 
788 539 42 56 0.02095109 
954 305 33 39 0.020924093 
953 329 22 27 0.020888263 
90 457 8 9 0.020846147 
780 632 15 19 0.020824004 
784 380 10 13 0.020495191 
784 325 11 14 0.020460343 
605 134 11 13 0.020448228 
62 224 8 10 0.020168576 
712 75 12 14 0.020046761 
