32_Worker_Laborer_Worker_Laborer_32_110
56
696 40 97 112 0.9994361 
489 327 43 46 0.988846 
456 15 18 23 0.7656751 
205 138 13 15 0.43697485 
171 241 17 22 0.29814705 
201 127 20 24 0.12749445 
270 149 11 15 0.11577131 
362 4 25 29 0.10414501 
210 131 13 17 0.09668388 
105 244 48 43 0.07251192 
291 183 31 33 0.06484417 
255 133 11 14 0.06292425 
192 105 11 14 0.060432393 
104 109 44 50 0.057117954 
197 101 13 16 0.051760398 
149 107 11 13 0.05132647 
107 94 24 27 0.04579989 
156 158 14 17 0.044612043 
318 173 35 41 0.0441387 
303 183 46 49 0.042239245 
274 145 15 21 0.040354393 
266 169 13 20 0.03870992 
266 145 21 32 0.0376611 
301 134 14 16 0.034868494 
54 125 11 12 0.034498047 
212 172 14 16 0.03383152 
163 158 12 14 0.033575095 
359 10 15 18 0.033183515 
520 30 10 14 0.03295224 
275 152 44 53 0.03126486 
31 147 11 12 0.031119918 
45 185 12 14 0.03033746 
180 237 13 17 0.028927095 
39 166 11 13 0.028310616 
219 133 11 14 0.028303692 
272 160 21 33 0.025318895 
148 162 17 19 0.02506469 
159 234 27 33 0.024793293 
106 193 18 20 0.024776217 
296 141 12 14 0.024579762 
68 195 14 17 0.024460042 
212 173 45 48 0.0239418 
263 153 13 17 0.02367463 
168 227 25 31 0.022800239 
95 195 30 30 0.022409018 
101 125 12 13 0.022274278 
179 146 12 15 0.021913275 
54 94 12 14 0.021811185 
14 172 9 13 0.021593701 
206 164 14 16 0.020676613 
131 118 14 16 0.020620426 
182 228 13 15 0.020571567 
218 174 28 28 0.020462023 
165 233 43 53 0.020442499 
282 171 26 36 0.020236054 
276 142 25 31 0.02003808 
