32_Worker_Laborer_Worker_Laborer_32_595
130
397 183 39 43 0.97175705 
910 400 27 32 0.61979264 
338 124 24 27 0.6048511 
500 346 17 19 0.31940898 
928 277 25 30 0.3117815 
612 358 29 31 0.2665156 
207 142 22 29 0.2280168 
217 144 22 28 0.22081028 
834 455 24 30 0.16628791 
486 329 13 17 0.1315422 
825 391 13 19 0.1268304 
348 342 17 21 0.12658153 
964 508 23 30 0.123563446 
439 350 12 14 0.120865986 
227 138 18 24 0.10930862 
987 469 17 23 0.107782856 
424 123 10 13 0.1045576 
865 469 18 25 0.10454953 
886 418 22 26 0.09911932 
934 357 33 35 0.09633106 
829 368 16 21 0.09364067 
902 387 15 18 0.08396341 
918 280 26 32 0.078273036 
943 436 29 32 0.077393316 
1006 440 14 19 0.07679439 
737 219 73 74 0.075079754 
382 140 13 15 0.07471677 
328 355 16 18 0.06609336 
960 514 14 18 0.063902855 
309 292 12 17 0.06291807 
908 359 16 20 0.060348805 
893 461 16 19 0.060113993 
887 313 32 40 0.055744205 
418 332 23 27 0.05567888 
999 507 11 13 0.053787615 
378 379 18 22 0.053133544 
625 354 35 35 0.05157133 
195 134 21 34 0.05119452 
929 403 16 21 0.051059328 
941 482 23 24 0.048691917 
354 128 17 22 0.048164044 
581 425 30 28 0.048139613 
828 428 14 20 0.046244178 
894 410 24 31 0.045546915 
240 551 9 10 0.04222447 
315 298 13 15 0.04210084 
232 184 35 39 0.04091479 
393 170 17 23 0.040247045 
427 121 11 13 0.039403263 
884 330 42 49 0.039132636 
567 338 29 29 0.038054675 
501 335 15 19 0.03795165 
235 171 29 32 0.037347045 
875 417 23 30 0.03722174 
948 314 25 28 0.03664197 
146 189 32 32 0.036503255 
912 451 23 30 0.035659607 
312 371 16 19 0.035389334 
541 396 31 33 0.035217516 
510 233 14 18 0.034556977 
85 550 11 14 0.034489118 
557 313 17 19 0.034218762 
913 361 22 30 0.033746768 
837 222 28 45 0.033164553 
996 321 25 30 0.0325221 
845 411 45 48 0.03238223 
914 316 29 34 0.032182194 
148 189 16 19 0.031932276 
403 108 11 14 0.031611472 
292 173 11 14 0.031575534 
900 348 26 33 0.031550772 
900 389 24 31 0.031464282 
923 359 26 33 0.030736087 
859 154 14 17 0.030611169 
1013 180 9 14 0.02977779 
425 669 9 11 0.02876564 
363 379 14 18 0.028694304 
789 228 57 71 0.028149744 
414 125 12 15 0.027871877 
288 171 11 15 0.027722321 
545 330 15 18 0.027427748 
860 491 17 19 0.027029742 
367 375 10 12 0.026462132 
899 376 23 28 0.026434932 
680 323 38 38 0.02624304 
925 508 14 16 0.026201362 
395 168 27 35 0.026018461 
907 299 33 40 0.025792373 
573 306 16 18 0.025695203 
852 419 27 30 0.024700284 
407 125 10 14 0.023978751 
992 541 11 13 0.023963125 
856 329 35 41 0.023945551 
383 294 13 15 0.02371786 
232 160 24 31 0.023663662 
277 171 12 15 0.023218378 
658 334 17 18 0.023138067 
782 455 14 18 0.022887344 
823 373 21 27 0.022854263 
723 401 18 22 0.022814794 
438 -86 410 458 0.022761036 
308 323 15 18 0.022703083 
835 319 45 57 0.0225906 
153 519 8 10 0.022552507 
904 285 26 31 0.022521388 
926 485 28 27 0.022468397 
1000 417 21 32 0.02237812 
160 471 8 10 0.022192428 
997 184 11 13 0.021816099 
851 492 14 18 0.021791995 
359 385 12 14 0.021762708 
783 25 26 30 0.021651294 
493 363 16 18 0.021632211 
763 158 32 36 0.021428268 
301 273 12 15 0.021425711 
902 522 15 19 0.021369316 
117 503 9 10 0.021206645 
185 495 10 11 0.021093564 
758 172 13 14 0.02097264 
207 607 9 10 0.020678665 
381 150 15 19 0.020631196 
240 543 8 10 0.020340426 
780 378 11 15 0.020324396 
840 451 17 20 0.02029116 
1006 307 18 22 0.020278366 
1012 424 12 20 0.02018166 
303 334 21 27 0.02010713 
1003 506 15 17 0.020056788 
764 169 15 19 0.020019624 
332 117 38 45 0.02000396 
