32_Worker_Laborer_Worker_Laborer_32_400
30
697 180 46 53 0.9891109 
785 405 25 33 0.07221064 
864 634 10 14 0.06674509 
630 415 26 44 0.052991204 
605 46 43 56 0.04778907 
437 366 28 37 0.047492206 
737 204 28 37 0.041776635 
455 343 45 56 0.041307215 
888 611 11 13 0.0393329 
657 70 32 37 0.03912955 
889 297 34 38 0.03763165 
814 430 13 18 0.034346953 
463 345 29 34 0.033813003 
118 418 60 65 0.032898653 
790 1 48 60 0.030590387 
851 642 12 16 0.03027691 
867 631 11 13 0.026853848 
855 638 10 14 0.026176248 
31 487 135 195 0.024936864 
342 506 16 18 0.024726633 
919 283 10 13 0.02395225 
800 439 11 14 0.022726566 
22 399 234 286 0.022515383 
1012 382 10 15 0.022072082 
218 625 26 30 0.021305712 
219 71 44 66 0.02121448 
544 4 89 105 0.020777958 
817 614 10 12 0.02054575 
716 547 22 27 0.020513957 
470 566 12 15 0.020263948 
