32_Worker_Laborer_Worker_Laborer_32_26
89
203 252 43 44 0.8835462 
110 269 11 14 0.28938273 
627 5 48 82 0.18521148 
46 74 8 10 0.12393615 
88 274 10 13 0.10930714 
105 267 11 14 0.09420694 
104 317 9 12 0.08866162 
78 134 9 11 0.078821436 
23 325 14 17 0.07787197 
102 288 9 11 0.07757578 
109 263 10 13 0.07584539 
68 266 10 14 0.07349144 
608 181 426 501 0.06987679 
130 270 10 14 0.06652565 
306 241 15 19 0.066011295 
103 264 11 13 0.06215994 
88 73 8 10 0.061070483 
131 73 8 10 0.060088698 
716 69 115 113 0.05648873 
949 18 12 15 0.05523647 
15 269 10 13 0.055013347 
86 254 9 11 0.054909606 
92 269 10 13 0.05460708 
97 293 9 12 0.04927572 
173 256 27 34 0.047370087 
181 248 39 51 0.046907008 
78 288 9 11 0.04657911 
81 253 9 11 0.044796377 
69 255 10 12 0.043616697 
16 287 9 12 0.04143858 
145 287 10 13 0.041022222 
64 278 9 12 0.040337503 
181 261 15 17 0.0393363 
15 264 11 12 0.03815592 
20 267 12 14 0.03808186 
111 287 10 11 0.037131328 
114 292 9 11 0.035783745 
842 24 48 61 0.03505503 
185 265 15 19 0.03374829 
150 286 10 12 0.03367707 
127 255 10 12 0.033316348 
222 249 34 37 0.031760626 
138 251 13 17 0.030399501 
56 87 8 10 0.030316135 
105 276 11 12 0.030040173 
999 243 24 51 0.029714292 
79 261 10 12 0.02943532 
111 255 9 11 0.029337352 
78 88 9 12 0.028990855 
168 253 12 15 0.028969541 
13 276 10 12 0.028582733 
85 317 10 11 0.027901694 
172 253 16 18 0.02755276 
57 64 7 9 0.02752277 
68 277 9 12 0.027447183 
80 247 9 11 0.027446195 
175 286 12 14 0.02742423 
94 262 10 12 0.027130429 
232 126 8 10 0.027061155 
115 274 11 13 0.027023077 
14 291 12 15 0.027017096 
180 252 16 19 0.026936486 
64 285 9 10 0.026351914 
252 180 11 13 0.02500184 
63 319 10 12 0.024777504 
276 238 13 15 0.024279643 
43 262 10 13 0.02409951 
116 60 13 16 0.024052624 
101 139 13 17 0.023672327 
169 70 9 12 0.023365587 
935 18 11 13 0.023160517 
343 131 9 12 0.022869864 
72 286 9 11 0.022559289 
398 341 26 36 0.02215192 
106 314 13 15 0.022131931 
119 255 9 12 0.021770546 
71 294 11 13 0.021689959 
86 261 10 12 0.021562533 
325 255 12 14 0.021324517 
977 47 9 12 0.02103866 
360 289 32 48 0.020806365 
79 267 10 15 0.020780033 
85 247 10 12 0.020589277 
890 116 14 18 0.020508368 
117 287 10 13 0.020389061 
97 318 9 11 0.020368362 
94 310 10 13 0.020353239 
202 204 11 14 0.020256583 
92 300 12 14 0.020131111 
