32_Worker_Laborer_Worker_Laborer_32_987
65
760 55 57 76 0.99903893 
609 61 57 77 0.9987478 
272 225 56 59 0.89424485 
895 82 85 119 0.59332937 
540 157 10 12 0.16529468 
522 144 7 9 0.09269575 
503 174 7 11 0.09152607 
503 158 8 10 0.08770273 
488 165 9 11 0.057866205 
211 181 16 20 0.05708074 
7 345 80 137 0.056426663 
517 166 8 10 0.051499557 
503 142 9 11 0.047812995 
43 324 89 121 0.046135183 
523 148 8 11 0.044798046 
401 591 19 31 0.04466815 
538 176 8 9 0.044364948 
497 141 8 10 0.043473694 
464 183 10 11 0.04226244 
497 127 8 9 0.040990274 
503 151 9 10 0.04070099 
482 135 8 9 0.040104795 
470 151 8 10 0.0393181 
470 143 7 8 0.03821023 
488 159 9 11 0.03613457 
453 140 9 11 0.036057316 
503 136 8 10 0.03538245 
453 129 9 10 0.03492009 
488 152 8 10 0.033272896 
470 156 8 11 0.03279297 
466 188 9 11 0.032792963 
487 175 8 11 0.032607827 
488 180 8 10 0.032158036 
525 142 9 11 0.03049334 
505 120 7 10 0.030146847 
709 57 45 59 0.02851941 
511 135 7 9 0.028411971 
304 173 20 24 0.028212503 
305 163 31 39 0.027895521 
554 174 8 9 0.026629174 
478 151 8 10 0.026566718 
480 191 8 10 0.02650983 
495 160 9 10 0.026494509 
520 135 9 10 0.026491556 
197 187 14 16 0.026189828 
201 179 29 34 0.026063098 
466 206 9 11 0.025179807 
727 37 11 16 0.024604026 
537 152 9 11 0.024156138 
465 135 7 9 0.023674598 
488 204 10 12 0.02351665 
512 128 8 9 0.023415158 
478 110 8 9 0.02309004 
533 142 9 10 0.022585578 
25 256 10 13 0.022490133 
509 143 8 10 0.02245566 
514 192 8 9 0.022393767 
4 208 14 18 0.022246076 
502 126 8 10 0.021939976 
528 168 7 9 0.021770133 
129 26 374 431 0.02079875 
520 160 8 9 0.020397507 
542 162 9 12 0.020308763 
67 206 12 16 0.02014231 
528 174 7 9 0.02000525 
