32_Worker_Laborer_Worker_Laborer_32_44
32
511 260 261 346 0.9997483 
233 383 213 296 0.99525476 
190 19 226 372 0.96353257 
446 859 440 519 0.950492 
2 812 456 535 0.69743276 
76 319 364 438 0.3558051 
535 710 430 478 0.15170063 
166 880 62 75 0.11614055 
172 139 341 486 0.10049363 
303 -25 378 503 0.09706531 
833 1253 149 169 0.09289149 
306 187 316 481 0.08496188 
95 933 258 318 0.083637044 
295 1182 425 420 0.07413193 
85 20 213 304 0.061956532 
803 924 130 167 0.05992502 
449 1419 32 34 0.051243257 
728 846 223 280 0.046372246 
460 487 470 486 0.03280979 
834 529 128 133 0.032805532 
405 12 269 244 0.03243028 
297 903 67 63 0.031231962 
826 467 186 234 0.030684615 
189 981 270 256 0.027207324 
862 74 158 196 0.02427429 
51 1094 449 510 0.023726454 
858 479 124 134 0.022620533 
139 853 114 104 0.022103654 
443 68 393 430 0.021320652 
203 999 168 136 0.021071568 
42 7 133 179 0.02050974 
303 941 408 475 0.02029347 
