32_Worker_Laborer_Worker_Laborer_32_529
40
481 268 78 103 0.99470574 
935 554 21 27 0.49255377 
60 911 496 540 0.42006296 
976 649 9 11 0.18083394 
995 552 18 22 0.14205931 
452 987 326 493 0.101003096 
995 637 24 31 0.084510125 
797 636 11 14 0.08264986 
196 392 17 20 0.06067273 
998 643 14 17 0.05243577 
140 584 16 20 0.051997807 
330 711 54 72 0.047209255 
191 634 39 45 0.046794746 
864 650 12 15 0.038280383 
62 670 9 11 0.037085894 
914 563 12 15 0.036982276 
978 651 11 13 0.03572429 
912 558 12 15 0.034751046 
894 645 10 12 0.033451755 
935 576 13 17 0.033391215 
913 695 10 13 0.032573014 
3 698 31 38 0.031714574 
1001 559 18 23 0.03163606 
1013 767 10 16 0.031331576 
958 550 16 20 0.030481458 
39 658 46 61 0.02932629 
54 632 9 12 0.02899996 
894 621 12 14 0.0250427 
826 685 9 12 0.024716174 
184 752 23 32 0.024273263 
886 710 11 14 0.023321066 
924 579 12 16 0.023196612 
917 699 9 12 0.023163356 
238 1256 409 487 0.02289689 
588 49 119 182 0.021641996 
353 761 422 538 0.021525057 
227 699 13 16 0.02080672 
957 701 8 11 0.020615727 
932 569 22 27 0.020402523 
855 701 11 15 0.020163259 
