26_Soldier_Drilling_Soldiers_Drilling_26_9
19
620 212 25 30 0.9976937 
507 221 29 41 0.98977125 
658 257 23 30 0.1551791 
642 204 17 22 0.079672985 
673 258 12 15 0.07685649 
667 259 15 19 0.06365335 
552 201 23 29 0.047792364 
538 207 26 31 0.03691908 
526 202 15 16 0.03492478 
498 213 30 39 0.030782769 
540 203 13 16 0.028813368 
235 202 14 18 0.028614527 
518 235 30 34 0.02532689 
634 211 23 30 0.024818825 
477 436 53 64 0.024771802 
525 200 24 28 0.023876833 
648 248 41 49 0.020962762 
510 203 13 15 0.020386219 
555 214 17 21 0.02025319 
