26_Soldier_Drilling_Soldiers_Drilling_26_345
74
663 183 27 34 0.96681345 
163 194 24 28 0.89507425 
469 189 26 35 0.79768914 
854 192 31 35 0.71668893 
451 235 15 19 0.23163289 
294 273 11 15 0.14083803 
347 199 23 26 0.13014427 
827 223 29 38 0.11783401 
480 236 12 15 0.111798674 
637 215 8 10 0.09326841 
436 262 15 19 0.08373084 
854 195 16 20 0.08194807 
162 187 18 23 0.07864012 
864 241 12 16 0.057367884 
383 240 10 11 0.054842226 
677 233 45 48 0.053534128 
453 223 22 29 0.052720092 
294 254 8 10 0.052069247 
828 265 11 16 0.050258134 
828 231 16 21 0.049946055 
836 209 37 51 0.04934173 
168 224 13 16 0.049279094 
147 245 10 13 0.04760795 
160 182 12 18 0.04713523 
386 251 14 17 0.045021355 
837 357 36 65 0.04470304 
690 298 12 15 0.04356494 
479 233 26 28 0.042788286 
834 227 17 23 0.041761104 
655 245 13 17 0.039680593 
629 252 49 52 0.03893428 
144 239 10 15 0.036792297 
834 240 29 35 0.035583895 
854 207 29 36 0.03480232 
167 254 12 15 0.034258638 
448 318 10 13 0.03414491 
164 242 11 14 0.03234511 
385 245 11 13 0.03225565 
480 244 48 46 0.032088444 
430 261 15 18 0.031895664 
859 214 18 22 0.03184349 
163 216 25 28 0.031800415 
474 219 24 30 0.03159884 
488 237 30 31 0.031570915 
661 179 16 24 0.030441519 
413 245 10 14 0.028328443 
715 213 13 14 0.025716307 
601 253 9 13 0.025588945 
513 328 12 15 0.025581807 
708 211 13 14 0.025240682 
831 250 12 15 0.024860015 
129 250 43 62 0.024325436 
333 303 9 11 0.024101956 
427 252 26 29 0.023895111 
345 305 7 9 0.023869922 
318 294 8 9 0.02337895 
60 176 219 238 0.023282034 
364 245 10 12 0.02317592 
694 228 31 37 0.022849735 
304 361 12 18 0.022701282 
852 224 14 19 0.022241872 
858 225 24 31 0.022102104 
347 213 18 20 0.021937385 
616 271 8 10 0.021855555 
653 234 23 29 0.021459322 
896 227 30 31 0.02145863 
156 180 37 48 0.021363966 
348 189 16 19 0.02135753 
842 226 16 21 0.021347951 
630 265 26 33 0.021271575 
679 226 11 14 0.020738449 
823 267 13 19 0.020549398 
862 297 12 16 0.02018771 
905 230 17 18 0.02015738 
