26_Soldier_Drilling_Soldiers_Drilling_26_204
375
371 260 26 31 0.9621227 
438 197 24 29 0.95672417 
451 140 17 23 0.9126482 
599 119 11 14 0.6107433 
893 356 15 21 0.5547281 
902 176 14 18 0.54833984 
943 171 12 17 0.5433286 
500 106 13 15 0.5365787 
954 275 16 23 0.52659994 
712 122 13 18 0.49700862 
912 117 11 13 0.4230682 
867 314 30 37 0.41727307 
810 371 14 17 0.369289 
659 112 13 16 0.34617215 
1014 125 8 14 0.3401585 
987 162 12 16 0.3230988 
941 115 10 13 0.32021376 
705 226 17 22 0.3113303 
904 207 16 21 0.3053698 
994 189 12 15 0.29910228 
685 172 14 19 0.2908202 
835 189 24 28 0.29043087 
893 271 16 21 0.2772484 
805 217 25 30 0.26902843 
1003 242 14 19 0.2630565 
733 305 15 17 0.24275596 
621 157 12 17 0.24028729 
742 109 13 17 0.23721327 
949 335 17 23 0.2355221 
989 122 11 14 0.2343711 
860 283 27 29 0.23290919 
967 211 10 15 0.22582626 
667 240 17 23 0.2133797 
194 80 9 12 0.21256289 
730 132 13 16 0.20794238 
923 230 17 21 0.2033167 
691 169 16 19 0.19938235 
844 282 14 19 0.19297354 
730 324 14 18 0.1899243 
637 168 13 17 0.1890976 
946 258 15 21 0.1854644 
676 171 14 19 0.18150589 
772 271 13 19 0.17836186 
984 204 16 18 0.17726076 
583 86 10 12 0.17547585 
477 135 12 16 0.16680463 
1009 179 12 15 0.16651295 
987 211 15 17 0.16612087 
774 310 21 26 0.16102529 
852 278 21 27 0.15458782 
969 198 11 13 0.14664339 
649 167 9 13 0.14589502 
858 123 10 13 0.14507341 
966 117 8 12 0.13939719 
887 150 11 15 0.13853547 
734 275 14 17 0.13646545 
628 78 9 11 0.13461547 
700 193 13 17 0.1263394 
976 112 9 12 0.12442778 
970 149 14 17 0.12433257 
853 325 26 30 0.12340936 
849 191 14 20 0.121476606 
823 303 24 30 0.11861228 
835 136 13 15 0.11603822 
686 208 14 19 0.11373346 
985 124 11 13 0.107793786 
822 137 12 15 0.10533946 
973 127 11 13 0.103871085 
927 111 9 11 0.10302548 
996 212 13 18 0.102664664 
715 127 14 19 0.10095764 
240 70 7 10 0.10016204 
1011 301 14 23 0.09431379 
923 215 21 27 0.09264022 
651 178 14 18 0.08739574 
861 119 11 14 0.08602728 
937 116 9 12 0.08580942 
672 96 9 10 0.0846194 
701 93 9 12 0.08454907 
896 198 20 28 0.08409598 
678 138 13 17 0.08390816 
732 313 16 20 0.082796365 
910 206 20 27 0.08155036 
842 331 23 29 0.08054067 
793 216 23 33 0.07817927 
983 158 12 16 0.07798846 
947 166 14 18 0.07769276 
984 118 11 13 0.07526662 
948 117 10 12 0.074650325 
732 91 9 12 0.073803775 
895 128 8 10 0.07129704 
946 175 14 17 0.07040508 
631 170 13 17 0.06965086 
752 307 11 15 0.06953702 
796 270 14 20 0.06936643 
894 185 19 26 0.068903595 
782 213 22 31 0.06884528 
853 180 12 18 0.06851464 
583 155 12 16 0.068422645 
670 170 14 18 0.06825551 
662 123 11 16 0.066900045 
648 83 10 12 0.066468194 
826 131 21 25 0.065823056 
881 148 11 15 0.06570029 
606 107 11 15 0.06448966 
734 108 12 16 0.064293735 
575 101 10 13 0.06399915 
699 164 15 19 0.06299539 
711 180 12 17 0.0629849 
836 339 22 29 0.06286227 
712 279 11 14 0.05975066 
650 170 13 18 0.059504896 
862 297 30 38 0.058922064 
723 166 18 21 0.05883459 
695 189 14 17 0.058751605 
667 115 12 15 0.058232334 
961 118 11 13 0.058026154 
685 123 12 14 0.057801858 
861 178 15 21 0.056671236 
770 109 16 19 0.056456964 
1011 148 11 15 0.055975836 
640 188 12 15 0.055206135 
702 112 9 13 0.05513376 
867 172 13 16 0.054169234 
645 186 13 16 0.054018054 
650 146 14 18 0.05395231 
988 195 16 18 0.053149257 
797 404 17 20 0.053110372 
727 301 13 16 0.052581597 
677 292 13 16 0.05125032 
588 86 9 13 0.050453555 
741 285 13 15 0.050093923 
895 117 9 11 0.04996973 
786 313 16 21 0.049189787 
830 296 23 31 0.048324008 
831 312 23 33 0.047296595 
579 83 10 13 0.047268145 
689 95 9 11 0.047119036 
790 218 36 49 0.04673331 
867 277 16 21 0.046724394 
845 134 10 14 0.046613492 
833 175 27 33 0.04629443 
750 133 14 17 0.045892168 
678 126 11 14 0.04544839 
971 204 14 18 0.045300275 
623 170 12 16 0.044718605 
695 95 10 12 0.04369937 
843 164 14 18 0.04345401 
896 131 9 12 0.043350883 
995 204 14 18 0.043017797 
878 133 9 11 0.042669658 
677 95 8 10 0.04241659 
741 391 15 20 0.042339165 
831 110 10 12 0.04230264 
493 80 9 11 0.041940544 
645 121 12 15 0.041847505 
380 263 31 32 0.041678566 
595 117 11 14 0.041485097 
915 405 18 19 0.041195244 
995 183 12 14 0.04111116 
704 88 8 10 0.040667474 
934 134 11 14 0.04065467 
854 132 11 13 0.04051659 
942 189 13 16 0.04003515 
917 111 11 13 0.03988711 
837 164 23 29 0.03977706 
836 286 22 29 0.03927438 
670 124 11 15 0.039066117 
660 170 14 19 0.038963173 
954 259 15 22 0.038865726 
888 111 8 11 0.038848497 
677 209 16 20 0.03879912 
616 160 13 17 0.038612314 
758 161 20 35 0.037780575 
894 256 23 32 0.03773663 
615 191 10 13 0.037722856 
649 158 9 13 0.03769944 
798 307 14 18 0.037601043 
704 188 19 27 0.037361257 
852 172 12 18 0.037169762 
772 263 22 32 0.037111796 
717 169 16 21 0.036808044 
583 140 15 18 0.0368056 
746 382 22 29 0.036730103 
980 111 9 12 0.036627192 
699 252 15 20 0.03640042 
753 98 22 28 0.03633141 
817 139 11 15 0.036318626 
948 342 25 31 0.03628254 
721 125 20 24 0.03588134 
1003 210 15 19 0.035871755 
683 132 14 17 0.03574908 
780 226 22 32 0.035243623 
766 313 16 19 0.035227768 
683 248 16 22 0.035188854 
830 115 10 12 0.03491869 
715 185 15 18 0.03471551 
939 202 15 18 0.03460025 
222 115 11 14 0.03452555 
820 298 17 22 0.0343966 
696 110 10 13 0.034275394 
612 148 14 17 0.0342018 
637 120 11 13 0.03406272 
866 95 8 11 0.033894982 
864 113 9 11 0.033788167 
829 192 19 22 0.033457737 
855 139 9 12 0.033282608 
694 195 21 28 0.033270713 
691 123 12 14 0.033135515 
1006 142 13 15 0.0330478 
919 382 36 43 0.033039663 
666 95 8 11 0.033018053 
895 110 9 12 0.032995105 
886 144 11 14 0.03285222 
648 142 12 15 0.032759435 
675 247 14 20 0.03234337 
844 297 13 20 0.03228834 
461 136 19 25 0.03203905 
924 204 15 19 0.031565912 
621 138 13 15 0.031333648 
629 277 11 13 0.031244503 
633 120 10 12 0.031025404 
969 113 9 13 0.03097776 
747 292 11 13 0.030938577 
587 134 13 16 0.030827707 
886 133 10 12 0.030537114 
569 120 9 12 0.030416396 
692 249 14 20 0.030244613 
613 142 12 15 0.030145843 
1007 130 12 15 0.030012412 
887 95 9 10 0.029968444 
688 321 14 19 0.029566564 
779 178 25 29 0.029223185 
695 207 22 28 0.029190855 
705 122 12 16 0.029104969 
912 150 9 12 0.029068012 
894 103 10 11 0.028931223 
884 273 24 30 0.028813433 
873 132 9 12 0.028761718 
844 178 15 20 0.028592346 
638 158 11 15 0.028576123 
968 126 10 12 0.028493026 
456 146 18 24 0.028338261 
995 124 11 13 0.028167857 
786 264 23 30 0.028119886 
901 132 10 12 0.028095627 
927 134 9 13 0.027974127 
968 159 19 25 0.027863456 
911 156 9 10 0.027605781 
897 351 22 29 0.027432332 
887 102 9 11 0.027344497 
707 171 13 19 0.027321052 
749 314 12 17 0.027251557 
754 379 23 28 0.027222242 
822 160 12 15 0.027101634 
702 112 20 24 0.02705256 
794 313 15 20 0.027021695 
851 163 14 18 0.027017104 
936 124 11 12 0.02696391 
485 101 9 13 0.026773242 
846 325 15 23 0.026642848 
970 139 16 19 0.02663878 
684 290 12 16 0.026634267 
485 108 10 12 0.026566854 
981 214 16 18 0.026445312 
672 88 8 10 0.026438145 
366 181 15 18 0.026395274 
854 153 14 16 0.026328487 
846 157 21 29 0.026307236 
664 226 24 33 0.0262928 
729 106 12 16 0.026215477 
898 245 25 31 0.026184503 
703 210 24 31 0.026112324 
599 112 11 15 0.026067242 
931 203 15 19 0.026052257 
743 106 21 26 0.025887473 
839 266 25 33 0.02568192 
880 143 10 14 0.025678804 
870 126 9 13 0.025602533 
593 123 12 14 0.0253792 
710 110 10 14 0.025199788 
764 171 22 30 0.025077216 
580 61 98 123 0.024490561 
655 104 9 11 0.02446498 
1005 377 15 17 0.024461908 
691 141 12 15 0.024415847 
483 135 11 15 0.024387311 
487 68 9 11 0.024183817 
651 77 10 13 0.024181303 
840 405 24 24 0.02415666 
861 153 13 17 0.024156021 
882 147 20 24 0.024122732 
867 156 11 14 0.024036286 
639 77 11 13 0.023995906 
604 172 12 14 0.02395361 
938 373 25 32 0.023881013 
624 81 11 14 0.023856603 
965 244 11 16 0.023809314 
728 277 11 14 0.023806024 
922 301 24 28 0.023765665 
889 116 8 10 0.023746248 
803 237 29 36 0.023497812 
579 36 12 15 0.02331673 
606 163 13 16 0.023295937 
756 311 14 19 0.023265589 
694 116 11 14 0.02317673 
630 187 11 15 0.023137517 
727 86 12 15 0.02308877 
968 194 19 23 0.023067525 
948 320 22 32 0.023034671 
917 215 16 23 0.022911385 
1011 228 12 18 0.022863682 
643 257 15 19 0.022800095 
929 115 9 12 0.022730315 
1002 281 22 32 0.022666479 
746 185 24 32 0.022617938 
852 297 14 19 0.022580048 
722 327 22 28 0.022512412 
690 89 7 9 0.022496436 
848 297 26 34 0.022478262 
884 344 24 31 0.022333186 
646 108 11 14 0.022305362 
513 62 10 12 0.022254124 
867 117 10 14 0.022234496 
973 241 16 20 0.02223327 
876 172 12 16 0.022118775 
686 199 12 14 0.022109011 
855 117 18 24 0.022081554 
719 325 12 17 0.022071727 
933 195 14 16 0.021997675 
901 168 14 16 0.021974657 
606 154 14 18 0.0219679 
654 229 24 29 0.021829687 
944 266 21 30 0.021802971 
961 147 12 16 0.02178599 
927 229 24 28 0.0217547 
574 125 9 12 0.021752518 
393 256 26 34 0.021686597 
815 307 23 33 0.02168605 
826 163 15 19 0.021596009 
813 147 11 13 0.02155227 
489 65 9 11 0.021396203 
885 194 24 32 0.02136991 
851 145 22 27 0.021342628 
717 91 10 13 0.021291742 
780 240 27 37 0.021153094 
648 151 20 24 0.021143258 
919 224 15 23 0.021139564 
611 102 14 16 0.02109497 
912 143 8 11 0.021020254 
814 297 15 20 0.020825462 
694 174 19 24 0.020812904 
926 197 12 16 0.020740503 
999 134 11 13 0.02073887 
692 290 13 17 0.02067455 
846 311 26 33 0.020647686 
248 63 9 10 0.020600282 
1004 227 15 18 0.020578895 
984 228 23 30 0.020534787 
679 120 21 24 0.020508176 
772 257 16 21 0.020481776 
677 101 9 11 0.020463146 
597 83 12 15 0.020427437 
886 358 25 32 0.020396316 
191 91 11 13 0.020278985 
835 394 42 42 0.02020695 
905 182 15 19 0.020205561 
953 170 14 17 0.020204073 
655 121 13 18 0.020140821 
899 166 26 29 0.02011155 
714 192 16 21 0.020094855 
621 164 21 27 0.020054087 
736 129 21 24 0.02003308 
716 82 12 15 0.020014428 
1009 236 14 20 0.02000032 
