26_Soldier_Drilling_Soldiers_Drilling_26_893
26
465 82 37 58 0.48393258 
54 480 29 32 0.09238852 
421 83 29 44 0.083091654 
422 420 71 90 0.07839664 
109 463 17 22 0.07815857 
128 445 11 12 0.057388544 
725 424 96 137 0.057305798 
239 331 98 133 0.051811915 
367 378 34 39 0.041988615 
994 12 30 54 0.040455077 
656 437 105 151 0.039960578 
302 538 28 30 0.034583647 
123 480 33 45 0.03264377 
703 474 29 41 0.030138753 
51 492 29 35 0.028874034 
420 94 45 60 0.02748119 
54 482 17 19 0.027301714 
253 273 35 44 0.027010089 
377 394 84 110 0.024491996 
85 183 363 399 0.024109228 
60 477 18 21 0.022579834 
264 370 101 116 0.021976143 
430 268 356 473 0.021809688 
127 450 14 18 0.021643413 
691 461 64 91 0.021295628 
422 445 110 120 0.021108748 
