26_Soldier_Drilling_Soldiers_Drilling_26_262
235
575 273 21 31 0.99590874 
759 326 23 30 0.99367553 
954 292 23 29 0.99053127 
274 293 24 29 0.9901816 
474 311 22 27 0.98687565 
301 210 15 19 0.98524934 
917 283 27 33 0.9852256 
691 278 21 27 0.9845821 
404 193 13 17 0.9821838 
609 275 21 26 0.9812479 
800 285 23 29 0.9797539 
621 318 21 28 0.9775378 
534 266 24 30 0.9724372 
725 281 23 30 0.97007376 
1004 266 21 30 0.96762264 
126 264 22 26 0.9630871 
763 248 20 25 0.9626604 
168 265 23 29 0.9573737 
370 218 14 17 0.9565027 
780 272 22 27 0.95639765 
76 259 24 29 0.95510525 
439 217 15 20 0.9514352 
219 232 17 20 0.9499675 
223 263 20 25 0.9494957 
853 291 21 27 0.94520164 
449 273 21 26 0.944536 
592 241 15 18 0.9166532 
486 243 13 17 0.91283166 
300 266 19 22 0.8938522 
638 281 22 25 0.88674307 
4 260 22 28 0.87768173 
90 213 14 17 0.87741494 
867 254 17 22 0.83947116 
650 233 13 17 0.82517964 
684 221 14 17 0.81857127 
167 211 13 16 0.81427056 
340 259 22 27 0.81224465 
474 227 13 16 0.7876228 
527 217 13 16 0.760777 
965 235 21 26 0.74405867 
124 237 17 20 0.74203396 
241 260 20 24 0.7402226 
37 273 22 26 0.7070125 
60 256 18 23 0.69718546 
206 251 14 19 0.67268586 
353 228 13 16 0.66505635 
512 266 18 23 0.66418433 
149 246 16 21 0.6618413 
496 222 11 14 0.6436564 
428 263 17 22 0.6384695 
421 259 14 20 0.5987198 
803 247 16 18 0.5851708 
460 535 23 34 0.5798591 
392 265 15 21 0.54478556 
323 218 18 20 0.52801025 
586 225 15 18 0.48741317 
521 264 23 28 0.476916 
331 269 15 22 0.46582446 
218 207 14 16 0.4436776 
248 217 15 17 0.44001225 
381 219 13 16 0.34510928 
979 278 16 24 0.26405653 
451 219 12 16 0.2544806 
692 249 22 26 0.2305357 
602 221 13 16 0.19631493 
264 217 13 16 0.19349764 
405 220 10 13 0.16985579 
106 258 15 20 0.16833968 
180 228 13 16 0.16504471 
321 231 21 25 0.16470993 
523 239 15 17 0.15707323 
596 224 16 19 0.15442082 
745 256 16 20 0.1504185 
828 290 15 20 0.14894786 
647 276 19 24 0.14483032 
640 234 13 18 0.14294885 
46 232 16 18 0.14137313 
116 223 10 14 0.14110628 
399 227 11 14 0.13687499 
378 288 17 24 0.13351712 
263 241 13 18 0.12824745 
879 314 15 18 0.125402 
356 286 24 27 0.11537532 
714 235 16 19 0.1107705 
897 290 13 17 0.10642536 
814 286 21 28 0.10578516 
901 242 12 17 0.10138925 
416 258 13 18 0.09897974 
930 250 17 19 0.09242709 
834 288 16 22 0.09010623 
488 301 456 509 0.086889625 
433 265 21 26 0.08438139 
358 498 34 52 0.08111985 
426 254 17 20 0.076100595 
715 264 17 21 0.07313837 
122 242 23 27 0.06923703 
966 289 21 28 0.069042265 
320 226 13 16 0.06870511 
131 60 38 50 0.06844415 
524 223 15 18 0.068261504 
46 211 21 25 0.0678163 
724 242 15 19 0.0673913 
347 266 25 29 0.065040804 
812 259 17 19 0.0626514 
834 250 15 19 0.062232673 
897 271 15 20 0.061127294 
490 237 14 18 0.05950866 
37 248 14 17 0.05938567 
405 497 46 67 0.05832024 
233 262 20 24 0.05646747 
61 213 13 18 0.054111462 
91 221 16 19 0.050697137 
493 218 19 23 0.049972422 
144 244 14 17 0.049874917 
263 257 13 19 0.049701184 
323 259 14 19 0.048731085 
155 204 14 17 0.04850134 
924 255 21 24 0.047810372 
461 220 10 15 0.047624648 
159 261 20 26 0.047037687 
623 278 25 28 0.046526644 
270 637 42 45 0.04617083 
523 246 16 20 0.045911293 
465 274 15 20 0.04535883 
913 255 20 25 0.04437227 
219 475 14 20 0.04391763 
268 98 12 14 0.04366931 
896 278 19 26 0.043650407 
42 239 18 22 0.042605765 
62 245 37 47 0.042537145 
704 256 20 26 0.042330682 
961 272 23 29 0.04219485 
679 216 13 17 0.04131994 
66 260 20 24 0.040285476 
111 256 21 27 0.04022047 
126 43 11 13 0.03969447 
312 260 20 28 0.03953155 
841 281 16 22 0.03950567 
154 244 23 32 0.03912183 
35 42 43 50 0.03908745 
263 225 14 17 0.03902858 
266 187 12 17 0.039025493 
39 206 10 14 0.03844648 
878 284 14 18 0.03719473 
50 260 20 26 0.037185874 
738 259 23 30 0.037111387 
135 87 14 20 0.036986087 
707 241 19 25 0.036726896 
282 45 14 18 0.036331628 
715 247 20 26 0.035890628 
985 276 17 23 0.03580498 
328 224 17 20 0.035791434 
268 183 10 13 0.03563186 
67 212 13 15 0.035538245 
318 234 15 19 0.035526738 
677 245 13 16 0.035172246 
97 212 12 16 0.034853127 
687 253 14 16 0.034118995 
319 213 12 16 0.033821233 
247 252 19 26 0.03379986 
668 213 12 16 0.033581752 
197 254 16 21 0.033299718 
0 263 14 21 0.03323356 
372 293 17 22 0.032446764 
909 278 24 31 0.032119542 
592 276 22 28 0.031714488 
142 228 11 15 0.03167868 
283 237 11 16 0.03166903 
283 273 16 20 0.031402946 
29 616 28 37 0.031255215 
184 60 10 13 0.03068866 
407 254 13 18 0.030412177 
38 211 14 20 0.03021446 
338 268 18 24 0.030192697 
121 71 27 36 0.029765112 
503 266 13 18 0.029725362 
756 69 64 48 0.029063376 
706 266 22 27 0.028508393 
386 215 13 15 0.0277498 
843 288 18 24 0.027709791 
39 218 22 27 0.02767913 
35 252 22 29 0.027500046 
492 265 14 18 0.027166864 
726 265 25 31 0.027038265 
509 275 16 22 0.027001182 
372 487 58 73 0.026650243 
670 215 19 25 0.026351536 
935 287 26 32 0.026216298 
413 242 14 18 0.0261477 
713 271 22 28 0.026121609 
296 198 23 29 0.025912581 
211 237 19 24 0.025904194 
486 265 12 17 0.025755953 
390 225 13 16 0.025544893 
184 53 11 14 0.02544479 
657 233 12 18 0.025391411 
285 292 23 30 0.025377868 
979 290 21 30 0.025359344 
611 221 10 14 0.0253058 
648 7 27 28 0.025039736 
436 523 39 54 0.02494314 
144 147 12 15 0.024863962 
370 283 17 23 0.024804028 
138 79 17 23 0.024352496 
130 231 16 18 0.024172679 
730 253 22 28 0.02416014 
176 232 13 17 0.024093501 
419 244 15 18 0.02399347 
215 200 12 15 0.023680761 
411 191 11 14 0.023573356 
276 93 11 14 0.0234969 
565 127 8 11 0.023431059 
119 264 16 20 0.022955993 
3 252 17 23 0.022943625 
634 291 20 24 0.022903003 
185 258 18 22 0.02245048 
11 627 32 31 0.022317488 
550 236 14 18 0.022138782 
44 207 13 15 0.021886729 
228 209 12 16 0.021743389 
202 198 22 26 0.021709694 
196 209 15 18 0.02149439 
80 212 10 14 0.021462873 
397 232 12 15 0.021455474 
677 232 13 18 0.021236189 
955 263 24 28 0.02080784 
112 222 19 24 0.020593062 
329 250 23 29 0.020439709 
898 532 35 46 0.020385334 
141 237 11 15 0.020381412 
103 45 12 15 0.02031914 
285 106 10 15 0.020183245 
726 245 21 26 0.02009036 
334 231 20 25 0.020054085 
264 206 13 18 0.020022236 
