26_Soldier_Drilling_Soldiers_Drilling_26_64
30
455 179 52 64 0.9996815 
662 165 49 63 0.99929833 
586 191 27 32 0.9833872 
51 162 47 57 0.9496127 
762 182 14 20 0.18783055 
685 338 21 28 0.18626738 
265 179 16 19 0.13438267 
835 193 15 19 0.123256125 
538 166 25 30 0.11709385 
676 345 25 34 0.08532608 
334 224 46 58 0.07808807 
19 156 42 52 0.07544025 
363 410 21 29 0.071872145 
668 359 26 30 0.065339975 
800 145 12 16 0.04997106 
370 401 16 22 0.040441032 
630 365 25 36 0.037832446 
274 180 14 19 0.034791265 
616 341 43 53 0.029413054 
669 371 17 22 0.02835732 
788 199 11 13 0.027308654 
385 239 9 12 0.026192494 
315 200 17 21 0.026079826 
778 251 27 27 0.025910933 
353 181 16 17 0.02470064 
823 196 11 15 0.024149029 
261 185 23 26 0.022654586 
748 185 23 28 0.02111829 
635 364 16 19 0.02052149 
832 200 12 16 0.020107357 
