26_Soldier_Drilling_Soldiers_Drilling_26_719
45
460 213 33 38 0.9093322 
815 244 25 26 0.8039558 
115 254 22 27 0.7995017 
51 241 27 32 0.35165238 
60 197 22 27 0.18959327 
377 246 25 31 0.12669471 
435 253 16 18 0.11889849 
805 247 16 20 0.095748074 
124 251 22 28 0.09013996 
967 371 33 36 0.089891866 
212 144 17 21 0.06717077 
772 282 12 13 0.06524549 
66 240 16 22 0.05938173 
449 211 30 34 0.05614538 
504 31 12 15 0.05149257 
994 402 17 20 0.047910377 
365 238 41 55 0.04759031 
985 389 26 32 0.043035697 
105 251 36 45 0.0419024 
989 371 26 38 0.04009414 
644 446 52 57 0.03891742 
804 248 28 30 0.037115596 
586 144 446 499 0.0368531 
993 424 14 19 0.03447403 
111 262 15 22 0.03089816 
435 247 26 30 0.030821422 
132 238 12 16 0.030802911 
777 299 17 19 0.030346878 
389 271 39 58 0.030203858 
650 103 34 35 0.029982477 
288 495 8 10 0.02867216 
5 227 22 35 0.026230538 
192 293 42 52 0.026022788 
257 511 10 12 0.025772048 
833 235 15 19 0.025493408 
727 78 29 35 0.024976399 
853 299 11 13 0.024854224 
979 410 28 34 0.024664367 
239 504 9 11 0.02465526 
804 256 15 18 0.023254128 
293 480 8 10 0.023225771 
124 243 16 20 0.022725327 
116 246 16 20 0.02086371 
4 219 37 52 0.020820204 
678 192 29 27 0.020753536 
