26_Soldier_Drilling_Soldiers_Drilling_26_223
63
615 98 28 34 0.99903405 
719 103 34 42 0.99757177 
912 111 38 45 0.99725914 
276 111 29 34 0.9969194 
513 75 39 43 0.9908664 
383 110 26 29 0.98219556 
204 123 22 26 0.9683981 
406 93 25 33 0.96392107 
16 129 20 23 0.9508444 
128 152 16 19 0.94241536 
89 129 22 27 0.90030265 
163 140 20 22 0.8277803 
465 108 23 30 0.6252483 
396 102 27 34 0.61050475 
671 142 21 28 0.36002955 
223 240 14 19 0.27776858 
201 187 14 18 0.2398914 
343 235 12 15 0.175914 
65 135 11 14 0.15501168 
572 235 24 32 0.14694528 
135 246 10 13 0.14415424 
316 247 13 16 0.09777693 
623 181 19 22 0.09299356 
77 177 16 21 0.09000891 
469 103 17 21 0.07281868 
680 138 14 19 0.07029601 
703 132 12 17 0.06412358 
49 244 11 15 0.062697776 
623 169 28 29 0.060055684 
439 108 20 27 0.053851828 
492 111 13 18 0.05335319 
474 104 24 30 0.050868344 
111 140 11 17 0.048071966 
211 204 11 15 0.040900327 
363 128 15 19 0.040868398 
65 135 17 22 0.040313803 
85 185 11 14 0.03980249 
461 117 32 41 0.03604949 
211 173 11 14 0.03537809 
203 200 16 19 0.034635592 
422 158 26 36 0.032018557 
157 201 13 16 0.03197421 
404 151 37 50 0.030904138 
63 144 12 17 0.030807266 
451 109 20 28 0.030478526 
485 106 22 27 0.02989957 
664 142 16 21 0.029458392 
20 174 9 13 0.028146464 
576 140 11 14 0.02797113 
54 148 11 14 0.02741402 
701 125 23 29 0.026436763 
199 127 16 20 0.026365744 
323 252 11 14 0.023830324 
154 198 11 15 0.023724059 
75 192 16 17 0.022322636 
96 141 16 21 0.02169325 
210 180 12 16 0.021357635 
668 149 29 39 0.02118944 
375 112 16 22 0.02106335 
414 256 42 49 0.0208827 
155 207 16 18 0.020413287 
94 206 9 12 0.020313034 
95 212 10 13 0.020307511 
