26_Soldier_Drilling_Soldiers_Drilling_26_991
75
348 102 12 15 0.76010907 
305 92 12 16 0.71956116 
215 119 11 15 0.5437075 
479 97 10 13 0.42476746 
837 62 12 16 0.28300437 
702 78 9 12 0.2430045 
784 65 11 15 0.23650402 
456 -19 491 328 0.23342939 
631 84 9 12 0.19048724 
553 96 8 10 0.12918149 
229 87 10 13 0.09656429 
586 86 9 12 0.09029478 
864 95 8 10 0.08707154 
438 103 10 13 0.07741253 
245 122 9 11 0.0631205 
173 121 9 11 0.06306344 
664 77 10 14 0.057841197 
370 97 192 258 0.048272036 
296 76 11 14 0.046192523 
729 84 9 12 0.046129286 
730 80 9 11 0.04578561 
511 95 8 10 0.04506492 
352 85 9 11 0.041269865 
670 77 9 13 0.03893866 
270 95 9 12 0.0376568 
470 111 8 11 0.037528157 
225 90 10 14 0.034415226 
609 92 9 11 0.034273073 
294 82 11 14 0.034126505 
169 123 9 12 0.033876285 
273 111 9 12 0.03190171 
474 99 9 12 0.028262706 
841 65 13 17 0.027305134 
265 94 10 13 0.02698083 
272 100 9 11 0.026733005 
868 95 8 10 0.026693393 
287 93 10 13 0.026579535 
542 102 8 10 0.026565125 
207 136 8 10 0.02632565 
169 108 8 10 0.02604701 
381 61 9 12 0.025751488 
288 101 9 12 0.025613772 
168 102 9 12 0.025436858 
511 89 8 11 0.024915483 
836 72 13 16 0.024804143 
295 111 8 9 0.024423279 
835 56 13 15 0.024328938 
952 132 13 16 0.023901027 
327 53 11 14 0.02371994 
561 109 8 11 0.023524644 
752 53 9 13 0.023423314 
475 95 10 12 0.02340594 
264 110 10 13 0.02332784 
344 124 10 11 0.023178227 
264 77 9 13 0.023152666 
551 68 297 198 0.022862846 
303 111 9 10 0.022166274 
559 101 8 10 0.022152178 
870 101 8 12 0.022147268 
296 70 10 14 0.021924479 
294 119 8 10 0.021676779 
504 102 8 11 0.02164703 
512 100 8 10 0.021632085 
542 87 8 10 0.021623086 
822 66 12 17 0.021417093 
213 95 10 12 0.021208173 
687 87 8 10 0.021207893 
720 87 10 12 0.021190656 
295 151 9 12 0.021133723 
209 96 8 11 0.020983234 
475 92 19 23 0.020949334 
278 117 8 10 0.020889113 
697 83 10 12 0.020659423 
799 29 10 12 0.020655636 
946 46 10 12 0.020244928 
