26_Soldier_Drilling_Soldiers_Drilling_26_31
48
662 197 39 44 0.99607 
531 214 37 43 0.9926658 
234 188 37 43 0.99090356 
807 160 40 49 0.97601694 
382 176 37 47 0.9730056 
315 384 15 21 0.24080981 
703 194 24 32 0.123346075 
841 163 24 31 0.11821843 
863 177 21 30 0.081747904 
250 286 17 22 0.078426294 
391 613 30 29 0.065731876 
556 220 28 36 0.05635964 
609 190 12 14 0.04909696 
197 106 34 41 0.04874312 
672 123 11 14 0.04640759 
383 113 38 51 0.04382814 
463 222 30 38 0.043347795 
764 184 28 38 0.040733494 
509 215 29 34 0.03611308 
844 5 44 55 0.032187432 
788 161 30 37 0.03194413 
192 157 44 51 0.031802386 
435 67 47 74 0.02950596 
497 196 17 20 0.02930393 
315 279 13 18 0.028829755 
404 146 22 27 0.02771317 
208 97 29 35 0.026275648 
597 259 15 20 0.025950085 
391 114 23 30 0.025771763 
309 399 16 24 0.024835918 
639 126 8 11 0.024355592 
518 276 27 36 0.024308605 
597 38 9 11 0.024286976 
246 270 29 40 0.023804866 
415 187 26 32 0.023191663 
606 192 22 27 0.023069993 
156 134 23 28 0.023032648 
226 111 32 42 0.02293631 
598 31 8 10 0.022711912 
569 225 18 24 0.021974875 
706 177 27 34 0.021839676 
729 31 9 12 0.021469586 
424 177 25 31 0.0213237 
291 204 25 36 0.021117955 
576 47 9 10 0.020868776 
614 39 7 9 0.020696307 
274 186 25 35 0.020514155 
103 141 23 29 0.02027354 
