26_Soldier_Drilling_Soldiers_Drilling_26_942
36
100 196 38 47 0.94270104 
355 198 41 45 0.89928615 
347 135 20 31 0.5389021 
781 223 112 131 0.39901596 
217 202 39 52 0.32308868 
82 305 28 31 0.26108378 
84 198 34 41 0.12870784 
293 271 29 42 0.12403431 
357 136 20 28 0.09249849 
373 136 15 24 0.07549197 
634 34 34 34 0.072303265 
833 255 66 68 0.071708776 
285 106 15 17 0.062132854 
397 91 15 18 0.056128275 
202 216 43 51 0.053612318 
146 452 9 13 0.042050734 
256 478 118 102 0.037017435 
524 41 366 404 0.035363246 
711 101 125 144 0.034751065 
190 230 44 50 0.034102663 
730 140 174 224 0.033856064 
64 601 26 38 0.032557756 
617 57 226 255 0.030815514 
622 64 109 129 0.030779216 
93 415 14 16 0.030098055 
83 207 17 22 0.028588222 
855 282 38 42 0.028343396 
618 35 54 67 0.025627699 
636 78 59 72 0.024771249 
235 406 14 17 0.023568178 
230 412 13 18 0.02304438 
758 36 21 29 0.021779796 
80 314 14 19 0.021400135 
511 146 11 14 0.020902986 
232 217 28 46 0.020520298 
70 327 10 14 0.02028309 
