26_Soldier_Drilling_Soldiers_Drilling_26_390
20
461 202 61 75 0.40664676 
369 420 97 118 0.3828632 
460 175 47 64 0.16131024 
462 169 28 44 0.055093717 
374 397 43 45 0.053944554 
673 479 32 36 0.041329432 
625 413 10 12 0.03992234 
216 151 30 31 0.039166484 
460 220 40 47 0.02927695 
370 404 61 71 0.029149367 
402 13 28 30 0.02767258 
445 339 412 427 0.027324924 
610 485 39 37 0.026830958 
76 406 27 31 0.025859747 
410 423 98 121 0.023279972 
370 44 12 14 0.02305443 
528 76 25 39 0.02298214 
428 19 13 16 0.021855574 
617 410 246 295 0.02140318 
488 163 57 63 0.020230405 
