26_Soldier_Drilling_Soldiers_Drilling_26_307
44
415 357 26 27 0.97838277 
173 374 22 25 0.63406485 
260 344 24 30 0.622604 
905 338 25 28 0.61693716 
449 172 17 21 0.2879191 
529 362 18 26 0.26494715 
81 396 19 22 0.12532651 
291 364 22 28 0.10795073 
428 187 45 65 0.102897234 
282 355 16 20 0.07563928 
221 377 16 20 0.074962616 
307 363 14 22 0.07399062 
490 157 18 23 0.0651931 
275 352 16 21 0.05831292 
435 181 32 43 0.056379624 
283 357 24 29 0.05502889 
400 317 10 13 0.055012126 
165 492 250 180 0.05385223 
731 358 12 15 0.04937941 
65 388 27 33 0.04087085 
3 256 27 45 0.04000988 
282 72 44 54 0.039894756 
229 616 53 57 0.03290379 
265 342 38 47 0.03289141 
40 336 18 25 0.032636262 
216 379 13 16 0.029647106 
252 345 19 25 0.029429825 
422 248 389 518 0.029040763 
459 242 12 16 0.027256202 
214 385 16 19 0.027219154 
261 209 401 485 0.026253546 
175 383 26 29 0.02622699 
309 363 22 32 0.024912067 
441 173 11 15 0.024383605 
178 365 18 22 0.024197036 
515 395 12 15 0.024190305 
284 353 37 46 0.024072327 
983 277 40 57 0.022957513 
182 529 145 118 0.022323532 
243 461 11 13 0.021113293 
219 390 17 20 0.020775892 
537 368 27 27 0.020751057 
3 343 33 44 0.020232737 
311 547 142 125 0.02020141 
