52_Photographers_taketouristphotos_52_328
677
240 140 149 198 0.99829584 
899 651 12 15 0.28364065 
902 605 16 18 0.26568723 
819 575 14 18 0.22354022 
989 621 12 15 0.21156241 
607 475 10 13 0.197837 
920 524 12 14 0.17168738 
910 697 15 17 0.1659102 
703 470 9 10 0.1637557 
970 526 10 11 0.15002245 
781 470 8 10 0.1468749 
885 619 12 14 0.14298607 
659 518 12 15 0.1417544 
923 605 13 16 0.14074333 
30 680 16 21 0.1383308 
687 494 9 12 0.13694686 
962 638 12 15 0.13258302 
744 495 9 12 0.12991205 
703 495 10 11 0.12561563 
980 643 13 15 0.12271805 
689 464 7 9 0.12187319 
749 495 9 11 0.118441746 
725 657 12 14 0.118345864 
679 478 9 11 0.10908118 
903 562 14 15 0.10817667 
941 584 13 17 0.106311075 
927 729 13 18 0.10544954 
909 464 9 11 0.10502968 
885 572 11 14 0.10485085 
967 619 13 15 0.09840098 
916 549 13 14 0.09815857 
941 596 14 15 0.09598787 
1 667 17 20 0.09526731 
655 480 9 10 0.095037654 
781 656 15 18 0.09362947 
719 511 11 14 0.09158431 
812 608 13 15 0.08993695 
907 588 12 13 0.089565426 
765 520 11 12 0.08944929 
692 507 10 12 0.08930777 
965 666 11 14 0.08750964 
701 520 10 12 0.08691399 
785 650 15 18 0.08623803 
740 522 13 14 0.086117744 
894 645 13 16 0.08551767 
672 507 10 13 0.08200736 
779 547 13 15 0.08147693 
799 663 14 18 0.08060858 
679 503 9 11 0.07958074 
924 519 11 13 0.07812368 
903 597 15 16 0.07742833 
769 502 9 11 0.07709849 
671 494 9 11 0.07665186 
678 472 9 11 0.07621638 
721 456 9 10 0.076110914 
939 532 12 13 0.075757764 
648 496 8 11 0.07556932 
509 564 13 15 0.075379975 
791 508 10 11 0.07451478 
760 432 8 10 0.073801085 
734 564 10 12 0.07350909 
939 561 14 15 0.07294189 
1000 547 11 13 0.07232649 
661 447 8 10 0.071324594 
687 501 11 14 0.070469916 
711 446 8 10 0.0702157 
734 492 11 13 0.06974329 
772 596 11 13 0.06973152 
624 456 8 11 0.06967634 
985 627 13 16 0.06941793 
884 636 15 19 0.06870465 
623 479 12 14 0.06848673 
698 432 8 9 0.06775327 
751 595 13 16 0.06682198 
818 470 7 10 0.066591114 
990 716 8 11 0.06651712 
991 655 12 15 0.06641603 
627 483 12 14 0.066411875 
631 456 9 11 0.06357446 
778 464 8 10 0.063374706 
759 487 9 11 0.06334214 
806 611 13 14 0.0632319 
977 573 16 17 0.06318938 
920 610 13 17 0.06303681 
783 635 15 17 0.0626509 
881 432 7 9 0.062302522 
658 454 8 10 0.06227 
816 463 8 10 0.0621657 
753 486 8 11 0.062137797 
761 470 9 10 0.06156513 
768 494 9 11 0.06113388 
491 612 13 15 0.06072575 
592 461 10 12 0.060528394 
590 469 9 11 0.060506884 
742 471 9 10 0.060442053 
760 519 11 13 0.060154486 
678 453 9 10 0.05990331 
764 541 10 13 0.0598793 
990 614 11 15 0.059671335 
960 536 9 12 0.059112925 
943 500 11 12 0.05852908 
852 618 14 17 0.05839435 
861 621 10 14 0.057847705 
733 487 11 13 0.057297524 
756 571 12 14 0.05657285 
572 501 13 15 0.056090675 
935 511 9 11 0.056033205 
768 454 9 11 0.055624828 
750 572 13 15 0.0553302 
673 470 9 11 0.055206586 
568 500 10 12 0.055182178 
793 465 8 10 0.05508479 
896 415 8 10 0.055061314 
858 588 14 16 0.05484523 
786 644 15 17 0.05484156 
694 495 9 11 0.05474743 
793 487 8 9 0.054721415 
794 494 8 11 0.05442974 
648 518 11 15 0.054367047 
761 465 8 9 0.054159164 
696 470 8 10 0.05387623 
704 499 10 12 0.053609606 
602 471 9 11 0.053467724 
941 528 11 12 0.053381443 
708 470 9 11 0.053342126 
15 642 11 14 0.05309687 
909 582 13 15 0.05201807 
662 463 9 11 0.05178704 
680 494 9 11 0.05170615 
516 564 13 15 0.05158459 
734 509 11 12 0.051434077 
951 518 11 12 0.051355325 
571 495 11 13 0.050875567 
966 533 11 12 0.050759997 
728 470 9 11 0.050355382 
636 519 13 16 0.05030682 
943 684 13 14 0.050246157 
537 654 16 21 0.05012842 
690 628 14 16 0.04996169 
632 511 9 11 0.049659386 
696 524 10 11 0.049551614 
687 469 8 10 0.04932953 
785 455 8 9 0.049124736 
872 594 13 16 0.049107436 
606 504 10 11 0.04907898 
779 666 15 18 0.049047317 
776 544 12 13 0.04902894 
935 582 13 16 0.04901248 
719 658 11 14 0.048935402 
65 667 15 17 0.048808433 
736 518 12 15 0.048808254 
601 476 10 12 0.048664406 
829 591 14 18 0.048568662 
909 448 9 10 0.04848401 
783 502 9 12 0.04799188 
648 508 11 14 0.04764382 
971 476 11 13 0.046938322 
681 485 9 11 0.046918783 
839 479 10 13 0.046693698 
792 502 10 13 0.04669229 
896 438 8 10 0.0466644 
816 478 10 11 0.046599574 
782 464 8 10 0.046589155 
685 488 9 10 0.046186484 
597 520 11 13 0.046181273 
964 540 12 13 0.04616649 
582 486 9 11 0.046132088 
22 706 13 17 0.045877397 
711 478 8 10 0.045853876 
896 612 12 16 0.045720015 
953 541 9 13 0.045609936 
734 431 8 9 0.045442406 
662 495 10 11 0.045361456 
661 480 8 10 0.04526975 
507 570 15 17 0.045267597 
639 485 10 11 0.04526634 
991 531 11 13 0.045260537 
645 460 9 11 0.045045182 
964 570 13 15 0.044980306 
750 525 9 12 0.04486107 
594 438 8 10 0.04482852 
760 533 11 13 0.044822276 
735 470 8 10 0.04481915 
712 440 8 11 0.044740073 
1012 714 10 16 0.044738974 
928 438 9 10 0.044633556 
760 620 11 13 0.044630013 
907 556 14 16 0.04460967 
752 479 8 10 0.044455428 
875 635 16 21 0.044387486 
676 527 13 15 0.044329092 
623 439 8 10 0.04418894 
766 565 12 15 0.04418083 
654 502 9 11 0.04412323 
487 625 14 18 0.04393275 
989 527 11 13 0.043813255 
728 439 9 10 0.0437943 
891 677 14 17 0.04344915 
639 460 10 12 0.042941477 
710 501 8 11 0.04285021 
611 477 10 13 0.042734683 
671 488 9 11 0.04262408 
720 494 9 11 0.042565558 
615 454 8 11 0.04255548 
934 630 12 15 0.042453542 
968 431 7 9 0.0423694 
739 532 13 16 0.042347364 
905 467 9 11 0.042125426 
937 539 11 14 0.042038865 
766 488 9 11 0.041926116 
791 556 12 15 0.04190174 
807 455 7 9 0.041898265 
674 453 8 10 0.041897155 
887 567 12 14 0.041827872 
36 721 16 20 0.041492037 
697 454 8 10 0.041402165 
828 621 12 14 0.0413356 
672 464 8 9 0.04119713 
860 580 13 15 0.04103173 
785 507 9 13 0.041019052 
821 478 10 11 0.04097929 
545 616 14 17 0.040678285 
875 589 13 15 0.040505715 
863 557 12 15 0.04049664 
694 463 8 11 0.040361006 
928 432 9 10 0.040329304 
914 415 8 9 0.04029721 
870 439 8 9 0.03993425 
696 477 8 11 0.039915472 
999 707 11 16 0.03974522 
674 447 8 10 0.039571118 
918 415 9 11 0.039525103 
727 445 9 11 0.039247267 
608 507 11 14 0.03906995 
627 681 15 18 0.038824797 
796 509 10 11 0.03877641 
948 582 11 14 0.03876706 
646 455 9 11 0.038684316 
765 621 13 15 0.038682643 
724 514 11 14 0.038636178 
605 495 9 11 0.038611878 
883 626 15 19 0.038574025 
758 479 9 11 0.038217217 
1006 526 10 12 0.03783583 
671 533 10 13 0.03782462 
782 494 8 10 0.037823662 
661 532 12 15 0.037820417 
935 423 8 10 0.037676025 
27 652 13 15 0.03746802 
884 738 14 15 0.03743861 
685 479 9 10 0.03737484 
750 500 9 12 0.03730364 
973 565 14 16 0.037284587 
684 667 13 15 0.03727351 
624 686 12 15 0.037133407 
639 469 9 12 0.037070837 
959 661 13 15 0.037059758 
900 525 11 13 0.036942217 
727 462 9 11 0.03680224 
847 519 10 12 0.036689598 
628 501 10 11 0.036687236 
981 635 15 18 0.03654793 
877 603 14 16 0.036492977 
848 439 8 9 0.036349934 
703 454 8 10 0.036305327 
990 595 12 15 0.036183417 
735 464 9 10 0.036148697 
567 439 9 11 0.03608259 
803 570 14 19 0.035907276 
679 463 8 10 0.035869904 
751 446 8 10 0.03571352 
935 516 9 11 0.035713267 
637 510 11 13 0.035693433 
783 525 11 13 0.03567932 
753 589 15 18 0.03556299 
846 612 13 14 0.035558484 
819 514 13 17 0.035535537 
772 621 12 14 0.035459347 
852 603 14 16 0.035419222 
731 589 12 15 0.03533747 
727 493 9 12 0.035232864 
773 501 10 12 0.03500823 
893 564 12 14 0.034918725 
833 470 9 12 0.03491524 
972 519 10 12 0.03487997 
869 664 15 20 0.034808036 
882 438 7 9 0.034745365 
924 619 13 15 0.034680683 
831 463 8 9 0.03461426 
673 432 7 8 0.03461181 
949 495 9 10 0.03452961 
639 478 10 13 0.03435265 
704 476 9 11 0.034171976 
800 455 7 10 0.034131944 
648 485 8 11 0.034067255 
855 594 15 17 0.033927996 
678 432 8 8 0.033898994 
951 667 12 15 0.03375952 
663 469 8 10 0.0337503 
929 446 9 11 0.03354266 
870 633 14 20 0.03352913 
628 493 11 13 0.033349827 
941 509 10 12 0.03333377 
798 534 11 14 0.03330973 
758 504 9 11 0.03320623 
844 580 11 15 0.03314466 
769 448 9 11 0.033125523 
528 642 13 15 0.033078246 
848 523 11 13 0.032952867 
714 614 12 14 0.032831762 
735 446 9 11 0.032773986 
697 437 9 11 0.03270154 
744 596 12 14 0.032670043 
830 440 8 9 0.032657616 
675 637 13 15 0.032622565 
590 478 9 12 0.03255876 
591 455 10 12 0.032534022 
903 584 11 14 0.03252156 
765 589 12 15 0.032472085 
609 455 8 11 0.032471113 
951 626 10 13 0.032372776 
959 595 13 15 0.032281462 
696 448 8 9 0.032219525 
656 462 9 11 0.032087136 
951 414 8 9 0.032085273 
943 462 11 13 0.03196756 
565 472 8 10 0.03194775 
788 550 12 15 0.031907808 
934 493 10 12 0.031850725 
843 657 16 19 0.031813957 
799 469 8 10 0.03176242 
902 432 8 9 0.03174353 
582 491 10 13 0.031667486 
997 611 13 15 0.03160263 
595 541 15 18 0.031502407 
822 463 10 10 0.031444658 
798 517 10 12 0.031318717 
597 461 9 11 0.031311326 
963 678 12 14 0.031263053 
591 518 11 14 0.03125396 
929 487 9 11 0.0312319 
790 619 11 14 0.03111084 
939 547 14 15 0.031103594 
710 516 11 14 0.031085381 
654 495 9 11 0.031004062 
841 430 8 9 0.03099861 
896 433 8 10 0.030925732 
999 595 13 17 0.030912582 
797 463 8 11 0.030884467 
982 610 13 15 0.030862136 
735 454 9 10 0.030814487 
670 515 11 14 0.03074143 
980 565 12 15 0.030691927 
614 485 9 12 0.030636182 
920 406 9 9 0.030582616 
526 609 12 15 0.030562852 
748 541 11 15 0.030537883 
576 462 8 9 0.030481799 
711 510 11 13 0.03043917 
744 476 9 10 0.030402701 
915 564 13 15 0.030366978 
796 715 12 15 0.030341487 
743 447 8 9 0.030323789 
878 610 14 17 0.030292101 
757 614 13 14 0.030166585 
774 447 8 10 0.030164745 
744 423 8 10 0.030130392 
1002 540 13 16 0.030090135 
727 487 10 12 0.030050525 
905 571 10 12 0.03002113 
845 606 12 14 0.030016623 
808 463 8 10 0.029984176 
751 439 8 10 0.029853808 
887 447 8 10 0.029790731 
525 564 16 19 0.029782694 
838 581 12 15 0.029770106 
964 626 14 17 0.029678946 
748 548 11 14 0.02966955 
925 554 12 15 0.029630162 
950 524 10 12 0.029629996 
831 613 12 14 0.029568445 
981 660 13 15 0.029565683 
919 618 12 15 0.029554656 
885 432 8 9 0.029515697 
912 492 10 12 0.029443739 
718 478 8 10 0.029429339 
655 522 12 13 0.029397799 
766 463 8 10 0.02935193 
940 572 14 16 0.029344609 
935 439 8 10 0.029318526 
821 471 9 11 0.029309029 
823 456 8 10 0.029177632 
846 563 12 16 0.029162858 
991 557 10 13 0.029103043 
916 579 13 15 0.029089572 
901 415 8 10 0.029070344 
645 470 10 11 0.028924659 
951 486 9 11 0.028858688 
895 556 12 15 0.02884386 
824 572 15 18 0.028825426 
646 479 10 12 0.028810473 
825 446 8 10 0.028776644 
608 483 9 12 0.028721707 
655 470 9 11 0.028670916 
709 659 11 15 0.028563477 
860 614 12 15 0.028525678 
800 439 8 9 0.02841753 
913 423 8 8 0.028354982 
896 420 9 10 0.028274763 
641 500 9 12 0.028238088 
687 424 8 9 0.028187241 
826 439 8 10 0.028180772 
972 531 10 12 0.028179927 
492 675 11 14 0.028104834 
911 502 10 13 0.028076272 
793 480 9 10 0.027961519 
855 475 10 11 0.027947115 
782 486 9 12 0.027939102 
841 424 8 10 0.027909148 
935 447 9 9 0.027848927 
783 606 12 14 0.02775568 
926 582 11 14 0.027728748 
742 653 10 13 0.027500998 
723 669 13 16 0.02740608 
686 447 8 10 0.027401373 
979 651 14 16 0.027281068 
901 530 11 14 0.027278362 
899 615 14 18 0.02721993 
972 612 13 15 0.027152285 
848 432 7 9 0.027135715 
714 431 8 9 0.027100129 
765 432 9 10 0.027051577 
918 658 16 18 0.02696758 
676 664 16 20 0.026953354 
617 733 24 29 0.026905267 
490 619 15 19 0.026850136 
608 430 8 10 0.026844779 
807 448 8 9 0.02684366 
855 432 8 9 0.026834987 
674 439 7 9 0.026819367 
788 577 14 18 0.026785169 
942 456 10 11 0.026741765 
936 527 10 12 0.026711285 
836 612 13 15 0.026678964 
667 628 16 19 0.026653705 
886 439 9 10 0.026637692 
599 486 10 11 0.026630675 
909 572 13 14 0.026604706 
772 518 10 12 0.026583202 
915 573 13 15 0.02654366 
839 455 8 10 0.02650086 
674 477 8 11 0.026463684 
846 571 12 14 0.026462197 
918 422 7 8 0.026408056 
921 401 8 9 0.026398757 
980 587 14 16 0.026369292 
780 477 10 11 0.026361423 
920 456 8 10 0.026295684 
676 517 12 14 0.026250353 
897 409 8 10 0.026232477 
894 655 15 19 0.026179058 
974 439 9 11 0.026154915 
720 487 9 11 0.026126271 
896 586 11 15 0.02612237 
760 492 9 11 0.026065249 
798 626 14 17 0.02603501 
927 454 8 10 0.02603022 
774 494 9 11 0.025952566 
798 619 13 14 0.025887066 
703 488 10 11 0.025829148 
900 517 11 13 0.025754863 
648 447 8 10 0.025747815 
984 531 10 14 0.025745578 
923 530 12 14 0.025725916 
562 502 9 10 0.025718935 
929 492 10 12 0.025660213 
702 439 9 10 0.025651094 
559 476 9 11 0.025648199 
952 534 9 12 0.025635952 
934 431 8 9 0.02555696 
793 430 9 10 0.025502948 
662 486 9 11 0.025491465 
899 548 13 15 0.025451265 
1013 662 10 14 0.025417857 
939 628 13 16 0.02537222 
973 542 10 13 0.025265055 
795 636 13 15 0.025264654 
952 440 9 9 0.025214499 
790 533 12 14 0.025212102 
614 492 10 12 0.025205903 
864 432 7 9 0.025181675 
1014 612 10 13 0.025164953 
960 682 12 14 0.025163567 
935 639 15 20 0.025129475 
552 478 10 12 0.025104897 
806 479 9 11 0.025066571 
756 581 13 15 0.02503452 
830 657 15 17 0.024957236 
709 463 9 11 0.024943275 
718 532 12 16 0.02487997 
920 462 8 11 0.02480625 
998 603 15 18 0.024783002 
608 446 9 11 0.02475332 
927 509 11 13 0.024714164 
740 565 10 13 0.024707966 
836 588 14 17 0.024637546 
809 501 9 12 0.024599466 
863 455 9 11 0.024527034 
631 470 10 11 0.024514921 
686 525 10 12 0.024505343 
780 618 13 15 0.024484495 
767 437 8 10 0.024475856 
486 605 14 17 0.024458935 
996 659 10 14 0.02440938 
672 525 10 14 0.024292639 
733 596 11 12 0.024289664 
909 543 13 15 0.02428253 
892 487 10 12 0.024234898 
885 556 11 14 0.024194062 
744 602 12 15 0.024191374 
867 620 13 16 0.0241542 
648 439 8 9 0.02413174 
942 517 10 12 0.023971723 
638 446 9 10 0.02393443 
990 563 10 13 0.023908637 
831 445 8 10 0.023902375 
632 446 9 10 0.023856351 
701 578 14 15 0.023850242 
764 580 13 16 0.023839766 
765 547 11 14 0.02380327 
837 471 10 12 0.023799298 
781 552 13 17 0.023796314 
23 681 14 19 0.02375758 
51 599 17 17 0.023749907 
577 531 13 15 0.023732731 
742 463 8 11 0.02368925 
710 485 9 11 0.023679692 
397 279 77 58 0.02363563 
751 453 9 10 0.023617098 
959 572 12 14 0.023612736 
592 446 9 11 0.023608532 
909 509 10 12 0.023539662 
27 708 22 26 0.023514954 
702 509 11 13 0.023512475 
648 423 8 10 0.023473365 
858 601 14 18 0.023429599 
662 502 9 11 0.023413228 
816 456 7 9 0.023392739 
881 557 10 12 0.02338604 
933 622 11 14 0.023305314 
623 445 9 11 0.023274833 
2 620 13 17 0.023274237 
525 636 14 16 0.023270272 
683 641 13 16 0.02325531 
575 548 13 16 0.02323198 
863 635 12 19 0.023195524 
733 439 9 10 0.023132293 
675 617 14 17 0.023080194 
580 508 12 14 0.02307995 
743 573 12 16 0.023073135 
621 510 10 11 0.023069626 
799 479 10 11 0.023044359 
1016 502 8 13 0.023039222 
752 620 10 12 0.022969121 
709 495 9 11 0.022959515 
866 672 16 19 0.02292742 
818 605 13 16 0.022911776 
927 416 8 9 0.022909664 
968 511 9 11 0.02290849 
804 565 12 15 0.022902422 
832 392 8 9 0.022844793 
891 691 14 17 0.02284433 
927 627 13 15 0.022783028 
725 646 14 17 0.022771519 
782 531 13 14 0.022739016 
855 439 8 8 0.022704162 
575 613 10 13 0.022667909 
527 463 10 11 0.022654656 
649 431 8 9 0.02259143 
606 516 10 13 0.022558058 
823 626 12 15 0.022546718 
704 447 8 9 0.022503663 
334 227 131 128 0.022480821 
596 534 14 17 0.022441959 
598 502 10 11 0.022427035 
733 675 12 14 0.022410056 
687 518 9 12 0.022409191 
687 539 12 14 0.022398528 
783 449 8 9 0.022384437 
953 445 9 10 0.022339195 
752 432 8 10 0.022337748 
720 471 8 11 0.022333503 
734 478 10 11 0.022281805 
922 549 12 15 0.022274027 
726 581 12 16 0.022265062 
783 518 11 13 0.022221766 
607 406 8 10 0.02221992 
699 634 14 18 0.02221876 
832 456 8 9 0.022034 
598 456 8 11 0.02200762 
930 423 8 8 0.022005389 
731 549 13 15 0.022003151 
615 430 8 10 0.021996858 
873 400 8 8 0.021890586 
965 605 11 14 0.02183244 
584 461 8 10 0.02181626 
687 617 13 18 0.021813272 
894 617 12 16 0.021796793 
815 431 8 9 0.021777749 
984 519 9 11 0.021762444 
678 439 8 9 0.021736542 
663 423 8 10 0.021722535 
870 423 8 10 0.021713153 
871 432 7 9 0.021648917 
975 660 13 17 0.02163277 
887 398 8 10 0.021598615 
961 422 9 10 0.021585563 
959 446 8 10 0.021546414 
647 547 12 14 0.021544706 
806 440 8 9 0.021536257 
840 438 8 10 0.021518575 
975 606 11 15 0.021512983 
857 447 8 9 0.021472868 
987 643 14 16 0.021458216 
949 463 8 11 0.021447975 
790 539 13 15 0.021392537 
567 488 10 12 0.021389816 
946 727 15 18 0.021197855 
983 429 8 10 0.021171615 
591 486 9 10 0.021159178 
770 570 12 15 0.021137167 
711 454 9 10 0.021133773 
662 440 8 10 0.021119988 
833 478 9 11 0.02111831 
815 439 8 10 0.021105401 
992 551 11 13 0.021087052 
740 508 12 14 0.02106607 
809 422 8 10 0.021021256 
835 536 15 17 0.02100157 
735 500 11 13 0.020983225 
561 494 9 12 0.020964177 
592 432 10 11 0.020960266 
823 643 11 16 0.020942846 
880 616 22 24 0.020929672 
815 720 13 16 0.020929473 
568 506 12 14 0.020909289 
745 441 8 9 0.020882823 
759 627 13 16 0.020862103 
1003 557 13 15 0.02083476 
616 439 8 9 0.020813515 
579 615 12 14 0.020782044 
983 717 13 14 0.020772414 
992 512 8 10 0.020718398 
719 503 10 11 0.02060233 
789 662 20 24 0.020601196 
615 448 8 10 0.020566104 
831 416 7 9 0.020534875 
718 431 9 10 0.020492243 
751 398 8 10 0.020491138 
772 533 11 13 0.02042924 
986 619 21 24 0.020383764 
958 620 12 16 0.020342164 
577 455 7 10 0.020295475 
574 487 10 12 0.02028826 
900 542 12 14 0.020244304 
825 416 8 8 0.020207226 
928 503 10 12 0.020184243 
962 588 13 16 0.020178165 
983 454 9 10 0.020155871 
668 603 14 16 0.02013319 
750 472 8 10 0.020121126 
957 509 11 14 0.02010538 
922 652 14 18 0.02009738 
869 571 12 15 0.02007352 
584 454 8 11 0.020027699 
765 508 13 14 0.020014375 
608 439 8 10 0.02000425 
