52_Photographers_photographertakingphoto_52_506
306
437 299 43 62 0.99297297 
966 321 8 10 0.20876332 
142 443 10 13 0.19199446 
124 422 11 13 0.1748565 
21 375 10 12 0.15163848 
166 448 7 9 0.12138857 
153 462 10 12 0.120998226 
960 304 7 9 0.11028396 
557 307 10 14 0.10361728 
70 368 8 10 0.09539183 
198 356 9 12 0.09388754 
1001 312 7 9 0.09206119 
208 411 9 12 0.08681529 
1000 318 7 9 0.08584217 
991 349 8 10 0.08320426 
982 311 7 9 0.07914092 
121 356 10 12 0.07895655 
30 357 8 11 0.07751192 
1013 342 8 12 0.07520642 
1013 616 9 13 0.07376133 
752 351 7 8 0.07220443 
282 543 8 10 0.070919365 
18 379 10 12 0.07023686 
720 316 8 9 0.067556724 
2 383 9 12 0.065979965 
404 308 35 49 0.06596497 
5 360 9 11 0.06257328 
104 365 9 11 0.06219312 
982 269 8 10 0.058545213 
942 305 8 9 0.058323994 
236 405 11 13 0.056853127 
1006 303 7 10 0.056751616 
1000 342 7 9 0.05611929 
712 296 7 8 0.0560779 
1005 311 7 9 0.055440567 
14 313 9 10 0.05436326 
526 312 9 12 0.053329773 
95 345 7 9 0.05232972 
119 375 8 10 0.052292284 
41 368 9 11 0.05143844 
983 359 8 10 0.05140168 
688 303 8 9 0.051056255 
1001 288 8 10 0.050765786 
671 301 7 10 0.05040184 
105 359 8 10 0.05039396 
823 313 7 8 0.050272897 
954 294 9 10 0.050149057 
137 376 9 10 0.050120905 
124 353 10 11 0.049516205 
164 431 9 10 0.049452238 
999 335 7 9 0.047698412 
655 368 11 14 0.04765756 
605 333 9 11 0.047362342 
655 343 7 9 0.047143806 
54 382 8 10 0.046342958 
96 350 8 9 0.046296608 
200 485 12 14 0.046169553 
639 580 12 13 0.04569096 
55 344 7 7 0.045684233 
142 375 9 10 0.045028694 
93 454 9 12 0.04467523 
168 403 10 12 0.04459053 
982 319 7 9 0.044554222 
81 319 8 9 0.044471923 
994 320 7 9 0.044350147 
101 429 8 11 0.044141777 
1006 287 8 10 0.043969933 
65 372 7 9 0.043284487 
993 327 7 8 0.043107536 
110 366 9 11 0.04291862 
4 388 9 12 0.042830836 
975 344 8 11 0.04261509 
1014 336 7 10 0.042600457 
897 328 8 10 0.04256127 
141 367 10 11 0.042304512 
681 534 9 11 0.041943375 
985 294 7 10 0.041568507 
172 400 10 12 0.04079945 
1008 343 9 10 0.04061011 
189 406 10 12 0.04009354 
978 310 8 10 0.04008666 
993 334 8 9 0.040065765 
830 327 7 9 0.039999247 
983 326 7 9 0.03963312 
181 455 11 14 0.039454605 
999 326 7 10 0.0393908 
93 310 9 10 0.03900024 
167 415 8 11 0.038837258 
960 344 8 10 0.03853603 
69 309 9 11 0.038166314 
937 348 9 10 0.038095906 
559 286 8 10 0.03789833 
942 309 9 11 0.037191026 
998 270 8 10 0.03712734 
200 423 9 11 0.03708453 
682 312 7 9 0.03684895 
704 312 7 8 0.03666404 
998 368 8 10 0.036255497 
1009 615 9 13 0.0362303 
89 452 9 12 0.036199503 
1000 373 8 10 0.03550224 
688 358 9 11 0.035457063 
0 406 8 12 0.03545322 
1006 317 7 10 0.035237428 
0 376 9 11 0.03495786 
993 368 7 10 0.03484481 
813 549 10 11 0.034541767 
672 296 8 10 0.03421364 
104 328 7 9 0.034194566 
55 359 8 8 0.034146756 
89 335 7 8 0.034146417 
103 373 8 11 0.03411209 
110 342 8 10 0.03402587 
952 319 8 10 0.033627544 
992 384 6 8 0.0335415 
73 396 9 11 0.033512853 
943 350 7 9 0.033291377 
817 649 8 11 0.033158533 
194 535 11 14 0.03280797 
109 360 8 10 0.032690607 
142 351 8 10 0.03259926 
38 420 8 11 0.032485407 
194 372 9 11 0.031925358 
161 447 9 11 0.031894747 
626 320 7 10 0.031412553 
977 319 8 10 0.031321738 
96 422 9 12 0.031281993 
57 454 9 10 0.0312106 
221 463 9 11 0.031197917 
961 309 8 9 0.030946251 
111 336 8 9 0.030899134 
832 573 8 10 0.03074259 
628 535 9 10 0.030716646 
169 359 8 10 0.030705549 
640 313 8 9 0.030507214 
138 352 9 11 0.030193368 
614 511 8 10 0.030107966 
105 334 8 10 0.030073805 
71 351 7 8 0.029943919 
112 384 8 9 0.029924238 
94 416 9 11 0.029839681 
601 343 9 12 0.029837735 
809 327 7 8 0.02972187 
201 344 9 10 0.029703809 
942 345 7 9 0.029641926 
1006 293 8 10 0.029550157 
65 351 8 9 0.029489355 
712 350 9 9 0.02944532 
862 556 10 12 0.029240692 
1009 336 8 9 0.029224144 
963 324 8 10 0.029218612 
527 374 9 11 0.029165084 
655 334 8 10 0.029091276 
1000 293 9 10 0.028959574 
127 376 8 10 0.028942894 
728 361 7 8 0.02893342 
598 543 9 12 0.028779054 
152 457 9 11 0.028749714 
178 655 8 10 0.028664807 
80 350 7 9 0.02858771 
152 366 8 11 0.028585382 
41 351 8 9 0.028574934 
823 285 7 9 0.028543597 
1016 319 7 9 0.028519068 
977 270 9 10 0.028342765 
664 526 9 11 0.028305756 
32 308 10 12 0.028229775 
751 321 7 8 0.028184092 
67 304 7 8 0.028103126 
233 591 8 10 0.027805416 
568 295 9 10 0.027541509 
688 288 8 9 0.027529549 
961 351 8 9 0.02751429 
119 366 8 10 0.027433338 
977 360 8 10 0.027405756 
761 335 7 9 0.027396748 
182 414 9 11 0.027240431 
177 419 8 11 0.02688639 
103 351 7 9 0.02683388 
174 359 8 10 0.026821868 
605 348 11 13 0.026733277 
144 310 8 10 0.026712446 
22 369 8 9 0.026283413 
983 390 8 10 0.02614571 
103 438 8 10 0.026032163 
573 390 8 11 0.026003474 
335 550 8 11 0.02592129 
497 544 9 10 0.025779728 
494 303 10 14 0.025703799 
144 344 8 10 0.025644284 
1001 304 8 10 0.02561398 
78 392 9 11 0.025600016 
46 352 7 8 0.025445268 
126 439 9 12 0.025402479 
47 357 8 10 0.025378328 
527 358 10 10 0.025359463 
449 313 47 63 0.025219403 
887 312 9 11 0.024970831 
1014 293 7 10 0.024952872 
953 288 8 10 0.024949264 
670 521 9 10 0.024940452 
992 302 7 9 0.024916504 
113 373 8 10 0.024915613 
991 296 7 9 0.024887783 
581 343 10 11 0.024835993 
200 446 9 11 0.02480636 
1015 326 8 11 0.02477724 
89 328 8 9 0.024745082 
48 390 8 11 0.024661126 
573 518 8 10 0.024656195 
106 303 8 9 0.02463455 
582 310 9 10 0.02451856 
472 531 9 11 0.02443973 
337 59 11 12 0.024422126 
593 541 10 13 0.024383878 
978 304 7 10 0.024341557 
1015 270 7 10 0.024313964 
417 306 44 58 0.024266955 
188 460 9 12 0.02419123 
9 295 7 10 0.024090417 
654 312 8 9 0.024078997 
612 366 9 11 0.024033412 
961 337 7 8 0.02399385 
881 329 8 9 0.023981158 
56 389 9 11 0.0239412 
814 327 7 8 0.023907248 
62 391 9 11 0.023906872 
361 559 7 10 0.023825433 
993 374 6 9 0.02377996 
119 327 8 9 0.023773044 
839 341 7 10 0.023613274 
985 351 7 9 0.023366585 
993 424 7 9 0.023361528 
650 335 8 10 0.02335977 
662 334 7 9 0.02318204 
72 392 9 11 0.023133682 
712 329 7 8 0.023075532 
106 343 8 10 0.023072114 
686 319 8 9 0.022991376 
192 301 9 11 0.022980316 
505 156 11 13 0.022953087 
682 326 8 10 0.022846652 
521 390 9 11 0.022816857 
968 344 8 11 0.022814741 
182 359 7 8 0.02276257 
89 344 9 10 0.022626925 
776 343 9 10 0.022533184 
729 335 7 9 0.02253178 
1001 391 7 10 0.022505067 
942 279 8 10 0.022463392 
808 311 7 8 0.022350632 
46 373 8 10 0.022253534 
172 541 9 12 0.02215125 
95 459 9 11 0.022132793 
120 447 8 10 0.022123158 
554 304 10 12 0.022035345 
686 327 8 10 0.021971572 
894 312 8 9 0.021964598 
743 335 6 8 0.021963397 
921 352 7 8 0.021902144 
14 414 9 10 0.02181857 
73 335 8 9 0.021816002 
841 318 8 9 0.02180691 
704 320 7 8 0.021802193 
761 360 7 9 0.021762524 
993 344 8 10 0.021759147 
653 528 10 12 0.021714699 
831 320 7 9 0.021710383 
87 358 7 9 0.0216992 
984 375 7 9 0.021696897 
695 303 7 9 0.021657858 
45 399 8 9 0.02164821 
842 313 7 9 0.021526258 
109 318 9 10 0.021499122 
975 383 9 10 0.021472782 
679 295 7 9 0.021469586 
136 381 9 10 0.021392984 
631 320 8 10 0.021381447 
985 367 8 10 0.021323226 
657 350 8 10 0.021293845 
73 344 8 9 0.021285769 
978 325 8 10 0.02125264 
49 344 7 9 0.0212396 
984 289 7 9 0.02121714 
984 344 7 10 0.021088267 
921 359 6 8 0.021032203 
81 357 8 10 0.020998267 
685 528 11 11 0.020959407 
617 344 9 12 0.020902243 
137 440 10 13 0.020838203 
32 303 8 10 0.020813605 
180 420 9 11 0.020792205 
525 392 9 11 0.02078642 
684 540 11 12 0.020736659 
944 368 8 10 0.020719422 
78 336 8 9 0.020519268 
824 318 7 8 0.020507999 
15 351 8 9 0.020449013 
604 572 11 12 0.020443778 
983 303 8 9 0.020422466 
751 345 7 8 0.020406574 
505 575 9 11 0.020279042 
816 278 8 10 0.020263352 
522 316 10 12 0.020241855 
148 440 9 11 0.020231603 
554 287 8 10 0.020067481 
