52_Photographers_photographertakingphoto_52_359
21
563 75 53 77 0.9926756 
625 125 145 190 0.48179945 
756 266 56 71 0.21685773 
728 234 94 115 0.09528905 
468 315 27 28 0.092687055 
588 90 57 63 0.07609347 
860 378 19 22 0.06283421 
683 182 124 156 0.045382816 
397 477 44 47 0.042131115 
474 328 19 20 0.040677916 
859 385 26 31 0.037599027 
648 199 73 83 0.037339605 
471 338 18 21 0.036242835 
614 101 40 57 0.034240752 
604 107 115 120 0.03411109 
655 414 71 89 0.031819794 
410 443 16 18 0.031542744 
572 144 237 274 0.027076915 
412 449 16 18 0.024207558 
640 390 122 149 0.023028636 
478 114 37 49 0.022989674 
