52_Photographers_taketouristphotos_52_80
27
331 510 57 64 0.9960949 
870 264 9 12 0.13944326 
998 321 9 13 0.08026561 
993 289 10 13 0.07618515 
670 332 12 16 0.07565078 
984 269 10 13 0.06915417 
849 296 10 12 0.05244565 
836 295 9 12 0.040462542 
854 310 11 14 0.038593322 
989 267 11 15 0.037452873 
981 302 9 11 0.03540143 
735 350 11 14 0.034457833 
741 356 11 13 0.032813493 
650 332 15 16 0.031649314 
316 607 34 35 0.031553365 
980 310 11 15 0.029826088 
990 273 11 16 0.028388118 
997 333 11 15 0.026461007 
604 291 40 47 0.024948156 
872 298 11 15 0.024860438 
789 312 11 13 0.024693247 
976 296 9 11 0.024648491 
841 334 27 29 0.024584474 
545 298 11 14 0.021673804 
661 331 15 18 0.021512112 
54 319 8 9 0.021013761 
685 347 24 27 0.020686159 
