52_Photographers_photographertakingphoto_52_263
70
626 260 26 38 0.99609345 
135 295 21 30 0.9931879 
352 299 22 30 0.9879391 
686 247 20 32 0.9673118 
801 285 24 36 0.963342 
753 286 22 33 0.94089675 
37 279 22 30 0.7978808 
401 293 22 28 0.7374177 
473 305 16 18 0.5170513 
669 369 36 47 0.36110428 
64 390 18 22 0.33944508 
81 319 18 21 0.26305202 
268 299 14 17 0.24604361 
747 428 43 65 0.17237401 
316 308 11 16 0.13786769 
77 328 24 28 0.13515794 
68 387 22 30 0.08064778 
341 302 17 21 0.076999456 
43 432 14 20 0.064889655 
72 309 10 13 0.06106225 
172 330 24 29 0.058615938 
85 333 24 32 0.053388663 
463 304 15 20 0.053291965 
409 299 24 27 0.051170696 
40 430 11 16 0.050495215 
180 323 14 17 0.04360009 
26 370 31 42 0.04261832 
172 312 16 18 0.042301692 
426 312 16 20 0.04114396 
635 308 24 27 0.04068103 
57 377 27 36 0.03904788 
336 301 15 19 0.03818816 
358 295 14 22 0.035636954 
784 288 25 35 0.03506799 
168 314 12 17 0.03390674 
494 278 29 34 0.032743648 
400 313 12 16 0.03218418 
80 345 25 33 0.031892348 
273 302 17 20 0.03175738 
82 388 14 20 0.030702936 
82 359 17 22 0.03037228 
59 461 18 21 0.02972568 
90 315 14 21 0.02962523 
294 325 11 14 0.02725375 
79 394 23 32 0.026848465 
318 326 9 12 0.026841952 
348 -31 420 534 0.026729679 
398 304 22 28 0.026102273 
513 317 33 32 0.025988515 
731 416 71 102 0.025393859 
43 424 24 31 0.025304249 
310 325 11 13 0.02489581 
781 362 42 52 0.02474516 
261 294 15 22 0.024406508 
693 252 26 31 0.024366876 
153 319 40 50 0.024270868 
387 437 11 14 0.024199434 
311 313 14 17 0.02388437 
24 279 25 35 0.02360558 
135 309 44 55 0.023397619 
18 356 25 36 0.022683868 
686 379 31 39 0.022657333 
284 332 11 13 0.022174265 
154 308 21 32 0.02212283 
302 326 10 12 0.021655634 
96 337 17 24 0.021010404 
661 378 29 41 0.020772884 
481 301 14 19 0.020724121 
288 348 9 12 0.020473117 
310 334 11 14 0.020313289 
