52_Photographers_taketouristphotos_52_281
141
414 659 33 41 0.9953117 
290 601 15 18 0.40851852 
630 584 28 50 0.4077941 
291 610 18 22 0.2519754 
586 582 32 54 0.24799734 
669 766 15 18 0.1862591 
342 587 12 14 0.15678123 
773 597 11 12 0.152518 
732 773 75 107 0.09813173 
641 584 26 37 0.092337735 
700 581 15 20 0.073551595 
516 72 15 18 0.06624531 
843 631 11 13 0.06503025 
566 113 13 17 0.063587226 
616 597 36 49 0.06331225 
775 566 9 11 0.062913045 
652 579 35 47 0.061892763 
154 638 32 36 0.059639305 
444 98 461 532 0.058474332 
728 558 8 11 0.057725232 
431 455 40 50 0.05481633 
753 556 8 11 0.053284813 
849 573 9 10 0.053118493 
769 568 8 10 0.05296136 
359 574 11 14 0.052875932 
222 632 15 18 0.052731887 
370 550 42 59 0.052689236 
237 712 14 18 0.050863482 
753 551 8 11 0.05064346 
751 571 9 12 0.04894465 
804 607 9 12 0.048708595 
770 550 8 10 0.048251975 
643 77 20 30 0.04694022 
359 732 14 16 0.046263404 
793 582 9 11 0.04619881 
757 567 9 11 0.045148715 
821 626 12 14 0.04430301 
757 544 7 9 0.044278026 
715 580 11 14 0.044000994 
306 558 10 13 0.043936897 
330 467 17 21 0.043135047 
398 97 12 15 0.043013167 
767 581 8 10 0.042879596 
352 553 9 11 0.042263113 
659 589 14 18 0.04224546 
709 616 16 18 0.04209061 
443 470 17 20 0.041407466 
789 613 15 18 0.038556866 
368 560 10 12 0.03821196 
849 607 8 11 0.037612256 
261 141 13 18 0.03659912 
576 582 26 40 0.036317974 
164 435 16 20 0.036308173 
299 605 13 15 0.035373833 
788 572 10 12 0.034125216 
768 604 10 13 0.033926282 
629 775 11 15 0.033553287 
757 572 9 12 0.03290669 
836 590 10 12 0.032827273 
743 571 11 14 0.03271627 
798 600 9 11 0.03268106 
737 835 14 18 0.032616287 
774 602 10 13 0.032390784 
858 647 8 10 0.03236617 
768 575 7 10 0.032016896 
156 497 17 22 0.03199664 
171 651 15 19 0.03093628 
854 598 8 11 0.03089476 
784 636 16 18 0.030815456 
805 494 10 12 0.03068822 
638 593 40 55 0.030549072 
781 591 8 11 0.029981583 
275 718 14 19 0.029811192 
666 594 25 33 0.029679913 
793 599 9 10 0.029548911 
793 588 9 12 0.029337706 
746 607 16 19 0.029321225 
775 549 10 11 0.029097412 
787 478 14 16 0.028513454 
872 640 9 11 0.028491111 
781 547 10 13 0.028290614 
678 800 13 16 0.028182993 
716 603 11 15 0.02787226 
196 693 10 13 0.027711121 
782 582 9 11 0.027657183 
651 586 15 23 0.027649643 
756 589 9 12 0.027374044 
712 559 9 13 0.02713735 
776 583 9 10 0.026972944 
795 611 15 17 0.02690133 
209 461 37 49 0.026693953 
614 620 38 46 0.02663492 
600 594 36 46 0.026543902 
776 560 8 11 0.02650973 
768 591 9 13 0.02643472 
710 303 52 63 0.026418729 
387 575 17 21 0.026382808 
207 654 11 14 0.026157172 
708 583 14 19 0.025803113 
774 614 10 13 0.025758488 
780 598 9 11 0.025751691 
345 567 8 10 0.025578286 
244 711 18 19 0.025233772 
104 615 26 33 0.02497784 
173 288 26 27 0.0249759 
309 605 12 14 0.024960427 
688 652 12 15 0.02417005 
850 611 9 12 0.023618083 
387 657 15 18 0.023502056 
633 118 22 31 0.023406534 
403 100 10 14 0.02339774 
554 107 23 29 0.023015905 
768 545 9 10 0.022761442 
391 560 10 12 0.022671094 
838 585 9 11 0.022659218 
307 611 14 18 0.022609582 
808 791 9 13 0.02258807 
361 567 11 14 0.022535402 
784 568 10 13 0.022445599 
821 588 9 12 0.02242465 
716 563 10 14 0.022349654 
312 701 11 13 0.022207337 
339 725 10 13 0.022160295 
348 565 11 13 0.021647131 
768 612 10 13 0.021573381 
325 586 10 14 0.021498209 
783 612 14 17 0.021307845 
790 666 10 14 0.0212691 
710 583 42 52 0.021068383 
576 652 54 55 0.021047156 
864 756 12 14 0.020917706 
871 656 10 12 0.020764306 
417 643 29 34 0.020714525 
388 86 25 32 0.020551074 
161 429 26 33 0.020449715 
775 620 10 12 0.020334434 
865 606 8 10 0.020311533 
219 472 15 19 0.020298801 
544 567 10 13 0.020218914 
641 782 27 30 0.02016127 
624 826 18 22 0.020109644 
