52_Photographers_photographertakingphoto_52_701
26
251 157 106 129 0.9995943 
287 279 101 117 0.9995927 
578 492 11 14 0.20993766 
1 281 41 75 0.10939324 
715 401 36 38 0.09062877 
591 283 12 12 0.038040888 
601 304 16 17 0.03234693 
268 207 100 131 0.032338735 
33 403 61 80 0.030568043 
478 283 10 12 0.03041312 
16 312 46 70 0.0268811 
943 398 13 14 0.026735364 
203 120 95 126 0.02588202 
541 250 11 12 0.025674023 
541 477 15 22 0.025162125 
884 301 16 16 0.02410857 
560 493 32 27 0.023270844 
555 310 14 16 0.02298184 
42 354 14 19 0.022273112 
576 496 16 18 0.021986725 
539 203 15 16 0.021961013 
1012 320 10 18 0.021904822 
530 379 27 28 0.021904742 
660 482 55 59 0.021670066 
674 382 27 37 0.021642132 
29 347 30 38 0.021465406 
