52_Photographers_photographertakingphoto_52_219
46
708 433 38 43 0.997566 
420 397 38 46 0.9968335 
661 282 45 57 0.99511766 
564 355 39 50 0.9948214 
766 225 43 56 0.9940333 
186 280 42 56 0.99227726 
302 349 39 52 0.9902028 
863 523 12 16 0.09808724 
878 522 13 14 0.08967102 
318 270 28 43 0.058980905 
49 501 7 9 0.058490068 
866 516 14 17 0.05488206 
887 168 8 10 0.053921223 
990 510 11 13 0.0496733 
733 293 27 33 0.045843992 
732 304 17 21 0.04444083 
870 517 25 25 0.042443324 
101 259 11 13 0.033959966 
551 166 7 9 0.03370318 
774 443 11 12 0.030565472 
318 87 8 10 0.029517507 
547 388 11 15 0.028360145 
934 524 10 12 0.027925778 
76 196 10 13 0.025897034 
294 63 9 11 0.025748994 
456 234 39 59 0.02567036 
1009 345 7 10 0.025163492 
47 519 7 9 0.02445115 
540 505 27 32 0.024303151 
72 522 24 30 0.024156047 
890 525 13 13 0.023717921 
984 512 12 12 0.023601973 
0 519 7 11 0.023534095 
672 142 9 9 0.023486953 
809 660 11 11 0.023267074 
973 536 8 10 0.022868525 
40 502 8 10 0.022787416 
149 151 9 10 0.022659834 
495 141 9 11 0.02243575 
41 520 6 9 0.022322934 
882 152 7 9 0.022063572 
881 160 8 9 0.022022711 
57 495 7 10 0.02089712 
310 69 8 10 0.020846037 
783 441 10 11 0.020623073 
69 510 8 10 0.020355882 
