52_Photographers_taketouristphotos_52_288
36
880 30 27 36 0.99835724 
702 301 33 45 0.99802065 
842 201 35 44 0.9973937 
985 74 31 40 0.997262 
767 11 29 37 0.99505085 
831 387 32 45 0.9904198 
1002 313 21 29 0.98772687 
721 28 22 29 0.8370778 
245 201 50 57 0.21334636 
168 200 11 12 0.15460673 
673 1 28 30 0.1448961 
68 145 184 254 0.128543 
881 75 26 30 0.08295953 
755 465 13 16 0.071359865 
69 207 13 15 0.06522759 
791 -1 41 44 0.05914936 
984 212 35 43 0.050927587 
568 134 47 56 0.049783014 
379 65 14 18 0.038221676 
954 344 26 33 0.03703283 
167 210 15 18 0.035766114 
814 1 28 33 0.03461786 
964 340 26 31 0.033691537 
670 196 13 15 0.03130228 
67 200 23 29 0.02912601 
699 60 15 18 0.029000971 
353 0 34 39 0.02448939 
853 76 13 18 0.024112195 
49 197 47 58 0.023421023 
163 198 22 26 0.022896165 
974 460 25 30 0.02274784 
397 58 28 34 0.021079605 
991 481 34 38 0.021001736 
782 22 17 23 0.020596692 
847 88 14 20 0.020244054 
821 15 14 19 0.020182947 
