52_Photographers_photographertakingphoto_52_780
18
746 274 75 111 0.9745473 
366 268 53 77 0.83348715 
696 334 27 38 0.08793881 
679 347 46 59 0.06258507 
280 344 422 471 0.05459302 
780 270 84 106 0.054100305 
365 411 193 296 0.03805972 
683 343 30 42 0.037879094 
619 342 23 27 0.03781787 
365 238 91 127 0.030220244 
818 285 59 83 0.02790975 
382 296 32 48 0.026213655 
422 197 15 20 0.023743361 
664 357 31 34 0.022792662 
669 358 16 17 0.022522204 
419 444 113 195 0.022359313 
633 370 31 39 0.021969236 
645 360 55 56 0.021656351 
