52_Photographers_taketouristphotos_52_51
108
448 936 35 42 0.9988142 
859 829 16 20 0.30096224 
709 734 11 14 0.26647672 
884 756 15 18 0.15931605 
724 723 10 13 0.12527053 
793 716 13 16 0.12230481 
877 705 8 9 0.119674355 
906 733 10 12 0.118262365 
895 704 8 10 0.10808079 
839 871 10 13 0.08607792 
909 742 11 13 0.08546297 
903 704 8 10 0.075021654 
709 718 9 11 0.07154692 
886 720 9 10 0.06783408 
754 712 15 18 0.06569923 
887 725 9 10 0.06354815 
812 739 12 15 0.0625085 
806 726 14 19 0.060677268 
921 702 9 12 0.05884547 
432 1050 14 16 0.058588885 
421 1271 8 9 0.056950472 
909 748 11 14 0.054340977 
920 733 10 13 0.050464105 
890 710 9 10 0.049526423 
873 703 8 11 0.049248654 
905 728 10 12 0.047510583 
893 727 9 11 0.04750057 
863 703 8 11 0.04729303 
765 1288 16 23 0.04671442 
757 872 10 11 0.046609554 
419 1085 10 13 0.04647829 
908 717 9 11 0.045279473 
418 1278 8 12 0.04352399 
911 757 10 12 0.043492004 
732 887 10 13 0.0428573 
710 713 9 12 0.041737005 
750 871 10 12 0.041676663 
885 734 11 12 0.039915763 
861 726 10 13 0.03983182 
761 859 11 13 0.03983084 
417 1284 8 11 0.039532084 
697 726 9 13 0.038321298 
293 1020 12 13 0.03763543 
701 725 11 13 0.0364801 
414 1235 9 12 0.03632029 
820 838 13 16 0.03626759 
527 867 25 32 0.035861317 
905 709 9 10 0.035535574 
880 735 12 14 0.03429442 
783 879 8 10 0.03355423 
919 741 9 12 0.03293772 
449 1262 8 11 0.032769002 
720 880 9 11 0.031475957 
701 751 9 12 0.02968122 
920 727 10 12 0.029533815 
830 751 12 14 0.029485337 
734 726 9 11 0.029232642 
479 1286 8 10 0.029127734 
875 784 13 16 0.028799362 
908 711 9 11 0.028786678 
416 1252 10 13 0.0286077 
873 709 9 11 0.028413303 
735 718 10 12 0.027819348 
430 975 15 20 0.027718874 
893 733 9 11 0.027580839 
317 42 10 12 0.027340084 
416 1246 8 11 0.02731181 
806 730 23 26 0.027220147 
846 852 12 16 0.02718036 
714 901 13 16 0.026790148 
742 710 10 12 0.026438568 
837 704 10 11 0.026382018 
438 0 16 12 0.026222577 
708 726 12 14 0.026167477 
294 900 12 17 0.026094994 
744 886 9 12 0.026079487 
893 742 10 11 0.025796136 
422 1284 8 11 0.02563797 
855 724 11 15 0.025507618 
744 870 12 14 0.025453912 
822 791 13 14 0.025403833 
454 1052 10 13 0.024686 
812 747 11 14 0.02424058 
877 722 11 13 0.024104109 
705 740 10 12 0.02384958 
742 727 10 11 0.023555467 
443 667 123 139 0.023488678 
705 713 8 11 0.022481563 
486 728 10 12 0.022479424 
770 1297 15 20 0.022431765 
462 1272 8 10 0.022156948 
855 878 9 11 0.02209413 
278 69 10 12 0.022089792 
502 1063 8 10 0.021521097 
738 710 9 11 0.021198748 
861 871 10 11 0.020986704 
741 732 12 14 0.020941762 
154 -6 60 63 0.020930978 
801 850 15 18 0.020779733 
750 724 12 14 0.020704564 
863 708 9 11 0.020663679 
441 1049 15 18 0.02064648 
863 720 8 11 0.02061778 
416 1120 10 11 0.020432321 
449 1253 9 12 0.020337604 
530 1053 14 16 0.020104337 
901 917 10 12 0.020072924 
918 750 10 14 0.020034725 
