52_Photographers_taketouristphotos_52_266
169
607 450 51 83 0.99825376 
322 388 26 34 0.99744886 
460 374 26 39 0.8592983 
348 378 14 19 0.6854693 
243 415 24 38 0.65518475 
231 417 27 37 0.5517724 
620 376 16 23 0.46636122 
683 633 118 131 0.4385485 
278 338 15 19 0.3988255 
376 342 11 14 0.34506226 
374 372 11 16 0.3184635 
446 378 14 19 0.3056566 
406 563 55 77 0.28487894 
451 376 24 33 0.22061305 
308 338 16 22 0.21927659 
90 407 26 54 0.20357735 
397 279 9 12 0.18968143 
407 369 15 18 0.16863991 
380 338 12 16 0.16527306 
812 562 34 41 0.15811574 
409 300 9 13 0.15004644 
423 388 12 16 0.13899718 
583 318 24 28 0.13325413 
125 215 13 15 0.13007194 
413 300 10 13 0.13006456 
281 397 28 35 0.11394294 
389 358 11 14 0.11066994 
352 372 19 25 0.10462022 
413 341 9 11 0.101415165 
181 219 11 14 0.09887803 
379 370 11 16 0.096347265 
184 239 11 15 0.09086346 
571 324 15 19 0.08664898 
453 318 11 14 0.08606958 
532 331 27 29 0.083792955 
160 222 10 12 0.07745191 
310 305 15 18 0.073908396 
176 229 10 13 0.0729955 
365 371 15 19 0.07123754 
305 322 17 21 0.068162344 
164 228 10 13 0.06754705 
180 404 13 17 0.065220304 
589 323 26 32 0.06326899 
557 338 13 16 0.061278783 
609 377 28 37 0.057999413 
597 302 12 15 0.057978973 
404 383 15 20 0.05635658 
129 218 14 17 0.05588989 
102 408 38 48 0.05484737 
447 318 13 16 0.05463278 
301 344 18 21 0.052468028 
453 300 11 14 0.052387744 
541 306 25 29 0.05168869 
791 542 49 66 0.049441133 
492 309 25 28 0.04907661 
116 402 43 50 0.048830234 
407 335 9 11 0.04771232 
634 310 25 29 0.047614664 
152 222 9 11 0.04643565 
382 364 12 17 0.04556467 
212 406 29 38 0.045141827 
565 331 13 18 0.044553418 
327 528 44 55 0.044471607 
433 343 9 12 0.043821167 
148 179 11 13 0.043334045 
414 385 12 18 0.042945847 
439 333 10 11 0.04261768 
388 339 11 13 0.039433014 
225 418 21 28 0.039431106 
613 374 16 21 0.03906775 
352 334 10 12 0.03838203 
450 371 16 25 0.038272075 
177 222 11 14 0.03776482 
273 340 13 17 0.03710587 
471 374 28 38 0.03697246 
335 383 20 27 0.036909 
315 332 14 20 0.03668795 
466 371 17 25 0.03659902 
370 341 10 15 0.035785556 
579 392 43 50 0.035738964 
613 339 27 30 0.035503644 
421 301 10 13 0.03535699 
835 567 14 23 0.034909133 
385 356 11 15 0.03427063 
398 273 10 13 0.033400234 
264 391 37 47 0.032987237 
392 281 13 15 0.03284442 
342 342 11 15 0.0328065 
379 344 13 17 0.03262729 
594 314 17 21 0.032121014 
177 214 10 13 0.031639665 
179 396 22 30 0.031487714 
177 396 41 56 0.03131175 
131 225 12 16 0.031175388 
455 341 10 12 0.030902948 
349 299 13 14 0.030726174 
357 365 14 18 0.030357935 
356 299 12 14 0.030299092 
550 332 22 26 0.030287944 
278 274 11 13 0.03014461 
198 399 15 22 0.030006401 
491 320 28 31 0.02947934 
307 312 17 21 0.029159274 
553 312 17 21 0.029065745 
231 344 9 12 0.028678259 
158 248 10 12 0.028589021 
459 301 12 16 0.028157 
142 195 9 12 0.027435858 
262 278 9 11 0.027282158 
399 380 12 16 0.02716825 
290 387 25 37 0.02706878 
412 436 25 37 0.026876213 
188 401 12 18 0.026786448 
564 316 13 18 0.026463846 
459 315 11 15 0.026439968 
345 299 11 15 0.026340792 
607 378 16 20 0.026019821 
211 381 15 18 0.025851084 
592 367 43 55 0.02581117 
203 383 41 53 0.025631456 
828 321 13 15 0.025609849 
386 353 18 24 0.025535045 
713 553 88 145 0.025483128 
751 539 54 76 0.025362657 
298 351 22 26 0.02513326 
489 338 23 28 0.024730837 
493 306 17 20 0.02471796 
205 393 25 32 0.02471281 
272 277 10 12 0.024695484 
402 302 10 11 0.024666524 
350 340 12 16 0.02436544 
236 355 10 16 0.024322178 
219 421 31 42 0.024030073 
427 381 13 18 0.023868233 
164 214 10 13 0.023624392 
550 317 24 30 0.023565559 
145 395 39 53 0.023189189 
165 396 27 37 0.02307578 
174 222 19 25 0.023049869 
399 293 10 12 0.02304307 
589 307 17 20 0.023030171 
474 370 17 25 0.023025306 
846 368 10 14 0.023018993 
600 330 16 20 0.022968084 
336 347 11 16 0.022940421 
446 330 11 13 0.022856925 
539 319 19 22 0.022799226 
796 514 48 65 0.022496402 
184 281 13 18 0.022325216 
448 297 11 13 0.022190772 
175 336 26 34 0.022184648 
600 321 16 19 0.022081481 
390 349 12 16 0.021986017 
295 362 24 34 0.021929754 
531 342 17 20 0.021881241 
368 336 9 11 0.021783825 
123 219 22 27 0.021279218 
830 306 12 13 0.021127522 
483 370 14 21 0.020913951 
583 414 32 36 0.020781897 
491 384 16 23 0.020714508 
406 305 11 13 0.020657744 
637 306 18 20 0.020376945 
469 342 12 15 0.020343771 
400 307 12 14 0.020305386 
143 175 12 14 0.020258617 
385 277 8 11 0.020209603 
401 333 9 11 0.020162523 
314 322 14 19 0.02004427 
