52_Photographers_photographertakingphoto_52_130
28
647 370 14 19 0.12900037 
668 368 16 21 0.07232265 
636 329 13 18 0.07205361 
643 358 23 29 0.059687484 
568 348 37 39 0.04775094 
806 383 13 17 0.047229968 
318 402 54 67 0.046944167 
727 368 12 14 0.04649719 
657 359 25 31 0.04549719 
541 316 43 54 0.042913355 
725 388 13 15 0.036954924 
394 44 422 534 0.036618836 
691 402 16 19 0.0345565 
725 396 13 16 0.034138106 
653 347 10 12 0.034113903 
383 379 11 12 0.032560434 
647 342 40 50 0.032246783 
390 346 56 68 0.03134203 
341 373 15 17 0.02900431 
344 368 11 12 0.027549565 
763 422 11 14 0.027371073 
589 325 14 17 0.026878422 
596 397 12 15 0.023902286 
576 326 27 33 0.023785353 
825 302 28 33 0.023740629 
807 593 33 34 0.023466473 
690 387 15 18 0.021571299 
684 426 13 16 0.020776939 
