52_Photographers_taketouristphotos_52_487
26
628 145 57 62 0.9851199 
942 386 61 59 0.9806709 
-1 340 30 54 0.9046153 
973 227 18 23 0.35194364 
965 212 16 19 0.07157565 
929 381 41 51 0.06408868 
969 315 15 18 0.059786934 
547 47 59 62 0.05943649 
1012 238 11 18 0.044107728 
959 231 26 29 0.04305873 
969 210 24 27 0.03788203 
957 235 15 19 0.035562254 
969 382 45 45 0.03321942 
963 309 16 19 0.030686403 
959 310 28 29 0.029930566 
501 25 108 102 0.028125009 
487 20 73 59 0.028039705 
280 66 26 32 0.027854815 
942 374 42 46 0.026115276 
396 149 55 71 0.024405595 
555 76 51 67 0.024310302 
591 122 52 65 0.023936186 
978 214 14 16 0.022839472 
588 129 35 42 0.022141006 
391 411 12 14 0.021120418 
948 239 27 27 0.020078942 
