22_Picnic_Picnic_22_36
85
637 227 31 41 0.99905723 
286 506 25 33 0.9961061 
458 442 36 40 0.9946877 
637 646 41 56 0.96532536 
775 435 45 72 0.9075058 
218 658 66 84 0.7239188 
174 485 40 54 0.65266305 
130 506 38 63 0.5350254 
615 545 28 47 0.4348686 
146 495 43 58 0.3705272 
690 570 28 50 0.33901486 
504 568 25 44 0.31239393 
119 700 64 64 0.27809864 
810 282 13 15 0.27548623 
45 367 16 22 0.25784373 
200 679 68 82 0.25415692 
707 292 14 18 0.15544407 
38 363 14 17 0.1478911 
712 583 59 98 0.13186756 
165 702 74 58 0.11004742 
70 507 38 68 0.09876483 
892 643 11 13 0.08022871 
563 334 9 10 0.07544238 
104 678 59 74 0.07080446 
792 275 9 13 0.06978137 
700 612 45 75 0.062248006 
810 291 15 18 0.05957534 
804 342 12 14 0.058939137 
797 271 9 12 0.058619846 
553 565 21 39 0.056103326 
624 657 38 47 0.0547418 
382 282 9 12 0.046414215 
691 630 34 47 0.04505078 
212 659 41 50 0.04412909 
480 353 8 10 0.04252433 
803 347 14 17 0.04237374 
52 363 18 27 0.04097208 
609 658 35 44 0.03986461 
813 349 11 14 0.039206214 
812 342 12 14 0.036636062 
803 441 56 64 0.03637742 
544 333 9 12 0.036015324 
35 379 21 28 0.03491257 
379 333 12 16 0.034726456 
884 709 66 61 0.033271413 
32 363 13 17 0.033228815 
145 486 26 48 0.033025835 
905 606 27 34 0.032824136 
797 276 10 14 0.03274927 
472 436 19 23 0.030694507 
15 213 10 11 0.029987462 
559 326 11 12 0.029828286 
549 327 9 10 0.028790701 
807 298 14 17 0.028287906 
554 286 8 11 0.027947417 
379 284 8 11 0.02790757 
118 519 37 63 0.02749721 
181 647 67 71 0.02722974 
420 371 13 16 0.02692217 
588 605 28 45 0.026151486 
833 434 50 69 0.02558772 
44 359 13 18 0.025260769 
659 642 51 67 0.025162144 
545 328 9 11 0.025037307 
460 326 8 11 0.024710024 
590 636 50 65 0.024686322 
258 207 7 10 0.024422113 
549 334 8 10 0.023715684 
457 317 8 11 0.02318645 
794 252 8 11 0.023062278 
796 375 28 33 0.022979045 
457 313 8 10 0.022882663 
589 549 26 38 0.022860639 
810 330 13 16 0.022724967 
317 552 16 18 0.02270109 
969 664 9 12 0.022660227 
564 555 25 41 0.021931043 
369 302 9 11 0.02166685 
43 393 15 19 0.021245135 
797 383 16 21 0.0212231 
793 247 9 11 0.020879643 
581 554 22 36 0.020799639 
309 542 27 29 0.020697502 
797 254 9 11 0.020376252 
797 262 10 12 0.020092318 
