22_Picnic_Picnic_22_308
122
383 328 34 43 0.99580765 
954 190 55 83 0.98893076 
520 302 29 28 0.96530426 
565 278 24 31 0.86623 
816 261 12 15 0.67639065 
591 232 24 30 0.43593025 
694 249 25 31 0.37412572 
698 242 16 21 0.31907606 
801 278 11 14 0.30053577 
360 371 16 19 0.2354538 
242 254 11 13 0.23301671 
889 255 10 13 0.22180471 
765 255 11 13 0.21583751 
740 263 13 18 0.21331818 
693 237 15 22 0.20050825 
492 338 19 21 0.18023859 
638 236 11 14 0.15022239 
605 290 18 22 0.14802274 
633 235 10 13 0.1402565 
660 238 13 17 0.12267545 
630 231 10 12 0.12179551 
596 226 15 19 0.11772942 
832 289 10 12 0.10792339 
800 272 10 14 0.08593976 
838 270 9 11 0.0836624 
761 253 10 13 0.0790913 
661 196 10 13 0.07865592 
706 248 13 18 0.07651668 
588 313 26 31 0.072752014 
798 255 10 13 0.07082062 
601 244 17 22 0.06438224 
741 256 11 14 0.062792115 
725 240 9 11 0.057631683 
256 303 12 13 0.055525128 
624 228 11 15 0.05399325 
776 330 13 18 0.05361537 
820 257 11 13 0.05315744 
726 244 10 13 0.053133868 
621 234 12 15 0.053115267 
509 382 30 43 0.052430253 
613 236 11 15 0.05132059 
864 272 8 9 0.051155686 
655 242 13 17 0.050821215 
735 254 12 14 0.049567763 
833 268 10 13 0.04953115 
850 287 9 12 0.047485594 
856 271 9 10 0.046524547 
838 253 9 11 0.045681514 
472 342 26 31 0.04375139 
706 236 13 16 0.042475987 
485 340 15 19 0.04110976 
793 259 10 13 0.040282927 
509 290 15 21 0.03882726 
720 238 10 13 0.038412206 
837 275 11 13 0.037761856 
511 288 24 30 0.036917903 
745 268 13 16 0.036712863 
688 235 14 20 0.03650683 
461 381 37 46 0.035911717 
869 272 7 9 0.034419227 
694 230 13 18 0.03435037 
823 279 9 10 0.03226197 
633 207 9 11 0.032205556 
283 618 18 21 0.032172166 
645 242 12 15 0.031952996 
243 247 13 15 0.03163378 
732 246 11 14 0.03162028 
429 12 9 11 0.031050345 
856 276 9 11 0.030983545 
563 270 16 18 0.030003091 
482 375 45 58 0.0295473 
799 292 10 14 0.029499182 
783 248 8 11 0.02905934 
227 206 11 12 0.029045241 
280 200 8 9 0.028877834 
807 338 15 23 0.028855963 
245 267 14 16 0.028676739 
442 379 30 40 0.028529806 
447 82 62 65 0.028407197 
602 232 22 27 0.028123427 
838 264 9 11 0.027957432 
559 280 18 25 0.027702238 
657 202 11 13 0.027662873 
769 260 13 14 0.027042823 
664 325 17 20 0.027002573 
213 213 8 11 0.026834091 
593 247 23 30 0.026705135 
639 232 21 24 0.026487362 
848 264 8 9 0.026230704 
679 174 10 11 0.026174134 
835 285 11 13 0.026140701 
823 248 8 10 0.024169775 
282 175 8 10 0.024150878 
668 191 10 12 0.023996593 
626 221 13 16 0.023889618 
804 319 10 12 0.023717765 
732 252 21 27 0.023664828 
981 244 36 49 0.023559645 
602 221 14 16 0.023542993 
583 239 15 21 0.023416825 
236 266 13 15 0.02333619 
660 230 13 17 0.02327398 
770 254 12 12 0.023103034 
800 322 11 14 0.02303738 
558 268 14 17 0.022867795 
701 231 13 17 0.02276186 
658 245 16 20 0.02261119 
630 231 18 23 0.022465179 
829 262 9 10 0.022064468 
618 241 14 18 0.021916738 
580 228 11 14 0.021585988 
662 191 11 14 0.021569436 
758 248 11 14 0.021528106 
592 301 26 34 0.021487944 
912 160 146 189 0.021286 
870 277 8 10 0.02090765 
832 255 9 10 0.02084551 
862 275 9 12 0.020763798 
1012 29 11 19 0.020320201 
418 495 26 29 0.020145671 
593 222 11 14 0.020076549 
764 248 13 15 0.02000467 
