22_Picnic_Picnic_22_152
69
128 233 39 64 0.97909194 
407 218 39 44 0.9309493 
594 146 40 45 0.8899399 
862 386 41 76 0.8448848 
108 365 45 72 0.31128207 
180 420 40 35 0.29699743 
618 462 24 26 0.291425 
316 389 33 36 0.18959798 
707 420 20 21 0.18740116 
603 418 37 44 0.12901221 
23 619 156 117 0.0869738 
324 393 18 19 0.07917892 
641 422 25 28 0.07907436 
-35 573 274 176 0.07387604 
690 427 17 18 0.06470774 
297 397 33 37 0.0596612 
718 357 11 14 0.05731659 
91 394 35 54 0.05708636 
453 579 72 55 0.056195486 
606 546 36 39 0.05610764 
418 201 32 48 0.053322088 
447 557 38 48 0.04561618 
437 567 59 60 0.043288875 
933 360 64 68 0.042815115 
615 466 15 17 0.041923914 
688 417 30 31 0.041238733 
389 217 24 37 0.040926892 
719 362 13 16 0.04062586 
364 509 14 16 0.03962033 
679 462 105 116 0.038929023 
425 485 28 29 0.03800295 
720 368 29 31 0.03729442 
697 378 18 18 0.035922583 
657 387 27 36 0.03499677 
241 715 61 55 0.03421074 
854 359 78 112 0.033761006 
606 425 50 62 0.033239387 
455 562 107 90 0.032685343 
42 368 49 65 0.031150501 
375 348 51 50 0.030914819 
699 386 14 14 0.029812457 
690 376 30 30 0.029778127 
582 539 56 66 0.02922676 
669 390 49 50 0.029171715 
596 44 26 27 0.029071033 
917 344 76 57 0.028506545 
624 413 49 57 0.027557865 
678 443 12 16 0.02625246 
929 389 61 65 0.025694337 
611 555 17 21 0.025694294 
306 402 19 22 0.024892213 
694 375 14 15 0.024544645 
876 339 106 90 0.024145244 
713 358 24 28 0.023922743 
713 424 31 34 0.023655582 
38 387 31 50 0.023107823 
397 232 30 36 0.022886181 
660 412 45 49 0.022161918 
705 377 18 18 0.022143228 
853 398 32 56 0.021537853 
654 535 15 19 0.020926736 
304 395 46 60 0.020645946 
506 288 57 59 0.020624163 
663 402 12 16 0.02035145 
631 465 103 111 0.020330153 
697 368 29 30 0.02031988 
353 502 33 30 0.020162467 
161 484 57 62 0.020136474 
540 282 38 44 0.020058742 
