22_Picnic_Picnic_22_310
104
451 211 22 33 0.99318016 
647 225 42 57 0.98967826 
854 221 27 30 0.98597425 
268 207 47 61 0.9824875 
599 185 22 29 0.9807662 
515 276 22 30 0.921245 
761 190 21 32 0.9097452 
667 184 35 44 0.6810294 
909 237 16 23 0.4895687 
146 274 14 17 0.47825113 
980 236 26 30 0.45550957 
19 510 18 26 0.2799175 
246 248 22 33 0.27046597 
652 184 33 37 0.21683785 
969 241 29 33 0.21675497 
178 280 14 18 0.20716491 
91 301 13 18 0.1764636 
916 214 10 13 0.119484924 
902 236 15 18 0.11387229 
993 234 16 25 0.1021895 
37 278 17 23 0.10093592 
111 279 10 12 0.08183596 
158 266 13 17 0.07734526 
498 238 9 11 0.07105563 
908 229 15 21 0.06876512 
912 219 11 15 0.0678612 
898 300 37 48 0.060709193 
728 245 31 40 0.0602571 
130 269 12 15 0.05934806 
217 247 21 30 0.05860645 
523 270 15 21 0.0569588 
925 196 14 19 0.056897875 
989 204 17 21 0.053634595 
238 377 16 19 0.051036343 
758 187 15 25 0.04975906 
711 263 32 39 0.049104262 
103 305 13 16 0.047329158 
161 268 20 25 0.04460944 
491 300 11 14 0.044022582 
687 195 20 25 0.043661546 
941 245 21 28 0.04261344 
503 246 10 12 0.04209792 
983 212 26 33 0.04196401 
504 253 9 11 0.041478034 
836 221 13 20 0.040885814 
159 285 12 15 0.040445883 
740 239 26 32 0.039949108 
509 251 10 12 0.038198832 
215 244 12 17 0.03699184 
551 303 10 12 0.03693671 
219 273 18 23 0.0368522 
888 186 12 15 0.03655024 
536 307 11 13 0.036293652 
94 642 26 33 0.035778333 
503 189 11 14 0.034875076 
933 204 10 15 0.03462714 
221 258 25 30 0.034589082 
657 186 18 21 0.034476403 
162 263 13 15 0.034420103 
458 205 15 25 0.033776835 
131 269 20 26 0.033251688 
509 275 18 24 0.032887045 
836 233 10 15 0.032215297 
191 207 8 11 0.031841103 
104 278 20 25 0.030700468 
131 263 10 13 0.030528452 
143 280 12 16 0.02959714 
490 268 14 17 0.029304124 
29 280 19 22 0.028634291 
234 245 27 34 0.028384069 
479 242 13 16 0.026883285 
830 225 15 20 0.026818754 
214 254 14 22 0.026620734 
511 237 12 14 0.026345285 
511 286 30 36 0.025965463 
135 292 11 13 0.025744492 
115 275 12 17 0.025679009 
154 271 15 19 0.025351064 
527 277 16 23 0.02507435 
228 267 28 31 0.02415421 
219 264 16 21 0.02414384 
88 276 12 16 0.024051923 
918 205 12 16 0.023835031 
509 245 11 14 0.023131149 
826 214 8 10 0.023109088 
969 224 28 33 0.023013879 
420 704 25 38 0.022943836 
151 265 12 14 0.022859912 
965 209 15 21 0.02275782 
105 278 11 14 0.022613619 
484 240 11 13 0.022396127 
225 279 18 22 0.022148674 
182 236 8 11 0.022018377 
450 280 39 47 0.021965161 
963 212 23 30 0.021870472 
201 188 9 11 0.021767613 
99 295 21 26 0.021230724 
529 247 9 11 0.021202577 
533 259 11 14 0.021087835 
497 244 10 12 0.020925375 
677 178 18 22 0.020674184 
528 253 10 13 0.020566039 
908 216 20 28 0.020506743 
753 245 17 23 0.020025387 
