22_Picnic_Picnic_22_313
83
160 304 29 38 0.99861133 
700 276 23 33 0.9976006 
304 310 27 36 0.99696213 
618 190 24 31 0.99367946 
648 339 21 28 0.675505 
77 211 10 14 0.6598722 
224 298 20 30 0.4914041 
771 355 33 42 0.31702435 
512 240 15 21 0.1138939 
764 284 11 15 0.1110431 
572 238 14 17 0.10297553 
243 599 11 13 0.08694868 
391 615 29 33 0.08307291 
742 266 20 27 0.08032343 
40 201 9 10 0.07696852 
785 375 19 24 0.07670329 
384 482 38 54 0.076601595 
759 278 11 14 0.068349436 
568 237 12 15 0.06627534 
429 620 9 12 0.057339773 
0 212 7 11 0.05607924 
289 633 12 16 0.052114055 
742 291 13 16 0.050635543 
746 283 12 16 0.049710654 
61 197 10 14 0.04811985 
55 216 9 11 0.046785373 
656 192 14 20 0.046784483 
0 206 6 12 0.046506837 
129 435 123 119 0.045931477 
567 455 26 29 0.045548737 
761 289 12 15 0.04467506 
73 208 11 14 0.041880805 
63 203 9 11 0.039573748 
966 182 9 11 0.039247997 
46 204 8 10 0.036993366 
371 633 14 16 0.03668626 
8 221 8 10 0.036460567 
608 14 10 12 0.035705496 
355 609 29 32 0.03566569 
333 620 23 26 0.035489257 
270 634 13 15 0.035474144 
647 356 16 24 0.034720983 
950 156 11 12 0.033089396 
56 238 9 10 0.03281965 
560 222 8 11 0.03223969 
45 200 7 10 0.03200734 
390 558 10 12 0.02993886 
407 590 11 12 0.029590769 
656 342 22 29 0.029303683 
983 182 7 9 0.029237188 
362 623 25 27 0.02882696 
769 356 20 27 0.027749814 
789 299 12 15 0.02713846 
543 248 11 15 0.026948338 
795 257 42 54 0.02645189 
397 557 10 12 0.026420953 
400 590 10 11 0.025939025 
347 620 17 22 0.02585414 
192 309 22 28 0.024807401 
572 210 25 28 0.024340086 
92 274 474 492 0.023531357 
262 634 13 19 0.02346753 
958 181 12 14 0.023459649 
335 626 14 15 0.022732796 
81 166 9 13 0.022411134 
61 220 9 11 0.022339929 
238 602 23 26 0.022298504 
214 303 22 30 0.022096343 
23 197 9 11 0.022028342 
468 637 15 18 0.021921761 
953 183 9 12 0.021877976 
789 283 13 17 0.021637674 
350 620 27 28 0.021378167 
73 206 18 24 0.021174045 
189 296 23 31 0.020828318 
13 215 8 10 0.020750374 
765 362 52 57 0.020660963 
717 323 40 50 0.02061123 
411 617 14 19 0.020523952 
56 205 8 10 0.020515932 
391 552 9 12 0.020500509 
98 196 9 11 0.020156993 
658 14 12 15 0.020116601 
