22_Picnic_Picnic_22_290
130
415 411 28 37 0.9997962 
344 411 28 41 0.99919707 
617 417 28 36 0.99589217 
280 425 19 35 0.98127043 
550 429 22 35 0.42379642 
895 77 13 16 0.26507825 
807 3 11 13 0.24171183 
612 513 27 32 0.18338594 
601 426 15 20 0.17725559 
951 55 8 9 0.15768178 
861 70 10 12 0.15038748 
918 31 8 11 0.1492678 
903 12 12 15 0.1218632 
819 23 10 12 0.11009858 
967 3 9 12 0.109051794 
931 54 8 10 0.10270571 
822 14 9 11 0.10041354 
306 447 17 22 0.09827504 
960 21 8 10 0.08940331 
835 27 11 14 0.0877349 
884 30 13 13 0.081326865 
941 63 9 10 0.08011409 
920 64 9 12 0.07964745 
952 74 10 12 0.0775506 
833 23 10 13 0.0721246 
983 54 7 9 0.06810311 
909 22 9 10 0.059425723 
976 23 7 9 0.058312606 
910 61 9 12 0.05761153 
1006 37 8 10 0.05486428 
878 66 10 12 0.053006183 
912 78 8 12 0.052135363 
936 1 11 10 0.050370734 
993 63 8 10 0.0503284 
961 63 9 11 0.048545532 
823 9 10 11 0.048220646 
961 45 10 12 0.047825687 
285 523 11 13 0.04698429 
943 33 10 11 0.046644818 
923 68 10 13 0.045811612 
812 6 10 12 0.045182396 
958 69 11 13 0.044168375 
941 4 10 11 0.043944277 
856 5 9 12 0.04366861 
990 32 8 11 0.043195292 
938 31 8 10 0.043013513 
697 0 9 9 0.042278018 
924 62 11 13 0.041616254 
432 323 430 463 0.04109422 
726 30 10 12 0.040209465 
908 8 12 12 0.039791282 
984 7 9 11 0.039639145 
181 193 27 40 0.039386004 
234 433 15 25 0.03923505 
679 9 9 9 0.038634986 
829 13 10 11 0.03830637 
925 15 9 11 0.037494104 
816 37 9 12 0.03745081 
877 91 9 11 0.0373464 
966 40 8 10 0.03662088 
968 85 11 13 0.036495056 
789 48 9 10 0.0357684 
311 373 31 38 0.035589788 
942 68 9 12 0.03507841 
975 30 8 10 0.034489337 
802 5 10 12 0.03385386 
849 15 10 12 0.03363357 
952 48 9 11 0.033506036 
1000 54 8 11 0.033035096 
743 12 9 12 0.032969296 
321 368 17 20 0.0323395 
991 14 8 10 0.030952683 
862 4 11 11 0.030283442 
702 4 9 11 0.030005526 
560 438 15 23 0.02975419 
799 23 10 12 0.02967368 
974 4 10 11 0.029666413 
1001 16 7 9 0.029487649 
903 0 9 9 0.02925132 
1004 30 9 11 0.028590703 
264 430 25 31 0.028526088 
558 370 23 26 0.028247805 
1005 95 11 14 0.028088583 
919 7 10 12 0.027181363 
230 427 13 22 0.026951404 
170 201 28 35 0.02688905 
888 61 9 12 0.026433446 
686 9 8 10 0.026273878 
905 62 10 11 0.02599733 
889 80 11 13 0.025984727 
942 87 10 11 0.025983194 
893 61 9 11 0.025828464 
921 13 9 11 0.025807044 
696 373 27 32 0.025539389 
913 83 9 12 0.025425447 
982 94 9 10 0.025402304 
965 15 8 10 0.025257863 
886 84 10 14 0.025004424 
948 32 10 11 0.024655925 
712 7 9 11 0.02441783 
978 54 8 10 0.024287732 
300 407 25 36 0.023733305 
751 29 10 12 0.023706932 
615 424 16 22 0.023695692 
937 61 10 12 0.023603316 
901 70 10 13 0.023532318 
929 49 8 10 0.02311228 
934 47 8 11 0.022976417 
903 102 10 13 0.02279099 
951 15 8 10 0.022780567 
972 78 11 13 0.022711152 
889 103 8 11 0.022663929 
880 80 10 12 0.022394612 
927 21 9 11 0.02239226 
873 89 10 12 0.022356868 
286 432 22 33 0.02233343 
277 420 17 26 0.02232466 
964 68 9 11 0.022132002 
997 70 8 11 0.022076696 
860 63 10 13 0.021728989 
304 384 32 42 0.021669136 
246 175 48 54 0.02165725 
700 413 17 21 0.021585207 
911 57 8 10 0.02131636 
781 31 11 13 0.020974299 
992 23 8 9 0.020934593 
714 12 8 11 0.02087708 
534 438 41 51 0.020765528 
977 17 8 10 0.020143442 
671 391 416 511 0.0200139 
