22_Picnic_Picnic_22_444
204
401 350 9 11 0.6573695 
295 396 10 14 0.64212126 
375 416 10 13 0.59121764 
211 400 14 18 0.5039482 
534 327 9 11 0.5001197 
207 405 12 16 0.4096399 
568 332 11 13 0.38456053 
680 336 10 13 0.38303775 
509 400 15 18 0.37861353 
454 336 10 12 0.36901945 
637 347 9 11 0.36443365 
621 427 11 15 0.31649497 
505 336 9 11 0.29012772 
503 386 11 14 0.2853894 
429 372 8 11 0.20750462 
137 347 11 13 0.2070527 
584 392 13 16 0.18265441 
813 348 10 13 0.17131065 
519 365 9 13 0.1585708 
607 328 8 11 0.13648315 
425 368 9 12 0.1246527 
449 340 9 12 0.12085337 
406 383 8 12 0.11988548 
530 328 9 10 0.09663421 
810 350 9 13 0.09518041 
466 320 10 12 0.09143921 
380 415 11 14 0.0900748 
765 336 9 10 0.08918325 
495 335 8 11 0.084895745 
717 334 9 10 0.08461582 
650 358 8 11 0.079503514 
593 365 9 12 0.07535107 
524 365 10 12 0.075152494 
577 352 10 12 0.07324861 
227 421 11 15 0.07182367 
634 344 9 12 0.07137173 
399 345 9 12 0.06320912 
797 336 8 10 0.0630653 
581 425 14 17 0.06237962 
170 348 9 12 0.058190882 
510 371 11 13 0.058088753 
811 355 11 16 0.057947792 
519 325 8 11 0.057322357 
433 399 9 11 0.05522779 
673 339 10 13 0.054704886 
583 381 12 14 0.053696685 
540 326 10 11 0.05359197 
780 350 11 13 0.051676277 
507 383 11 14 0.051614176 
623 379 9 11 0.051286336 
511 319 8 10 0.050669566 
588 306 13 15 0.050603792 
395 350 9 11 0.049329504 
203 405 10 14 0.049139075 
819 346 11 14 0.048816822 
246 318 8 9 0.048283696 
459 334 11 13 0.04826784 
210 340 10 12 0.04613064 
581 355 10 13 0.04586283 
509 338 9 12 0.045717098 
535 321 9 11 0.045584388 
592 359 9 12 0.044757612 
497 388 11 14 0.044740498 
543 320 10 11 0.044247624 
405 355 8 11 0.044244636 
500 383 19 25 0.043797653 
584 376 11 12 0.043686517 
398 367 10 13 0.043637197 
722 346 9 12 0.04278393 
505 403 12 16 0.04243974 
702 263 199 231 0.041763682 
140 355 11 13 0.04114564 
807 344 10 13 0.04087692 
921 312 9 10 0.040109675 
798 340 8 11 0.040059093 
624 358 9 11 0.03980147 
478 421 9 11 0.039738048 
565 437 12 15 0.038281135 
496 340 8 10 0.037911773 
565 463 37 42 0.03769574 
495 364 9 11 0.037472736 
262 387 10 12 0.03700803 
552 327 9 10 0.036669202 
576 426 11 16 0.036320273 
215 406 20 24 0.035702493 
370 415 9 12 0.035650805 
717 326 9 13 0.035636786 
589 333 9 12 0.03526877 
550 316 10 12 0.03511328 
557 327 9 10 0.034984328 
769 317 9 12 0.034942884 
655 379 8 11 0.03455224 
549 414 11 13 0.034334287 
687 314 10 13 0.034231324 
369 359 9 11 0.0340767 
664 336 8 10 0.033917625 
138 320 8 11 0.033775292 
505 318 9 11 0.03370832 
292 393 18 22 0.033623464 
519 320 7 10 0.03352226 
535 384 9 10 0.032976244 
519 359 9 12 0.03265287 
242 319 6 9 0.032108687 
601 326 10 12 0.032025147 
505 311 9 11 0.03177642 
571 328 11 13 0.031768836 
423 319 8 11 0.031723585 
542 414 11 14 0.031699825 
264 312 10 12 0.03169916 
615 366 9 12 0.03160224 
218 397 12 15 0.031597633 
221 415 20 25 0.031001624 
631 358 8 11 0.030842982 
631 320 8 10 0.030511882 
585 327 9 11 0.030379454 
254 413 10 13 0.030313712 
434 390 9 12 0.030262033 
621 327 8 10 0.030054979 
358 415 10 13 0.029802812 
173 344 9 12 0.029785348 
647 334 10 11 0.029617907 
143 319 9 11 0.029559067 
256 385 13 16 0.029414441 
486 419 11 12 0.029384468 
151 347 10 13 0.029131744 
655 343 8 10 0.029057886 
681 329 9 12 0.02903255 
558 318 9 11 0.02798745 
488 364 10 11 0.027976511 
471 323 200 219 0.027936913 
495 303 9 10 0.027914597 
615 326 9 11 0.027897969 
584 342 9 11 0.02783682 
271 294 7 9 0.027290821 
552 333 10 11 0.027225452 
517 397 23 27 0.027117837 
236 421 12 16 0.027117709 
279 303 8 10 0.027013365 
447 327 9 12 0.026666962 
520 310 8 10 0.026627004 
488 341 9 11 0.026584506 
615 307 11 13 0.026167732 
565 429 13 16 0.026163321 
616 392 10 13 0.026121086 
491 334 9 12 0.025934713 
298 391 11 13 0.025523325 
762 339 9 12 0.025276285 
423 335 8 11 0.025255311 
527 319 9 11 0.025096023 
337 359 8 11 0.02468853 
48 286 9 12 0.024685804 
598 319 9 11 0.024636382 
494 395 10 13 0.024576103 
766 326 10 12 0.024514694 
526 311 9 11 0.02438453 
525 350 10 12 0.024238242 
589 371 11 13 0.024155874 
378 380 8 10 0.023943473 
622 320 8 10 0.023849022 
264 350 10 12 0.023831757 
262 411 12 13 0.023728313 
59 100 16 19 0.023548497 
491 419 12 13 0.023540461 
647 351 9 10 0.0231704 
157 342 9 11 0.02314349 
72 334 9 11 0.023130007 
382 381 8 10 0.023078328 
624 351 8 11 0.022912825 
149 318 8 11 0.02286654 
685 328 10 12 0.022863131 
346 446 10 13 0.022817068 
381 342 8 11 0.022691622 
432 381 9 12 0.02257616 
621 301 10 13 0.022431334 
807 362 11 15 0.022225251 
472 359 8 12 0.02218788 
616 433 12 15 0.022057626 
618 373 9 12 0.021859573 
397 345 18 23 0.021811439 
807 334 10 12 0.02176083 
393 356 9 11 0.021681394 
721 301 9 11 0.021646403 
289 402 11 14 0.021606855 
519 350 10 12 0.021584064 
269 311 9 11 0.021550713 
407 375 8 11 0.021441858 
336 373 9 10 0.021366026 
591 316 9 12 0.02131801 
703 325 9 12 0.02127565 
807 349 19 26 0.021268057 
502 359 9 11 0.021264136 
438 360 9 11 0.021128336 
925 310 8 10 0.021109063 
654 350 8 11 0.021101058 
519 304 8 10 0.02106373 
589 326 9 11 0.020822672 
647 342 9 11 0.02078347 
567 318 9 10 0.020760946 
502 365 11 13 0.020718176 
135 338 18 23 0.020710278 
472 419 10 11 0.0205438 
494 413 10 13 0.020521648 
572 435 12 15 0.020402273 
441 369 114 123 0.0201373 
