22_Picnic_Picnic_22_732
1266
282 601 13 18 0.9424925 
585 540 9 12 0.89572656 
847 618 15 18 0.8313368 
427 573 9 12 0.7920153 
148 590 11 14 0.75869924 
607 610 11 15 0.74497813 
668 626 16 17 0.6888679 
576 557 10 13 0.6871337 
223 588 10 12 0.660138 
240 573 12 14 0.64943594 
527 602 11 14 0.6262984 
295 544 8 11 0.6082204 
59 655 16 22 0.53918654 
790 547 9 12 0.5304254 
109 560 11 13 0.5158135 
517 560 10 12 0.49175817 
407 572 8 11 0.49045798 
724 581 11 15 0.47941473 
722 612 10 14 0.4571546 
215 608 10 12 0.44508597 
366 563 9 12 0.4362541 
182 558 10 13 0.42632833 
768 534 10 12 0.4052915 
656 589 10 14 0.4036896 
158 536 9 12 0.39921847 
255 583 10 13 0.38594687 
183 543 10 11 0.37269706 
150 522 7 9 0.34704724 
365 580 10 13 0.34472245 
591 588 9 12 0.34225836 
903 591 10 15 0.33857557 
990 569 9 11 0.334017 
561 541 9 11 0.32470635 
194 528 8 10 0.30291346 
210 551 9 10 0.30230707 
640 544 8 10 0.30217236 
737 589 9 12 0.30012012 
552 589 13 16 0.29845363 
502 544 10 13 0.28119394 
592 583 10 13 0.27880347 
366 576 10 12 0.2661781 
184 548 11 12 0.26591647 
321 582 10 13 0.26401424 
241 555 9 12 0.25666967 
632 525 8 10 0.2548234 
261 534 8 11 0.24998221 
169 524 7 10 0.2494999 
336 613 13 16 0.24514851 
136 577 14 16 0.24081792 
744 634 12 14 0.23544133 
487 563 10 11 0.23473953 
144 594 11 14 0.23325473 
197 528 10 11 0.23269549 
628 604 9 11 0.22819002 
257 495 7 9 0.22695354 
88 526 7 8 0.22313912 
231 551 9 12 0.21449114 
507 582 10 13 0.21425499 
381 590 9 12 0.21119167 
215 630 13 16 0.21056266 
449 541 9 11 0.20137672 
327 521 7 9 0.19943656 
706 567 9 11 0.1984603 
759 624 10 14 0.19594559 
720 607 11 13 0.19356826 
510 575 10 11 0.19261013 
701 582 10 13 0.18787152 
171 521 6 9 0.18440165 
58 536 7 9 0.1841254 
1014 566 8 12 0.18226251 
472 559 7 10 0.18210514 
332 553 9 10 0.17896698 
238 535 8 10 0.1779678 
528 548 8 11 0.17640111 
944 583 11 13 0.17346075 
680 573 9 12 0.17293483 
233 525 9 12 0.1713021 
366 587 10 12 0.17120603 
831 495 7 9 0.17088874 
561 536 8 11 0.16844603 
257 535 8 11 0.16826275 
5 550 10 13 0.16558789 
154 534 8 11 0.16137145 
514 30 202 201 0.15949512 
889 512 6 9 0.15922083 
425 527 8 10 0.15914501 
8 514 7 8 0.15859468 
513 526 8 9 0.15683688 
348 581 10 13 0.15674415 
537 573 10 12 0.1552231 
665 551 8 11 0.15490225 
664 572 9 11 0.15224129 
6 542 9 11 0.15177721 
896 519 9 11 0.1510528 
710 571 9 12 0.15097599 
174 520 8 10 0.15055461 
536 566 8 10 0.14969906 
257 520 7 9 0.14947633 
307 147 67 66 0.14879757 
925 535 9 12 0.1476191 
240 511 7 9 0.14741197 
968 534 11 14 0.14730465 
785 544 10 13 0.14715159 
63 567 9 11 0.14690408 
194 606 11 14 0.14644209 
342 518 8 10 0.14591675 
253 602 11 14 0.14510399 
617 549 9 12 0.14397044 
42 582 12 15 0.14347251 
392 599 9 12 0.14347033 
57 541 9 12 0.14295253 
716 550 10 12 0.14258118 
738 520 7 9 0.14192426 
513 564 11 12 0.14190274 
718 535 8 10 0.14039181 
629 567 10 13 0.13754526 
343 528 7 9 0.13697347 
872 509 7 9 0.13356854 
73 551 9 12 0.13315238 
78 555 8 10 0.13181627 
400 557 9 11 0.13106896 
48 659 15 17 0.13027853 
581 571 13 15 0.12943022 
61 548 9 12 0.128514 
345 559 8 9 0.12838297 
360 524 7 10 0.12774573 
7 517 7 10 0.12719072 
653 629 9 14 0.12654151 
470 525 9 11 0.124958955 
122 582 8 11 0.12330495 
694 627 11 15 0.12296583 
889 534 8 9 0.122743934 
863 580 9 11 0.12266209 
654 511 7 9 0.12170958 
800 527 8 11 0.12123679 
815 502 7 8 0.12100715 
402 534 8 10 0.119768456 
624 600 9 13 0.11974344 
22 566 11 13 0.118484214 
447 625 9 13 0.1167666 
580 563 11 15 0.116165005 
526 535 8 10 0.11590356 
224 496 7 9 0.1157685 
509 588 9 12 0.114042446 
305 495 7 9 0.11350975 
234 532 10 12 0.11324723 
921 540 8 10 0.112956695 
733 624 12 14 0.11286472 
504 586 10 13 0.112459 
351 558 8 10 0.11200382 
24 519 7 9 0.11145509 
217 535 8 10 0.1112363 
337 518 7 10 0.111041434 
1006 565 10 13 0.11094007 
646 632 13 16 0.11016592 
711 526 8 9 0.10931002 
382 595 10 13 0.10910114 
621 548 9 12 0.10832546 
225 504 7 8 0.10831246 
294 525 7 10 0.10808348 
1 536 8 11 0.107993715 
238 519 8 10 0.107807204 
361 560 8 11 0.10771003 
808 525 9 11 0.107693836 
345 540 9 11 0.10734761 
583 511 7 9 0.10733578 
345 535 8 11 0.106775425 
232 520 9 11 0.10675541 
465 526 9 10 0.106624834 
262 526 8 10 0.10574753 
402 565 9 12 0.104430914 
561 613 10 15 0.10441869 
72 496 7 9 0.104318045 
340 617 11 16 0.10429259 
61 542 10 12 0.10413607 
262 595 12 15 0.103961 
783 533 8 10 0.1032382 
263 503 6 8 0.10321424 
429 521 8 9 0.10298729 
217 519 6 9 0.10251427 
74 516 9 11 0.1022599 
330 535 9 11 0.101569206 
178 511 7 8 0.10140932 
599 527 9 10 0.100592285 
512 521 8 8 0.10025921 
261 496 8 9 0.09957898 
826 495 7 9 0.0994053 
412 626 11 15 0.099279016 
263 590 9 12 0.0991664 
191 505 7 9 0.09912488 
488 517 8 10 0.09883727 
855 557 9 12 0.09785084 
632 521 7 9 0.097567186 
83 590 10 13 0.09740229 
182 584 10 11 0.09636544 
406 541 9 11 0.09632881 
742 520 9 10 0.096237026 
245 578 11 15 0.09614402 
312 560 8 9 0.09601111 
432 543 7 10 0.09565286 
262 520 7 9 0.095208116 
526 543 9 12 0.09495613 
288 495 8 8 0.09407365 
551 527 9 11 0.0936195 
507 550 10 12 0.0932416 
110 591 9 12 0.092843965 
46 548 8 11 0.09271934 
104 520 6 8 0.09267047 
240 540 8 10 0.09243605 
205 574 9 11 0.09204673 
701 548 10 12 0.09117645 
208 503 7 9 0.09093485 
858 494 7 9 0.09069391 
245 568 9 12 0.09063379 
935 510 7 10 0.09059871 
465 496 6 8 0.09052197 
16 501 8 10 0.09041696 
608 504 6 9 0.09038465 
141 495 8 9 0.08971941 
430 504 7 9 0.08950911 
61 536 8 11 0.08941678 
196 597 11 13 0.0888218 
999 566 10 12 0.08821416 
409 579 9 12 0.08795054 
556 583 11 14 0.08789074 
401 527 8 10 0.08788832 
977 520 8 10 0.08780745 
823 512 7 10 0.087478675 
977 464 8 9 0.08713113 
156 607 9 13 0.08703088 
759 497 7 9 0.08668709 
807 542 9 11 0.08665543 
934 469 8 10 0.08639507 
151 552 8 10 0.08638845 
246 588 10 12 0.08633262 
120 497 6 8 0.08590962 
269 596 11 15 0.08582556 
208 635 10 12 0.08568753 
367 597 10 14 0.08547133 
406 550 8 10 0.084877215 
210 605 10 13 0.084609605 
313 579 10 12 0.08445138 
370 496 7 8 0.08440171 
902 524 7 10 0.084393285 
392 495 7 8 0.08427253 
189 545 9 10 0.08421057 
358 543 7 11 0.08414026 
329 555 9 11 0.08384415 
591 521 7 10 0.08364592 
696 533 7 10 0.08363601 
209 544 8 9 0.083208896 
753 534 8 11 0.08304018 
549 547 8 11 0.082962684 
973 537 10 13 0.08265305 
831 533 9 12 0.08259918 
71 536 9 10 0.08252482 
992 519 8 10 0.08211637 
224 509 7 9 0.08206129 
307 119 99 119 0.08168689 
271 494 7 8 0.08143118 
578 512 6 8 0.081378624 
323 520 7 9 0.081365846 
105 495 6 9 0.080923 
946 548 13 15 0.08091926 
89 497 7 9 0.08088047 
245 553 9 12 0.08040486 
638 614 12 15 0.07977942 
597 586 9 12 0.079508185 
769 529 8 11 0.07937172 
590 573 10 12 0.079150945 
88 560 8 10 0.07907576 
895 572 10 14 0.078894824 
377 588 9 12 0.07854408 
290 604 11 14 0.078533545 
650 519 8 9 0.0784715 
864 519 7 10 0.07828805 
761 541 8 11 0.07815271 
39 527 7 9 0.07805702 
830 527 9 10 0.07802371 
397 599 8 11 0.077920385 
73 512 8 10 0.0777733 
458 582 8 10 0.07758011 
592 524 9 10 0.076693445 
262 564 8 11 0.07650694 
54 595 10 12 0.07571333 
901 566 9 12 0.07557833 
992 447 8 9 0.07526984 
521 535 8 10 0.07522077 
665 526 8 9 0.07501419 
934 465 8 9 0.074958324 
902 535 8 11 0.07479022 
654 518 7 10 0.07442034 
512 597 9 13 0.07407126 
351 589 9 11 0.073977195 
586 589 10 13 0.07350025 
487 512 9 10 0.07329118 
630 580 8 12 0.073288724 
472 522 8 9 0.07302004 
392 520 7 9 0.072843015 
375 583 8 11 0.07279399 
991 541 9 12 0.07264 
346 503 8 9 0.07253761 
1006 601 11 15 0.072194114 
184 520 6 9 0.07211522 
78 513 8 10 0.07177151 
998 521 8 9 0.071730234 
713 542 8 11 0.0712213 
489 528 7 9 0.07108497 
208 598 10 13 0.070928134 
425 519 8 10 0.070847146 
545 518 6 9 0.070832424 
198 591 10 12 0.07080091 
416 519 7 9 0.07069324 
625 510 6 8 0.070426315 
584 518 8 10 0.06987001 
543 512 7 9 0.069776 
456 557 7 10 0.069564566 
681 552 8 10 0.06920934 
571 557 10 12 0.06915052 
441 497 7 9 0.068962395 
783 511 7 9 0.06888885 
743 525 9 10 0.06881826 
-1 630 8 13 0.068649784 
305 559 7 10 0.068646125 
413 588 10 12 0.068520844 
716 631 13 18 0.06828855 
798 532 12 16 0.06827952 
127 519 8 10 0.06816098 
558 528 7 9 0.06814534 
248 596 11 15 0.068077266 
88 502 7 9 0.06787955 
160 512 7 9 0.06764752 
265 510 6 8 0.06757481 
664 520 7 9 0.06743892 
351 542 9 11 0.06730562 
189 573 10 12 0.06688112 
121 535 9 10 0.0668597 
135 543 8 10 0.066859104 
719 600 11 13 0.06678947 
514 510 7 8 0.06662183 
880 549 8 11 0.066451356 
413 581 10 12 0.06629758 
251 612 11 14 0.06623592 
225 551 8 11 0.06615628 
831 648 9 13 0.065903224 
676 634 11 13 0.06582423 
646 613 12 15 0.06549285 
271 489 7 8 0.06545659 
800 511 7 9 0.06539933 
65 503 8 10 0.06533579 
155 613 12 16 0.06518556 
198 496 7 8 0.0650566 
2 554 9 14 0.06493402 
950 526 8 10 0.06486674 
271 544 9 12 0.064794324 
519 598 12 16 0.06474348 
268 592 10 12 0.06465637 
846 511 8 10 0.06456604 
648 526 8 9 0.06455869 
319 504 9 11 0.06448053 
408 505 7 8 0.064399794 
329 487 7 9 0.06430182 
360 589 10 12 0.06419576 
344 512 8 10 0.06393061 
624 534 7 9 0.06392804 
536 528 7 10 0.063498065 
188 566 10 12 0.063183405 
318 559 7 9 0.06301032 
273 511 7 9 0.06290893 
728 637 10 14 0.06268888 
240 496 6 8 0.062683165 
70 542 9 10 0.062671386 
685 575 9 12 0.0622734 
869 580 9 12 0.062220994 
144 533 8 10 0.062158026 
290 521 7 8 0.061600655 
1001 596 12 15 0.061482873 
480 565 9 11 0.061364416 
450 519 7 9 0.06122542 
895 535 8 10 0.061190702 
1 497 7 10 0.061129674 
856 533 8 10 0.06098586 
600 532 9 11 0.0603471 
998 534 10 12 0.060068063 
958 532 12 14 0.059983175 
678 568 8 11 0.059928242 
857 488 7 10 0.059890512 
673 567 8 11 0.059722863 
488 532 9 11 0.0596958 
522 540 9 12 0.059689417 
546 542 9 12 0.059605304 
359 639 9 11 0.0595101 
625 571 10 13 0.05936042 
190 581 9 11 0.059275225 
598 548 8 11 0.059161995 
63 519 9 9 0.059063032 
102 542 8 11 0.059025493 
294 480 7 9 0.05902292 
183 537 7 10 0.05868814 
650 504 7 9 0.05857456 
936 504 7 10 0.058440547 
997 540 10 12 0.058266405 
805 616 9 12 0.057841793 
242 503 7 9 0.05782905 
751 511 7 8 0.057790983 
783 557 10 12 0.057579122 
984 541 9 12 0.057566702 
878 462 8 10 0.05751605 
584 580 10 14 0.05750235 
717 541 9 11 0.05743199 
999 604 11 15 0.057393555 
983 503 7 9 0.057256997 
383 489 6 9 0.057226814 
265 488 7 9 0.057167843 
535 560 9 11 0.05711952 
921 480 8 10 0.057029944 
847 559 9 11 0.057010073 
518 527 7 9 0.05693119 
568 551 9 12 0.056793794 
751 527 7 10 0.056642927 
704 572 10 12 0.056591727 
498 542 8 12 0.056553047 
257 500 8 10 0.056095988 
232 497 7 9 0.055775307 
262 540 10 13 0.05516075 
697 543 8 10 0.055143114 
646 542 7 11 0.055116262 
756 645 13 15 0.055068605 
127 535 7 9 0.055039305 
701 614 10 12 0.054800794 
151 556 8 11 0.054791592 
543 495 6 8 0.05472109 
277 511 8 9 0.054390647 
928 455 7 9 0.054244477 
178 541 9 11 0.05418394 
672 503 7 8 0.05405644 
701 605 9 12 0.0539562 
120 502 7 9 0.05386563 
695 512 7 9 0.053728327 
424 604 10 15 0.05372626 
429 525 8 11 0.053651944 
553 519 7 9 0.053616814 
223 520 8 10 0.053382434 
258 563 8 11 0.053318627 
617 527 7 10 0.05329352 
146 526 8 9 0.053261735 
821 557 12 13 0.053167786 
160 519 7 9 0.053125013 
997 470 8 10 0.053056683 
504 535 8 10 0.052962735 
624 527 7 10 0.052864734 
368 602 10 14 0.052708894 
352 550 8 10 0.052659508 
727 621 10 13 0.052507676 
976 510 8 10 0.052507464 
39 520 6 8 0.05250266 
440 501 8 9 0.05250146 
799 504 7 8 0.052451342 
565 535 9 11 0.05242248 
640 535 7 10 0.052409083 
256 559 8 11 0.052271195 
310 494 7 9 0.052243367 
336 494 7 8 0.051864687 
249 527 6 9 0.051796548 
320 526 8 9 0.051796507 
662 596 10 13 0.051506545 
575 527 8 10 0.05140714 
416 560 7 10 0.051393297 
41 597 10 14 0.051352475 
401 552 8 11 0.051305138 
841 606 9 13 0.05128141 
541 578 10 13 0.05119609 
317 576 9 12 0.051165767 
385 494 7 9 0.051031932 
817 512 8 9 0.05095987 
793 520 7 8 0.05094064 
714 535 8 11 0.050811857 
729 528 6 8 0.050801273 
887 541 9 11 0.05076491 
104 526 8 9 0.050760258 
249 605 11 15 0.05073443 
42 543 8 10 0.050691742 
126 526 8 9 0.050636426 
823 517 8 10 0.05057801 
377 526 6 8 0.050439414 
440 609 12 15 0.05037133 
314 551 8 10 0.050269514 
206 526 7 10 0.050067995 
423 533 8 10 0.050045498 
981 465 9 9 0.050039858 
686 552 7 9 0.049942918 
398 589 8 10 0.049855914 
720 513 6 7 0.04982017 
294 521 7 9 0.04979975 
728 628 10 14 0.04979828 
655 534 8 9 0.0494657 
464 559 9 10 0.049049806 
976 524 9 11 0.04901843 
464 502 7 9 0.048975043 
334 540 9 11 0.048805486 
830 519 8 9 0.048638538 
257 525 8 10 0.048567537 
629 610 13 16 0.048495207 
378 511 7 9 0.048463207 
815 517 8 10 0.048426565 
135 559 8 11 0.048425693 
7 565 9 13 0.048406858 
260 582 9 12 0.048395418 
622 543 9 12 0.048333604 
424 510 8 9 0.04830707 
623 505 6 8 0.048271023 
399 521 8 8 0.048216943 
609 520 8 9 0.048166495 
690 513 6 8 0.047983255 
625 519 7 8 0.04793222 
165 535 8 11 0.04790442 
960 511 8 9 0.047714654 
291 548 8 10 0.047617033 
136 511 7 9 0.047596212 
122 519 7 9 0.047539935 
950 520 8 10 0.047367677 
993 470 9 10 0.047300223 
318 534 8 11 0.047119316 
847 518 7 9 0.047056317 
854 573 11 13 0.047032066 
663 603 12 15 0.047010954 
841 512 8 9 0.047002375 
848 505 8 9 0.046866886 
138 489 7 9 0.04684995 
441 622 11 15 0.046781432 
86 564 10 13 0.04671885 
912 534 8 10 0.046710856 
216 572 10 12 0.04657588 
639 527 7 10 0.046488475 
755 604 11 13 0.04647734 
733 637 12 15 0.04638306 
214 541 8 11 0.046235114 
159 558 8 11 0.046073753 
918 463 7 9 0.046057716 
591 546 9 12 0.046033237 
880 622 10 14 0.045953013 
602 603 11 17 0.045754932 
930 512 8 9 0.045691304 
3 517 7 11 0.045685403 
982 519 8 10 0.045514245 
162 495 7 9 0.04551373 
144 586 18 22 0.045503963 
815 497 7 9 0.045484602 
151 572 10 13 0.045403335 
944 510 7 9 0.04537044 
255 576 10 13 0.045364484 
810 495 7 9 0.04528168 
545 534 9 10 0.045263585 
710 579 11 15 0.04517417 
41 533 7 10 0.04506611 
454 552 8 10 0.04490169 
825 533 9 12 0.044899076 
999 524 10 11 0.044866033 
401 502 6 9 0.04485814 
759 535 8 11 0.044755545 
345 576 9 12 0.04473879 
80 568 9 12 0.04471811 
176 566 9 13 0.04455505 
768 608 9 11 0.044440947 
599 543 9 12 0.044423178 
712 520 7 9 0.044361465 
213 555 9 12 0.04431048 
862 489 7 9 0.04404413 
505 506 7 8 0.04396164 
690 502 6 8 0.043952983 
256 490 7 8 0.043858252 
318 552 7 9 0.0437647 
634 549 8 10 0.043751698 
695 518 7 8 0.043706056 
912 557 10 12 0.043663852 
405 536 8 10 0.043460812 
352 564 9 11 0.04345505 
213 598 10 12 0.04341415 
214 620 13 17 0.04324953 
306 489 8 9 0.04323655 
15 565 11 13 0.043212358 
296 536 7 10 0.0429707 
986 571 10 12 0.042901795 
218 590 10 12 0.04285197 
805 645 10 13 0.04281549 
310 487 7 9 0.042796735 
290 502 7 10 0.0427487 
431 548 10 11 0.042698413 
146 627 14 18 0.042618264 
470 532 8 10 0.042557657 
601 597 10 14 0.042445283 
24 526 8 9 0.042407773 
293 587 12 16 0.042323448 
193 488 7 9 0.042299703 
841 518 7 9 0.042102072 
262 574 8 11 0.042089418 
417 535 8 10 0.042042784 
465 533 8 10 0.041988526 
389 574 8 11 0.04198387 
652 610 11 15 0.041966245 
5 537 9 10 0.04185806 
455 520 7 9 0.041653216 
768 551 8 10 0.04163289 
129 565 10 11 0.041584935 
106 563 10 12 0.04151903 
615 496 6 7 0.041412365 
737 525 7 9 0.04140662 
71 568 8 11 0.04138964 
446 559 9 10 0.04138431 
703 510 7 8 0.04136764 
166 598 9 11 0.041332256 
8 643 10 14 0.041331686 
485 621 12 14 0.041285552 
392 591 7 10 0.041177902 
592 505 6 7 0.041168243 
62 557 8 10 0.041159663 
519 511 7 8 0.041150387 
278 519 7 8 0.041134026 
503 556 10 13 0.04111289 
295 583 10 12 0.04106084 
696 528 7 9 0.041023105 
650 511 8 9 0.04101412 
690 518 7 8 0.040959813 
568 513 6 7 0.04090379 
914 464 7 9 0.040902376 
271 560 8 10 0.040734053 
696 496 6 8 0.04049206 
517 573 9 10 0.040467355 
511 531 9 11 0.040392563 
176 505 8 8 0.040332157 
770 518 7 9 0.040293775 
399 583 9 12 0.04012354 
414 596 10 12 0.040091015 
769 588 9 13 0.040083725 
775 529 9 10 0.04000007 
249 535 6 10 0.039859373 
878 496 8 9 0.03978125 
897 524 10 11 0.0397539 
191 620 10 12 0.039728034 
952 531 11 14 0.039700918 
930 517 7 9 0.039613396 
332 607 14 18 0.039502352 
626 487 7 9 0.0394245 
44 594 12 15 0.039397806 
937 478 7 8 0.039347026 
704 558 10 12 0.039251618 
783 504 7 9 0.039016962 
783 409 221 255 0.03899186 
133 566 10 12 0.038990825 
944 554 11 15 0.038986016 
408 495 6 8 0.03889704 
15 543 8 11 0.03880357 
479 560 8 10 0.03869985 
205 580 10 13 0.038661584 
41 488 6 7 0.03862743 
888 516 9 12 0.038625933 
778 504 7 8 0.038617786 
822 644 9 12 0.038565326 
470 550 9 12 0.038562097 
935 535 9 12 0.03851098 
647 560 7 10 0.03850475 
820 640 9 12 0.03841198 
975 456 7 9 0.038395252 
662 623 13 17 0.038378026 
177 537 8 10 0.038370594 
86 584 8 11 0.038275816 
655 505 7 9 0.038226645 
122 527 8 9 0.038116127 
727 503 6 8 0.038082995 
746 503 7 9 0.038081564 
105 489 6 8 0.037983622 
704 505 6 8 0.03797836 
487 541 9 12 0.037971094 
982 536 8 11 0.03790875 
878 456 7 10 0.03782465 
345 497 7 9 0.03780711 
874 495 7 9 0.03776907 
407 634 13 18 0.03774205 
993 524 8 11 0.037694473 
760 501 7 9 0.03769133 
654 526 8 9 0.0376787 
878 503 8 9 0.03759029 
910 512 6 8 0.0374025 
634 543 8 11 0.037364196 
812 526 9 11 0.037345596 
166 496 7 9 0.037219875 
299 542 9 12 0.03720797 
981 596 9 14 0.03713547 
314 527 8 9 0.037092716 
328 512 7 8 0.0370644 
731 643 14 17 0.037061326 
544 594 11 16 0.03705995 
273 518 7 9 0.037041966 
424 541 8 10 0.03703921 
814 534 9 12 0.037004016 
785 518 7 9 0.036872935 
873 526 7 10 0.036849484 
550 532 9 11 0.036827046 
337 513 7 10 0.03680239 
407 489 6 8 0.036784474 
88 543 9 12 0.03675464 
374 495 7 8 0.036747072 
453 536 9 11 0.03673697 
249 496 7 9 0.036685877 
930 464 8 9 0.03664045 
776 550 8 11 0.03657334 
722 503 6 8 0.036544 
328 606 11 15 0.036528714 
229 581 10 14 0.036414694 
423 612 10 13 0.03631528 
774 541 9 11 0.036140524 
126 31 47 82 0.036124546 
65 510 8 10 0.035995264 
393 502 7 8 0.035995085 
458 503 6 8 0.035972174 
881 543 7 10 0.035964098 
206 567 9 11 0.035950743 
390 542 9 11 0.03592197 
614 519 8 8 0.035911255 
346 552 8 10 0.035896685 
464 603 9 12 0.035832465 
408 509 7 8 0.035790082 
737 496 6 8 0.03578281 
506 520 7 9 0.035736952 
664 543 8 10 0.035722964 
378 489 6 8 0.035645083 
217 567 8 10 0.035521355 
200 520 8 10 0.035517566 
824 453 9 10 0.035517488 
95 548 8 11 0.03544616 
768 512 6 9 0.035417207 
141 490 8 9 0.035358645 
136 550 8 10 0.03535725 
711 555 10 13 0.035339214 
978 469 8 11 0.035233174 
995 600 20 29 0.03520908 
119 512 7 9 0.03515318 
321 496 7 8 0.035138167 
728 512 7 8 0.035102252 
440 560 10 11 0.035097647 
192 591 9 11 0.035083372 
519 520 8 9 0.035062134 
219 610 10 15 0.034969054 
665 534 7 9 0.03496501 
463 564 9 11 0.03486845 
390 535 8 10 0.034860652 
791 503 8 9 0.03485428 
216 526 7 10 0.03482667 
640 520 6 8 0.034809142 
287 564 10 12 0.03480544 
541 565 8 11 0.034786087 
303 502 7 9 0.034757722 
449 548 9 12 0.034703754 
983 547 10 13 0.03462131 
29 563 11 14 0.03457052 
157 589 10 14 0.034533035 
470 543 10 12 0.034486283 
887 548 9 12 0.03435287 
421 620 10 13 0.034349844 
167 489 6 7 0.03433652 
318 565 8 10 0.03433422 
856 580 10 11 0.03418222 
457 587 10 13 0.03416869 
409 521 7 9 0.034164634 
385 520 7 9 0.034119487 
337 526 6 10 0.034018785 
798 518 8 11 0.033989575 
879 510 7 9 0.033878855 
673 510 7 9 0.03386134 
606 526 9 11 0.033802096 
750 519 9 10 0.033655968 
724 598 10 13 0.03362511 
493 565 9 11 0.033570286 
42 547 8 12 0.03355808 
482 621 8 12 0.033546958 
221 535 8 11 0.033512305 
782 644 10 13 0.03350818 
406 620 13 17 0.033445157 
430 535 8 10 0.033405207 
685 598 10 13 0.03340152 
221 574 9 11 0.03333486 
511 603 11 15 0.03330256 
209 497 6 8 0.033299763 
444 604 11 15 0.033290666 
829 554 10 14 0.033285446 
671 520 8 9 0.03322985 
271 601 12 16 0.03319316 
669 551 8 11 0.033180624 
538 511 7 9 0.033151057 
142 502 8 9 0.033085067 
560 628 13 17 0.033044223 
624 580 10 12 0.033013877 
801 618 10 13 0.033006757 
930 469 8 10 0.032865122 
748 642 14 16 0.032834142 
716 564 11 13 0.03282858 
350 496 8 9 0.03282807 
46 494 7 9 0.032786764 
195 495 7 8 0.03277483 
826 526 9 11 0.03275188 
185 569 11 14 0.032735515 
400 496 6 8 0.03269881 
949 541 12 15 0.03269267 
150 583 11 16 0.032672532 
127 496 7 9 0.03264757 
991 512 8 10 0.032628026 
527 520 7 9 0.032555267 
679 512 7 8 0.032513656 
460 575 10 12 0.032499373 
32 526 8 10 0.032490358 
736 512 7 9 0.03247976 
983 509 8 11 0.032425605 
887 529 9 10 0.032395933 
326 573 9 12 0.032368597 
558 519 7 9 0.032326385 
152 566 10 12 0.03232149 
205 591 10 12 0.032305643 
569 564 10 12 0.032171987 
414 540 9 11 0.03213605 
222 567 8 10 0.032127343 
295 502 6 9 0.03204901 
748 630 12 16 0.032036062 
713 512 7 8 0.032000426 
160 489 7 9 0.031923544 
350 535 7 10 0.03185037 
167 502 7 9 0.031848263 
32 589 9 12 0.03182884 
831 501 8 9 0.03179776 
545 527 8 10 0.03175866 
719 259 370 459 0.03173769 
-10 54 124 194 0.031724285 
680 534 8 10 0.031717695 
630 488 7 9 0.03171227 
797 598 9 12 0.031528205 
56 529 8 9 0.031527366 
97 544 9 11 0.031503804 
740 641 15 18 0.031486314 
705 527 8 9 0.031466287 
424 600 8 12 0.031458553 
552 505 7 8 0.031434983 
272 526 8 10 0.031372715 
287 591 12 14 0.031340778 
643 618 14 17 0.03132285 
1016 516 8 12 0.031315286 
165 589 9 13 0.031310633 
825 489 7 9 0.03129608 
672 487 8 8 0.031286374 
716 653 10 13 0.0312514 
199 567 8 10 0.03116914 
791 571 12 16 0.031148894 
424 568 16 23 0.03104515 
991 607 11 16 0.031003451 
605 542 9 11 0.03095066 
644 641 14 19 0.03073866 
449 525 9 10 0.030690875 
327 505 7 9 0.030650405 
906 511 7 9 0.030589858 
368 502 7 8 0.030541714 
88 531 8 11 0.030538017 
513 506 6 8 0.030496513 
246 502 8 10 0.030471388 
538 496 7 8 0.030338429 
414 566 8 10 0.030283488 
313 521 7 8 0.030257497 
808 548 11 13 0.030217173 
896 496 8 10 0.030195493 
999 463 8 10 0.030165896 
167 573 9 11 0.030133735 
186 525 7 10 0.030069793 
751 504 7 9 0.030060144 
507 542 11 14 0.030039076 
699 628 11 15 0.030004015 
362 504 6 8 0.029960675 
736 607 11 12 0.029951334 
32 495 6 8 0.029943302 
65 496 7 9 0.029922819 
7 496 8 10 0.029813835 
902 540 8 10 0.029797897 
417 512 7 9 0.029774414 
943 543 11 14 0.029744087 
816 557 11 13 0.02973048 
177 488 6 8 0.029694859 
279 543 7 10 0.029595098 
342 626 9 12 0.029591182 
488 503 7 9 0.029573988 
1013 559 10 15 0.02956978 
895 557 9 11 0.029525336 
1012 603 10 17 0.029488945 
169 567 9 12 0.02948629 
958 527 10 12 0.029477429 
696 502 7 9 0.0294472 
385 535 7 9 0.029378934 
577 570 10 15 0.029371595 
535 532 8 11 0.029362936 
503 564 9 11 0.029346453 
375 595 11 15 0.02927005 
655 543 8 10 0.029173158 
744 557 10 12 0.02911925 
0 608 9 13 0.02907367 
582 536 17 22 0.02907079 
200 543 8 10 0.029064264 
382 512 7 8 0.02904956 
382 584 9 12 0.029043267 
62 526 8 9 0.029039264 
761 511 7 9 0.029028587 
840 556 11 13 0.029025294 
406 527 7 9 0.028922845 
86 522 8 9 0.028885543 
104 502 7 9 0.02885241 
231 502 6 9 0.02883691 
578 518 7 8 0.02882507 
94 564 7 11 0.028820261 
405 559 8 10 0.028776681 
2 512 6 10 0.028775223 
879 671 13 14 0.028759982 
485 549 10 12 0.028665738 
114 512 6 8 0.028498417 
407 596 11 13 0.028464526 
15 510 7 9 0.028409593 
216 511 7 9 0.028407231 
881 519 7 10 0.028406754 
840 613 12 15 0.028373592 
732 584 11 14 0.02835703 
864 524 7 10 0.028312134 
138 502 8 9 0.02823476 
641 635 12 15 0.028218653 
838 497 7 8 0.02821516 
711 598 10 12 0.028172478 
402 488 6 9 0.028169194 
296 510 7 9 0.028113862 
590 567 10 13 0.028108886 
855 501 8 9 0.028028063 
670 571 9 12 0.027969498 
573 553 17 23 0.02794945 
217 495 7 9 0.027941212 
177 584 9 12 0.027849695 
710 587 10 14 0.027824385 
247 599 19 24 0.027747221 
417 489 6 8 0.027720354 
655 623 10 14 0.027697371 
184 623 9 12 0.02751024 
632 532 8 11 0.027499992 
272 504 7 9 0.027452707 
112 489 6 9 0.027437039 
159 572 9 12 0.027433094 
669 557 8 11 0.027431512 
458 497 6 8 0.027420044 
726 533 8 10 0.027416777 
687 527 9 10 0.027412225 
69 502 8 10 0.027406914 
360 596 10 14 0.02736592 
537 520 7 8 0.027351245 
464 521 8 10 0.027350187 
768 494 7 9 0.027342927 
464 487 7 8 0.02733692 
614 573 10 13 0.027316224 
895 447 6 8 0.027305204 
703 598 10 12 0.027289057 
25 512 6 9 0.027228389 
112 495 8 9 0.027217608 
589 536 8 12 0.027203629 
577 563 21 25 0.027190479 
239 488 7 9 0.02708964 
383 615 10 13 0.027087366 
353 636 10 12 0.027069744 
225 556 8 11 0.02700142 
946 519 8 10 0.026964478 
808 511 7 9 0.026922494 
664 503 6 8 0.026909867 
89 549 9 11 0.02690836 
663 630 13 17 0.026899157 
22 502 8 9 0.026842263 
4 611 11 14 0.026842026 
390 89 85 107 0.026770586 
488 598 10 12 0.026760176 
912 458 7 9 0.026736937 
471 620 8 12 0.026710715 
32 520 7 9 0.026654912 
857 519 8 10 0.026634216 
262 630 12 16 0.02663103 
301 604 10 14 0.026628742 
480 549 9 12 0.026627444 
855 527 8 10 0.026463453 
232 543 9 11 0.026430476 
382 61 217 218 0.02640811 
567 497 8 8 0.026404954 
328 480 7 9 0.026386978 
542 560 9 10 0.026353626 
5 666 15 18 0.02634729 
208 509 8 10 0.026291994 
106 555 18 22 0.026286442 
367 488 7 8 0.026270948 
729 519 7 9 0.026231635 
120 541 9 10 0.026227972 
496 588 11 13 0.026219398 
609 487 6 7 0.02614316 
686 556 9 12 0.02613613 
176 496 7 8 0.026131896 
982 524 8 11 0.026091076 
448 512 6 9 0.026058154 
744 534 9 11 0.026047844 
391 583 9 11 0.025991136 
479 519 8 10 0.025954241 
605 533 9 11 0.025936224 
440 480 8 10 0.025899682 
719 529 8 9 0.02589387 
788 366 9 12 0.025831735 
551 599 11 15 0.025807703 
810 521 8 10 0.025782593 
135 535 8 10 0.025779223 
451 626 11 14 0.025756119 
361 487 7 8 0.025664626 
792 526 7 10 0.025651678 
239 595 11 15 0.02559866 
329 492 7 9 0.025582395 
620 588 11 15 0.025555931 
120 576 9 12 0.025548132 
655 605 11 16 0.025543852 
774 607 8 10 0.025542395 
629 586 10 14 0.025526363 
761 627 12 14 0.025504109 
992 536 9 12 0.0254186 
276 582 9 12 0.02540421 
929 527 7 10 0.0253881 
671 534 7 10 0.025373148 
495 574 9 11 0.02533333 
358 548 7 10 0.025315722 
584 489 6 8 0.025292683 
13 548 9 11 0.025282834 
40 511 7 9 0.025275033 
880 535 8 9 0.025235984 
345 587 10 12 0.025235293 
288 489 7 9 0.025220213 
234 573 9 13 0.025179321 
912 563 9 13 0.02514685 
217 583 9 12 0.025133599 
455 525 8 10 0.025114316 
94 559 7 10 0.025104044 
871 518 8 10 0.025090674 
845 564 11 14 0.025084855 
817 643 10 13 0.025009144 
575 589 11 14 0.025001936 
597 572 9 13 0.024979945 
865 503 7 9 0.024949428 
810 502 7 9 0.024929848 
894 512 8 9 0.024917858 
360 512 7 8 0.024917368 
359 643 11 14 0.02491728 
503 595 10 14 0.024795048 
669 526 8 10 0.024742529 
778 511 7 9 0.024734154 
376 519 8 9 0.024733502 
916 564 11 14 0.024732253 
1000 606 21 37 0.024703307 
642 495 6 8 0.024697712 
223 489 8 9 0.024680102 
527 557 9 12 0.02466978 
472 510 8 9 0.024642225 
1006 462 8 10 0.024637915 
656 567 10 12 0.024599958 
296 653 10 13 0.024599262 
345 480 7 9 0.024576714 
721 496 6 8 0.02452449 
743 572 9 12 0.024455326 
21 665 14 16 0.024388319 
929 449 6 8 0.024387622 
695 575 9 12 0.024358356 
862 535 8 9 0.024326852 
775 518 8 9 0.024293002 
584 525 8 10 0.02428863 
401 618 11 15 0.024265468 
30 557 12 14 0.024262344 
1015 525 9 12 0.024221102 
737 503 7 9 0.024212938 
527 592 12 14 0.024211124 
616 33 198 205 0.02420468 
682 604 10 13 0.02415284 
504 604 10 14 0.024148624 
47 535 7 9 0.024101233 
717 574 10 13 0.024095641 
482 511 7 10 0.024093635 
631 559 9 10 0.02408642 
373 604 10 13 0.02407099 
224 525 8 11 0.024029769 
587 583 18 23 0.024021784 
31 595 10 14 0.02397103 
505 510 7 8 0.023957284 
279 505 7 8 0.023950173 
903 558 8 11 0.023919858 
376 534 7 10 0.02389816 
784 496 8 9 0.023818282 
960 504 8 10 0.023753697 
959 516 11 12 0.023724047 
616 504 7 8 0.023659542 
201 511 7 9 0.02365136 
504 526 9 10 0.023610383 
110 553 9 10 0.02356219 
584 506 7 8 0.023541043 
265 548 9 11 0.023461374 
532 590 13 15 0.02344918 
776 494 7 10 0.023373099 
392 525 7 10 0.023358753 
56 512 7 8 0.023328759 
925 627 13 22 0.02332783 
785 542 19 23 0.023322165 
566 573 10 13 0.023288023 
975 573 9 12 0.023261994 
805 456 9 9 0.023261504 
710 487 7 8 0.02319749 
753 496 8 9 0.023185674 
327 567 9 11 0.023175444 
557 605 12 16 0.023174152 
377 479 7 8 0.023165978 
18 527 7 9 0.023139633 
222 542 8 11 0.023119166 
879 526 8 10 0.023097983 
350 511 7 9 0.02305836 
40 575 10 14 0.023050072 
528 565 8 10 0.02299454 
830 511 8 10 0.022972832 
279 535 8 11 0.022926554 
527 503 8 10 0.022891087 
884 597 13 15 0.022880878 
863 611 12 15 0.022862341 
366 519 8 10 0.022844955 
719 518 7 9 0.022842536 
704 482 8 9 0.022812935 
814 550 9 12 0.022812631 
22 543 8 10 0.022807768 
764 651 14 15 0.022794422 
65 489 6 8 0.022724384 
416 496 7 9 0.022705978 
606 572 11 14 0.02266834 
631 494 7 8 0.022614328 
318 578 17 22 0.022567071 
295 485 6 9 0.022565242 
912 517 7 9 0.022545468 
841 617 14 20 0.02253094 
991 614 13 19 0.022491973 
433 487 6 8 0.022475349 
758 614 11 13 0.022464236 
824 502 7 9 0.022456177 
208 520 7 10 0.02243506 
793 604 9 11 0.02243447 
281 490 6 7 0.02242545 
479 543 8 12 0.022409892 
766 611 10 13 0.022381013 
528 573 8 10 0.02237587 
976 597 12 18 0.022369677 
873 488 6 9 0.022341518 
496 495 6 8 0.02233643 
670 542 7 10 0.02228593 
256 528 18 24 0.022232879 
838 527 9 10 0.022224562 
494 528 8 9 0.022204693 
95 496 7 9 0.022202097 
657 549 9 11 0.022175707 
942 465 8 9 0.022114793 
79 496 6 9 0.022041664 
143 510 8 10 0.02203661 
681 556 8 12 0.022027014 
353 527 7 9 0.022002889 
236 504 20 24 0.021982986 
157 565 10 14 0.021922883 
46 487 7 9 0.021916064 
554 489 7 8 0.02189719 
967 511 6 9 0.021883573 
1015 540 9 13 0.021872358 
468 605 9 13 0.021848843 
744 495 7 9 0.02184764 
456 576 9 12 0.02184167 
602 505 7 8 0.021817522 
479 662 12 14 0.021798002 
162 502 7 10 0.021795094 
367 610 10 13 0.021782724 
282 495 6 7 0.021717515 
219 584 19 22 0.021674747 
739 631 20 22 0.021634728 
975 596 20 29 0.021631753 
614 596 14 17 0.021626975 
384 525 7 9 0.021623095 
541 601 10 14 0.021585936 
495 533 8 11 0.021573635 
178 557 19 24 0.021572798 
287 558 10 12 0.02154402 
71 525 9 10 0.021492667 
895 539 8 12 0.021470556 
520 635 10 13 0.021442257 
693 659 10 13 0.021434821 
951 510 8 9 0.021403018 
543 487 7 9 0.021383666 
111 583 9 12 0.02136093 
303 511 7 9 0.021359965 
882 627 12 16 0.02131975 
271 534 8 10 0.021286367 
746 511 7 8 0.021276705 
641 512 7 9 0.021268558 
743 541 9 11 0.021234615 
321 479 7 9 0.021195216 
532 550 9 10 0.021131145 
895 479 8 10 0.021110645 
925 486 8 10 0.021084616 
41 494 7 9 0.021081416 
804 533 11 15 0.021075208 
500 538 18 24 0.021060841 
505 576 9 12 0.021053322 
943 504 8 11 0.021036133 
969 464 7 8 0.021028904 
849 462 7 10 0.020997962 
728 498 6 8 0.020981707 
414 574 8 11 0.02097304 
608 510 7 8 0.020966256 
57 556 8 10 0.020965962 
229 597 10 13 0.020944607 
888 553 10 15 0.020944484 
608 549 9 11 0.020923814 
0 640 9 16 0.020906681 
477 668 13 16 0.02088544 
312 541 10 12 0.020869557 
497 581 10 14 0.02085737 
743 565 10 13 0.02084778 
257 511 8 9 0.02080548 
846 571 12 15 0.020778995 
464 509 8 9 0.020776354 
705 520 7 9 0.02077625 
528 527 8 9 0.020673292 
639 557 9 11 0.020672442 
217 488 7 9 0.0206614 
334 488 7 9 0.020644657 
232 567 9 11 0.020615293 
241 588 11 14 0.020602368 
116 565 8 11 0.020595176 
646 497 20 26 0.020594798 
766 529 18 23 0.020586222 
792 488 7 9 0.020578165 
592 577 17 24 0.020574067 
860 618 12 17 0.020545546 
863 542 9 12 0.020541726 
247 674 12 14 0.02053614 
773 588 12 15 0.02052583 
250 489 7 8 0.020517 
183 489 7 8 0.020496901 
809 488 7 8 0.020496327 
378 669 16 16 0.020489952 
98 519 7 8 0.020485172 
689 498 7 8 0.020435646 
656 495 7 8 0.02042569 
469 614 10 14 0.020405998 
0 621 9 17 0.020336134 
400 631 22 30 0.020325972 
120 490 6 7 0.020316202 
17 519 7 9 0.020302702 
54 536 19 24 0.020301811 
544 504 6 9 0.02027226 
688 625 10 15 0.020236371 
901 586 18 24 0.020220973 
351 631 11 13 0.020137753 
504 612 10 14 0.020135297 
772 653 12 14 0.020132422 
705 487 7 8 0.02012342 
202 636 10 12 0.02006126 
85 571 10 12 0.020031935 
440 487 8 8 0.020028671 
791 495 7 9 0.020023689 
632 617 12 16 0.020012196 
978 477 8 11 0.02000855 
