22_Picnic_Picnic_22_541
241
84 629 55 64 0.98991334 
86 348 13 19 0.68726593 
360 1110 12 16 0.44235185 
552 107 13 16 0.29814997 
993 143 15 20 0.2216947 
906 846 15 16 0.1976068 
309 192 22 25 0.19643715 
534 115 9 12 0.18573332 
642 81 14 16 0.15716198 
685 154 10 12 0.14832388 
774 1304 10 12 0.1284223 
970 112 15 18 0.12645938 
431 1071 8 10 0.111978896 
294 232 18 18 0.092057265 
253 323 36 35 0.09155654 
568 12 9 11 0.08885965 
653 1097 13 14 0.08461228 
484 82 13 15 0.079546764 
583 50 10 13 0.07746683 
788 95 10 13 0.0773116 
590 12 9 10 0.07632176 
922 76 12 15 0.073993966 
600 99 10 12 0.07214447 
432 1076 9 11 0.068643324 
757 1304 8 11 0.068594165 
942 84 10 13 0.067673445 
449 1072 9 11 0.06641292 
102 335 10 13 0.06558555 
281 231 11 13 0.06526882 
770 405 19 21 0.063920364 
580 103 9 11 0.06391737 
908 878 23 29 0.063463114 
606 15 8 11 0.062205575 
693 151 11 13 0.061214518 
899 891 12 14 0.059517916 
644 72 11 15 0.058594562 
845 45 12 15 0.05689312 
650 150 15 18 0.05567498 
718 56 10 13 0.055513214 
750 92 8 11 0.05522822 
838 46 13 16 0.054747876 
917 890 13 16 0.054180104 
653 85 10 13 0.053625602 
464 1070 11 13 0.052826095 
469 1084 12 15 0.052345596 
709 282 9 10 0.052110575 
252 237 14 16 0.051600806 
477 886 14 16 0.051219374 
607 108 9 11 0.050076813 
519 192 8 11 0.049216904 
897 880 25 27 0.049158484 
462 158 9 11 0.049066473 
464 1086 11 14 0.048802678 
686 285 9 9 0.0485617 
62 319 12 15 0.048558947 
436 1078 10 12 0.04837517 
761 69 10 14 0.048062623 
750 54 8 10 0.04714475 
325 287 17 19 0.046892114 
50 357 10 14 0.045841955 
427 1072 8 10 0.04581446 
263 966 60 72 0.04474159 
166 335 10 12 0.043480575 
351 257 32 36 0.043433446 
886 872 13 17 0.043201435 
617 108 8 11 0.043144844 
426 1077 8 10 0.04233445 
900 866 15 17 0.04166888 
453 1071 10 13 0.041664265 
493 81 13 15 0.041599803 
317 179 10 12 0.04151074 
784 87 11 12 0.04134719 
574 15 8 10 0.0411572 
102 346 13 17 0.040300507 
53 903 7 9 0.040063776 
680 131 11 13 0.039967097 
889 866 17 20 0.03972789 
705 284 9 11 0.039401874 
606 102 9 11 0.039238285 
933 149 10 12 0.03914293 
907 866 14 17 0.03879217 
64 345 12 16 0.038454782 
846 111 9 11 0.0381555 
434 1132 9 12 0.037879046 
797 78 9 10 0.037788063 
9 362 12 15 0.03771466 
305 290 12 14 0.037421156 
694 1070 8 10 0.037225097 
889 142 8 10 0.036725327 
436 1084 12 16 0.036656804 
721 1144 8 9 0.03643824 
437 1071 9 11 0.03626575 
576 44 12 16 0.03620403 
685 128 9 11 0.03600028 
545 96 7 9 0.035774782 
48 352 10 12 0.03553843 
1006 70 9 11 0.034829203 
785 99 11 13 0.034808002 
553 165 9 11 0.03474022 
588 51 9 14 0.034499213 
469 1077 11 14 0.034495257 
724 55 10 12 0.03415583 
864 110 8 10 0.03411617 
893 136 8 10 0.033984825 
185 344 8 10 0.03382985 
103 338 13 16 0.033778407 
174 349 9 12 0.033363707 
610 1072 8 10 0.033267695 
633 77 10 14 0.033087667 
767 86 8 11 0.032806944 
584 5 9 11 0.032719813 
508 182 9 12 0.032491207 
801 117 10 12 0.03207734 
92 342 11 15 0.031975627 
942 71 8 10 0.03137442 
428 1102 11 14 0.030951021 
293 215 11 14 0.03092044 
700 156 10 12 0.030862631 
496 192 9 11 0.030521525 
757 1173 11 13 0.030269012 
638 90 10 13 0.030201023 
52 364 10 12 0.030023297 
633 84 10 13 0.029635906 
906 857 16 19 0.029626671 
662 1071 8 10 0.029564722 
536 103 8 10 0.029437378 
248 243 11 13 0.029412756 
782 1305 9 11 0.029288905 
737 71 9 10 0.02908401 
422 1107 13 18 0.02903613 
109 373 56 61 0.02902536 
170 154 51 69 0.029015861 
500 83 10 13 0.02880368 
198 334 8 9 0.028551817 
667 381 16 20 0.028261567 
797 1218 12 16 0.028118454 
678 1079 8 10 0.027922407 
802 1161 34 41 0.027899306 
643 1117 46 53 0.027793 
724 12 11 14 0.027685167 
880 159 9 11 0.027629005 
431 1126 10 13 0.027617872 
78 316 12 14 0.027547074 
574 39 10 14 0.027522642 
450 103 8 10 0.027504904 
274 1119 30 39 0.027424682 
478 119 7 10 0.027325906 
710 44 10 13 0.02712663 
656 1089 10 12 0.027126351 
1013 91 9 12 0.02679497 
750 48 8 10 0.026542915 
354 252 17 20 0.026387943 
477 1136 15 21 0.025875801 
31 356 10 12 0.025845362 
850 44 14 17 0.025772275 
575 1150 10 11 0.025663784 
713 1069 9 9 0.025380556 
638 103 9 11 0.025274111 
159 337 12 15 0.025243131 
614 94 9 11 0.025210084 
159 1039 10 12 0.025154648 
462 1091 13 18 0.025037607 
476 442 13 15 0.024993084 
460 1098 13 17 0.024863003 
7 350 8 10 0.024837697 
554 160 10 12 0.02480072 
245 253 12 13 0.024784302 
633 92 10 13 0.024741506 
574 7 10 12 0.02470564 
236 329 41 39 0.02468849 
606 95 10 13 0.024662634 
571 799 58 84 0.024617027 
243 285 33 33 0.02450248 
882 165 9 13 0.024499487 
258 298 25 28 0.024412753 
760 84 8 11 0.024106473 
249 1079 10 12 0.024055483 
658 1070 7 10 0.024051333 
745 38 7 10 0.02399949 
184 350 8 10 0.023865502 
378 1044 11 15 0.023759106 
759 1165 11 12 0.023648316 
230 306 57 55 0.02351172 
632 1104 8 9 0.02348467 
694 281 7 9 0.023291413 
167 357 11 13 0.023206262 
480 52 12 15 0.023170672 
686 146 21 24 0.023127405 
551 97 8 10 0.023049582 
88 1179 11 15 0.023048922 
412 1071 10 12 0.023017118 
711 1165 11 15 0.022859795 
399 1039 96 125 0.022817127 
607 1120 8 10 0.022717047 
969 141 9 12 0.022627344 
958 129 9 11 0.022521688 
561 7 11 13 0.02245182 
208 335 9 9 0.022442685 
984 134 9 12 0.022351244 
503 191 8 11 0.022346642 
268 251 13 14 0.022267096 
149 93 8 11 0.022217454 
577 1128 8 10 0.022209862 
512 190 8 11 0.022073729 
396 1069 11 13 0.022050992 
365 237 11 13 0.022001483 
157 366 12 16 0.021958476 
376 1115 10 14 0.021865293 
263 1131 10 13 0.021817043 
833 46 10 15 0.02178238 
540 116 10 13 0.021757005 
85 323 10 13 0.021712242 
577 107 9 12 0.021689089 
686 164 13 17 0.02162689 
872 103 8 10 0.02151491 
269 1100 11 16 0.021453321 
65 366 10 12 0.021431308 
184 181 33 40 0.021397794 
893 885 16 19 0.021232331 
608 1109 8 10 0.021198222 
891 859 15 18 0.021147005 
683 286 7 9 0.021115782 
958 134 9 11 0.020938003 
644 88 12 14 0.020915141 
265 331 21 22 0.020590223 
222 349 10 11 0.02057171 
920 84 9 11 0.020525917 
101 329 9 11 0.02045715 
144 127 9 12 0.020442853 
728 282 8 9 0.020442005 
769 1308 11 11 0.020415638 
721 87 8 11 0.020368306 
449 96 9 11 0.020335205 
728 87 8 10 0.020223994 
1008 77 8 10 0.020206878 
920 923 12 16 0.020144839 
549 98 103 138 0.020115504 
150 348 11 14 0.020104323 
75 903 11 14 0.020079715 
252 309 30 33 0.020071257 
55 253 13 15 0.020011604 
