20_Family_Group_Family_Group_20_1015
59
647 319 94 110 0.9992654 
519 346 83 108 0.998016 
379 280 73 102 0.9898024 
970 228 14 18 0.526431 
425 189 13 16 0.34303355 
222 363 16 22 0.20697738 
783 268 12 15 0.15828435 
1003 276 15 21 0.15090342 
255 388 14 19 0.12662765 
264 340 25 29 0.11728581 
123 341 16 18 0.103579156 
270 378 12 15 0.0841544 
984 284 12 16 0.059092164 
435 200 18 22 0.056843907 
457 20 375 432 0.056782775 
462 324 55 68 0.053043906 
423 188 22 26 0.052666347 
267 463 14 18 0.05223069 
919 231 10 14 0.052024797 
232 367 16 20 0.047806766 
290 262 90 110 0.044382304 
224 363 28 35 0.0433763 
444 195 15 19 0.04163933 
257 433 12 17 0.041234344 
996 408 17 22 0.040771373 
258 379 22 28 0.038424965 
935 299 25 31 0.036669243 
1 260 39 72 0.036606584 
918 235 13 20 0.03582485 
957 256 11 12 0.035261538 
429 301 82 99 0.034561265 
334 263 90 114 0.03344651 
907 205 93 108 0.03232572 
999 189 11 12 0.031942252 
698 212 42 50 0.03189974 
252 414 11 14 0.031450126 
217 342 11 13 0.030223195 
804 289 16 19 0.029807752 
46 506 22 31 0.028595785 
988 253 11 14 0.027106188 
223 228 121 161 0.025692157 
222 374 14 19 0.025139276 
193 391 9 12 0.024892837 
177 423 8 10 0.024818445 
911 233 26 33 0.024337599 
999 336 12 17 0.022936843 
254 419 12 17 0.02290873 
564 77 211 301 0.022836873 
969 239 15 18 0.022521956 
320 265 31 39 0.022340849 
757 388 60 75 0.02206884 
783 268 19 25 0.021840151 
217 341 52 65 0.02160949 
982 233 11 16 0.021232205 
244 377 25 32 0.020946838 
219 347 13 15 0.020916339 
811 288 16 19 0.020888122 
988 244 12 17 0.020431854 
117 275 15 22 0.020167511 
