20_Family_Group_Family_Group_20_663
236
525 184 50 61 0.99921787 
337 242 45 59 0.99881893 
235 293 45 53 0.99846184 
656 193 37 46 0.99813557 
779 257 43 53 0.99605644 
542 321 45 55 0.99506396 
477 293 37 46 0.9928536 
156 353 32 38 0.26513588 
149 162 12 14 0.1591375 
118 551 8 10 0.09939498 
171 346 17 22 0.097694 
1013 574 8 10 0.095702335 
693 16 10 12 0.09507641 
568 31 7 10 0.09495451 
1001 616 9 10 0.09455723 
986 588 8 11 0.087519966 
3 133 10 14 0.08514283 
1004 589 8 10 0.08388883 
273 436 22 32 0.08372722 
999 599 10 12 0.0836953 
638 487 45 48 0.083510526 
706 410 28 37 0.08068404 
450 356 33 39 0.07140534 
575 13 9 10 0.06962633 
1007 615 9 11 0.06900226 
142 514 10 13 0.0678304 
847 590 7 9 0.06717905 
822 591 8 11 0.062037442 
98 566 7 9 0.061327275 
814 617 8 9 0.060190726 
102 566 7 9 0.05740875 
912 622 10 12 0.055193022 
114 552 8 10 0.054771323 
906 591 7 9 0.053492732 
872 590 9 11 0.05196096 
822 277 12 17 0.05171856 
933 620 9 11 0.05128669 
826 607 7 9 0.05122827 
1012 613 9 14 0.04988613 
857 600 6 9 0.04980645 
619 3 11 13 0.04915114 
103 536 9 11 0.048687346 
138 558 8 10 0.04799212 
887 597 8 9 0.047304984 
104 559 7 9 0.047231987 
598 16 8 10 0.045536455 
889 580 8 11 0.045490816 
577 436 115 113 0.04536369 
585 25 7 10 0.044451866 
566 6 9 11 0.044315107 
974 582 7 10 0.044200923 
591 77 8 10 0.04378228 
567 25 9 10 0.043433998 
592 73 7 9 0.043345947 
118 600 9 11 0.043052457 
102 508 8 10 0.04290657 
881 613 9 10 0.042770375 
599 87 8 10 0.042260528 
866 647 8 10 0.041917805 
118 567 9 10 0.04091664 
693 86 9 10 0.040912457 
354 160 9 11 0.04004734 
638 24 10 12 0.039846674 
582 39 8 9 0.039669126 
689 87 9 9 0.03950237 
594 14 9 10 0.038752217 
114 583 8 10 0.038272377 
893 581 8 11 0.037717797 
382 280 20 27 0.037444513 
913 628 10 13 0.03725639 
809 575 8 9 0.037112277 
991 616 8 11 0.037000623 
466 489 42 43 0.036676135 
880 608 8 11 0.036476873 
791 616 7 10 0.036405634 
713 9 8 10 0.036196478 
647 96 7 8 0.035395596 
697 38 8 11 0.035112917 
665 95 7 8 0.034990482 
719 87 8 10 0.034561165 
973 614 9 10 0.03450848 
968 589 8 10 0.034000512 
1 519 7 12 0.033923995 
999 574 8 9 0.033441927 
147 327 46 57 0.0334222 
993 600 9 11 0.033359934 
97 561 7 9 0.03328353 
856 560 8 9 0.033181574 
162 338 27 35 0.033113446 
1000 567 8 9 0.033057828 
337 153 9 11 0.032987855 
878 592 8 11 0.032958113 
887 614 7 10 0.032864787 
696 81 8 9 0.032819785 
822 598 8 10 0.032657884 
861 283 56 70 0.03261742 
830 608 7 9 0.032536894 
988 584 9 12 0.032496776 
577 89 7 10 0.03232317 
591 7 10 11 0.032306418 
137 511 10 13 0.032222997 
581 88 8 10 0.032001738 
754 429 13 16 0.031968936 
584 31 8 10 0.031642634 
521 400 31 37 0.031217927 
845 567 9 10 0.031173313 
856 583 8 10 0.030877924 
872 583 8 9 0.030874467 
725 71 8 9 0.030626057 
734 38 8 9 0.030268429 
745 112 10 12 0.03016905 
576 70 7 10 0.030130029 
566 1 9 8 0.030086009 
287 160 10 12 0.029972265 
1 137 11 18 0.029761469 
553 15 8 9 0.029678077 
392 220 12 14 0.029527372 
96 503 8 11 0.029522002 
1006 566 9 11 0.029357389 
695 1 10 10 0.029335087 
546 142 41 53 0.029234998 
910 588 9 10 0.029117586 
983 617 8 10 0.0290639 
878 632 9 10 0.028768368 
930 615 9 11 0.028766971 
839 583 9 10 0.028525773 
576 55 8 10 0.028211769 
805 630 8 10 0.02818972 
810 616 7 10 0.027992245 
397 133 8 11 0.02793678 
705 119 7 10 0.027902339 
607 38 7 9 0.027716225 
873 632 8 9 0.027677475 
841 590 8 10 0.027529394 
319 133 8 10 0.027343648 
129 473 15 20 0.027133485 
841 631 8 10 0.027041243 
873 576 8 10 0.027024768 
728 1 9 8 0.026965149 
734 32 7 10 0.02686275 
762 281 14 19 0.026811004 
890 621 8 10 0.026775965 
93 252 12 15 0.026672417 
662 108 10 12 0.026544074 
287 297 13 18 0.026320478 
657 95 7 8 0.026273953 
107 137 15 17 0.026188422 
552 24 7 9 0.02588929 
857 622 7 10 0.025857756 
598 81 7 8 0.025716053 
590 0 9 10 0.025711263 
103 591 7 10 0.02569626 
168 358 19 24 0.025377221 
42 147 13 14 0.0253449 
599 56 9 11 0.025317209 
1 502 8 13 0.025299095 
599 21 8 10 0.025046352 
535 8 8 10 0.024739033 
872 607 8 11 0.024698569 
592 46 8 9 0.024516905 
608 47 8 8 0.024252351 
282 442 14 20 0.024230897 
670 0 11 10 0.024118 
879 576 9 10 0.024096854 
45 111 11 12 0.023984537 
112 556 7 9 0.023964271 
295 148 9 10 0.023861524 
970 612 8 11 0.023781788 
224 297 11 17 0.023776855 
1014 569 8 11 0.023656782 
726 55 7 9 0.023637285 
399 147 11 14 0.023609364 
156 309 28 29 0.023588022 
543 0 9 9 0.023456804 
639 146 11 13 0.023349015 
646 39 9 11 0.023340104 
599 1 9 8 0.02331465 
597 8 9 9 0.023214402 
577 38 9 11 0.023196492 
25 135 10 13 0.022990584 
1002 560 8 10 0.02286398 
598 61 10 12 0.022861281 
152 567 8 10 0.022831542 
128 159 10 13 0.022822822 
766 1 9 8 0.022770308 
310 150 10 11 0.022697877 
617 39 8 10 0.022688556 
190 293 11 13 0.022564305 
128 559 7 8 0.02256077 
864 590 9 10 0.022557303 
864 606 7 10 0.022490138 
699 422 28 35 0.022430046 
944 528 10 11 0.022424828 
569 13 8 11 0.022352133 
561 62 10 12 0.022315921 
806 606 7 10 0.02231423 
526 403 14 20 0.02226639 
557 15 9 10 0.022201875 
310 145 8 10 0.022105545 
839 576 9 9 0.022028359 
88 487 7 9 0.022026677 
968 577 8 10 0.021977752 
-5 38 114 133 0.021952633 
832 614 8 10 0.02191099 
303 133 8 10 0.021827726 
139 507 22 27 0.021807965 
137 574 8 9 0.0217917 
1014 629 7 11 0.021790871 
534 13 9 11 0.021752773 
128 511 8 10 0.021679005 
586 1 8 9 0.02155646 
188 286 12 15 0.021514665 
806 31 7 9 0.021400692 
703 96 8 9 0.021384738 
551 43 10 12 0.02136114 
857 591 7 9 0.021326328 
585 78 8 10 0.021300344 
601 38 8 9 0.021286026 
622 142 11 13 0.021285161 
119 556 8 9 0.021264642 
890 536 8 10 0.021211386 
871 614 7 10 0.021054534 
296 230 9 11 0.020981131 
713 104 8 9 0.020945586 
112 568 8 9 0.020936767 
84 517 10 11 0.020847252 
136 146 11 15 0.020829702 
592 96 7 9 0.020731613 
767 621 8 10 0.020576337 
576 125 11 13 0.020542782 
6 463 8 9 0.02014515 
136 553 9 11 0.020108178 
108 157 14 17 0.020098183 
97 508 9 11 0.02009476 
80 560 7 9 0.02005429 
266 311 447 412 0.02004737 
