20_Family_Group_Family_Group_20_72
27
476 169 49 61 0.99780005 
581 270 47 62 0.9941466 
281 204 27 43 0.99171793 
327 203 43 52 0.9736205 
426 264 45 52 0.9641819 
209 233 43 52 0.9462659 
734 145 49 55 0.9410199 
703 215 44 51 0.88118327 
521 227 54 58 0.8369923 
390 318 44 58 0.24981484 
272 296 34 38 0.20727675 
268 216 41 53 0.056287263 
323 301 25 31 0.05393369 
649 289 51 65 0.03647379 
262 244 42 52 0.03512816 
19 186 39 57 0.033732466 
779 140 15 20 0.031852707 
751 324 350 475 0.031621017 
370 305 75 95 0.028694682 
758 209 28 35 0.025468325 
421 133 11 13 0.02369462 
35 190 42 57 0.022856615 
882 286 25 32 0.022435497 
20 184 15 19 0.021363137 
768 136 28 34 0.020796085 
325 315 15 22 0.020418722 
1012 1 11 16 0.020182522 
