20_Family_Group_Family_Group_20_294
59
843 254 31 39 0.99928325 
563 276 31 38 0.9989819 
743 247 29 39 0.99891734 
701 196 28 35 0.99887437 
654 219 30 36 0.99886394 
484 206 33 40 0.9988078 
652 361 31 37 0.99862635 
387 313 28 36 0.9983931 
382 225 30 38 0.9981565 
551 361 28 34 0.9975458 
395 184 33 39 0.9974081 
583 228 28 35 0.9973103 
791 189 32 42 0.99622107 
174 182 33 40 0.99614346 
212 233 38 48 0.99562484 
237 335 30 36 0.99535865 
679 258 30 38 0.99462765 
136 387 39 48 0.9945693 
465 303 29 36 0.9935133 
777 271 32 40 0.9902063 
279 217 36 45 0.98950326 
352 230 37 48 0.9822729 
536 176 31 36 0.9708865 
118 265 25 30 0.8422057 
128 258 22 29 0.5463498 
591 399 29 33 0.38837326 
87 175 41 52 0.08802645 
124 203 13 20 0.07217527 
192 266 16 24 0.06839684 
108 260 16 19 0.058734193 
692 254 26 33 0.05501119 
115 250 15 18 0.050068982 
607 561 13 17 0.04912728 
533 315 16 19 0.039987583 
135 251 22 32 0.0374327 
185 178 29 33 0.033896353 
557 350 27 36 0.033223193 
104 262 12 16 0.033121783 
111 197 24 30 0.03249572 
260 236 14 18 0.03220666 
132 203 14 18 0.0309863 
97 149 42 49 0.030659018 
139 599 42 34 0.030415494 
851 597 18 25 0.030369122 
157 276 16 20 0.028820852 
123 251 17 22 0.02745504 
1013 198 9 13 0.027157193 
88 322 28 50 0.026831934 
429 214 13 17 0.02583517 
973 245 9 11 0.02404443 
562 247 16 20 0.023512648 
110 257 24 29 0.023190359 
586 234 366 438 0.021655718 
139 205 12 16 0.021188539 
112 276 28 32 0.02109737 
595 224 23 31 0.021038307 
607 552 23 29 0.020292863 
922 238 8 10 0.020204056 
926 240 8 9 0.020078568 
