20_Family_Group_Family_Group_20_62
44
627 169 36 47 0.9997634 
645 306 31 40 0.9995016 
444 244 35 45 0.9994655 
240 125 33 44 0.99945277 
538 169 33 45 0.99944836 
416 138 33 43 0.9991524 
630 386 31 37 0.9991372 
335 130 35 44 0.99912196 
839 152 31 42 0.9989478 
716 140 35 45 0.99891186 
106 105 40 49 0.99875593 
761 187 37 46 0.99861395 
242 218 37 50 0.998544 
560 310 34 42 0.99770194 
447 168 37 45 0.9975309 
865 205 38 49 0.9969885 
309 176 34 45 0.9966145 
514 134 33 41 0.99649185 
621 126 33 44 0.99412537 
366 207 28 34 0.991295 
190 166 39 49 0.989933 
723 235 31 36 0.94163036 
517 193 23 30 0.16789652 
340 85 26 32 0.09827611 
633 108 11 14 0.060315073 
607 598 9 12 0.0579356 
355 53 13 16 0.05152772 
636 598 9 13 0.047266692 
986 112 13 18 0.042888507 
449 151 24 30 0.03851255 
345 7 37 46 0.038222913 
454 149 14 17 0.036957934 
454 582 12 17 0.030634152 
642 10 13 18 0.029448852 
616 49 44 70 0.027243242 
730 302 26 42 0.025966702 
381 462 14 18 0.024201535 
595 187 13 18 0.023565477 
629 100 23 29 0.023112474 
621 115 12 15 0.02142177 
352 93 26 35 0.02056419 
664 576 10 12 0.020355407 
615 109 11 16 0.020319682 
441 234 29 38 0.020039681 
