20_Family_Group_Family_Group_20_835
53
180 266 31 40 0.9990885 
741 267 38 49 0.97334903 
65 329 40 62 0.9438916 
2 277 30 57 0.7345509 
840 304 25 51 0.7072844 
764 283 32 43 0.28043517 
857 113 57 70 0.22608696 
800 119 12 15 0.17007993 
325 112 9 11 0.14608286 
575 413 32 37 0.12835202 
588 423 17 22 0.11578782 
706 333 18 22 0.10806484 
639 422 49 55 0.080899335 
154 309 28 39 0.07994065 
317 125 8 11 0.06396311 
313 120 10 12 0.053976767 
319 116 10 13 0.05380625 
798 82 96 115 0.051966984 
813 347 184 228 0.050282408 
519 408 12 16 0.043396637 
696 341 11 15 0.04203856 
828 381 52 70 0.041579 
799 166 14 19 0.041277703 
0 328 25 55 0.039926965 
836 289 32 45 0.03718852 
-3 299 40 75 0.037022103 
518 636 9 12 0.03695428 
693 124 11 16 0.036003493 
830 123 11 13 0.0355928 
557 413 41 44 0.035563 
754 263 37 43 0.033108424 
222 32 14 18 0.032731388 
845 82 89 116 0.030001132 
795 320 35 44 0.029008694 
670 515 55 73 0.027533997 
569 565 10 12 0.027456017 
594 436 52 54 0.027341545 
560 383 56 61 0.027130023 
834 389 90 116 0.025629867 
659 333 12 16 0.025113814 
640 387 46 57 0.023311378 
858 300 45 56 0.023276502 
829 117 10 13 0.02319491 
604 378 12 18 0.023126852 
53 308 66 103 0.022658695 
302 146 30 29 0.022506826 
796 163 25 31 0.022147965 
539 619 10 16 0.02056535 
370 558 16 20 0.020519957 
776 300 19 24 0.020417769 
532 574 10 11 0.020385386 
627 403 50 58 0.020214524 
835 125 10 13 0.020153722 
