20_Family_Group_Family_Group_20_282
29
700 267 28 35 0.9983235 
277 302 27 40 0.99801636 
341 281 27 33 0.99713033 
389 271 23 32 0.99657 
812 300 34 34 0.9950506 
136 331 47 47 0.99082655 
464 266 22 29 0.98942846 
61 351 36 60 0.96208745 
584 297 27 32 0.8337908 
234 381 41 68 0.22722553 
587 292 19 24 0.110367924 
239 364 30 58 0.0837196 
909 296 28 54 0.075623445 
785 458 19 21 0.06648754 
814 348 31 47 0.06352471 
866 343 22 38 0.06037436 
455 401 52 66 0.05827805 
915 288 31 38 0.044649 
832 300 24 33 0.039037228 
575 293 25 29 0.03549483 
921 308 29 50 0.034576148 
615 475 134 183 0.030188428 
474 392 29 53 0.0288932 
262 308 26 32 0.028779421 
996 329 28 41 0.027024254 
833 573 37 48 0.025141679 
572 295 16 22 0.025077868 
261 338 26 33 0.022909349 
257 324 28 32 0.020152865 
