20_Family_Group_Family_Group_20_702
29
658 236 73 96 0.99737763 
278 231 73 92 0.99716526 
514 389 60 70 0.9967572 
753 334 63 77 0.99607533 
308 590 56 66 0.795499 
159 489 37 37 0.75055677 
342 535 105 97 0.26365942 
9 317 50 70 0.20860748 
438 438 17 20 0.15929563 
315 561 84 94 0.08823338 
120 8 10 11 0.054730773 
366 529 100 61 0.053651042 
93 103 9 13 0.042729624 
78 20 9 12 0.033340074 
748 433 59 74 0.029245296 
403 623 32 36 0.027851585 
84 583 23 31 0.027320983 
419 633 15 18 0.027290996 
101 8 9 10 0.025539769 
18 396 36 34 0.025006227 
125 7 11 12 0.024838356 
370 597 59 72 0.02422858 
74 16 10 12 0.02421095 
144 5 10 11 0.022077834 
119 12 9 11 0.021508332 
96 7 8 9 0.02133266 
391 625 30 38 0.02123771 
104 78 10 12 0.021064447 
80 71 10 13 0.02003866 
