20_Family_Group_Family_Group_20_326
33
860 200 29 37 0.9998211 
148 214 33 42 0.99940825 
804 287 25 33 0.99922955 
345 235 26 34 0.9989938 
393 248 27 32 0.9986475 
702 224 35 40 0.99864215 
436 233 27 35 0.99854374 
450 278 25 29 0.9963813 
817 227 24 30 0.9959246 
870 338 21 26 0.9893497 
218 221 30 36 0.98279446 
423 377 20 26 0.9774507 
513 247 25 31 0.9766996 
628 193 41 52 0.9764605 
893 355 17 23 0.13848138 
427 356 13 16 0.08642712 
866 231 15 20 0.04682304 
296 306 13 17 0.041414108 
908 320 22 27 0.034484364 
591 324 43 54 0.034015466 
898 213 13 18 0.03292703 
81 212 14 16 0.03079233 
585 331 26 37 0.030390065 
273 213 11 15 0.030224767 
2 394 8 14 0.0250811 
447 402 16 19 0.024992067 
613 395 25 29 0.022878788 
273 158 9 11 0.02188548 
288 151 8 10 0.021846814 
199 144 9 10 0.021693923 
481 198 10 12 0.02127903 
96 215 9 12 0.02074196 
232 172 9 11 0.020734394 
