20_Family_Group_Family_Group_20_636
250
621 108 14 19 0.9784111 
886 96 17 21 0.9197474 
714 86 14 18 0.8736872 
949 67 15 20 0.8725963 
734 108 13 17 0.8219574 
190 126 22 29 0.8157652 
775 126 14 23 0.76627564 
273 113 19 23 0.7640559 
664 118 13 17 0.74581116 
804 81 14 19 0.72843766 
300 92 13 17 0.6600271 
348 105 12 16 0.56684685 
260 99 15 19 0.54915595 
922 130 40 52 0.5148725 
431 118 13 16 0.46294573 
347 148 24 35 0.42506438 
565 170 14 20 0.4089222 
237 117 12 18 0.37087837 
852 127 16 23 0.3606915 
581 161 16 22 0.35573977 
474 122 15 20 0.34291762 
835 82 14 20 0.33567426 
391 111 10 14 0.29895782 
464 107 11 17 0.28640532 
554 101 10 13 0.28320694 
511 79 8 10 0.18079364 
205 54 10 12 0.16911322 
683 171 17 20 0.16182287 
1004 137 15 20 0.14273182 
511 105 13 16 0.14222328 
613 155 16 19 0.14140144 
911 131 24 40 0.1348908 
497 134 31 39 0.13121516 
733 184 16 19 0.12005448 
509 85 9 12 0.11489935 
450 63 8 12 0.10867723 
654 81 11 13 0.10377209 
11 84 11 14 0.09712667 
768 77 12 15 0.09683751 
538 48 8 10 0.09292661 
201 123 16 21 0.092051715 
463 49 8 10 0.091878355 
498 115 12 17 0.09009845 
729 108 12 17 0.08415462 
503 90 10 12 0.081870824 
909 131 15 24 0.08160002 
469 115 13 19 0.077026196 
462 30 9 12 0.072345436 
384 109 10 15 0.07186991 
457 49 8 10 0.07113732 
199 61 13 16 0.06900055 
96 124 9 11 0.062619634 
416 78 10 12 0.060940597 
996 134 25 32 0.05970016 
394 115 11 14 0.058954183 
127 171 11 14 0.057386182 
453 67 9 11 0.056071945 
54 79 7 9 0.055948548 
485 61 8 11 0.054601647 
578 125 12 15 0.054417495 
542 47 8 10 0.0529806 
394 229 26 33 0.052463472 
247 79 8 10 0.051902972 
267 107 18 24 0.050657585 
482 63 8 10 0.05056826 
558 96 10 13 0.050281584 
206 48 11 13 0.05019764 
349 140 16 18 0.0493176 
42 93 9 10 0.048063554 
644 94 11 14 0.04612768 
426 116 12 16 0.04598439 
198 77 13 17 0.045365673 
494 120 15 19 0.04382402 
650 169 15 21 0.04363718 
530 85 8 10 0.043503072 
614 68 9 11 0.043175936 
785 130 17 19 0.04306509 
322 105 16 19 0.042021703 
193 66 10 13 0.0417791 
150 53 11 14 0.04122966 
901 142 14 23 0.04043502 
477 123 21 25 0.040383246 
415 72 8 10 0.039360672 
468 104 21 26 0.03837399 
557 105 10 13 0.038207788 
147 61 13 16 0.038040802 
128 119 8 10 0.03761746 
656 121 12 18 0.037286416 
157 48 10 12 0.037083257 
370 107 16 19 0.036893256 
767 121 15 24 0.036625896 
527 48 7 9 0.036571458 
461 7 8 10 0.03643865 
246 58 12 15 0.036421243 
553 84 8 10 0.03505741 
768 74 19 24 0.034345064 
471 47 8 10 0.03432178 
148 247 14 16 0.034193214 
64 88 8 10 0.03412088 
459 109 10 14 0.034113172 
807 83 19 25 0.033695277 
942 107 14 20 0.033555668 
788 121 16 22 0.033183258 
432 69 9 11 0.033171494 
525 132 10 15 0.033148944 
517 71 8 10 0.03310212 
95 105 8 9 0.03293491 
672 38 10 11 0.032891013 
436 109 11 15 0.032848567 
485 86 9 12 0.032470483 
383 135 12 15 0.032381304 
933 73 13 18 0.03234595 
630 52 9 11 0.032305136 
448 140 9 13 0.03223291 
194 117 19 23 0.031705257 
46 87 8 12 0.03164579 
846 123 17 22 0.031477362 
438 101 10 12 0.031300373 
127 134 11 14 0.031214235 
301 103 12 16 0.030855386 
522 48 7 9 0.03081423 
794 128 15 21 0.03076701 
528 96 8 10 0.03058589 
203 81 17 21 0.030555356 
573 120 14 16 0.03031647 
480 45 9 12 0.03027572 
694 29 8 11 0.030152973 
143 64 12 15 0.029960046 
464 97 11 14 0.029283632 
121 62 8 10 0.029244902 
440 96 8 10 0.02912762 
306 98 11 15 0.028745512 
507 78 9 12 0.0283782 
210 51 12 14 0.028323907 
381 230 22 30 0.028276004 
281 110 14 18 0.02793495 
619 148 15 18 0.027597293 
448 48 8 11 0.027558522 
457 37 8 9 0.027555387 
853 119 15 20 0.027466249 
172 70 9 11 0.027379513 
433 65 8 10 0.027318638 
115 187 13 17 0.027204037 
655 71 11 13 0.027156102 
61 46 8 11 0.02714847 
764 116 14 20 0.02713487 
710 96 12 17 0.02699368 
517 131 13 18 0.02693883 
822 83 15 19 0.026818931 
480 23 7 10 0.026787385 
415 83 11 13 0.026736183 
439 63 8 11 0.026648361 
512 8 7 9 0.026524305 
853 90 13 17 0.026512831 
613 141 14 17 0.026510779 
101 120 8 10 0.026412131 
726 185 14 20 0.026372215 
566 124 12 14 0.026007243 
381 206 13 16 0.0258318 
470 84 9 11 0.025703765 
497 93 10 12 0.025601828 
96 85 8 10 0.02544415 
406 150 10 12 0.025437307 
720 148 10 14 0.025318995 
63 68 8 10 0.02521808 
510 29 7 10 0.025120307 
894 146 13 18 0.025093187 
389 106 18 23 0.025085999 
944 135 30 44 0.025076803 
94 109 9 10 0.025011798 
842 83 13 20 0.024661092 
919 77 12 16 0.02465469 
10 46 10 13 0.024573464 
422 188 23 29 0.02456109 
541 118 9 11 0.024523458 
193 60 22 27 0.024312368 
931 69 23 29 0.024286106 
486 79 8 10 0.024252944 
472 39 7 9 0.024246318 
262 62 8 11 0.024193231 
122 173 10 14 0.024188267 
295 89 12 16 0.02407489 
463 25 8 11 0.023956299 
809 76 14 21 0.02394637 
510 25 8 10 0.023909174 
362 157 15 23 0.023620212 
190 108 10 12 0.023616515 
726 155 13 16 0.02351497 
515 77 9 11 0.023454016 
983 121 24 37 0.02337653 
536 125 11 14 0.023321584 
247 92 11 15 0.023292225 
629 141 12 14 0.023276 
514 143 16 23 0.023246158 
481 112 21 26 0.023241015 
903 133 14 19 0.023174644 
414 63 8 9 0.023127163 
103 93 8 10 0.023119269 
279 163 12 15 0.023079053 
446 37 8 10 0.023051761 
560 163 14 21 0.022929294 
399 149 11 14 0.02271651 
496 56 9 11 0.022672787 
544 95 9 11 0.022659613 
71 88 8 9 0.022647278 
331 92 12 15 0.022622386 
689 29 9 12 0.022610847 
789 153 16 20 0.022608465 
811 131 15 20 0.022587601 
962 93 15 18 0.022426832 
498 104 18 26 0.02241503 
615 48 7 9 0.02239065 
720 89 14 18 0.022381937 
437 68 9 12 0.022358853 
528 54 7 8 0.02232373 
412 150 10 13 0.022239737 
239 78 9 11 0.02220829 
396 158 16 19 0.022177096 
513 73 9 11 0.02211382 
647 146 9 13 0.02204617 
1010 133 13 20 0.022013895 
129 243 12 15 0.022008779 
523 144 13 18 0.021997347 
424 72 7 10 0.021927865 
542 112 9 11 0.021785809 
486 56 8 10 0.021701086 
613 155 26 31 0.021693623 
573 71 8 10 0.021693166 
573 247 16 22 0.021567676 
51 78 7 10 0.02156669 
688 52 11 13 0.021484757 
352 101 14 17 0.021398904 
804 129 14 20 0.021342786 
575 168 20 27 0.021325931 
646 164 14 21 0.021256179 
50 71 7 10 0.02121385 
565 94 9 11 0.02076501 
342 139 24 31 0.02066432 
446 32 8 10 0.020641072 
983 117 12 17 0.020572618 
219 98 15 18 0.020568326 
403 154 13 18 0.020482259 
151 156 12 16 0.020413283 
481 39 8 11 0.020411514 
497 14 8 10 0.020358006 
506 145 27 37 0.02026975 
566 154 25 32 0.02022608 
345 71 8 10 0.0202078 
985 128 39 55 0.020091286 
664 46 9 12 0.02008007 
