20_Family_Group_Family_Group_20_799
82
535 179 104 133 0.9993304 
517 504 118 142 0.99248004 
905 490 82 102 0.9920942 
110 628 81 99 0.9879702 
394 363 23 28 0.9716603 
843 363 17 20 0.9463871 
353 347 10 13 0.6044709 
390 740 44 59 0.39508033 
430 348 13 18 0.391695 
416 342 21 27 0.29748812 
234 336 7 9 0.24353056 
237 334 8 11 0.22441854 
253 344 8 10 0.19715688 
444 379 14 19 0.1311961 
302 344 9 12 0.1175223 
190 334 8 11 0.11542842 
428 1181 10 15 0.107364796 
437 421 12 17 0.1018311 
99 168 15 20 0.09139123 
397 358 17 21 0.07648144 
350 342 18 22 0.07411836 
192 341 9 12 0.06408859 
193 346 10 13 0.058890305 
397 150 26 31 0.058542017 
186 333 8 11 0.055684794 
135 333 11 15 0.055146813 
198 344 8 11 0.052043587 
238 340 9 11 0.050729204 
407 198 13 16 0.04896796 
287 345 12 14 0.045228366 
765 304 41 57 0.04448349 
270 323 10 12 0.04388237 
180 360 13 18 0.042869322 
173 333 9 11 0.042847835 
129 334 11 14 0.041665006 
61 313 10 14 0.038962647 
231 339 9 11 0.03867288 
137 328 9 12 0.037978537 
343 349 10 14 0.037526105 
291 364 12 16 0.036435127 
255 324 10 12 0.034231503 
525 215 22 37 0.034013342 
296 346 10 14 0.033966396 
831 205 11 15 0.033282697 
413 350 16 21 0.03291873 
172 326 11 13 0.03256087 
772 321 26 35 0.030362694 
207 374 7 9 0.030214334 
206 344 8 11 0.030084679 
336 351 10 12 0.02970533 
85 169 16 21 0.029449303 
451 340 23 31 0.028703986 
438 1175 37 43 0.027960153 
878 434 10 12 0.027068516 
131 345 13 18 0.027034322 
204 348 12 15 0.026442897 
249 347 10 12 0.026392236 
392 135 11 13 0.02632342 
33 366 9 13 0.026265847 
263 322 11 13 0.025137963 
216 374 8 9 0.02448934 
224 343 9 10 0.024284782 
394 139 13 15 0.023632586 
1003 375 23 36 0.023396062 
260 342 10 12 0.023277957 
131 337 14 18 0.02310921 
845 389 11 16 0.0230339 
64 94 189 273 0.022899259 
200 373 9 11 0.02237248 
173 340 10 13 0.022350924 
487 54 12 16 0.022293292 
59 337 13 18 0.021315206 
444 391 13 18 0.021177378 
437 367 23 33 0.021097422 
132 326 20 27 0.020988261 
107 214 11 14 0.020654965 
391 358 15 18 0.020497384 
394 1276 39 43 0.020403221 
231 328 18 24 0.02037012 
25 70 100 154 0.020315723 
406 148 15 19 0.020240802 
453 353 16 22 0.020198938 
