20_Family_Group_Family_Group_20_540
52
394 237 29 39 0.998774 
129 233 35 45 0.99821424 
706 203 33 43 0.99794525 
498 220 33 44 0.9973737 
49 276 35 45 0.9973513 
757 254 27 37 0.99706984 
571 238 30 35 0.99672794 
655 212 32 44 0.9959979 
316 269 30 39 0.9938023 
576 487 33 41 0.9934888 
186 249 37 47 0.9931117 
813 225 31 41 0.99271965 
893 229 38 45 0.99092263 
974 239 36 46 0.99035853 
-1 539 35 48 0.9897753 
458 248 29 39 0.9888902 
139 551 41 42 0.9842678 
382 330 30 36 0.982563 
277 526 41 51 0.97665215 
252 232 36 46 0.97547036 
461 511 31 38 0.962174 
778 213 32 40 0.9136358 
331 241 29 33 0.9093723 
27 230 37 45 0.75530666 
571 345 31 34 0.63310575 
748 551 28 34 0.52311677 
481 396 28 35 0.36777532 
555 318 22 27 0.36468917 
320 249 37 43 0.16114344 
889 215 34 41 0.15557376 
972 224 34 39 0.13500278 
453 237 29 37 0.096229985 
16 240 38 48 0.08577028 
752 538 28 32 0.059194557 
338 546 31 45 0.047844104 
648 567 28 32 0.04772955 
886 205 27 34 0.0472539 
781 229 25 36 0.041306 
332 276 28 35 0.038469013 
769 236 26 33 0.034658145 
345 226 16 22 0.034389917 
978 223 21 24 0.03388569 
375 314 33 41 0.031342387 
575 340 22 25 0.026822 
707 657 13 15 0.024266846 
446 248 29 35 0.023137083 
803 231 27 37 0.022341266 
138 539 30 35 0.021777915 
791 220 19 25 0.020647325 
667 205 30 35 0.0204384 
555 319 38 46 0.020336153 
532 3 34 45 0.020084286 
