10_People_Marching_People_Marching_10_People_Marching_People_Marching_10_People_Marching_People_Marching_10_162
578
389 309 25 26 0.9776593 
411 113 15 18 0.7107964 
434 290 28 31 0.6254346 
981 179 24 35 0.5878523 
659 39 18 21 0.5165402 
356 210 15 19 0.418394 
839 349 10 12 0.39174512 
576 135 17 23 0.37679374 
498 92 14 17 0.30593315 
358 159 11 14 0.28445038 
778 90 16 20 0.27570033 
993 185 27 36 0.2336752 
337 275 17 19 0.23229603 
614 63 22 27 0.22848593 
658 333 15 17 0.22756253 
605 55 11 15 0.22494751 
571 80 14 19 0.22057317 
911 22 11 13 0.21846156 
711 16 16 22 0.2083797 
142 275 17 19 0.20407994 
286 221 12 14 0.19914311 
380 147 12 14 0.19581711 
729 99 28 34 0.17872536 
677 152 16 20 0.17589958 
169 255 23 30 0.1746632 
758 50 15 19 0.16996197 
357 299 10 14 0.16614442 
73 318 16 16 0.16587523 
452 124 14 18 0.16529773 
846 329 16 18 0.16170904 
474 311 22 24 0.1609885 
673 296 17 19 0.15490577 
179 265 14 16 0.1543801 
209 258 11 16 0.15007015 
465 96 15 18 0.13565826 
56 317 10 14 0.13511342 
279 220 11 13 0.13158727 
530 138 13 15 0.1315515 
352 152 9 12 0.12305299 
700 282 15 20 0.12272648 
623 55 21 27 0.122582674 
371 269 12 14 0.1200166 
420 231 12 13 0.11704249 
629 49 17 21 0.116056874 
169 310 22 29 0.114372745 
260 235 11 15 0.112871006 
308 283 14 20 0.11275375 
649 210 15 20 0.1100104 
828 319 14 18 0.104899585 
831 88 27 35 0.10291451 
594 183 16 19 0.10231347 
522 274 19 20 0.10213133 
941 25 15 18 0.09552157 
707 284 17 20 0.09496246 
354 155 10 14 0.0930736 
498 270 20 29 0.091530204 
61 356 13 17 0.09112707 
714 288 16 18 0.09030638 
829 19 14 17 0.090303086 
444 218 11 14 0.08789394 
844 84 12 16 0.08632581 
734 0 14 13 0.08503043 
237 317 12 14 0.08401525 
967 90 13 16 0.083761536 
498 162 14 16 0.08315195 
259 326 13 15 0.0810792 
570 259 13 17 0.07972833 
153 260 26 31 0.07849277 
253 324 13 15 0.07734522 
549 100 13 16 0.0766892 
61 342 9 12 0.076104775 
446 322 13 15 0.074591346 
790 58 14 19 0.07374445 
271 221 11 13 0.073597565 
789 229 12 15 0.07324282 
86 334 10 13 0.07223993 
754 265 27 35 0.07172767 
63 305 26 29 0.070543304 
949 112 9 11 0.07010315 
284 295 14 18 0.06909495 
882 61 16 21 0.06865656 
599 58 14 19 0.06801519 
391 130 11 14 0.06753146 
108 299 14 15 0.0670143 
910 1 13 11 0.06672966 
716 213 22 30 0.065980345 
331 358 13 17 0.06526432 
714 72 16 22 0.06514688 
726 1 15 17 0.06493825 
309 277 14 17 0.06262314 
937 26 12 15 0.062268723 
980 3 19 18 0.061082527 
750 0 13 11 0.060573976 
831 174 12 16 0.059682377 
95 333 12 14 0.059146777 
88 175 23 29 0.05880186 
604 57 21 29 0.05758965 
516 280 16 19 0.057252776 
1010 55 13 23 0.057049885 
870 324 11 14 0.056959603 
61 317 12 14 0.056916475 
347 350 17 21 0.056868967 
837 88 16 20 0.056333788 
382 271 11 14 0.05633196 
181 274 25 28 0.056045197 
315 206 11 15 0.055761192 
905 80 21 28 0.05551489 
439 306 24 29 0.055458073 
539 155 18 21 0.054932166 
188 277 14 16 0.054741915 
276 296 14 20 0.054551672 
483 179 14 18 0.05440844 
245 245 12 14 0.05414963 
649 180 15 20 0.053702127 
519 151 10 13 0.053586267 
515 178 26 31 0.053580575 
54 221 11 16 0.05309009 
100 293 17 19 0.053022146 
244 361 14 19 0.05300146 
0 422 10 15 0.05272956 
755 0 14 14 0.052375223 
37 326 14 16 0.05215483 
908 134 23 30 0.052014045 
145 272 28 30 0.051912267 
187 268 14 14 0.0517784 
274 305 15 19 0.051477555 
634 55 17 22 0.051458757 
831 317 21 26 0.05144046 
983 37 23 30 0.051136643 
774 94 16 23 0.05104607 
560 252 21 29 0.050307162 
452 331 11 13 0.050244614 
367 311 12 15 0.04982952 
468 316 17 18 0.049789477 
972 186 28 37 0.049750302 
800 315 12 15 0.04913875 
62 335 9 12 0.049078334 
231 315 13 15 0.048859797 
721 147 16 19 0.048745178 
499 208 15 18 0.048690718 
492 148 12 14 0.048427857 
908 111 14 16 0.048322164 
730 139 16 18 0.048138727 
524 147 13 16 0.047928393 
805 110 12 14 0.047432292 
278 313 13 16 0.04733362 
751 48 15 19 0.047012717 
207 255 20 30 0.04689185 
853 3 14 16 0.046888966 
1001 1 20 19 0.04656372 
350 294 13 16 0.046300072 
725 255 21 33 0.045853484 
402 310 26 31 0.045709312 
875 82 15 18 0.045529928 
56 293 26 29 0.0454705 
965 97 15 20 0.045285176 
672 155 14 17 0.045258284 
386 169 14 16 0.04504683 
956 151 30 37 0.044606328 
276 236 12 14 0.04452321 
690 23 17 20 0.044332244 
195 267 13 15 0.04432133 
566 283 14 19 0.04409776 
638 324 26 29 0.044016782 
248 324 11 14 0.044010486 
783 -1 13 12 0.043959837 
656 18 22 27 0.04371942 
360 374 11 14 0.043556787 
536 275 16 18 0.043520853 
416 109 15 18 0.043438792 
864 322 12 15 0.043068867 
573 127 15 21 0.042913917 
332 202 21 29 0.04276151 
29 342 11 14 0.042395666 
315 326 13 16 0.04239264 
850 337 14 15 0.042296708 
883 82 13 18 0.041859668 
725 222 29 31 0.041686065 
115 308 15 17 0.04152527 
463 320 14 17 0.041393526 
805 350 10 13 0.04105254 
246 342 9 12 0.04078552 
650 203 25 33 0.040720493 
271 228 11 15 0.04070725 
183 282 14 18 0.040476296 
179 262 25 27 0.040209334 
652 44 21 25 0.04004675 
264 223 11 14 0.039613117 
807 3 13 16 0.039332576 
405 154 16 22 0.039284017 
30 334 11 13 0.03925753 
25 336 10 12 0.039167 
78 328 13 15 0.038943183 
926 256 26 30 0.03894306 
515 171 17 20 0.03882099 
115 302 13 15 0.038596604 
464 257 23 35 0.03856473 
631 241 15 19 0.038439408 
464 206 27 29 0.038369015 
388 278 11 13 0.038349923 
885 54 14 16 0.03825066 
142 334 10 12 0.03818379 
506 91 12 16 0.03792695 
660 81 19 21 0.037419505 
892 49 12 16 0.037357993 
963 165 33 42 0.037343875 
697 312 51 60 0.037290134 
781 40 15 18 0.03728793 
528 184 17 23 0.037275348 
939 176 27 36 0.03723254 
972 87 13 17 0.037217043 
196 337 11 14 0.037034668 
926 30 9 13 0.036962282 
46 323 13 16 0.03690747 
477 92 11 15 0.036870442 
323 292 15 20 0.036848366 
461 101 15 20 0.036669146 
902 125 38 47 0.036615953 
246 333 11 13 0.0363897 
510 156 14 17 0.036299955 
467 205 15 18 0.036186617 
327 384 10 13 0.03581821 
934 92 15 18 0.035813153 
356 166 15 18 0.035806227 
381 153 13 16 0.03576174 
91 291 28 31 0.035451435 
634 247 17 18 0.0353629 
659 186 16 19 0.03527372 
496 155 13 17 0.035179403 
233 310 24 26 0.03497538 
519 187 27 35 0.0349737 
826 12 12 16 0.034884837 
351 196 11 14 0.03465693 
294 307 15 18 0.034463156 
88 339 9 11 0.034458846 
676 142 16 20 0.034445714 
138 287 28 32 0.03436325 
621 51 15 18 0.034325972 
597 176 24 28 0.03431742 
936 51 14 17 0.034316 
930 278 33 39 0.03430432 
241 348 22 28 0.0342564 
643 56 16 21 0.03425627 
594 115 15 19 0.034182474 
84 180 16 21 0.034081873 
890 329 29 37 0.034078546 
355 351 12 16 0.03401813 
548 256 24 33 0.03400348 
244 349 13 17 0.03374818 
423 307 25 32 0.0337004 
347 203 20 27 0.033597305 
772 40 16 20 0.03353251 
970 145 23 31 0.03298669 
842 101 16 21 0.03298554 
176 267 45 50 0.032955438 
635 60 22 28 0.032917436 
291 300 14 17 0.03289876 
427 131 16 19 0.032883946 
318 186 12 14 0.03285026 
445 343 12 14 0.032836337 
947 165 30 40 0.032835595 
765 262 33 43 0.0328103 
763 44 16 21 0.032771673 
628 319 26 29 0.03265082 
516 161 15 17 0.03253857 
644 332 14 16 0.03249713 
517 325 13 15 0.032491196 
980 189 38 53 0.032487996 
396 131 12 15 0.032382987 
95 340 11 12 0.0323796 
299 298 17 20 0.032370042 
258 162 17 20 0.032277465 
224 316 11 14 0.0322755 
903 3 13 15 0.032155327 
761 322 24 33 0.032070223 
837 337 20 25 0.032062136 
580 89 14 21 0.031955756 
787 37 12 16 0.031842504 
627 307 45 50 0.031825166 
916 27 12 15 0.031497903 
591 281 11 15 0.031445164 
526 134 20 25 0.0314349 
770 50 15 19 0.031434406 
893 79 15 20 0.0312975 
974 106 22 28 0.031216469 
240 331 11 13 0.031120356 
414 314 23 28 0.031087473 
499 287 17 20 0.031081991 
738 17 17 22 0.03089064 
807 37 12 16 0.030863242 
638 78 14 20 0.030815098 
715 151 18 22 0.030776143 
387 146 13 15 0.030734967 
988 85 11 14 0.030734241 
880 3 13 15 0.03066535 
890 138 13 17 0.03065134 
691 48 17 19 0.030648842 
270 331 13 16 0.030596657 
817 342 10 12 0.030592017 
961 194 29 35 0.030586578 
311 285 20 27 0.030541504 
276 229 12 15 0.030340185 
876 133 25 29 0.030308088 
199 266 25 33 0.030284092 
529 144 22 25 0.03024752 
506 157 23 27 0.030199824 
478 176 23 28 0.030175827 
781 50 15 18 0.03010744 
978 0 32 31 0.03005945 
701 16 21 26 0.030040186 
612 51 13 16 0.029971574 
783 60 13 17 0.029921884 
1012 177 11 18 0.029710967 
327 283 24 27 0.029657979 
284 287 23 30 0.029648183 
486 92 12 16 0.029578462 
740 48 14 18 0.029488912 
842 88 25 31 0.029467274 
884 73 14 19 0.02941558 
793 16 15 19 0.029330429 
417 235 12 13 0.029183548 
837 323 13 15 0.029104633 
679 179 13 18 0.028946694 
948 24 10 13 0.028940784 
907 33 12 17 0.028764302 
649 322 26 32 0.028678335 
507 280 15 20 0.02856491 
502 181 27 33 0.028554805 
869 309 12 15 0.028443543 
446 297 19 21 0.0284418 
523 154 13 15 0.02824127 
807 355 10 12 0.028228894 
60 315 23 26 0.028145432 
241 341 10 12 0.028069688 
109 321 12 15 0.02804428 
79 341 10 11 0.02794673 
389 243 13 15 0.027920973 
298 313 15 18 0.027911052 
892 66 15 20 0.027869359 
451 222 26 29 0.027754469 
861 331 12 15 0.027729234 
925 322 32 45 0.027675008 
691 271 25 35 0.027603943 
733 50 15 19 0.027582329 
354 163 11 14 0.02747399 
891 1 12 11 0.027467245 
536 159 25 30 0.027343357 
662 178 14 19 0.027301108 
368 270 19 24 0.027299829 
708 79 18 22 0.027294295 
508 299 12 15 0.027280208 
246 319 23 25 0.027172258 
55 333 10 14 0.027056184 
739 244 15 16 0.026913177 
110 313 14 16 0.026815115 
173 281 13 17 0.026787959 
540 262 23 29 0.02674089 
574 230 12 16 0.026630424 
449 117 12 15 0.026591467 
738 256 21 32 0.02653316 
277 298 22 28 0.026496574 
283 316 13 17 0.026457716 
37 348 9 12 0.026451183 
658 294 26 32 0.026429579 
565 201 16 20 0.026413511 
55 297 14 16 0.026374714 
167 274 26 30 0.026220785 
559 303 10 13 0.026220469 
342 310 11 15 0.026204482 
863 74 11 13 0.02617532 
396 277 13 15 0.026134444 
578 179 13 17 0.026075382 
216 342 11 13 0.026072238 
718 143 13 15 0.026045112 
566 325 14 18 0.026009949 
825 182 11 15 0.025945533 
381 381 9 11 0.025855772 
948 115 12 14 0.025855754 
968 82 21 28 0.02583417 
850 83 12 15 0.025830178 
132 243 23 33 0.025810253 
405 357 12 14 0.025807008 
60 308 15 18 0.025797816 
848 12 11 14 0.02579361 
230 245 11 14 0.025723917 
613 163 28 36 0.025692685 
824 8 20 26 0.02569248 
432 377 14 17 0.025672173 
842 77 22 28 0.02565473 
182 275 13 16 0.025640083 
690 164 13 16 0.025530756 
732 11 17 20 0.025507381 
375 287 12 15 0.025483092 
824 358 10 12 0.025472686 
82 323 12 16 0.02546848 
47 315 21 26 0.025443776 
878 75 22 28 0.0253663 
495 188 23 29 0.025314327 
619 178 18 23 0.025306208 
812 108 12 14 0.025303164 
658 198 17 24 0.02524087 
871 67 23 28 0.025231434 
275 215 19 24 0.0252223 
869 67 15 18 0.025207428 
164 281 14 18 0.025190713 
207 273 12 17 0.025009993 
355 154 18 23 0.024999924 
580 235 12 16 0.024987549 
94 347 11 15 0.024905842 
440 396 11 15 0.024899585 
351 171 11 14 0.024887685 
620 252 12 15 0.024846764 
192 255 23 27 0.024835838 
748 266 16 22 0.02480027 
315 199 11 13 0.02477369 
56 362 11 14 0.024689358 
343 142 9 12 0.024686234 
895 73 23 28 0.024576528 
636 221 12 14 0.024520384 
606 169 45 49 0.024418853 
704 285 29 30 0.024418574 
557 310 12 14 0.02440385 
861 339 11 13 0.024391074 
57 347 12 15 0.024323262 
610 213 25 33 0.024271814 
525 165 27 30 0.024265992 
325 209 14 22 0.02426149 
328 189 9 12 0.024249354 
876 324 12 15 0.024158577 
632 177 24 34 0.024155928 
900 0 23 24 0.024131125 
413 117 22 25 0.023972122 
621 243 12 16 0.023968592 
106 297 25 26 0.023963997 
613 260 12 17 0.023944153 
170 301 17 21 0.023918768 
834 25 13 16 0.023879018 
193 275 16 19 0.023865758 
374 374 11 15 0.023825472 
656 17 417 517 0.023812795 
406 131 12 14 0.023769077 
723 61 21 28 0.023766682 
974 143 14 16 0.02375709 
724 292 12 16 0.023693684 
690 155 12 16 0.023673983 
556 270 14 19 0.023662664 
486 61 22 28 0.023611272 
731 58 15 21 0.023468254 
853 11 12 14 0.023410011 
724 145 24 29 0.023364715 
426 319 16 20 0.02334644 
684 171 16 20 0.023331063 
868 76 15 18 0.023278812 
237 242 15 17 0.023267506 
352 295 19 23 0.02324748 
833 341 9 14 0.02323729 
830 330 10 13 0.023230378 
829 7 13 16 0.023202501 
375 152 13 16 0.023177933 
71 320 23 27 0.023165233 
156 279 27 32 0.023046136 
438 239 10 13 0.023016334 
602 106 24 30 0.02301136 
622 322 15 20 0.022975925 
76 303 27 30 0.022958687 
473 211 16 18 0.02293801 
675 178 23 29 0.022828173 
675 297 26 32 0.022746123 
484 119 17 22 0.02271651 
389 281 13 17 0.02271002 
858 315 22 27 0.022695193 
823 188 11 14 0.02268918 
651 54 15 20 0.0226421 
972 92 25 30 0.022638578 
678 279 26 33 0.022615895 
822 293 30 35 0.022608105 
691 53 25 30 0.02259711 
386 269 12 15 0.02252505 
868 118 27 34 0.022456687 
256 342 23 29 0.022447456 
669 161 15 18 0.022436263 
256 326 21 24 0.022425285 
970 201 17 22 0.02235204 
582 150 15 19 0.022335934 
492 186 13 17 0.022289215 
262 293 25 29 0.02224712 
341 197 13 15 0.022167709 
515 282 24 28 0.02216385 
506 155 46 54 0.022104917 
54 343 19 25 0.022052966 
276 323 13 16 0.02199428 
876 310 11 13 0.021984437 
136 256 25 35 0.02197555 
982 85 11 14 0.021974055 
74 165 38 46 0.021959284 
922 269 25 29 0.021941127 
771 102 17 24 0.021940589 
397 169 12 17 0.021933597 
853 159 23 28 0.021882204 
575 200 23 33 0.0218686 
357 286 11 13 0.02184251 
396 142 14 16 0.021831255 
95 298 13 15 0.021800106 
683 159 16 18 0.021770982 
841 313 25 31 0.021769157 
960 93 14 15 0.021762129 
697 24 17 21 0.021757085 
561 275 24 29 0.021708192 
649 187 24 33 0.021699011 
212 271 14 20 0.021695703 
392 337 12 16 0.021654297 
363 405 10 14 0.021641195 
721 7 21 26 0.021640332 
262 341 12 15 0.021631535 
788 229 22 26 0.021613903 
211 272 40 48 0.021590387 
908 109 25 28 0.021571303 
385 398 9 11 0.021489358 
64 285 42 46 0.02147232 
786 163 29 36 0.021445125 
755 386 11 15 0.02144173 
965 24 12 15 0.02143324 
609 351 10 13 0.021411408 
49 322 122 152 0.021365233 
538 308 13 16 0.021360472 
494 202 15 20 0.021334367 
883 234 40 46 0.021192022 
440 213 22 27 0.02117101 
54 221 24 28 0.021156965 
605 71 14 20 0.021093983 
870 340 10 12 0.02108805 
170 293 29 34 0.021048741 
693 107 13 19 0.020994864 
514 160 27 29 0.02099456 
122 309 14 17 0.02097118 
838 370 10 14 0.020929793 
481 267 27 30 0.020928059 
666 195 15 20 0.020891227 
693 146 12 16 0.020871194 
494 194 14 19 0.02086877 
729 237 28 30 0.020855373 
255 228 20 27 0.020847823 
634 228 14 16 0.020821465 
586 117 20 28 0.020818405 
659 88 24 28 0.020816168 
636 328 15 17 0.020741714 
506 309 13 16 0.020719402 
306 292 17 23 0.020700939 
614 253 12 15 0.020674955 
340 289 15 18 0.02067332 
634 138 17 20 0.02066531 
860 91 13 16 0.020653201 
739 145 16 18 0.020549156 
571 196 17 21 0.020543087 
379 283 14 17 0.02053396 
326 181 10 13 0.020516872 
324 269 24 29 0.020514531 
888 135 41 48 0.020444829 
477 173 14 18 0.020364996 
487 306 20 25 0.020359067 
906 15 21 27 0.02035277 
211 263 24 34 0.02032996 
135 325 11 14 0.020308588 
388 260 11 13 0.020273225 
495 164 23 30 0.020269599 
629 223 23 28 0.020258468 
803 105 21 24 0.02022801 
621 154 26 33 0.020192485 
541 72 16 21 0.020162843 
349 306 12 14 0.020159349 
676 302 47 52 0.020149373 
269 338 12 16 0.02012207 
584 97 15 19 0.02009439 
822 97 27 31 0.020069094 
716 156 24 31 0.020064881 
477 121 16 20 0.020047052 
961 29 12 14 0.02002817 
666 172 14 18 0.02000241 
