10_People_Marching_People_Marching_10_People_Marching_People_Marching_10_People_Marching_People_Marching_10_716
68
2 439 34 39 0.9997831 
510 294 59 72 0.9989281 
120 421 39 41 0.9983059 
330 351 48 60 0.9981153 
768 266 72 94 0.9974074 
75 439 36 45 0.99517834 
197 414 42 43 0.99235415 
653 526 23 23 0.9578387 
178 548 32 41 0.661794 
69 520 41 50 0.45499393 
932 454 32 37 0.2428369 
676 531 27 30 0.23634975 
128 563 28 35 0.1906892 
538 264 31 38 0.12860385 
745 460 101 117 0.09958329 
27 529 43 54 0.09563946 
663 528 26 28 0.09550246 
2 612 39 70 0.09307037 
770 147 77 117 0.071112685 
981 618 39 60 0.060790934 
925 412 54 80 0.055256836 
234 528 40 60 0.055048306 
573 550 51 64 0.053412363 
282 537 51 57 0.053151775 
43 386 12 19 0.04896676 
139 557 40 51 0.047821693 
518 257 58 84 0.044565383 
335 313 38 39 0.04401099 
54 527 43 58 0.041567255 
57 385 22 28 0.03925938 
133 5 9 10 0.038852077 
343 243 38 57 0.038271524 
716 531 29 36 0.035728887 
437 533 15 19 0.035570648 
718 441 168 203 0.034897543 
-2 400 39 64 0.03359237 
660 507 12 15 0.033369806 
149 362 11 17 0.032929573 
730 531 16 20 0.032603323 
645 525 20 22 0.032499976 
778 217 59 86 0.031777937 
378 242 9 12 0.03031164 
1006 277 11 14 0.03029919 
79 421 28 34 0.030160017 
97 354 17 23 0.028965954 
89 419 16 18 0.0288435 
990 549 36 44 0.028581316 
15 544 46 58 0.027495874 
191 0 10 11 0.026771804 
97 358 25 32 0.02665556 
231 448 28 32 0.026425967 
529 174 38 46 0.025446232 
417 79 8 10 0.02521406 
180 562 41 45 0.024807699 
206 535 44 58 0.024323966 
64 388 38 47 0.024099948 
701 539 31 40 0.023017364 
715 151 93 132 0.02214702 
80 47 8 10 0.022088015 
156 547 39 51 0.022027826 
890 542 32 32 0.021815855 
54 365 9 11 0.021726983 
898 429 58 75 0.021723945 
97 426 44 48 0.02169513 
834 643 38 34 0.020882893 
1 208 8 11 0.02076721 
70 411 29 33 0.020236215 
708 616 26 36 0.020219155 
