10_People_Marching_People_Marching_2_36
301
813 329 35 39 0.9953015 
649 304 28 34 0.99378526 
948 330 39 45 0.992535 
697 302 30 39 0.9922646 
751 315 31 36 0.9905296 
557 324 32 38 0.9900567 
303 334 34 40 0.9853681 
501 318 29 37 0.98450166 
428 302 28 36 0.9739354 
254 320 33 40 0.9537336 
385 294 26 34 0.95267195 
10 311 19 20 0.9442215 
31 287 17 21 0.94166756 
50 408 15 18 0.921622 
673 269 17 20 0.8971472 
593 273 21 27 0.89630616 
119 288 27 33 0.8889322 
852 289 19 22 0.8845699 
899 302 15 20 0.8592954 
223 316 28 34 0.84323084 
828 290 18 21 0.81020564 
471 306 28 36 0.7777125 
151 304 29 35 0.72290355 
130 292 25 33 0.6276358 
926 292 16 20 0.6156675 
140 299 29 33 0.60063607 
93 309 14 19 0.58676577 
973 295 15 18 0.49715635 
356 287 24 28 0.48303178 
107 414 13 16 0.46528605 
959 280 15 18 0.46030536 
315 289 26 30 0.44554412 
267 318 35 35 0.42797038 
1005 291 15 19 0.3639896 
629 297 15 19 0.36213893 
572 319 30 33 0.34357232 
568 290 16 17 0.33574906 
356 313 26 32 0.334102 
10 344 14 18 0.3251701 
114 288 19 26 0.31199387 
611 323 23 30 0.3025392 
637 293 14 18 0.3022375 
486 316 30 36 0.30077162 
942 287 15 20 0.29747856 
28 338 20 26 0.26838678 
60 378 11 15 0.23844077 
77 374 13 17 0.23697796 
60 238 13 17 0.22723918 
524 283 25 27 0.20147255 
665 332 26 30 0.19666502 
141 429 10 12 0.19251129 
970 334 34 36 0.16216338 
188 313 26 31 0.15943322 
318 334 34 37 0.1566044 
432 451 14 17 0.1558339 
513 313 30 35 0.15345412 
365 289 26 32 0.1436629 
888 326 29 39 0.13938466 
404 318 23 30 0.13742028 
232 319 33 37 0.13521664 
615 307 22 28 0.13021196 
826 326 37 37 0.12641725 
533 276 24 29 0.11659847 
947 284 16 19 0.11242908 
347 287 22 29 0.11062247 
258 230 16 18 0.11018031 
719 282 13 15 0.10894348 
751 226 24 30 0.10764172 
136 439 10 11 0.105970874 
810 287 26 32 0.10460052 
356 296 29 35 0.10434509 
398 451 13 18 0.10239552 
48 223 9 11 0.10108741 
102 295 26 33 0.09993437 
620 300 16 18 0.09431354 
334 287 21 27 0.09068058 
304 280 24 33 0.090187915 
329 289 17 22 0.0891971 
31 335 14 17 0.08806488 
394 303 28 33 0.08583244 
964 284 19 24 0.08133266 
42 246 8 11 0.0804712 
692 285 13 16 0.080414236 
0 393 9 15 0.08035214 
56 372 14 16 0.077708416 
19 337 19 25 0.077427916 
28 403 15 18 0.07665514 
684 308 27 32 0.0739687 
174 339 16 20 0.073965274 
62 233 10 13 0.07193976 
623 301 22 26 0.070608035 
206 315 30 32 0.06986359 
622 231 15 19 0.06847291 
437 444 13 19 0.06698566 
638 290 24 30 0.06627482 
870 315 12 16 0.06583329 
12 451 13 16 0.064676575 
486 227 17 21 0.06331694 
742 465 11 16 0.0627686 
416 310 27 35 0.061990153 
887 298 26 29 0.060719375 
122 403 12 16 0.058955826 
544 271 26 29 0.058453973 
592 286 23 29 0.0583981 
111 286 15 20 0.05739718 
0 350 9 16 0.057370204 
99 437 15 18 0.05630051 
772 348 26 32 0.05570887 
998 284 14 18 0.055512965 
763 335 32 39 0.05415862 
958 407 13 17 0.05402798 
20 430 12 16 0.0538393 
558 297 16 19 0.05371739 
670 446 9 12 0.05371698 
710 301 32 35 0.052551392 
104 407 12 15 0.05251896 
28 373 16 20 0.05177954 
517 290 25 28 0.05172536 
750 321 18 23 0.051103916 
-2 326 7 12 0.05066494 
109 238 13 14 0.05028521 
941 327 13 19 0.049761757 
684 218 11 13 0.049674466 
4 405 10 13 0.049667265 
29 238 8 10 0.049583673 
723 339 18 22 0.048638806 
17 247 10 12 0.048402123 
333 328 27 36 0.048235863 
205 461 9 12 0.048020948 
631 275 10 13 0.047057975 
30 254 8 10 0.046853285 
403 443 13 17 0.045632668 
135 443 10 12 0.045529593 
53 221 8 11 0.04543364 
580 293 14 17 0.044967588 
59 366 12 15 0.04474965 
6 246 9 12 0.044295724 
299 273 45 51 0.04382976 
299 280 16 21 0.043357003 
546 287 15 18 0.042910907 
794 325 24 32 0.042836253 
112 207 10 11 0.042800896 
122 321 16 21 0.041914795 
931 284 20 26 0.041880734 
637 305 25 31 0.041267574 
168 309 32 31 0.041055404 
466 211 14 18 0.04103429 
781 342 26 34 0.04102288 
23 449 14 18 0.04046863 
603 296 23 30 0.04043351 
902 262 8 10 0.039823793 
273 302 33 39 0.039721586 
737 222 24 29 0.03956671 
124 409 13 15 0.039366525 
62 384 12 15 0.039358255 
687 201 11 13 0.038932607 
73 371 13 16 0.038382664 
497 201 473 520 0.038151905 
1000 277 13 16 0.037877094 
314 285 17 23 0.03727404 
761 233 16 20 0.037258632 
9 334 12 15 0.036864974 
586 294 17 20 0.036524896 
349 191 13 16 0.03626007 
81 225 10 11 0.035987254 
206 332 26 30 0.035900317 
100 426 15 18 0.035764914 
765 281 12 14 0.034981877 
686 237 12 16 0.03460825 
139 434 12 14 0.0345063 
675 320 27 32 0.0339931 
5 251 10 13 0.033957496 
152 421 11 13 0.033521373 
553 282 15 18 0.033470586 
787 294 12 14 0.033348337 
105 316 22 28 0.03301953 
636 277 13 16 0.032948982 
305 275 15 18 0.03266004 
159 289 54 58 0.03261526 
580 265 13 17 0.03235167 
766 311 31 35 0.03234772 
558 298 26 30 0.032130726 
666 307 28 28 0.031514164 
805 294 17 23 0.030813783 
280 347 27 34 0.030352125 
165 322 29 30 0.030103914 
156 431 12 15 0.029557312 
527 315 26 34 0.029118514 
620 367 11 14 0.029111236 
978 285 15 18 0.029078165 
350 318 16 22 0.028929936 
68 387 13 16 0.028792387 
684 305 17 21 0.028761467 
424 329 25 35 0.028008662 
89 301 11 15 0.027944468 
22 251 9 11 0.027843144 
711 279 23 24 0.027813148 
452 331 16 20 0.027759885 
743 320 14 21 0.027673423 
946 293 17 21 0.027668126 
24 232 9 10 0.027544688 
114 418 15 19 0.027500242 
690 290 26 34 0.027455676 
98 309 22 28 0.027402997 
820 284 19 25 0.02730131 
60 420 12 15 0.027237447 
85 229 9 11 0.02716169 
990 291 12 16 0.02705066 
783 239 9 12 0.027043493 
369 315 15 22 0.026821425 
300 483 33 43 0.026808577 
70 367 12 14 0.026554223 
589 228 12 16 0.026288148 
77 422 11 13 0.026218215 
5 332 22 27 0.026120884 
857 287 22 31 0.025903894 
293 288 14 18 0.025896633 
116 410 13 16 0.025797844 
370 284 16 20 0.025753075 
150 428 11 14 0.025508549 
646 312 40 45 0.025406862 
1004 300 16 22 0.025402723 
29 428 12 15 0.025362652 
819 299 33 42 0.025300937 
782 321 26 33 0.025210531 
893 295 16 20 0.025153942 
49 238 10 12 0.025087025 
397 414 11 13 0.025078429 
157 356 12 16 0.025072414 
71 422 11 14 0.024917766 
872 302 23 31 0.02486303 
380 381 12 16 0.02486286 
739 300 13 19 0.024835942 
290 334 31 37 0.024687314 
347 336 14 22 0.024651315 
716 343 16 19 0.024578618 
544 261 12 12 0.024349349 
955 296 15 18 0.0243229 
411 292 17 21 0.024283383 
775 290 28 32 0.024151118 
540 348 12 17 0.02414446 
643 287 14 19 0.023991697 
35 403 14 19 0.02394245 
337 414 28 34 0.023942314 
67 245 10 12 0.023930097 
62 427 10 12 0.023910465 
1 254 8 12 0.023831418 
593 326 17 22 0.023783004 
445 320 29 35 0.02376257 
142 282 47 55 0.023725126 
791 285 28 34 0.023682684 
812 301 16 20 0.023659462 
724 298 25 32 0.023624128 
574 218 13 15 0.023564458 
801 323 16 22 0.023553941 
605 328 15 23 0.023244645 
349 322 25 39 0.023133788 
347 274 15 17 0.023131013 
506 273 14 17 0.023080602 
287 321 19 22 0.022796467 
387 165 22 32 0.02271638 
738 213 40 48 0.022636784 
22 409 13 16 0.022616126 
988 419 29 31 0.022553578 
203 308 51 50 0.022469494 
0 409 10 15 0.022435563 
481 300 20 26 0.022321183 
428 342 16 21 0.022192892 
256 392 11 15 0.022145614 
985 287 22 27 0.022104762 
577 298 25 32 0.022101099 
85 359 24 30 0.022066737 
773 237 11 14 0.022064405 
293 270 26 33 0.02191943 
88 294 10 14 0.021883849 
124 398 12 16 0.021810351 
609 281 15 19 0.021735793 
272 378 11 14 0.021328565 
28 436 12 15 0.021263285 
718 290 25 30 0.02124281 
153 435 11 14 0.02117201 
6 240 9 11 0.021036029 
863 320 13 19 0.020964794 
998 294 17 20 0.02084967 
11 420 16 19 0.020847917 
331 365 25 31 0.020758523 
47 369 12 17 0.020723311 
348 274 25 31 0.020675667 
680 216 11 12 0.020661121 
10 439 20 25 0.020632586 
40 241 8 10 0.020552687 
297 303 43 51 0.020511296 
524 347 24 33 0.0204477 
39 251 10 12 0.020370632 
973 295 24 28 0.020277126 
126 462 10 12 0.020263813 
890 322 18 25 0.02019982 
920 296 15 20 0.020115579 
99 299 17 22 0.020104364 
336 499 11 14 0.020102335 
428 432 22 29 0.020023793 
