10_People_Marching_People_Marching_2_269
535
770 238 24 33 0.996789 
245 207 10 13 0.49678358 
657 193 7 8 0.41294327 
68 221 10 13 0.3564187 
45 282 14 16 0.3525037 
724 199 9 11 0.31429008 
790 224 13 17 0.26858908 
227 222 11 14 0.22905418 
749 195 9 12 0.22184442 
724 183 9 10 0.22155821 
91 266 11 15 0.17921256 
313 240 8 10 0.15755622 
87 219 10 13 0.15127176 
726 217 11 13 0.1470885 
809 219 11 15 0.14679877 
623 234 10 13 0.14440428 
693 183 8 9 0.13995856 
716 230 10 15 0.1367473 
222 197 9 12 0.13449576 
841 214 9 12 0.13390899 
721 189 8 10 0.12980126 
670 286 11 14 0.12856054 
415 208 7 8 0.12803753 
213 234 11 13 0.12734379 
769 166 8 10 0.12621504 
274 213 8 11 0.124798246 
201 221 9 11 0.12303972 
687 191 8 11 0.12249481 
260 268 11 15 0.1210608 
173 236 9 11 0.11483542 
124 231 8 11 0.11314927 
861 178 10 13 0.1119856 
674 199 8 10 0.11175112 
773 191 9 11 0.11114319 
759 181 10 11 0.11063766 
746 192 9 12 0.11022579 
201 215 10 12 0.108493105 
647 215 8 10 0.10669968 
278 214 8 11 0.10316647 
654 216 10 11 0.10209555 
712 185 6 8 0.10089713 
712 264 10 14 0.10032783 
69 302 13 16 0.09992497 
262 220 10 12 0.09924129 
240 209 12 14 0.09788794 
228 212 9 13 0.09775189 
473 215 6 9 0.096028015 
230 206 8 12 0.095857546 
205 208 9 10 0.09477795 
237 284 12 16 0.09388132 
103 213 9 10 0.093231305 
96 198 9 10 0.091401525 
617 192 8 9 0.09126158 
744 213 10 13 0.091260076 
726 286 15 17 0.08943703 
266 197 8 11 0.08812813 
846 176 8 10 0.08673165 
237 199 9 10 0.08541246 
434 209 6 7 0.085347086 
189 216 9 11 0.084215574 
669 269 9 13 0.08386489 
664 238 10 13 0.08367563 
82 206 9 12 0.08261475 
319 245 7 9 0.08223465 
743 206 9 12 0.08131324 
670 191 8 10 0.08008627 
342 197 7 10 0.0792623 
438 214 7 9 0.079118796 
398 201 8 9 0.0782896 
343 193 6 9 0.07788471 
54 232 8 12 0.07672889 
713 190 7 9 0.07657148 
191 222 8 10 0.07632081 
886 197 10 13 0.076294504 
337 200 7 9 0.07610122 
78 231 10 13 0.07546356 
266 192 8 10 0.07532687 
358 207 8 10 0.07527879 
72 236 9 11 0.07414874 
272 208 8 10 0.07363334 
699 245 13 15 0.07294189 
397 379 11 15 0.072518945 
4 236 11 15 0.072368234 
251 206 9 12 0.07169527 
662 191 8 10 0.07140237 
711 223 9 12 0.07095252 
253 252 11 12 0.070859745 
168 193 9 10 0.0705753 
458 207 7 9 0.07037161 
697 214 9 10 0.0701244 
475 208 6 8 0.069180325 
465 230 8 10 0.06896971 
712 228 10 13 0.06858363 
88 237 8 10 0.06768819 
703 228 10 12 0.06733434 
696 196 9 12 0.065702215 
418 233 8 9 0.065350264 
56 254 10 13 0.06531931 
391 184 7 9 0.0645778 
847 190 8 11 0.06456327 
96 203 11 13 0.06455566 
772 196 9 12 0.063180774 
149 230 8 11 0.06310437 
439 209 6 8 0.06269998 
225 206 9 12 0.061959054 
722 289 24 27 0.06166154 
172 214 8 10 0.061497502 
414 215 8 10 0.06119372 
5 222 10 11 0.06087931 
280 199 9 10 0.060856927 
741 312 17 19 0.060443386 
701 214 8 9 0.06023828 
992 350 24 29 0.060201805 
695 191 8 11 0.059922665 
232 197 9 12 0.059682377 
638 192 7 9 0.059501853 
37 236 10 12 0.059136316 
738 174 8 11 0.05888164 
384 201 6 7 0.05845694 
234 193 7 10 0.058431845 
417 249 8 10 0.058271743 
742 175 8 11 0.058090165 
725 177 8 10 0.057244763 
313 214 9 11 0.056838375 
687 196 9 11 0.056818757 
152 207 9 11 0.056583975 
189 197 9 11 0.05620071 
695 221 9 12 0.05592061 
82 212 9 12 0.055761136 
616 197 8 10 0.055639934 
432 250 8 10 0.055030685 
609 222 8 10 0.054668996 
80 221 9 11 0.0543542 
832 182 9 11 0.054352157 
136 255 8 10 0.054330897 
89 246 8 11 0.054208666 
144 230 9 10 0.054123078 
701 198 7 10 0.05356307 
743 219 9 12 0.05342432 
143 215 8 10 0.053260237 
720 215 9 12 0.05256869 
270 191 8 10 0.052560385 
75 300 11 15 0.05135691 
808 202 12 16 0.050607275 
633 192 7 9 0.05047828 
719 221 9 13 0.05031195 
464 224 9 11 0.050141755 
622 192 8 10 0.05001333 
57 213 9 11 0.04990183 
601 240 8 11 0.049637813 
251 190 8 10 0.049249567 
690 175 7 10 0.049237378 
185 223 8 10 0.04900951 
185 248 9 11 0.048840012 
640 222 10 12 0.04879251 
64 215 9 11 0.048776228 
741 242 11 15 0.048659924 
440 198 6 8 0.048575185 
281 230 9 11 0.048552737 
728 298 21 25 0.04821941 
254 184 7 11 0.04810785 
821 222 10 13 0.04770809 
128 254 7 10 0.0471052 
809 197 10 12 0.047035836 
113 198 8 10 0.04690092 
874 201 8 11 0.046820525 
601 193 7 9 0.046801616 
826 465 30 28 0.046714846 
683 265 22 27 0.04649234 
812 225 12 16 0.04642441 
143 224 8 11 0.046296973 
698 167 7 10 0.04616121 
838 219 11 14 0.04610559 
424 193 8 9 0.045992624 
410 190 7 10 0.045970324 
549 245 9 12 0.045542892 
709 301 12 17 0.045211617 
457 200 8 9 0.044902973 
0 242 11 19 0.044429507 
704 223 8 12 0.04431323 
808 192 9 10 0.04396894 
599 223 7 9 0.043890007 
633 207 7 10 0.043674156 
237 192 7 10 0.04318263 
703 167 8 11 0.04287584 
304 248 8 10 0.042866 
670 184 7 10 0.042841785 
334 207 8 10 0.04240642 
1010 395 14 23 0.041881338 
593 223 8 10 0.041867066 
201 312 21 28 0.041820362 
565 245 9 11 0.041745275 
253 212 9 11 0.041737456 
331 208 7 9 0.041443903 
606 199 8 10 0.041427035 
70 227 10 14 0.041395493 
478 206 8 10 0.04087518 
95 214 9 11 0.040797666 
967 182 10 12 0.04079098 
433 215 7 8 0.040762857 
453 229 9 12 0.04065145 
287 222 8 10 0.040592577 
199 317 13 20 0.040487375 
479 215 7 9 0.04036943 
101 230 10 12 0.03980816 
424 222 7 9 0.039268285 
471 263 11 14 0.03922865 
740 300 16 19 0.039162926 
879 199 9 12 0.03902624 
584 183 8 10 0.03875458 
472 247 9 11 0.038740106 
438 239 8 10 0.038659975 
752 182 9 10 0.038633283 
736 206 10 11 0.038597684 
785 183 8 10 0.038538568 
842 209 8 11 0.03836624 
248 201 10 11 0.038225226 
191 230 8 10 0.038202524 
314 199 6 8 0.038154572 
616 230 11 14 0.037830397 
782 189 9 12 0.03777605 
230 283 15 19 0.037597504 
280 220 9 11 0.037369892 
266 204 8 10 0.037176307 
816 177 9 11 0.036941253 
725 158 9 12 0.036889844 
102 207 10 11 0.036719434 
96 191 9 10 0.036607135 
253 199 9 10 0.03651161 
138 224 8 11 0.036502805 
175 208 8 11 0.03648163 
847 182 8 11 0.036392495 
452 221 11 13 0.036364704 
152 253 9 11 0.036250845 
416 254 10 11 0.036149148 
184 199 9 11 0.035874937 
62 299 15 20 0.035865147 
423 199 8 9 0.03578656 
158 224 8 10 0.035565585 
671 214 9 11 0.035378512 
647 200 7 9 0.03516723 
424 217 8 9 0.03500633 
454 215 10 11 0.03496382 
239 218 12 15 0.03493598 
458 262 10 12 0.034793638 
943 182 8 10 0.034748845 
495 205 7 9 0.034701914 
93 221 10 13 0.03465575 
643 215 7 10 0.03432979 
63 282 11 15 0.034265812 
48 235 9 13 0.034251317 
947 196 9 12 0.034047917 
762 326 16 18 0.03399977 
617 262 10 14 0.033980932 
966 176 9 11 0.033914004 
124 236 8 12 0.033907935 
688 205 8 11 0.03390713 
792 183 8 10 0.033828504 
216 214 9 11 0.033681292 
238 152 9 12 0.033595823 
1 215 9 13 0.033547614 
224 226 10 13 0.033304177 
634 197 7 10 0.033280242 
56 248 9 11 0.033193883 
416 200 8 9 0.033129174 
662 198 8 10 0.033014234 
398 253 7 9 0.032970585 
712 207 9 11 0.032955848 
487 256 10 13 0.032920834 
175 222 8 10 0.03287226 
655 205 9 11 0.032710396 
397 223 7 11 0.032697234 
90 274 14 18 0.032681257 
413 191 9 10 0.032646753 
607 193 7 9 0.032469813 
654 219 13 16 0.032443747 
49 277 14 17 0.03243099 
734 237 13 17 0.032391146 
721 203 9 12 0.03236314 
157 238 9 11 0.031982083 
378 200 6 7 0.03189887 
244 260 11 15 0.031845592 
392 228 8 10 0.03177656 
230 305 12 15 0.031661164 
701 207 9 12 0.031494837 
646 228 11 14 0.031482648 
151 225 9 11 0.03146308 
822 215 8 11 0.031405617 
582 254 9 12 0.031190611 
639 198 8 10 0.031187303 
520 250 14 17 0.031179372 
928 250 11 13 0.031086028 
418 236 9 11 0.03096925 
432 193 6 8 0.030952364 
728 261 9 13 0.030909758 
313 208 8 8 0.03085407 
181 276 13 17 0.030759677 
70 283 11 15 0.030713655 
545 246 9 12 0.030673815 
452 53 214 250 0.030588236 
584 235 9 11 0.03050844 
613 218 11 15 0.030483099 
610 216 8 12 0.030480135 
839 191 8 10 0.03044718 
354 208 7 8 0.030433439 
956 242 10 12 0.030343466 
804 208 19 24 0.030308245 
287 216 8 10 0.030232824 
190 191 8 10 0.0300842 
12 269 15 19 0.0300394 
440 193 7 8 0.02995494 
757 205 10 11 0.029910203 
359 213 7 9 0.029765911 
368 215 8 9 0.029757442 
560 246 9 11 0.02961078 
698 241 9 12 0.029337244 
81 200 8 10 0.029275283 
303 207 7 9 0.029217027 
359 200 8 9 0.029120762 
286 199 8 11 0.029035011 
168 209 9 12 0.029008364 
1013 319 12 19 0.028999649 
838 196 8 11 0.028983561 
273 185 7 9 0.028893052 
13 215 9 11 0.02853826 
279 208 8 11 0.028498385 
600 229 8 10 0.028315648 
738 167 8 10 0.028298322 
486 221 7 9 0.02825003 
290 245 8 10 0.028249128 
522 242 14 17 0.028225033 
335 185 7 8 0.028172422 
355 231 6 9 0.028171651 
449 253 8 9 0.028117472 
12 235 11 14 0.028096825 
566 240 8 10 0.028067058 
41 216 9 11 0.028010337 
609 214 20 27 0.02800996 
453 237 9 9 0.02794331 
615 205 9 11 0.027895933 
474 200 6 8 0.027886676 
254 259 14 18 0.027840273 
158 255 8 11 0.027827159 
9 272 24 30 0.027826412 
353 215 7 8 0.02780893 
431 223 7 8 0.027554657 
0 230 18 27 0.027508346 
385 208 6 8 0.027498871 
784 196 8 13 0.027467584 
762 469 15 20 0.027466781 
649 192 6 8 0.027429305 
734 221 9 12 0.02736641 
646 221 10 13 0.027359702 
238 255 12 14 0.027339693 
391 190 7 9 0.027281528 
715 298 22 27 0.027195295 
376 247 8 10 0.027152589 
742 229 10 14 0.02713051 
799 184 7 9 0.027031433 
837 149 14 16 0.026947457 
338 192 8 9 0.02693981 
763 461 13 15 0.026937684 
568 216 8 10 0.02689193 
796 222 12 14 0.026889088 
156 207 11 12 0.026884839 
694 175 7 10 0.026839292 
207 229 12 15 0.026798695 
289 238 8 10 0.02675681 
22 238 10 12 0.026729817 
632 221 9 12 0.026655152 
385 183 8 9 0.02664626 
967 189 10 13 0.026549079 
712 197 8 11 0.026533524 
103 247 8 10 0.026504785 
487 216 7 8 0.026470806 
503 198 8 11 0.026345273 
833 227 10 14 0.026338056 
688 213 8 11 0.026237376 
798 190 9 11 0.026231525 
949 294 8 11 0.026218023 
620 219 12 15 0.026170025 
278 184 7 9 0.02605329 
410 207 7 9 0.025825787 
809 177 9 10 0.025764842 
394 200 7 10 0.025684938 
268 268 12 17 0.025605585 
744 182 8 10 0.025506966 
713 213 8 10 0.02541419 
448 248 8 11 0.025270041 
286 204 10 12 0.025178432 
709 246 9 13 0.025170945 
319 199 7 9 0.02516181 
765 181 9 11 0.02506377 
669 276 11 15 0.025022227 
422 233 7 9 0.025002848 
96 238 8 10 0.024984505 
888 176 9 9 0.024967344 
82 175 8 11 0.02495372 
286 231 9 11 0.024921535 
703 261 11 14 0.024876764 
86 296 16 18 0.024859384 
734 327 15 19 0.024846895 
735 230 10 13 0.024825374 
455 255 9 9 0.024798054 
680 231 8 11 0.02475237 
602 198 7 11 0.024741156 
791 196 9 13 0.024740659 
432 232 7 8 0.024721751 
347 215 6 9 0.02472077 
368 192 7 8 0.024718016 
808 184 7 9 0.024681225 
615 226 21 28 0.024644736 
97 231 9 12 0.024404407 
667 262 10 13 0.02438597 
748 214 10 13 0.024306372 
141 228 19 25 0.02423208 
369 222 8 10 0.024228353 
295 230 9 11 0.024224443 
463 256 9 11 0.024171377 
410 184 8 10 0.024164991 
726 279 14 17 0.024057256 
447 191 7 8 0.024035022 
441 185 7 9 0.023949336 
879 181 8 9 0.023940992 
621 256 11 15 0.02390131 
736 181 8 10 0.023851285 
750 202 11 13 0.023751628 
83 214 20 24 0.02373289 
89 284 12 15 0.023712968 
605 239 8 12 0.023692714 
211 318 18 21 0.023562508 
381 247 8 10 0.02351521 
117 197 8 10 0.023411743 
144 233 10 14 0.023371717 
739 323 15 17 0.023303816 
825 474 14 16 0.023281345 
112 193 8 9 0.0232081 
146 246 8 12 0.023146681 
30 214 8 11 0.023091802 
879 176 7 9 0.023078008 
241 203 18 22 0.0230734 
149 234 11 15 0.02295888 
664 150 8 9 0.022944171 
667 243 11 13 0.02290734 
86 229 10 14 0.022903698 
830 165 8 10 0.022881147 
46 205 8 10 0.022844132 
129 248 6 9 0.022818822 
422 247 8 10 0.022791285 
295 247 8 10 0.022786163 
263 282 13 17 0.022755777 
581 215 8 10 0.02274894 
714 260 13 16 0.02271781 
91 305 16 18 0.022712158 
157 229 9 11 0.02262155 
100 188 10 11 0.022565147 
294 223 9 11 0.022529753 
716 215 18 25 0.022482881 
718 192 19 23 0.02248065 
375 207 7 9 0.022460697 
575 232 8 10 0.022446524 
664 253 10 13 0.022380881 
527 214 8 10 0.022261865 
932 247 10 13 0.022223748 
599 206 8 11 0.022195525 
94 247 8 10 0.02218822 
455 192 6 8 0.022183679 
812 192 10 12 0.022183236 
330 200 6 8 0.022140697 
665 185 8 10 0.022102796 
469 231 9 10 0.022019813 
293 238 9 11 0.021962484 
775 407 12 14 0.021921983 
686 238 9 12 0.021862859 
779 447 17 19 0.021848409 
660 229 12 14 0.02178544 
678 215 8 11 0.021755062 
170 237 8 11 0.021753 
51 315 25 36 0.021739576 
23 231 9 11 0.02168745 
598 214 7 11 0.02164767 
368 208 8 9 0.021600595 
560 207 7 10 0.02158229 
470 222 8 10 0.021567153 
480 221 8 9 0.021550888 
320 192 8 10 0.021548174 
489 207 7 8 0.021519912 
199 200 20 25 0.02151946 
279 191 7 10 0.021477971 
559 199 7 8 0.021392912 
670 172 9 11 0.021301117 
521 198 8 10 0.021252915 
108 213 9 11 0.02119793 
101 235 9 12 0.02119075 
942 239 10 13 0.02117881 
302 230 7 10 0.021176657 
192 183 8 10 0.021173878 
784 205 9 12 0.021146556 
561 232 8 10 0.021123633 
108 222 10 11 0.021114761 
44 220 10 11 0.021081416 
789 205 9 11 0.020993743 
838 183 8 11 0.020989481 
495 275 12 16 0.020985205 
681 191 8 10 0.020929564 
946 191 9 12 0.020919733 
100 199 10 11 0.020897584 
312 218 9 13 0.020770196 
70 196 10 13 0.020745357 
75 285 14 15 0.020720601 
118 193 7 9 0.020712832 
661 214 11 14 0.020651933 
385 214 7 8 0.020632932 
677 204 8 10 0.020614928 
144 208 9 11 0.020604022 
735 191 8 9 0.020596713 
550 100 61 65 0.020542296 
438 247 8 10 0.020494824 
45 282 22 28 0.020469537 
256 267 21 26 0.02042053 
726 164 8 10 0.020405054 
110 206 10 11 0.020389276 
280 245 9 11 0.020358402 
704 184 7 9 0.020348627 
45 297 15 19 0.020334793 
433 199 6 8 0.020331575 
328 192 7 9 0.020293357 
735 199 9 10 0.02025935 
250 247 9 12 0.020221464 
558 107 36 41 0.020082863 
102 222 10 12 0.020066235 
85 200 10 11 0.020056328 
734 92 202 234 0.020044899 
-1 278 10 17 0.020021131 
709 175 8 9 0.020000128 
