10_People_Marching_People_Marching_2_401
237
193 353 53 68 0.9995401 
332 402 67 87 0.99893266 
730 301 33 44 0.9983668 
91 514 64 76 0.9980415 
494 268 30 39 0.9979087 
20 409 57 67 0.99753416 
569 265 27 37 0.9972512 
46 290 23 29 0.9965295 
541 240 24 32 0.9956328 
640 531 76 101 0.9954169 
660 267 33 40 0.99321705 
101 282 28 33 0.9931993 
284 294 22 30 0.99295104 
627 250 26 35 0.98980135 
65 318 27 36 0.989714 
252 272 22 28 0.9839425 
726 383 38 47 0.9833507 
921 263 27 36 0.98095554 
314 270 16 21 0.97831434 
851 249 33 47 0.9768565 
386 249 17 22 0.9720088 
422 240 22 26 0.9717329 
100 392 38 42 0.96693146 
353 276 19 24 0.96521765 
477 263 24 34 0.94211364 
306 328 26 31 0.9411808 
701 239 16 21 0.93588847 
508 240 20 23 0.92887676 
547 506 60 57 0.92413926 
357 253 13 16 0.91842645 
756 264 28 36 0.91745913 
190 268 23 28 0.9115097 
672 421 40 49 0.910015 
797 281 43 49 0.9082236 
351 336 24 33 0.9065931 
781 359 40 66 0.8794542 
208 303 24 27 0.8764291 
857 506 82 122 0.8444969 
741 253 18 25 0.7695097 
746 229 15 19 0.76285636 
383 312 25 31 0.7490148 
614 235 16 22 0.7025456 
329 291 19 24 0.65511024 
314 354 28 33 0.55405605 
611 478 46 64 0.48485976 
493 341 33 57 0.47425497 
-1 354 23 45 0.35130474 
987 233 13 18 0.3430982 
816 244 28 32 0.26831764 
749 258 25 31 0.26762497 
71 286 14 18 0.2634686 
584 247 23 28 0.25920954 
940 247 17 22 0.23530254 
295 274 16 19 0.22111592 
650 355 33 38 0.21852672 
998 276 14 19 0.20336445 
339 263 15 19 0.2004654 
326 230 10 12 0.19187838 
35 268 13 18 0.1909963 
621 245 23 32 0.18357365 
199 308 35 37 0.17609258 
554 353 39 62 0.17301258 
115 284 22 29 0.15893759 
177 321 31 34 0.1568046 
741 238 22 28 0.15594865 
901 234 15 19 0.14748512 
792 214 10 13 0.1457413 
132 301 16 21 0.1378612 
175 259 12 17 0.13631125 
814 233 26 28 0.1289988 
262 384 39 47 0.11376855 
171 266 12 18 0.10813067 
755 433 32 42 0.10751135 
362 258 14 17 0.105894275 
773 261 25 32 0.10255211 
412 324 14 17 0.102189265 
637 216 15 19 0.10176037 
592 493 49 61 0.10105377 
188 316 33 35 0.10051177 
178 253 14 17 0.10050892 
444 216 10 13 0.09355505 
398 317 23 27 0.092462875 
488 238 13 15 0.08962177 
140 194 15 19 0.08247768 
997 284 14 23 0.08191114 
490 222 13 15 0.07767144 
489 240 22 28 0.071472086 
597 253 23 29 0.0709776 
130 290 15 22 0.06888234 
327 310 20 26 0.06553839 
588 235 17 19 0.063956186 
628 214 18 21 0.06356965 
973 251 9 13 0.060150344 
372 319 23 30 0.05975401 
814 260 43 52 0.059470642 
363 330 17 22 0.059223946 
668 252 27 31 0.055880845 
129 231 8 10 0.055555977 
380 307 19 23 0.05493832 
590 228 15 17 0.05279686 
503 247 27 33 0.05140357 
427 359 31 36 0.051346023 
904 237 20 26 0.050896112 
707 215 11 14 0.049855966 
36 265 10 12 0.049401972 
662 243 15 17 0.04909498 
697 468 38 43 0.049055405 
199 304 17 21 0.048701648 
316 263 14 18 0.04819192 
762 261 18 22 0.047986925 
252 385 28 38 0.04748973 
365 244 12 16 0.04704428 
690 427 35 42 0.046479497 
983 239 14 18 0.044060186 
625 231 22 28 0.04225026 
411 325 23 25 0.04157227 
981 204 10 13 0.04146592 
485 249 16 21 0.040539216 
208 230 9 11 0.03997993 
664 355 32 39 0.03957398 
982 200 9 10 0.03955325 
512 353 41 59 0.039246075 
772 367 32 46 0.038515393 
770 197 14 18 0.038501665 
429 325 11 14 0.03784009 
258 245 12 14 0.037294284 
96 288 15 20 0.037165638 
928 231 10 12 0.03698264 
319 319 23 27 0.03643055 
405 253 12 16 0.03610411 
316 254 14 17 0.03604486 
856 238 26 35 0.035996836 
327 354 18 23 0.035975084 
961 203 9 12 0.035745427 
363 341 27 35 0.03556346 
993 235 15 19 0.035316646 
238 287 15 20 0.035150696 
995 301 15 24 0.034127012 
392 308 18 21 0.03377173 
917 251 13 17 0.03359614 
181 263 21 27 0.03343566 
6 343 26 37 0.033371452 
0 289 9 16 0.032620084 
351 246 13 17 0.032493908 
634 235 16 18 0.032094188 
625 463 52 67 0.031276714 
790 211 20 26 0.03085707 
208 238 11 13 0.030677872 
5 286 10 15 0.030252377 
745 444 30 34 0.030196832 
780 271 28 39 0.030057544 
599 453 49 70 0.029895796 
350 258 14 17 0.0298776 
370 260 12 16 0.02982256 
633 242 19 24 0.029656783 
110 440 30 31 0.02959896 
599 264 23 33 0.02944192 
60 307 26 36 0.027897766 
587 289 23 30 0.027440412 
344 277 20 27 0.02719081 
1003 268 16 21 0.027090825 
537 468 57 74 0.026965164 
546 348 33 48 0.026962465 
768 265 19 25 0.02694109 
798 356 53 78 0.02681262 
990 280 17 24 0.026794786 
640 446 50 61 0.026756413 
3 327 21 29 0.02632423 
440 216 19 23 0.02632076 
935 244 15 19 0.026176117 
758 182 12 15 0.025914881 
999 263 10 12 0.025885861 
736 404 42 57 0.025836444 
243 277 25 31 0.025635982 
990 250 11 15 0.025520694 
295 223 11 13 0.025165677 
487 224 18 23 0.025157647 
859 237 16 22 0.025107637 
17 344 27 35 0.025099576 
349 237 10 12 0.025086345 
366 265 14 19 0.024963938 
742 270 41 53 0.02492408 
812 245 21 22 0.024746863 
479 263 15 20 0.024519049 
491 322 28 43 0.0244309 
386 301 18 21 0.024428178 
959 350 12 14 0.024297306 
611 501 55 78 0.024276115 
867 253 40 52 0.0242166 
318 278 20 25 0.024195341 
824 229 18 22 0.024085779 
484 338 28 46 0.024077969 
630 224 16 20 0.023997903 
1011 274 13 18 0.023925671 
965 200 9 12 0.023703834 
209 225 9 11 0.023585502 
576 465 54 73 0.023549562 
586 267 26 32 0.023515562 
313 206 9 11 0.023493968 
283 253 13 16 0.023454802 
5 348 41 52 0.023439748 
818 283 35 42 0.023338938 
60 289 23 28 0.023221452 
289 278 22 28 0.023104321 
606 257 24 34 0.022952732 
661 242 23 28 0.022754278 
869 211 14 17 0.02260581 
180 322 18 22 0.02245016 
545 304 28 31 0.022195356 
732 250 17 23 0.022129029 
979 209 13 16 0.022087393 
575 502 35 48 0.022065232 
386 421 27 38 0.022063198 
615 454 28 43 0.022020027 
924 253 12 16 0.021932919 
944 254 16 22 0.021907194 
912 249 24 31 0.021900631 
583 236 14 17 0.021895848 
682 371 26 34 0.021772273 
495 359 44 66 0.021753756 
319 234 13 15 0.021727405 
982 252 12 15 0.021468433 
807 236 14 17 0.021285046 
347 268 16 19 0.021271259 
727 251 15 18 0.020817677 
11 352 16 22 0.020758761 
988 267 21 29 0.020725954 
576 279 25 36 0.020692386 
1006 262 11 15 0.020662287 
92 418 44 54 0.020384705 
695 446 34 43 0.02033592 
37 274 22 28 0.020324448 
506 343 36 46 0.0202914 
667 239 13 16 0.020219047 
570 260 19 26 0.020205708 
703 212 18 23 0.020102968 
378 351 26 31 0.020055879 
