10_People_Marching_People_Marching_2_307
96
506 139 102 134 0.9994336 
658 224 49 62 0.98996466 
252 181 83 108 0.9693868 
75 190 70 80 0.9627713 
872 171 29 42 0.3557553 
0 433 40 82 0.35318002 
125 31 49 63 0.2652066 
783 404 26 30 0.24235749 
689 140 12 16 0.16321333 
795 291 15 18 0.14883669 
908 633 16 20 0.13325591 
780 277 11 14 0.13186175 
740 246 12 15 0.11390125 
723 232 21 29 0.11107403 
56 218 73 87 0.09985786 
782 407 13 17 0.09175006 
110 19 82 109 0.09126296 
712 234 22 29 0.07856378 
936 191 91 188 0.07494698 
835 175 14 18 0.07394803 
303 26 12 15 0.06801536 
705 296 27 31 0.062090196 
732 241 15 19 0.0612779 
634 213 27 43 0.06105147 
791 296 14 17 0.059112925 
847 400 12 16 0.058800593 
726 327 22 26 0.055946745 
808 262 12 15 0.05514781 
786 409 34 39 0.054196995 
812 441 16 22 0.05305831 
739 392 36 40 0.05035051 
107 10 54 70 0.049694885 
741 295 13 17 0.04911747 
701 166 21 27 0.045689534 
837 168 13 17 0.045512266 
745 269 11 13 0.041321088 
726 232 13 17 0.040659122 
791 420 39 48 0.040188774 
726 322 16 21 0.038408805 
831 323 13 17 0.038196784 
120 48 32 42 0.036504332 
759 174 24 28 0.035290815 
618 270 40 53 0.03464722 
768 300 12 15 0.03380598 
832 350 10 14 0.033750713 
855 178 30 37 0.03292648 
758 319 15 19 0.03228866 
731 412 44 44 0.0320414 
53 3 92 103 0.031596627 
782 197 14 16 0.031580538 
135 68 57 82 0.03138505 
123 51 16 20 0.03128641 
874 171 17 24 0.029798688 
808 406 24 29 0.029472675 
846 410 15 19 0.029320657 
627 164 11 14 0.02886435 
860 484 16 19 0.028458517 
728 441 35 38 0.028293774 
772 329 26 34 0.028284013 
649 338 26 34 0.028283315 
642 220 35 45 0.027913993 
756 261 10 11 0.027179612 
964 223 51 123 0.026950454 
838 170 24 28 0.026837518 
148 15 47 64 0.026552107 
771 187 13 15 0.02541527 
760 203 10 12 0.025132209 
587 176 16 22 0.0251056 
790 213 9 13 0.024525598 
796 304 12 15 0.024275068 
822 408 15 20 0.023969071 
776 272 19 24 0.023696024 
775 205 13 16 0.023540914 
880 470 12 15 0.023401901 
712 337 14 17 0.02300157 
630 259 29 40 0.022984276 
780 208 12 16 0.022930935 
170 66 32 49 0.022820588 
782 285 21 27 0.022695346 
295 27 14 16 0.022253439 
748 404 46 51 0.022104723 
764 275 12 14 0.02181213 
627 207 25 37 0.021517765 
697 278 42 55 0.02148998 
774 399 24 31 0.02142317 
718 180 10 14 0.021282071 
764 299 22 26 0.021248829 
681 174 9 12 0.021224458 
775 195 11 14 0.02112809 
802 285 13 15 0.021087322 
720 338 27 29 0.02083586 
766 294 11 15 0.020614805 
769 187 24 28 0.020576023 
759 73 27 30 0.020515107 
784 343 18 22 0.020494984 
748 165 11 14 0.020105937 
