10_People_Marching_People_Marching_2_898
142
678 587 56 65 0.9913731 
511 709 50 58 0.9888943 
259 792 56 66 0.978361 
795 653 32 34 0.6505209 
342 775 21 30 0.20653802 
383 687 16 21 0.20335487 
788 652 49 59 0.1913622 
804 597 26 31 0.18987316 
668 886 38 40 0.16904914 
325 720 16 21 0.16830537 
483 874 100 122 0.14819667 
879 655 28 34 0.1450685 
798 552 16 21 0.13220406 
635 760 26 28 0.12938233 
545 660 24 32 0.12127797 
872 536 18 20 0.104374126 
325 651 12 15 0.101205975 
868 660 27 37 0.096226536 
556 613 18 22 0.095646605 
868 577 21 29 0.08986981 
330 712 16 21 0.08955223 
817 607 29 38 0.08822696 
615 728 28 36 0.08727154 
586 632 16 19 0.08474924 
916 588 14 17 0.08414214 
444 702 13 15 0.07744044 
423 752 28 34 0.07417982 
661 899 50 61 0.07156737 
628 912 48 58 0.06825781 
226 758 89 91 0.06815346 
587 576 11 12 0.065711804 
445 788 30 34 0.061692204 
243 682 15 18 0.05657521 
654 615 33 39 0.054722473 
876 661 16 22 0.053680588 
383 778 35 37 0.05351616 
325 614 10 12 0.052606072 
606 572 10 12 0.051983852 
861 667 26 39 0.051437005 
284 643 11 14 0.05120269 
411 750 26 33 0.050539695 
554 661 15 19 0.048915103 
548 652 13 16 0.042780265 
407 701 13 15 0.042431597 
217 728 57 55 0.04133578 
320 707 22 29 0.041331466 
942 674 15 19 0.04095438 
693 849 64 87 0.040657785 
381 660 10 13 0.040599383 
834 622 17 24 0.04056588 
361 692 10 14 0.039855734 
390 672 9 11 0.037896972 
596 798 16 20 0.036891256 
798 600 16 21 0.036247764 
381 773 15 17 0.03616553 
801 550 24 28 0.03588876 
375 654 10 14 0.03520694 
325 691 15 18 0.034199197 
784 841 51 71 0.03389582 
394 773 14 16 0.033760313 
428 117 201 219 0.033639297 
204 763 60 74 0.033615645 
393 785 214 233 0.0331951 
563 666 13 17 0.033070605 
338 739 15 20 0.032986496 
825 588 28 36 0.032982465 
249 697 27 31 0.032955285 
333 684 11 13 0.032459565 
389 675 12 15 0.03243601 
210 629 14 17 0.03242042 
224 669 47 52 0.031578016 
407 753 15 20 0.031229757 
842 675 29 37 0.031047193 
421 762 38 45 0.030848943 
328 764 44 56 0.030249946 
379 769 29 30 0.029906562 
859 580 18 24 0.029898388 
816 656 17 23 0.029795835 
598 712 40 48 0.029730737 
249 685 22 29 0.02937036 
580 638 16 20 0.028810224 
911 590 22 25 0.028623361 
670 875 64 77 0.028294696 
233 675 26 31 0.02827607 
322 692 25 32 0.02821296 
724 823 95 113 0.027952526 
388 607 9 12 0.027878249 
384 629 9 11 0.027763838 
403 707 15 17 0.027609155 
875 651 15 22 0.027479744 
641 635 30 37 0.027307682 
394 764 30 33 0.02727781 
874 585 27 35 0.026988575 
605 688 41 53 0.026929252 
593 633 16 20 0.02692703 
217 672 29 36 0.025916396 
403 779 14 18 0.025818808 
282 664 14 20 0.02572352 
254 648 16 20 0.025413118 
364 722 14 17 0.02478314 
444 727 28 33 0.024775567 
320 648 20 24 0.024555258 
422 582 11 13 0.024405394 
387 620 11 15 0.024298815 
426 766 18 22 0.024276141 
415 582 10 12 0.024246573 
328 687 11 14 0.024136446 
375 688 15 20 0.024011092 
343 661 10 12 0.023531679 
932 663 26 33 0.023499614 
701 597 52 64 0.02335922 
330 728 16 18 0.023349546 
935 738 16 22 0.023325263 
360 622 10 12 0.023167768 
211 802 16 22 0.023165504 
927 645 28 38 0.022990046 
831 588 40 48 0.022933895 
462 916 65 78 0.022564178 
383 679 12 14 0.022502871 
612 571 11 13 0.022168303 
625 746 29 35 0.022077166 
443 712 14 17 0.021912854 
573 659 11 16 0.021658361 
278 690 14 17 0.021415869 
893 654 32 35 0.021364333 
600 568 11 12 0.021345735 
621 701 40 52 0.021167386 
358 723 12 15 0.021117836 
335 711 362 410 0.020990083 
285 650 14 18 0.02095846 
598 686 32 37 0.020863485 
546 646 13 15 0.020652423 
444 635 16 22 0.020564862 
864 701 11 16 0.020447407 
759 849 55 70 0.020397926 
889 668 21 23 0.020346677 
386 612 12 16 0.020345947 
398 779 34 40 0.020308364 
321 648 11 13 0.02026771 
442 761 14 19 0.020222712 
293 676 13 18 0.020216057 
588 650 15 18 0.02014027 
