10_People_Marching_People_Marching_2_430
53
914 249 34 44 0.9974124 
288 129 32 36 0.9973562 
632 201 42 52 0.99259067 
416 172 30 36 0.9914363 
213 157 23 27 0.9855284 
163 161 35 41 0.97723323 
767 200 43 48 0.9692983 
306 183 25 32 0.56623685 
91 144 18 21 0.37164187 
262 181 27 31 0.3435567 
836 266 46 66 0.25473577 
510 328 454 444 0.12635668 
368 170 15 18 0.10558566 
282 216 29 35 0.08638704 
346 193 17 20 0.06940543 
314 178 18 25 0.06253769 
3 222 493 377 0.060822558 
359 171 23 28 0.048271585 
235 181 23 29 0.047990307 
342 202 25 29 0.04658022 
113 189 16 21 0.041601896 
350 178 23 28 0.04128001 
257 189 40 47 0.03938355 
89 186 26 32 0.038881127 
271 206 31 37 0.03742771 
281 200 27 32 0.036424793 
63 124 23 26 0.03596184 
873 67 125 174 0.03429308 
863 278 31 47 0.034270234 
219 254 42 59 0.032663055 
689 165 28 37 0.0325265 
331 184 15 21 0.0323971 
271 178 38 47 0.032289263 
295 197 28 35 0.03202222 
841 266 28 38 0.030952537 
263 215 42 48 0.030676337 
73 154 15 18 0.029769035 
729 213 29 34 0.02681028 
284 134 23 24 0.025542565 
62 114 12 13 0.0255229 
90 181 17 19 0.024807539 
265 172 22 25 0.024499571 
80 151 27 31 0.024187738 
339 187 15 21 0.02409949 
249 186 28 32 0.023990763 
302 191 19 25 0.0238013 
239 190 41 50 0.023518385 
743 352 253 290 0.023130752 
107 190 26 33 0.022935668 
263 106 22 27 0.022381527 
673 227 33 35 0.021253202 
82 89 203 255 0.021008022 
845 247 51 67 0.020297956 
