10_People_Marching_People_Marching_2_191
173
746 324 20 27 0.9725654 
515 315 16 28 0.9687396 
844 316 26 29 0.963111 
656 317 25 28 0.9619486 
315 300 16 21 0.95542866 
336 308 17 24 0.93581265 
329 237 14 18 0.9288582 
384 320 19 21 0.9082877 
243 309 18 25 0.85796493 
82 294 16 20 0.8495048 
454 322 15 22 0.841045 
189 314 18 21 0.83421075 
967 346 23 27 0.8310128 
93 315 17 21 0.81979454 
823 321 23 27 0.79106987 
379 240 12 15 0.74486166 
18 297 22 26 0.6930959 
484 328 16 20 0.59983814 
988 458 21 31 0.5150199 
137 309 12 16 0.4536664 
147 299 13 18 0.363356 
1010 473 15 30 0.30413696 
365 312 12 17 0.29491925 
644 305 29 36 0.26362965 
254 291 17 20 0.25314257 
497 330 14 18 0.2529762 
300 315 16 18 0.2061365 
137 340 11 13 0.18583642 
975 349 23 29 0.18533945 
939 455 16 23 0.15283184 
833 315 25 30 0.13715862 
459 317 15 20 0.1356754 
183 315 16 20 0.13532689 
997 462 22 35 0.1316031 
170 297 15 19 0.13110328 
734 313 16 21 0.100759275 
239 318 14 20 0.0898077 
511 309 14 20 0.08826972 
89 297 14 17 0.08325679 
57 393 13 15 0.08028314 
176 322 12 16 0.07389358 
232 308 11 16 0.06622008 
125 301 10 13 0.0658484 
463 452 39 47 0.0638111 
333 301 16 22 0.06199676 
64 291 13 19 0.06191245 
1006 310 9 12 0.057954133 
462 311 14 16 0.057587184 
633 301 27 36 0.057514545 
366 283 10 13 0.057305418 
218 356 12 15 0.056854613 
936 451 14 20 0.056297924 
566 343 12 14 0.05044935 
68 288 19 26 0.050320625 
917 408 12 17 0.04908939 
458 324 20 25 0.047325186 
16 341 9 11 0.04685739 
404 476 20 30 0.046095822 
145 296 10 15 0.044972382 
372 278 11 13 0.04471369 
362 285 9 12 0.044370737 
777 312 22 28 0.04404135 
697 371 15 18 0.043898992 
259 347 23 27 0.043160364 
13 387 10 13 0.042909905 
364 305 21 27 0.042769674 
522 478 28 39 0.04254709 
249 316 17 20 0.04242671 
19 310 16 19 0.042228866 
792 470 27 36 0.04219762 
99 311 13 18 0.041406177 
1012 205 9 15 0.041132484 
275 318 13 15 0.040821064 
34 296 13 19 0.040152177 
5 309 12 16 0.038726687 
960 478 18 28 0.03838911 
65 287 10 14 0.037424468 
1007 203 10 14 0.03689578 
161 485 12 15 0.03607129 
10 290 21 30 0.0353811 
482 455 23 34 0.035014573 
394 327 13 19 0.034610916 
899 451 15 19 0.034504153 
363 301 15 19 0.03446962 
134 298 19 26 0.03446568 
385 242 12 15 0.033802617 
41 396 11 14 0.033657912 
201 314 13 18 0.033211336 
25 292 18 22 0.033042967 
174 341 11 13 0.032789417 
500 322 19 25 0.03191135 
955 423 11 13 0.031808306 
178 297 15 19 0.03177392 
114 421 9 13 0.031462308 
491 327 15 20 0.030942444 
288 285 12 15 0.030821592 
681 30 9 11 0.030151121 
522 309 17 23 0.030102955 
237 302 14 18 0.0299666 
38 285 10 14 0.029669588 
625 295 10 13 0.029534908 
175 332 11 14 0.029515514 
231 330 11 16 0.029340796 
153 298 15 19 0.0291351 
726 372 13 17 0.029101439 
232 312 13 21 0.029070359 
480 325 14 19 0.028929159 
364 294 13 16 0.028720403 
175 286 12 15 0.028671201 
109 334 9 12 0.028479315 
80 338 11 14 0.028393313 
255 347 14 17 0.02825146 
559 341 13 16 0.028216856 
108 339 11 13 0.02814557 
361 279 10 12 0.028123986 
622 295 23 30 0.027959226 
0 332 9 15 0.02746743 
321 303 16 20 0.027319662 
832 302 41 51 0.02723317 
812 313 27 32 0.027186392 
250 300 22 26 0.02712554 
103 340 11 14 0.02710655 
139 344 12 15 0.02708471 
485 321 10 13 0.026892325 
79 305 13 18 0.026805976 
721 28 9 11 0.026393628 
80 315 12 17 0.026017493 
344 300 17 21 0.025765734 
332 292 16 22 0.025632849 
373 311 19 25 0.025628628 
126 306 12 16 0.025221162 
182 330 11 14 0.024909971 
168 324 9 14 0.02485677 
220 445 14 16 0.024726914 
514 302 16 20 0.02446843 
458 460 24 34 0.024424063 
325 305 20 27 0.024376601 
531 301 14 16 0.024248902 
387 311 15 19 0.024246207 
854 323 22 26 0.023993112 
590 369 16 19 0.0238654 
939 445 14 20 0.023561368 
308 319 12 17 0.023456385 
431 423 28 39 0.023321671 
930 518 13 16 0.023268754 
44 390 11 16 0.023262544 
5 300 22 31 0.023112645 
588 379 17 21 0.022945436 
960 341 39 47 0.022926731 
269 369 14 18 0.02280618 
180 298 22 27 0.022339651 
799 347 14 17 0.022137452 
393 317 15 20 0.022067418 
248 286 11 14 0.021992939 
14 311 14 20 0.021913597 
80 349 10 14 0.021573175 
50 355 14 18 0.021414418 
248 292 12 17 0.021284346 
5 374 16 22 0.02105787 
7 296 14 20 0.021048099 
476 309 9 13 0.021030258 
800 301 12 15 0.0209278 
1004 369 13 16 0.020799138 
985 348 26 34 0.020567456 
180 339 11 14 0.02055066 
246 493 10 12 0.020499155 
665 176 8 11 0.020237338 
819 332 18 22 0.020193972 
122 295 22 26 0.020130653 
86 356 9 12 0.020120917 
440 364 10 13 0.020077586 
518 35 11 15 0.020043999 
528 306 18 21 0.020040842 
