10_People_Marching_People_Marching_10_People_Marching_People_Marching_10_People_Marching_People_Marching_10_674
992
843 285 12 16 0.9376184 
474 474 26 29 0.91694176 
563 387 13 18 0.8292295 
233 271 12 14 0.80873394 
596 337 12 16 0.8017859 
918 310 10 13 0.7781248 
461 344 12 15 0.76385134 
275 458 18 25 0.7564254 
981 317 10 14 0.74820995 
830 400 15 17 0.74078774 
624 538 24 34 0.7240794 
678 382 13 16 0.7226744 
696 266 10 13 0.667806 
516 254 8 10 0.65176433 
630 382 13 16 0.6208541 
775 293 9 12 0.6155743 
406 332 11 14 0.6073449 
896 306 11 15 0.5918172 
392 342 11 13 0.57653147 
297 262 9 12 0.57163453 
409 380 14 15 0.57124263 
790 294 9 12 0.54679096 
258 301 12 14 0.5166912 
639 342 12 15 0.50516367 
574 362 14 16 0.49855936 
709 380 12 17 0.49210048 
950 293 14 18 0.48988363 
797 328 12 15 0.44701058 
527 342 9 11 0.44435284 
868 288 10 12 0.44023713 
511 364 10 12 0.41714114 
823 276 8 11 0.4147387 
900 303 10 14 0.41205743 
879 334 12 15 0.40986395 
490 307 9 12 0.40641433 
207 311 12 14 0.39959055 
347 293 10 12 0.39130595 
496 380 14 19 0.36706164 
44 445 12 18 0.36103207 
15 368 14 21 0.35861945 
654 282 11 13 0.357443 
939 374 12 14 0.349988 
191 286 9 11 0.34150827 
654 326 9 12 0.33607274 
416 256 9 11 0.3326216 
735 286 9 11 0.33250788 
249 254 10 12 0.32595065 
1001 328 10 12 0.32275453 
100 295 10 12 0.32217613 
674 272 9 12 0.32082224 
588 303 10 12 0.31492326 
408 311 8 10 0.2938494 
777 336 10 12 0.2936578 
369 267 11 14 0.29281852 
130 269 10 12 0.29215285 
845 221 10 12 0.2889788 
774 339 13 16 0.28822663 
962 309 13 16 0.28422973 
534 373 9 12 0.28131995 
761 358 9 11 0.2798629 
196 346 13 16 0.27979064 
441 342 9 12 0.27042305 
725 358 11 14 0.26832652 
865 311 11 14 0.26677537 
153 302 9 12 0.26040792 
141 412 11 15 0.2590796 
948 322 12 14 0.2516893 
791 289 10 11 0.24914362 
558 342 11 14 0.2464201 
401 257 8 9 0.24280582 
793 567 30 35 0.24181032 
872 417 12 15 0.23138106 
190 331 11 14 0.22885813 
476 358 10 14 0.22570463 
193 262 9 11 0.22343837 
382 359 10 13 0.2221634 
163 237 14 17 0.22019152 
73 400 21 25 0.2192781 
448 363 12 17 0.2165502 
116 292 10 13 0.21596089 
556 368 10 12 0.21563654 
841 222 10 13 0.20202433 
197 259 11 13 0.20116453 
526 347 9 11 0.19153541 
317 265 8 11 0.18743464 
655 350 10 13 0.18702695 
298 284 10 12 0.18326208 
661 356 9 12 0.18201455 
385 261 8 10 0.17537491 
64 405 21 28 0.17462951 
528 336 8 10 0.17186297 
9 280 10 13 0.17086536 
597 269 8 10 0.17027037 
798 312 9 11 0.16776106 
768 268 10 12 0.16662179 
158 307 10 12 0.16429077 
537 351 9 12 0.16258752 
758 317 8 13 0.16246039 
255 293 11 14 0.16041857 
918 293 9 13 0.15864389 
253 286 9 13 0.1578443 
752 288 11 13 0.1575221 
248 277 10 13 0.15668948 
960 316 12 16 0.15651013 
624 261 8 11 0.15364502 
506 289 8 10 0.15216886 
365 516 20 28 0.15143953 
92 310 9 12 0.15126146 
345 459 9 12 0.1509364 
480 301 9 12 0.1489853 
70 285 9 10 0.14872018 
283 501 11 16 0.14499436 
418 467 19 28 0.14431077 
53 287 9 11 0.13942023 
153 285 9 12 0.13941729 
554 341 10 13 0.13890786 
964 294 12 14 0.13888963 
726 295 9 11 0.13851714 
464 383 11 14 0.13775462 
131 302 11 13 0.13750386 
903 221 9 12 0.13741751 
317 276 9 13 0.13533293 
782 294 10 12 0.13337034 
111 255 10 12 0.13163762 
271 317 9 11 0.13065404 
406 256 9 11 0.1303396 
889 208 9 11 0.12844571 
144 293 8 11 0.12804855 
569 271 9 11 0.12775385 
644 346 11 14 0.12716478 
184 288 9 12 0.12676 
430 333 9 10 0.12601179 
744 358 9 12 0.12357835 
852 365 12 15 0.12330547 
279 251 11 13 0.12262936 
323 357 12 16 0.12254683 
82 397 17 21 0.12145451 
633 270 8 10 0.12109027 
535 378 10 14 0.12071766 
193 276 9 13 0.11933706 
341 484 11 16 0.11900446 
516 366 10 13 0.11809069 
60 420 13 17 0.117716536 
756 544 24 31 0.11735494 
22 244 10 13 0.11694378 
339 522 25 27 0.11684329 
605 247 8 9 0.11520362 
677 275 9 12 0.11517479 
108 334 10 12 0.11427314 
274 308 10 13 0.11383007 
282 357 10 14 0.11321003 
593 270 9 10 0.112488545 
918 303 10 14 0.11129204 
78 286 9 11 0.11120567 
342 343 9 12 0.11116026 
68 307 11 13 0.11109034 
181 395 14 18 0.1101132 
608 229 8 10 0.109783016 
691 397 11 14 0.10903462 
136 238 9 11 0.10901548 
247 312 9 12 0.10727136 
722 350 10 11 0.10721547 
415 277 11 15 0.107039854 
410 460 16 20 0.106018305 
594 381 11 14 0.105094895 
213 352 11 13 0.10418274 
784 268 9 12 0.10405821 
220 246 11 14 0.10052806 
533 287 7 9 0.10043809 
414 317 9 12 0.0993363 
449 326 8 11 0.09896136 
173 278 8 11 0.09883707 
63 302 11 14 0.09870037 
272 303 10 13 0.098077506 
109 396 12 15 0.09749562 
165 232 10 12 0.096761666 
567 309 9 11 0.096723534 
353 518 24 28 0.09624247 
719 294 12 15 0.09574722 
581 401 15 17 0.09499161 
349 483 10 15 0.09491603 
224 312 9 10 0.0947726 
797 317 11 14 0.09433818 
133 307 11 14 0.094280034 
566 295 9 12 0.094186805 
849 358 10 13 0.093801185 
932 300 11 14 0.093533576 
540 354 10 14 0.093319826 
569 319 8 10 0.09326206 
756 292 9 13 0.093206495 
774 236 9 11 0.091727555 
625 302 9 11 0.091304645 
970 374 9 11 0.09108744 
756 374 10 14 0.090967 
102 300 9 12 0.08851392 
216 274 11 15 0.08638936 
0 420 9 15 0.086275645 
510 368 13 15 0.085407995 
940 369 10 11 0.08493574 
816 355 11 14 0.0841607 
285 294 9 11 0.08414933 
498 342 8 10 0.08327896 
758 379 11 14 0.08317263 
346 326 8 11 0.083119035 
715 380 13 18 0.082592145 
502 344 9 11 0.08239989 
726 372 13 16 0.08182539 
127 422 12 13 0.08048445 
296 491 16 18 0.08011223 
568 279 8 9 0.07960848 
173 397 14 17 0.07819216 
655 401 10 14 0.07816994 
636 271 9 11 0.077554226 
408 314 11 13 0.077206686 
679 256 10 12 0.07668103 
621 256 9 11 0.07663707 
165 310 10 12 0.07662578 
639 277 8 12 0.07641608 
63 246 8 10 0.07637903 
219 328 13 16 0.076256394 
821 351 10 14 0.076191634 
569 325 9 12 0.0759223 
384 336 9 11 0.07551698 
110 353 15 18 0.075513855 
216 326 11 14 0.07529554 
151 296 9 11 0.075269066 
56 248 7 10 0.07511272 
727 263 10 13 0.0749908 
86 316 10 12 0.07498541 
864 269 10 12 0.07468706 
615 358 10 12 0.07417386 
1008 509 12 16 0.072965726 
694 378 14 18 0.07273631 
797 236 10 13 0.07247798 
337 320 8 9 0.07224397 
625 324 10 13 0.07168037 
607 224 9 10 0.07166544 
477 334 8 11 0.07135272 
858 371 13 15 0.071272224 
479 320 9 10 0.071270175 
49 252 8 11 0.070807315 
630 333 10 14 0.070719525 
92 387 14 17 0.07054065 
191 338 13 18 0.06945568 
580 359 13 17 0.06904335 
479 325 9 11 0.069041036 
608 264 7 9 0.069024384 
614 379 13 15 0.06857613 
768 347 11 14 0.06841014 
505 349 8 11 0.06829303 
191 221 11 14 0.06815011 
62 294 9 12 0.067819 
65 389 10 15 0.06778313 
49 443 12 18 0.06757367 
143 288 9 11 0.067526355 
206 349 11 14 0.067520835 
426 476 16 24 0.067468666 
308 481 12 16 0.06741045 
136 316 11 14 0.06716134 
421 260 9 10 0.06712804 
828 307 11 15 0.06707479 
670 554 27 39 0.06668658 
349 327 9 10 0.066063896 
120 317 9 12 0.066004336 
468 342 10 13 0.065803654 
315 269 10 12 0.06575913 
3 362 15 20 0.06556266 
530 288 7 9 0.06548839 
232 264 11 14 0.06530152 
339 490 12 17 0.06448708 
134 405 14 16 0.06444626 
79 292 9 11 0.06396004 
132 263 10 13 0.063945994 
53 301 9 13 0.06348203 
528 293 8 10 0.0634498 
629 264 8 10 0.06339134 
351 276 10 13 0.063328534 
0 300 10 15 0.063285835 
369 258 9 10 0.06245285 
480 256 9 11 0.062420916 
454 333 9 11 0.062150966 
372 263 8 11 0.06178133 
253 333 9 14 0.061768208 
131 387 11 15 0.061713986 
760 312 8 11 0.06147114 
216 250 11 13 0.06121323 
55 377 12 15 0.060819495 
621 247 8 10 0.0605827 
157 315 12 15 0.060543116 
661 279 10 12 0.06048069 
596 329 10 13 0.060056265 
229 312 9 11 0.05998498 
617 261 8 9 0.05997538 
650 283 9 12 0.059849836 
871 269 9 11 0.0597988 
591 254 8 9 0.05963416 
113 287 10 12 0.059528995 
348 478 10 13 0.058946885 
763 381 11 15 0.058592115 
685 255 8 11 0.058295455 
833 334 8 10 0.05821411 
57 411 21 29 0.058019027 
104 277 9 12 0.05801101 
163 400 15 18 0.05785744 
295 257 9 12 0.05784588 
789 266 10 13 0.057563912 
326 328 8 10 0.05686733 
79 280 9 10 0.05685201 
806 283 11 13 0.05664585 
654 331 10 12 0.05664323 
592 264 9 11 0.05658703 
624 337 11 16 0.056554023 
821 293 9 12 0.056340486 
152 316 12 15 0.05590422 
510 351 8 11 0.0558336 
772 267 11 13 0.055754267 
758 364 10 13 0.055718586 
710 333 10 13 0.0552354 
489 272 9 11 0.05519357 
445 349 10 12 0.055072397 
551 335 8 10 0.05502688 
566 286 8 10 0.054581806 
262 464 16 17 0.0544898 
840 290 10 13 0.05444881 
720 249 8 9 0.054315675 
1000 508 22 32 0.053798843 
373 274 10 13 0.053674288 
345 297 10 14 0.053659283 
730 378 11 16 0.053588696 
750 396 14 18 0.05343313 
713 325 9 12 0.053351976 
584 296 8 11 0.05333394 
64 254 8 11 0.053278726 
655 320 10 13 0.053261332 
168 55 25 33 0.053182933 
281 293 9 12 0.053065304 
862 332 10 12 0.053061377 
197 218 13 16 0.052980788 
542 386 10 15 0.05289623 
527 367 9 12 0.052824862 
191 291 9 12 0.052788164 
313 295 8 11 0.05231904 
614 352 9 11 0.052298337 
540 381 9 13 0.052261606 
962 299 14 17 0.052229792 
617 248 8 9 0.052206147 
322 326 8 11 0.05215274 
81 319 10 12 0.052118704 
632 245 9 11 0.052044082 
287 340 9 12 0.052018516 
799 255 8 11 0.051946566 
863 323 10 15 0.051817372 
135 296 10 11 0.05162611 
64 285 9 11 0.051607296 
191 206 8 10 0.05151281 
93 380 13 16 0.05143216 
813 343 10 12 0.051175963 
608 350 8 11 0.051136803 
285 252 11 14 0.051115986 
566 333 10 12 0.051110264 
310 498 12 16 0.05106129 
563 341 10 13 0.051040936 
272 336 10 13 0.05070031 
520 287 7 9 0.05057815 
237 264 9 11 0.050545644 
628 531 19 26 0.049958587 
165 303 9 12 0.04991347 
760 352 9 12 0.049896725 
386 340 11 13 0.049727954 
823 284 9 12 0.049504682 
830 302 12 15 0.049490683 
792 263 10 11 0.049443115 
89 394 15 20 0.049437087 
622 239 8 10 0.049369093 
593 327 9 12 0.04898657 
586 306 9 12 0.04896592 
732 358 10 13 0.048934974 
326 333 9 11 0.04883902 
83 389 16 18 0.048778843 
659 397 10 14 0.048740756 
0 296 8 12 0.048740074 
516 359 11 13 0.04873574 
503 263 8 9 0.04855104 
387 373 14 16 0.048549853 
338 343 8 10 0.048106823 
621 378 15 18 0.04798581 
300 484 15 17 0.047906447 
521 350 9 10 0.047838196 
868 303 11 13 0.04780656 
176 220 10 13 0.04730688 
609 357 9 13 0.04691627 
251 248 12 14 0.046871 
513 249 9 11 0.04675557 
692 386 13 17 0.046366837 
157 280 9 12 0.046182536 
375 350 8 10 0.046171717 
419 277 13 15 0.04606467 
187 316 14 16 0.045985334 
993 342 10 13 0.045841992 
434 295 9 11 0.045732703 
543 342 8 10 0.045722272 
442 499 19 23 0.045550752 
551 311 8 11 0.04525587 
100 388 13 17 0.044966307 
131 417 16 18 0.044962034 
366 311 7 10 0.04475461 
254 501 13 19 0.0447381 
892 211 9 12 0.044671576 
392 257 8 9 0.044666745 
560 281 8 9 0.04466094 
200 461 9 12 0.044515487 
758 340 9 11 0.044502553 
728 288 10 12 0.04433691 
96 289 9 12 0.044060588 
282 285 9 12 0.044035368 
216 294 9 12 0.04402194 
133 276 10 12 0.04401619 
673 375 11 14 0.04397373 
759 238 8 10 0.04397126 
986 317 11 13 0.043944385 
629 319 9 13 0.04369277 
520 397 13 15 0.043498397 
649 383 10 12 0.04331683 
449 332 10 12 0.043315113 
403 310 9 10 0.043229785 
133 396 12 15 0.043116722 
277 335 11 13 0.043096885 
797 286 9 11 0.04307588 
751 367 12 14 0.042950638 
96 255 9 14 0.04292322 
166 315 11 14 0.042904105 
79 419 24 31 0.042903986 
388 354 13 15 0.042880867 
817 276 9 13 0.042817723 
508 291 9 11 0.04239653 
506 365 10 11 0.042369705 
206 304 12 14 0.042233907 
781 403 12 15 0.04206161 
324 474 13 16 0.042054772 
273 247 10 12 0.04200449 
79 375 11 14 0.041849177 
677 318 11 14 0.04184217 
95 301 10 12 0.041498777 
944 352 9 12 0.041447114 
205 260 9 12 0.04139198 
70 239 8 10 0.041372593 
529 371 9 12 0.041293576 
574 277 8 10 0.041293334 
698 555 24 37 0.041239623 
590 385 11 15 0.04108711 
175 285 9 13 0.040822465 
806 254 9 10 0.04064211 
313 283 10 13 0.04048024 
118 278 9 12 0.040466227 
721 345 9 11 0.04034968 
287 226 11 14 0.040252198 
193 301 9 11 0.040184207 
348 287 11 14 0.04017718 
798 338 10 12 0.04007415 
169 223 8 11 0.039937183 
389 341 19 22 0.039908648 
708 341 10 13 0.039791685 
249 290 11 15 0.039779775 
334 363 11 14 0.03962352 
844 423 10 13 0.039592687 
793 256 8 11 0.039396513 
109 279 10 12 0.039371446 
93 374 12 15 0.039237443 
776 380 10 14 0.039178543 
466 347 10 13 0.039155092 
126 317 9 12 0.039116234 
65 280 8 11 0.039105337 
601 241 7 9 0.039053828 
398 271 10 11 0.03903073 
717 286 12 14 0.038782652 
617 254 9 12 0.038744725 
897 231 7 10 0.03867981 
606 240 7 9 0.038589343 
832 230 9 10 0.038367055 
223 292 10 13 0.038344495 
103 394 13 17 0.038213555 
616 271 9 9 0.03812562 
592 238 7 9 0.038077723 
120 310 9 12 0.03807498 
56 368 10 14 0.03805608 
495 375 12 16 0.03791841 
765 362 9 12 0.037902508 
317 493 11 18 0.0378999 
646 240 7 10 0.037784293 
776 316 10 12 0.037741132 
207 255 9 11 0.03771819 
570 358 11 14 0.037388913 
687 261 10 12 0.037372347 
68 395 14 20 0.037365794 
424 326 9 12 0.03734353 
970 293 12 14 0.037314493 
631 239 8 9 0.037285104 
223 270 10 15 0.037026122 
110 301 10 13 0.037024993 
653 343 10 12 0.036960304 
95 231 8 10 0.036942516 
441 477 17 22 0.0369143 
832 295 10 12 0.036879744 
686 284 9 11 0.036877934 
701 376 17 23 0.03679984 
61 381 11 15 0.036778323 
65 241 8 11 0.03674988 
669 247 9 11 0.036701944 
128 306 11 15 0.03669143 
108 324 13 15 0.0364553 
920 204 9 11 0.0364321 
142 399 10 13 0.03634442 
855 229 9 10 0.036284953 
591 231 8 10 0.036280513 
321 332 10 12 0.036205724 
313 301 8 9 0.03618587 
341 319 8 11 0.03610249 
736 281 10 13 0.03608705 
280 496 19 26 0.03607449 
809 396 9 12 0.036066405 
765 311 9 11 0.03603627 
190 310 11 14 0.03599066 
951 381 9 11 0.035947114 
216 223 8 12 0.035937257 
133 408 19 23 0.035913877 
978 313 18 22 0.03577335 
414 410 16 20 0.0357441 
854 395 10 14 0.03571752 
458 247 8 10 0.03539785 
127 414 12 14 0.035367705 
441 364 11 16 0.035339784 
926 275 10 12 0.03531886 
137 233 8 11 0.035196777 
725 382 13 19 0.035161342 
793 231 9 11 0.03514276 
195 283 10 15 0.035095595 
199 303 9 13 0.035051584 
465 286 8 9 0.035050247 
390 261 8 10 0.034898236 
574 264 7 9 0.03487543 
614 291 10 14 0.034866255 
125 247 10 11 0.034838084 
444 547 17 19 0.034816846 
817 373 10 12 0.03477652 
399 317 10 12 0.03446124 
156 408 18 20 0.034316726 
922 309 11 13 0.034260422 
496 337 9 10 0.034188893 
612 284 12 16 0.034152474 
632 231 7 9 0.034051888 
793 312 9 12 0.03404775 
58 373 11 15 0.034036938 
767 255 9 10 0.03395843 
446 320 8 11 0.033783425 
922 251 8 12 0.03370986 
677 390 14 18 0.03370478 
360 305 8 11 0.03369374 
382 326 8 11 0.033644035 
333 273 9 11 0.033615697 
587 358 11 15 0.03360487 
440 254 9 11 0.033604633 
408 277 10 14 0.033448484 
142 477 44 51 0.03343038 
712 302 9 12 0.033389006 
79 230 7 9 0.033287827 
281 453 17 23 0.033239327 
561 285 8 10 0.033238333 
450 357 14 17 0.03323134 
636 336 12 15 0.03315631 
817 271 10 12 0.03313356 
593 276 9 12 0.033129558 
543 270 8 10 0.033099737 
102 324 11 14 0.033077132 
1000 320 10 12 0.03307201 
413 312 8 11 0.03306582 
202 456 8 11 0.032980718 
500 373 15 17 0.03296299 
195 372 14 19 0.032795306 
494 316 9 12 0.032705948 
183 350 12 15 0.032682598 
592 248 7 9 0.03260716 
318 293 8 11 0.032574896 
379 472 13 19 0.03252968 
613 312 9 10 0.03248968 
431 260 7 9 0.032450356 
996 556 31 41 0.032379776 
663 259 9 12 0.032346956 
88 303 9 12 0.03234482 
369 328 9 10 0.032338385 
853 377 14 18 0.032106344 
853 223 9 11 0.032078374 
666 247 7 9 0.032076012 
648 318 11 14 0.03206104 
56 291 9 13 0.031988315 
617 240 8 9 0.031953037 
764 374 10 13 0.03173654 
634 275 9 12 0.031734604 
749 369 19 24 0.03171838 
56 425 11 15 0.031712003 
925 293 13 17 0.03169018 
104 215 8 10 0.03165106 
740 286 10 12 0.031623967 
502 325 8 11 0.031598505 
426 468 13 20 0.031594694 
86 251 11 13 0.031578638 
473 295 9 11 0.031497102 
477 339 9 12 0.031437147 
999 508 10 14 0.031369936 
462 247 8 9 0.031275272 
400 327 10 12 0.031265914 
836 300 10 13 0.031247852 
101 318 11 14 0.031201838 
434 340 10 13 0.03117602 
327 446 11 15 0.031134292 
341 480 20 27 0.031099075 
103 272 8 11 0.03108732 
441 319 8 10 0.031011088 
924 405 9 12 0.030844208 
320 477 10 13 0.030701954 
704 546 27 38 0.030687202 
752 298 11 14 0.030626107 
590 348 11 13 0.030559856 
252 326 11 14 0.030430056 
885 328 10 12 0.030394657 
485 256 9 10 0.030354114 
328 276 10 14 0.030350173 
814 407 9 12 0.030342355 
511 240 7 8 0.030285181 
615 13 103 132 0.030217195 
140 310 11 14 0.030209573 
841 281 11 14 0.030165436 
797 261 8 11 0.030121073 
253 259 11 13 0.030085126 
286 300 9 11 0.030017227 
94 315 10 12 0.029990079 
257 227 10 13 0.029938538 
49 278 9 12 0.029880665 
545 265 8 9 0.029785147 
347 468 12 15 0.029718388 
486 317 9 11 0.029713048 
590 296 8 11 0.029703913 
320 253 8 10 0.029697169 
252 270 10 12 0.029665787 
127 335 10 12 0.029625617 
612 316 11 13 0.029580394 
0 342 10 14 0.029574726 
591 319 8 11 0.029557584 
187 328 19 23 0.02945772 
749 358 10 11 0.029430043 
856 316 11 14 0.029342387 
726 249 7 9 0.029300084 
855 203 9 11 0.029277682 
160 398 12 15 0.029262738 
208 244 11 15 0.029244887 
652 390 11 14 0.02920807 
806 271 10 12 0.029107258 
620 364 11 13 0.029091025 
156 294 11 14 0.02903667 
168 282 10 12 0.029029466 
0 255 7 13 0.028956085 
811 390 11 13 0.02890835 
376 327 8 10 0.028902479 
807 404 10 13 0.028839571 
228 291 10 13 0.02870113 
753 322 11 14 0.028646154 
800 245 8 10 0.028644653 
768 325 9 12 0.02863306 
852 388 13 15 0.028604945 
385 363 15 16 0.02859499 
632 338 11 15 0.028584516 
595 386 13 16 0.028581953 
613 231 8 9 0.028545018 
64 416 24 30 0.028535942 
734 323 10 14 0.028514998 
790 548 48 57 0.028440204 
220 348 11 14 0.028426625 
263 338 11 13 0.028370133 
802 486 25 28 0.028365927 
461 350 14 19 0.028354483 
533 342 8 10 0.02832251 
376 520 14 21 0.028304433 
486 262 8 8 0.028281035 
433 474 20 28 0.028243605 
780 310 10 12 0.028240124 
45 497 25 35 0.02806868 
437 498 16 22 0.028038848 
568 265 11 12 0.027966334 
816 363 10 14 0.027922902 
925 190 10 12 0.02791789 
490 487 15 20 0.027915407 
345 333 9 11 0.02786749 
80 272 8 10 0.027821265 
53 396 10 14 0.027787203 
609 309 9 11 0.0277856 
846 397 11 15 0.027760446 
914 315 10 12 0.02774974 
522 343 8 11 0.027723344 
687 401 12 16 0.027676525 
53 279 9 11 0.027656617 
73 230 7 10 0.02765144 
921 232 9 12 0.02764238 
647 355 10 13 0.027558511 
365 500 14 17 0.027525341 
992 508 10 13 0.02751346 
871 264 9 11 0.027470144 
402 328 19 23 0.027469132 
370 506 16 21 0.027460715 
944 299 11 14 0.027426595 
591 285 10 11 0.027406229 
566 349 10 12 0.027402248 
954 288 14 17 0.027358968 
608 302 8 11 0.02735117 
996 533 30 39 0.027333783 
551 328 8 10 0.027312314 
254 492 23 30 0.027281865 
111 308 10 11 0.027260667 
213 302 9 13 0.027259553 
524 357 10 12 0.027233368 
340 438 11 14 0.027230473 
723 362 10 14 0.02720133 
550 386 12 17 0.027114574 
863 350 10 12 0.026916113 
865 445 8 11 0.02690394 
608 254 9 10 0.02687936 
260 260 10 12 0.02687373 
947 327 14 18 0.026800329 
277 315 10 12 0.026792156 
753 183 9 10 0.02678632 
773 289 18 22 0.026753273 
770 237 8 11 0.026735064 
847 202 11 13 0.02672477 
646 332 12 14 0.026720496 
518 260 8 10 0.02670575 
114 401 13 18 0.026687529 
249 280 18 24 0.026633475 
471 353 17 23 0.0266322 
224 286 9 12 0.026626857 
939 389 12 15 0.026535949 
573 352 10 13 0.026479267 
190 200 9 10 0.026477117 
507 358 9 13 0.026456047 
731 364 10 13 0.026405077 
383 348 23 26 0.02635872 
545 336 7 10 0.026246287 
359 270 10 13 0.026241863 
510 345 8 11 0.026209746 
700 248 10 11 0.026208067 
1012 503 11 16 0.026123652 
80 324 11 14 0.026099455 
562 300 9 12 0.026045315 
118 298 12 16 0.026030298 
0 368 11 18 0.025960062 
127 383 12 16 0.02593583 
817 222 8 11 0.025900934 
559 382 13 17 0.025878198 
601 223 8 9 0.025852062 
862 306 18 23 0.025845816 
789 404 11 13 0.025843447 
294 325 9 11 0.025817236 
551 256 8 10 0.025754325 
832 340 10 12 0.025669096 
101 401 14 17 0.025631057 
815 411 11 13 0.025597634 
233 470 8 11 0.025552437 
282 278 10 13 0.025508711 
244 499 13 19 0.025508199 
78 387 14 18 0.025492806 
252 318 10 11 0.025488483 
89 229 8 11 0.025359264 
286 494 11 16 0.025342427 
256 453 12 16 0.025302377 
228 284 11 14 0.025301011 
196 268 11 15 0.02524983 
486 302 18 23 0.025218273 
438 531 46 49 0.025201509 
840 426 13 16 0.025157036 
14 446 13 20 0.025135817 
126 254 11 13 0.025070095 
956 289 20 24 0.025054699 
53 252 8 11 0.025003888 
698 229 9 11 0.024992803 
204 221 11 14 0.024935992 
852 301 11 13 0.024901126 
876 308 11 13 0.024855923 
194 325 11 15 0.024823898 
299 265 11 14 0.024813235 
649 395 12 16 0.024784891 
126 296 10 13 0.024779197 
411 273 20 25 0.024702236 
714 254 8 11 0.024673225 
670 253 10 12 0.024630625 
874 237 8 11 0.02460003 
559 337 10 12 0.024500325 
484 324 9 11 0.024481585 
561 229 8 10 0.024467424 
822 302 12 15 0.024409799 
284 351 11 14 0.024376549 
137 286 9 11 0.024366535 
222 240 9 11 0.024349496 
91 423 16 20 0.024319902 
439 484 23 31 0.024307178 
453 328 8 11 0.024287065 
801 324 12 16 0.024278611 
880 222 8 10 0.02417611 
112 236 9 11 0.024173673 
567 240 7 10 0.024145534 
674 385 12 16 0.024081215 
184 261 9 12 0.024079964 
344 263 9 10 0.024054963 
713 262 9 10 0.023988592 
870 424 15 17 0.02398062 
474 317 10 13 0.023967138 
293 504 14 18 0.023937078 
393 369 23 24 0.023934392 
119 229 10 12 0.023881191 
103 254 11 14 0.02385261 
795 293 10 12 0.02382763 
800 278 10 12 0.023747364 
474 327 9 11 0.023746109 
834 223 8 10 0.023744155 
39 445 22 29 0.023704808 
821 222 8 10 0.023697197 
64 270 9 10 0.023677783 
326 255 8 10 0.023632102 
766 318 8 11 0.02351473 
782 224 8 9 0.023486443 
853 350 9 12 0.02344891 
55 271 8 10 0.02338834 
103 336 13 18 0.023386452 
718 253 9 11 0.023365919 
196 395 13 17 0.023351368 
63 228 8 10 0.023341782 
319 247 9 11 0.023313368 
915 306 18 22 0.023279127 
687 557 24 38 0.023269827 
319 318 8 10 0.023240497 
533 292 8 10 0.0232312 
869 324 12 15 0.023222852 
782 230 8 10 0.023220884 
865 263 9 12 0.02321932 
119 224 8 11 0.023207936 
584 318 9 11 0.023175875 
855 323 10 15 0.023167685 
782 375 9 11 0.023121106 
988 311 11 14 0.023114009 
700 570 26 35 0.02309294 
356 276 9 12 0.02309219 
769 231 10 11 0.023089444 
22 293 7 10 0.023068622 
180 219 12 16 0.02306538 
379 482 14 19 0.022973977 
373 535 15 20 0.022939548 
665 254 9 12 0.02292269 
784 576 51 61 0.022913188 
223 222 9 11 0.022871789 
695 363 11 15 0.022858756 
722 360 19 22 0.022853991 
231 246 9 13 0.022850735 
572 298 12 16 0.022835469 
216 284 10 14 0.022822944 
745 373 10 13 0.022764767 
96 270 9 12 0.022729965 
524 390 12 14 0.0227192 
854 268 10 13 0.022683628 
437 299 8 11 0.022658812 
351 424 8 11 0.022618877 
523 333 9 12 0.022608433 
370 349 9 11 0.02260721 
751 526 39 46 0.022567732 
26 478 46 59 0.022537777 
425 332 10 11 0.022525609 
577 230 8 9 0.02252316 
95 288 19 23 0.022516444 
328 473 21 26 0.022514304 
719 260 11 13 0.022511015 
876 269 11 12 0.022480167 
471 396 12 14 0.022449244 
709 555 35 49 0.022441369 
981 518 26 34 0.022405896 
116 253 11 13 0.022359889 
586 271 8 10 0.022355853 
715 580 26 32 0.02229924 
446 262 8 9 0.022290563 
847 196 10 13 0.02224878 
744 292 9 12 0.022227915 
335 490 21 26 0.022210147 
376 332 9 11 0.022172792 
385 285 8 11 0.022171963 
713 320 8 11 0.022162443 
659 319 11 13 0.022155337 
505 379 14 17 0.022125773 
10 371 21 31 0.022123324 
584 248 8 9 0.02211363 
619 548 32 40 0.02210827 
651 345 19 24 0.02209548 
416 349 11 13 0.022084529 
687 364 11 14 0.02208194 
51 436 12 18 0.022021659 
470 278 9 10 0.022021549 
118 321 10 14 0.02185955 
271 541 10 15 0.021843223 
960 335 11 12 0.02181738 
2 448 16 21 0.021808935 
777 213 8 11 0.021774929 
382 269 9 11 0.021766385 
347 499 13 15 0.021726718 
849 369 12 16 0.021714672 
639 293 10 12 0.021665012 
783 255 10 12 0.021605715 
504 248 8 9 0.021560522 
560 239 9 10 0.021559766 
461 337 10 12 0.021515615 
128 341 10 14 0.021469263 
854 199 8 12 0.02144641 
862 214 9 11 0.021430379 
693 260 17 21 0.02142476 
891 309 11 14 0.02142345 
382 278 9 12 0.021399468 
583 232 8 9 0.021381656 
602 340 11 15 0.021353636 
245 541 26 33 0.021344654 
474 299 10 13 0.021339953 
817 229 8 10 0.021325147 
865 283 17 21 0.02131906 
467 387 11 13 0.021317722 
831 246 10 13 0.021301504 
586 263 8 10 0.021291932 
38 438 15 20 0.021291653 
821 216 9 11 0.021284971 
848 350 10 14 0.021265185 
583 351 10 12 0.021254016 
760 255 9 11 0.021181123 
521 293 8 9 0.021179186 
437 337 20 24 0.021169094 
582 387 13 15 0.02105011 
709 347 10 13 0.021043971 
649 278 20 23 0.021037025 
960 341 12 14 0.021008793 
401 304 9 11 0.020954387 
957 355 11 14 0.020940658 
253 289 18 23 0.02091231 
537 381 20 26 0.020891756 
776 563 28 36 0.020883119 
606 280 21 27 0.02085214 
202 308 9 13 0.020829992 
412 339 11 12 0.020803975 
204 372 14 19 0.020787997 
672 323 10 12 0.020780945 
373 256 8 10 0.020770358 
366 264 19 22 0.02070046 
70 270 8 10 0.020688817 
320 340 9 10 0.02068688 
258 461 29 32 0.02067822 
631 223 7 9 0.020676138 
394 573 18 20 0.020649105 
264 317 10 12 0.0206412 
885 348 11 13 0.020608287 
85 403 24 31 0.020602718 
671 372 21 25 0.020547068 
86 270 9 12 0.020519665 
255 223 10 12 0.02049579 
639 284 10 12 0.020484881 
108 390 21 26 0.020475142 
534 385 13 16 0.02044496 
111 288 19 22 0.020422008 
630 254 9 10 0.02038627 
560 310 9 12 0.020361314 
534 309 8 11 0.020356929 
78 301 11 14 0.02030526 
888 201 8 10 0.020300739 
107 372 14 16 0.020270396 
231 461 9 13 0.020257141 
749 385 16 20 0.02024296 
270 295 10 13 0.020239763 
878 216 8 9 0.020210749 
101 285 11 15 0.020175254 
567 245 8 9 0.020159636 
336 325 8 10 0.020141922 
150 298 18 22 0.020126317 
230 253 9 11 0.02012409 
862 355 12 14 0.020120936 
763 547 29 36 0.020118276 
273 541 23 29 0.02011784 
848 270 10 12 0.020075755 
318 311 8 10 0.02006979 
444 532 14 17 0.020043746 
912 303 9 12 0.02004022 
474 309 9 13 0.02003758 
343 364 9 12 0.020029398 
873 331 12 14 0.020026937 
867 421 9 13 0.02001947 
442 540 29 30 0.02001181 
