10_People_Marching_People_Marching_2_822
45
513 146 75 102 0.99641955 
317 79 81 100 0.99459606 
666 222 82 98 0.99347174 
175 131 30 54 0.99211675 
32 150 18 25 0.8955394 
840 256 17 24 0.8264021 
105 144 18 26 0.73471034 
893 242 20 27 0.48894903 
907 247 14 18 0.1901833 
882 263 14 18 0.11235865 
70 165 13 15 0.094672695 
172 59 29 41 0.08319644 
23 146 21 28 0.079294965 
639 251 13 19 0.07172716 
9 160 17 22 0.0684354 
834 289 16 21 0.059163325 
6 143 13 19 0.058885843 
0 187 23 32 0.055235706 
259 351 68 58 0.047606006 
928 309 11 14 0.045107845 
914 249 14 18 0.0442285 
930 188 14 19 0.04335286 
80 111 9 12 0.038616348 
835 269 18 21 0.03578225 
832 285 12 18 0.035734963 
66 162 21 25 0.035325475 
2 164 12 17 0.035210196 
153 145 28 37 0.030147843 
868 326 11 14 0.029325133 
829 294 16 22 0.028995803 
26 122 16 19 0.027340936 
620 243 44 60 0.027044876 
85 189 14 16 0.026338657 
61 243 16 22 0.026327273 
799 238 11 14 0.023789627 
969 315 46 64 0.023614418 
893 275 12 16 0.023327054 
827 231 12 14 0.023092797 
278 5 33 40 0.023029193 
716 12 14 17 0.02222834 
246 85 15 20 0.0210473 
105 28 11 15 0.021030538 
18 154 21 27 0.020776916 
0 141 12 22 0.020109653 
99 128 23 33 0.020032281 
