10_People_Marching_People_Marching_2_395
171
580 179 29 43 0.9963152 
955 178 31 39 0.99131924 
216 158 37 46 0.9603285 
742 215 26 31 0.95277876 
829 214 25 30 0.9446941 
154 184 24 30 0.8368602 
62 223 26 31 0.832862 
104 192 31 35 0.757631 
327 227 30 34 0.6553687 
11 229 15 21 0.5747552 
925 142 22 33 0.5719359 
517 197 25 32 0.55356413 
417 212 27 36 0.53084743 
663 215 24 29 0.4269335 
468 200 26 30 0.36235765 
36 196 24 32 0.29995984 
360 246 25 30 0.2512019 
18 262 18 22 0.24954191 
822 203 41 48 0.21866123 
284 263 14 19 0.2151416 
167 189 25 31 0.20611899 
236 171 31 34 0.19160762 
149 192 16 22 0.15063378 
859 213 15 20 0.1407044 
0 232 11 16 0.14053088 
466 184 29 31 0.13541159 
434 219 14 18 0.12160074 
845 209 27 31 0.116054855 
99 171 14 16 0.11121691 
740 211 45 50 0.11045662 
162 173 15 19 0.10933077 
343 231 17 23 0.10717664 
381 232 13 16 0.10545724 
517 214 14 18 0.10246891 
710 310 15 22 0.09940346 
672 216 29 34 0.087830044 
986 185 15 20 0.084509484 
817 204 29 34 0.081855886 
50 229 27 31 0.08049864 
674 224 16 19 0.08046655 
1012 318 12 21 0.07998801 
319 230 22 28 0.07861915 
45 243 16 18 0.07594855 
319 244 12 14 0.07383666 
804 195 29 39 0.072847486 
932 146 29 33 0.072101645 
310 252 11 14 0.07021995 
108 174 12 13 0.06989136 
444 218 12 17 0.068398386 
120 200 18 21 0.066505186 
102 199 19 22 0.06567575 
526 291 9 14 0.06495587 
662 231 16 20 0.06403373 
395 220 30 36 0.06273539 
973 181 28 30 0.061846834 
913 239 19 22 0.059003368 
248 184 18 21 0.057544354 
284 271 14 20 0.053399567 
331 252 14 17 0.05215066 
468 182 18 21 0.050806515 
232 321 31 33 0.050712194 
320 230 12 16 0.050621595 
29 190 39 51 0.050363276 
0 226 20 27 0.04987347 
301 336 27 35 0.049592502 
71 202 13 14 0.049163543 
31 204 14 17 0.048236735 
4 238 26 37 0.04416657 
665 161 28 37 0.040643614 
674 213 19 23 0.040187515 
52 209 30 38 0.039793383 
805 262 26 42 0.0397826 
374 223 27 31 0.039717566 
482 201 28 30 0.039425682 
144 196 14 19 0.039310724 
506 209 25 29 0.03927397 
866 217 14 18 0.03866862 
435 213 22 29 0.038627677 
281 409 18 23 0.038366187 
647 301 14 21 0.037875738 
78 203 12 13 0.037507962 
316 251 11 14 0.036403015 
49 201 15 22 0.034245703 
353 239 24 31 0.033037033 
415 208 12 15 0.03259753 
757 214 33 34 0.03245944 
61 237 26 32 0.032089405 
156 168 30 38 0.03183903 
7 255 25 35 0.030958919 
366 230 27 30 0.030737478 
721 239 26 36 0.03065206 
133 209 13 18 0.030355183 
463 191 48 53 0.030279456 
38 191 14 16 0.029998424 
368 244 18 20 0.029726326 
358 271 26 32 0.029657388 
87 182 10 13 0.029554386 
16 221 18 21 0.02936507 
939 159 30 41 0.029297933 
323 333 30 32 0.029287847 
973 196 31 36 0.029247502 
689 211 17 22 0.029229462 
727 223 30 38 0.028615264 
676 232 16 19 0.028599333 
590 195 31 36 0.02858891 
317 276 9 12 0.028488459 
635 260 14 19 0.028382149 
155 219 23 30 0.028339772 
327 244 26 30 0.02820711 
96 171 25 28 0.028044213 
300 343 16 22 0.027094638 
372 234 16 18 0.027091669 
703 298 26 39 0.026974084 
527 454 40 47 0.026828565 
305 248 9 11 0.026785472 
642 319 15 21 0.026537014 
333 238 17 21 0.026152423 
731 251 13 17 0.025959585 
430 172 14 18 0.02593511 
311 241 23 29 0.02592751 
7 213 11 13 0.025912918 
323 437 14 20 0.025698485 
402 224 19 21 0.025638131 
412 222 19 24 0.02548179 
690 216 29 39 0.025365075 
185 196 15 19 0.025356734 
936 220 29 40 0.02498176 
873 359 31 43 0.024782874 
67 254 17 20 0.024591863 
390 217 14 18 0.024555273 
388 233 15 18 0.024345689 
177 189 16 21 0.024273828 
669 89 12 16 0.023673506 
271 351 8 11 0.023580039 
947 228 15 19 0.023506911 
85 202 11 15 0.02348683 
1007 217 15 20 0.023312284 
303 260 11 14 0.022897596 
906 282 29 39 0.022894396 
756 99 25 34 0.02289032 
364 238 13 16 0.022749472 
14 215 12 14 0.022581032 
682 232 18 20 0.022269376 
253 435 15 18 0.02225633 
460 228 30 36 0.022249298 
923 95 16 19 0.022085126 
151 179 15 20 0.022056576 
391 211 13 15 0.021970734 
759 227 33 36 0.021970503 
592 84 27 35 0.021829858 
281 252 23 33 0.02182505 
279 282 11 16 0.021817075 
730 225 49 62 0.021762697 
621 419 14 20 0.021749487 
373 218 44 50 0.021537721 
312 270 10 12 0.0214335 
511 217 14 18 0.021307955 
488 210 28 31 0.021160427 
623 425 17 22 0.020810815 
169 178 16 22 0.020769335 
51 196 26 31 0.020670878 
55 249 24 28 0.020668186 
1013 180 12 20 0.020659491 
1004 177 21 34 0.020582985 
892 355 25 38 0.020490482 
984 174 24 34 0.020452337 
980 211 25 31 0.020338442 
987 202 25 32 0.020275054 
681 230 29 32 0.020179303 
2 208 25 31 0.020107081 
941 177 33 44 0.020005815 
