10_People_Marching_People_Marching_2_638
34
364 185 337 467 0.9960114 
79 35 439 523 0.35575974 
189 459 100 114 0.16045082 
485 62 38 39 0.11147412 
356 2 33 29 0.09343636 
391 2 13 12 0.057105843 
395 128 21 28 0.04413538 
48 309 211 241 0.040736027 
534 45 11 13 0.034563404 
636 35 18 19 0.033156376 
107 333 122 112 0.031930882 
409 105 19 22 0.03168259 
276 206 14 18 0.031376593 
411 104 34 36 0.030987026 
560 51 11 13 0.030923009 
428 13 13 14 0.030564666 
144 372 70 71 0.028667875 
333 16 16 20 0.02827334 
634 26 27 33 0.02627702 
475 71 33 36 0.025436556 
273 129 17 18 0.025038974 
241 221 50 62 0.024962248 
622 3 13 14 0.024381764 
461 78 25 31 0.024261253 
500 145 243 385 0.023482407 
235 163 27 31 0.022793053 
550 47 13 14 0.022071252 
245 220 27 37 0.021889381 
340 5 32 28 0.021773385 
616 48 9 11 0.02169698 
348 102 14 17 0.021545677 
638 20 13 15 0.020929184 
407 59 14 19 0.020478906 
405 1 28 32 0.02027944 
