10_People_Marching_People_Marching_2_27
99
363 182 28 36 0.99470514 
860 206 27 33 0.9906447 
834 230 28 36 0.9902361 
575 191 34 45 0.9895131 
914 212 28 34 0.97445416 
430 185 31 38 0.9685083 
647 182 26 34 0.9668101 
264 192 24 33 0.9630579 
787 229 29 38 0.95975775 
704 201 32 41 0.9592971 
536 196 31 42 0.95258486 
211 202 21 29 0.9370079 
35 204 31 36 0.9306227 
483 195 22 28 0.9018239 
19 189 27 32 0.8476817 
519 194 24 32 0.8425342 
132 199 27 29 0.8142606 
916 262 34 49 0.7424769 
610 206 29 35 0.6235966 
305 180 34 41 0.5717557 
26 196 30 36 0.44324914 
462 150 23 31 0.3284163 
649 216 29 35 0.3261104 
201 46 43 59 0.23896828 
0 190 13 26 0.22166261 
761 234 15 22 0.18001352 
210 189 14 17 0.17926042 
879 179 27 28 0.16633068 
647 199 28 38 0.16381171 
266 238 12 15 0.15622765 
911 230 30 36 0.13403983 
809 307 53 65 0.11630691 
124 203 15 20 0.112126224 
549 191 37 47 0.11146737 
539 179 17 19 0.10750951 
772 204 25 29 0.09721246 
923 274 48 49 0.094622046 
848 223 29 36 0.08561497 
801 229 25 36 0.07755518 
762 225 25 35 0.07046346 
909 246 34 49 0.06735194 
615 203 21 22 0.065274164 
206 193 22 29 0.064495966 
319 180 39 50 0.06342999 
267 190 14 19 0.06294452 
301 475 15 20 0.05457741 
544 185 19 23 0.054052394 
531 186 28 34 0.052575808 
990 214 14 22 0.05248008 
465 140 17 19 0.048761964 
775 220 31 40 0.047566675 
708 186 25 31 0.04481472 
213 61 13 15 0.044669323 
814 267 28 33 0.04458017 
166 172 14 16 0.04386598 
628 205 34 43 0.043493215 
573 180 29 34 0.042781208 
610 213 42 46 0.04267504 
842 395 83 124 0.038697295 
454 162 28 34 0.038153406 
590 195 37 46 0.037928037 
205 68 12 14 0.03782518 
568 150 25 30 0.036868405 
352 160 15 18 0.036694735 
707 129 15 20 0.03526473 
822 242 30 37 0.034725484 
873 187 25 30 0.034334585 
956 268 45 51 0.033172846 
122 202 26 33 0.032562453 
162 184 27 32 0.03101563 
442 189 38 48 0.030638631 
569 14 8 11 0.029659448 
721 214 17 22 0.028379776 
341 184 26 35 0.028228074 
0 184 10 17 0.02809598 
341 122 26 28 0.027116384 
335 118 39 49 0.026966916 
842 5 42 57 0.026934827 
818 231 27 36 0.026616095 
347 184 16 22 0.02604354 
463 110 24 27 0.02417343 
714 181 16 20 0.024132436 
154 207 16 20 0.023971332 
282 233 31 38 0.023886105 
319 185 20 25 0.02362035 
271 186 36 50 0.022803774 
4 194 28 38 0.022676839 
981 284 15 21 0.022669647 
975 209 10 15 0.022328824 
414 204 34 37 0.021849457 
588 395 129 164 0.021535037 
984 203 23 37 0.021510294 
644 214 16 21 0.021360774 
901 447 27 46 0.021257825 
151 190 26 31 0.021243177 
803 244 42 51 0.021159647 
464 125 23 28 0.020629402 
695 106 30 39 0.020359097 
24 182 17 18 0.02033981 
