10_People_Marching_People_Marching_2_60
61
399 224 37 37 0.99858 
356 212 33 34 0.9984415 
843 193 31 34 0.99843436 
102 201 41 40 0.99697006 
660 194 42 41 0.9799065 
768 153 41 42 0.96834004 
588 182 29 38 0.90735453 
920 212 37 40 0.83569837 
509 181 40 45 0.83392555 
222 165 41 42 0.82420576 
143 0 27 22 0.8167854 
806 65 27 44 0.2888063 
311 -1 25 22 0.19216636 
251 203 27 33 0.18451142 
174 337 15 19 0.08679575 
226 0 32 25 0.08372449 
552 105 27 36 0.059794836 
444 171 28 36 0.05776752 
209 -1 21 18 0.0568289 
908 183 47 56 0.052650705 
434 -7 90 110 0.051566105 
661 175 36 45 0.050531954 
164 349 15 17 0.04380179 
825 80 17 25 0.039078314 
493 62 13 16 0.036762215 
385 89 43 47 0.036476362 
854 116 30 45 0.03538489 
241 0 35 30 0.03442991 
686 357 25 37 0.033947647 
351 188 50 60 0.033016823 
1 97 18 32 0.032846928 
321 -1 28 25 0.03247566 
149 323 27 31 0.031110743 
371 214 45 47 0.029658103 
238 190 29 37 0.0295489 
425 2 19 19 0.028717874 
239 46 13 16 0.02852221 
488 94 10 14 0.02647863 
918 217 54 62 0.026039995 
866 186 27 36 0.025915252 
160 331 25 27 0.025225325 
600 472 12 13 0.02492907 
341 32 17 18 0.024717635 
494 95 10 15 0.024556266 
847 169 27 35 0.023927843 
92 199 33 38 0.022984287 
625 122 39 63 0.022533597 
651 162 193 211 0.022498688 
434 9 16 20 0.022311183 
355 110 49 58 0.021990823 
324 18 14 17 0.021963721 
230 146 38 48 0.02175033 
159 349 25 27 0.02151568 
323 12 27 30 0.021481775 
427 2 28 32 0.021306194 
810 122 32 43 0.021286303 
281 29 30 33 0.021237854 
101 349 31 31 0.021170326 
212 176 30 36 0.02082873 
504 144 51 65 0.020257244 
502 190 29 36 0.02009778 
