10_People_Marching_People_Marching_10_People_Marching_People_Marching_10_447
1968
462 479 27 32 0.9976937 
964 394 24 29 0.99673563 
176 830 23 28 0.9921934 
850 654 22 27 0.9906441 
968 475 25 32 0.9902766 
567 756 27 30 0.9885041 
214 881 24 32 0.98837775 
247 484 21 27 0.98730403 
809 309 22 27 0.9870357 
253 811 22 28 0.9866231 
806 639 21 26 0.9857956 
411 453 21 30 0.98443764 
883 406 23 26 0.9833452 
767 744 25 30 0.9827619 
928 618 21 28 0.98134595 
614 364 24 30 0.9810527 
68 445 21 27 0.9807169 
736 333 19 23 0.97968894 
873 626 21 28 0.9796522 
488 326 22 28 0.97877777 
669 510 22 29 0.97727215 
35 686 24 29 0.97696084 
327 426 22 26 0.9767793 
231 638 22 27 0.97554374 
109 536 21 26 0.9752667 
256 571 21 25 0.9730704 
611 693 21 25 0.9705935 
382 645 24 27 0.97027266 
639 673 23 27 0.9695127 
300 396 23 29 0.96791035 
124 593 17 24 0.9658649 
272 280 18 24 0.96586066 
519 352 22 26 0.9640577 
256 72 23 28 0.963992 
14 291 21 26 0.96364224 
170 471 23 26 0.9632511 
275 547 21 28 0.9622931 
413 349 23 27 0.9618214 
296 333 20 25 0.96152306 
859 470 23 28 0.959925 
333 158 19 25 0.95733494 
685 267 21 25 0.9523493 
831 526 22 28 0.95013374 
604 265 22 28 0.9490601 
477 111 24 27 0.94551873 
282 369 19 26 0.94019985 
339 251 18 23 0.94012505 
832 245 19 22 0.9381478 
621 4 18 23 0.93633235 
557 634 22 27 0.9331592 
848 14 17 21 0.9293064 
185 575 22 28 0.9257576 
717 47 21 26 0.9256836 
759 104 23 30 0.9231803 
769 362 17 21 0.92082256 
980 271 19 23 0.92058164 
261 440 21 25 0.91813594 
853 292 20 25 0.91645664 
599 158 22 27 0.91540354 
133 794 21 26 0.9119319 
703 19 19 27 0.91104025 
566 275 22 26 0.9091444 
84 193 22 25 0.8981762 
792 703 23 29 0.8968204 
993 368 20 25 0.8941836 
502 35 22 29 0.8916476 
681 366 18 23 0.88822913 
973 171 14 17 0.8864532 
663 149 22 27 0.88637125 
15 455 20 27 0.88534534 
835 49 19 21 0.88248986 
72 649 18 25 0.87952113 
900 202 17 21 0.877946 
123 450 22 26 0.8755456 
404 85 23 28 0.8752276 
311 642 20 25 0.87192863 
36 781 27 35 0.87167436 
544 133 20 24 0.8698646 
993 108 19 25 0.8643235 
149 177 19 23 0.85356706 
894 238 20 26 0.84897804 
612 130 24 27 0.8484173 
493 154 21 26 0.8462122 
646 271 18 23 0.8431425 
934 329 18 22 0.8384792 
630 98 19 22 0.8361962 
460 187 17 22 0.8248928 
904 437 23 27 0.8173552 
357 512 19 27 0.8124981 
774 498 23 27 0.80528426 
531 184 18 21 0.7936861 
206 62 17 21 0.7934238 
342 855 37 47 0.78722674 
962 201 16 18 0.78660035 
461 306 22 25 0.7808084 
214 101 18 23 0.7784435 
60 587 15 19 0.77461934 
951 23 21 27 0.7728343 
906 163 17 21 0.76747304 
221 337 20 24 0.7473177 
252 122 13 19 0.74599004 
516 80 20 28 0.7429694 
171 540 17 19 0.7343726 
725 362 15 19 0.73047566 
679 314 18 22 0.7207052 
546 37 17 21 0.7197935 
492 789 41 41 0.71803385 
143 347 18 23 0.7159723 
466 456 16 17 0.7111465 
783 426 13 18 0.71113247 
322 499 15 18 0.709587 
698 91 17 19 0.70622194 
909 71 14 20 0.70612335 
408 801 25 31 0.6954465 
194 430 22 26 0.69410926 
811 125 17 21 0.6926417 
342 386 20 25 0.6913959 
464 110 21 28 0.68887496 
513 264 15 19 0.6872338 
566 334 17 22 0.68452895 
871 326 18 23 0.6844845 
829 369 15 21 0.6795482 
548 151 15 20 0.675542 
708 236 16 21 0.6700386 
422 281 20 25 0.6647168 
728 171 19 21 0.6560847 
748 81 17 20 0.6550457 
719 296 16 21 0.6534563 
935 250 14 17 0.6514777 
603 523 23 28 0.650238 
47 77 19 22 0.64562815 
915 353 17 21 0.6451091 
503 293 19 23 0.6437326 
151 885 23 35 0.6366647 
971 353 20 23 0.6360702 
190 125 19 23 0.6327122 
901 731 22 28 0.6321353 
85 622 17 20 0.6246351 
853 47 15 22 0.6238043 
61 499 16 21 0.6224302 
662 440 21 25 0.6216215 
562 107 21 25 0.62024426 
38 592 14 18 0.6182586 
147 670 21 28 0.61624825 
797 281 16 21 0.6160773 
181 603 21 25 0.6135756 
872 382 21 25 0.6097026 
531 -1 20 19 0.6003697 
60 104 19 21 0.5887448 
353 418 15 19 0.5855638 
619 448 16 22 0.5836466 
110 128 16 20 0.5822755 
409 167 24 29 0.5810205 
995 344 17 21 0.58084756 
666 49 19 25 0.580218 
113 59 16 21 0.5773616 
297 234 19 22 0.57725555 
994 525 19 23 0.5667742 
522 433 16 18 0.5595801 
657 54 17 21 0.5591938 
698 652 21 27 0.5574333 
954 106 16 21 0.5560185 
417 396 15 18 0.55091506 
330 474 21 25 0.5488307 
1013 242 11 17 0.548448 
319 585 14 20 0.5464763 
462 39 16 20 0.54615754 
289 587 17 20 0.53895825 
459 253 14 16 0.5369628 
568 159 17 23 0.5312904 
109 683 16 20 0.52992976 
862 369 16 20 0.5288344 
763 410 17 21 0.52808523 
429 83 14 19 0.51972425 
522 400 14 17 0.5166955 
657 81 21 28 0.5138857 
669 393 16 19 0.51358575 
158 738 14 19 0.51113206 
741 135 19 22 0.5108451 
840 200 20 21 0.5103589 
341 593 16 20 0.5054488 
775 702 23 30 0.49020353 
339 467 18 20 0.4892303 
598 461 16 22 0.4881561 
1007 186 13 19 0.48645017 
836 348 17 19 0.48080963 
874 111 17 23 0.47556415 
594 410 17 21 0.4613047 
674 51 16 20 0.45506248 
534 270 17 21 0.4545598 
134 567 22 27 0.44571745 
469 229 18 22 0.4451953 
546 472 17 23 0.44464138 
890 353 15 19 0.4443115 
714 379 13 18 0.4442334 
996 225 13 17 0.44222593 
621 57 14 17 0.4418469 
553 442 16 19 0.44130155 
659 114 16 20 0.44038138 
144 49 22 26 0.43683878 
948 587 14 18 0.42981753 
885 295 14 18 0.42669058 
289 498 16 20 0.42428178 
506 465 16 19 0.40764403 
990 253 15 18 0.40451723 
594 600 24 27 0.40416646 
662 2 16 18 0.4011347 
19 156 17 19 0.39475954 
744 429 15 18 0.3926509 
532 258 15 17 0.3896057 
971 218 14 18 0.38170287 
313 203 20 26 0.38153094 
974 105 16 20 0.3793817 
30 504 21 25 0.37917748 
919 229 15 18 0.37890342 
571 228 19 21 0.37442032 
977 227 13 17 0.36785126 
460 287 17 20 0.3666404 
382 244 12 17 0.36560762 
21 230 15 19 0.3651594 
661 362 16 19 0.36347434 
594 63 17 20 0.3613017 
628 75 19 22 0.35929742 
230 83 16 19 0.35857305 
636 240 16 21 0.35610175 
49 668 16 20 0.35417354 
965 209 14 20 0.35009125 
389 365 13 19 0.3480422 
52 4 18 20 0.34788713 
81 888 27 36 0.34630913 
386 260 15 18 0.345241 
158 387 14 18 0.3424328 
782 126 16 20 0.34122697 
750 174 20 25 0.34048754 
783 308 13 19 0.33893362 
29 730 26 29 0.33847246 
797 23 13 19 0.3368648 
759 541 13 16 0.33587968 
37 834 33 39 0.33556306 
926 388 20 25 0.33525226 
441 416 17 19 0.33413374 
76 526 15 18 0.33373454 
782 24 17 21 0.33068797 
238 297 15 18 0.32668394 
881 8 16 19 0.3255541 
858 588 17 23 0.32330424 
971 591 16 22 0.32125136 
203 392 19 23 0.31998327 
790 526 27 31 0.3198697 
395 138 14 19 0.31292668 
363 541 16 22 0.3117772 
698 106 18 22 0.31005457 
161 440 17 21 0.3097721 
161 731 20 25 0.30972096 
573 59 14 19 0.30693656 
831 171 14 19 0.3062362 
740 465 15 21 0.30623206 
659 481 17 21 0.30408078 
563 2 15 17 0.30240864 
747 625 14 17 0.30208996 
124 131 15 19 0.2942983 
602 61 15 20 0.29229078 
651 203 18 26 0.29106292 
316 309 18 25 0.28973892 
302 855 39 49 0.2854939 
551 387 14 18 0.2854541 
191 172 11 14 0.28415164 
542 760 22 26 0.28276592 
225 473 19 21 0.28151014 
461 108 16 21 0.27990302 
224 301 13 16 0.27723008 
405 218 26 30 0.27706867 
650 323 17 20 0.27699178 
405 286 21 26 0.27675778 
629 338 17 20 0.27629545 
910 386 16 20 0.27619937 
954 234 16 20 0.27600083 
139 400 16 19 0.27534425 
160 392 18 23 0.2712792 
427 142 21 26 0.27120098 
25 638 17 23 0.26965514 
193 8 16 21 0.26963773 
115 843 22 27 0.26912665 
419 713 14 19 0.266142 
323 475 18 22 0.2661382 
676 140 22 29 0.26534826 
438 170 14 19 0.26475886 
771 656 16 19 0.26421815 
59 487 22 28 0.26327917 
1005 453 20 31 0.26172382 
794 447 14 19 0.26004907 
773 217 13 17 0.25912917 
733 464 14 20 0.25199577 
36 189 16 23 0.2519878 
464 97 16 17 0.25144506 
921 260 15 18 0.24916215 
256 760 16 22 0.24687576 
443 338 15 19 0.24442469 
638 398 21 23 0.24079886 
384 283 13 16 0.24054897 
885 454 18 24 0.2394074 
193 99 17 21 0.2388546 
173 43 13 17 0.23712887 
868 208 14 19 0.23476839 
357 337 12 17 0.23372225 
502 420 14 18 0.23318495 
687 766 40 45 0.23251228 
723 459 16 19 0.23093067 
837 138 15 20 0.23054846 
335 209 15 20 0.22882457 
358 685 15 18 0.22840013 
960 104 18 24 0.2281756 
66 834 26 33 0.22794297 
197 656 17 21 0.22787784 
436 512 22 27 0.2262951 
822 139 14 18 0.22385386 
189 606 21 26 0.22363785 
478 1206 11 14 0.22324029 
949 228 15 19 0.22237436 
620 608 14 18 0.2220661 
223 391 19 24 0.22149718 
169 722 17 20 0.21981727 
266 596 17 21 0.21897659 
447 231 14 20 0.2178525 
678 703 15 25 0.2177263 
172 607 16 21 0.21570428 
45 659 13 18 0.21266963 
957 287 16 18 0.2108714 
969 149 14 18 0.2100177 
7 82 13 17 0.20898607 
702 344 15 19 0.20687932 
766 710 24 28 0.20633636 
501 244 16 19 0.20527379 
871 271 15 19 0.20453158 
690 -2 17 18 0.20361218 
810 423 22 29 0.20344603 
831 359 20 25 0.20336714 
782 270 14 18 0.20276974 
777 207 16 20 0.20049366 
395 916 46 63 0.19826399 
965 590 13 19 0.1976335 
251 321 15 18 0.19722219 
781 654 15 19 0.19668882 
348 555 20 28 0.19585918 
198 398 21 26 0.19558807 
186 302 12 16 0.19445363 
723 233 17 22 0.19425015 
316 260 14 20 0.19412947 
398 381 13 17 0.19267814 
236 580 16 21 0.19111706 
628 268 14 19 0.1905796 
317 762 13 16 0.18825684 
478 393 13 16 0.1879862 
493 388 14 19 0.18660188 
646 329 15 17 0.18653412 
599 139 27 32 0.18629807 
687 485 12 16 0.18503912 
724 0 14 17 0.18469441 
671 600 14 19 0.18467325 
570 457 14 17 0.18379441 
467 388 13 16 0.18354852 
314 666 17 20 0.18183206 
815 178 13 16 0.18157999 
696 540 13 16 0.18031648 
786 422 15 18 0.18026818 
91 879 22 33 0.17932968 
813 820 23 31 0.1789473 
235 395 18 22 0.17883265 
768 282 13 17 0.17782965 
334 546 13 17 0.17752607 
74 543 15 18 0.17653927 
355 433 15 20 0.17612247 
446 795 12 15 0.17559694 
176 907 21 26 0.17499013 
314 319 14 21 0.17177178 
614 403 14 20 0.17159437 
405 267 13 18 0.17103988 
450 361 15 20 0.17082986 
820 718 18 23 0.17052428 
12 182 23 30 0.16797288 
562 384 15 17 0.16759197 
710 386 14 18 0.16748337 
287 266 12 16 0.1666711 
145 59 24 30 0.16513218 
251 287 18 20 0.16447517 
941 59 23 30 0.16431126 
523 445 16 20 0.1640488 
954 163 13 18 0.16386239 
823 403 13 17 0.16310388 
878 512 20 26 0.16255543 
466 378 13 16 0.16165435 
897 43 18 22 0.15805191 
510 79 18 23 0.15775673 
198 38 14 17 0.15762888 
126 483 15 19 0.15696545 
587 490 15 18 0.15607631 
435 0 17 17 0.15572241 
392 92 12 16 0.15517452 
3 250 15 19 0.15517104 
764 -1 14 13 0.15509242 
819 153 14 18 0.15450789 
409 232 18 21 0.15421994 
956 316 15 19 0.15309918 
851 256 14 19 0.15079446 
806 425 16 21 0.14953476 
389 250 14 18 0.14927174 
824 579 27 28 0.14899066 
531 448 14 17 0.14799023 
182 378 14 19 0.14770375 
1007 270 13 17 0.14666453 
764 61 17 21 0.14562908 
321 565 22 24 0.14553557 
325 528 15 19 0.14527409 
789 272 19 24 0.14506263 
594 928 31 36 0.14493853 
949 707 14 18 0.14464265 
7 188 14 19 0.14457564 
624 699 21 27 0.1440188 
572 427 14 18 0.14352998 
279 496 21 26 0.14151712 
638 483 11 14 0.14143404 
803 55 15 18 0.14124964 
606 600 23 26 0.14108613 
590 70 15 20 0.14052843 
322 787 13 17 0.14020497 
813 722 16 23 0.14008602 
719 540 14 17 0.13909481 
810 419 15 21 0.13866442 
570 88 18 20 0.13777821 
922 659 15 19 0.13777493 
786 656 15 21 0.13705629 
914 675 26 31 0.13680176 
668 361 22 27 0.1363743 
767 395 14 18 0.1359217 
947 189 15 19 0.13582936 
195 476 16 25 0.13557257 
117 387 16 20 0.13541238 
187 653 21 26 0.1342592 
402 638 22 28 0.13389821 
208 428 20 27 0.13359126 
581 106 15 19 0.13300104 
676 598 12 16 0.13241617 
387 145 19 26 0.13212527 
570 2 15 18 0.13205233 
968 708 16 19 0.13197275 
228 315 12 15 0.1305453 
549 416 13 19 0.12972328 
282 480 17 21 0.12872379 
194 415 22 28 0.1284172 
654 354 15 19 0.12827301 
243 292 19 21 0.1275532 
408 261 15 17 0.12695786 
829 139 13 18 0.12618354 
420 426 15 19 0.12585074 
419 80 20 25 0.1254689 
259 114 17 21 0.12531427 
767 110 21 29 0.1252354 
693 594 15 18 0.1250967 
916 579 17 18 0.12486452 
199 289 13 17 0.124630995 
667 897 16 20 0.12442807 
710 277 16 19 0.12438139 
397 726 11 16 0.12400293 
381 862 17 22 0.12348321 
412 431 16 20 0.12262121 
525 219 15 20 0.12259018 
412 65 15 18 0.12241298 
467 332 13 17 0.12177129 
445 379 11 16 0.12171618 
474 158 17 22 0.121409856 
614 60 14 19 0.12076099 
696 586 22 26 0.12026213 
181 589 24 30 0.11972064 
391 887 17 22 0.11967714 
423 51 15 18 0.11935448 
550 451 15 18 0.11894516 
540 64 17 22 0.11888014 
991 141 12 18 0.11848813 
695 674 15 19 0.118231446 
425 604 15 19 0.11754743 
18 465 20 25 0.11688278 
403 433 19 25 0.116873376 
43 130 15 19 0.116613664 
1003 226 16 18 0.116267666 
778 247 15 18 0.11626572 
341 368 17 20 0.115765326 
191 113 20 26 0.11556078 
427 33 17 18 0.11545471 
925 418 15 18 0.11510782 
830 456 14 19 0.114369325 
245 635 23 30 0.11347019 
907 266 13 18 0.11342302 
763 13 13 17 0.11284584 
153 42 17 23 0.1123939 
753 623 15 19 0.1121435 
325 482 22 27 0.111699864 
429 794 11 14 0.11157574 
880 112 22 26 0.11123576 
599 403 19 25 0.111067675 
812 691 14 18 0.111005716 
28 93 13 17 0.11081832 
129 2 15 17 0.11078596 
774 170 15 19 0.10975317 
923 280 16 21 0.10971239 
538 709 16 20 0.108817175 
274 75 15 20 0.10873105 
90 179 22 25 0.10861546 
356 353 13 18 0.10860829 
342 833 25 31 0.108473696 
604 129 17 23 0.10839561 
662 550 12 16 0.10796331 
461 353 13 16 0.10759191 
716 370 16 20 0.10747717 
581 412 11 16 0.10701724 
218 418 16 20 0.10600412 
954 613 13 16 0.10494436 
243 317 17 20 0.104401365 
620 425 14 19 0.10340316 
506 245 19 24 0.103314646 
14 604 15 18 0.103201486 
12 231 17 20 0.10296887 
263 281 19 24 0.102052934 
971 17 16 21 0.1015481 
496 401 12 17 0.10141182 
574 406 11 15 0.10139355 
623 511 13 17 0.10092469 
136 153 19 23 0.10045628 
629 423 14 19 0.10032572 
953 588 20 24 0.09979196 
468 353 13 17 0.09958517 
259 369 14 19 0.09937605 
484 394 13 15 0.099189386 
179 656 16 20 0.09911758 
789 143 17 20 0.09910029 
628 390 21 25 0.0990836 
434 175 15 20 0.09893092 
1008 235 14 19 0.09756764 
626 375 16 21 0.097310975 
347 398 22 28 0.09717844 
351 549 15 19 0.09715671 
0 123 9 18 0.09701267 
315 54 15 23 0.09675979 
234 788 13 17 0.096743405 
234 158 13 16 0.09651772 
231 555 14 20 0.09627308 
716 393 15 18 0.09591838 
181 474 22 27 0.09577635 
911 2 13 16 0.09552589 
596 453 15 20 0.095305145 
332 584 20 24 0.094908 
779 800 19 24 0.094893865 
566 491 13 18 0.093816794 
45 146 16 20 0.09378214 
917 193 13 16 0.09348951 
789 412 13 15 0.09335063 
860 429 16 20 0.093279004 
255 694 12 14 0.09322016 
604 391 16 22 0.0929732 
703 393 14 18 0.09278751 
321 510 21 26 0.092625916 
775 450 14 19 0.09217233 
743 630 21 26 0.092048384 
683 74 15 19 0.09204761 
814 584 25 28 0.09189131 
758 2 13 15 0.08966623 
323 8 19 22 0.08942164 
518 441 16 19 0.08929785 
893 198 16 22 0.08868697 
129 756 12 17 0.08864848 
949 664 15 19 0.08844501 
682 134 17 20 0.0884076 
826 289 18 20 0.088354856 
486 273 16 20 0.08830037 
18 539 17 21 0.088031925 
646 116 23 27 0.08794786 
237 315 15 19 0.08766637 
778 115 15 22 0.087607816 
935 132 11 14 0.08757664 
962 784 48 56 0.08756335 
216 36 12 17 0.08745137 
316 298 16 23 0.08715161 
963 457 26 29 0.08679346 
217 425 20 26 0.086646974 
225 348 17 22 0.08625314 
962 1144 32 39 0.086212784 
418 152 23 29 0.08608107 
305 37 18 23 0.08607798 
964 298 16 19 0.08595245 
815 149 13 17 0.08591298 
677 373 16 21 0.085856296 
242 574 21 27 0.085715525 
129 137 14 18 0.08570872 
827 155 13 17 0.08565415 
535 313 14 18 0.08488691 
238 479 21 27 0.08480613 
794 138 16 19 0.08393189 
137 559 21 24 0.08381903 
394 369 15 20 0.083463676 
829 164 15 18 0.08306872 
878 393 22 27 0.08301355 
291 482 15 19 0.08261983 
603 97 17 21 0.08260132 
315 196 17 21 0.0821421 
910 63 12 15 0.08211612 
763 679 17 19 0.08196576 
372 33 12 19 0.08151108 
276 403 16 18 0.081450164 
4 47 15 20 0.081350945 
209 538 17 21 0.081341416 
148 393 21 25 0.08125 
574 513 16 22 0.08115068 
813 434 24 30 0.08110825 
491 440 14 18 0.08109576 
288 804 12 17 0.08106922 
687 594 12 17 0.08073166 
620 408 14 19 0.08050242 
397 438 15 21 0.08001544 
266 109 17 22 0.07984939 
878 49 16 20 0.07936616 
737 179 23 28 0.079245456 
643 786 16 19 0.07917298 
780 14 16 19 0.07873193 
597 500 14 17 0.07820938 
95 173 14 18 0.07811472 
423 168 21 26 0.078045726 
159 894 23 30 0.077743486 
455 117 21 26 0.07771496 
931 142 12 16 0.07742945 
636 298 15 19 0.07739008 
236 545 20 26 0.07728308 
231 683 14 18 0.077181436 
356 343 14 20 0.077072285 
521 89 19 25 0.0764376 
699 543 15 18 0.07640637 
222 169 15 21 0.07635511 
853 168 15 19 0.07626377 
350 838 36 42 0.0761864 
114 512 17 20 0.07617554 
582 482 17 20 0.07603685 
766 372 21 28 0.075930305 
683 97 15 18 0.0757081 
147 642 15 19 0.07568728 
191 93 15 19 0.074953 
150 595 16 22 0.07476159 
951 656 24 29 0.07455893 
642 710 30 32 0.07455502 
101 591 22 27 0.07441966 
687 33 14 18 0.07429519 
973 315 16 20 0.07406281 
500 95 17 22 0.073880784 
352 379 16 21 0.07378133 
800 712 23 29 0.07373511 
166 717 15 18 0.07367883 
148 417 17 22 0.07365679 
820 88 17 23 0.073615484 
155 426 16 21 0.07358901 
310 305 15 21 0.07338041 
534 498 15 19 0.0733425 
722 266 14 20 0.07309545 
636 267 18 24 0.07247697 
695 347 13 17 0.07240437 
78 569 14 17 0.07221771 
420 746 10 13 0.07218378 
53 636 14 17 0.0720188 
128 323 13 17 0.07192489 
447 370 13 17 0.07189729 
427 417 15 19 0.07166179 
790 407 11 13 0.071567714 
77 719 25 29 0.071544826 
756 678 16 19 0.071533605 
907 200 13 16 0.07151823 
459 145 15 19 0.0708343 
775 628 13 18 0.070764795 
956 306 15 18 0.07045347 
124 575 23 29 0.070406206 
736 525 11 15 0.069906086 
99 699 12 16 0.06955245 
907 149 13 16 0.06947645 
273 591 21 26 0.069328755 
589 369 15 18 0.06908283 
205 98 20 25 0.069074795 
1000 115 19 24 0.06901452 
709 147 14 19 0.06900542 
927 735 30 34 0.068820514 
173 631 14 18 0.06830802 
149 82 14 20 0.067927435 
36 123 14 18 0.06790349 
333 359 14 19 0.0677549 
381 150 17 23 0.06774804 
69 747 22 30 0.06766473 
92 770 16 20 0.067431144 
130 357 14 17 0.067154974 
549 298 16 18 0.06696953 
632 704 24 32 0.06695541 
733 453 13 19 0.066820115 
761 719 20 23 0.06673572 
3 234 23 32 0.06646935 
854 525 22 27 0.066331886 
462 373 13 17 0.06633003 
590 406 15 19 0.065874 
914 312 14 20 0.0656862 
555 115 21 27 0.06549853 
265 553 24 30 0.06505987 
440 381 13 17 0.06496929 
506 89 21 28 0.0648163 
44 105 12 17 0.06465294 
869 709 16 24 0.064530544 
526 251 14 19 0.06406617 
271 366 21 26 0.06395392 
776 519 14 19 0.06369698 
814 187 16 20 0.06349668 
781 338 17 19 0.063376375 
322 402 17 22 0.06333986 
868 370 21 27 0.06323502 
341 834 15 21 0.063208014 
346 707 24 29 0.063080594 
561 445 16 18 0.062895015 
163 41 19 25 0.062866 
396 89 16 20 0.0628255 
996 704 15 23 0.06273526 
1010 304 13 19 0.06273304 
532 430 13 17 0.06269453 
963 233 14 19 0.06259301 
494 425 13 18 0.06256806 
89 775 22 31 0.06249995 
868 461 24 32 0.062495124 
751 585 23 26 0.06246816 
973 138 14 18 0.06230647 
820 430 16 21 0.06215514 
919 652 16 19 0.06193232 
928 93 14 18 0.061924495 
577 82 13 19 0.06188317 
768 386 17 21 0.06162922 
231 216 18 22 0.061388366 
453 440 12 16 0.06136233 
747 165 18 23 0.06134177 
11 68 14 18 0.061331134 
931 490 15 19 0.061257455 
1002 416 21 24 0.061240606 
844 704 16 21 0.0612345 
211 138 12 14 0.061139222 
874 211 14 18 0.061058123 
925 518 23 26 0.060817707 
139 403 22 28 0.06073974 
142 668 16 21 0.06071618 
741 210 15 20 0.060626414 
723 404 14 18 0.06041467 
110 723 14 19 0.06037434 
1 587 11 16 0.060184844 
550 784 16 24 0.0600877 
559 516 23 30 0.06008385 
931 -1 16 17 0.06002193 
648 673 24 29 0.0596733 
872 9 12 17 0.05937517 
581 0 13 12 0.0593362 
102 689 14 20 0.059197236 
594 101 21 25 0.059176248 
369 859 27 32 0.058777664 
751 540 14 16 0.058733497 
811 633 13 15 0.05868384 
843 53 17 21 0.058470137 
642 86 21 27 0.058383 
774 194 20 25 0.058114056 
707 244 16 22 0.058041275 
891 578 18 21 0.057875305 
382 224 13 19 0.05782617 
579 65 14 18 0.05775192 
745 981 48 51 0.057448816 
384 274 15 19 0.05716575 
131 299 11 14 0.05716328 
570 211 24 28 0.05709742 
925 204 13 17 0.05700912 
39 657 14 18 0.056876075 
860 517 23 28 0.056824863 
917 664 17 23 0.05655654 
546 181 19 25 0.056473322 
404 212 17 19 0.056290023 
8 38 12 16 0.056183774 
756 651 15 20 0.056039523 
595 482 14 19 0.056034405 
837 353 22 26 0.055888847 
154 70 16 22 0.05585651 
612 429 22 29 0.0557676 
764 727 28 33 0.055729933 
115 705 15 16 0.055578575 
914 202 15 18 0.055541996 
746 641 23 29 0.05553013 
673 442 16 21 0.055155385 
411 773 12 16 0.055151917 
968 162 17 22 0.055137895 
307 43 21 28 0.054991357 
301 303 14 21 0.05497595 
931 778 13 22 0.054884385 
939 209 13 16 0.054708984 
514 473 14 19 0.054484885 
805 824 18 21 0.054366507 
354 472 20 27 0.054346777 
846 426 12 16 0.05434092 
301 765 10 13 0.054140545 
561 167 21 28 0.054111753 
794 663 14 20 0.05410725 
964 189 14 16 0.054100014 
893 367 15 20 0.054035924 
533 510 16 21 0.054029904 
274 311 15 20 0.05402788 
804 368 15 17 0.05395915 
10 634 16 22 0.053879924 
675 75 21 27 0.053877465 
408 76 23 27 0.05376087 
6 170 12 17 0.053728275 
21 158 23 29 0.05371042 
775 510 18 21 0.05360061 
389 383 13 17 0.05332142 
716 589 14 16 0.053130485 
143 344 13 16 0.053049896 
978 588 16 24 0.05296925 
931 660 13 18 0.052952636 
323 52 15 23 0.052948516 
515 194 16 20 0.05288687 
487 373 12 14 0.05286924 
773 590 11 15 0.052777335 
266 57 16 19 0.052693356 
110 520 23 28 0.05266273 
795 421 19 27 0.05265536 
539 678 20 26 0.0526315 
56 3 23 27 0.052608255 
81 36 15 19 0.05250031 
436 317 10 13 0.05246883 
463 462 25 29 0.0523041 
574 418 14 20 0.052283138 
514 243 15 19 0.052139558 
773 2 13 17 0.05205575 
619 345 17 21 0.051980175 
141 316 13 18 0.05192495 
466 213 13 17 0.051915035 
386 865 26 34 0.051909164 
333 553 14 18 0.05190134 
312 401 18 23 0.051771495 
321 750 18 22 0.05164465 
247 875 23 37 0.05158459 
188 945 12 16 0.051582117 
708 413 12 16 0.051394954 
78 741 24 32 0.05127374 
201 616 14 18 0.051219083 
71 529 15 19 0.051179253 
588 114 16 21 0.051172856 
45 47 17 20 0.05110468 
972 183 13 16 0.051006258 
611 768 23 31 0.050630473 
610 395 16 21 0.050291378 
838 484 14 19 0.050283376 
616 512 21 30 0.050261732 
508 29 16 20 0.050185613 
996 418 15 17 0.050107367 
616 526 17 24 0.049930155 
954 35 17 22 0.049788404 
653 702 27 34 0.049722254 
352 394 16 20 0.049469374 
230 671 21 27 0.04946579 
564 149 19 25 0.04934811 
682 708 22 27 0.049322784 
930 98 15 20 0.04928983 
135 443 22 28 0.04925775 
246 359 15 20 0.049160656 
654 778 13 17 0.049071547 
69 715 14 19 0.04898173 
438 442 13 16 0.04895477 
838 417 13 18 0.048617173 
445 435 13 18 0.048590347 
409 249 17 21 0.048463885 
316 291 15 19 0.04845017 
293 664 14 18 0.04835652 
5 647 20 28 0.048268028 
707 349 15 20 0.048258785 
626 399 17 20 0.048156284 
980 262 15 19 0.04815008 
918 270 18 24 0.04812602 
819 446 16 23 0.04799732 
324 409 22 27 0.047870573 
524 244 14 18 0.047850754 
11 625 16 20 0.04781807 
403 809 19 25 0.047803447 
425 43 19 20 0.047655277 
611 102 17 22 0.04755505 
799 51 14 18 0.04749453 
165 612 17 23 0.047295872 
55 590 15 19 0.047147304 
705 660 16 22 0.047145877 
318 745 15 19 0.047135644 
534 487 21 27 0.047114704 
735 424 15 20 0.047079884 
475 145 16 21 0.04702684 
297 371 14 18 0.04697226 
227 294 16 19 0.046892136 
850 135 16 20 0.0468656 
814 35 14 18 0.04684471 
316 513 17 20 0.04649738 
719 677 13 18 0.046446245 
877 14 17 20 0.04644033 
362 559 15 21 0.046426926 
957 218 14 17 0.046215784 
328 314 16 19 0.04608821 
270 503 15 20 0.046020124 
184 311 13 18 0.04587216 
47 627 14 19 0.045696307 
971 341 13 16 0.045651693 
495 102 22 28 0.045643527 
764 662 18 20 0.045642696 
364 481 13 19 0.045506645 
1 258 12 18 0.045466598 
193 672 17 23 0.04542612 
198 711 15 21 0.04529971 
613 219 13 17 0.045272708 
877 194 13 18 0.045211066 
251 252 14 18 0.04512935 
864 203 12 18 0.045071956 
718 347 13 19 0.04505975 
588 258 17 21 0.045033827 
20 580 12 14 0.044983234 
431 316 11 15 0.04493746 
964 582 13 16 0.044794112 
418 232 14 21 0.04477127 
666 357 17 20 0.04475612 
417 408 19 21 0.04470801 
694 27 14 19 0.044599384 
467 220 15 18 0.04458739 
70 71 15 20 0.044521254 
460 298 18 23 0.044487353 
851 162 14 18 0.04433209 
138 619 15 19 0.04422563 
536 251 18 21 0.044218134 
589 596 17 19 0.044118423 
725 417 16 22 0.044100434 
395 262 19 24 0.044095214 
252 363 14 18 0.04409455 
627 412 15 19 0.044094097 
488 110 23 28 0.04405209 
56 580 14 20 0.04404763 
774 11 14 19 0.04403282 
342 473 20 26 0.044004735 
145 700 16 20 0.04388359 
2 595 13 16 0.043698534 
634 341 17 22 0.04361231 
751 372 13 18 0.04352814 
546 456 21 26 0.043517996 
499 412 15 18 0.043474372 
38 617 13 16 0.043434482 
966 11 15 18 0.043395232 
826 410 15 18 0.04334225 
701 536 13 16 0.043326512 
789 467 15 20 0.043323684 
192 37 11 15 0.043298885 
795 330 14 17 0.04324924 
54 106 16 19 0.04319215 
115 132 17 22 0.043083187 
623 31 15 19 0.043074917 
353 331 13 19 0.043048635 
791 525 16 20 0.043044224 
529 70 20 28 0.042934168 
108 89 16 21 0.042857878 
922 222 14 18 0.04279774 
285 18 24 27 0.0426091 
434 75 15 21 0.042592324 
923 772 26 36 0.042556196 
851 359 19 24 0.042432927 
610 466 14 18 0.042407446 
852 37 13 18 0.042402823 
238 399 22 27 0.04232918 
849 354 16 20 0.04221636 
556 65 15 20 0.042146794 
530 194 19 23 0.042032648 
39 891 27 35 0.041981995 
327 354 15 21 0.041925963 
-1 741 12 23 0.04181081 
931 577 15 21 0.041790698 
1004 261 13 16 0.041778505 
440 120 18 21 0.04177612 
462 392 13 17 0.04176112 
99 163 17 20 0.04175394 
957 704 20 24 0.041705925 
555 410 15 20 0.04168299 
965 141 14 17 0.041646484 
950 507 14 18 0.04151364 
620 394 16 21 0.041493203 
519 419 13 16 0.04144219 
390 635 24 32 0.04143078 
568 116 19 24 0.0413808 
571 446 15 19 0.0413126 
787 298 19 23 0.041265137 
646 24 15 17 0.04116467 
707 545 13 16 0.04106612 
289 240 13 18 0.04101346 
415 63 21 25 0.040994808 
980 139 13 19 0.040866364 
1004 145 18 24 0.040862042 
995 143 14 21 0.040858794 
165 530 18 22 0.040836424 
564 409 14 19 0.040824648 
434 29 13 17 0.040819887 
226 159 18 24 0.040713396 
655 274 17 21 0.040656585 
961 320 15 19 0.04064354 
287 771 14 18 0.04060305 
875 103 15 19 0.04054716 
11 104 15 19 0.04053753 
970 306 15 19 0.040527277 
844 89 17 20 0.040478215 
769 687 22 29 0.040426586 
217 572 16 20 0.04040273 
282 2 27 31 0.040361837 
398 0 14 13 0.040346935 
10 89 13 16 0.04034243 
735 165 21 26 0.04030846 
204 132 13 17 0.040278863 
540 393 14 19 0.04025568 
894 82 15 18 0.040195886 
485 158 17 24 0.040186897 
909 357 18 21 0.040103354 
989 352 16 21 0.040099178 
410 157 18 20 0.040075377 
253 698 15 19 0.03996498 
4 193 19 28 0.039926197 
957 654 31 38 0.03991117 
596 522 18 24 0.03986266 
129 587 16 23 0.039849456 
855 17 16 19 0.03983624 
787 38 16 19 0.039726153 
772 277 13 18 0.03970386 
666 110 15 19 0.03970038 
339 684 15 19 0.03969443 
336 204 23 29 0.03966891 
929 680 17 21 0.03966576 
700 117 16 21 0.039660998 
685 408 17 20 0.039643187 
1010 280 14 19 0.039552007 
403 625 24 28 0.039475482 
157 875 24 33 0.039431773 
591 120 23 27 0.039395098 
213 329 22 26 0.03934521 
257 317 14 19 0.039318934 
387 691 11 14 0.039228853 
800 308 21 27 0.039200846 
603 518 17 19 0.03916177 
602 449 20 27 0.039156087 
101 147 16 20 0.039119318 
17 596 15 18 0.039089233 
294 623 16 22 0.03906703 
796 128 20 25 0.03902537 
953 11 24 30 0.038969114 
784 414 11 15 0.0387847 
59 610 17 21 0.038767457 
681 443 16 22 0.038723268 
668 38 13 17 0.03869309 
141 658 16 18 0.038584072 
950 203 11 16 0.038510058 
354 370 14 19 0.038447622 
380 40 16 25 0.03840585 
582 442 13 17 0.03838724 
927 483 14 19 0.03837869 
683 299 13 16 0.038316604 
942 580 17 21 0.038185664 
335 235 24 30 0.038142376 
635 333 16 20 0.03808593 
423 28 16 18 0.03808541 
668 381 15 19 0.038079727 
739 451 14 19 0.03802201 
611 454 17 22 0.038019024 
590 487 21 25 0.037983656 
768 403 15 18 0.03791834 
909 430 15 21 0.037878517 
33 159 15 21 0.037788484 
973 12 25 31 0.037786502 
384 873 40 54 0.03777096 
322 858 35 45 0.037734684 
571 480 19 25 0.03773152 
979 132 12 17 0.037582926 
579 508 15 19 0.037569232 
406 621 14 17 0.037553873 
821 22 11 14 0.03745102 
138 2 17 17 0.037402928 
894 357 20 25 0.03734567 
557 373 14 18 0.03734059 
817 670 23 28 0.037332058 
716 453 16 20 0.037329104 
642 390 16 18 0.037329067 
239 302 21 23 0.037292387 
553 156 19 24 0.03726158 
10 162 23 29 0.03723976 
915 388 20 25 0.037232205 
953 66 16 21 0.03721661 
93 744 18 24 0.037149355 
412 763 12 14 0.037118826 
423 64 22 28 0.037098702 
18 60 12 17 0.037055194 
303 536 15 19 0.03702618 
430 181 16 21 0.036982123 
520 263 18 24 0.036952365 
814 89 16 20 0.03693195 
491 500 15 18 0.03690703 
933 318 14 17 0.03684071 
339 358 16 18 0.036825817 
955 581 15 18 0.03681753 
401 272 13 18 0.036729377 
651 20 15 19 0.036704484 
622 98 15 20 0.036690764 
903 156 16 20 0.03665172 
196 50 15 20 0.036639985 
339 512 16 23 0.036595263 
877 586 13 17 0.036572233 
899 446 22 28 0.036561415 
489 122 17 24 0.03651838 
154 683 17 22 0.03650827 
694 632 16 21 0.036384992 
744 540 11 15 0.036355235 
411 272 15 20 0.03633774 
119 542 17 21 0.036256578 
3 122 14 20 0.03618331 
946 321 19 25 0.036163654 
949 289 16 19 0.036114573 
474 289 15 18 0.036079936 
895 27 13 16 0.036074407 
292 244 17 20 0.036032345 
780 692 15 20 0.036010146 
793 301 22 29 0.03585477 
873 157 11 15 0.03574651 
956 189 14 16 0.03574088 
663 44 15 21 0.035700675 
772 52 15 20 0.03569158 
712 229 20 25 0.035660714 
307 63 16 23 0.035660457 
834 85 21 28 0.035658374 
804 178 13 17 0.03564786 
350 355 13 19 0.035614315 
942 180 12 15 0.03558781 
385 12 15 21 0.03547573 
268 765 12 17 0.035235506 
598 134 16 22 0.035185143 
901 212 16 19 0.0351416 
658 898 28 33 0.03513969 
530 243 21 24 0.035130255 
942 232 16 20 0.035120424 
158 466 14 21 0.03508904 
101 669 12 16 0.035057496 
602 -1 14 13 0.035046984 
317 468 17 20 0.0350432 
906 576 22 25 0.03499518 
13 586 15 17 0.034991313 
165 381 22 28 0.03499037 
322 208 16 21 0.03498654 
92 515 16 19 0.034885976 
694 78 24 29 0.03486742 
400 848 37 45 0.034863763 
526 0 17 14 0.03484843 
925 529 16 20 0.03483162 
595 722 23 26 0.034800984 
19 546 21 25 0.03479327 
77 2 16 18 0.03476983 
98 728 22 29 0.034755096 
378 236 20 28 0.034748092 
685 86 21 25 0.034748074 
797 103 15 18 0.03473234 
430 128 24 29 0.034714296 
852 388 15 20 0.03467936 
67 144 14 18 0.034672942 
672 155 18 23 0.03465486 
597 394 16 19 0.03465244 
597 517 14 18 0.034641206 
847 206 16 20 0.03461337 
533 710 24 32 0.034608137 
550 914 13 18 0.034588 
930 508 24 29 0.034476448 
41 773 19 24 0.03446881 
339 554 20 26 0.034457214 
866 588 16 20 0.034454454 
579 405 12 17 0.034433566 
85 588 14 19 0.034354873 
978 165 16 20 0.034330674 
977 479 27 33 0.034274388 
797 815 39 51 0.03427083 
573 73 17 19 0.03426217 
211 39 19 25 0.034236245 
609 109 23 30 0.034231607 
793 651 19 28 0.034225143 
933 206 12 16 0.034204673 
903 234 18 25 0.034186594 
322 317 17 20 0.034155846 
913 379 16 21 0.03414451 
658 556 17 21 0.034141127 
340 137 16 21 0.03412039 
81 728 26 32 0.03411593 
948 136 21 26 0.03397232 
395 142 21 27 0.033947427 
235 264 13 17 0.033941526 
194 0 16 16 0.033880007 
931 266 14 19 0.03385059 
600 415 15 20 0.033822782 
427 54 23 27 0.03380676 
579 450 13 17 0.03375962 
317 81 16 20 0.03357236 
542 156 17 21 0.033556435 
797 43 12 15 0.033548117 
37 117 12 16 0.033542544 
406 692 11 14 0.033526253 
806 414 13 17 0.03351753 
142 649 17 19 0.033495516 
749 308 15 18 0.033474457 
0 106 9 16 0.03344559 
493 513 29 31 0.033436663 
242 537 18 22 0.033423115 
899 623 22 27 0.033412162 
710 449 14 20 0.033394296 
741 586 24 28 0.033366296 
396 116 23 29 0.033355538 
459 240 19 24 0.033340313 
864 197 10 15 0.03330321 
853 640 23 29 0.03328795 
750 183 23 30 0.03317511 
995 212 13 17 0.033166543 
599 694 13 17 0.03314602 
852 60 16 20 0.03312619 
908 318 16 22 0.03312079 
11 121 15 18 0.033096258 
443 289 13 19 0.033078253 
742 395 15 20 0.03305015 
0 195 13 20 0.03303986 
312 747 13 17 0.033025548 
280 405 21 27 0.032861043 
669 703 18 26 0.032852516 
558 7 16 19 0.03285035 
577 736 26 29 0.032812767 
642 342 17 22 0.032795113 
760 178 16 21 0.032793403 
180 903 16 18 0.03275007 
40 731 25 30 0.032747302 
314 654 17 21 0.032679096 
447 341 21 25 0.032660823 
405 840 15 20 0.03263606 
596 16 15 20 0.032632 
124 559 25 29 0.032596096 
437 403 13 18 0.03258276 
565 432 15 18 0.03255792 
699 550 17 20 0.032541793 
96 692 13 18 0.03249637 
665 387 13 18 0.03241304 
200 107 19 26 0.032342616 
76 29 15 19 0.032340124 
134 145 15 18 0.032319203 
797 390 11 14 0.03230474 
379 142 15 18 0.032269612 
292 795 12 16 0.032179583 
537 279 15 20 0.03216899 
846 261 16 19 0.03216501 
682 43 15 20 0.03216179 
772 245 15 21 0.03211633 
637 148 14 19 0.032100353 
304 244 21 26 0.032086194 
831 711 20 27 0.032060757 
892 19 13 16 0.032050453 
77 738 14 19 0.03202324 
886 196 12 18 0.031982478 
499 82 18 22 0.031897925 
354 444 17 21 0.03189731 
334 418 22 27 0.03188806 
1 553 14 18 0.031874273 
823 811 32 42 0.031872153 
924 254 14 18 0.031862024 
709 709 21 29 0.03182027 
291 785 15 19 0.03178336 
556 504 21 29 0.03173912 
551 524 24 31 0.03165792 
310 768 13 16 0.03164325 
486 315 14 19 0.031637494 
424 394 15 20 0.0316014 
481 143 21 27 0.031586587 
76 713 19 23 0.03154664 
676 58 21 27 0.031403765 
33 644 20 28 0.031356234 
91 587 16 21 0.031341895 
330 330 16 20 0.031340882 
640 104 16 21 0.03132374 
635 408 17 20 0.031322565 
252 42 15 17 0.03128929 
300 780 12 16 0.031288605 
738 126 18 20 0.031287454 
149 36 17 20 0.031263772 
533 60 16 21 0.031250607 
1006 212 13 16 0.031249827 
435 84 22 27 0.031242352 
667 346 16 19 0.03122439 
322 88 16 19 0.031195827 
618 597 14 19 0.03116129 
863 47 21 26 0.031149687 
485 418 13 20 0.031137545 
394 97 24 28 0.031135231 
384 322 13 18 0.03106093 
349 498 14 19 0.030997017 
761 420 17 20 0.030996038 
886 218 11 15 0.03098308 
517 185 15 20 0.030896049 
602 10 15 20 0.030856082 
139 582 15 21 0.030853162 
171 587 14 20 0.030837493 
766 -5 22 22 0.030819053 
3 254 21 31 0.03081053 
899 21 14 18 0.03080835 
703 494 23 28 0.030788273 
435 67 15 19 0.030779943 
323 291 15 18 0.030779531 
451 66 17 22 0.030752467 
531 395 14 17 0.030741232 
699 4 25 25 0.030736575 
398 210 16 19 0.030735983 
940 162 13 19 0.030715115 
779 717 16 22 0.030699912 
903 68 15 19 0.030691689 
853 426 16 20 0.030686796 
922 190 13 16 0.030675445 
467 448 16 18 0.030619409 
761 534 15 18 0.03061904 
878 312 20 28 0.030581446 
0 0 10 16 0.030553138 
338 225 17 20 0.030539935 
15 628 20 30 0.030506622 
568 95 19 24 0.030490438 
478 257 14 17 0.03048404 
519 409 14 18 0.030471612 
467 146 16 20 0.030414041 
821 169 19 25 0.030410111 
488 529 15 17 0.030405022 
745 470 16 21 0.03040005 
677 346 14 17 0.03036188 
450 376 15 18 0.030348321 
970 197 14 18 0.03028956 
462 231 17 21 0.03025295 
360 426 14 20 0.030220505 
537 667 14 17 0.030185463 
325 577 23 25 0.030124756 
968 340 21 28 0.030104032 
885 583 16 20 0.030094324 
541 45 17 21 0.030028865 
637 790 16 19 0.029975982 
987 169 12 18 0.029920181 
585 437 16 18 0.02989346 
359 547 20 28 0.029838385 
759 798 34 36 0.02979401 
899 319 16 21 0.029738704 
103 62 16 21 0.029730765 
579 8 14 18 0.029724434 
818 117 16 19 0.029701855 
893 731 17 20 0.029602755 
465 252 14 17 0.029590685 
611 876 21 22 0.029580146 
765 444 12 15 0.029579736 
697 643 19 23 0.02957068 
582 325 21 27 0.0295346 
879 33 23 31 0.029531963 
274 414 21 26 0.029507661 
474 1203 19 23 0.029490849 
100 507 15 18 0.02947915 
980 360 22 27 0.02947217 
699 598 16 21 0.029463967 
622 350 23 29 0.029409993 
167 624 14 20 0.029403403 
826 427 14 19 0.02934439 
825 393 15 19 0.02929171 
611 721 17 22 0.029286258 
243 618 24 29 0.029274657 
147 439 21 27 0.029274063 
455 284 15 20 0.029266745 
671 690 23 35 0.02924369 
806 504 13 18 0.029225942 
674 428 16 21 0.029137654 
754 313 16 21 0.029135369 
925 764 43 56 0.029119566 
59 642 12 17 0.029108021 
765 247 16 20 0.029100448 
104 538 17 21 0.02909374 
781 592 15 19 0.029056555 
731 216 15 20 0.029035643 
140 166 21 28 0.028990455 
522 452 21 26 0.028951734 
335 599 20 26 0.02891657 
764 625 14 19 0.028888412 
180 364 11 15 0.02888828 
773 539 12 16 0.02888805 
979 71 17 22 0.028886111 
828 182 15 19 0.028884921 
614 142 22 29 0.028870171 
1 44 11 17 0.028869638 
276 261 13 16 0.028832708 
539 426 13 18 0.028827854 
893 64 15 19 0.02882676 
816 298 23 26 0.028808523 
882 517 23 31 0.028800426 
125 571 15 18 0.028745646 
331 291 14 17 0.028744258 
729 226 18 24 0.028684285 
512 296 15 20 0.028612385 
598 92 16 21 0.028585618 
514 110 16 23 0.028581655 
389 356 13 19 0.02857094 
320 793 12 16 0.02857041 
78 6 24 29 0.028565805 
533 471 21 26 0.02854974 
588 502 14 19 0.028540066 
290 -3 27 27 0.028517937 
478 124 23 31 0.02850491 
770 677 16 18 0.028481942 
169 589 22 29 0.028476888 
336 839 14 20 0.028444823 
24 176 25 33 0.028428853 
170 738 22 26 0.028402332 
742 444 13 16 0.0283773 
80 620 14 17 0.028366871 
1004 476 20 31 0.028352408 
657 193 18 21 0.028322006 
887 627 22 27 0.028305847 
485 378 16 19 0.02826866 
664 335 21 25 0.028142584 
652 109 17 22 0.028131839 
565 63 15 20 0.02813056 
611 417 19 25 0.028107334 
257 623 17 21 0.028081166 
0 77 10 16 0.028077781 
1000 350 18 22 0.028049909 
392 546 15 20 0.028017411 
309 813 14 19 0.028008437 
302 308 20 27 0.027978553 
776 188 16 19 0.02796882 
931 495 22 26 0.027966969 
407 163 17 21 0.02791413 
842 799 33 36 0.027910553 
978 -4 44 56 0.027903732 
333 150 17 21 0.027897196 
292 408 22 28 0.027887192 
977 211 15 18 0.027870521 
335 480 22 28 0.027838478 
858 680 17 20 0.027832946 
300 0 16 15 0.02781256 
7 270 26 31 0.027796222 
126 392 22 29 0.02779565 
426 402 15 20 0.027791666 
955 260 12 16 0.027759181 
104 650 12 16 0.027706573 
540 288 14 19 0.027649129 
867 789 44 57 0.0276326 
252 60 24 30 0.027630573 
45 828 48 57 0.027630378 
785 330 20 24 0.02756983 
747 90 22 29 0.027543701 
672 893 19 23 0.027537718 
619 383 16 20 0.027533552 
901 78 15 20 0.027467245 
990 115 16 23 0.027462251 
644 316 17 21 0.027457036 
40 135 15 20 0.027442561 
658 347 16 18 0.027378697 
287 766 11 15 0.027360138 
569 407 19 24 0.027329339 
762 21 21 27 0.027326176 
590 396 13 16 0.027282335 
805 725 17 21 0.027274638 
64 649 18 24 0.027255522 
12 660 19 27 0.027223654 
399 838 12 16 0.02721026 
545 0 16 18 0.027197596 
12 80 22 26 0.027191782 
774 43 13 17 0.027191384 
414 419 15 19 0.027158458 
778 32 21 26 0.027118271 
730 411 13 16 0.027104335 
154 49 23 29 0.027100416 
130 316 14 19 0.02709597 
706 395 19 25 0.027078232 
182 26 12 16 0.02706355 
618 728 16 22 0.027054388 
125 95 17 21 0.02701513 
781 509 23 29 0.027005551 
620 266 16 21 0.027003529 
1002 121 24 30 0.026986064 
537 434 15 19 0.02698549 
375 246 16 21 0.026985435 
857 258 14 20 0.026985303 
594 613 18 21 0.026981145 
467 161 21 30 0.026963824 
169 313 15 21 0.026962651 
843 191 16 20 0.026937816 
566 52 15 20 0.02691232 
307 25 25 31 0.02689998 
942 221 13 17 0.026876904 
433 684 10 13 0.026828714 
125 142 15 19 0.026797358 
23 699 12 16 0.026767647 
635 411 25 30 0.026756302 
58 674 14 17 0.026746396 
481 227 15 20 0.026710313 
588 940 28 34 0.026701443 
183 942 24 31 0.02668704 
445 73 14 19 0.026676755 
654 6 21 25 0.02664882 
229 567 20 29 0.02663842 
211 381 16 18 0.026618263 
427 708 12 17 0.026614012 
159 713 14 19 0.026612679 
901 230 14 17 0.026585042 
588 732 25 30 0.026573956 
765 451 13 18 0.026562974 
717 409 15 19 0.026549213 
1011 129 13 18 0.026544495 
226 430 16 23 0.026539203 
949 616 15 19 0.026538642 
294 767 11 13 0.026523875 
899 190 14 16 0.026502084 
890 25 22 28 0.02648801 
647 395 17 21 0.026481666 
54 66 25 28 0.02645575 
540 263 21 27 0.026443357 
415 743 12 15 0.026420513 
420 250 13 18 0.02637609 
427 800 13 17 0.026375134 
723 534 13 15 0.026318032 
89 756 22 30 0.026306355 
870 28 13 17 0.026278956 
880 329 15 20 0.026238067 
938 100 20 27 0.026223667 
663 652 15 19 0.026167024 
642 742 26 32 0.026163269 
461 336 16 20 0.026140016 
762 587 17 19 0.026126672 
44 119 23 26 0.02612587 
868 197 13 16 0.026107864 
911 735 16 22 0.026097981 
356 693 17 22 0.02608935 
404 837 26 31 0.026036538 
231 656 23 29 0.026000863 
314 692 14 19 0.025974965 
211 877 18 26 0.025965953 
879 262 13 16 0.025918107 
316 813 15 21 0.025884973 
141 44 17 21 0.025878891 
906 42 14 20 0.025869371 
634 661 24 32 0.025863701 
502 471 16 21 0.025853623 
421 144 18 22 0.025847472 
26 801 48 56 0.02582008 
884 259 13 15 0.025815673 
585 99 20 26 0.025813399 
534 389 11 14 0.025810532 
299 665 13 17 0.025802778 
341 765 12 16 0.025798868 
339 88 16 23 0.0257762 
771 288 14 18 0.025766544 
422 428 21 25 0.025750998 
285 784 13 19 0.025743948 
750 10 20 26 0.025726626 
271 -1 25 28 0.025710948 
769 416 15 18 0.025693346 
587 472 21 27 0.025688924 
882 267 15 19 0.025687123 
943 1126 51 63 0.025636712 
814 395 14 19 0.025633285 
958 5 11 15 0.025571588 
938 129 14 17 0.02556074 
846 433 14 18 0.025547517 
36 180 16 22 0.02553212 
21 574 13 15 0.025502734 
445 222 15 19 0.025490329 
178 532 16 22 0.025454126 
348 113 12 17 0.025434446 
708 533 12 15 0.025413416 
741 307 14 17 0.025413118 
623 142 17 21 0.025405338 
717 512 15 19 0.025378982 
971 151 21 27 0.025375083 
958 477 22 29 0.025315087 
874 672 17 21 0.025240848 
130 125 15 18 0.025237856 
845 226 14 18 0.02522438 
75 480 16 20 0.025215395 
849 797 44 51 0.025189074 
683 673 15 19 0.025162945 
981 339 15 17 0.025153184 
941 53 15 20 0.025139464 
99 175 22 29 0.02509643 
683 662 23 29 0.025073143 
509 509 16 18 0.02505581 
347 310 15 20 0.02504583 
134 53 22 28 0.025044419 
557 87 24 29 0.025038823 
110 118 25 27 0.025025101 
659 330 15 17 0.02502229 
940 687 15 22 0.025002738 
995 334 16 19 0.024996195 
275 37 24 26 0.0249881 
46 70 16 19 0.02497659 
507 101 20 29 0.024900533 
296 496 15 20 0.024897436 
750 420 13 18 0.024890682 
941 693 20 29 0.024885261 
44 52 22 29 0.024857523 
333 630 21 29 0.02485632 
771 159 21 26 0.02484734 
189 428 17 22 0.024818882 
891 272 15 19 0.0247937 
512 454 20 26 0.024788568 
792 810 26 35 0.02478027 
349 686 19 26 0.024768235 
1 580 15 18 0.024753006 
888 107 16 22 0.024716614 
741 600 16 20 0.024710465 
608 919 32 41 0.024685334 
130 295 10 12 0.024680374 
159 723 15 20 0.02466149 
352 833 19 22 0.02458796 
401 291 14 18 0.024585491 
164 467 18 25 0.024559034 
101 673 21 24 0.02452942 
411 612 24 27 0.024525652 
112 727 17 22 0.024511961 
758 65 16 20 0.024494119 
112 715 16 20 0.024491124 
419 665 14 19 0.02447446 
7 51 22 28 0.024461705 
536 303 21 25 0.024446545 
579 477 15 19 0.024410222 
602 615 16 21 0.024409685 
299 281 14 20 0.024405992 
419 892 48 63 0.024391672 
364 738 11 14 0.02437662 
509 240 15 18 0.024374181 
956 653 16 20 0.024364103 
881 235 13 17 0.024358107 
588 -1 14 14 0.024324786 
448 411 16 20 0.024322143 
55 572 11 15 0.024300877 
524 233 16 20 0.02428706 
814 21 12 15 0.02426485 
651 278 25 28 0.02423912 
806 651 17 24 0.024231467 
407 428 14 20 0.024229325 
876 160 14 17 0.024212658 
109 507 14 19 0.02420416 
714 246 16 21 0.024197116 
227 320 14 18 0.024195967 
928 252 19 23 0.024183562 
775 149 22 26 0.024172364 
6 641 17 21 0.024157064 
428 132 16 21 0.02414794 
716 417 14 20 0.024127934 
949 483 15 20 0.024121681 
853 619 15 18 0.02410714 
272 48 22 25 0.024092127 
188 954 15 23 0.024086159 
384 99 22 28 0.024025165 
452 149 16 21 0.024001602 
754 613 15 19 0.023973254 
420 795 15 18 0.0239732 
900 725 15 21 0.023958154 
889 316 20 28 0.023942374 
550 508 15 22 0.023942119 
634 478 19 24 0.023933701 
114 80 16 20 0.023929168 
682 433 17 22 0.023903549 
536 684 13 17 0.023846652 
635 369 14 20 0.023823965 
178 210 16 21 0.023820234 
47 688 17 22 0.023796039 
298 467 14 18 0.023782974 
723 388 14 19 0.023779782 
5 599 20 27 0.023771618 
219 382 16 19 0.023758624 
349 512 17 23 0.023747522 
633 379 16 22 0.023737198 
552 476 16 21 0.023732327 
713 698 22 32 0.02370506 
43 545 22 27 0.023668401 
37 583 13 16 0.023643922 
153 733 14 18 0.023632841 
456 134 21 27 0.023611704 
135 674 15 21 0.02359799 
544 458 12 17 0.023592766 
37 236 15 18 0.023589175 
645 112 16 21 0.023588473 
886 51 23 27 0.023566814 
992 118 24 30 0.023564696 
116 484 22 27 0.023529645 
329 519 16 23 0.023514424 
8 147 12 16 0.023506792 
58 744 23 29 0.023495149 
570 465 14 19 0.023486983 
607 940 31 36 0.023472799 
67 616 14 18 0.023460647 
530 284 19 26 0.02345237 
436 498 24 29 0.023426339 
322 40 15 22 0.02342433 
63 385 12 16 0.023365268 
632 423 24 31 0.023364725 
714 254 21 27 0.023364127 
453 395 13 17 0.023357676 
525 294 16 23 0.023335174 
829 416 15 20 0.023322104 
434 286 16 21 0.023268038 
976 -1 27 29 0.02325943 
795 412 13 17 0.023258602 
102 723 14 20 0.023252184 
774 307 14 19 0.023232272 
281 74 14 19 0.02323186 
758 366 20 28 0.023212476 
548 256 16 20 0.023207335 
309 781 13 16 0.023206359 
758 457 13 17 0.023165386 
148 434 15 20 0.023152094 
3 544 20 26 0.023151297 
589 11 14 19 0.023132313 
503 155 18 23 0.02310106 
182 339 10 15 0.023091089 
691 354 15 19 0.023085823 
312 755 13 17 0.02308093 
660 395 20 27 0.023077173 
791 396 13 15 0.023058888 
807 694 21 28 0.023047721 
751 533 11 15 0.023036158 
117 653 13 16 0.023025189 
576 201 22 27 0.023004858 
28 163 24 32 0.022994574 
253 564 18 23 0.022970563 
80 514 20 24 0.02295734 
490 278 20 25 0.02294687 
191 49 13 18 0.022944251 
1002 99 16 19 0.022934586 
155 635 14 19 0.022920767 
876 1005 24 29 0.022918856 
19 93 20 24 0.022899034 
1005 467 17 25 0.022875158 
192 286 11 15 0.022869917 
396 348 14 19 0.022869507 
122 470 22 27 0.022851937 
553 176 20 26 0.02284607 
218 31 15 17 0.022845227 
589 516 13 18 0.022807917 
267 363 15 20 0.022801595 
858 36 15 19 0.022800194 
322 248 21 27 0.02279967 
72 105 14 18 0.022798887 
38 578 21 25 0.022789648 
880 366 21 26 0.022786511 
561 463 19 27 0.022781245 
497 291 14 18 0.022777945 
62 478 13 18 0.02277578 
541 933 12 16 0.022767084 
102 125 15 20 0.022756735 
66 17 15 19 0.022755539 
147 340 25 31 0.02275369 
841 815 32 38 0.022746474 
108 691 20 25 0.022734948 
871 117 14 19 0.02270636 
818 158 19 24 0.022695743 
756 543 24 28 0.022687066 
51 651 17 19 0.02268523 
949 275 13 17 0.022674372 
859 702 20 28 0.022672407 
156 661 14 19 0.022660842 
422 791 22 28 0.02265868 
43 613 13 16 0.02265364 
728 45 17 22 0.022649283 
529 461 21 27 0.022638816 
85 786 28 37 0.022631709 
942 298 14 19 0.022614775 
141 635 17 21 0.022594316 
95 192 16 21 0.022555 
410 444 18 24 0.022542119 
658 211 17 23 0.0225403 
54 83 24 27 0.0224774 
607 370 15 20 0.022464616 
188 289 19 24 0.022461703 
683 493 17 23 0.022461219 
171 773 12 16 0.022452993 
587 920 15 20 0.022394165 
771 641 17 21 0.022387078 
780 56 14 19 0.022363499 
963 628 12 16 0.022339651 
986 781 37 46 0.022331605 
492 13 15 17 0.022282813 
999 398 23 31 0.02219924 
992 273 15 20 0.022194242 
662 244 13 18 0.022182543 
312 69 23 29 0.02218068 
744 17 13 18 0.022163033 
896 659 14 19 0.02213676 
173 484 18 22 0.02212941 
23 783 26 37 0.022127941 
553 465 16 23 0.022122562 
313 761 21 25 0.022112837 
406 1098 26 35 0.022102712 
731 193 23 30 0.022043789 
26 562 15 17 0.022036191 
362 838 21 23 0.022029255 
439 899 30 35 0.022029078 
231 429 22 28 0.02202006 
36 143 19 25 0.021991402 
931 235 15 20 0.021966787 
604 423 14 20 0.021958688 
29 580 12 15 0.021955732 
772 349 20 24 0.021954285 
276 768 13 18 0.021953957 
257 556 17 20 0.021947999 
477 166 16 22 0.021943578 
283 273 15 22 0.021912767 
258 125 16 20 0.021896806 
842 340 16 20 0.021893553 
147 685 16 22 0.021890828 
201 473 18 25 0.021884538 
872 23 22 28 0.02187829 
755 642 15 19 0.021875488 
632 478 12 16 0.02184685 
579 270 23 28 0.021814816 
284 33 16 19 0.021811098 
103 136 16 21 0.021779353 
574 519 22 30 0.02177569 
308 372 12 17 0.021755949 
261 52 15 18 0.021745766 
879 292 15 19 0.021736432 
13 101 22 27 0.021732049 
339 579 18 22 0.021700852 
173 642 16 20 0.021700537 
725 471 15 19 0.02169186 
973 602 24 32 0.021691531 
330 321 16 20 0.021674648 
540 412 16 20 0.021671062 
444 75 24 29 0.02166388 
950 306 14 18 0.021648716 
500 50 18 23 0.021643318 
749 320 15 21 0.02164298 
132 309 12 17 0.021632321 
100 625 13 18 0.021617128 
1005 92 15 17 0.021609051 
300 815 18 21 0.021605263 
400 403 13 17 0.021598278 
741 531 12 15 0.021597289 
562 33 14 21 0.02159538 
451 332 13 19 0.02158875 
908 726 14 19 0.021588175 
208 407 22 27 0.021581622 
622 501 11 14 0.021553012 
662 671 21 29 0.021486744 
154 104 16 22 0.021473741 
148 333 12 15 0.02142382 
795 31 14 19 0.021414407 
205 337 16 21 0.021412766 
757 274 14 19 0.021410221 
351 861 45 59 0.021405205 
476 399 15 17 0.021392677 
190 23 23 28 0.021380816 
938 655 22 26 0.021376174 
4 0 15 16 0.021367023 
904 3 12 15 0.021365589 
600 -3 22 24 0.021344025 
885 102 14 19 0.02133044 
678 324 17 21 0.02131646 
28 628 15 20 0.02130417 
499 809 34 37 0.02126111 
541 29 16 22 0.021251597 
283 417 16 20 0.021230927 
126 165 24 29 0.021207279 
243 434 15 21 0.021176036 
556 920 12 16 0.021106781 
426 901 30 33 0.021097172 
951 267 14 16 0.021090027 
180 36 13 16 0.021048177 
859 384 16 23 0.021026967 
415 614 13 15 0.020990359 
77 22 23 29 0.020986253 
480 326 20 26 0.020986209 
649 344 20 25 0.020974068 
892 99 13 17 0.020968616 
0 562 12 20 0.020957317 
895 294 20 25 0.020951211 
766 211 16 20 0.020911602 
881 55 17 21 0.020901034 
895 1039 47 70 0.020892585 
706 0 15 13 0.020875892 
641 153 16 20 0.020860448 
267 115 23 26 0.020853112 
6 227 16 19 0.020832853 
414 376 14 19 0.020828368 
1003 504 19 31 0.020815259 
436 861 31 38 0.020812962 
602 506 13 16 0.020806277 
351 438 16 20 0.020800093 
558 646 24 32 0.0207945 
925 240 15 18 0.020792278 
31 626 20 29 0.02079072 
228 147 15 20 0.02078691 
605 346 14 19 0.020785652 
433 48 17 21 0.02077884 
752 4 12 15 0.020778336 
206 329 13 18 0.020775802 
303 72 15 20 0.020775184 
832 294 17 22 0.020757565 
472 307 16 20 0.0207571 
144 452 22 31 0.020755956 
417 857 29 36 0.020730542 
890 284 16 20 0.020696662 
78 587 15 20 0.020685546 
757 355 13 18 0.020683829 
777 5 16 18 0.020680703 
551 400 21 26 0.020673443 
450 237 20 25 0.020647261 
797 90 15 19 0.02063806 
664 95 16 19 0.020632189 
329 13 19 22 0.020624766 
703 97 16 19 0.02060052 
43 598 14 18 0.020598529 
257 639 24 31 0.020592172 
927 738 17 21 0.020562883 
851 627 13 17 0.020557795 
264 66 21 25 0.020557502 
111 888 22 30 0.02054439 
558 800 28 31 0.020542808 
685 347 13 16 0.020526633 
956 603 15 18 0.020519562 
946 509 24 29 0.020504758 
624 453 17 21 0.020502273 
955 516 21 29 0.020499645 
66 2 16 18 0.020487053 
717 588 21 27 0.020485925 
6 100 15 19 0.020457726 
175 730 16 20 0.020437112 
32 588 14 18 0.02041885 
634 308 21 26 0.02041537 
116 433 16 20 0.020397028 
297 589 15 20 0.02039356 
953 241 20 26 0.020390598 
164 347 20 28 0.020381622 
440 180 22 27 0.020375604 
85 581 13 16 0.020368837 
760 33 13 17 0.020349503 
539 443 13 18 0.020343553 
68 119 14 18 0.02034156 
760 314 21 26 0.020330377 
211 469 22 29 0.020329827 
784 203 15 19 0.02032767 
165 633 15 20 0.020324599 
592 75 22 26 0.020313764 
789 323 15 19 0.020289047 
156 340 15 18 0.020271441 
131 456 24 30 0.020265918 
853 377 14 21 0.020263808 
335 819 12 16 0.020256082 
473 351 15 19 0.020180486 
972 583 12 16 0.020176489 
917 63 21 29 0.020170113 
111 91 21 26 0.020165361 
840 584 17 21 0.020134106 
805 12 14 17 0.020133732 
422 456 20 25 0.02013095 
827 384 15 21 0.02012337 
894 408 18 21 0.020098226 
617 943 18 23 0.020077847 
750 717 26 32 0.02007676 
706 111 22 25 0.02007007 
1013 174 10 15 0.020041818 
533 170 22 26 0.02004133 
138 610 15 19 0.020032996 
546 712 14 19 0.02002487 
222 723 14 16 0.020021103 
513 437 12 17 0.020015027 
699 735 17 21 0.020007072 
