10_People_Marching_People_Marching_2_236
73
462 154 32 43 0.9329346 
37 123 12 14 0.69916344 
975 125 11 13 0.4399706 
1 124 10 14 0.38292146 
708 125 14 19 0.37026396 
802 131 18 22 0.3084369 
917 126 12 14 0.2667297 
876 129 11 15 0.25494686 
557 150 36 56 0.23337829 
993 305 21 30 0.21213236 
311 213 11 14 0.14768039 
476 121 24 27 0.14010562 
602 112 18 21 0.11200855 
702 117 11 13 0.095878124 
283 226 14 19 0.09124869 
837 118 11 15 0.08262686 
829 121 11 15 0.081009455 
766 169 56 74 0.08038723 
475 118 17 19 0.06339777 
714 127 14 17 0.062152993 
556 127 12 14 0.056628816 
278 232 21 27 0.053813215 
618 151 38 57 0.05301725 
141 117 12 14 0.05273423 
922 124 11 14 0.051195234 
587 101 47 55 0.045652084 
138 143 38 56 0.044602897 
724 126 12 16 0.04169566 
601 482 28 36 0.04095304 
290 225 15 19 0.039845616 
847 123 11 13 0.039478417 
853 123 9 12 0.036798034 
927 155 13 16 0.032964613 
307 208 20 24 0.030969812 
911 128 13 16 0.030504182 
876 53 15 19 0.030037673 
706 118 13 18 0.028462928 
755 142 89 117 0.02845153 
182 241 14 19 0.02829578 
504 145 26 39 0.027940363 
597 118 18 22 0.027442157 
471 131 45 57 0.026952717 
277 247 14 18 0.026437653 
916 119 19 24 0.026371768 
909 189 11 14 0.026177345 
823 162 14 19 0.025895674 
980 128 13 16 0.025605643 
872 126 19 22 0.025510859 
0 119 16 24 0.025356594 
528 144 34 51 0.024518855 
322 228 30 29 0.024261102 
823 118 14 17 0.024083028 
307 284 41 42 0.024023952 
477 128 31 35 0.024021236 
620 337 68 73 0.02376941 
572 112 55 69 0.023532266 
958 123 10 14 0.023340218 
832 99 11 14 0.023054902 
808 98 13 16 0.022783577 
301 299 35 37 0.022782749 
147 138 17 21 0.02269821 
12 153 14 18 0.022660527 
978 190 15 20 0.022641797 
141 135 30 34 0.022578366 
594 98 30 36 0.022559106 
563 170 46 61 0.022470284 
856 164 10 13 0.022200903 
140 159 17 25 0.021792706 
777 16 202 224 0.021599494 
473 161 34 39 0.02117735 
153 138 31 37 0.02080131 
794 178 44 61 0.02077438 
978 273 17 22 0.02016268 
