10_People_Marching_People_Marching_2_678
257
350 278 26 30 0.99899036 
724 272 23 29 0.9925377 
449 296 23 27 0.9901239 
786 305 18 22 0.9807288 
254 288 26 30 0.976254 
306 292 21 25 0.9758041 
515 303 19 23 0.96903986 
217 294 23 27 0.9522354 
887 294 18 22 0.9431576 
65 255 10 14 0.90803796 
621 293 20 26 0.90084547 
116 336 13 17 0.8966661 
759 321 15 20 0.88534665 
843 304 21 25 0.7708654 
826 351 17 19 0.6414711 
22 319 11 16 0.6371114 
565 330 10 13 0.62804055 
902 210 10 12 0.61296743 
380 306 14 18 0.47941634 
204 344 16 19 0.45019588 
111 302 10 12 0.36160442 
911 330 13 15 0.3135746 
717 325 13 17 0.29895797 
38 319 13 16 0.28230342 
173 321 16 19 0.2677263 
60 325 9 13 0.2614604 
66 364 15 20 0.24356784 
91 332 12 15 0.22817418 
165 315 14 18 0.22412929 
432 284 14 18 0.22317757 
174 337 14 17 0.20627706 
165 309 12 14 0.18634689 
678 415 8 9 0.17266461 
170 325 21 26 0.16702528 
80 333 9 12 0.16057748 
17 322 12 14 0.15816171 
520 421 12 13 0.15554321 
102 351 11 14 0.14900666 
421 424 8 10 0.14613047 
805 310 11 16 0.14561969 
948 208 10 12 0.14198121 
163 408 15 18 0.13966218 
556 360 14 17 0.1395654 
140 395 10 13 0.13692065 
207 419 10 15 0.12957099 
304 268 13 17 0.12338166 
814 318 11 16 0.11828436 
69 357 12 15 0.11204518 
794 310 15 20 0.111181155 
27 320 12 17 0.105047576 
474 260 10 12 0.10480191 
66 349 12 14 0.09637518 
477 353 14 17 0.09557573 
156 334 12 18 0.09272014 
254 426 12 16 0.091541685 
189 317 11 13 0.09130617 
984 236 10 12 0.08533732 
112 297 10 12 0.084821425 
203 298 13 17 0.08247386 
756 254 10 13 0.07759994 
873 351 12 15 0.07681297 
455 422 10 12 0.07441599 
181 317 13 17 0.07245055 
433 279 11 15 0.07053288 
80 385 12 20 0.067707986 
615 277 12 17 0.06738436 
842 285 9 12 0.0666638 
68 343 10 14 0.06651555 
951 392 12 15 0.06576523 
171 410 12 14 0.06571328 
737 406 11 14 0.06470925 
1002 253 9 12 0.06384517 
628 233 16 20 0.06197181 
819 319 13 16 0.061067842 
200 293 12 15 0.060694434 
854 426 10 10 0.059777215 
126 319 9 12 0.058917895 
599 345 10 11 0.05794891 
799 293 10 13 0.057055436 
107 303 9 11 0.05666306 
867 324 13 16 0.056283385 
187 406 13 16 0.055362277 
592 318 10 12 0.05534152 
79 356 11 15 0.053928703 
102 255 15 17 0.053524006 
317 259 10 12 0.053078827 
107 385 15 20 0.05298924 
1009 190 8 10 0.052812163 
763 311 13 17 0.05256293 
89 328 9 12 0.052160922 
464 271 9 11 0.052113842 
127 290 10 13 0.05090768 
592 343 9 10 0.049961556 
468 281 16 21 0.04898546 
63 367 22 29 0.048088245 
104 287 9 11 0.04764711 
101 379 17 19 0.04608533 
112 324 11 13 0.04573949 
76 361 13 18 0.044887505 
80 350 10 13 0.044645794 
795 254 9 11 0.044456553 
961 239 10 11 0.044232283 
757 276 9 12 0.04300741 
55 300 9 11 0.042782538 
83 381 23 26 0.04277751 
205 426 10 14 0.042613912 
806 367 17 18 0.04259912 
1 335 9 12 0.04256463 
548 320 14 17 0.042386007 
128 354 11 14 0.0418884 
575 340 9 12 0.041186903 
423 323 12 16 0.041064985 
599 365 10 13 0.04099915 
248 424 12 14 0.04080365 
871 268 10 12 0.040753707 
391 500 10 13 0.04055994 
437 162 11 15 0.040411513 
1014 276 8 13 0.040366694 
144 371 13 17 0.040282495 
752 267 13 18 0.03993134 
95 354 14 15 0.038341276 
160 302 12 15 0.038111955 
767 202 12 13 0.038007893 
799 287 9 11 0.037836015 
116 295 10 13 0.037788182 
573 335 10 12 0.03750314 
387 300 15 19 0.037420448 
1001 246 9 12 0.037076693 
78 328 10 13 0.036813587 
542 465 8 11 0.03681253 
183 409 13 16 0.036332794 
259 423 11 15 0.03601872 
79 340 11 14 0.035959646 
777 270 11 14 0.03538008 
552 358 13 16 0.034492962 
753 222 9 12 0.034231197 
250 276 15 18 0.034031402 
613 270 12 15 0.033483513 
883 324 11 14 0.03264608 
275 335 15 19 0.03262569 
615 517 13 14 0.032465175 
785 287 9 11 0.032232217 
590 323 12 15 0.03208391 
116 306 10 12 0.03205882 
183 422 12 15 0.03203526 
386 280 16 18 0.031902716 
751 284 12 16 0.031690415 
756 290 11 13 0.03166504 
589 331 11 13 0.031354558 
437 289 23 28 0.03129218 
16 311 9 12 0.03121431 
536 469 8 11 0.031173972 
368 354 15 19 0.030895147 
56 320 12 14 0.030824518 
841 280 10 12 0.030780897 
80 293 8 11 0.030676665 
375 302 15 18 0.030509196 
965 223 9 12 0.030466946 
160 320 13 19 0.030391507 
97 293 9 11 0.030036896 
558 317 11 14 0.029913219 
477 211 10 13 0.029635139 
86 335 12 17 0.029534834 
170 310 12 15 0.029376397 
1013 230 10 15 0.028589975 
528 471 8 10 0.02841402 
208 278 10 12 0.02841058 
104 294 7 11 0.028269583 
629 255 15 19 0.028233752 
55 266 9 13 0.028209815 
565 320 9 13 0.028195342 
475 291 12 18 0.027934983 
471 267 10 14 0.027882336 
889 183 27 34 0.02760303 
542 346 10 14 0.027491998 
826 341 17 20 0.027439661 
864 331 12 15 0.02739012 
592 348 11 12 0.027350942 
110 287 9 11 0.027067518 
545 316 13 17 0.026988968 
100 395 16 17 0.026752116 
765 253 12 14 0.026175946 
456 417 11 12 0.02616935 
582 333 10 13 0.026138952 
753 245 11 14 0.025822645 
808 353 22 28 0.025677279 
182 310 13 16 0.02562721 
476 173 12 15 0.025446681 
558 324 17 22 0.02526327 
402 245 10 12 0.025091344 
72 303 7 9 0.024889097 
1008 236 10 13 0.02482888 
114 393 14 20 0.024774525 
183 312 20 25 0.024727467 
503 313 12 16 0.02470533 
826 323 14 16 0.02469789 
613 258 12 17 0.024686178 
966 244 10 13 0.02451183 
617 449 9 11 0.02444903 
55 370 15 20 0.024377413 
839 311 15 19 0.024183765 
198 410 12 17 0.024057802 
709 284 13 17 0.024027497 
198 287 12 15 0.023907498 
1000 257 12 15 0.023691282 
531 291 12 17 0.023583136 
793 158 10 14 0.023523828 
558 440 9 11 0.02347469 
60 385 13 16 0.023306377 
503 323 11 14 0.023253793 
561 356 13 17 0.02305522 
416 316 11 15 0.022965556 
530 305 12 16 0.02293115 
557 308 13 16 0.022929344 
799 306 19 25 0.022736738 
514 422 10 12 0.022705354 
260 277 15 17 0.022618739 
859 156 10 13 0.022594761 
72 273 11 14 0.022581128 
768 221 11 12 0.022531373 
263 52 23 31 0.022409076 
812 154 12 14 0.022395955 
914 366 14 16 0.022115683 
71 404 12 15 0.022094602 
451 423 8 11 0.02193558 
613 234 15 19 0.021908348 
941 191 8 10 0.021903485 
857 307 13 17 0.02184764 
757 229 10 11 0.021821873 
167 369 25 31 0.021739352 
108 297 18 22 0.021638533 
767 214 12 13 0.021619765 
39 313 11 14 0.021488767 
670 371 11 13 0.021452716 
117 326 11 15 0.021445844 
812 342 23 28 0.021363718 
509 253 14 19 0.021336542 
119 319 9 12 0.021174503 
764 277 9 13 0.021142682 
782 276 9 12 0.020941842 
202 415 19 25 0.020922584 
806 303 9 12 0.020860992 
164 293 12 15 0.020793265 
909 369 14 16 0.02074958 
116 379 13 18 0.02059596 
585 326 11 13 0.020541726 
582 340 9 12 0.020379033 
199 304 13 18 0.0203427 
845 179 11 14 0.020334275 
74 368 16 21 0.0202903 
303 272 18 23 0.02027874 
868 317 12 15 0.020231208 
951 202 8 10 0.020200042 
71 310 10 14 0.020179363 
604 347 9 12 0.020161817 
76 369 24 30 0.020128092 
575 347 10 13 0.020111827 
