10_People_Marching_People_Marching_2_277
452
50 187 42 62 0.9802478 
369 183 25 31 0.95407856 
838 185 24 28 0.9493029 
869 194 15 19 0.92116547 
818 190 17 21 0.8706269 
332 181 16 21 0.73753595 
913 186 21 25 0.72890794 
422 182 29 33 0.7203122 
470 178 14 18 0.71491826 
621 187 29 35 0.70689523 
195 262 16 21 0.6880285 
506 196 20 26 0.6339623 
942 186 13 17 0.6339141 
974 191 16 20 0.6050143 
1011 184 12 19 0.5873602 
560 181 8 11 0.5731739 
675 193 16 21 0.5414132 
492 202 12 17 0.48817366 
765 194 14 17 0.39533663 
263 177 12 14 0.3864278 
233 177 11 15 0.33407325 
414 172 29 34 0.3010328 
758 187 23 28 0.2747578 
742 195 9 13 0.26141173 
960 178 10 13 0.25738037 
316 188 12 14 0.2501695 
20 202 12 17 0.2315335 
4 202 18 22 0.21080889 
890 219 13 16 0.20530695 
99 262 53 64 0.19993378 
950 238 13 17 0.19208588 
992 194 11 15 0.19202636 
891 197 11 14 0.19136529 
535 181 11 15 0.17681764 
945 219 12 15 0.16474369 
496 175 9 11 0.15887533 
255 214 9 12 0.1582839 
315 273 21 29 0.15297025 
1005 220 13 17 0.14692879 
224 215 8 12 0.14362518 
231 379 25 36 0.14118125 
718 190 9 11 0.13730879 
1006 216 11 13 0.13717242 
521 203 14 18 0.13573389 
922 196 15 22 0.13545111 
311 184 10 12 0.1345137 
423 306 21 26 0.1344599 
781 203 13 17 0.13401055 
875 234 15 20 0.13233858 
589 188 10 14 0.12966557 
964 175 10 12 0.12708093 
581 212 9 11 0.121917814 
24 168 8 10 0.11795822 
450 167 14 18 0.105090536 
96 205 36 49 0.10471808 
557 213 11 14 0.104590744 
551 166 8 10 0.10237357 
782 196 14 17 0.10079369 
711 190 8 11 0.09922688 
541 179 9 14 0.0982789 
804 196 11 15 0.09758343 
749 195 11 13 0.09749686 
933 184 14 18 0.09683043 
606 178 41 53 0.09487088 
487 197 14 19 0.09262946 
692 201 12 19 0.09199254 
28 202 12 16 0.0910015 
415 253 13 16 0.09039593 
996 190 10 15 0.08936527 
704 188 10 13 0.0882638 
835 242 14 17 0.08674874 
474 182 14 19 0.085599504 
493 197 19 26 0.0835028 
294 177 8 11 0.08268323 
573 181 9 12 0.08167394 
685 182 11 13 0.08103647 
389 238 16 20 0.08056202 
481 247 22 33 0.08026522 
950 195 10 14 0.07968817 
553 180 9 12 0.07892246 
798 195 13 16 0.07715125 
491 389 16 20 0.07645238 
646 238 10 13 0.076448604 
566 182 9 11 0.074879885 
532 206 11 13 0.07472751 
782 229 12 14 0.07411624 
741 205 9 14 0.07023083 
576 160 8 10 0.068945214 
476 210 13 16 0.068607084 
894 179 12 14 0.067778386 
534 510 11 13 0.06746414 
716 221 11 15 0.06708682 
947 225 14 17 0.06678314 
212 239 24 30 0.06638425 
453 157 12 14 0.06605896 
825 187 16 20 0.065477684 
270 227 14 16 0.06515417 
790 272 14 20 0.06467866 
460 168 19 24 0.06421965 
544 176 9 12 0.06279597 
923 183 14 18 0.06255711 
964 201 14 18 0.062555514 
892 190 12 16 0.06253742 
257 180 11 12 0.062167294 
382 249 24 30 0.061002392 
569 152 7 8 0.05970725 
261 172 19 24 0.059572566 
272 199 9 11 0.058628555 
281 165 8 11 0.058390785 
982 231 12 16 0.058264185 
1011 219 10 15 0.05786732 
443 247 42 51 0.057543892 
557 159 8 9 0.057186745 
573 245 10 14 0.057044674 
451 295 18 23 0.056504115 
655 220 13 15 0.056430973 
66 197 44 57 0.056098554 
13 206 22 31 0.05598772 
797 235 15 18 0.055986512 
634 266 16 20 0.055218562 
186 263 27 34 0.05431439 
293 196 11 13 0.054037582 
342 142 7 9 0.05403268 
734 191 12 15 0.054027684 
759 199 14 18 0.053467464 
992 291 11 14 0.052943695 
782 283 12 17 0.05273634 
670 191 15 19 0.05235091 
305 182 8 12 0.051198393 
550 175 9 12 0.05116328 
747 186 23 28 0.051035203 
885 259 15 21 0.050280243 
683 198 15 21 0.049883213 
453 188 12 16 0.049008343 
606 190 11 13 0.04867722 
601 152 8 10 0.048631225 
469 253 28 34 0.048039 
711 241 13 18 0.048037622 
860 186 20 26 0.047769655 
768 195 20 27 0.047646124 
859 262 22 28 0.04747577 
770 188 12 17 0.047186647 
484 304 18 23 0.047137335 
625 205 18 23 0.047039833 
720 197 10 12 0.04655413 
200 206 8 11 0.04637785 
772 227 13 15 0.046219327 
351 161 14 16 0.046201423 
107 167 31 40 0.046030425 
246 253 13 15 0.04595884 
414 302 22 27 0.045227725 
454 149 13 14 0.045225643 
384 263 14 18 0.045211002 
682 187 15 20 0.04464494 
717 183 10 12 0.044504825 
440 186 22 30 0.044253647 
244 260 14 17 0.044250812 
890 202 15 19 0.043914847 
168 202 10 13 0.04390007 
145 213 11 15 0.043760803 
413 173 17 19 0.043610282 
665 195 11 15 0.043347523 
859 212 14 17 0.043224186 
464 179 14 20 0.043058958 
629 223 15 18 0.042737637 
807 191 11 14 0.042158887 
393 196 19 27 0.04198212 
402 206 15 21 0.041880667 
188 253 20 23 0.041667707 
607 197 12 15 0.04155523 
716 225 14 19 0.04152739 
249 214 9 12 0.041388575 
459 253 26 29 0.041189406 
700 204 13 17 0.041145623 
720 203 10 13 0.04109135 
1 150 8 13 0.041079342 
543 250 26 33 0.041072167 
958 204 12 15 0.040909264 
21 172 11 15 0.040776443 
768 223 11 14 0.04069442 
789 192 11 16 0.04058732 
551 188 10 13 0.040409803 
982 183 12 14 0.04039657 
708 250 16 19 0.040028457 
315 184 20 24 0.039758764 
869 260 22 28 0.03967961 
485 179 12 15 0.03967461 
530 264 25 31 0.039465163 
552 217 13 16 0.039416846 
989 181 11 14 0.039105967 
173 182 8 11 0.03910218 
553 160 9 11 0.039070327 
220 214 9 11 0.03844565 
570 158 8 10 0.038400006 
903 188 13 16 0.0380088 
344 158 9 11 0.037620164 
238 264 15 19 0.037580065 
274 232 16 19 0.03733717 
1001 224 13 17 0.036994044 
342 151 8 10 0.036745436 
887 253 12 17 0.036715057 
572 198 9 12 0.03668169 
238 168 10 13 0.036675572 
442 138 28 31 0.036646664 
485 227 14 17 0.0362946 
292 252 14 16 0.036272727 
744 181 10 12 0.036260307 
233 354 13 16 0.036183685 
543 150 8 10 0.035902884 
277 199 10 12 0.035855815 
394 287 23 26 0.035396826 
726 197 9 13 0.035232708 
366 158 10 12 0.035187006 
461 245 16 18 0.034957986 
997 202 12 14 0.03495102 
242 388 17 24 0.034931384 
263 168 11 14 0.034861937 
609 202 12 16 0.034858502 
886 191 12 16 0.034774683 
312 192 13 16 0.034603216 
183 197 8 10 0.034453753 
982 214 12 15 0.034319397 
842 262 13 16 0.034179457 
239 187 11 14 0.03409297 
997 287 11 15 0.034004893 
491 253 14 23 0.033601888 
325 230 10 11 0.033565532 
363 185 21 23 0.03354687 
759 244 13 16 0.033374913 
575 206 9 11 0.03307835 
559 185 11 13 0.03298844 
620 191 19 22 0.03272584 
967 194 15 18 0.03237099 
533 231 41 51 0.032185197 
992 177 9 11 0.032141637 
167 229 13 17 0.032022294 
926 233 12 14 0.03200254 
272 290 18 20 0.031878475 
419 198 17 23 0.031694997 
288 220 13 17 0.031599525 
930 199 15 19 0.031586826 
607 158 8 10 0.031385787 
198 198 8 11 0.031327527 
633 189 16 21 0.031191316 
223 197 9 11 0.03117825 
301 196 10 13 0.031158838 
499 180 12 13 0.031039484 
229 214 8 12 0.0310337 
484 188 12 15 0.031023541 
884 223 14 19 0.030951595 
781 217 15 20 0.030919144 
659 214 14 17 0.030892849 
525 187 13 16 0.030858679 
205 251 13 18 0.03079862 
801 229 14 19 0.030732492 
22 198 20 26 0.030577341 
198 193 8 10 0.030527445 
319 228 10 13 0.030499741 
199 247 22 29 0.030484486 
245 174 9 13 0.030465694 
254 189 12 13 0.030158706 
256 175 10 12 0.030115576 
854 215 13 16 0.030060017 
998 181 10 15 0.03004892 
431 166 27 32 0.030010164 
605 153 8 9 0.030003412 
275 179 11 15 0.029974269 
776 207 14 20 0.029838342 
384 187 17 22 0.02959535 
716 233 15 20 0.029594645 
53 255 13 17 0.029589016 
608 284 12 17 0.029580338 
709 265 17 20 0.029532975 
355 405 11 12 0.029475126 
744 176 9 11 0.029393736 
442 272 29 33 0.029334964 
715 271 16 18 0.029321551 
557 165 10 12 0.02928964 
575 188 9 12 0.029264322 
338 348 19 21 0.029245362 
536 281 18 22 0.029221399 
631 165 9 10 0.029069109 
559 241 21 29 0.029047577 
542 235 12 15 0.028907467 
773 182 12 15 0.02886747 
867 250 16 19 0.02883825 
599 188 11 14 0.028676873 
553 206 10 13 0.028675625 
882 192 19 25 0.028596917 
305 188 9 13 0.028429326 
289 181 10 12 0.028179822 
949 181 11 14 0.028161978 
347 187 13 17 0.028152818 
956 198 11 15 0.02810573 
475 199 21 26 0.028089743 
292 214 13 15 0.028089065 
805 189 21 27 0.028085018 
727 192 9 11 0.027944848 
312 369 18 18 0.027805094 
545 168 8 10 0.027645372 
157 243 13 16 0.027585883 
584 325 17 19 0.027576491 
0 265 9 15 0.027565438 
326 386 15 18 0.02743014 
315 262 16 18 0.02709756 
568 166 9 10 0.027093463 
567 176 10 12 0.026988007 
541 227 12 15 0.026945902 
802 274 16 20 0.02693494 
701 263 18 20 0.026762504 
737 190 19 24 0.026629185 
868 237 18 22 0.026608039 
350 193 12 17 0.026477942 
790 238 21 25 0.026446711 
816 359 12 14 0.026327789 
508 191 15 19 0.0262369 
310 228 12 14 0.026144944 
224 179 11 13 0.026090397 
25 196 44 56 0.025911245 
265 249 18 20 0.025769537 
781 178 11 15 0.025667368 
304 239 12 14 0.025529258 
212 272 16 19 0.025506692 
790 302 11 12 0.025493206 
321 268 14 19 0.025459833 
477 194 14 18 0.025429882 
147 218 15 19 0.025355173 
693 188 11 16 0.025355011 
711 184 9 11 0.02522883 
486 348 11 13 0.025151057 
790 236 14 17 0.025133718 
710 196 9 13 0.025075639 
471 158 10 13 0.024979983 
279 222 22 26 0.024947036 
11 198 16 21 0.024830963 
513 431 11 12 0.02482712 
100 151 37 37 0.024814054 
220 268 15 18 0.02473415 
541 262 17 22 0.024658786 
591 194 9 13 0.024654835 
358 160 11 13 0.024535066 
140 222 24 31 0.024517095 
431 151 11 12 0.024475524 
920 177 12 13 0.024456404 
653 259 10 14 0.024395542 
559 152 7 9 0.024390299 
254 196 10 12 0.024347594 
956 211 12 15 0.024291111 
928 252 11 13 0.024257416 
656 422 12 14 0.024128644 
394 352 25 27 0.024035135 
861 241 16 19 0.023978557 
703 176 8 12 0.023942692 
330 246 13 15 0.023920242 
842 251 13 15 0.02390711 
356 202 12 16 0.023899829 
275 267 13 17 0.023886703 
288 205 10 13 0.02388277 
477 217 14 16 0.023857882 
295 244 26 25 0.023812398 
337 142 7 9 0.023799742 
661 244 13 14 0.023787014 
471 265 28 37 0.02373609 
406 235 12 16 0.023656156 
962 310 12 15 0.023608526 
692 234 12 14 0.023508074 
965 226 14 18 0.023500618 
562 211 11 14 0.023466274 
395 188 12 15 0.02339347 
773 282 15 18 0.023339309 
232 187 10 14 0.023316616 
611 196 15 19 0.023220738 
774 233 14 16 0.023104575 
708 205 10 14 0.023086788 
140 190 10 13 0.023068381 
357 281 15 21 0.023046969 
555 254 16 23 0.023022877 
126 142 10 11 0.022886928 
848 195 17 23 0.022865606 
877 183 11 15 0.022837179 
555 176 20 24 0.022816224 
299 306 28 33 0.022805244 
277 223 12 15 0.02274923 
865 258 17 20 0.022739958 
717 214 10 12 0.022685876 
134 151 11 13 0.022680772 
605 190 24 31 0.022520754 
936 219 11 14 0.022433033 
532 257 18 25 0.022414912 
616 253 9 12 0.022242505 
504 167 9 12 0.02222904 
586 182 19 25 0.02222464 
831 236 15 19 0.02210093 
218 221 10 12 0.02209075 
566 189 9 11 0.022071468 
501 205 15 20 0.022013132 
640 197 16 23 0.02200172 
58 144 7 9 0.021998625 
125 150 12 14 0.021970272 
328 209 11 16 0.021964287 
813 221 12 15 0.02185589 
273 203 10 12 0.021794597 
957 186 12 15 0.02178366 
289 175 8 11 0.021761062 
742 218 12 15 0.021681098 
349 268 15 17 0.021597596 
223 247 18 22 0.02159063 
860 223 24 30 0.021580094 
749 182 9 12 0.02154934 
975 183 14 15 0.02153578 
781 222 21 25 0.021503631 
481 278 24 32 0.021489287 
180 288 15 20 0.021474944 
764 178 22 30 0.02147266 
566 205 10 12 0.021438606 
870 242 22 28 0.021407353 
944 241 15 17 0.021396646 
320 176 9 11 0.021390587 
428 299 24 28 0.021384288 
537 160 8 9 0.021207808 
582 267 11 15 0.021129176 
231 168 12 14 0.021038083 
192 205 10 12 0.020989956 
666 309 21 27 0.020974927 
16 209 32 40 0.020969259 
146 238 17 22 0.020853113 
527 181 14 16 0.020803647 
779 241 16 18 0.020794552 
702 195 12 17 0.020785404 
597 174 11 12 0.02076409 
182 259 14 20 0.020636369 
785 189 20 24 0.020618826 
471 166 10 13 0.020583613 
175 188 9 13 0.020574199 
382 159 12 13 0.02052797 
661 195 23 28 0.020483656 
284 278 11 15 0.02037061 
193 198 9 11 0.020368554 
224 172 22 27 0.020347023 
726 222 10 13 0.02032418 
197 246 13 16 0.020261612 
750 202 11 16 0.020258263 
589 311 17 19 0.020250378 
903 188 22 26 0.02024576 
245 189 9 13 0.020241657 
771 211 21 28 0.020218385 
814 332 9 12 0.020173607 
830 250 13 16 0.020156834 
262 185 11 14 0.020150112 
509 165 9 11 0.020082885 
227 267 14 17 0.02004794 
837 195 18 24 0.020039324 
