10_People_Marching_People_Marching_10_People_Marching_People_Marching_10_524
59
64 132 73 88 0.99778455 
589 172 62 71 0.9946838 
836 139 59 66 0.97735834 
272 217 31 37 0.84804904 
285 215 39 40 0.5528021 
501 246 17 25 0.27116668 
363 230 22 28 0.20728466 
215 248 25 29 0.15459178 
520 138 46 64 0.12387211 
873 139 59 68 0.09648172 
396 232 23 30 0.07572363 
151 194 45 53 0.06869351 
215 120 31 32 0.06747141 
192 170 28 37 0.065631375 
1004 160 19 34 0.063672625 
202 234 45 50 0.063354656 
214 166 49 56 0.058231108 
394 85 102 143 0.055953946 
892 247 31 38 0.05198296 
357 227 17 21 0.045218617 
492 107 82 102 0.04400248 
364 289 22 29 0.043837633 
291 134 31 36 0.043572288 
498 76 29 36 0.042651776 
182 163 49 54 0.03972899 
202 180 29 30 0.03755982 
167 178 46 54 0.034655064 
239 167 30 39 0.03309388 
147 206 29 38 0.03292841 
314 286 38 48 0.032887988 
154 223 17 21 0.030242577 
253 178 14 19 0.029827772 
1 157 40 60 0.029466823 
294 200 34 42 0.029335167 
551 489 27 31 0.029201694 
676 189 51 68 0.027786124 
225 242 28 35 0.02709742 
890 224 35 46 0.026341708 
169 201 48 53 0.02534015 
295 230 31 36 0.025158718 
102 -22 370 420 0.025058126 
194 211 49 57 0.024601951 
313 217 16 21 0.024486657 
902 167 38 41 0.02439948 
724 136 33 39 0.024120577 
14 213 55 68 0.023919148 
256 252 28 32 0.02376046 
574 194 37 48 0.023708196 
347 258 18 21 0.023145767 
185 153 30 42 0.02269251 
767 71 33 42 0.02230867 
864 34 121 154 0.022066541 
214 244 17 21 0.021752357 
338 201 27 33 0.021664629 
451 116 85 103 0.021614958 
960 66 55 79 0.020755956 
50 76 105 135 0.020593133 
12 139 48 62 0.02010545 
221 119 15 17 0.020022225 
