10_People_Marching_People_Marching_2_173
342
795 511 24 32 0.99844426 
317 485 11 15 0.9529189 
365 494 12 14 0.9514802 
858 513 17 21 0.94559556 
349 486 10 14 0.6526707 
759 499 9 11 0.6217035 
495 505 8 11 0.57672876 
383 493 9 12 0.4466595 
521 502 9 11 0.4453644 
281 494 9 11 0.4098378 
423 495 8 10 0.3983438 
674 504 8 11 0.3957408 
732 505 13 16 0.37380263 
455 496 9 11 0.34865257 
188 486 9 11 0.31470048 
575 518 10 12 0.29530868 
509 503 8 11 0.27961406 
250 491 10 12 0.2673727 
641 495 9 12 0.26255918 
672 534 12 15 0.2601163 
568 541 11 13 0.25398478 
253 487 10 12 0.25203934 
823 472 16 19 0.23468563 
979 518 13 16 0.23413457 
341 492 11 14 0.232892 
167 488 9 11 0.22992255 
700 516 10 14 0.21549582 
520 496 9 11 0.21362093 
272 494 8 11 0.20162037 
939 498 15 19 0.2003831 
449 497 8 11 0.18844973 
947 504 17 21 0.16775475 
574 501 10 13 0.16660666 
975 485 9 11 0.15678947 
464 502 7 10 0.15280549 
440 501 8 11 0.14773388 
990 493 13 16 0.14754653 
301 458 11 15 0.14418636 
372 493 10 13 0.1426294 
614 503 9 12 0.14210403 
-3 731 40 39 0.1389163 
649 558 8 12 0.13402423 
614 509 10 12 0.12955399 
209 483 10 12 0.12792368 
388 494 8 11 0.12695508 
196 347 12 14 0.12487539 
597 477 9 11 0.116821095 
542 496 8 10 0.112040736 
416 464 9 12 0.10715963 
490 503 8 11 0.10225381 
112 486 8 11 0.10183954 
341 499 10 12 0.098901406 
144 488 10 12 0.09804078 
924 484 10 14 0.097411804 
750 544 13 21 0.09723523 
424 487 8 11 0.09699413 
709 501 16 20 0.095048316 
703 487 9 11 0.09385682 
936 495 12 16 0.093103625 
302 493 9 11 0.092808306 
590 508 10 12 0.08856578 
337 522 11 15 0.08665525 
237 487 8 11 0.084498785 
697 483 8 11 0.080757625 
224 499 9 12 0.079938635 
934 502 12 20 0.079554476 
756 532 16 23 0.079233415 
262 488 8 11 0.07819961 
693 495 9 13 0.07789664 
857 499 17 21 0.07700173 
656 504 8 10 0.076027095 
415 501 9 10 0.07401647 
779 515 14 18 0.0736148 
581 465 8 10 0.07301689 
645 499 9 11 0.07027416 
211 493 11 14 0.06918237 
442 496 7 11 0.0689237 
418 480 7 9 0.0674879 
1011 513 11 19 0.06719011 
486 519 10 13 0.0669273 
866 510 17 20 0.06613355 
926 479 10 14 0.06573184 
633 494 8 10 0.065395154 
264 493 9 11 0.064717025 
294 504 9 11 0.06424565 
575 509 11 12 0.06412558 
481 503 8 10 0.06400235 
990 518 10 14 0.06393972 
406 495 9 11 0.06258949 
974 492 11 14 0.06251066 
984 491 11 15 0.061906934 
1006 507 13 18 0.061556842 
418 486 8 10 0.061166648 
128 400 8 10 0.06100918 
697 511 10 14 0.060583226 
700 503 19 26 0.060051378 
148 487 10 11 0.059738427 
172 488 8 9 0.05935455 
874 513 13 17 0.05869981 
424 480 8 9 0.0573318 
812 492 12 17 0.05689621 
344 481 10 13 0.05607591 
703 531 13 17 0.05582372 
664 508 8 11 0.055740386 
965 500 11 17 0.05485389 
401 495 8 10 0.054151975 
362 493 10 14 0.05398525 
854 493 15 19 0.05319206 
976 526 20 24 0.052118585 
620 482 11 13 0.052035283 
303 487 8 11 0.051716648 
996 499 13 15 0.051698234 
581 502 12 14 0.051642116 
989 522 12 18 0.05110241 
956 500 14 18 0.050679673 
328 460 10 12 0.05054177 
968 546 11 14 0.050302967 
418 494 9 12 0.048461206 
194 344 10 12 0.048375674 
539 500 8 11 0.04818226 
760 525 20 26 0.048071768 
368 477 9 11 0.04733015 
286 500 10 12 0.04717587 
689 495 9 12 0.047094673 
969 536 20 25 0.04706203 
678 478 9 12 0.04640926 
474 524 9 12 0.046267614 
325 503 9 12 0.046162754 
185 482 8 10 0.046142586 
570 518 9 12 0.045940828 
469 503 8 10 0.045827456 
313 489 11 13 0.04579623 
166 396 10 12 0.045736756 
511 508 8 10 0.045614287 
561 471 8 9 0.045544326 
630 523 11 14 0.04536069 
213 481 9 11 0.04535032 
707 523 12 16 0.0450039 
478 524 10 12 0.044999674 
471 510 8 10 0.044911433 
904 527 11 14 0.044278666 
919 540 13 16 0.043511953 
350 509 13 15 0.043402508 
654 507 11 13 0.043285377 
429 479 8 10 0.042740036 
539 495 7 10 0.04261832 
665 504 7 10 0.042594723 
997 516 14 18 0.042412627 
764 496 9 12 0.0412925 
616 478 12 14 0.04119892 
525 496 6 10 0.041161958 
428 486 9 12 0.041052833 
376 487 9 12 0.040484075 
709 486 11 13 0.04035312 
551 488 8 11 0.040131565 
623 516 10 13 0.04009326 
104 445 8 10 0.04005536 
429 517 10 13 0.03976433 
343 482 18 23 0.039743617 
560 520 8 10 0.038963996 
200 480 8 10 0.038839985 
407 499 10 12 0.03874962 
462 496 7 10 0.038692188 
842 602 10 14 0.0381768 
944 493 18 20 0.038049456 
237 455 12 15 0.037423294 
294 492 9 12 0.037421566 
376 462 9 10 0.03732433 
511 496 9 11 0.03730776 
287 488 9 12 0.037203528 
665 496 8 10 0.037083436 
383 498 10 12 0.036986656 
117 487 8 10 0.036153816 
981 511 12 15 0.035847027 
998 506 15 17 0.035345472 
757 503 14 20 0.0352318 
104 438 10 13 0.034648158 
771 519 20 26 0.034554683 
186 490 9 12 0.034410015 
517 487 9 11 0.03435138 
215 497 10 12 0.03426878 
742 544 14 21 0.0336624 
137 487 9 10 0.033402093 
377 452 9 11 0.033373557 
293 487 9 12 0.03332864 
262 341 13 17 0.033322293 
707 492 15 16 0.033263996 
162 492 10 10 0.033177346 
945 415 10 13 0.032715935 
581 485 11 13 0.032628898 
524 508 9 12 0.03257708 
231 493 8 11 0.032572553 
645 489 8 10 0.032462668 
320 507 11 13 0.03224488 
308 460 10 12 0.032125317 
351 502 10 13 0.031896703 
934 486 12 16 0.03175267 
595 508 10 13 0.031699944 
971 498 13 15 0.031626422 
731 544 17 20 0.031619906 
919 470 9 10 0.031506173 
514 486 8 11 0.031418018 
632 487 8 11 0.03131156 
421 464 8 10 0.031242529 
366 523 11 14 0.030963229 
132 467 11 13 0.030778242 
1006 521 12 17 0.03071143 
592 515 10 13 0.030648533 
910 461 8 11 0.030589245 
754 501 11 13 0.030471005 
567 479 9 12 0.030461932 
988 535 15 19 0.030017132 
640 489 9 12 0.029838007 
199 485 9 10 0.02982922 
340 517 13 16 0.029371219 
104 487 9 12 0.02933374 
295 455 11 16 0.029177962 
145 408 9 10 0.029132267 
688 479 8 12 0.028975077 
505 497 8 11 0.028911294 
750 487 8 11 0.028810246 
567 544 16 18 0.028627234 
289 445 9 12 0.0285529 
536 487 8 11 0.028410329 
615 495 10 12 0.02824964 
730 509 18 21 0.02815989 
620 510 11 15 0.02797524 
502 508 10 11 0.027857933 
966 494 11 15 0.027781377 
1012 503 11 16 0.027715523 
850 231 8 10 0.027557256 
336 478 9 12 0.02740615 
277 489 18 23 0.027383802 
622 493 10 12 0.026759243 
596 502 10 13 0.0267031 
473 519 9 12 0.026632056 
559 502 10 13 0.026454601 
679 471 8 11 0.026307516 
663 471 7 9 0.026242577 
248 499 10 12 0.026125018 
670 463 8 10 0.026118957 
528 470 8 10 0.025915898 
240 503 9 11 0.025911272 
74 479 8 11 0.02588348 
726 464 9 10 0.025833169 
542 527 8 11 0.025738668 
230 473 9 10 0.02568822 
983 487 9 13 0.025667176 
663 456 8 10 0.025654325 
575 468 9 11 0.025637286 
249 482 18 23 0.025595533 
337 487 10 13 0.02551941 
738 505 13 17 0.025475014 
488 496 8 10 0.0254501 
146 413 9 11 0.025324458 
464 518 9 12 0.025200468 
570 535 13 14 0.025167879 
420 533 13 15 0.025059195 
906 531 13 15 0.025004262 
478 509 9 10 0.024907215 
655 478 9 11 0.024851745 
166 436 10 12 0.024812683 
744 493 9 11 0.024591183 
553 509 9 12 0.024575194 
804 498 16 19 0.024536401 
133 398 8 11 0.024416499 
942 433 8 11 0.024403159 
390 500 8 10 0.024367345 
481 496 8 9 0.024318602 
429 494 7 10 0.024257343 
544 534 9 12 0.024079625 
272 235 8 11 0.023928814 
120 416 9 11 0.02391884 
991 494 22 26 0.023823492 
958 494 12 16 0.023753637 
939 487 14 17 0.023714125 
671 527 11 15 0.023634557 
343 454 8 10 0.023629175 
569 496 9 11 0.023589011 
743 462 7 9 0.023572328 
558 494 9 10 0.02350968 
699 518 18 24 0.023394946 
543 540 12 15 0.023320056 
569 506 10 15 0.02325869 
624 523 11 14 0.023211796 
481 487 7 9 0.023211071 
512 519 7 10 0.023179438 
938 438 9 11 0.02317681 
414 518 11 13 0.023130246 
751 506 13 17 0.023115925 
610 501 9 13 0.023062965 
191 482 8 10 0.022859795 
271 458 11 13 0.022814171 
470 487 7 10 0.022707464 
926 492 10 14 0.022698427 
543 488 9 12 0.022622805 
373 478 10 11 0.022594286 
668 545 14 17 0.022547882 
778 515 23 28 0.022525698 
325 491 10 13 0.022513451 
992 507 10 14 0.022486744 
955 510 14 20 0.022336856 
920 478 12 15 0.022307703 
990 523 22 27 0.022306766 
561 542 10 12 0.022189531 
837 339 42 51 0.022151558 
248 481 9 11 0.022053787 
567 468 9 12 0.021991307 
264 306 13 18 0.02193706 
745 488 9 11 0.02184029 
928 505 14 20 0.021825256 
649 464 8 10 0.021816367 
592 605 8 10 0.021789096 
431 471 8 10 0.02172356 
341 471 11 12 0.02159725 
970 485 9 12 0.021568159 
238 491 9 11 0.021558981 
933 479 10 13 0.021553935 
920 490 11 15 0.021411229 
589 483 11 13 0.021268027 
366 516 13 16 0.021190012 
466 508 8 11 0.020972846 
288 506 12 14 0.020943232 
671 513 11 15 0.020922795 
632 499 10 12 0.020850185 
685 524 11 14 0.020838054 
417 456 7 9 0.02076617 
966 514 12 17 0.02072211 
257 461 9 12 0.02068717 
706 513 15 19 0.020645352 
172 492 9 11 0.020611895 
640 470 7 9 0.020584907 
1006 514 19 29 0.020512698 
238 534 15 19 0.020499581 
598 369 10 12 0.020419175 
800 462 10 12 0.020303305 
713 470 8 10 0.020273417 
231 478 8 11 0.020269249 
567 523 10 12 0.020144207 
724 515 23 27 0.020126136 
594 455 8 10 0.020079883 
673 484 9 13 0.020012638 
