10_People_Marching_People_Marching_2_2
520
663 478 29 53 0.98042244 
948 467 41 60 0.96567965 
488 483 24 40 0.9561634 
759 425 28 36 0.9436512 
658 395 16 27 0.9069585 
791 385 12 19 0.8963379 
630 381 12 16 0.7743125 
904 404 19 25 0.6810098 
961 392 17 28 0.66646785 
255 456 27 40 0.6575126 
559 380 14 17 0.5451925 
828 350 9 11 0.54144174 
722 394 14 20 0.5340796 
761 392 15 18 0.48510647 
436 404 9 12 0.45402402 
1001 420 22 31 0.42870283 
661 434 15 26 0.4141579 
294 397 9 12 0.39681855 
573 426 12 18 0.3796722 
643 412 13 17 0.3685863 
478 374 9 12 0.3376072 
538 374 9 11 0.32977244 
253 384 8 11 0.3272449 
39 389 10 15 0.32374468 
618 359 8 10 0.32187518 
404 392 10 12 0.29832414 
364 381 9 11 0.29250905 
476 398 10 13 0.28929433 
337 390 10 14 0.26893315 
301 408 10 12 0.2666141 
590 353 8 10 0.26053593 
452 463 15 26 0.24666195 
312 442 12 18 0.24280639 
424 383 9 11 0.23923145 
522 419 12 16 0.23476404 
942 359 10 12 0.22037771 
863 418 12 19 0.20738526 
269 398 10 12 0.20047043 
313 391 8 11 0.19309117 
343 457 13 22 0.1920297 
266 448 28 44 0.19135495 
271 384 8 11 0.18898295 
994 354 12 13 0.18618213 
265 399 8 10 0.18223767 
378 374 8 11 0.17814349 
662 392 12 16 0.17592621 
392 366 8 10 0.17407544 
111 403 8 12 0.1618115 
577 359 8 10 0.1589693 
164 428 13 18 0.15737335 
637 359 8 11 0.15005092 
272 388 9 12 0.14439042 
400 394 12 16 0.14106894 
702 368 9 12 0.14068167 
361 376 9 12 0.13822888 
188 420 12 15 0.13663703 
521 355 9 12 0.13571624 
375 409 13 17 0.1355703 
200 384 9 11 0.13467258 
422 448 29 36 0.12957202 
592 398 10 14 0.12761989 
536 402 13 15 0.12649225 
295 392 10 12 0.1252013 
474 376 9 12 0.12296843 
517 398 9 13 0.121708095 
232 407 9 13 0.118735455 
647 427 15 20 0.11611547 
583 358 9 11 0.11408561 
515 527 27 46 0.114044264 
878 347 9 11 0.11397011 
318 383 9 10 0.113748364 
221 493 44 59 0.11306121 
199 388 11 13 0.11175388 
621 352 8 11 0.109633744 
577 404 11 14 0.10890168 
748 404 13 19 0.1073207 
182 438 13 16 0.10552702 
541 399 9 13 0.10545661 
289 398 11 13 0.104360625 
296 402 11 15 0.103185065 
536 271 10 12 0.10284813 
496 380 9 12 0.10217129 
44 389 12 16 0.100954615 
375 394 12 14 0.10090405 
639 405 10 13 0.09868421 
216 393 8 11 0.098549776 
700 -7 242 267 0.09843409 
511 445 11 15 0.09806608 
342 446 21 35 0.09490918 
729 245 41 56 0.09425679 
614 365 9 12 0.09390159 
86 403 10 15 0.093327545 
278 388 9 11 0.09278819 
912 355 11 14 0.09065585 
976 348 7 11 0.08640252 
620 259 11 12 0.08611605 
598 433 13 18 0.08561078 
93 395 9 12 0.08552056 
104 397 9 11 0.085436 
89 391 10 13 0.08505816 
247 463 23 37 0.08499144 
814 402 12 16 0.08140983 
265 423 10 12 0.081381924 
221 397 8 10 0.080900855 
365 388 10 12 0.079327725 
376 368 8 10 0.07919205 
267 426 13 16 0.07905532 
859 367 24 34 0.07869264 
785 515 24 32 0.07652954 
669 438 22 27 0.075632274 
398 367 9 10 0.07408749 
327 376 8 9 0.073031284 
753 395 20 25 0.07301278 
517 382 9 11 0.072868824 
6 390 10 14 0.07252742 
241 421 9 14 0.071832955 
589 326 9 11 0.07101859 
682 439 23 27 0.07083984 
360 390 8 10 0.0706531 
492 405 12 15 0.07023132 
695 352 7 10 0.069986545 
815 379 11 14 0.069939665 
360 406 11 14 0.06956205 
351 392 10 12 0.06942305 
376 378 9 13 0.069037594 
609 367 9 11 0.06896521 
552 395 9 13 0.068475716 
581 398 11 14 0.06805354 
112 381 8 10 0.06749805 
407 372 9 11 0.06716137 
158 426 13 19 0.06715274 
486 413 11 15 0.06702969 
33 390 11 14 0.06564157 
224 411 10 14 0.06554945 
591 390 11 13 0.06485339 
652 433 15 22 0.064738534 
613 382 9 12 0.06463294 
478 435 15 18 0.064632826 
441 382 9 11 0.063496806 
119 380 9 11 0.063444555 
825 344 9 13 0.06326956 
703 405 12 16 0.06261674 
671 366 10 12 0.062609695 
749 403 22 28 0.062038768 
230 421 11 14 0.061620157 
637 376 10 12 0.06150315 
944 491 32 51 0.061421335 
942 353 10 12 0.060624253 
412 397 10 13 0.060281705 
568 303 10 11 0.06024469 
337 385 8 10 0.059353225 
341 393 10 15 0.05916153 
427 450 17 23 0.059111547 
389 443 20 33 0.058364023 
862 370 13 20 0.058309227 
927 376 14 20 0.058037598 
891 407 22 31 0.057866413 
119 400 9 11 0.05727839 
680 361 9 11 0.056481954 
634 384 14 16 0.055699665 
455 425 13 19 0.055281557 
509 492 27 37 0.055181332 
316 389 9 12 0.055169623 
710 402 11 16 0.054481648 
613 374 9 11 0.054450724 
103 393 8 10 0.0544009 
191 404 11 14 0.054235302 
440 367 8 9 0.05412476 
440 374 8 10 0.054047182 
381 378 10 14 0.053772755 
442 481 16 21 0.05358917 
285 452 28 34 0.05344637 
105 404 9 12 0.05315361 
198 395 12 13 0.05294213 
365 396 12 15 0.05263593 
856 371 12 17 0.052625205 
310 419 10 13 0.052510925 
388 379 12 14 0.052408885 
326 380 9 11 0.052334957 
484 439 13 18 0.052242883 
294 375 8 10 0.051217064 
527 366 10 12 0.050552297 
873 348 9 12 0.050355405 
555 532 41 64 0.04956473 
423 360 6 9 0.04953324 
536 369 10 12 0.049433198 
314 384 8 11 0.048599366 
707 433 16 22 0.04846414 
344 414 9 12 0.048136387 
297 410 11 15 0.048063934 
853 41 159 147 0.048062038 
51 395 11 14 0.047772247 
462 365 8 10 0.047747448 
351 375 8 10 0.0473085 
127 377 7 9 0.04705754 
432 374 8 10 0.04679817 
793 391 16 19 0.046694797 
633 402 10 13 0.0464465 
237 411 11 15 0.045868948 
183 414 11 17 0.045818012 
381 393 11 15 0.045471437 
962 402 27 34 0.045380235 
540 367 10 12 0.04532133 
1006 150 10 12 0.045025658 
971 373 27 30 0.044758152 
730 395 13 17 0.044545192 
265 384 8 11 0.04446505 
834 417 15 23 0.04433595 
308 413 11 14 0.044325788 
502 388 11 13 0.044210758 
184 375 9 11 0.044097923 
151 374 8 9 0.043898832 
334 374 8 10 0.043529645 
575 410 12 18 0.043050427 
416 381 10 12 0.043025825 
423 365 7 10 0.04284004 
299 397 10 13 0.042835582 
518 451 13 17 0.042458057 
484 374 9 12 0.04230061 
406 401 12 17 0.042151246 
569 420 12 19 0.042059634 
364 409 13 16 0.04205033 
595 402 13 15 0.04198473 
918 493 39 51 0.04192225 
253 457 18 25 0.041734695 
982 361 12 16 0.04159501 
917 352 11 13 0.041545756 
632 364 10 11 0.04114222 
379 481 15 18 0.041076377 
512 402 10 14 0.04105011 
603 427 15 22 0.040593155 
576 420 17 21 0.04035149 
342 383 8 11 0.040075872 
836 468 15 21 0.04004043 
498 491 26 35 0.03992817 
637 364 10 11 0.039900653 
231 381 8 10 0.039806996 
524 351 8 11 0.039762437 
205 382 8 11 0.0394857 
686 364 9 12 0.03932209 
440 389 10 13 0.03929559 
477 417 13 19 0.039203428 
119 513 14 21 0.039101493 
981 367 26 30 0.039092235 
195 410 14 18 0.039055657 
502 456 15 22 0.038774513 
183 422 20 25 0.038573857 
149 422 13 15 0.03830249 
345 375 7 9 0.038066942 
268 403 11 13 0.03795334 
437 453 26 34 0.037842844 
686 358 10 11 0.037708744 
183 392 9 11 0.037681717 
582 365 9 12 0.037596095 
252 411 12 15 0.03736114 
487 466 21 35 0.037241444 
742 398 10 14 0.037149306 
173 434 14 17 0.03708769 
501 403 12 16 0.03662933 
526 391 10 13 0.03653379 
289 375 8 9 0.035967074 
479 369 8 10 0.035934906 
78 403 14 18 0.035885103 
133 411 13 16 0.03585519 
377 360 7 9 0.03545365 
193 418 14 18 0.03542213 
263 389 10 12 0.03541394 
849 350 7 10 0.03536673 
447 376 7 10 0.035147853 
460 419 14 20 0.03514674 
595 504 31 36 0.035141688 
486 389 10 12 0.035096582 
351 381 9 10 0.035091914 
518 389 10 13 0.035051037 
936 362 12 15 0.03494366 
390 373 10 12 0.034878127 
259 434 17 20 0.034873646 
93 405 10 12 0.03482204 
621 364 10 11 0.034783036 
177 391 9 12 0.03467516 
257 441 23 31 0.034557704 
828 412 12 19 0.03437899 
512 373 9 12 0.03405991 
556 390 14 18 0.03405684 
553 389 11 15 0.034055505 
981 370 14 19 0.033873703 
920 409 16 22 0.033761073 
380 405 12 18 0.0337004 
143 407 9 13 0.03362218 
549 404 13 18 0.033505496 
797 400 15 19 0.033490002 
372 472 25 29 0.033297215 
444 394 10 14 0.033170056 
568 359 8 10 0.033095617 
413 472 14 19 0.032861218 
46 384 10 12 0.032355253 
207 395 9 12 0.032149117 
826 336 8 9 0.03212002 
815 387 13 19 0.03192294 
857 366 10 14 0.031911198 
407 382 10 12 0.031748466 
383 360 7 10 0.031745158 
609 359 8 10 0.03167917 
634 253 10 13 0.031675283 
644 400 20 26 0.031310003 
476 425 15 20 0.031252228 
576 362 10 14 0.031025534 
909 508 27 42 0.030997092 
272 376 7 9 0.030774131 
747 416 15 22 0.030765537 
245 426 12 16 0.030743008 
495 386 10 13 0.030610945 
517 375 10 11 0.030520335 
574 514 38 61 0.030490942 
204 390 10 13 0.030460244 
240 382 8 11 0.030452168 
445 469 17 26 0.03043738 
479 390 9 13 0.030435815 
564 376 12 15 0.0302823 
764 420 19 24 0.030208582 
699 439 17 22 0.030184576 
287 382 9 12 0.029907852 
412 419 14 17 0.02987159 
756 427 19 26 0.02961369 
328 390 10 13 0.0296125 
278 396 10 13 0.029508712 
539 378 11 14 0.02948172 
212 419 14 18 0.029299453 
624 375 8 10 0.029248573 
865 412 15 21 0.029220572 
793 435 16 19 0.029212892 
136 381 8 10 0.0291722 
215 375 8 10 0.02914181 
359 397 10 13 0.029086696 
414 459 27 36 0.028971553 
457 459 16 25 0.028911898 
972 374 14 19 0.02891082 
142 486 41 56 0.028908577 
390 396 11 15 0.028878849 
142 369 8 9 0.028863447 
696 367 11 12 0.028852554 
432 359 7 8 0.02873311 
147 412 13 15 0.028701814 
238 478 38 58 0.02857294 
437 487 16 19 0.028460586 
380 451 26 34 0.028342964 
136 375 8 9 0.028310494 
415 390 9 13 0.028195992 
334 420 11 13 0.028151533 
334 414 11 13 0.028103624 
276 414 13 16 0.02809717 
624 385 12 15 0.028036833 
290 392 18 23 0.028019803 
676 382 13 17 0.028013889 
334 368 8 10 0.027952844 
971 349 41 52 0.027891679 
446 381 8 11 0.027853666 
502 508 31 43 0.027814945 
0 386 20 29 0.027768614 
830 335 8 10 0.027752168 
867 364 14 21 0.027712706 
333 386 18 24 0.027596105 
583 371 9 12 0.027553368 
159 410 12 16 0.027491866 
672 403 15 19 0.027486108 
645 380 9 13 0.02747858 
383 366 8 10 0.027432416 
743 373 11 12 0.027339235 
400 372 9 12 0.027328502 
707 410 12 16 0.027319776 
420 419 11 15 0.027299741 
308 404 11 15 0.027191056 
288 304 207 207 0.027068812 
168 418 21 26 0.027004967 
416 365 9 11 0.026942989 
428 387 10 12 0.02679777 
502 411 11 14 0.026747884 
181 518 30 34 0.026725944 
485 463 15 22 0.026698688 
422 394 11 14 0.026681652 
929 477 42 55 0.026657393 
954 378 22 35 0.026646657 
333 466 22 32 0.02653215 
294 383 9 11 0.026511628 
214 413 13 16 0.026466321 
173 411 14 18 0.026352502 
605 403 12 14 0.026097072 
148 424 20 25 0.02594789 
553 279 9 11 0.0257895 
713 397 11 17 0.025777575 
126 405 11 13 0.025776768 
786 441 24 25 0.025701627 
511 388 10 14 0.0257014 
754 409 25 33 0.025639245 
824 409 20 29 0.025567831 
485 396 11 15 0.025559494 
461 433 12 17 0.025544755 
744 407 13 21 0.025529116 
221 426 13 17 0.025512964 
568 431 14 20 0.025496319 
804 397 15 18 0.025418535 
527 371 11 13 0.025338633 
222 419 11 16 0.025267018 
541 483 17 18 0.025211755 
911 359 13 19 0.025182877 
94 383 8 10 0.025154095 
331 401 14 16 0.025117211 
343 420 10 12 0.025077906 
316 396 9 13 0.024952557 
208 376 8 9 0.02495231 
702 427 14 19 0.024923377 
105 382 8 10 0.024910765 
807 379 12 15 0.024877006 
398 382 10 12 0.024871133 
608 428 20 28 0.02474954 
267 432 15 20 0.024712702 
817 393 16 20 0.024661133 
559 364 10 11 0.024594894 
191 398 10 13 0.024451805 
151 476 29 39 0.024391875 
398 401 13 18 0.024284456 
925 350 9 12 0.024213118 
966 379 14 20 0.024208307 
549 450 15 17 0.024133325 
815 408 14 19 0.024047866 
561 360 8 10 0.024032239 
589 243 10 12 0.023976993 
168 376 7 10 0.023970861 
208 367 8 10 0.023803905 
254 376 8 10 0.023788482 
502 395 12 16 0.023522351 
321 377 8 9 0.023474207 
981 350 10 12 0.023452772 
432 398 18 23 0.023413416 
246 412 13 16 0.023346182 
231 377 8 9 0.023185894 
252 419 13 16 0.022916177 
589 433 15 20 0.022864662 
257 395 9 12 0.022845697 
195 517 34 37 0.02283571 
782 375 11 13 0.022820618 
623 342 9 12 0.022789728 
89 384 9 11 0.022763202 
298 448 19 22 0.02274479 
584 341 9 13 0.022657042 
206 425 14 18 0.022622313 
837 421 22 27 0.022614013 
407 409 11 17 0.022557043 
262 413 11 15 0.022555962 
143 373 7 10 0.022537688 
567 365 9 11 0.022528538 
287 351 8 9 0.022521257 
589 332 9 12 0.022496326 
150 482 14 19 0.022484979 
647 412 20 31 0.022433981 
526 229 8 11 0.02243001 
248 378 17 22 0.022382997 
11 389 9 14 0.02226168 
664 366 12 14 0.022237 
142 382 8 11 0.022231828 
688 351 10 11 0.022228556 
122 441 15 20 0.022190414 
438 409 11 14 0.02216142 
286 390 11 12 0.022052187 
359 375 18 23 0.02197721 
329 396 11 15 0.02196018 
883 348 11 13 0.021957591 
917 376 16 20 0.0218735 
989 352 20 24 0.021830909 
653 405 14 22 0.021766892 
455 374 9 11 0.021761846 
825 353 11 14 0.021758322 
426 473 26 32 0.021698268 
625 332 11 13 0.021615647 
938 350 9 13 0.021610726 
542 407 14 20 0.021603707 
63 395 13 18 0.021577649 
177 383 7 10 0.02149416 
853 349 8 11 0.021463364 
301 418 13 16 0.021447904 
45 385 19 25 0.02141545 
252 428 14 17 0.021316957 
412 403 13 16 0.021261252 
576 430 17 22 0.02115731 
398 410 11 16 0.021047518 
719 373 10 12 0.020998504 
794 407 18 21 0.020987093 
185 368 8 10 0.020962523 
472 390 9 13 0.020958181 
142 435 25 32 0.020955717 
468 418 15 20 0.020944938 
412 411 15 17 0.020933405 
631 318 9 11 0.02082876 
198 436 12 15 0.020792788 
818 380 13 17 0.020779617 
369 357 8 10 0.020767674 
316 422 9 12 0.020738717 
119 391 9 11 0.02070743 
569 297 8 10 0.020699384 
510 411 12 17 0.020694816 
23 390 12 15 0.020690499 
667 388 12 18 0.020680325 
263 367 8 9 0.020673564 
584 391 10 13 0.020624027 
969 347 10 13 0.020577181 
567 351 9 12 0.020419719 
912 397 18 21 0.02038919 
432 367 9 11 0.020369656 
532 434 15 18 0.020345591 
440 360 7 8 0.020330926 
644 -101 383 474 0.020320239 
473 393 17 23 0.020305082 
334 458 16 23 0.02027702 
964 384 31 36 0.020266794 
215 403 11 15 0.020254606 
110 460 12 17 0.020249652 
477 457 15 22 0.02017687 
157 489 46 58 0.02011226 
244 504 42 52 0.020069605 
396 434 14 21 0.020032847 
