10_People_Marching_People_Marching_10_People_Marching_People_Marching_10_552
61
440 100 70 89 0.99870443 
839 87 12 16 0.3227948 
714 4 17 20 0.30806765 
692 97 14 16 0.21661916 
795 91 11 13 0.18515982 
902 172 13 18 0.12589276 
883 82 15 20 0.12427964 
683 -1 19 19 0.09938162 
744 93 14 17 0.08363394 
427 38 17 21 0.0768789 
835 0 16 14 0.073186375 
930 0 17 14 0.06001885 
570 -2 63 61 0.05837268 
853 -1 17 14 0.05457834 
912 27 16 20 0.045976307 
828 17 15 19 0.038100895 
755 117 14 19 0.037786927 
893 1 17 20 0.037661627 
656 89 12 15 0.036545757 
749 116 14 16 0.036214415 
832 27 24 31 0.03533213 
843 0 15 14 0.034664348 
632 22 28 37 0.032010313 
828 25 16 22 0.031526674 
681 113 16 19 0.030876525 
589 0 34 37 0.030586787 
478 9 16 19 0.03045412 
1 9 14 19 0.029424813 
256 314 65 60 0.028678603 
325 114 15 17 0.028549006 
250 269 36 32 0.028304495 
126 36 13 16 0.027341384 
790 87 19 24 0.027118262 
481 3 18 19 0.025637737 
829 4 24 30 0.025608102 
0 74 8 14 0.025081076 
567 0 38 41 0.025007308 
993 -1 29 33 0.024694644 
531 128 15 18 0.02428032 
663 172 14 18 0.023708507 
917 116 25 27 0.02370635 
632 -1 21 17 0.023316946 
209 60 16 19 0.022506064 
862 177 17 22 0.022352455 
182 152 12 15 0.022340007 
522 -2 18 14 0.022197688 
629 93 14 17 0.02218278 
689 -1 24 24 0.022043774 
177 -1 21 18 0.021884978 
382 -1 13 10 0.021641172 
880 37 25 31 0.021622727 
748 105 14 17 0.021472098 
416 98 11 12 0.021453712 
838 121 21 27 0.021408185 
951 0 13 12 0.02114942 
340 84 11 13 0.020905472 
0 41 219 209 0.020706601 
771 191 24 31 0.020505892 
142 123 12 13 0.02043729 
773 88 14 19 0.02033373 
514 107 49 65 0.020180082 
