43_Row_Boat_Canoe_43_438
34
423 349 21 30 0.98936903 
758 349 22 27 0.5208128 
723 397 36 36 0.217614 
938 103 10 12 0.1126989 
380 183 9 12 0.10551695 
392 262 10 13 0.09132582 
594 166 9 11 0.07419648 
747 348 18 24 0.07312412 
991 112 9 11 0.05862787 
456 200 9 11 0.055993225 
1014 165 9 15 0.047506716 
906 173 11 14 0.04099585 
795 45 36 41 0.03478427 
382 252 8 11 0.034186672 
936 174 10 12 0.03341462 
455 401 14 16 0.029223684 
391 191 12 15 0.028501607 
933 118 10 12 0.028489308 
471 287 10 11 0.028464014 
375 208 8 11 0.02794274 
991 82 13 16 0.027441787 
431 200 9 11 0.0237133 
594 161 8 10 0.02332503 
415 297 9 10 0.023323288 
942 97 8 10 0.02260655 
613 198 9 11 0.022288045 
940 205 10 11 0.022125313 
449 207 8 10 0.021665175 
441 215 10 12 0.021302605 
1000 110 9 12 0.021164928 
768 354 18 23 0.021037348 
372 303 11 13 0.021012217 
413 216 8 10 0.02070816 
392 257 9 11 0.020352595 
