43_Row_Boat_Canoe_43_458
95
885 429 11 14 0.9555242 
849 429 7 10 0.5345672 
710 424 7 10 0.44914398 
8 298 13 17 0.3890594 
819 428 8 11 0.3734103 
792 429 7 9 0.34446993 
686 417 7 9 0.23872292 
730 422 7 9 0.2072095 
749 422 7 10 0.18563846 
657 416 7 10 0.093174584 
776 454 8 10 0.08639697 
793 469 10 11 0.075437956 
807 440 9 11 0.07495738 
720 432 7 10 0.068706274 
837 440 9 11 0.06596799 
711 428 8 10 0.055934064 
765 469 8 10 0.055354495 
655 420 8 10 0.054183528 
847 473 11 13 0.0538756 
720 436 8 11 0.053190906 
783 441 8 10 0.05210953 
662 409 7 9 0.05003714 
682 422 8 10 0.047007643 
608 439 7 9 0.046626884 
746 417 7 10 0.04526261 
783 461 9 11 0.044334516 
759 432 8 9 0.043938324 
833 440 9 11 0.042217318 
745 463 8 10 0.04200026 
614 430 6 9 0.04165964 
776 425 7 9 0.041644707 
639 410 6 9 0.040573187 
742 437 8 11 0.04014717 
678 431 8 10 0.039933674 
610 431 7 9 0.038785655 
792 464 9 11 0.03840562 
745 456 8 11 0.038400725 
737 438 8 11 0.03819027 
625 417 7 9 0.037023365 
802 456 7 9 0.037012093 
557 150 12 13 0.036407016 
759 438 8 9 0.03626451 
782 455 8 11 0.03621047 
753 439 8 10 0.0357543 
319 337 6 8 0.03533447 
836 455 9 11 0.034930054 
698 432 7 9 0.03438973 
615 425 6 9 0.033881307 
678 437 7 10 0.033124242 
727 429 9 10 0.03308228 
775 429 8 10 0.03273419 
690 448 8 9 0.0322923 
650 424 6 8 0.032021012 
704 431 8 9 0.031846803 
734 446 8 11 0.03137429 
559 155 13 15 0.03132372 
777 448 8 10 0.030876424 
821 435 9 12 0.030465482 
798 463 7 10 0.030206364 
835 445 8 11 0.03006688 
21 294 9 11 0.029042652 
872 440 9 12 0.028905045 
177 280 9 11 0.028464602 
640 431 7 11 0.028333135 
852 424 9 10 0.028268153 
726 464 9 12 0.027980091 
490 400 6 8 0.027955124 
2 299 11 17 0.027431766 
751 457 8 11 0.02705475 
796 429 8 10 0.025843933 
148 398 226 287 0.025550762 
736 431 8 10 0.025191952 
674 431 7 10 0.023994585 
743 430 8 11 0.023133887 
696 438 9 12 0.023087747 
778 439 8 11 0.02297524 
486 407 6 8 0.02292976 
706 457 8 11 0.022885734 
753 429 8 10 0.022310918 
824 472 10 12 0.02225987 
806 456 7 9 0.022140414 
801 440 8 10 0.021989634 
670 448 7 9 0.021927923 
842 470 9 12 0.021927837 
536 414 6 8 0.021760628 
523 390 6 9 0.021667963 
808 462 7 10 0.02137643 
920 208 11 14 0.021270994 
777 459 9 12 0.020922033 
328 335 7 9 0.020900173 
702 437 7 11 0.020810347 
786 429 8 10 0.020705214 
681 121 9 11 0.020527806 
882 425 11 12 0.020360362 
688 456 8 10 0.020167977 
