43_Row_Boat_Canoe_43_538
18
710 393 13 17 0.19336246 
488 403 11 14 0.14307082 
49 186 520 529 0.059702676 
712 419 13 17 0.05477558 
488 392 8 10 0.044156343 
561 432 8 9 0.037761975 
487 423 10 14 0.030790003 
1 -3 441 422 0.03048339 
549 445 10 11 0.030363508 
982 350 7 9 0.029841766 
713 410 26 30 0.029289888 
725 397 11 12 0.028757576 
503 406 9 11 0.028064784 
978 351 8 9 0.02715504 
434 -10 442 421 0.02552564 
565 431 8 11 0.02371963 
484 397 20 24 0.022420319 
1001 348 9 12 0.021238305 
