43_Row_Boat_Canoe_43_251
30
460 245 21 27 0.91701114 
623 275 13 16 0.45023215 
600 180 18 23 0.36661237 
579 238 13 16 0.19983311 
573 243 15 17 0.11511331 
566 244 15 19 0.10090298 
552 233 12 18 0.07885821 
621 311 14 16 0.07777877 
592 216 8 11 0.05423971 
611 252 14 16 0.053305697 
609 183 16 20 0.04650228 
454 284 11 14 0.046211552 
546 277 16 18 0.043682396 
461 367 15 19 0.040252134 
626 270 13 16 0.040220726 
467 410 12 14 0.039731443 
592 220 10 12 0.037934132 
472 248 17 21 0.035561662 
413 294 13 14 0.02976384 
554 234 21 26 0.026690315 
558 259 14 18 0.025795389 
620 189 12 16 0.025669456 
590 253 10 13 0.02425179 
574 230 13 15 0.02254679 
446 338 16 18 0.022290373 
597 261 10 12 0.022114443 
598 174 15 18 0.021883655 
86 336 21 33 0.021718234 
636 260 11 13 0.02019437 
501 268 11 14 0.02004681 
