43_Row_Boat_Canoe_43_81
59
280 121 36 45 0.9853098 
-16 247 566 453 0.81969494 
445 145 16 21 0.17135367 
383 207 458 533 0.1286255 
407 159 25 29 0.08532256 
692 220 16 20 0.07174326 
627 196 12 15 0.07142515 
618 191 23 28 0.059605278 
461 140 13 18 0.058347017 
692 213 13 15 0.050709084 
677 207 11 14 0.049037207 
707 221 13 15 0.04695478 
549 205 12 15 0.038485914 
728 200 8 10 0.03754958 
588 226 13 18 0.037132196 
-20 1 362 429 0.036910895 
395 142 41 46 0.035189983 
450 140 21 27 0.034431648 
550 199 11 13 0.03302416 
439 145 15 20 0.032645576 
656 189 10 12 0.03213951 
661 228 16 19 0.02960337 
646 198 10 12 0.029441396 
390 149 25 34 0.028872551 
583 188 13 19 0.028688762 
527 155 12 14 0.028435973 
662 197 10 12 0.028115302 
535 175 8 10 0.02771989 
622 202 14 17 0.027560562 
700 223 15 19 0.027528923 
410 154 18 21 0.027433706 
656 198 10 12 0.02617188 
662 190 10 12 0.025910102 
559 180 9 12 0.025862547 
673 205 11 13 0.025591007 
532 213 12 15 0.025443621 
868 270 27 30 0.024914883 
693 208 11 13 0.024762208 
560 176 9 11 0.023854693 
675 229 14 16 0.023768136 
581 187 22 33 0.023676263 
518 184 10 13 0.02360515 
630 181 11 14 0.0234666 
687 223 14 18 0.02289353 
467 140 12 16 0.022744048 
535 167 8 9 0.022738215 
475 186 15 17 0.022379976 
610 199 28 31 0.022227045 
622 210 12 14 0.022099014 
580 217 23 32 0.021849642 
564 181 11 12 0.021772841 
229 98 401 502 0.021469137 
407 146 14 19 0.021265293 
628 211 11 14 0.020971207 
669 197 10 13 0.020911464 
669 191 9 10 0.020691015 
567 175 9 11 0.020389738 
670 173 10 11 0.020153759 
570 194 42 53 0.020115051 
