43_Row_Boat_Canoe_43_325
138
991 363 14 20 0.957455 
187 384 16 20 0.93504757 
692 395 18 23 0.9345586 
798 417 14 20 0.8635608 
918 420 15 21 0.7726861 
322 403 13 19 0.77133673 
421 352 10 12 0.47560847 
226 349 10 13 0.44111362 
546 360 8 10 0.42016742 
468 349 9 11 0.37665242 
314 358 10 12 0.37593845 
687 360 9 12 0.26598224 
386 375 16 23 0.23452699 
600 403 12 14 0.2129225 
575 408 11 13 0.19924577 
146 380 14 21 0.1580285 
788 369 9 11 0.14642689 
675 370 14 17 0.14441992 
658 352 8 11 0.14148402 
925 416 12 16 0.13189001 
494 379 14 19 0.1269698 
809 419 12 15 0.12200994 
376 327 10 13 0.11356961 
207 383 10 14 0.10794949 
595 352 8 11 0.107943796 
798 407 13 17 0.10588681 
580 396 10 12 0.10485513 
803 405 15 17 0.09566112 
438 406 8 10 0.0929987 
576 499 16 19 0.092043586 
203 411 17 20 0.091999836 
331 390 12 15 0.089997314 
176 298 198 249 0.08053394 
600 409 14 17 0.07994 
157 330 11 14 0.07751849 
671 366 11 15 0.07623262 
612 391 11 14 0.067947954 
678 377 12 16 0.064498395 
577 390 9 13 0.06151507 
593 356 9 11 0.057523195 
929 420 12 16 0.056542106 
129 359 9 11 0.053857405 
384 384 12 18 0.053694513 
465 354 10 13 0.053043198 
343 404 10 13 0.053005327 
698 425 15 20 0.05282509 
447 389 10 14 0.051331494 
806 399 12 15 0.05097165 
684 379 12 15 0.050754044 
200 417 13 18 0.050236132 
133 365 12 17 0.046650186 
604 399 10 13 0.046630003 
566 397 9 13 0.046133824 
438 373 10 14 0.04426876 
183 374 11 17 0.043356936 
914 419 13 17 0.042808283 
660 355 10 13 0.04206944 
187 376 15 18 0.041590083 
313 353 9 12 0.0409804 
456 409 10 12 0.04041282 
500 374 13 19 0.039323043 
327 402 15 18 0.039072745 
429 367 9 12 0.038027022 
401 402 17 19 0.037994646 
264 385 23 28 0.037812155 
276 388 13 15 0.037793547 
558 426 15 18 0.03725285 
837 446 10 13 0.036398474 
423 345 11 13 0.036215812 
612 402 14 17 0.035170134 
912 415 10 12 0.035102896 
364 461 16 22 0.03367461 
809 431 23 26 0.033000056 
164 332 11 13 0.032006525 
501 367 10 12 0.031912945 
619 492 23 28 0.03141818 
599 417 14 16 0.031355307 
891 451 16 19 0.030699091 
424 363 10 13 0.030690778 
440 381 11 16 0.030142393 
569 405 9 12 0.029489012 
620 403 12 14 0.029330835 
811 403 12 15 0.029004898 
529 464 27 34 0.028954597 
302 496 33 34 0.028874053 
605 390 23 26 0.028168458 
1000 349 11 14 0.028074581 
195 383 20 24 0.028071607 
672 379 11 15 0.028062794 
704 395 14 18 0.02787355 
768 437 10 12 0.02782143 
566 390 10 14 0.027664298 
606 380 9 13 0.027403912 
412 400 15 18 0.027375448 
683 368 14 19 0.026695043 
139 371 15 20 0.026652884 
248 388 10 15 0.026332455 
246 374 13 18 0.026146607 
438 399 10 13 0.025719823 
665 363 10 14 0.025619097 
905 383 8 10 0.025617428 
432 371 10 14 0.025219288 
693 228 15 19 0.02508475 
1001 453 16 20 0.024846245 
407 389 11 14 0.02477232 
309 409 14 17 0.024257591 
222 337 19 25 0.02378025 
446 407 9 12 0.023584323 
445 383 11 15 0.023384571 
127 382 13 16 0.02333466 
175 374 12 15 0.023325564 
772 381 10 13 0.023217203 
691 359 10 12 0.023124093 
161 466 28 35 0.023070738 
308 393 23 28 0.023065798 
323 387 21 26 0.022506405 
671 386 11 14 0.022474715 
221 324 23 27 0.022448277 
426 356 12 13 0.02219739 
655 489 15 20 0.022025185 
592 362 9 11 0.022024035 
694 380 12 16 0.02199278 
562 418 27 29 0.021954576 
560 406 9 11 0.021750784 
554 178 150 108 0.021656 
253 375 14 19 0.021606559 
165 338 12 14 0.021577368 
118 462 32 37 0.021569371 
604 374 11 15 0.021507354 
691 372 12 16 0.021011416 
599 399 19 23 0.020904832 
489 378 13 17 0.020744396 
679 373 21 26 0.020696104 
565 494 24 27 0.02067113 
131 374 21 27 0.020328244 
412 389 11 16 0.020252373 
668 358 12 14 0.02011805 
405 395 13 17 0.020087503 
