43_Row_Boat_Rowboat_43_797
19
480 368 16 24 0.8452688 
746 502 35 35 0.084656775 
478 426 15 19 0.06525343 
532 429 12 13 0.049628172 
532 437 12 13 0.03937072 
581 411 14 19 0.03584088 
510 440 15 19 0.03502962 
444 453 16 17 0.034050327 
539 425 14 15 0.030628832 
757 120 28 31 0.027994052 
574 413 14 17 0.027418965 
404 83 12 17 0.027034774 
125 163 14 17 0.026358044 
769 127 15 19 0.02413709 
465 416 23 32 0.024013177 
118 159 12 17 0.023927463 
715 121 13 15 0.0230328 
435 435 12 14 0.020823956 
441 100 11 13 0.020701917 
