43_Row_Boat_Rowboat_43_563
19
615 106 49 56 0.9676248 
202 396 60 77 0.122709505 
0 439 8 11 0.09191886 
85 398 9 11 0.03431783 
109 390 9 12 0.03424141 
152 416 8 11 0.03354091 
9 430 7 10 0.03144087 
46 388 9 11 0.030346623 
6 399 8 12 0.028370738 
974 546 35 40 0.027576229 
82 399 8 10 0.027405959 
40 383 10 12 0.027099887 
87 376 8 11 0.02660279 
211 386 94 102 0.022565765 
13 387 10 12 0.02206179 
58 398 9 11 0.020849941 
14 380 11 15 0.020606542 
899 569 23 32 0.02046453 
32 382 9 11 0.020168649 
