43_Row_Boat_Canoe_43_942
87
180 476 24 28 0.99247015 
910 460 27 31 0.97788656 
370 452 24 26 0.9585492 
467 437 19 24 0.9555487 
263 382 14 18 0.7155482 
835 383 13 16 0.23454042 
316 346 15 18 0.19270922 
948 475 12 14 0.124284856 
268 369 20 25 0.11453811 
478 469 21 28 0.11434163 
274 364 18 22 0.10104603 
1000 391 10 13 0.10009754 
484 461 16 20 0.09403104 
426 262 8 10 0.093710005 
540 399 10 11 0.078832135 
322 355 15 19 0.06283465 
366 512 24 29 0.06267913 
517 473 16 19 0.05310927 
844 368 14 17 0.052494362 
513 459 17 19 0.049323723 
191 475 18 22 0.0473088 
122 279 8 10 0.047195025 
841 365 11 14 0.04493131 
827 366 11 13 0.04340967 
395 452 11 14 0.04248669 
310 343 15 18 0.04046278 
425 258 8 10 0.03746556 
400 255 7 9 0.036932405 
914 475 19 22 0.035702087 
976 488 9 12 0.03383746 
549 387 14 17 0.032864552 
813 375 9 11 0.032617494 
373 515 33 36 0.032554045 
797 359 9 11 0.031654775 
266 378 24 29 0.030534828 
950 481 12 14 0.030457366 
191 342 9 12 0.030153021 
793 360 9 11 0.030104624 
193 485 16 22 0.030032715 
325 350 24 27 0.030006152 
943 468 19 23 0.02896911 
369 262 9 10 0.028785039 
408 152 8 11 0.027990105 
292 452 15 19 0.027532581 
405 507 14 21 0.027506536 
452 487 17 19 0.027115794 
263 356 38 44 0.026438955 
772 365 10 13 0.026377607 
77 279 7 10 0.025295218 
96 364 24 29 0.025229253 
386 452 13 18 0.02494614 
543 373 9 11 0.024855973 
510 455 13 16 0.024698986 
216 343 9 11 0.024468131 
409 507 19 29 0.024291366 
465 255 8 11 0.024221998 
80 272 7 10 0.023984343 
168 334 9 12 0.023737779 
528 320 10 12 0.023710597 
551 375 10 11 0.02350139 
334 373 10 12 0.0234264 
544 389 10 14 0.023211192 
190 490 25 29 0.023130182 
923 459 24 31 0.022956984 
288 336 10 12 0.022822151 
819 382 12 13 0.022543216 
638 379 11 12 0.02240542 
400 273 8 11 0.022369228 
556 450 12 14 0.022177396 
349 477 23 27 0.021890182 
278 368 28 32 0.021879502 
623 -26 411 493 0.021762846 
379 466 26 29 0.021604259 
165 244 8 11 0.02154716 
550 382 12 13 0.021182735 
91 285 11 12 0.021140987 
362 447 40 46 0.021042462 
844 377 14 17 0.02097225 
218 441 23 26 0.020949146 
552 447 12 13 0.02094808 
783 366 12 13 0.020633744 
933 465 13 18 0.020541856 
162 351 13 15 0.020527614 
557 381 10 11 0.020390363 
403 521 16 22 0.020369733 
288 369 17 19 0.02030275 
823 371 11 13 0.02021372 
