43_Row_Boat_Canoe_43_276
25
509 213 25 32 0.9987993 
4 266 17 22 0.10361765 
37 271 16 19 0.08990656 
994 90 11 14 0.08212853 
888 85 10 13 0.07088331 
854 120 10 13 0.062490515 
811 102 11 12 0.04860268 
945 91 12 14 0.03467019 
93 264 14 16 0.029911282 
1 139 17 22 0.028854938 
960 89 11 14 0.027937159 
5 213 11 13 0.02651819 
302 134 127 146 0.0259299 
892 78 10 14 0.025903197 
861 82 10 12 0.025537968 
846 135 8 10 0.024727622 
856 83 10 12 0.023827562 
167 102 485 432 0.023651293 
977 87 9 12 0.023545565 
906 102 8 10 0.023051385 
905 95 9 11 0.022280501 
36 187 16 20 0.022268413 
838 111 8 10 0.02198229 
885 77 21 27 0.020355267 
948 86 12 15 0.020330006 
