43_Row_Boat_Canoe_43_940
66
397 203 31 38 0.99910957 
676 300 28 35 0.9988617 
757 299 28 35 0.9986206 
309 187 32 40 0.9978066 
511 211 30 36 0.99764353 
248 239 25 38 0.9973808 
117 396 28 35 0.99321485 
525 426 37 44 0.96519786 
236 251 28 35 0.192608 
3 269 27 41 0.14243989 
461 268 11 13 0.109551154 
222 300 14 19 0.10899547 
430 246 12 15 0.10464694 
778 377 18 23 0.090626225 
462 295 22 26 0.08021777 
421 304 14 16 0.07642713 
578 269 16 22 0.07064209 
366 252 15 19 0.06670345 
618 420 24 43 0.0664161 
93 231 24 31 0.06597174 
82 225 42 57 0.063470885 
20 257 37 51 0.061638918 
95 230 13 15 0.05463466 
229 259 26 32 0.053018544 
44 259 16 21 0.05274884 
455 267 13 16 0.05249731 
422 252 12 16 0.05222458 
608 241 41 53 0.05102036 
455 299 14 18 0.048339665 
628 431 13 23 0.04784941 
80 257 12 16 0.0414528 
101 238 14 19 0.041126523 
37 251 40 53 0.037710108 
627 251 14 18 0.03627431 
227 295 12 17 0.035752896 
444 285 11 14 0.03480489 
468 267 13 15 0.033365756 
222 310 12 15 0.03333475 
786 381 16 20 0.033120696 
383 244 10 13 0.032151815 
619 246 24 34 0.030847244 
38 252 12 16 0.029573428 
449 268 11 15 0.02942325 
621 245 15 20 0.02937302 
415 282 13 17 0.029126106 
63 236 15 16 0.027991226 
447 276 11 15 0.02778456 
567 272 13 19 0.027757024 
220 293 23 31 0.027579745 
107 235 14 19 0.027010804 
447 263 10 12 0.02650983 
608 267 12 17 0.025436202 
9 384 100 153 0.024896499 
477 266 14 16 0.024673248 
94 382 46 58 0.024645297 
456 263 20 24 0.024307838 
38 263 15 21 0.02430357 
574 269 38 45 0.02409187 
526 430 55 66 0.023881514 
623 239 12 14 0.02350398 
25 433 129 146 0.023089081 
689 388 17 20 0.023060057 
18 251 16 18 0.02278066 
10 251 24 31 0.020995699 
59 232 28 28 0.020762404 
879 329 171 235 0.020233737 
