43_Row_Boat_Canoe_43_429
44
344 315 20 28 0.9652627 
405 297 16 19 0.17668465 
440 298 11 14 0.13046105 
469 278 11 12 0.07318008 
654 385 11 15 0.06964413 
614 370 10 12 0.06491618 
429 309 12 16 0.06361119 
661 371 9 12 0.06255257 
397 297 16 19 0.062174067 
423 308 13 16 0.05907589 
653 276 9 11 0.052399945 
657 373 9 11 0.042062208 
1 749 10 14 0.0378368 
614 359 10 12 0.037056 
63 558 8 10 0.03533005 
383 303 10 12 0.035085276 
413 304 13 16 0.03481438 
608 373 9 11 0.032966163 
391 301 12 15 0.032459654 
621 373 10 11 0.029785011 
605 382 10 11 0.029702898 
599 376 7 9 0.027234973 
546 359 8 10 0.027149955 
609 367 11 13 0.027097302 
547 277 27 32 0.026939375 
485 283 12 14 0.026529042 
399 212 411 482 0.025547093 
464 284 10 12 0.025537968 
549 365 7 10 0.025037214 
663 269 9 11 0.024961228 
260 307 12 13 0.023482285 
574 267 11 13 0.023425423 
580 268 10 12 0.023388186 
444 294 11 16 0.02332191 
648 273 9 12 0.023104519 
478 283 13 16 0.022441018 
318 306 11 12 0.022409974 
672 264 8 10 0.022192033 
430 301 14 17 0.02111093 
72 566 9 10 0.020836337 
137 590 8 10 0.02071352 
455 307 11 14 0.020587806 
880 309 9 11 0.020302236 
97 117 475 489 0.020179136 
