37_Soccer_soccer_ball_37_698
30
42 388 83 101 0.9765322 
889 453 48 59 0.96348464 
683 456 45 61 0.9305736 
500 473 72 89 0.92712086 
302 451 108 142 0.8641889 
618 350 27 38 0.108593136 
744 454 39 51 0.08061783 
593 346 26 38 0.0656694 
711 455 46 60 0.0491786 
203 330 41 53 0.044641867 
616 691 11 15 0.043381173 
301 513 111 142 0.043333508 
710 529 46 55 0.041090757 
596 534 11 14 0.03800088 
852 435 40 49 0.036234125 
760 472 26 36 0.034036327 
551 710 11 13 0.029172033 
216 437 39 53 0.0281535 
839 445 37 47 0.026671153 
774 467 28 36 0.026480202 
773 504 15 17 0.0264576 
690 489 48 67 0.026402414 
145 365 9 12 0.024591334 
788 470 24 30 0.021931017 
598 351 40 53 0.021767236 
840 495 45 51 0.021542173 
149 359 8 10 0.02134801 
816 461 27 35 0.020944187 
672 539 42 50 0.020731043 
785 534 26 31 0.020531889 
