37_Soccer_Soccer_37_52
27
378 437 64 91 0.998988 
739 391 48 64 0.26069322 
472 982 51 59 0.10102174 
477 1012 62 56 0.08717099 
914 187 25 33 0.08116584 
753 378 32 56 0.07072545 
706 404 70 78 0.06483126 
284 487 56 66 0.06359245 
869 82 12 17 0.062160473 
859 348 17 19 0.04283407 
916 85 10 14 0.036237657 
750 82 56 68 0.035559 
923 189 29 36 0.03536691 
992 133 10 14 0.033990864 
670 407 104 148 0.031323366 
900 27 16 20 0.0298681 
290 576 214 204 0.027367817 
297 850 204 266 0.026652014 
899 51 104 156 0.026061181 
156 127 101 122 0.02558673 
809 67 9 13 0.02506127 
261 509 60 71 0.024969723 
750 101 13 15 0.024863824 
87 -1 356 460 0.02418713 
710 80 97 115 0.022470498 
697 108 12 14 0.021636574 
1000 149 11 13 0.020030534 
