37_Soccer_soccer_ball_37_643
52
332 87 55 84 0.9994229 
739 42 58 79 0.9988398 
88 172 26 31 0.6191952 
109 218 30 37 0.5728007 
26 157 26 32 0.36036244 
986 312 30 40 0.27616626 
887 6 27 31 0.21918643 
808 1 24 28 0.21522655 
279 82 35 61 0.18883954 
-1 186 25 34 0.15579306 
260 142 23 32 0.10321139 
543 57 30 33 0.09467742 
0 237 26 46 0.07912218 
234 0 26 28 0.0726533 
526 155 45 54 0.07085584 
125 148 25 33 0.06892869 
202 41 19 25 0.058692794 
623 94 31 36 0.058456246 
951 157 23 27 0.056216445 
549 46 43 51 0.051932767 
445 70 23 27 0.047154475 
616 161 29 32 0.04516992 
11 335 33 40 0.04493643 
50 261 30 35 0.044553407 
180 251 29 34 0.04061052 
947 62 27 34 0.03879614 
596 209 26 32 0.03860927 
162 59 19 23 0.037844103 
653 127 40 54 0.037039444 
529 136 33 39 0.035468653 
550 317 48 57 0.034260962 
193 195 28 32 0.03258812 
96 75 25 29 0.031466898 
48 -1 19 15 0.031383574 
844 32 26 32 0.030510945 
181 73 39 47 0.029032592 
550 20 25 29 0.028473616 
464 236 48 64 0.028159577 
634 38 42 56 0.027290298 
405 128 29 34 0.026365893 
0 -3 15 22 0.025626693 
0 147 14 22 0.025214225 
187 97 17 21 0.024483534 
628 1 18 22 0.023970703 
979 142 24 29 0.023075283 
832 24 44 55 0.021629307 
-1 229 13 23 0.021584347 
13 0 32 27 0.021538157 
977 291 45 69 0.021526106 
345 81 33 43 0.021124551 
471 229 34 43 0.021095432 
443 67 40 49 0.020245833 
