37_Soccer_soccer_ball_37_479
20
479 37 82 79 0.977221 
770 656 129 94 0.80737275 
778 255 65 104 0.6673011 
733 274 72 77 0.13386977 
657 44 120 147 0.088182434 
500 57 49 47 0.06112903 
444 33 60 74 0.057595387 
715 267 60 73 0.05624118 
628 94 173 187 0.053530406 
364 30 14 16 0.046549454 
51 35 176 206 0.045283943 
817 633 37 33 0.03864958 
307 202 214 248 0.0322123 
473 55 47 59 0.025675667 
325 559 130 127 0.024566311 
1012 732 10 15 0.02422486 
454 34 33 47 0.024163427 
190 685 115 88 0.021118177 
797 257 39 67 0.02058975 
206 382 129 182 0.020584365 
