37_Soccer_Soccer_37_415
32
188 421 58 85 0.99891186 
519 34 69 60 0.54648906 
907 257 44 56 0.48892933 
129 181 127 173 0.21107139 
90 144 195 289 0.1259564 
5 314 55 78 0.10550982 
630 233 56 73 0.06294835 
767 239 204 225 0.059923388 
741 12 105 103 0.051730897 
554 33 33 38 0.04984341 
546 239 107 137 0.04683864 
485 34 98 100 0.044654008 
37 51 342 460 0.044102926 
817 262 59 69 0.041262895 
508 38 13 14 0.039842315 
77 245 30 39 0.039601754 
156 225 75 94 0.038824733 
470 246 212 310 0.038214713 
270 185 16 24 0.037586957 
572 30 13 16 0.033149745 
760 38 36 33 0.032159235 
753 26 68 61 0.03202294 
801 258 98 105 0.031282566 
744 252 105 132 0.025589025 
910 242 33 43 0.023254322 
235 510 29 42 0.023116665 
826 419 57 56 0.023009142 
861 187 41 54 0.021946074 
842 260 57 63 0.021911606 
509 31 10 13 0.021642718 
770 387 49 69 0.020610202 
592 100 10 13 0.020240217 
