37_Soccer_soccer_ball_37_28
33
725 42 33 43 0.9987117 
619 40 38 44 0.99543744 
381 103 40 48 0.9943904 
369 146 32 54 0.9730367 
559 65 24 33 0.8516434 
649 487 31 42 0.2574887 
560 292 74 137 0.11329801 
419 206 26 32 0.08991738 
595 488 41 51 0.08302756 
675 199 26 37 0.078997724 
345 170 26 35 0.06286848 
787 0 21 20 0.056876868 
566 311 28 47 0.056683436 
284 207 17 23 0.05226076 
506 128 24 33 0.051754903 
563 290 49 83 0.04828181 
561 56 37 49 0.04806664 
335 180 27 33 0.046191607 
355 161 31 44 0.041519795 
874 48 16 22 0.039053015 
577 68 33 37 0.036868896 
804 47 19 23 0.035465956 
377 118 39 59 0.033876076 
521 99 28 35 0.032763816 
634 456 45 70 0.03257186 
281 202 40 51 0.03173525 
609 476 48 61 0.028429257 
537 113 441 500 0.027228555 
461 451 86 123 0.026697733 
529 83 27 32 0.026628174 
573 484 44 55 0.022941684 
330 190 27 33 0.022866009 
515 82 30 33 0.020044921 
