37_Soccer_Soccer_37_394
43
902 91 24 32 0.9913088 
586 123 18 24 0.847684 
517 134 13 17 0.5705985 
132 147 12 17 0.44381446 
470 131 15 25 0.42090437 
653 158 16 24 0.08718234 
432 255 11 14 0.08673639 
583 227 13 18 0.06765416 
465 136 13 20 0.065215856 
0 181 21 31 0.055662923 
521 138 14 18 0.054976594 
646 142 16 22 0.05258564 
84 626 45 51 0.049080867 
532 155 14 16 0.04451527 
584 117 14 18 0.04157049 
444 127 11 14 0.039313942 
668 136 19 31 0.03620403 
475 126 16 23 0.03553047 
904 130 12 16 0.032709263 
450 146 12 15 0.031530526 
658 165 17 22 0.03015277 
655 145 21 32 0.029943746 
2 171 16 23 0.02938242 
633 152 25 33 0.028648565 
2 163 13 18 0.028129632 
653 131 14 19 0.027318295 
676 142 12 21 0.026708005 
1 515 29 45 0.026391447 
661 125 12 15 0.025771953 
1003 441 21 33 0.02416226 
317 475 29 32 0.02396137 
250 369 25 30 0.023449583 
622 153 22 31 0.023274839 
506 114 15 18 0.02271037 
461 110 12 14 0.02268791 
524 143 14 19 0.02259696 
453 131 12 16 0.021984663 
502 101 10 13 0.021919578 
937 127 17 20 0.021734897 
439 107 9 12 0.021579674 
654 128 23 31 0.021307671 
447 176 10 14 0.020363867 
430 141 8 11 0.020055635 
