37_Soccer_soccer_ball_37_233
49
414 267 29 35 0.9961224 
629 207 44 43 0.957297 
856 387 16 20 0.80753475 
328 453 28 31 0.3634358 
345 410 16 19 0.17388417 
512 455 17 21 0.15641508 
141 618 78 62 0.15222661 
1005 424 9 11 0.13923258 
630 477 10 13 0.07467849 
1003 428 8 10 0.06381958 
850 459 13 17 0.05870653 
655 400 8 10 0.048523318 
1011 413 8 12 0.04809282 
565 464 12 16 0.04796342 
1013 440 8 11 0.045546856 
849 454 10 14 0.04335871 
111 593 128 98 0.042812552 
286 -166 454 454 0.040268313 
380 471 10 11 0.038423397 
1013 419 9 13 0.03626011 
15 379 196 269 0.03592263 
848 447 11 13 0.0356622 
1006 468 20 34 0.03482994 
1009 439 8 11 0.03325982 
137 -113 410 422 0.032942105 
380 451 44 48 0.032182947 
405 449 27 33 0.031690214 
341 402 18 22 0.031102663 
878 427 12 15 0.027986718 
572 461 14 18 0.027552793 
511 438 10 12 0.026547445 
56 498 192 185 0.026441116 
193 182 436 506 0.025949977 
977 432 7 9 0.02573297 
360 354 18 23 0.024990119 
560 499 13 16 0.024714177 
885 426 10 14 0.024389459 
560 466 12 15 0.023914186 
999 455 10 13 0.022817494 
561 457 22 27 0.022381447 
993 415 7 10 0.022341713 
847 449 21 25 0.02230241 
496 446 10 12 0.022126172 
1009 407 9 13 0.021913592 
1010 443 9 11 0.0215524 
994 446 7 9 0.02130515 
864 386 14 18 0.021018637 
975 447 7 9 0.020972766 
618 487 16 20 0.020575665 
