37_Soccer_soccer_ball_37_345
124
714 163 16 21 0.9973569 
490 171 16 20 0.99595827 
622 179 16 20 0.9951866 
555 166 16 21 0.9941705 
363 179 16 21 0.9937512 
426 183 15 19 0.991422 
818 168 14 19 0.98890746 
383 92 11 15 0.97879 
1001 189 15 19 0.97784424 
969 182 16 20 0.9064853 
141 317 16 22 0.66761845 
414 284 12 16 0.54259586 
432 336 21 24 0.5425078 
837 252 14 18 0.31306905 
446 281 12 16 0.3100599 
351 279 11 15 0.29749167 
949 275 12 15 0.2949202 
621 246 17 18 0.22236589 
439 209 14 17 0.22021385 
576 284 10 13 0.20126927 
476 281 12 15 0.18228278 
541 282 12 15 0.1663405 
705 136 8 10 0.1650804 
489 238 17 19 0.16304572 
552 209 21 24 0.16222726 
385 281 11 15 0.15249896 
370 158 9 13 0.14553246 
736 253 13 17 0.1399513 
428 253 14 15 0.10016611 
511 282 10 13 0.09401841 
412 234 11 14 0.09400023 
697 255 13 18 0.09318642 
367 243 15 16 0.08786558 
485 212 21 25 0.078765415 
391 235 11 13 0.07506537 
602 233 14 17 0.07296688 
609 289 11 14 0.069524154 
565 201 14 18 0.0694612 
982 198 10 13 0.069376454 
328 135 8 11 0.0663797 
400 158 11 15 0.06512984 
647 235 12 14 0.06278755 
368 126 9 11 0.058677945 
141 444 39 57 0.058462597 
414 210 13 16 0.057345655 
374 129 21 27 0.055846497 
983 288 13 15 0.055766463 
440 341 18 21 0.052456517 
265 135 8 11 0.049826764 
375 209 12 15 0.048845794 
796 136 9 11 0.04849965 
423 334 16 22 0.04810098 
347 277 10 15 0.04713586 
134 322 17 21 0.04642739 
654 134 9 12 0.04338388 
437 133 8 12 0.043092124 
80 56 9 11 0.042230412 
504 138 14 16 0.042230085 
548 205 16 21 0.041704595 
368 119 8 11 0.04084478 
503 203 13 16 0.03938289 
599 137 12 15 0.039238885 
691 218 11 16 0.03886583 
617 233 24 27 0.03733939 
423 246 11 14 0.0369641 
532 134 10 13 0.036526207 
387 88 11 14 0.03611859 
433 128 8 11 0.035417214 
354 283 11 14 0.035226267 
605 211 13 18 0.03509147 
345 128 8 10 0.034462422 
487 221 23 26 0.03384835 
449 337 14 20 0.03350248 
726 189 13 16 0.033414155 
467 225 13 15 0.03282976 
613 212 13 16 0.032558113 
350 129 8 10 0.031859577 
805 256 13 16 0.03166096 
367 271 9 13 0.030686956 
422 227 13 15 0.030275274 
328 129 7 8 0.030107327 
512 227 13 16 0.030072425 
965 237 12 15 0.029710844 
146 433 30 43 0.02955917 
346 231 14 17 0.029065184 
581 222 12 16 0.028895749 
134 328 21 28 0.02888468 
966 192 12 15 0.028693717 
371 162 12 15 0.028050842 
86 59 10 11 0.02754949 
108 469 26 25 0.026905525 
630 209 14 17 0.026837194 
687 134 10 12 0.026356699 
406 132 9 12 0.02582248 
0 274 8 17 0.025130816 
802 217 13 18 0.025096053 
828 195 12 14 0.025056815 
959 232 24 28 0.024874069 
736 134 9 13 0.024776664 
431 275 9 12 0.024365224 
944 270 13 17 0.024039563 
621 225 17 19 0.023833042 
989 203 10 13 0.022736896 
610 224 23 26 0.022724744 
373 125 10 13 0.022276817 
579 279 10 14 0.022178054 
453 127 9 12 0.022060053 
836 150 17 20 0.021909269 
361 102 8 10 0.021811951 
360 127 8 10 0.021803442 
387 98 12 13 0.021758085 
413 217 13 17 0.02150483 
136 345 12 16 0.021436935 
972 259 11 15 0.021286486 
180 132 12 15 0.020625588 
552 218 24 26 0.02059196 
406 117 8 11 0.0204303 
349 270 12 17 0.020391729 
484 284 10 14 0.020317389 
959 196 12 15 0.02020782 
368 130 10 15 0.020190105 
527 137 13 16 0.020156305 
483 206 15 18 0.020068713 
427 219 14 17 0.020028355 
