37_Soccer_soccer_ball_37_926
30
508 140 10 12 0.27108938 
939 237 10 13 0.1929228 
454 655 7 10 0.18916242 
73 243 425 435 0.16417637 
570 623 10 12 0.12251886 
439 671 8 10 0.069964975 
536 633 8 10 0.069914185 
552 169 499 508 0.069664374 
445 607 8 10 0.06889889 
484 646 9 11 0.065098666 
938 233 9 11 0.065003425 
505 289 8 10 0.052354254 
526 647 9 11 0.05190079 
504 654 11 13 0.050513584 
522 669 11 13 0.041409526 
559 656 10 13 0.037352204 
940 253 12 14 0.037316997 
439 640 8 10 0.03328588 
392 655 7 9 0.033257656 
576 646 9 12 0.030094637 
507 293 10 13 0.02903897 
453 658 10 12 0.026959585 
473 613 9 11 0.026696296 
528 653 9 12 0.023513624 
490 264 7 10 0.02324848 
495 308 9 12 0.02273592 
535 677 9 10 0.022513535 
532 655 9 12 0.022250172 
525 661 11 13 0.021654898 
483 651 11 13 0.02057035 
