37_Soccer_Soccer_37_170
26
945 66 67 79 0.9991074 
466 220 69 79 0.9982766 
619 89 71 88 0.9976497 
602 1 25 30 0.9965733 
743 77 41 49 0.9963456 
516 0 15 12 0.24784274 
730 0 15 15 0.12647568 
0 0 10 12 0.08861558 
615 5 20 25 0.088560075 
641 33 25 29 0.05358137 
29 0 11 9 0.047171604 
975 13 46 53 0.035184093 
754 267 28 38 0.03017376 
499 36 17 22 0.029878585 
645 6 23 30 0.02976426 
643 18 26 32 0.029417438 
716 111 31 38 0.027946873 
625 1 17 21 0.027917897 
645 27 15 18 0.027760807 
629 4 23 30 0.023693167 
522 1 13 15 0.023204917 
440 0 12 12 0.021629948 
633 54 433 527 0.02154085 
633 0 16 18 0.021254335 
787 389 19 19 0.020123674 
499 34 28 35 0.020010065 
