37_Soccer_Soccer_37_114
144
459 179 54 75 0.9989286 
196 67 35 53 0.94514716 
143 51 16 19 0.7359652 
514 97 18 22 0.709667 
901 115 15 21 0.6736899 
78 120 15 19 0.5871083 
863 81 16 19 0.52777916 
139 126 17 20 0.5142149 
244 155 56 81 0.49855888 
991 93 23 31 0.49592116 
456 99 17 21 0.33426413 
443 27 17 20 0.32285088 
474 130 17 22 0.30943796 
949 54 17 20 0.29712102 
806 22 26 32 0.267186 
896 43 17 21 0.24540116 
182 128 27 31 0.22019437 
402 76 15 19 0.2075481 
510 65 20 26 0.18993425 
864 190 17 22 0.18159062 
160 81 18 24 0.18023072 
129 147 16 21 0.1717515 
78 123 21 29 0.17034464 
804 95 17 24 0.16582076 
105 24 15 19 0.16153108 
58 4 18 20 0.15635303 
657 58 26 49 0.15356293 
579 43 15 19 0.13954975 
759 513 63 56 0.11061676 
925 78 21 26 0.11010839 
989 170 15 19 0.10882674 
430 120 16 20 0.101501 
69 217 22 27 0.09199692 
726 27 37 58 0.08942164 
206 83 42 40 0.08682318 
904 1 19 20 0.08383167 
558 306 14 18 0.08257243 
90 0 16 18 0.08130495 
88 55 17 20 0.08080692 
88 179 24 31 0.0786056 
51 231 12 15 0.07612979 
555 1 14 15 0.07303882 
531 19 22 28 0.07199472 
367 97 12 16 0.06979889 
253 28 27 38 0.068519905 
971 44 24 33 0.06730709 
636 1 17 18 0.0669743 
19 138 16 23 0.0659702 
507 59 16 21 0.06286413 
313 3 17 19 0.06063919 
741 7 29 38 0.0597538 
962 43 23 30 0.05952004 
307 9 28 34 0.057911824 
541 115 20 27 0.05716518 
708 51 39 59 0.056850888 
397 129 37 49 0.056315888 
46 229 21 29 0.053427123 
499 134 24 29 0.05244034 
568 291 12 14 0.051635984 
557 135 15 22 0.050427105 
215 56 47 59 0.05035093 
671 52 45 59 0.04875776 
117 104 15 18 0.048747875 
765 1 18 20 0.04870673 
967 34 13 16 0.048534855 
749 1 29 32 0.046034105 
658 35 24 40 0.044931643 
444 160 14 19 0.044049863 
620 90 14 20 0.043503564 
434 2 17 18 0.04314739 
795 108 28 35 0.039614275 
132 135 20 27 0.039200593 
29 92 23 29 0.038478643 
899 10 22 27 0.03652181 
708 23 30 49 0.03647165 
645 67 27 41 0.036140487 
414 124 26 31 0.036010575 
269 382 31 32 0.035223678 
829 110 16 21 0.034977812 
968 23 41 52 0.034466993 
625 58 15 21 0.034275614 
466 60 15 18 0.03414484 
115 114 22 31 0.033714827 
32 0 18 19 0.033420425 
546 126 22 28 0.033156604 
937 66 14 19 0.032688025 
484 58 14 20 0.031128515 
474 132 28 33 0.030824268 
751 15 18 22 0.030430686 
21 141 22 31 0.030290896 
911 12 21 27 0.029789643 
722 66 43 58 0.029261721 
511 203 14 19 0.027975863 
922 19 15 19 0.0277918 
367 107 23 36 0.027162578 
45 55 16 20 0.027002355 
738 13 47 59 0.02698438 
659 63 16 29 0.026692033 
457 107 19 23 0.026662564 
437 155 46 60 0.026590701 
10 129 22 29 0.026406854 
988 6 23 28 0.026320605 
54 224 25 32 0.02626092 
335 84 24 30 0.025946233 
560 300 20 27 0.025562316 
963 41 47 61 0.025289593 
550 295 23 33 0.02516838 
83 139 16 23 0.024648229 
439 152 23 31 0.024638064 
499 146 28 35 0.024635429 
724 0 38 39 0.024518045 
132 147 22 29 0.024301235 
73 0 26 24 0.023884142 
499 193 31 40 0.023563996 
228 79 37 45 0.023333538 
28 149 22 30 0.023203805 
857 67 24 31 0.023103338 
507 52 15 18 0.022834523 
137 192 18 22 0.022753673 
875 16 23 31 0.022566777 
58 210 36 48 0.022529889 
573 32 20 26 0.022222875 
257 25 18 24 0.022174193 
209 351 36 42 0.022088667 
931 70 21 28 0.021849759 
736 87 48 57 0.021843905 
180 124 41 52 0.021760346 
307 26 33 40 0.021685889 
233 47 45 59 0.021258948 
271 84 10 13 0.021223228 
531 342 13 16 0.021137895 
848 136 27 35 0.021089235 
245 22 28 32 0.021006828 
705 2 18 17 0.020848617 
892 1 18 20 0.02073004 
67 160 473 456 0.020652601 
187 110 28 36 0.02053244 
508 103 25 31 0.020524768 
831 0 28 26 0.020479474 
527 347 13 17 0.02037414 
904 345 9 11 0.020296698 
886 47 25 33 0.020236304 
257 39 31 41 0.020162452 
970 77 41 53 0.020124856 
