37_Soccer_soccer_ball_37_60
27
849 481 30 39 0.99846554 
509 229 52 80 0.9855033 
229 447 30 35 0.9845287 
402 403 111 145 0.3098816 
412 291 52 60 0.29366747 
113 510 10 13 0.22191426 
373 456 108 111 0.1359857 
245 444 28 34 0.12407981 
539 699 46 32 0.1130739 
423 284 29 51 0.085860826 
804 45 183 250 0.065487064 
520 703 38 33 0.061068345 
774 557 12 16 0.058968894 
328 383 33 36 0.0417047 
509 684 36 37 0.038366914 
119 531 12 15 0.032763243 
323 399 18 23 0.029715244 
396 271 85 102 0.029293438 
318 394 58 58 0.028478436 
249 458 19 26 0.02805149 
786 480 25 31 0.023377487 
396 332 70 75 0.02230095 
467 854 12 15 0.021818474 
543 258 59 66 0.021695778 
530 709 41 34 0.020779554 
449 129 56 54 0.020415016 
817 457 24 27 0.020049326 
