37_Soccer_Soccer_37_651
582
903 294 31 39 0.9998022 
495 306 29 40 0.9995307 
104 225 37 39 0.99428385 
3 211 25 39 0.98361266 
303 219 25 36 0.9358628 
463 98 16 19 0.5207729 
126 3 17 19 0.51813465 
323 475 28 33 0.51767695 
979 42 15 19 0.5065586 
217 105 16 20 0.49200428 
650 98 15 18 0.41588813 
584 179 16 19 0.35399744 
186 28 12 14 0.34645492 
411 101 13 15 0.34026507 
365 0 15 13 0.31493136 
239 224 22 29 0.3112993 
419 14 19 22 0.30242053 
661 155 14 17 0.2904465 
1006 2 17 17 0.26539296 
805 112 17 21 0.24316494 
545 11 11 13 0.23697293 
731 174 15 18 0.23424837 
174 171 13 17 0.22470833 
249 223 23 29 0.22470255 
674 130 14 17 0.22317412 
102 20 15 19 0.21375203 
193 228 19 21 0.21249145 
67 73 12 16 0.20972723 
709 137 14 18 0.20939057 
288 163 13 16 0.20687112 
1008 82 10 14 0.20678738 
460 53 12 15 0.20577191 
741 0 12 12 0.20033817 
565 53 12 17 0.19237994 
772 157 15 20 0.19166952 
777 204 16 20 0.1828914 
826 171 17 20 0.18035123 
215 238 22 29 0.17479177 
418 163 16 20 0.17469083 
617 127 10 13 0.17366649 
700 88 18 20 0.16813582 
434 105 15 19 0.16294785 
740 127 11 13 0.15815343 
604 83 13 15 0.15531768 
206 173 11 13 0.15401676 
368 77 12 13 0.14518625 
540 60 10 14 0.14486912 
68 11 12 15 0.14442341 
233 4 10 13 0.14065582 
867 53 10 13 0.13533378 
564 110 12 14 0.13304769 
276 75 13 17 0.13190843 
806 91 12 15 0.13056092 
254 3 12 13 0.13053218 
748 71 11 14 0.12998861 
38 74 12 16 0.12951069 
460 18 13 16 0.12893339 
93 86 11 13 0.12631686 
571 127 12 14 0.12335338 
1010 75 13 20 0.1220721 
390 98 12 15 0.121123895 
821 256 16 18 0.120456785 
213 228 21 26 0.11998518 
77 9 13 16 0.119378835 
226 81 15 16 0.11428618 
502 121 12 14 0.11346394 
1012 324 11 18 0.110964164 
232 170 15 18 0.10968921 
329 47 10 14 0.10899317 
647 175 13 16 0.10854016 
184 2 10 10 0.10759836 
641 85 11 15 0.10714979 
366 11 14 16 0.107142255 
716 135 14 19 0.106616125 
565 84 10 13 0.10645917 
605 92 13 17 0.1062704 
405 126 13 15 0.102339745 
706 168 17 21 0.10041403 
0 69 10 16 0.100000896 
944 81 11 16 0.09970569 
1011 135 13 21 0.09706904 
550 126 10 13 0.09702669 
738 25 14 15 0.095736265 
182 5 11 12 0.091245085 
172 173 21 26 0.09094113 
516 68 13 15 0.090335466 
358 21 11 13 0.08790625 
204 24 14 17 0.087491766 
973 90 17 20 0.0866112 
32 20 12 15 0.08620681 
844 148 13 18 0.085915074 
153 171 10 14 0.08412365 
600 4 11 14 0.08343352 
219 247 23 31 0.08337477 
20 22 12 15 0.08185907 
270 92 10 12 0.08185361 
108 69 12 16 0.081385605 
172 184 15 18 0.080100425 
161 227 25 25 0.08008165 
199 0 11 10 0.08007823 
665 147 15 18 0.078647286 
309 70 10 14 0.07821093 
131 89 14 16 0.07790188 
311 125 12 14 0.07741442 
97 167 9 11 0.077354774 
188 110 12 15 0.07726805 
359 0 14 13 0.076137744 
245 27 12 13 0.0739269 
975 34 15 18 0.07307934 
117 19 12 15 0.07262797 
588 5 10 13 0.07235967 
304 61 10 13 0.071425304 
46 164 10 12 0.071386665 
176 13 10 13 0.07093038 
401 47 10 14 0.07070952 
646 30 9 13 0.07057198 
78 1 12 13 0.070318215 
495 18 12 14 0.06979139 
119 186 11 14 0.068644345 
94 47 11 15 0.067688584 
374 137 404 430 0.06751516 
584 125 10 14 0.06736864 
167 27 13 15 0.066998065 
237 3 10 11 0.06699 
261 3 10 12 0.06652698 
247 45 10 12 0.066380955 
64 178 10 13 0.06602348 
405 177 12 17 0.0653643 
336 179 24 31 0.06436745 
1005 66 15 20 0.063911065 
775 133 11 15 0.06319486 
1013 119 10 16 0.06301347 
351 0 13 13 0.06250992 
207 178 12 15 0.062390953 
997 56 15 21 0.061526347 
805 126 17 20 0.06111342 
469 60 13 17 0.0609736 
599 101 10 13 0.06070893 
647 0 9 9 0.060519148 
988 5 13 15 0.060322154 
532 12 11 13 0.05929741 
510 85 13 17 0.058684167 
976 23 10 14 0.058677834 
515 74 14 18 0.058486577 
613 159 15 19 0.058397938 
663 161 17 19 0.058311634 
207 92 11 14 0.057269175 
699 203 12 16 0.057258327 
188 121 16 20 0.056846645 
302 13 10 11 0.056845643 
782 68 11 14 0.056682553 
249 4 10 12 0.05576442 
517 38 13 16 0.05539343 
740 139 12 16 0.054951526 
59 237 17 19 0.05480945 
235 98 15 18 0.05477236 
447 114 13 17 0.054635122 
564 12 11 14 0.05460006 
485 2 16 17 0.054190136 
30 38 11 14 0.0540838 
669 138 16 19 0.05400946 
705 97 15 18 0.053635374 
644 90 15 19 0.053538904 
550 196 13 18 0.053424668 
15 25 12 15 0.05333068 
429 0 12 13 0.052811157 
222 58 12 16 0.0522431 
534 198 11 14 0.05222743 
568 254 23 27 0.052037217 
407 62 10 15 0.052016187 
781 82 12 16 0.052014228 
180 11 11 15 0.051766083 
223 223 23 30 0.05161703 
328 1 9 10 0.051608417 
205 165 14 17 0.051293485 
396 15 11 13 0.050988402 
37 82 13 16 0.050473485 
24 92 9 13 0.050372414 
175 53 12 14 0.05004114 
16 0 11 11 0.049845204 
374 99 10 12 0.04970758 
394 245 27 35 0.049553942 
385 98 10 14 0.04908897 
990 127 11 13 0.049041223 
678 156 15 18 0.048667576 
974 49 14 18 0.048410323 
371 72 12 14 0.048293643 
359 94 10 13 0.047543243 
214 87 10 13 0.04693379 
444 138 16 20 0.04665663 
156 100 11 13 0.04660505 
180 52 14 15 0.046563532 
527 13 12 15 0.046052646 
560 336 17 24 0.045963116 
0 15 9 12 0.045298368 
488 37 11 13 0.045294605 
269 485 24 27 0.04529295 
442 108 14 18 0.04528555 
900 0 13 11 0.04524098 
541 66 11 15 0.045097288 
259 161 16 18 0.045092966 
659 17 14 17 0.04501874 
240 45 10 12 0.044931665 
353 22 10 12 0.044888016 
285 3 11 12 0.044528864 
52 20 11 15 0.044474065 
213 92 11 15 0.04444554 
568 91 9 12 0.044237968 
256 75 10 13 0.044014815 
701 57 13 16 0.043941103 
845 139 14 20 0.04389485 
173 20 11 15 0.043852344 
515 90 16 19 0.04368863 
453 107 14 19 0.04367935 
536 135 10 13 0.043605074 
628 0 11 11 0.04354444 
701 105 16 19 0.043516494 
303 0 9 10 0.043481816 
942 123 11 15 0.04347231 
179 183 15 19 0.04337419 
285 39 10 12 0.04332692 
280 52 9 12 0.043290187 
82 3 13 16 0.043258276 
591 103 9 11 0.04307253 
462 25 13 16 0.043070897 
37 38 10 13 0.04304037 
127 173 10 13 0.04302525 
302 7 10 12 0.042795174 
222 101 22 25 0.042707555 
201 232 16 18 0.042653978 
692 13 11 14 0.042500395 
62 15 13 18 0.042392388 
271 35 11 13 0.042333387 
392 18 11 14 0.042179793 
32 14 10 12 0.042037275 
725 7 11 13 0.04172297 
292 399 23 31 0.041516617 
566 103 10 12 0.04088156 
847 133 13 16 0.040562414 
230 122 13 17 0.04050996 
459 207 13 16 0.040504243 
467 53 12 16 0.040270947 
311 0 11 10 0.040098444 
731 162 16 19 0.04005292 
305 66 12 15 0.039995603 
750 81 12 15 0.039941926 
421 6 15 17 0.03993163 
184 34 13 15 0.039916407 
397 162 12 16 0.0399157 
131 172 12 13 0.039760288 
968 55 10 15 0.03956466 
724 22 11 14 0.039362222 
87 93 12 14 0.039361052 
421 101 11 15 0.039308347 
254 38 12 15 0.03924735 
325 317 25 32 0.039052103 
204 0 9 9 0.03900124 
200 26 11 15 0.038876336 
504 91 12 17 0.038870286 
167 84 11 14 0.038828842 
694 38 10 13 0.038754635 
168 186 11 15 0.038663086 
120 76 10 14 0.038623415 
500 20 12 13 0.03844338 
67 174 10 13 0.038315456 
119 167 10 11 0.0382796 
174 224 24 27 0.038246322 
414 138 12 16 0.03820241 
694 45 9 12 0.03819706 
655 14 12 15 0.03817034 
434 142 18 21 0.03810179 
202 123 15 18 0.038021296 
188 52 14 15 0.03796597 
687 131 11 15 0.03794562 
735 4 12 14 0.037538547 
271 1 11 11 0.037334427 
278 3 12 12 0.037268125 
805 96 15 18 0.037068065 
714 188 14 17 0.037023988 
1007 502 18 45 0.03692792 
262 117 12 15 0.036647428 
639 161 13 17 0.036646955 
227 185 15 20 0.036608104 
701 0 10 9 0.03646117 
280 37 9 12 0.036066733 
296 45 9 11 0.0359035 
302 56 9 12 0.035860952 
636 53 10 13 0.035858277 
547 17 14 15 0.03572003 
141 212 12 16 0.03569363 
95 1 11 13 0.035541244 
843 158 16 22 0.035360325 
318 109 11 14 0.035347167 
700 129 20 26 0.035160907 
182 22 13 16 0.035026614 
259 170 14 17 0.034943048 
366 111 10 13 0.03491604 
33 77 11 14 0.03470321 
816 252 26 31 0.034643438 
475 136 14 18 0.03457104 
260 37 11 14 0.034564134 
556 36 10 13 0.03434705 
495 146 14 18 0.03432327 
212 26 12 16 0.034222096 
560 115 10 14 0.03407165 
660 3 14 16 0.034062907 
659 166 16 19 0.034000814 
892 507 17 21 0.033987887 
984 290 31 37 0.03391346 
261 76 10 14 0.03363627 
326 101 12 14 0.03358448 
242 93 13 16 0.03357624 
610 98 12 16 0.033499982 
196 53 10 13 0.033375416 
125 77 15 17 0.03329046 
369 83 13 15 0.03300124 
561 7 10 12 0.03294121 
0 29 8 13 0.03292857 
706 158 16 19 0.032922126 
991 57 13 19 0.03291646 
639 77 12 16 0.032903682 
324 106 13 15 0.03277531 
624 13 11 14 0.032775205 
267 161 15 18 0.032659743 
756 70 11 15 0.032603998 
271 83 14 17 0.032537922 
166 46 11 14 0.032375984 
972 57 12 15 0.032252733 
246 123 12 15 0.032235205 
54 239 16 21 0.032221675 
707 52 12 15 0.032197893 
190 0 12 10 0.03219039 
317 0 11 10 0.032116435 
553 194 18 22 0.032034747 
999 5 11 13 0.031988032 
30 93 10 13 0.0319737 
536 55 12 15 0.03193529 
227 113 15 19 0.03187764 
328 13 11 15 0.03185748 
535 8 10 13 0.03185652 
115 70 13 16 0.03169485 
94 78 11 13 0.0316246 
832 158 20 26 0.0314098 
241 22 11 14 0.03131614 
359 12 12 15 0.031052353 
157 232 16 19 0.03100384 
691 129 14 18 0.030979121 
165 53 11 13 0.030882759 
150 161 19 25 0.03069575 
957 98 11 15 0.03059829 
1009 145 13 18 0.030586129 
391 85 9 11 0.030576853 
253 126 11 14 0.030506633 
170 265 466 486 0.030504338 
228 92 14 16 0.0304572 
162 84 9 11 0.030348705 
90 96 15 18 0.030346105 
732 154 14 17 0.030293953 
519 395 25 28 0.030241542 
584 104 9 12 0.030176563 
127 167 11 13 0.030130697 
693 54 12 15 0.030121198 
21 88 10 13 0.030111963 
856 6 11 13 0.030101463 
139 3 13 17 0.02999524 
744 66 18 23 0.029974172 
169 90 14 15 0.029842898 
280 46 10 13 0.02976148 
228 176 16 20 0.029738814 
335 193 26 32 0.02969771 
490 0 14 13 0.02966976 
444 58 14 19 0.029506799 
492 35 11 12 0.029414177 
599 161 13 17 0.029370729 
251 29 12 14 0.0292168 
466 155 16 20 0.029186476 
221 171 13 17 0.029163642 
644 70 10 13 0.029142521 
204 157 16 18 0.028990172 
654 0 10 12 0.028939288 
274 71 11 14 0.028856779 
986 49 14 18 0.02885417 
68 17 13 17 0.028767008 
409 168 22 28 0.02874476 
362 84 10 13 0.028717617 
890 24 14 18 0.028709577 
64 166 10 12 0.02850791 
377 51 12 16 0.02849581 
649 85 17 20 0.028480267 
968 83 12 16 0.028410874 
749 0 10 11 0.028389351 
296 15 9 11 0.028355323 
294 21 9 11 0.028164588 
175 0 10 11 0.02810469 
490 389 17 21 0.028032469 
269 194 11 15 0.027959434 
981 174 11 15 0.02794996 
542 193 13 18 0.02783339 
275 159 21 25 0.027807493 
558 125 9 13 0.027761212 
21 14 11 13 0.027719311 
246 38 13 15 0.027695637 
201 172 12 15 0.027517328 
741 145 12 18 0.027509835 
229 26 11 15 0.02735717 
439 54 10 13 0.027351411 
14 85 10 13 0.027346158 
205 11 11 15 0.027175358 
551 120 10 12 0.02715949 
423 169 16 18 0.027017308 
176 7 11 13 0.027004967 
221 501 22 26 0.026898634 
188 103 11 13 0.026785519 
371 92 12 15 0.026747009 
1001 83 11 14 0.02673135 
1011 154 12 17 0.02672601 
307 237 25 35 0.026694288 
19 3 12 14 0.026683243 
596 5 22 28 0.0264393 
93 55 13 19 0.026322104 
165 0 11 11 0.026287012 
121 3 12 16 0.026239082 
488 322 28 38 0.026207486 
151 95 11 14 0.026170915 
522 69 11 13 0.026123602 
525 42 11 15 0.02608643 
367 99 11 14 0.025932293 
233 158 17 19 0.025930544 
238 160 24 25 0.025926607 
823 176 22 28 0.025843987 
160 52 11 15 0.025827661 
602 11 13 16 0.025709879 
674 147 15 18 0.025704354 
468 481 14 16 0.02554324 
163 162 21 26 0.025435405 
373 111 9 13 0.025344582 
784 118 10 13 0.025252722 
6 7 9 11 0.025241522 
461 86 14 17 0.025199967 
32 8 11 13 0.025176482 
262 54 9 12 0.025137296 
144 20 11 14 0.025134137 
101 204 12 16 0.025121495 
69 81 12 16 0.025097487 
468 146 16 22 0.025056731 
908 53 10 13 0.024993777 
572 93 10 13 0.024982544 
240 13 10 13 0.024966344 
839 152 15 19 0.02491046 
6 20 11 16 0.024877794 
78 235 15 17 0.024818845 
383 127 10 14 0.024792207 
579 252 16 21 0.02468656 
172 59 13 15 0.024575109 
104 209 26 32 0.024554435 
175 47 11 14 0.024530709 
119 84 11 14 0.024487518 
500 49 13 16 0.02441566 
412 80 14 17 0.024390675 
109 202 15 18 0.024219269 
72 103 9 11 0.024182012 
275 87 14 17 0.024153503 
204 3 10 13 0.024134835 
790 307 39 49 0.024105556 
603 137 13 17 0.02410287 
221 66 13 16 0.023991205 
5 125 10 13 0.023984691 
160 46 10 12 0.023952913 
313 129 13 16 0.023950215 
40 174 11 12 0.02394085 
736 130 13 17 0.02391287 
4 14 10 13 0.023860782 
598 106 10 13 0.023810899 
943 89 10 15 0.023800913 
123 179 11 15 0.02377849 
0 92 8 14 0.023772836 
419 145 22 28 0.023726296 
332 85 12 14 0.02371985 
99 12 16 20 0.023643447 
668 0 10 11 0.023612875 
997 28 14 16 0.023611272 
205 184 14 18 0.023607306 
295 0 10 11 0.023593446 
995 125 13 16 0.023588628 
310 28 11 14 0.023493422 
206 175 21 24 0.02346975 
114 213 27 36 0.023445135 
214 35 13 17 0.02342038 
294 40 9 11 0.023413733 
351 95 11 14 0.02338866 
360 164 11 13 0.023359329 
365 90 13 16 0.023356872 
524 86 11 15 0.023342496 
172 100 13 14 0.023340922 
150 231 27 33 0.023184728 
71 13 22 25 0.023116939 
406 146 13 17 0.023033487 
756 13 11 13 0.02302521 
428 139 17 20 0.023011837 
220 92 14 16 0.02298465 
927 0 10 11 0.022964574 
693 18 11 15 0.022940708 
271 44 11 13 0.022899996 
480 115 12 17 0.022808688 
450 52 20 25 0.022762295 
349 399 25 33 0.022728346 
84 206 11 14 0.022705566 
946 77 12 16 0.022685379 
332 94 13 15 0.02266525 
212 165 14 15 0.022533288 
194 116 14 18 0.022519266 
115 195 14 19 0.022518497 
712 194 13 16 0.022507153 
417 26 11 16 0.022498831 
478 106 12 17 0.022393946 
169 570 13 17 0.022310117 
727 52 13 15 0.022257319 
584 1 11 12 0.022202399 
521 14 10 14 0.022176595 
315 114 14 17 0.022156669 
869 24 10 13 0.022148296 
545 125 11 14 0.022138432 
601 80 10 13 0.022068735 
238 52 9 12 0.02206459 
194 110 13 15 0.022063345 
603 1 13 13 0.021984262 
540 30 12 14 0.021984117 
406 128 21 24 0.02190154 
110 166 10 12 0.021873472 
457 113 18 19 0.021828225 
719 26 12 16 0.021815166 
562 78 10 14 0.021776924 
44 169 12 15 0.021744493 
509 94 18 21 0.021734336 
320 103 11 14 0.021721937 
249 164 23 28 0.02171282 
510 42 14 17 0.021626517 
786 203 14 18 0.02161485 
424 23 15 19 0.021606753 
406 138 15 18 0.021576889 
722 133 14 18 0.021546738 
235 408 13 16 0.02154608 
537 166 10 14 0.021543436 
467 69 17 21 0.021515774 
36 26 12 15 0.021473963 
86 25 12 17 0.021447856 
755 82 12 16 0.021275584 
663 127 10 14 0.021237934 
868 58 11 14 0.021215802 
417 134 21 26 0.021106608 
614 122 18 22 0.02109801 
300 46 10 12 0.021072252 
787 124 13 18 0.020975944 
1002 15 18 19 0.020922802 
453 85 13 16 0.02084068 
475 53 14 17 0.020786522 
184 107 21 25 0.020765902 
572 247 14 15 0.02075599 
755 267 17 23 0.020724708 
733 12 11 14 0.020705203 
315 76 11 13 0.020671261 
210 171 15 17 0.020644179 
158 180 11 15 0.020623863 
908 19 12 16 0.020539302 
263 85 10 13 0.020520648 
444 100 14 19 0.020480106 
977 84 16 19 0.020354144 
446 53 12 15 0.020344827 
382 84 10 12 0.020330576 
663 142 14 17 0.020322477 
218 168 22 27 0.020318791 
701 21 10 13 0.020298876 
212 207 12 15 0.020294946 
655 162 14 20 0.02028144 
263 223 17 23 0.020251246 
695 6 12 14 0.02022943 
246 13 11 14 0.020212654 
549 84 9 13 0.020209037 
533 20 11 14 0.020179383 
725 1 11 11 0.020112999 
33 84 10 14 0.020096144 
398 4 11 13 0.02004777 
