37_Soccer_soccer_ball_37_88
20
519 164 62 66 0.9936376 
642 28 22 29 0.9895437 
380 171 50 50 0.95379966 
86 32 21 26 0.8501872 
301 6 24 30 0.8465641 
195 21 16 21 0.764288 
937 9 15 18 0.40017164 
601 57 26 30 0.07154354 
319 102 11 13 0.054431777 
125 173 12 16 0.050444692 
419 160 31 42 0.04567201 
365 148 30 44 0.03623469 
676 155 12 16 0.035724327 
181 88 9 11 0.029691096 
507 149 54 61 0.029271172 
158 93 10 11 0.022561999 
103 129 13 16 0.02202824 
930 29 44 58 0.021104634 
177 93 10 12 0.02047141 
684 157 12 15 0.02005884 
