37_Soccer_soccer_ball_37_720
47
860 186 28 34 0.9994149 
449 30 44 59 0.9964976 
120 106 40 57 0.9925925 
516 336 17 21 0.98871547 
581 347 14 19 0.986406 
712 260 21 26 0.9592259 
446 310 39 40 0.23114532 
990 174 22 29 0.13465741 
274 199 14 15 0.08892567 
14 549 8 10 0.065677665 
567 354 50 60 0.06353704 
0 559 10 14 0.060791273 
748 217 24 30 0.052231666 
200 550 7 10 0.05039929 
683 431 17 21 0.04386268 
994 238 29 38 0.041759625 
624 494 12 13 0.040323127 
9 550 8 10 0.037627123 
999 184 18 23 0.036120098 
525 458 14 17 0.035714764 
992 423 6 8 0.035138782 
920 456 9 10 0.033492856 
593 429 14 16 0.033431716 
1007 324 13 16 0.03277201 
926 251 11 13 0.031861354 
573 375 29 32 0.031396795 
824 430 9 9 0.031193525 
583 427 28 26 0.03102709 
739 413 18 22 0.030069074 
146 511 7 8 0.02983666 
981 462 9 11 0.029146362 
41 502 7 10 0.029105356 
460 295 33 42 0.028850311 
708 290 16 21 0.025373459 
551 328 87 110 0.024582226 
77 526 8 10 0.024421966 
964 177 23 29 0.023894671 
744 225 14 19 0.023857994 
430 297 35 39 0.023447288 
9 544 7 10 0.023423685 
575 119 12 15 0.023140408 
607 388 12 18 0.022334196 
1009 415 8 9 0.021535093 
727 408 32 37 0.02079186 
558 94 11 15 0.02075581 
573 387 17 21 0.020173758 
1 552 8 12 0.020050554 
