30_Surgeons_Surgeons_30_122
23
277 302 37 46 0.9187791 
526 295 34 36 0.79691553 
255 265 28 45 0.7223132 
129 311 40 53 0.448679 
850 433 36 34 0.24985339 
741 280 33 34 0.100148834 
218 271 33 41 0.07854646 
105 326 43 48 0.069697276 
729 268 23 33 0.055806004 
502 348 33 38 0.05370595 
812 410 42 52 0.04576867 
304 340 45 70 0.036736023 
231 269 40 47 0.03536995 
967 425 57 66 0.03255912 
832 418 47 44 0.029748064 
860 544 34 38 0.028249994 
266 268 15 22 0.027695514 
149 311 35 55 0.02457893 
196 350 48 58 0.02432116 
926 370 46 56 0.023993313 
270 291 73 102 0.021681072 
849 451 37 37 0.020955933 
264 274 41 58 0.020804973 
