30_Surgeons_Surgeons_30_533
20
496 260 49 57 0.99684757 
822 33 26 34 0.18633822 
564 246 9 13 0.114329115 
833 207 18 21 0.0770755 
559 269 11 14 0.06520679 
852 202 24 30 0.058074925 
835 257 18 22 0.050869677 
687 9 53 71 0.045689784 
931 210 15 18 0.043106973 
707 4 32 45 0.040413488 
838 201 23 29 0.033166286 
898 185 18 21 0.029534716 
917 221 27 36 0.028570946 
859 267 13 17 0.026266238 
925 207 24 31 0.025919769 
697 162 15 18 0.024590818 
180 386 15 18 0.024492612 
552 268 12 16 0.022898784 
818 430 25 28 0.022776032 
925 221 13 16 0.021054715 
