30_Surgeons_Surgeons_30_115
25
315 278 63 79 0.9927834 
844 256 93 149 0.9891418 
474 318 67 69 0.986453 
200 278 53 62 0.972007 
571 202 60 66 0.9706537 
80 250 43 57 0.90072715 
594 207 68 63 0.15494552 
164 170 56 74 0.091374576 
135 139 96 124 0.085256435 
916 279 98 137 0.0528155 
627 205 64 58 0.052419268 
99 262 33 38 0.047308777 
826 199 105 145 0.043345176 
221 268 53 72 0.042560823 
185 244 12 14 0.037615485 
625 233 46 48 0.033993833 
114 168 58 74 0.031763323 
128 187 30 44 0.0301358 
179 185 29 42 0.027478551 
499 37 357 488 0.025218198 
391 285 24 39 0.024315165 
96 134 93 126 0.023543706 
196 292 36 38 0.022877168 
112 271 20 24 0.020799441 
834 330 12 15 0.020080747 
