30_Surgeons_Surgeons_30_911
24
572 415 142 178 0.989374 
350 492 85 110 0.37607774 
807 729 79 133 0.100087576 
830 328 18 23 0.099792436 
416 657 32 43 0.0730165 
753 387 17 22 0.06681949 
869 297 21 26 0.03519251 
764 295 10 13 0.035009358 
335 435 35 39 0.0304809 
568 318 14 16 0.030237544 
524 767 45 63 0.028366648 
762 410 16 20 0.028242782 
449 653 34 41 0.02791307 
407 343 52 63 0.02700587 
210 838 242 247 0.024619259 
611 454 82 102 0.02436993 
753 393 24 31 0.024128744 
794 324 16 21 0.02336294 
841 384 24 32 0.023175688 
868 656 26 36 0.022279117 
818 414 32 40 0.022112211 
795 315 25 32 0.021975707 
558 327 14 18 0.021039099 
330 536 101 146 0.020276133 
