2_Demonstration_Political_Rally_2_329
390
931 283 61 76 0.9994522 
139 343 62 72 0.9992735 
131 177 27 36 0.99914527 
615 208 27 34 0.99892944 
924 211 32 39 0.99887556 
880 162 28 35 0.9988691 
745 399 88 114 0.99878794 
770 178 25 30 0.9986229 
124 232 49 59 0.99857545 
803 205 39 49 0.99801195 
832 181 27 35 0.99784863 
307 312 69 84 0.9977512 
269 199 40 47 0.9971011 
648 233 38 49 0.99645495 
476 311 86 102 0.995462 
867 336 64 72 0.9952636 
851 223 26 36 0.9940003 
196 194 39 45 0.99385977 
465 240 37 43 0.9929253 
689 326 50 53 0.9817067 
0 189 34 49 0.9759 
973 227 27 32 0.94819325 
59 169 18 23 0.94427365 
956 191 21 25 0.9419718 
479 136 16 20 0.93448985 
302 184 24 30 0.9008809 
967 147 13 16 0.8706198 
53 199 29 51 0.848177 
947 142 13 16 0.83386534 
500 144 17 19 0.8237175 
844 129 14 18 0.8180375 
330 178 28 32 0.811089 
567 147 12 17 0.7746072 
669 191 24 28 0.75930744 
997 138 11 14 0.7431501 
28 148 14 16 0.70277995 
781 117 10 13 0.67558396 
901 143 14 17 0.6575995 
71 152 10 14 0.65569407 
69 131 10 13 0.6543013 
767 130 12 15 0.6516917 
50 134 12 14 0.6220426 
8 118 8 11 0.57642543 
862 136 14 18 0.5566471 
558 126 9 12 0.5221125 
999 173 13 18 0.4769314 
782 141 10 12 0.47350013 
111 155 10 12 0.46802533 
747 123 11 14 0.45953143 
1002 240 24 45 0.38608864 
613 158 10 12 0.32529795 
9 200 46 47 0.3240868 
804 135 9 11 0.3181078 
420 187 26 32 0.29681337 
1012 150 10 15 0.28462738 
542 149 15 18 0.265836 
12 136 10 12 0.22920565 
42 111 9 11 0.21895052 
919 148 10 13 0.18602514 
974 243 36 46 0.18374042 
363 181 14 17 0.1816228 
112 131 10 13 0.18083179 
605 125 8 11 0.1759922 
987 126 10 12 0.17439456 
893 79 11 14 0.1578346 
513 118 7 10 0.1577362 
975 133 10 12 0.15754665 
521 150 9 11 0.1570115 
971 143 11 14 0.15646115 
734 148 12 17 0.15575852 
1 82 8 12 0.1552328 
464 136 9 12 0.15462233 
554 126 8 12 0.1485411 
790 136 9 12 0.14423996 
91 149 13 17 0.14344566 
985 223 22 31 0.14061972 
10 140 10 14 0.13996391 
25 118 8 10 0.13623618 
559 172 9 11 0.13177343 
450 183 10 13 0.13013005 
533 126 8 11 0.1288534 
487 163 10 12 0.12816013 
560 121 8 10 0.120836355 
800 140 12 15 0.12070096 
936 136 9 13 0.114797294 
590 127 7 9 0.11271614 
66 128 10 12 0.10950902 
582 245 24 30 0.10240155 
894 113 14 19 0.101058505 
516 118 9 11 0.100664064 
534 119 7 9 0.100429066 
29 111 9 11 0.10030595 
345 183 16 21 0.09977984 
940 177 15 19 0.09840155 
545 126 8 11 0.09808614 
586 127 8 10 0.09798477 
742 129 12 16 0.09770954 
567 120 8 10 0.096680544 
40 115 9 12 0.09624567 
607 120 9 11 0.0954553 
522 168 8 10 0.09422656 
585 112 7 10 0.09348229 
138 95 8 10 0.09330135 
361 184 22 26 0.0897865 
933 163 14 17 0.08867452 
799 146 14 16 0.08384911 
538 192 10 12 0.08320543 
67 207 35 46 0.08156311 
683 196 13 16 0.08061844 
998 183 14 20 0.07880937 
426 202 18 24 0.07848062 
613 119 10 12 0.07813598 
134 111 10 13 0.07476774 
-1 211 25 44 0.073467314 
782 235 20 29 0.073251784 
30 118 8 10 0.07275648 
464 144 12 16 0.07173371 
326 186 18 21 0.07055911 
982 130 11 14 0.0704997 
991 133 12 15 0.069825 
496 126 9 11 0.06870312 
37 197 34 47 0.06800258 
816 123 9 12 0.06641734 
19 270 28 39 0.06548917 
549 143 11 13 0.06500196 
851 131 12 17 0.064511046 
657 196 11 13 0.064443305 
574 126 8 9 0.06387097 
740 152 14 18 0.063833445 
692 197 12 14 0.06370879 
771 126 11 14 0.063415445 
48 128 10 12 0.06320251 
502 116 8 12 0.062181037 
585 117 7 10 0.06137547 
481 120 8 10 0.060749073 
552 227 25 29 0.060700115 
732 164 12 16 0.058566526 
492 164 10 12 0.05811439 
702 205 12 14 0.058082413 
662 195 14 16 0.05801473 
570 236 15 19 0.05732809 
994 221 14 20 0.05703833 
897 146 22 26 0.05697624 
503 135 10 12 0.056711398 
781 147 12 15 0.0549805 
8 113 7 10 0.054922063 
817 170 11 17 0.05403886 
176 230 23 34 0.053573355 
658 203 24 27 0.05270207 
470 88 8 10 0.052491877 
710 197 12 14 0.05120049 
81 126 9 12 0.050799042 
541 164 11 13 0.050676014 
540 173 10 11 0.050204564 
863 154 13 17 0.04965545 
487 119 8 11 0.049532216 
92 161 12 15 0.04929062 
917 244 23 30 0.048687965 
439 148 12 15 0.04800986 
585 234 24 29 0.04793724 
516 253 26 32 0.047748733 
908 124 10 13 0.04746058 
913 79 9 11 0.04744995 
1001 116 9 11 0.047146417 
93 119 9 11 0.04676786 
537 155 10 13 0.04560804 
69 138 11 14 0.04558368 
741 136 12 16 0.045274165 
133 146 13 16 0.044964824 
553 111 7 9 0.04436827 
654 209 15 19 0.044359066 
738 270 35 48 0.044195667 
601 121 8 10 0.043372527 
944 259 49 64 0.043112062 
469 156 14 18 0.04291468 
566 173 8 11 0.04258858 
45 116 8 11 0.042364698 
521 156 9 13 0.04129843 
25 123 9 11 0.04117477 
513 114 7 10 0.04099254 
863 129 10 13 0.040819984 
24 151 14 17 0.04059566 
487 126 9 11 0.04031578 
782 156 11 14 0.04001722 
537 167 9 11 0.03980477 
65 163 15 21 0.03951715 
590 176 9 11 0.03935949 
583 199 11 12 0.039355416 
477 159 11 13 0.039270382 
32 103 8 11 0.039173152 
862 162 15 20 0.03908338 
39 105 9 11 0.038900904 
104 154 12 16 0.03867182 
989 155 10 13 0.03859681 
62 120 9 11 0.037920956 
1004 166 11 15 0.037844043 
561 155 10 13 0.03778008 
518 112 9 10 0.0377623 
562 148 11 14 0.037649304 
742 118 19 24 0.037528314 
371 192 17 20 0.037499882 
696 201 12 15 0.037236866 
718 192 11 15 0.037228737 
610 110 9 10 0.036959033 
66 149 10 14 0.03686529 
543 144 11 13 0.036836624 
821 126 9 11 0.03635182 
79 140 10 12 0.035801444 
943 171 22 27 0.035789292 
63 139 12 14 0.035767168 
492 138 17 23 0.035666805 
778 150 10 13 0.035662245 
141 118 8 12 0.035651885 
559 111 7 9 0.035571754 
613 104 9 10 0.03544859 
86 125 9 11 0.035387445 
469 131 20 24 0.03495743 
79 119 9 11 0.034734964 
923 148 12 15 0.03467722 
905 155 20 28 0.034583017 
544 230 23 30 0.034478318 
86 143 10 13 0.034354854 
88 111 8 10 0.034269873 
401 224 28 36 0.034239996 
693 133 9 11 0.034065858 
574 121 7 9 0.03402501 
826 133 9 12 0.034023583 
135 102 10 11 0.033799462 
1004 133 11 14 0.033789583 
609 164 12 14 0.033695307 
555 171 8 12 0.033608038 
78 133 9 13 0.03318214 
530 249 25 33 0.033142596 
889 81 12 16 0.032991093 
101 149 12 16 0.032913245 
1004 141 11 14 0.032585535 
538 246 16 22 0.032306544 
730 149 10 14 0.032016557 
535 211 14 17 0.031833857 
769 196 23 29 0.03148883 
413 181 24 31 0.031419717 
496 118 10 12 0.031296343 
85 134 10 12 0.03125953 
861 139 19 26 0.031257197 
1009 145 17 24 0.031229988 
689 134 8 11 0.031167459 
33 96 7 10 0.030945247 
509 134 10 12 0.030903988 
97 95 7 10 0.030808253 
961 235 35 39 0.030763304 
469 140 13 17 0.030672865 
898 326 51 63 0.030504515 
867 170 14 19 0.030440044 
540 180 11 14 0.030222202 
662 316 27 37 0.03017161 
520 102 8 10 0.030143337 
107 153 20 25 0.029964857 
584 175 10 12 0.029925114 
95 110 8 10 0.029765075 
39 126 9 11 0.029638747 
534 113 7 8 0.029569829 
603 236 13 17 0.029511245 
589 112 8 10 0.029199295 
80 111 8 11 0.029146574 
481 126 10 13 0.029092947 
110 169 14 20 0.02906721 
938 81 8 10 0.029038005 
746 156 13 16 0.028907305 
799 130 18 23 0.02873796 
94 86 7 10 0.028659545 
519 143 10 13 0.028601436 
524 172 9 10 0.02848772 
69 148 17 22 0.028458567 
981 140 11 14 0.028176187 
777 112 18 23 0.028146321 
550 164 11 13 0.028145533 
102 140 12 16 0.02806429 
97 103 8 9 0.028023388 
116 128 9 12 0.027860846 
79 194 38 48 0.027727012 
312 187 18 21 0.027567094 
405 182 13 19 0.027558064 
841 235 27 35 0.027547006 
992 135 19 22 0.027532326 
581 240 17 22 0.027491998 
729 170 10 13 0.027450085 
967 127 10 12 0.027328296 
576 173 9 12 0.027310105 
26 157 18 21 0.027153933 
513 97 7 9 0.02714954 
790 221 27 37 0.02714715 
936 136 18 23 0.027118882 
577 198 9 11 0.02711289 
380 204 16 24 0.027100822 
594 256 15 20 0.027047008 
102 111 8 11 0.026989065 
583 131 10 12 0.026902389 
955 180 16 19 0.026733488 
784 135 18 22 0.026664428 
1013 182 12 16 0.026633304 
661 215 15 19 0.026581682 
502 164 11 13 0.026542213 
853 131 18 24 0.026294136 
512 124 8 10 0.02623151 
634 160 9 11 0.025966762 
609 152 9 12 0.025962897 
612 256 25 33 0.025889754 
706 201 14 17 0.025862075 
606 141 8 11 0.025827097 
64 127 18 22 0.025763977 
34 141 11 14 0.025639672 
561 94 7 9 0.025548695 
66 194 17 25 0.025515854 
609 102 9 11 0.025507344 
901 120 14 17 0.025420927 
128 127 9 12 0.025365233 
868 164 23 30 0.025319535 
287 190 33 40 0.025311045 
72 119 9 12 0.025066528 
101 102 8 9 0.025035348 
782 162 13 17 0.024928404 
960 147 12 17 0.024857279 
31 124 8 10 0.02468414 
833 222 29 37 0.024640897 
528 111 8 9 0.024599567 
413 144 13 16 0.024574965 
686 192 20 25 0.02444787 
519 96 8 9 0.024375144 
829 134 10 12 0.024353495 
135 125 10 13 0.024331832 
371 291 24 34 0.024167903 
2 100 8 13 0.024103662 
12 124 10 13 0.02410069 
546 132 9 11 0.023946539 
54 148 12 15 0.023911037 
982 121 19 24 0.023779161 
113 89 8 9 0.023706583 
983 148 10 14 0.023704594 
46 165 25 31 0.023516633 
543 121 7 9 0.02343541 
118 88 8 9 0.023421118 
383 161 41 49 0.023354283 
838 225 15 23 0.023337888 
787 155 13 16 0.023164123 
537 148 13 16 0.02309482 
942 79 8 11 0.022950793 
736 119 9 12 0.02287461 
606 132 9 12 0.022850577 
5 94 8 12 0.022842951 
129 109 10 14 0.022811722 
787 145 15 18 0.022804236 
846 121 12 14 0.022738585 
527 104 7 9 0.022673631 
547 270 24 32 0.022630475 
920 192 21 24 0.022600284 
516 212 11 13 0.022355633 
134 164 15 17 0.022303179 
7 134 18 23 0.022285525 
496 96 9 10 0.02227516 
186 369 35 49 0.02226939 
369 158 38 46 0.022248521 
537 96 8 10 0.02224008 
554 120 18 23 0.022047384 
507 263 30 35 0.021910772 
502 126 9 11 0.021874141 
1006 116 9 12 0.021851288 
137 89 8 10 0.021721927 
681 158 9 10 0.021654049 
762 132 12 14 0.021592634 
968 132 12 15 0.02151479 
538 263 16 22 0.021290332 
674 207 15 18 0.021222897 
12 144 13 18 0.02117123 
510 192 11 12 0.020976027 
590 120 8 9 0.020951418 
641 128 9 11 0.02094406 
25 102 8 11 0.020846989 
94 190 40 48 0.020843009 
563 286 25 30 0.020749666 
93 133 11 12 0.020671854 
566 199 9 11 0.020667797 
141 144 11 13 0.020654114 
965 170 12 15 0.020616353 
62 110 8 11 0.020607805 
24 142 13 16 0.02053965 
523 259 31 38 0.020395963 
511 61 9 10 0.020333264 
38 95 8 10 0.020323351 
102 97 8 10 0.020293828 
732 332 33 40 0.020032676 
