2_Demonstration_Protesters_2_525
1341
660 484 31 40 0.9989367 
994 458 31 36 0.9978077 
416 515 28 37 0.99714017 
880 518 35 44 0.99701774 
554 484 30 40 0.99681646 
760 458 26 32 0.99621946 
578 402 23 29 0.9961326 
484 436 27 33 0.99606377 
848 426 23 29 0.9948856 
849 368 16 19 0.99365634 
763 400 23 30 0.9935935 
765 302 15 20 0.99077153 
297 487 31 36 0.9899725 
232 486 25 28 0.9897956 
468 331 14 17 0.9880518 
325 416 23 27 0.9874857 
389 437 20 27 0.9872695 
203 381 20 28 0.9870003 
999 397 21 28 0.98562384 
480 399 17 21 0.9799652 
920 477 31 37 0.97811323 
595 211 14 18 0.97718984 
337 346 19 23 0.9739248 
712 307 16 20 0.9734614 
501 318 13 16 0.97339195 
317 326 15 18 0.97215617 
657 427 26 31 0.9698683 
592 344 16 20 0.9679905 
310 384 20 25 0.96574605 
809 228 15 19 0.96560884 
54 433 23 30 0.96108884 
718 330 14 19 0.96088535 
919 376 20 24 0.9603501 
453 267 13 16 0.95935535 
781 344 16 18 0.9576441 
615 210 14 18 0.95682484 
455 308 12 16 0.9560127 
715 361 21 26 0.95490885 
250 368 20 26 0.94738966 
61 344 15 17 0.9442777 
362 307 14 17 0.94000024 
884 330 12 16 0.93971777 
2 372 20 27 0.93614 
951 351 20 23 0.93269974 
79 316 13 16 0.92879695 
527 277 11 14 0.9251149 
145 341 12 16 0.92345417 
671 321 16 20 0.9129178 
500 283 13 15 0.91258836 
835 341 12 16 0.91181445 
639 295 14 18 0.91146785 
1005 238 17 21 0.9086239 
725 206 13 15 0.90731716 
990 380 16 19 0.9068664 
248 311 13 15 0.9061388 
685 220 15 19 0.9059044 
862 331 12 16 0.9017661 
783 317 16 19 0.9005038 
845 397 17 22 0.89437413 
79 380 20 23 0.8931157 
414 314 12 15 0.8903812 
722 225 14 17 0.88592166 
866 228 12 16 0.88240707 
525 395 17 21 0.8818416 
775 231 14 18 0.8755152 
185 339 12 16 0.8669638 
441 292 11 15 0.8583262 
475 294 12 15 0.85282046 
960 236 10 14 0.83481413 
408 205 9 11 0.83399314 
541 287 12 15 0.82151395 
167 288 10 13 0.8165777 
385 280 9 13 0.80786914 
968 249 13 16 0.80445164 
147 450 17 22 0.76730794 
436 355 12 17 0.752181 
797 364 17 19 0.7422851 
566 279 12 16 0.73464984 
133 285 10 13 0.73403054 
26 414 18 21 0.7324482 
123 300 11 15 0.7245954 
996 223 12 16 0.70990163 
53 298 11 14 0.70824957 
385 348 13 16 0.7060718 
973 218 12 15 0.7046738 
20 296 12 15 0.69682163 
243 293 10 13 0.6840306 
560 208 9 12 0.6779222 
447 210 9 12 0.65019804 
255 347 15 18 0.64695203 
831 364 14 18 0.6405156 
644 217 13 17 0.6375663 
274 358 15 19 0.6335736 
31 319 12 15 0.62254137 
948 433 22 25 0.6161727 
56 410 20 22 0.59489894 
806 435 14 19 0.59158486 
115 358 14 18 0.58832675 
828 218 14 19 0.58151144 
532 335 16 19 0.57812375 
835 255 15 18 0.57231826 
967 544 37 32 0.57105285 
225 312 11 15 0.56355536 
297 310 11 15 0.5621991 
86 409 17 21 0.5414732 
416 274 11 14 0.53364307 
327 276 8 12 0.5306257 
519 237 11 14 0.5184639 
222 284 9 11 0.51807755 
90 464 17 22 0.51776934 
767 217 14 17 0.5153703 
358 275 9 12 0.5141752 
265 287 10 13 0.51343215 
298 314 14 17 0.5036683 
310 284 9 12 0.50284547 
0 346 11 15 0.49896565 
109 354 16 18 0.49775133 
500 215 10 12 0.49521145 
209 353 19 21 0.49384922 
632 228 10 13 0.49231005 
915 237 12 14 0.4765632 
753 204 10 13 0.47060135 
343 264 10 13 0.46706897 
588 268 12 15 0.46478432 
392 213 8 11 0.46388322 
373 292 10 13 0.46072784 
213 298 10 14 0.45617303 
319 294 10 13 0.4558682 
368 328 14 18 0.4516779 
466 373 16 16 0.44923013 
22 335 12 16 0.44919577 
383 523 28 39 0.4484475 
478 212 9 11 0.43855378 
825 181 9 12 0.4382246 
87 511 22 26 0.4205067 
532 555 26 25 0.41817832 
891 236 12 15 0.40811083 
558 329 13 16 0.40531552 
873 373 12 16 0.3822472 
406 407 15 21 0.37875208 
662 372 13 17 0.37776393 
876 406 13 18 0.37133127 
424 216 9 11 0.36710045 
334 303 10 12 0.36641824 
168 256 9 10 0.36149564 
157 279 9 11 0.36004427 
422 333 13 17 0.35523742 
532 310 12 14 0.34864357 
368 267 10 12 0.34734938 
822 402 15 20 0.34393647 
909 324 13 16 0.34336215 
618 267 12 17 0.33109465 
415 366 13 16 0.32613876 
926 263 10 12 0.32432178 
941 293 10 12 0.32287073 
75 261 8 11 0.32150993 
375 236 9 10 0.31860265 
99 513 17 22 0.31681433 
524 207 9 12 0.31596085 
726 293 15 17 0.31510985 
636 337 15 17 0.3124979 
578 299 12 14 0.3088629 
156 310 11 14 0.30857328 
274 270 8 12 0.30700505 
262 447 23 32 0.30081657 
112 270 9 11 0.29123744 
471 231 9 11 0.28960884 
664 307 13 17 0.28868744 
124 320 11 14 0.28733885 
309 264 9 11 0.28072032 
293 294 9 10 0.27867943 
678 258 15 19 0.26885638 
885 218 12 17 0.26883125 
293 347 14 19 0.2627786 
430 378 14 18 0.25635093 
104 280 8 11 0.25490403 
437 408 15 19 0.252418 
192 324 11 14 0.25231066 
115 403 16 21 0.25088814 
541 207 9 11 0.24928357 
863 251 10 13 0.24765234 
765 515 21 29 0.24623097 
73 279 9 12 0.24486184 
471 250 12 15 0.2436152 
941 236 11 14 0.23989004 
503 365 12 16 0.2384391 
406 254 10 12 0.23740992 
948 279 11 12 0.2369598 
563 302 11 14 0.23564631 
498 253 14 16 0.23518533 
593 322 13 16 0.23263018 
351 292 10 13 0.23077726 
375 214 8 10 0.22918285 
902 350 12 14 0.22758435 
163 475 16 23 0.22642006 
392 298 11 14 0.222814 
932 341 10 14 0.22178611 
165 480 23 31 0.22176972 
592 311 12 14 0.22155605 
780 359 15 18 0.22049087 
88 348 11 14 0.21952413 
563 325 12 15 0.21803908 
288 293 8 11 0.21381786 
428 221 9 12 0.21278955 
-1 423 10 20 0.21089295 
39 280 9 11 0.20866194 
574 211 9 12 0.2058889 
432 200 7 9 0.2054672 
370 383 18 20 0.20539042 
966 379 15 19 0.2046379 
278 326 11 14 0.20229584 
487 238 10 12 0.20139688 
534 324 13 16 0.1989091 
252 444 23 31 0.19861639 
258 351 16 20 0.19820496 
876 206 10 13 0.19808169 
428 308 10 13 0.19718795 
191 275 10 12 0.19609986 
438 322 12 17 0.1949758 
442 386 13 16 0.19285215 
348 237 10 12 0.19113292 
30 401 15 21 0.19006364 
111 409 16 21 0.18972978 
550 395 16 21 0.18554084 
240 288 10 12 0.18474287 
169 260 8 11 0.18329239 
613 517 17 22 0.18293278 
383 238 8 11 0.18122245 
97 301 11 14 0.18035492 
520 211 9 11 0.1778414 
470 207 9 11 0.17715001 
826 513 17 21 0.17701231 
74 300 10 14 0.17605528 
117 270 9 11 0.17379774 
565 307 11 14 0.17360981 
301 320 14 18 0.17051964 
621 385 15 20 0.17025596 
471 212 10 12 0.1697632 
503 354 12 15 0.16907755 
36 393 19 23 0.16889565 
984 292 11 14 0.1674147 
465 388 16 18 0.16712502 
894 190 11 14 0.16680616 
631 254 10 13 0.16424465 
452 208 8 11 0.16180855 
986 277 12 15 0.16168422 
335 317 12 16 0.16048506 
156 303 10 11 0.15950358 
936 237 10 14 0.15936911 
350 233 8 10 0.15846121 
157 358 9 12 0.15770994 
645 224 15 20 0.15745857 
422 310 12 15 0.15698543 
698 250 14 18 0.15637992 
573 318 12 16 0.15574603 
285 431 13 18 0.15515813 
416 284 10 13 0.15402474 
110 278 9 11 0.15264769 
144 268 9 13 0.1522235 
437 273 11 14 0.1518537 
890 183 9 11 0.15132025 
718 260 15 19 0.14856492 
175 311 11 14 0.14849384 
343 309 10 13 0.14722526 
477 231 8 10 0.1467647 
886 229 13 16 0.14663675 
919 400 14 19 0.14521118 
429 206 9 11 0.14453411 
770 277 16 18 0.1437597 
301 352 14 20 0.1436506 
741 264 13 17 0.14326788 
526 337 14 17 0.1408976 
901 425 17 21 0.14033447 
73 296 9 12 0.13949221 
611 367 15 19 0.13842131 
436 381 14 16 0.138 
811 449 21 28 0.1357525 
394 531 18 23 0.13573231 
464 232 9 12 0.13559568 
631 369 15 18 0.13547271 
271 452 24 30 0.13457452 
147 370 18 20 0.13301837 
141 397 15 19 0.13272992 
969 372 14 18 0.13212787 
772 531 26 37 0.13208023 
788 219 12 15 0.13181132 
380 555 15 19 0.13097176 
124 449 17 19 0.13058506 
564 206 10 13 0.12987842 
267 311 11 13 0.1297024 
31 269 8 10 0.12937512 
420 272 10 12 0.12906733 
932 347 10 15 0.12877819 
130 435 17 19 0.124220595 
934 220 10 14 0.12358091 
517 338 11 15 0.123262525 
407 228 9 12 0.12282726 
63 546 15 20 0.12262612 
141 357 13 17 0.12244262 
287 332 11 15 0.12208505 
466 212 8 11 0.121978596 
342 303 10 12 0.12110978 
836 245 14 18 0.12024282 
551 388 14 17 0.11844867 
197 329 11 15 0.117638856 
693 412 19 27 0.116876096 
334 254 9 11 0.11660205 
357 406 16 21 0.116105415 
540 456 23 28 0.1147251 
390 270 10 12 0.11470051 
953 255 10 14 0.11461077 
209 262 9 11 0.11386166 
888 420 18 21 0.11245048 
321 272 8 11 0.1121344 
797 279 12 16 0.11208949 
96 294 10 11 0.111748375 
356 284 11 14 0.11106042 
889 188 10 13 0.11090293 
877 212 13 15 0.11074265 
158 330 11 14 0.11028217 
286 205 8 9 0.11018901 
127 474 14 18 0.11016287 
367 205 8 11 0.11012004 
889 430 23 29 0.109759904 
943 215 10 13 0.10939979 
533 223 10 13 0.1093201 
334 307 12 14 0.10917435 
249 207 7 9 0.108784296 
264 256 9 11 0.10835879 
96 306 11 15 0.107104294 
76 283 9 11 0.10695911 
493 335 12 14 0.10632229 
883 442 23 27 0.10549984 
111 264 9 11 0.104673676 
313 292 10 13 0.10353334 
172 286 10 13 0.10342779 
497 278 12 16 0.10278338 
103 322 12 14 0.10258162 
437 246 10 12 0.1007372 
5 309 10 12 0.09977852 
458 491 17 23 0.099677384 
886 252 12 15 0.09850847 
254 207 7 9 0.09848467 
6 457 15 21 0.09840843 
270 263 8 10 0.097547024 
304 330 12 16 0.09739572 
272 276 9 11 0.097183645 
970 330 13 17 0.09614989 
192 261 8 10 0.09568739 
192 309 9 12 0.09563802 
652 353 14 18 0.0941725 
543 371 14 18 0.09369473 
97 286 10 11 0.09367238 
296 272 8 10 0.09334864 
278 431 22 29 0.09235516 
941 328 13 18 0.09230223 
8 324 9 12 0.09227868 
327 301 9 12 0.09212969 
153 315 10 14 0.09187098 
503 230 9 12 0.09169165 
277 275 9 11 0.09164754 
846 226 13 16 0.091331795 
269 256 9 10 0.09113001 
605 181 8 11 0.09104269 
904 343 11 14 0.09101157 
245 300 12 15 0.090997405 
187 333 13 17 0.090855405 
799 211 11 15 0.09080215 
677 246 12 15 0.09078294 
129 459 15 17 0.09068237 
300 340 12 16 0.090665326 
870 283 12 16 0.09036283 
910 251 13 15 0.09020041 
969 214 12 14 0.09000391 
801 358 16 19 0.08965854 
345 214 6 8 0.08931235 
911 242 13 16 0.0888387 
453 329 11 16 0.08875571 
573 307 13 14 0.088635884 
153 301 9 11 0.08862462 
348 310 10 13 0.088029206 
887 243 12 14 0.08801599 
43 380 14 17 0.08752242 
472 326 14 17 0.08734312 
485 472 15 21 0.08730763 
288 337 13 17 0.087294884 
17 545 26 30 0.08638976 
790 203 14 16 0.08622905 
816 371 12 18 0.08599931 
329 255 9 11 0.085983455 
151 411 15 20 0.085741416 
303 269 9 11 0.08557347 
372 265 10 13 0.08498948 
944 286 10 13 0.08479307 
371 508 30 39 0.08477608 
209 295 11 13 0.08417237 
897 354 12 15 0.08367324 
392 245 8 10 0.08358453 
669 207 10 14 0.083493665 
933 229 10 12 0.08338708 
185 207 7 10 0.08319366 
463 285 12 15 0.08280505 
156 417 14 17 0.081714936 
804 210 10 13 0.08141266 
125 296 11 14 0.081337355 
259 341 14 17 0.081246 
305 222 6 9 0.08117693 
231 255 7 10 0.081055135 
35 330 12 15 0.08099245 
369 286 9 13 0.08072113 
544 261 10 14 0.080356 
58 264 6 8 0.08031906 
622 407 19 26 0.08006474 
806 440 20 24 0.08004798 
715 559 16 18 0.07958039 
189 239 8 10 0.0794677 
463 377 14 16 0.07878706 
30 495 14 20 0.07854207 
256 272 7 9 0.07837987 
229 353 13 17 0.07806525 
565 317 14 17 0.07802522 
373 499 23 26 0.07786409 
805 476 15 20 0.07784651 
168 268 9 11 0.077691734 
725 239 14 18 0.07768201 
635 227 13 17 0.07766976 
865 327 13 15 0.07762348 
995 542 25 34 0.07733949 
1 308 9 12 0.077196956 
397 215 8 9 0.0771499 
149 270 8 11 0.07698835 
349 263 9 11 0.07667148 
304 254 7 10 0.076127514 
148 360 15 17 0.07594012 
597 252 12 13 0.074681915 
340 316 12 14 0.074658915 
80 518 23 28 0.074372135 
303 248 7 9 0.074221835 
148 402 14 17 0.0740197 
31 371 12 17 0.07321217 
872 209 12 15 0.07310857 
441 206 9 12 0.073105305 
590 183 9 11 0.072482556 
264 332 12 15 0.072258145 
585 182 7 10 0.07206812 
445 326 12 16 0.071884 
497 221 9 11 0.07185942 
362 207 7 10 0.07179646 
288 271 8 10 0.07154984 
422 244 8 11 0.07154424 
459 423 16 23 0.071391985 
748 234 11 14 0.07130083 
171 355 13 15 0.07108216 
33 279 8 11 0.07105545 
342 392 16 19 0.0709176 
50 296 10 12 0.070597805 
440 239 9 11 0.07059657 
73 257 9 11 0.06996018 
743 354 15 20 0.06977481 
431 360 14 18 0.06948619 
417 245 9 11 0.06933549 
100 451 15 19 0.06918708 
180 309 10 14 0.06909054 
138 443 21 25 0.069050126 
634 377 16 19 0.068998285 
421 285 10 13 0.06895263 
682 251 13 17 0.06892481 
390 239 8 10 0.06871202 
304 278 9 12 0.068700984 
528 315 12 15 0.06826992 
351 270 10 12 0.06824445 
527 200 8 10 0.068183176 
6 280 8 10 0.06802232 
796 373 16 19 0.067970574 
207 362 15 19 0.0679567 
111 325 10 12 0.067920506 
142 322 11 14 0.067640156 
942 434 18 21 0.0666839 
969 255 16 19 0.066675924 
549 267 12 14 0.066578224 
984 284 13 15 0.06594102 
580 306 13 16 0.06560478 
392 254 9 11 0.06558172 
329 240 8 10 0.065302975 
963 232 11 13 0.06519888 
708 199 10 13 0.06518552 
32 264 8 10 0.06514808 
893 255 10 13 0.06500833 
887 390 11 14 0.06497373 
945 271 9 11 0.06491443 
66 236 8 11 0.06491207 
754 379 20 23 0.064874925 
152 212 7 10 0.06450041 
360 214 8 10 0.06406774 
121 297 10 13 0.06389879 
6 304 10 12 0.063807674 
486 268 10 14 0.06354197 
159 284 10 13 0.063202195 
504 237 9 11 0.063008204 
934 334 11 15 0.06299736 
949 214 9 13 0.062944934 
794 401 15 18 0.0625328 
385 208 8 9 0.06242707 
117 458 12 18 0.062400572 
881 404 15 18 0.06233851 
400 221 9 12 0.06206675 
231 339 12 15 0.061850224 
636 273 14 17 0.061841924 
429 253 12 15 0.061812263 
433 246 9 10 0.06177288 
110 340 13 15 0.061762903 
47 340 11 16 0.061706297 
543 181 9 11 0.06163286 
28 331 12 17 0.06162712 
574 339 12 16 0.06133075 
222 302 8 12 0.061301548 
247 455 24 32 0.061236307 
479 236 9 12 0.061122037 
537 211 9 11 0.061012167 
967 265 13 15 0.06090792 
549 378 14 18 0.060757726 
163 469 15 18 0.060472745 
909 278 10 12 0.059935614 
20 356 13 17 0.059693143 
396 307 12 15 0.05965532 
441 392 16 19 0.05950426 
487 379 13 15 0.059478614 
423 240 9 11 0.059186403 
892 317 12 15 0.05889299 
151 254 8 10 0.058776375 
328 209 7 9 0.05871111 
755 521 24 28 0.05825678 
423 303 11 13 0.058222007 
456 247 8 11 0.058118593 
525 250 14 16 0.05805301 
957 252 11 15 0.057870638 
294 288 9 11 0.05784378 
936 215 10 12 0.0578353 
271 246 8 9 0.057633974 
283 206 7 9 0.05749244 
596 491 20 25 0.057490665 
911 231 12 15 0.05748297 
3 367 16 20 0.057415966 
461 276 10 12 0.057401363 
610 450 17 21 0.057367522 
527 222 11 13 0.057264082 
573 222 9 11 0.057116076 
885 396 13 17 0.05706565 
383 199 8 10 0.05697038 
699 352 16 22 0.05691058 
569 222 8 11 0.05684654 
95 457 19 25 0.056811042 
898 361 15 18 0.05667644 
382 232 8 11 0.05658146 
866 246 11 14 0.05639335 
787 377 15 19 0.056351937 
264 207 7 8 0.05608205 
503 209 8 11 0.055995297 
487 207 9 10 0.05589791 
921 261 10 13 0.055755522 
396 364 14 18 0.055523686 
558 319 12 16 0.055510227 
556 268 11 14 0.05550778 
195 407 16 20 0.055073813 
600 182 10 11 0.054938726 
507 391 14 20 0.05492282 
742 218 12 16 0.05482888 
370 232 8 10 0.054727603 
921 267 10 13 0.054705508 
320 225 7 9 0.054698452 
281 293 9 11 0.054498684 
6 286 9 11 0.054332957 
883 364 14 18 0.05416424 
26 337 13 17 0.05415228 
398 316 11 15 0.054128155 
156 387 15 19 0.053788383 
69 381 14 18 0.053700212 
377 543 26 29 0.05366019 
272 324 11 15 0.053576313 
762 372 16 19 0.053448234 
110 424 15 20 0.05344156 
431 271 11 15 0.053236075 
905 330 12 16 0.052979838 
392 263 10 12 0.05294898 
743 228 13 18 0.05290013 
442 354 12 17 0.052833278 
719 297 19 22 0.05282213 
761 524 29 39 0.0527739 
427 200 7 9 0.052772995 
501 246 10 13 0.052461762 
516 499 25 28 0.05237714 
560 276 12 16 0.0523473 
446 252 9 13 0.052331693 
437 200 8 9 0.052301925 
998 235 15 20 0.052251842 
710 354 20 26 0.052204568 
728 209 14 17 0.05217197 
948 272 10 12 0.05205837 
523 243 13 15 0.051983986 
336 247 7 10 0.051866975 
97 279 10 12 0.051548418 
24 287 9 12 0.051292583 
397 271 9 11 0.051207047 
960 549 25 29 0.05107028 
78 268 9 10 0.051055767 
370 238 8 10 0.050821602 
166 208 7 9 0.05064094 
250 238 8 10 0.050380796 
32 312 9 12 0.05026033 
838 238 12 15 0.04999373 
103 350 14 17 0.04994878 
787 362 16 18 0.049705 
365 277 9 11 0.04955694 
430 403 16 19 0.04942103 
424 255 10 12 0.049292494 
278 231 7 9 0.049284298 
207 319 10 13 0.049057394 
877 199 9 12 0.04888655 
975 237 11 14 0.048869725 
345 294 10 12 0.04882205 
236 339 13 17 0.048710253 
672 242 12 16 0.048405126 
736 266 12 15 0.048073187 
595 268 11 14 0.048015874 
337 261 10 14 0.04796986 
950 219 10 13 0.047872122 
468 287 12 16 0.047273587 
512 208 9 12 0.047195796 
218 286 8 11 0.047160108 
815 224 18 23 0.047127914 
631 343 14 17 0.046893805 
384 215 8 10 0.04689086 
559 246 11 13 0.04682818 
479 268 10 13 0.046818793 
197 309 10 12 0.04665642 
824 214 13 16 0.046643276 
208 269 8 11 0.04658915 
377 220 8 10 0.04655007 
48 271 7 8 0.046452645 
703 203 12 16 0.046319723 
888 308 10 13 0.046269763 
1 340 14 17 0.046238016 
83 311 13 16 0.04623759 
649 232 16 18 0.04619409 
543 255 10 12 0.04606918 
525 228 11 13 0.045965664 
784 214 11 15 0.045914564 
566 182 9 11 0.04584656 
335 240 7 9 0.045827247 
668 364 13 17 0.04569718 
372 369 17 19 0.045511067 
902 271 9 11 0.045509588 
8 292 9 11 0.045295697 
257 254 9 11 0.04526886 
304 475 31 38 0.045236293 
229 303 10 12 0.04522471 
711 220 10 14 0.045078035 
747 361 14 19 0.04507602 
488 199 8 10 0.04494593 
815 402 14 21 0.044884183 
959 213 10 12 0.044870313 
423 328 11 14 0.044846494 
904 277 10 12 0.044813987 
550 252 11 13 0.04480116 
214 270 8 10 0.044636812 
96 404 21 27 0.044539887 
183 427 14 16 0.044495348 
927 236 10 14 0.04447436 
437 416 22 26 0.044410136 
345 208 7 10 0.044349823 
74 309 11 14 0.044241473 
594 332 14 17 0.04422972 
585 265 10 12 0.04418519 
256 434 18 24 0.044102382 
827 414 17 21 0.04405462 
438 252 11 13 0.043936137 
439 230 9 10 0.043702707 
830 245 13 15 0.0436852 
863 355 11 15 0.043441113 
164 332 10 13 0.043435678 
533 344 14 17 0.043225408 
879 337 11 14 0.043174636 
856 244 11 15 0.043056063 
123 396 15 20 0.043008402 
464 200 8 10 0.042961255 
900 377 15 17 0.04295316 
430 315 12 15 0.042911075 
274 231 7 9 0.042703383 
680 266 13 16 0.04261991 
283 325 12 18 0.042381704 
911 271 9 11 0.042178057 
495 323 12 14 0.042120285 
244 322 14 17 0.042042725 
226 230 7 9 0.041851155 
932 431 17 22 0.041584782 
1001 228 16 18 0.041576505 
852 222 12 17 0.041537188 
477 247 9 11 0.041463986 
919 291 9 12 0.041422434 
15 351 11 14 0.041364335 
519 292 11 13 0.04130342 
488 222 10 11 0.04129794 
207 208 8 10 0.041247126 
343 244 10 11 0.04124315 
206 368 23 28 0.041165113 
63 271 8 10 0.04115078 
360 200 7 10 0.041129205 
151 296 9 12 0.041103344 
952 415 24 27 0.04101454 
311 325 13 16 0.040979873 
191 284 10 13 0.04094954 
699 487 18 22 0.04092463 
1006 214 11 12 0.040773217 
929 222 10 14 0.040697087 
306 215 6 8 0.040580116 
105 217 7 9 0.040575296 
537 286 10 13 0.04047562 
249 232 8 10 0.040360566 
196 319 11 13 0.04035596 
68 373 13 15 0.040265832 
165 370 13 16 0.04020636 
453 424 16 23 0.040153284 
950 395 16 19 0.040119775 
1001 221 14 16 0.040062264 
892 310 11 13 0.03997128 
329 246 8 10 0.039873388 
374 208 8 10 0.039798647 
533 392 18 24 0.03978788 
813 277 11 13 0.03976584 
423 375 14 19 0.039756447 
261 431 23 30 0.039617114 
30 284 9 11 0.039509255 
404 396 15 19 0.039428152 
47 285 8 10 0.039415937 
495 230 9 11 0.039362803 
185 271 8 10 0.039325316 
272 239 8 10 0.039312813 
134 395 13 19 0.039291624 
453 378 12 16 0.03910496 
154 404 14 17 0.039093863 
581 386 14 18 0.038952585 
928 214 10 12 0.03894901 
407 247 9 11 0.038773794 
523 276 10 13 0.038755257 
4 334 12 15 0.038638715 
843 508 23 28 0.038475752 
524 272 18 22 0.038457073 
30 430 15 20 0.038406927 
558 261 12 14 0.03839803 
281 288 8 11 0.038393497 
189 207 8 9 0.038295023 
632 296 14 18 0.03825891 
347 301 11 13 0.03824492 
795 219 13 16 0.03820651 
876 447 17 22 0.03809035 
415 291 10 12 0.038013082 
220 339 13 16 0.038009107 
646 347 14 19 0.037981078 
551 318 12 15 0.037940264 
603 211 13 17 0.03792785 
351 256 9 11 0.037864897 
79 514 15 20 0.037798617 
372 334 14 19 0.03760986 
957 408 17 20 0.03759494 
512 242 11 14 0.037542246 
867 306 13 15 0.037438776 
895 290 12 15 0.03743749 
907 466 15 20 0.037281062 
881 225 10 15 0.037254103 
788 449 16 20 0.037241686 
360 239 7 10 0.037180755 
57 269 7 10 0.03714058 
238 330 13 16 0.036966298 
880 250 12 15 0.036944035 
106 261 8 11 0.036920704 
340 323 11 14 0.036906462 
446 247 9 12 0.03688323 
66 278 8 10 0.036793437 
643 274 16 18 0.03665901 
662 403 15 17 0.036544655 
152 324 10 13 0.036459055 
477 222 9 12 0.03639858 
630 269 12 16 0.036372386 
733 554 19 21 0.036315218 
373 419 15 20 0.0363103 
560 236 10 12 0.036147714 
444 425 17 23 0.036133 
111 334 12 14 0.03612488 
183 354 13 16 0.036053505 
61 294 10 13 0.036030576 
110 256 9 10 0.035988286 
780 367 16 21 0.035956502 
295 320 13 18 0.035752516 
374 244 9 11 0.03574601 
713 266 11 15 0.035675105 
28 458 12 16 0.03563546 
519 223 9 12 0.035547424 
527 323 12 15 0.035536274 
165 283 17 22 0.035517782 
889 195 10 12 0.035507716 
35 554 16 20 0.035476312 
144 377 14 17 0.035426166 
69 531 25 28 0.035390943 
287 224 8 9 0.035378773 
795 199 11 13 0.035281036 
107 517 20 28 0.035232585 
686 299 14 17 0.0352222 
489 332 11 14 0.0351909 
837 225 12 17 0.03514046 
799 339 12 16 0.03514032 
191 304 9 12 0.0351282 
901 192 9 11 0.03509591 
662 210 14 18 0.034930073 
408 237 9 11 0.03490727 
455 200 8 9 0.0348492 
385 243 8 11 0.034826383 
288 230 7 10 0.034765575 
359 261 8 11 0.034757685 
841 252 14 18 0.034714874 
405 517 26 35 0.03471142 
791 410 15 20 0.034692444 
271 207 7 9 0.03465159 
1011 214 11 13 0.034529287 
175 324 11 14 0.03446443 
526 290 10 13 0.034442604 
950 448 27 31 0.034378357 
620 364 14 17 0.03436488 
105 256 8 11 0.03433805 
43 556 14 19 0.034303762 
875 382 15 18 0.034294024 
444 212 8 10 0.034261063 
453 338 12 15 0.034213696 
994 336 16 21 0.034193553 
677 361 14 18 0.034175232 
116 339 11 14 0.03410324 
615 384 14 20 0.03405936 
483 549 18 23 0.034052636 
504 192 7 9 0.03392289 
509 311 12 14 0.033907086 
648 190 8 11 0.03389181 
469 318 13 16 0.033886455 
567 229 9 11 0.03383772 
829 236 12 15 0.03380531 
889 412 15 19 0.03373181 
264 280 8 10 0.033730477 
756 392 23 29 0.03371604 
533 302 13 15 0.033708557 
862 351 10 12 0.033580493 
273 224 7 8 0.03355473 
622 252 11 15 0.033417568 
493 237 10 13 0.033389807 
13 323 12 15 0.033361908 
651 219 14 17 0.033354163 
904 252 10 13 0.03333854 
262 325 13 16 0.033335596 
960 554 15 19 0.0333126 
351 223 8 9 0.03329614 
885 208 10 12 0.033245567 
821 235 13 16 0.03322216 
705 344 16 21 0.033184756 
405 200 18 23 0.03315365 
367 201 7 10 0.033105344 
164 433 14 16 0.033077765 
369 245 8 11 0.03295368 
154 378 15 18 0.032838464 
259 365 20 26 0.03275721 
910 294 9 12 0.032680742 
46 280 7 10 0.032579433 
445 228 9 12 0.032560203 
417 332 13 15 0.03253498 
659 219 14 17 0.032526102 
41 405 20 27 0.032487553 
770 222 17 22 0.032458954 
28 300 10 13 0.032457784 
16 333 13 16 0.032430053 
549 365 13 18 0.032365944 
55 341 13 17 0.032347884 
201 214 8 9 0.032238852 
54 287 9 10 0.032234076 
37 338 13 18 0.0321914 
794 266 15 18 0.03211051 
690 213 13 16 0.032079514 
414 494 23 26 0.031966247 
240 280 9 11 0.031925607 
952 299 10 13 0.031904347 
650 284 14 17 0.031902228 
562 182 8 10 0.031901903 
255 276 9 11 0.031870414 
422 292 10 13 0.03172331 
278 318 12 16 0.03168524 
598 261 12 14 0.03157772 
956 221 12 14 0.03156218 
465 420 16 20 0.031486608 
473 223 8 11 0.03148091 
23 280 8 10 0.031471036 
64 287 9 11 0.031467844 
77 257 9 12 0.031466197 
566 212 9 11 0.031384025 
401 207 8 10 0.03138346 
148 335 12 15 0.03136258 
338 199 6 8 0.031297415 
461 491 27 35 0.0312803 
319 230 7 9 0.031245338 
160 221 8 10 0.0312174 
880 356 12 15 0.031217292 
139 286 10 13 0.031157712 
507 348 13 16 0.031117167 
242 207 7 9 0.031105222 
215 359 17 21 0.031075032 
387 418 16 19 0.030954488 
97 232 7 9 0.030949276 
220 294 10 13 0.030943802 
152 236 8 11 0.030915778 
903 245 10 13 0.030900506 
159 215 8 10 0.030825168 
186 419 20 25 0.030822806 
305 210 7 8 0.03075166 
138 270 10 11 0.030724782 
647 548 27 25 0.030678125 
712 336 18 22 0.030624188 
374 297 11 14 0.0305569 
812 365 13 17 0.030338652 
904 215 10 13 0.03029901 
376 377 18 22 0.03029674 
254 233 7 9 0.030262168 
300 304 11 13 0.030257355 
758 211 12 16 0.03024762 
263 270 8 10 0.030209543 
584 272 12 15 0.03016589 
644 323 12 14 0.030156586 
958 232 17 23 0.0301333 
53 304 12 15 0.030036928 
130 478 16 19 0.030010067 
910 284 10 12 0.029963199 
34 371 19 24 0.029914554 
294 432 23 30 0.029863605 
349 400 19 23 0.02985494 
622 245 10 14 0.029756676 
607 199 10 12 0.029743074 
64 255 8 10 0.02972836 
81 221 8 10 0.029703971 
782 205 11 14 0.02970353 
281 301 9 12 0.02968986 
102 341 13 15 0.029686864 
820 277 10 13 0.029620297 
295 303 11 14 0.02961418 
855 349 10 13 0.029608794 
161 421 15 17 0.029587414 
199 302 10 13 0.02957112 
488 327 10 13 0.02946127 
431 351 13 16 0.029394235 
217 347 17 20 0.029291967 
225 239 7 10 0.029212728 
129 279 9 12 0.029180251 
1014 190 8 12 0.029168075 
3 355 15 18 0.029154371 
356 347 12 16 0.029120585 
545 290 13 16 0.029105356 
792 447 22 26 0.02909273 
53 404 16 21 0.029065516 
148 263 10 12 0.029013697 
722 250 15 18 0.029006539 
365 502 23 31 0.028901992 
182 286 8 11 0.028894922 
166 350 12 15 0.028793078 
208 288 9 11 0.028752252 
471 258 12 14 0.028731577 
108 457 15 20 0.028728092 
118 544 14 19 0.028689839 
383 275 16 21 0.028631903 
855 534 25 30 0.028606934 
117 332 12 16 0.028601129 
65 232 8 10 0.028600015 
774 353 16 21 0.028568175 
750 384 15 20 0.02846919 
362 388 21 26 0.028462682 
448 201 8 10 0.028462088 
825 489 16 19 0.02845837 
62 263 7 9 0.028427912 
440 223 9 10 0.028396834 
653 360 16 20 0.028365202 
513 199 7 9 0.028355729 
851 360 13 16 0.028296815 
583 176 8 10 0.02829144 
63 385 14 18 0.028268814 
153 284 9 12 0.028262014 
516 386 14 21 0.028224178 
533 253 10 14 0.028216612 
459 303 12 15 0.028172914 
751 198 18 23 0.02816365 
148 386 17 20 0.028108062 
115 412 20 26 0.028099366 
1 284 9 13 0.02805659 
102 239 8 9 0.028037462 
757 361 14 19 0.02803283 
564 260 11 13 0.028015608 
416 215 8 10 0.028013363 
880 349 10 14 0.027984047 
655 377 15 19 0.027975922 
409 310 13 16 0.027938658 
526 345 13 17 0.027849803 
160 208 7 9 0.027820801 
140 511 15 20 0.027789677 
999 217 10 13 0.027769256 
382 294 10 13 0.027768651 
496 207 9 11 0.027763003 
447 221 9 11 0.027762836 
286 301 10 13 0.027734933 
764 438 18 22 0.027729569 
487 232 9 10 0.02772016 
368 401 23 27 0.027689088 
430 229 9 11 0.027672976 
539 346 14 17 0.027631264 
81 216 7 8 0.027586296 
125 329 13 16 0.02758605 
37 312 11 13 0.02757349 
239 270 9 10 0.027521923 
404 368 13 19 0.027511768 
304 238 7 9 0.027504914 
121 475 12 17 0.02748043 
558 203 17 22 0.027439497 
720 211 13 16 0.027429992 
267 339 13 16 0.027424835 
542 279 12 15 0.02742189 
478 261 11 14 0.027415283 
899 386 16 20 0.027399706 
6 262 8 10 0.027372591 
416 338 12 16 0.027366638 
108 398 16 21 0.027282214 
183 303 9 11 0.027275369 
43 387 21 25 0.027257998 
327 284 9 12 0.027241768 
897 279 9 12 0.02723515 
1001 290 11 14 0.027234517 
105 496 16 21 0.027207283 
693 254 15 18 0.027125597 
917 221 11 14 0.027123429 
666 378 13 17 0.027120495 
262 282 17 22 0.027033133 
413 253 11 13 0.027011331 
472 270 10 12 0.026980378 
151 248 8 10 0.026975913 
173 261 8 11 0.026944254 
2 279 8 11 0.026891395 
379 363 15 19 0.026866881 
266 247 8 10 0.026843203 
495 199 8 9 0.02676512 
63 325 11 13 0.026755953 
361 245 7 10 0.026715063 
876 260 12 15 0.026713585 
92 341 13 16 0.026618114 
367 255 9 11 0.026609993 
502 299 11 13 0.026536657 
319 289 10 11 0.02650081 
948 292 11 15 0.026498526 
549 274 13 16 0.026466278 
59 300 10 14 0.026452066 
413 321 14 16 0.026436515 
352 215 6 9 0.026413994 
636 487 21 27 0.02639918 
481 199 7 9 0.02639405 
804 281 13 16 0.026365822 
251 323 13 16 0.026339633 
477 317 13 15 0.026327712 
639 284 19 22 0.026249638 
79 414 16 22 0.02624873 
226 255 7 10 0.026217882 
458 230 8 12 0.026203513 
444 299 12 14 0.026193868 
210 237 7 10 0.026121013 
872 261 10 12 0.026044194 
203 505 25 31 0.026030503 
834 215 11 15 0.025998168 
580 316 12 16 0.025976544 
373 470 26 30 0.025974765 
333 286 9 11 0.025959507 
977 213 14 17 0.025938604 
379 333 13 18 0.025912888 
409 285 10 13 0.02587406 
247 279 9 11 0.025784066 
230 239 8 10 0.025781678 
494 298 12 14 0.025743272 
397 394 14 18 0.025667652 
301 383 18 24 0.02563863 
60 334 14 16 0.025603034 
535 200 7 10 0.025579816 
815 349 11 14 0.025567733 
234 346 14 18 0.025510231 
871 367 12 16 0.025500014 
845 474 22 27 0.025487203 
631 332 15 17 0.025443224 
626 390 16 21 0.025438525 
805 455 16 22 0.02542016 
214 342 13 16 0.02541423 
949 409 16 19 0.0254066 
24 271 8 10 0.02539262 
184 277 9 11 0.025371667 
123 422 20 25 0.025345383 
412 469 19 23 0.025338694 
279 225 7 8 0.025302717 
416 240 9 11 0.025262931 
748 210 12 16 0.025227347 
895 206 9 11 0.025177028 
584 214 10 12 0.025172906 
891 389 14 16 0.025168274 
564 253 11 13 0.025136473 
517 317 11 14 0.025112158 
369 315 13 17 0.025076104 
312 224 6 8 0.025075365 
823 494 24 30 0.025052654 
223 272 8 10 0.025004985 
1004 297 16 20 0.024999317 
478 498 14 17 0.024961228 
550 476 26 32 0.02493143 
694 474 15 18 0.024929918 
398 240 8 10 0.024927014 
937 232 18 22 0.024885066 
133 333 12 15 0.02484784 
866 412 22 24 0.024828764 
76 527 17 21 0.024819592 
106 439 15 20 0.02477142 
338 562 16 16 0.024727706 
678 380 14 18 0.024708178 
310 256 8 10 0.024666931 
676 369 15 18 0.024642503 
462 246 9 12 0.024616124 
374 488 18 21 0.024614176 
408 276 11 12 0.024613423 
418 356 18 23 0.024612458 
642 333 12 16 0.024607982 
151 231 9 12 0.024593698 
13 417 13 18 0.024574526 
313 174 9 11 0.024471503 
167 309 10 14 0.024431033 
214 257 8 10 0.024396712 
191 430 22 26 0.024378128 
178 198 7 9 0.024365457 
638 324 14 17 0.024333168 
307 318 12 15 0.024325944 
209 230 8 10 0.02431005 
296 239 6 8 0.024305286 
823 356 12 15 0.02417634 
975 209 10 14 0.024145074 
926 172 8 10 0.02410669 
495 310 11 14 0.024058815 
224 321 11 15 0.024043033 
776 217 18 22 0.024034603 
279 308 11 15 0.023999354 
656 174 10 12 0.023979433 
655 261 11 14 0.023959793 
163 450 14 18 0.023949523 
884 400 22 24 0.023898222 
939 335 15 20 0.02388557 
918 198 8 10 0.023871746 
790 260 13 17 0.023854995 
133 322 11 16 0.023846064 
239 263 7 9 0.023836596 
424 192 7 9 0.023820732 
431 239 8 11 0.023816261 
287 308 11 16 0.023756847 
405 386 14 18 0.023755101 
503 492 24 27 0.023731748 
617 367 19 24 0.023716893 
0 551 9 14 0.023714436 
231 333 11 15 0.023703631 
763 353 15 20 0.023653897 
892 214 10 14 0.023630181 
446 203 16 22 0.023624813 
149 391 21 25 0.023603756 
393 218 8 11 0.02354703 
966 531 29 35 0.0235385 
334 294 10 13 0.02353175 
266 239 8 9 0.023519427 
232 260 8 10 0.02351746 
73 315 13 15 0.023502272 
565 235 10 12 0.023501934 
320 247 7 9 0.023482211 
240 231 6 8 0.023477668 
965 462 16 22 0.023461226 
105 221 8 10 0.023453202 
622 511 22 28 0.023450686 
224 225 8 9 0.02342666 
100 295 10 11 0.023415163 
96 499 23 29 0.0234 
489 493 24 29 0.023392653 
903 230 10 14 0.023386344 
902 292 11 14 0.023377687 
416 221 8 11 0.023349175 
344 222 7 10 0.0233168 
359 256 8 11 0.023276828 
829 207 12 15 0.023248812 
399 246 8 10 0.023204844 
929 465 29 40 0.023098094 
877 365 13 18 0.02306411 
670 189 8 11 0.023054421 
389 395 13 17 0.023042442 
949 208 11 13 0.022999762 
1 483 11 16 0.022997886 
444 287 12 15 0.022977803 
747 365 20 25 0.022962196 
69 246 9 10 0.022941835 
902 261 10 12 0.022915721 
191 200 8 9 0.02290354 
241 469 26 35 0.022755856 
449 263 10 13 0.022745494 
2 419 15 21 0.022742337 
133 458 24 28 0.022696769 
983 399 14 18 0.022692338 
510 192 7 8 0.0226384 
90 525 17 20 0.022606423 
488 193 7 9 0.022592107 
820 348 13 16 0.022588432 
160 492 28 34 0.02255047 
491 335 18 23 0.022487676 
263 302 11 14 0.022470467 
956 385 16 20 0.022470456 
177 428 23 25 0.02246156 
193 415 17 22 0.022379242 
230 230 8 10 0.022351725 
644 393 13 17 0.022301016 
27 364 14 19 0.022293271 
352 208 6 9 0.022281453 
129 280 18 22 0.0222672 
475 390 14 18 0.022240555 
937 326 11 15 0.0222384 
491 546 27 30 0.022233404 
349 243 10 12 0.022147285 
320 239 6 9 0.022138122 
64 319 9 11 0.022129182 
575 182 9 10 0.02212081 
313 299 10 13 0.022074418 
52 554 17 19 0.022062799 
233 247 7 9 0.022061348 
745 205 10 13 0.022039909 
215 224 8 9 0.022039909 
314 198 8 9 0.022021716 
497 437 25 30 0.022009607 
664 510 27 32 0.02198377 
320 254 9 11 0.021977108 
573 228 9 11 0.021974325 
782 293 13 17 0.021947963 
306 278 19 24 0.021917883 
615 201 10 13 0.021814644 
711 282 14 18 0.021735476 
72 269 9 10 0.021732843 
93 540 14 18 0.02172289 
777 544 30 31 0.02169361 
413 200 8 11 0.021679897 
101 396 14 19 0.021677503 
366 259 18 23 0.021643227 
201 190 8 10 0.021642558 
0 532 11 17 0.021519003 
471 201 7 9 0.021517793 
112 246 8 10 0.021499548 
125 271 8 10 0.021496147 
383 221 7 10 0.021495275 
519 394 16 20 0.021483684 
903 284 11 14 0.021481153 
510 480 24 26 0.021478776 
253 304 11 13 0.02145274 
24 318 12 14 0.02145071 
400 253 9 12 0.021447837 
453 482 17 23 0.021442518 
198 256 7 9 0.021424519 
317 289 18 23 0.021411996 
428 430 24 30 0.021384748 
574 253 10 12 0.021377226 
910 206 10 12 0.02136733 
37 366 13 16 0.021322707 
159 272 9 10 0.021278681 
43 316 11 14 0.0212745 
450 433 23 31 0.021273917 
357 338 13 18 0.021261347 
175 304 9 11 0.021220883 
365 334 15 19 0.02120415 
671 265 15 19 0.021201428 
906 471 23 29 0.021193564 
184 263 8 10 0.021190329 
343 287 10 12 0.021177843 
433 194 6 8 0.021157084 
534 258 11 15 0.02110104 
869 356 10 15 0.02110047 
520 201 8 10 0.021083985 
448 411 14 19 0.021062296 
559 294 11 14 0.021015763 
670 199 9 12 0.020996906 
864 284 12 15 0.02099667 
963 337 16 19 0.020995945 
258 261 8 10 0.020975059 
545 464 24 32 0.020961162 
389 296 18 24 0.020937324 
762 218 11 16 0.02091193 
343 275 11 12 0.020892495 
248 271 9 10 0.020889344 
425 228 10 12 0.02088916 
862 195 10 13 0.020873405 
640 206 11 14 0.020831978 
199 232 7 9 0.020821495 
369 213 8 10 0.02081259 
352 272 19 25 0.020795923 
518 510 25 31 0.020784274 
567 201 8 10 0.020776337 
191 291 9 11 0.020739991 
431 323 12 17 0.020706894 
731 285 14 19 0.020695046 
337 224 8 9 0.020664629 
106 271 8 10 0.020660484 
401 200 7 9 0.020613888 
476 493 24 32 0.020598905 
209 257 8 10 0.020574557 
518 201 18 23 0.020535588 
428 193 19 25 0.020535257 
121 362 12 17 0.020530393 
118 443 14 18 0.020508766 
336 232 7 9 0.02049153 
267 351 15 19 0.020490851 
98 237 8 11 0.020442698 
499 338 12 15 0.02042968 
226 214 7 9 0.020425024 
158 351 10 14 0.020408345 
741 531 24 28 0.020402001 
77 363 13 16 0.02033091 
185 244 9 11 0.020325938 
538 182 8 10 0.0203169 
424 210 16 22 0.020308154 
783 453 23 28 0.020295326 
999 300 13 17 0.020268632 
290 238 7 9 0.020261541 
522 546 27 32 0.0202599 
101 332 12 14 0.020250294 
28 356 12 16 0.020249467 
91 531 25 30 0.020219997 
99 318 20 23 0.020199154 
63 415 18 21 0.020156939 
600 177 10 11 0.020151835 
158 237 8 10 0.020150367 
715 439 23 28 0.02008316 
617 508 17 21 0.02005868 
636 355 16 19 0.020032017 
628 473 17 21 0.020026537 
0 413 10 17 0.020000873 
