2_Demonstration_Demonstrators_2_314
180
68 325 32 46 0.9869718 
415 254 27 34 0.98425716 
204 267 28 36 0.9168083 
3 320 22 28 0.9038567 
607 360 37 67 0.8987793 
257 269 26 30 0.82558537 
483 301 26 39 0.7973161 
507 255 28 32 0.7512706 
20 390 40 55 0.61353964 
113 263 25 28 0.38982692 
526 313 30 37 0.2983492 
334 294 16 20 0.29198733 
382 279 22 32 0.28893724 
236 395 33 45 0.27847677 
695 374 58 102 0.26388282 
896 386 50 53 0.2601826 
221 578 30 32 0.24182706 
81 496 42 53 0.23547795 
213 699 77 71 0.20917499 
573 310 29 34 0.206672 
141 262 16 23 0.19976509 
402 249 31 37 0.19460043 
63 228 29 35 0.19208083 
547 262 14 19 0.18845746 
659 253 51 60 0.18567471 
128 262 23 27 0.17006576 
225 311 28 36 0.15715672 
281 294 32 41 0.15379827 
1 275 11 18 0.15216245 
245 263 26 34 0.15204911 
57 295 29 34 0.1375965 
362 416 50 57 0.13245909 
468 306 32 37 0.12278717 
531 253 15 21 0.11636804 
653 290 17 22 0.11533904 
522 256 17 21 0.103849135 
596 255 18 21 0.10221466 
540 255 19 24 0.10169703 
321 367 37 43 0.097959384 
565 276 22 27 0.09363027 
376 401 50 57 0.08847122 
743 353 24 41 0.08554956 
130 301 31 36 0.08458625 
91 303 28 34 0.082654946 
642 262 47 57 0.08156827 
65 309 31 42 0.070027635 
503 266 28 35 0.06716475 
45 391 41 54 0.06536751 
665 267 30 35 0.06536371 
389 268 24 33 0.064192005 
271 272 17 23 0.064180754 
178 243 17 20 0.062093344 
183 322 58 61 0.060854096 
80 310 30 41 0.059681505 
247 390 41 54 0.058279097 
604 644 89 90 0.058034558 
651 280 27 36 0.057960924 
412 92 29 29 0.056724522 
759 296 51 60 0.05485298 
216 273 19 24 0.054152016 
468 449 43 57 0.05279742 
45 298 44 52 0.05271309 
519 307 25 37 0.05259652 
494 298 26 38 0.052412625 
636 278 30 34 0.0523743 
583 272 45 53 0.05195917 
51 489 54 62 0.051832553 
611 261 15 21 0.05176213 
7 472 45 71 0.050320994 
118 306 31 34 0.047967784 
50 328 29 35 0.047061965 
671 384 47 77 0.046507612 
582 267 11 16 0.045910057 
272 278 27 33 0.04493257 
0 395 49 70 0.04435754 
500 304 34 45 0.04273045 
60 282 29 34 0.042545497 
269 301 26 37 0.042407442 
432 264 16 21 0.04197708 
628 228 86 97 0.04105168 
877 441 53 65 0.040568545 
447 311 40 48 0.039731026 
235 263 24 35 0.039700177 
172 339 54 61 0.0393967 
575 290 43 51 0.038247332 
637 44 12 14 0.037967544 
159 269 31 31 0.037257213 
502 282 25 38 0.036911692 
603 263 17 20 0.036200475 
589 266 14 17 0.036052443 
19 478 26 45 0.03587192 
151 723 62 50 0.03476478 
763 302 17 22 0.03392313 
3 257 16 21 0.033309713 
531 398 43 48 0.03311293 
863 401 46 55 0.03284314 
197 272 19 26 0.03131538 
292 445 59 62 0.031116951 
641 290 32 37 0.030909935 
449 473 52 64 0.030810442 
534 321 33 36 0.03073664 
406 394 31 43 0.030470485 
709 328 49 64 0.030136887 
249 252 27 32 0.029796751 
203 357 51 63 0.029354984 
130 245 16 17 0.028979897 
881 404 58 64 0.028824631 
732 296 16 18 0.028726574 
147 294 29 37 0.028670048 
394 281 13 20 0.028605435 
258 418 31 42 0.028605057 
657 262 10 13 0.028047826 
53 295 18 22 0.027970599 
102 257 26 33 0.0279654 
314 345 35 46 0.027777396 
84 348 32 44 0.027635159 
119 251 27 31 0.026642984 
172 260 28 35 0.026493678 
595 263 28 32 0.026222726 
154 283 25 33 0.026124531 
533 234 12 15 0.02604393 
435 332 42 51 0.02596666 
591 257 14 20 0.025512602 
280 274 16 20 0.02548629 
189 323 35 37 0.025332458 
985 690 39 83 0.025121385 
573 270 14 16 0.025104629 
554 286 26 34 0.025088996 
579 273 14 19 0.025069892 
170 249 25 31 0.024992302 
660 265 15 20 0.024671273 
553 528 40 34 0.02460154 
265 258 19 24 0.024265075 
486 350 39 51 0.02401654 
281 459 33 44 0.024010928 
270 306 16 23 0.023821063 
0 272 18 28 0.023682991 
43 211 42 45 0.023569888 
730 362 51 67 0.023568872 
609 343 30 41 0.023526471 
32 329 24 30 0.023287656 
542 298 29 37 0.023269834 
506 486 33 33 0.023166593 
234 297 41 50 0.023024438 
667 265 17 24 0.022858942 
659 274 15 21 0.022814061 
227 306 19 25 0.022678817 
1 254 11 16 0.022664757 
533 491 59 52 0.022622585 
404 358 19 20 0.022477543 
11 326 23 31 0.022376146 
388 331 28 34 0.022363776 
234 414 34 44 0.02233202 
793 72 29 30 0.022301864 
236 450 39 42 0.022291338 
223 318 18 23 0.022056915 
182 256 25 29 0.021908144 
32 191 30 40 0.021797877 
398 262 17 23 0.021792855 
169 239 20 28 0.021644758 
729 292 25 33 0.021587286 
763 297 29 36 0.021536136 
743 317 51 65 0.021341722 
160 301 55 59 0.021337971 
585 254 9 13 0.021206792 
252 438 28 39 0.021181647 
-1 334 12 24 0.021051817 
654 277 12 16 0.021022346 
185 248 17 19 0.020846818 
1 262 23 29 0.020809978 
210 284 40 49 0.020683197 
43 437 11 16 0.020639906 
196 329 18 20 0.020385316 
565 46 12 14 0.020349218 
340 404 55 60 0.020345438 
552 306 40 44 0.020299705 
266 407 35 46 0.020257127 
26 401 55 74 0.020136712 
186 264 26 33 0.020119434 
518 410 47 50 0.020095004 
