2_Demonstration_Political_Rally_2_741
104
123 499 28 54 0.9870193 
571 479 45 60 0.9855181 
738 477 15 21 0.9010136 
202 477 27 40 0.7859317 
671 434 12 15 0.33520558 
656 438 10 12 0.27717575 
758 445 11 14 0.21303426 
731 451 11 16 0.18191884 
64 476 26 38 0.18188685 
759 450 13 16 0.164201 
870 494 51 65 0.1607797 
783 438 12 14 0.15656295 
832 455 8 11 0.14970368 
196 401 36 39 0.12388872 
796 496 16 19 0.108939774 
641 439 10 13 0.102653556 
792 484 23 28 0.09734617 
86 517 35 41 0.0940953 
772 476 11 15 0.08802823 
588 414 24 32 0.08322929 
667 469 13 17 0.08210907 
753 444 11 14 0.07357254 
725 453 14 20 0.07233495 
645 444 9 11 0.07177492 
718 449 15 20 0.06964619 
724 443 14 20 0.069425866 
824 455 10 12 0.06864696 
604 421 15 21 0.06852203 
241 413 25 31 0.06834088 
75 493 34 55 0.06731513 
836 454 8 12 0.059760742 
901 459 9 13 0.05541845 
763 444 11 15 0.05014861 
781 460 16 20 0.048732523 
766 440 9 12 0.047728304 
691 471 16 19 0.04548328 
837 483 12 17 0.044260748 
744 477 16 19 0.043718822 
717 438 15 17 0.04275533 
904 496 42 57 0.040969152 
658 430 10 13 0.03982919 
670 420 11 14 0.039781705 
660 444 10 12 0.039362352 
720 429 11 13 0.03896741 
756 481 14 19 0.035293113 
781 451 15 19 0.03456892 
955 505 41 53 0.03307351 
783 473 25 31 0.03285869 
675 431 12 15 0.032609414 
733 469 15 22 0.03233544 
777 468 21 28 0.031953715 
767 471 11 16 0.03183581 
183 391 34 47 0.031191655 
51 490 37 54 0.030000059 
883 461 26 33 0.029656976 
661 436 11 15 0.029631091 
963 453 12 15 0.029051013 
265 412 40 49 0.029016197 
726 479 16 22 0.028488075 
894 460 14 17 0.028464237 
670 414 10 14 0.028442236 
774 470 12 17 0.028405763 
663 429 11 15 0.028046552 
630 438 10 14 0.027167127 
832 482 12 16 0.026778867 
695 462 12 16 0.026410036 
741 451 13 16 0.02620446 
710 457 14 17 0.025825609 
659 397 12 15 0.025679043 
685 452 10 15 0.025530882 
848 459 82 108 0.0253448 
895 439 9 12 0.024988806 
763 478 15 21 0.024696978 
260 418 15 21 0.024669632 
263 410 26 35 0.024572574 
687 428 10 12 0.024563419 
439 386 30 36 0.024438672 
519 395 29 44 0.024240127 
487 732 47 74 0.02383972 
672 463 20 28 0.02383828 
645 420 12 17 0.023693336 
644 427 10 13 0.023631671 
274 395 23 32 0.023568263 
677 460 12 15 0.023488171 
306 439 26 35 0.023437966 
569 412 45 48 0.023082945 
812 442 13 15 0.022996325 
711 428 9 12 0.022734595 
684 436 11 14 0.022696149 
620 442 12 15 0.022443322 
85 174 399 432 0.02243146 
780 433 18 23 0.02231293 
283 384 24 33 0.021869315 
814 452 10 13 0.021633198 
859 433 14 15 0.02124592 
32 492 42 57 0.021206673 
693 427 11 14 0.021019116 
678 454 10 13 0.020790985 
617 260 24 31 0.020773843 
949 453 9 12 0.020714479 
703 429 9 13 0.020393647 
246 429 26 38 0.020356353 
686 459 11 16 0.020327205 
544 400 33 43 0.020026557 
