2_Demonstration_Demonstrators_2_268
283
268 256 26 31 0.99921286 
78 283 32 42 0.9988801 
362 263 23 29 0.9904861 
976 260 39 47 0.98779374 
30 265 16 19 0.981351 
574 281 25 28 0.9719875 
682 246 19 24 0.97065824 
840 278 22 24 0.95921123 
721 360 22 28 0.91607285 
538 248 13 17 0.89801264 
452 261 11 14 0.8869814 
949 262 15 21 0.8704288 
238 261 16 18 0.82623154 
616 277 12 15 0.8071482 
75 251 14 18 0.80111676 
878 255 17 19 0.7513732 
601 258 10 13 0.73339397 
217 252 13 17 0.60651356 
164 285 22 25 0.568201 
292 300 21 28 0.54825246 
504 266 11 14 0.54274845 
103 265 9 12 0.3792211 
727 255 9 11 0.3672954 
154 265 21 22 0.35996696 
409 247 10 12 0.31202438 
442 276 10 12 0.302957 
135 271 13 16 0.26657948 
204 317 12 17 0.24273585 
852 326 12 15 0.23710436 
912 246 11 13 0.23500426 
156 271 24 28 0.23364589 
471 291 12 14 0.23186623 
214 265 13 15 0.22804207 
640 291 10 12 0.21786833 
487 263 12 14 0.2126533 
0 281 11 19 0.19758421 
525 254 9 13 0.19406602 
782 256 8 9 0.18602379 
929 255 9 11 0.18015933 
502 284 11 14 0.17977044 
665 251 10 12 0.17392686 
492 262 11 14 0.16837199 
341 276 14 18 0.15844157 
768 262 9 10 0.14720139 
625 254 8 11 0.14312924 
642 247 9 11 0.14077573 
581 264 14 15 0.13685745 
204 269 12 15 0.12608302 
367 244 12 14 0.1233503 
82 260 11 15 0.12134131 
613 290 11 14 0.117559336 
671 252 9 14 0.115393415 
413 251 10 13 0.10252795 
818 256 7 10 0.09917497 
429 278 8 12 0.09916306 
423 303 10 14 0.09902705 
459 260 11 14 0.09846537 
447 257 12 15 0.09520359 
726 248 9 12 0.094511285 
623 260 10 11 0.09445357 
761 256 7 9 0.09396787 
310 262 9 11 0.09123169 
849 253 9 11 0.0886709 
834 254 9 13 0.0873978 
388 268 12 16 0.086867176 
437 186 15 17 0.08452881 
202 273 10 14 0.08179042 
640 251 10 13 0.08098545 
469 255 10 12 0.0786692 
785 271 9 12 0.078352265 
855 253 10 12 0.07469661 
774 310 8 10 0.07399898 
12 276 11 15 0.07213496 
301 272 18 21 0.07102936 
638 311 9 12 0.070824765 
507 262 11 15 0.07065436 
918 251 9 12 0.07039494 
712 129 11 14 0.06908361 
441 260 11 13 0.067830995 
62 261 12 16 0.067618504 
717 311 11 12 0.06666647 
176 289 13 18 0.06659524 
93 281 25 34 0.065037794 
594 282 14 20 0.062451206 
766 257 8 10 0.06041712 
656 261 8 11 0.06000387 
12 330 11 15 0.060002416 
607 240 10 12 0.059880845 
631 285 11 14 0.059873167 
162 295 26 31 0.059720587 
406 234 16 20 0.05885413 
862 248 9 12 0.055967018 
446 267 13 16 0.055075325 
784 262 9 10 0.054965854 
389 254 11 14 0.053363428 
933 259 11 13 0.05315089 
775 271 8 10 0.05305007 
777 278 9 10 0.052455805 
824 277 11 14 0.05219493 
629 254 9 11 0.052009568 
519 257 13 17 0.05126188 
612 299 11 13 0.051221665 
773 263 8 10 0.050972737 
443 302 11 14 0.050662734 
621 246 10 12 0.050022587 
643 293 10 12 0.050022293 
621 331 11 12 0.049791694 
1005 235 16 21 0.049603913 
583 248 10 11 0.04864456 
806 262 8 9 0.04839557 
782 276 9 11 0.048075065 
537 231 10 13 0.04656866 
847 320 20 26 0.046468318 
821 256 9 11 0.04571566 
761 261 9 11 0.045403674 
462 255 11 14 0.045083143 
390 273 12 18 0.04475842 
720 270 8 11 0.044701535 
424 284 11 15 0.044667173 
733 254 8 11 0.04448457 
486 291 9 13 0.04395326 
535 236 12 16 0.043834794 
759 268 10 12 0.043359526 
904 246 10 12 0.04326614 
429 301 12 14 0.043180175 
742 288 7 10 0.04313146 
62 251 14 18 0.042575754 
791 263 7 10 0.042535048 
721 247 9 12 0.042312957 
452 219 12 14 0.04190398 
960 365 32 35 0.04133422 
728 276 9 11 0.040688407 
800 263 8 10 0.040616643 
777 255 9 10 0.04031041 
605 298 13 16 0.04024974 
852 385 13 15 0.04022268 
870 266 12 17 0.040185846 
419 236 10 14 0.040009357 
762 278 8 11 0.039176892 
722 253 9 12 0.039076768 
448 239 8 11 0.03856722 
616 244 10 12 0.03849532 
754 257 6 8 0.03847359 
668 246 11 16 0.0383502 
476 287 11 14 0.038210887 
416 260 11 13 0.037865996 
503 274 13 18 0.037730552 
514 314 14 17 0.03648975 
501 263 17 23 0.03647709 
24 316 11 13 0.035956077 
55 245 12 16 0.034789197 
322 271 17 21 0.034771986 
919 278 10 13 0.034510132 
232 259 15 18 0.034350906 
300 293 13 16 0.034174033 
642 241 8 11 0.03415842 
343 268 22 28 0.033639073 
570 336 9 10 0.03351373 
454 237 10 12 0.033365604 
179 233 22 28 0.03323621 
505 282 15 18 0.032920074 
342 255 11 14 0.032612864 
483 260 20 25 0.032423556 
85 234 12 15 0.03241422 
106 285 15 24 0.032402948 
644 252 10 12 0.032373045 
5 276 13 20 0.032054167 
935 247 10 12 0.031953122 
881 263 15 18 0.03193238 
582 252 12 13 0.031684525 
898 349 13 15 0.031447224 
872 258 14 18 0.030434053 
451 273 13 16 0.030274041 
734 271 8 11 0.029906452 
481 261 10 13 0.02974008 
109 278 12 15 0.029182412 
780 308 10 12 0.02915534 
330 270 19 25 0.02907958 
286 243 12 16 0.029031912 
905 251 10 13 0.028962253 
327 311 11 15 0.02891771 
775 294 9 12 0.028848285 
752 261 8 10 0.028528528 
616 255 8 10 0.028513268 
480 267 11 14 0.028343048 
408 318 11 14 0.028240092 
872 254 11 14 0.02816877 
508 239 11 13 0.02794607 
477 275 11 14 0.027886223 
206 285 10 12 0.027623001 
14 272 10 13 0.027506292 
505 244 10 12 0.027371138 
646 270 8 11 0.02730692 
276 226 14 15 0.027269695 
6 329 13 20 0.026905136 
629 262 10 13 0.026658945 
799 268 9 10 0.02659417 
101 272 15 21 0.026352068 
658 245 9 13 0.02626052 
437 243 11 14 0.026247304 
130 246 8 10 0.026185295 
801 279 8 10 0.026124809 
734 276 7 10 0.026112814 
397 282 11 15 0.02599932 
150 270 16 22 0.025945915 
129 274 13 15 0.025844272 
588 247 10 13 0.025816817 
599 238 10 12 0.025719399 
494 257 11 13 0.025587708 
742 272 8 11 0.02547258 
721 276 9 11 0.025451798 
766 284 8 11 0.025073843 
460 277 10 13 0.025055276 
597 255 18 21 0.024808008 
833 248 9 11 0.02468849 
836 259 10 12 0.024682727 
671 256 12 16 0.02459042 
575 262 14 16 0.024416493 
769 303 8 11 0.024409017 
18 326 21 27 0.024404803 
589 261 11 13 0.024340644 
631 267 11 14 0.023991397 
732 260 9 11 0.023980243 
198 307 22 27 0.023700966 
463 248 10 12 0.02366793 
106 260 12 17 0.023663975 
431 272 9 12 0.023648681 
587 278 15 19 0.02364675 
477 221 406 493 0.023645489 
567 254 9 11 0.023636345 
380 266 14 19 0.023592493 
285 260 24 29 0.023573827 
190 287 11 14 0.023550503 
616 262 8 10 0.023470886 
622 240 8 11 0.023410495 
591 254 10 12 0.023394465 
752 309 8 11 0.023250693 
55 259 13 19 0.023169724 
118 306 15 19 0.023137517 
33 339 12 15 0.02293364 
547 252 12 15 0.022930594 
1 348 26 42 0.022593044 
152 282 25 31 0.022578988 
191 269 9 13 0.022571063 
657 255 8 12 0.022524333 
388 261 20 28 0.02246033 
592 231 10 11 0.022356458 
586 266 14 17 0.022265218 
774 304 9 11 0.022252433 
182 248 12 16 0.022132259 
800 256 8 10 0.022086594 
751 278 9 12 0.021946058 
830 271 10 14 0.021928763 
645 277 10 12 0.02186114 
814 270 11 13 0.021858234 
195 292 11 13 0.02180049 
417 302 10 13 0.021667715 
97 261 11 14 0.021604016 
824 311 9 11 0.021439277 
3 287 13 18 0.02143878 
275 287 16 19 0.021385156 
71 270 31 39 0.021258922 
575 253 11 12 0.021100754 
454 246 10 12 0.02110043 
398 308 11 14 0.021083504 
526 245 12 16 0.021047022 
95 252 11 14 0.021045802 
198 285 10 12 0.02095426 
910 269 10 13 0.020921769 
439 306 12 13 0.02085634 
639 300 12 15 0.020680092 
807 292 11 15 0.020670183 
422 270 10 14 0.020610947 
440 255 19 25 0.020557944 
69 295 18 21 0.020368526 
419 243 11 15 0.020288875 
407 302 9 13 0.020283079 
708 262 13 15 0.020254804 
873 281 16 19 0.020194817 
178 305 15 18 0.020160846 
419 253 11 14 0.020142369 
645 299 11 15 0.02010368 
180 205 12 14 0.020031082 
