2_Demonstration_Demonstrators_2_330
33
482 402 117 162 0.9998116 
698 285 104 127 0.9996953 
643 353 53 75 0.9665542 
435 355 44 68 0.5015892 
935 187 102 153 0.12673756 
681 252 32 39 0.12610704 
661 321 80 106 0.11687472 
424 358 34 46 0.10642953 
443 155 43 56 0.09760818 
371 167 30 40 0.08725282 
412 149 23 27 0.0818832 
590 387 54 84 0.07437863 
477 357 34 41 0.06570008 
118 658 97 113 0.061814915 
137 684 59 69 0.050522912 
449 357 57 73 0.04418481 
616 364 60 78 0.039403174 
117 697 57 58 0.03752919 
980 716 29 28 0.035031095 
469 140 40 56 0.031856753 
491 351 19 22 0.030468764 
1001 689 17 23 0.02688546 
559 379 78 123 0.02553348 
974 703 46 50 0.02543041 
892 90 149 238 0.024638653 
585 400 36 52 0.023214972 
406 154 33 43 0.021773469 
975 221 54 108 0.021739244 
398 351 52 78 0.021261986 
164 654 34 43 0.020641372 
45 466 202 282 0.020292317 
154 707 31 44 0.020280417 
422 175 36 42 0.020058317 
