2_Demonstration_Demonstrators_2_689
55
350 319 74 84 0.99683785 
185 261 33 52 0.99396646 
122 312 41 53 0.9763499 
256 227 20 25 0.91855985 
2 248 17 23 0.8347023 
297 250 31 42 0.81421816 
51 260 15 20 0.73296213 
148 235 15 21 0.71328497 
173 232 17 20 0.665999 
314 208 20 23 0.548802 
218 213 16 21 0.53335136 
350 194 17 20 0.49922314 
86 235 16 19 0.4588673 
929 225 36 66 0.42972323 
38 237 14 16 0.41316217 
509 568 54 52 0.3061213 
316 220 26 31 0.26777357 
4 361 78 101 0.19173287 
163 230 20 26 0.13403507 
333 251 27 39 0.09956007 
42 210 13 16 0.0948118 
938 206 31 63 0.08822326 
875 206 42 75 0.084589355 
307 234 34 45 0.08359399 
212 206 17 20 0.0779816 
301 228 27 36 0.07540018 
293 234 24 34 0.07180451 
304 247 46 52 0.066894054 
94 274 30 37 0.06329772 
343 193 16 20 0.05516438 
442 345 41 64 0.0497668 
348 200 22 27 0.043574687 
47 219 10 13 0.043288626 
91 244 15 20 0.041260563 
402 327 52 77 0.038518753 
68 216 10 12 0.038237374 
45 229 13 16 0.03623078 
804 335 194 284 0.035535768 
320 205 24 30 0.034506388 
46 250 38 47 0.034293868 
45 296 17 22 0.033973627 
153 228 17 23 0.03262767 
475 548 108 96 0.030988138 
78 269 24 29 0.030290531 
78 229 14 18 0.030235846 
344 256 18 27 0.029489428 
34 237 11 14 0.028240753 
514 564 32 34 0.027784709 
366 21 145 182 0.024467653 
36 258 25 31 0.023628676 
224 210 16 21 0.023308711 
96 240 15 19 0.02215581 
410 488 220 216 0.020908656 
214 221 18 22 0.020757565 
78 272 37 46 0.020173313 
