2_Demonstration_Demonstrators_2_546
156
943 168 26 37 0.9950104 
802 202 27 33 0.9500018 
986 154 13 18 0.49973506 
148 187 16 20 0.48103872 
888 152 16 19 0.4519688 
320 202 27 35 0.44877928 
200 198 13 15 0.43409365 
357 134 14 18 0.41474298 
218 157 26 30 0.40142626 
302 228 12 15 0.39243114 
479 170 14 20 0.38031498 
326 134 10 12 0.27166986 
678 127 19 26 0.24866875 
1000 181 11 14 0.2414245 
174 210 13 19 0.23454058 
243 136 24 29 0.20598678 
948 149 10 15 0.18679884 
154 180 16 20 0.17655179 
818 156 20 28 0.17074758 
676 127 12 16 0.16996895 
943 152 12 17 0.15641144 
689 128 15 19 0.13971566 
841 176 15 18 0.12596655 
164 202 11 15 0.11147943 
421 133 12 14 0.099255994 
983 158 20 28 0.09507833 
259 141 13 19 0.093685836 
610 151 25 30 0.092526875 
156 194 15 18 0.0903021 
331 133 10 13 0.08731492 
434 184 15 22 0.08243901 
663 167 11 15 0.07752713 
773 166 11 14 0.076529406 
390 127 11 15 0.06599305 
942 153 21 30 0.06303257 
282 172 15 21 0.05958417 
997 157 12 16 0.057317708 
213 152 16 21 0.05727181 
184 188 11 16 0.05724866 
276 163 12 16 0.05567157 
168 207 14 21 0.05424438 
897 217 13 18 0.05390156 
607 290 21 29 0.053316027 
223 197 11 15 0.05324089 
887 139 12 15 0.050751805 
816 157 13 18 0.050448187 
203 191 20 25 0.04939837 
381 188 14 18 0.049118094 
707 160 15 18 0.048748072 
141 175 11 14 0.04721732 
132 205 11 18 0.04705779 
376 180 26 33 0.046507403 
324 137 15 17 0.045600902 
355 128 14 16 0.04448675 
446 223 38 55 0.044123206 
431 239 10 13 0.044009145 
415 142 10 14 0.043228228 
396 131 11 16 0.043093845 
142 179 14 17 0.04267731 
669 172 13 16 0.042528834 
284 257 14 17 0.041297503 
799 201 17 25 0.040591884 
755 146 15 19 0.04048192 
912 252 12 15 0.039969295 
160 197 20 26 0.039794307 
477 297 12 15 0.039656 
311 215 23 31 0.03960058 
106 274 16 20 0.039341617 
352 127 10 12 0.039086115 
569 110 10 13 0.03818431 
621 154 26 31 0.03785 
449 223 11 14 0.037436523 
333 188 36 46 0.037341136 
291 244 16 18 0.037252493 
145 188 26 32 0.0364765 
416 133 11 15 0.036394134 
346 135 26 30 0.035386678 
1004 172 13 17 0.03508623 
343 140 13 16 0.03435173 
149 176 15 17 0.032663662 
529 158 10 14 0.03245202 
225 148 18 22 0.03233729 
463 222 10 14 0.032249715 
442 150 10 13 0.03151406 
1003 162 12 16 0.03146851 
294 222 22 27 0.031159174 
764 155 12 18 0.031063093 
769 168 22 32 0.03091277 
823 152 11 16 0.030753305 
808 163 11 16 0.030633302 
997 173 20 27 0.030334687 
263 122 11 15 0.030168304 
564 484 35 35 0.029760085 
974 161 15 20 0.029318687 
107 273 26 31 0.029076159 
606 154 16 23 0.02890637 
814 202 22 27 0.028358541 
329 196 17 23 0.027902694 
446 151 11 13 0.02748393 
271 298 28 42 0.027461374 
494 174 11 15 0.027431404 
884 138 20 24 0.026727933 
709 147 14 17 0.026632154 
717 150 12 14 0.026533972 
317 225 11 16 0.026468491 
837 182 17 22 0.025955891 
822 166 25 31 0.02586602 
271 157 11 16 0.02585318 
357 163 43 54 0.025484845 
407 133 12 16 0.02522979 
486 227 14 19 0.025080878 
387 133 16 20 0.024796275 
307 221 14 21 0.02474551 
669 164 12 16 0.024571784 
281 249 26 30 0.024533583 
180 184 20 27 0.02448504 
976 227 26 37 0.024418842 
233 154 15 20 0.024325544 
344 133 11 14 0.024181435 
133 198 11 15 0.024080819 
163 229 12 15 0.024047319 
697 163 11 16 0.023781985 
767 162 11 17 0.023594558 
743 148 13 17 0.02331703 
237 137 18 22 0.023285838 
949 182 28 33 0.023109315 
268 277 12 17 0.023073077 
1001 248 24 38 0.02294376 
338 202 16 23 0.022931095 
106 271 10 14 0.022758381 
139 171 23 30 0.02262146 
752 144 12 14 0.022459703 
807 159 22 28 0.022355191 
349 145 14 16 0.022279592 
707 155 27 29 0.02201764 
676 145 24 30 0.021999778 
768 169 13 19 0.021883659 
683 163 12 15 0.021873942 
260 132 13 16 0.021854376 
408 139 13 16 0.021809103 
570 309 13 17 0.021511527 
333 128 10 12 0.021406174 
130 188 37 49 0.021246357 
717 142 13 15 0.020890953 
298 239 14 19 0.020858085 
772 143 11 13 0.02071946 
335 162 46 60 0.020551166 
993 163 18 27 0.020384246 
677 141 16 20 0.020283721 
472 170 24 32 0.020243764 
138 179 11 15 0.020225555 
387 181 15 18 0.02021764 
332 145 12 16 0.020179695 
465 222 24 39 0.020095525 
258 135 22 31 0.020058226 
535 288 13 19 0.020016091 
