2_Demonstration_Protesters_2_91
71
961 209 34 41 0.99950814 
342 241 23 30 0.9797249 
785 241 19 25 0.96703553 
396 243 16 22 0.9183391 
591 257 13 18 0.72835857 
631 250 13 18 0.6778546 
658 273 15 19 0.560757 
314 309 17 20 0.51025 
588 309 26 31 0.26672083 
813 248 21 26 0.25528005 
538 243 15 17 0.17404513 
757 460 52 51 0.16253613 
922 224 15 17 0.15855567 
535 256 14 19 0.13601902 
727 467 36 46 0.11625744 
538 264 14 18 0.10765579 
341 236 17 23 0.10243476 
897 263 28 38 0.08640681 
539 250 15 19 0.079581074 
908 249 14 17 0.07489388 
601 233 11 16 0.0736962 
730 256 16 19 0.06630334 
828 360 16 22 0.06194877 
826 251 17 22 0.06088836 
526 249 12 19 0.058811337 
902 246 14 18 0.049018905 
900 248 24 30 0.04881512 
547 249 11 17 0.04512202 
667 274 11 16 0.045003127 
624 259 11 16 0.04029907 
520 247 12 17 0.040208858 
623 267 11 13 0.039651368 
736 198 10 13 0.03925377 
772 426 29 32 0.038388148 
349 210 12 14 0.038224738 
799 214 24 26 0.03812597 
455 -41 461 493 0.038095575 
860 229 16 22 0.03421337 
447 249 14 20 0.034068603 
604 320 13 18 0.033115763 
807 457 41 48 0.03245867 
293 198 13 15 0.030668233 
609 191 9 10 0.030440692 
257 182 8 11 0.030060075 
808 251 14 19 0.029443454 
732 217 25 30 0.029320527 
604 261 9 13 0.028248291 
583 252 11 17 0.027259761 
746 223 15 20 0.026688967 
-15 62 208 305 0.026152508 
535 322 10 11 0.02606728 
-45 9 369 491 0.025783163 
844 332 12 15 0.02562976 
615 253 10 13 0.024771007 
784 460 32 42 0.024702938 
576 306 41 51 0.024384899 
647 273 14 19 0.02427207 
925 368 19 20 0.024024911 
532 273 13 17 0.023865102 
315 313 24 26 0.02370525 
586 257 11 18 0.023214025 
735 189 11 14 0.02314114 
622 245 12 15 0.02304219 
719 261 11 15 0.022694817 
615 267 11 14 0.02262636 
751 196 11 14 0.022313839 
336 234 15 22 0.022199655 
581 246 10 14 0.021828363 
819 213 17 20 0.021556841 
382 243 22 29 0.021216748 
621 276 12 16 0.021122659 
