2_Demonstration_Protesters_2_684
1565
693 364 12 15 0.9821708 
848 568 53 72 0.96387625 
738 435 15 18 0.9534296 
614 421 13 16 0.93753725 
364 372 12 15 0.93556064 
910 417 19 22 0.93232644 
774 414 13 17 0.92774343 
107 498 18 25 0.9164929 
648 350 10 13 0.9139242 
523 424 15 19 0.91267705 
990 271 10 13 0.9009993 
307 393 14 17 0.89680517 
869 432 21 26 0.88722014 
163 348 12 15 0.88079566 
205 373 12 15 0.87679225 
397 327 10 13 0.87634414 
946 477 30 32 0.8730615 
662 443 17 21 0.86491215 
77 403 13 15 0.85475177 
1004 310 12 15 0.81215364 
229 418 18 22 0.80668867 
336 350 13 16 0.79348826 
93 329 13 15 0.7839065 
465 340 12 15 0.7578543 
620 345 12 16 0.75246984 
449 375 10 12 0.7510103 
647 328 11 13 0.74538743 
200 346 12 15 0.7378567 
855 364 12 15 0.7288 
572 323 11 13 0.7222412 
397 359 10 12 0.6899946 
295 319 9 10 0.682611 
756 326 9 13 0.67887914 
810 307 9 12 0.64967954 
372 351 11 14 0.6205908 
463 373 12 15 0.585464 
140 316 11 13 0.5763087 
885 336 10 13 0.5644934 
829 325 10 13 0.5614297 
418 339 10 14 0.55863076 
378 334 9 12 0.5496472 
937 483 32 38 0.5461513 
536 375 11 14 0.53417885 
816 339 10 14 0.5299617 
38 359 11 13 0.5012628 
544 350 11 14 0.49218398 
113 357 10 12 0.47591278 
740 373 13 15 0.46468166 
309 326 8 11 0.46365005 
479 316 8 10 0.45551246 
441 324 10 13 0.45009992 
500 378 16 19 0.44376996 
601 329 10 14 0.4404441 
145 336 8 11 0.43355983 
688 328 11 14 0.42872164 
683 547 22 27 0.42354012 
633 318 9 11 0.42172703 
422 380 11 13 0.4130852 
207 303 8 11 0.40949833 
574 362 11 14 0.40891337 
748 478 18 22 0.40588608 
571 339 11 15 0.39872962 
392 300 9 11 0.39080805 
993 329 9 13 0.3803517 
563 468 15 20 0.3733178 
308 307 9 13 0.37148246 
850 387 22 27 0.37085414 
505 321 8 11 0.36826995 
429 302 8 10 0.3605523 
71 323 10 12 0.3584304 
382 315 10 12 0.35377404 
828 452 16 20 0.34458667 
335 332 10 13 0.33958307 
775 324 9 12 0.3375515 
612 477 15 18 0.33519462 
10 511 28 34 0.33118463 
216 260 8 11 0.3299423 
160 335 10 12 0.3294094 
502 300 10 12 0.32865232 
326 372 10 13 0.32622996 
958 272 7 10 0.3260881 
399 279 9 11 0.3196258 
463 296 9 11 0.313991 
367 404 11 13 0.3139361 
800 295 8 10 0.31304285 
304 499 13 17 0.31076062 
445 293 8 10 0.30564958 
77 320 10 12 0.3018674 
377 286 9 11 0.2983757 
736 262 9 12 0.29641503 
184 310 9 11 0.29592592 
238 325 10 12 0.29518497 
214 319 8 10 0.2938797 
759 215 8 10 0.28609332 
609 285 8 10 0.2860802 
456 303 9 11 0.28474343 
477 446 12 15 0.28433377 
934 364 10 13 0.27784678 
677 232 9 11 0.27710757 
269 317 9 10 0.27351075 
351 319 9 11 0.26687303 
550 317 10 12 0.26528254 
622 296 8 10 0.26358336 
154 293 9 13 0.26094896 
120 344 10 12 0.26013878 
397 388 11 13 0.25771222 
14 332 9 11 0.25664943 
429 285 8 11 0.25583014 
3 483 16 21 0.2555566 
295 323 10 12 0.245122 
276 383 9 13 0.24415204 
117 425 15 18 0.24400403 
189 318 10 12 0.24391899 
718 406 13 17 0.24389374 
357 326 10 12 0.23758587 
831 343 10 13 0.23650992 
707 412 14 17 0.23484258 
694 182 7 10 0.23206693 
542 316 10 12 0.23059148 
415 294 7 10 0.23017232 
597 352 9 12 0.22788821 
94 367 12 14 0.22699258 
455 276 8 11 0.22031413 
976 271 8 11 0.21724273 
823 217 7 9 0.217153 
939 286 9 11 0.21640316 
60 347 11 15 0.21431322 
159 341 14 18 0.21354227 
897 305 8 9 0.21049951 
926 278 7 9 0.21006082 
669 408 13 17 0.20988318 
48 328 8 10 0.20981415 
998 332 10 13 0.2094438 
581 365 10 13 0.20409569 
556 436 10 14 0.20200343 
973 347 11 14 0.20037895 
573 238 7 10 0.19974259 
210 319 8 11 0.19885899 
614 208 8 10 0.19874059 
305 345 9 11 0.19456622 
430 461 11 13 0.19110827 
929 362 10 13 0.18865442 
217 288 8 10 0.18809819 
376 293 9 11 0.18808737 
289 302 8 11 0.18657355 
479 339 10 12 0.18599114 
87 294 8 10 0.18557073 
888 292 8 11 0.18255086 
425 296 8 11 0.18228136 
887 363 10 13 0.18174921 
446 332 10 12 0.18141542 
570 293 9 13 0.18042481 
617 297 8 10 0.17676653 
366 301 9 11 0.17641015 
279 327 9 11 0.17547254 
398 296 8 12 0.17469196 
292 358 10 13 0.17430285 
377 280 8 11 0.17370868 
333 272 8 10 0.17335576 
350 293 8 10 0.1731146 
253 287 9 12 0.17310241 
687 341 10 12 0.17225377 
593 354 9 12 0.17141199 
441 239 8 10 0.17039095 
398 351 12 14 0.16836269 
798 278 6 9 0.1676261 
376 340 10 13 0.16680652 
981 392 17 21 0.16403386 
599 371 12 13 0.16333751 
490 403 16 23 0.16230749 
422 346 9 12 0.1611631 
839 309 8 10 0.16108328 
345 293 8 9 0.15954572 
185 342 10 13 0.15941188 
793 278 9 11 0.15844297 
6 335 9 11 0.15582533 
358 430 13 16 0.15531957 
56 341 11 14 0.15413955 
905 285 8 9 0.15411298 
980 302 10 12 0.15339597 
598 301 8 11 0.15242542 
753 198 7 9 0.15206863 
341 487 10 12 0.15194486 
653 475 16 18 0.1518841 
183 302 9 10 0.15167518 
305 304 9 12 0.15112229 
345 404 11 16 0.14940082 
396 530 10 15 0.1491267 
688 294 8 10 0.14824456 
416 279 8 10 0.14698474 
468 367 10 12 0.14617449 
422 364 9 11 0.14523314 
343 374 8 11 0.14437303 
266 311 9 13 0.1439882 
384 271 7 10 0.14381021 
349 341 9 12 0.14339748 
941 280 8 10 0.142192 
641 293 8 10 0.14001817 
336 311 8 11 0.13997066 
335 318 9 11 0.13830629 
758 301 10 11 0.13828364 
446 289 9 11 0.13706501 
998 291 9 11 0.13676783 
353 323 10 13 0.13637236 
13 423 12 15 0.13579184 
53 333 10 12 0.13541508 
874 295 7 9 0.13528895 
231 302 9 11 0.13437282 
535 343 10 12 0.1340896 
191 276 10 12 0.13379385 
831 286 8 10 0.13359831 
400 284 9 11 0.13264346 
441 262 8 11 0.13183714 
201 296 8 10 0.13113593 
305 327 8 11 0.13090573 
777 286 9 12 0.12974523 
976 306 10 12 0.12936993 
593 277 8 10 0.12875368 
646 292 8 11 0.12776054 
610 262 7 10 0.12739608 
1014 248 7 10 0.12734698 
502 343 9 12 0.12727304 
343 289 8 9 0.12676139 
279 308 9 11 0.12614223 
249 334 11 12 0.12571155 
359 331 9 13 0.12467938 
170 311 8 10 0.12462582 
1005 258 10 12 0.123054616 
192 324 10 11 0.12298439 
221 342 11 15 0.12273815 
371 418 12 16 0.1219318 
856 294 7 10 0.121720605 
409 294 9 10 0.121462695 
919 295 8 10 0.12089027 
202 301 9 12 0.12042204 
502 277 8 11 0.119845286 
375 390 11 14 0.11966664 
944 300 9 11 0.118519746 
530 420 14 19 0.11811597 
237 448 13 16 0.11784227 
593 301 9 11 0.116885684 
327 296 7 9 0.11671043 
311 288 8 10 0.11661487 
583 279 8 10 0.1161132 
249 292 9 12 0.11583572 
912 265 7 9 0.115276076 
65 600 24 39 0.11492527 
502 356 9 11 0.11442916 
726 215 8 11 0.11441983 
606 468 15 17 0.11405159 
509 320 9 11 0.11313336 
613 284 8 10 0.11292975 
463 262 8 10 0.11286965 
592 272 9 10 0.1126683 
755 418 12 15 0.11264222 
500 271 9 11 0.111312084 
845 398 24 33 0.11056664 
445 350 9 11 0.11031922 
801 223 7 10 0.10995808 
638 206 7 9 0.10957501 
407 311 8 10 0.109505735 
669 343 8 11 0.10932743 
446 261 8 11 0.1091914 
222 294 9 11 0.10857773 
32 356 11 13 0.10796595 
738 386 14 17 0.107788265 
365 270 7 9 0.10778737 
174 311 8 10 0.1069389 
674 235 9 12 0.10679703 
502 350 9 12 0.10670284 
881 481 27 33 0.105713554 
416 379 11 13 0.10562726 
825 294 8 10 0.10552632 
754 402 13 17 0.10533163 
536 318 9 12 0.10491721 
976 293 8 10 0.10490236 
333 398 11 13 0.104511924 
677 160 7 9 0.103589535 
571 289 8 11 0.10358458 
-1 358 8 12 0.10314059 
680 382 10 13 0.103008844 
968 288 8 11 0.10256648 
848 295 7 9 0.102464706 
718 279 7 9 0.10219891 
334 278 8 10 0.10164969 
338 286 7 10 0.10060979 
343 400 10 12 0.10005683 
293 302 8 11 0.09974143 
942 294 9 11 0.099650025 
616 317 10 13 0.0992204 
933 489 18 24 0.098926134 
837 265 8 10 0.09890458 
945 231 6 9 0.098635666 
902 319 8 10 0.09831712 
525 357 9 12 0.09819407 
372 395 13 15 0.09804801 
58 302 7 10 0.09802062 
673 289 8 10 0.09781851 
863 311 10 12 0.097362354 
661 552 10 12 0.097141124 
800 357 11 13 0.09709336 
878 326 9 10 0.09681665 
789 303 9 11 0.096534215 
805 356 10 13 0.0960112 
262 280 8 11 0.09550728 
769 326 8 11 0.09542353 
608 280 8 11 0.09509766 
214 416 13 19 0.09505608 
526 351 9 11 0.09492315 
735 267 8 12 0.09455871 
598 273 8 9 0.09453671 
304 279 7 9 0.094303 
925 272 8 11 0.09396456 
529 327 9 12 0.093928054 
200 253 8 10 0.09382523 
241 279 8 11 0.09363271 
821 453 16 21 0.09347355 
903 229 10 13 0.09345679 
898 319 7 10 0.09343264 
714 444 13 16 0.09284425 
631 368 9 12 0.09240715 
233 318 9 11 0.09222059 
40 309 9 10 0.09183294 
495 262 9 11 0.091784224 
309 319 9 11 0.091322556 
618 480 13 16 0.09100197 
139 384 15 18 0.09087176 
858 317 8 11 0.090756185 
999 223 6 9 0.08958579 
477 437 14 17 0.089347884 
344 304 8 10 0.089095 
734 176 8 9 0.08904517 
264 301 8 11 0.08900609 
537 346 10 14 0.08893273 
509 302 8 10 0.08893041 
423 278 9 12 0.08861551 
294 313 9 11 0.08854239 
711 183 10 12 0.08839747 
656 264 8 10 0.08816956 
534 292 8 11 0.08794767 
727 344 11 14 0.08773639 
209 307 9 11 0.08768281 
713 272 7 9 0.08759278 
367 310 8 11 0.087161906 
738 378 13 16 0.08701914 
672 364 9 12 0.08695261 
452 376 11 15 0.08621476 
598 277 8 10 0.085814774 
922 278 7 9 0.08537401 
415 286 8 12 0.08506029 
1004 339 12 14 0.085036695 
904 281 7 9 0.08457628 
124 342 11 13 0.08427354 
224 300 9 11 0.08399452 
729 303 9 10 0.08386468 
328 412 10 13 0.08382489 
261 564 10 13 0.08377734 
993 224 7 9 0.08368597 
664 356 10 13 0.083456725 
170 303 7 10 0.08333572 
7 372 10 12 0.08317655 
535 324 10 13 0.08285686 
781 342 9 11 0.08274782 
693 301 10 12 0.08259416 
367 296 8 11 0.082558155 
488 254 9 11 0.08226666 
378 311 8 11 0.08218464 
695 238 9 11 0.081706576 
950 296 8 10 0.08133582 
1012 253 9 13 0.08124534 
735 197 7 10 0.08119569 
415 255 9 11 0.08053048 
877 320 8 11 0.08024319 
453 326 10 12 0.08021023 
760 220 7 10 0.080112755 
530 285 9 12 0.07987158 
663 312 8 11 0.07977067 
329 254 7 10 0.079515554 
777 260 10 13 0.07931911 
74 295 8 10 0.07915625 
175 302 8 11 0.078274034 
79 312 8 10 0.078047976 
430 309 8 11 0.07762927 
901 303 8 10 0.07733235 
1002 255 10 12 0.07727929 
901 359 8 12 0.077231236 
301 413 13 18 0.076908216 
838 343 10 13 0.07652925 
761 262 8 11 0.076484166 
288 328 8 11 0.076445915 
974 289 8 10 0.07612918 
188 345 12 16 0.07598888 
896 360 9 12 0.0759769 
375 329 10 11 0.07589062 
959 277 7 9 0.07555286 
231 448 13 17 0.075523674 
690 197 8 10 0.07499447 
465 238 7 9 0.07491343 
87 319 8 10 0.07424862 
20 412 11 14 0.07402638 
40 341 9 10 0.073805146 
192 273 8 9 0.07338074 
497 342 10 12 0.07279785 
718 263 8 11 0.072253585 
910 286 7 9 0.07190338 
981 344 9 11 0.07185576 
31 320 9 12 0.07182373 
425 238 8 10 0.07178677 
759 253 8 11 0.07178542 
119 389 12 15 0.07172878 
677 164 8 11 0.071341984 
605 356 10 12 0.07127586 
135 335 10 13 0.07112878 
589 263 9 10 0.07098856 
533 334 10 12 0.07056907 
938 293 9 12 0.070545964 
276 286 9 11 0.07025306 
586 263 8 10 0.07013987 
415 260 10 11 0.06985437 
775 231 9 11 0.06970906 
639 365 10 12 0.069684334 
191 283 9 12 0.06957043 
922 271 7 9 0.0693098 
503 285 9 11 0.069247656 
994 269 10 13 0.069242775 
367 411 14 18 0.069185875 
440 341 9 11 0.06915988 
510 224 8 10 0.06907443 
1009 191 9 11 0.06901115 
89 333 11 13 0.06879086 
544 394 13 15 0.068167 
160 270 7 9 0.06774997 
638 312 9 13 0.067651965 
327 318 8 11 0.06757873 
114 303 8 10 0.066873476 
231 272 7 9 0.06667009 
6 340 8 11 0.06656568 
263 296 8 11 0.066361375 
497 349 10 13 0.066347346 
418 417 14 18 0.06596802 
757 248 8 10 0.065655045 
478 429 13 15 0.065653265 
468 335 11 13 0.06530354 
774 311 9 11 0.06519419 
605 319 9 12 0.065125875 
655 246 8 11 0.06509558 
102 295 7 9 0.06507127 
667 347 12 14 0.06496596 
431 255 8 10 0.06470012 
600 319 9 12 0.0646763 
428 380 9 12 0.06438609 
833 281 8 10 0.064295955 
528 363 8 13 0.064027384 
591 311 9 12 0.063950986 
893 255 8 9 0.063945696 
429 280 9 11 0.06380647 
707 381 13 16 0.063628376 
1014 271 9 13 0.063581534 
591 296 9 10 0.06353603 
707 395 12 16 0.06346407 
443 397 11 14 0.063240215 
398 271 10 13 0.06322068 
730 296 8 10 0.06317119 
333 373 11 13 0.06316971 
478 214 7 10 0.06309875 
822 262 7 10 0.06295283 
319 358 9 11 0.06290305 
214 310 9 12 0.06287787 
904 270 7 9 0.06287516 
753 247 8 11 0.062612385 
943 270 7 10 0.062224302 
222 417 17 20 0.06198965 
475 317 8 10 0.061984684 
148 340 11 14 0.061879117 
496 309 8 11 0.061822023 
727 208 8 8 0.061545756 
608 296 8 10 0.061536517 
247 255 7 9 0.06146264 
259 537 13 16 0.061420523 
173 317 9 11 0.061237764 
670 359 9 12 0.061193995 
153 288 9 11 0.06117474 
641 325 8 11 0.061141066 
329 405 11 14 0.061122704 
862 317 8 11 0.06082228 
833 309 10 10 0.060580947 
79 295 9 11 0.06056452 
381 278 9 11 0.060489975 
818 217 7 8 0.060460687 
308 417 12 16 0.060234126 
232 308 9 12 0.060229268 
780 325 10 13 0.060137175 
726 220 9 11 0.060106166 
583 285 9 10 0.060101867 
731 271 8 9 0.060062487 
313 294 7 10 0.059974454 
362 436 11 14 0.059932567 
361 368 11 14 0.059904285 
96 296 7 9 0.059712738 
52 328 9 11 0.059525598 
486 312 7 10 0.05945 
622 317 9 12 0.0591737 
294 296 8 10 0.058884926 
470 261 10 11 0.05885366 
456 261 8 10 0.058774263 
343 343 12 14 0.05854052 
214 408 12 15 0.058426123 
809 279 7 9 0.0582811 
942 348 9 11 0.058216777 
920 231 7 9 0.05820138 
509 343 9 12 0.058090515 
623 337 10 13 0.058010858 
818 221 7 9 0.057715762 
384 304 8 9 0.057622973 
845 392 17 21 0.057471275 
409 254 9 11 0.057468764 
793 342 9 11 0.05738085 
862 339 9 11 0.057312056 
833 304 8 10 0.05728819 
47 415 11 13 0.057113726 
241 254 7 9 0.056988057 
366 264 7 10 0.0565448 
425 309 9 12 0.05640301 
699 370 11 14 0.056330137 
132 523 15 20 0.056231815 
735 182 8 9 0.056166515 
362 404 9 12 0.056147147 
343 309 8 11 0.05603455 
552 430 11 16 0.056020707 
718 347 12 15 0.055973634 
360 295 8 10 0.055829033 
767 301 9 11 0.055709224 
926 248 7 8 0.05563046 
801 228 8 10 0.055611525 
173 573 10 12 0.055589106 
382 292 8 11 0.055570368 
825 288 8 10 0.055522714 
43 364 10 11 0.055520516 
584 302 9 11 0.05551955 
648 301 9 12 0.055470914 
601 239 7 9 0.05542455 
423 257 8 9 0.05539972 
230 296 9 12 0.05535155 
759 271 9 11 0.05522602 
799 288 7 10 0.05512003 
497 319 7 11 0.055075273 
272 323 10 13 0.05497513 
24 325 9 11 0.05491234 
745 200 6 8 0.054909866 
856 216 6 9 0.054886375 
31 351 10 13 0.054790184 
746 372 11 14 0.05464436 
469 294 8 11 0.054541122 
237 357 14 16 0.054531924 
568 344 11 15 0.054485623 
363 427 14 17 0.054470837 
550 371 9 12 0.054418847 
735 216 7 10 0.05419171 
440 256 8 10 0.05416512 
696 231 8 11 0.054026555 
823 256 7 10 0.053670086 
87 289 7 9 0.053648274 
446 257 9 10 0.053522874 
751 397 12 17 0.053440366 
439 244 9 11 0.053397067 
888 301 8 11 0.053321242 
563 482 13 17 0.05326914 
794 560 21 22 0.053161584 
94 377 13 15 0.05313642 
421 385 12 14 0.053069662 
12 382 12 14 0.053065695 
733 394 13 17 0.053012077 
318 430 11 15 0.05299667 
646 309 9 11 0.05241995 
73 357 9 12 0.05238807 
445 239 7 9 0.05236992 
622 311 9 11 0.052278463 
567 259 9 11 0.05227669 
321 279 7 9 0.052219667 
937 246 7 9 0.0521364 
605 398 15 20 0.05212344 
118 308 8 10 0.05193297 
184 337 9 11 0.051928762 
848 223 7 9 0.051925007 
351 335 10 12 0.05180403 
223 311 8 11 0.05171596 
295 332 9 11 0.051713575 
718 272 7 9 0.051658288 
240 284 9 10 0.05150822 
1005 373 16 20 0.05134126 
735 193 8 9 0.051300075 
534 369 11 13 0.05127761 
985 270 10 13 0.051187903 
214 303 9 11 0.05118678 
11 373 10 13 0.051113777 
225 272 7 10 0.051113702 
686 288 9 11 0.050957836 
583 271 8 10 0.050835487 
943 238 7 9 0.050695058 
289 297 8 10 0.050668627 
974 209 8 9 0.05062791 
776 280 9 12 0.050488584 
821 270 8 11 0.05048472 
591 256 7 9 0.050312366 
944 247 6 9 0.050169557 
414 326 9 11 0.050161116 
495 335 8 10 0.050110772 
535 312 9 11 0.04986622 
705 293 9 12 0.04972007 
814 316 9 11 0.049662136 
754 216 7 9 0.04965673 
415 272 9 11 0.049628064 
872 420 24 30 0.049535837 
79 300 9 12 0.04948051 
817 270 8 10 0.049479097 
518 240 8 10 0.049311046 
489 249 8 10 0.04929221 
583 248 7 9 0.04901237 
221 288 8 10 0.048939407 
407 287 8 10 0.04890209 
692 295 9 11 0.048890542 
806 230 7 9 0.048829444 
358 253 7 9 0.04869583 
631 293 8 10 0.048397787 
703 387 12 16 0.048305634 
615 323 10 12 0.04815915 
874 323 9 12 0.048149683 
168 297 8 10 0.04813395 
790 142 9 12 0.048080318 
350 312 8 10 0.048023168 
24 320 9 11 0.047993407 
608 257 8 9 0.047930356 
671 334 9 11 0.0479282 
805 223 7 9 0.047855884 
111 412 13 15 0.047610495 
939 358 10 13 0.04760759 
1000 259 10 12 0.047400966 
751 133 8 11 0.04735313 
523 414 17 20 0.04730618 
870 310 8 11 0.04725628 
307 384 13 18 0.047242954 
821 335 10 12 0.047207404 
358 340 9 12 0.047126114 
737 238 7 10 0.0471254 
760 209 8 9 0.047096007 
705 288 8 10 0.04704704 
713 278 8 10 0.046949904 
680 256 8 10 0.046728183 
592 316 9 11 0.04672534 
938 365 12 14 0.046722066 
894 342 9 12 0.046633247 
408 318 9 12 0.046548456 
758 278 10 11 0.046425372 
341 334 11 13 0.046381935 
462 222 8 9 0.0463704 
363 301 8 11 0.04634566 
402 311 7 10 0.04630817 
776 330 10 13 0.046293642 
791 323 9 12 0.046289027 
556 239 9 11 0.0462799 
849 231 6 9 0.046193395 
952 363 11 14 0.046159685 
975 238 8 9 0.046146523 
489 215 8 10 0.046130907 
413 319 9 11 0.045951556 
394 277 8 11 0.045912392 
417 388 10 12 0.045764234 
425 233 6 8 0.045690037 
358 249 8 9 0.04567197 
534 239 10 11 0.04562108 
221 255 8 10 0.04549994 
740 394 14 18 0.04546859 
243 448 11 13 0.045388497 
474 214 8 10 0.045385443 
816 458 14 17 0.04535964 
728 319 9 12 0.045241296 
456 257 7 9 0.04523147 
967 319 10 13 0.04521648 
679 262 8 10 0.045085885 
416 300 8 10 0.04507575 
871 302 9 10 0.045009505 
890 255 7 9 0.04499091 
9 328 9 11 0.04498983 
126 272 8 9 0.044923764 
465 288 8 11 0.044856552 
726 308 9 11 0.044774976 
815 278 7 10 0.044712834 
213 393 12 14 0.04464889 
736 402 10 15 0.044547975 
368 343 10 12 0.04451398 
197 325 10 11 0.044506356 
782 224 8 9 0.04443437 
1013 197 8 13 0.044414766 
737 159 7 9 0.044329222 
905 265 7 10 0.04428947 
237 302 9 12 0.04411227 
959 247 7 9 0.044040088 
864 304 7 9 0.04380636 
111 408 23 28 0.043761965 
449 308 10 12 0.043727957 
36 398 15 18 0.04356846 
341 378 11 14 0.043517414 
328 398 11 14 0.04350472 
306 494 19 25 0.04349129 
258 280 8 10 0.043431215 
695 224 8 10 0.04342919 
974 223 8 9 0.04329715 
322 318 8 11 0.04328439 
66 319 9 12 0.043240614 
24 366 10 11 0.043195616 
730 278 7 9 0.04315761 
969 342 11 14 0.043125134 
374 382 11 13 0.04307775 
415 398 10 13 0.0430695 
278 294 8 10 0.043021917 
679 360 9 11 0.04297724 
794 285 9 11 0.04296968 
623 263 7 10 0.042964023 
273 264 9 10 0.042928107 
444 320 10 12 0.04291848 
736 120 7 10 0.042904668 
88 352 9 12 0.042642795 
974 231 7 10 0.04254677 
720 317 8 12 0.0425262 
336 304 8 9 0.042509202 
369 371 12 14 0.042479414 
529 280 8 9 0.042355295 
863 232 7 8 0.042319823 
814 344 12 16 0.042280626 
304 450 13 19 0.042227384 
753 295 8 12 0.042140663 
600 297 8 11 0.042082235 
991 265 10 13 0.04202485 
205 418 13 18 0.042018786 
288 352 10 12 0.041959133 
627 347 11 14 0.041919563 
842 215 7 9 0.041872516 
583 311 9 11 0.04185454 
646 346 16 22 0.041818354 
743 184 6 9 0.04181643 
608 269 8 11 0.04176897 
640 357 11 13 0.041758955 
471 278 10 10 0.041689005 
729 184 7 8 0.04161797 
981 368 11 14 0.04157932 
616 311 10 12 0.041458618 
23 520 17 21 0.041300803 
807 351 10 13 0.041295238 
741 402 12 15 0.041290198 
776 223 8 11 0.041166145 
694 277 9 11 0.041050293 
673 166 7 10 0.041044645 
704 403 14 18 0.041028846 
347 400 10 13 0.04100316 
309 348 8 10 0.040992305 
541 419 11 15 0.040988978 
980 294 9 11 0.04098599 
902 348 9 11 0.04092462 
223 355 11 14 0.040842388 
463 359 10 11 0.040841334 
926 301 8 10 0.040830184 
736 125 8 10 0.040807117 
678 286 9 11 0.040791947 
429 376 9 12 0.040637992 
969 254 8 9 0.04061778 
889 498 26 41 0.04060806 
833 199 7 9 0.040592853 
494 255 7 10 0.040571854 
489 260 9 11 0.040553734 
890 489 15 22 0.04054798 
838 380 38 48 0.040464114 
321 262 7 10 0.040390316 
256 262 7 10 0.040381446 
722 221 8 11 0.040371645 
600 255 7 10 0.040339403 
685 541 15 18 0.040313713 
970 224 7 9 0.040286984 
857 340 10 12 0.040242326 
112 296 8 10 0.040201593 
637 229 8 10 0.040164735 
960 238 8 10 0.040120102 
530 332 9 11 0.040077306 
655 294 9 11 0.039936326 
296 408 10 13 0.039916787 
766 215 7 10 0.03989963 
637 225 8 9 0.03985634 
307 286 6 9 0.03970831 
733 320 10 11 0.03966267 
776 215 7 9 0.039643284 
351 272 7 9 0.03963116 
600 246 8 10 0.039559465 
360 287 7 9 0.039513435 
374 301 9 11 0.039471682 
800 216 8 10 0.039415203 
678 293 9 11 0.039361395 
471 257 8 9 0.039342918 
857 290 7 9 0.039074656 
719 285 8 10 0.038937688 
718 183 7 10 0.038935687 
94 359 11 13 0.038839024 
1 319 7 10 0.038769662 
798 351 10 11 0.038747523 
367 278 8 10 0.0387081 
558 461 15 21 0.038688872 
569 359 12 13 0.03864121 
527 302 8 10 0.038596317 
951 248 7 9 0.038517598 
976 394 13 18 0.03845338 
90 326 10 13 0.03844131 
263 320 11 14 0.038427457 
329 249 7 9 0.038233977 
862 216 7 8 0.03819728 
927 254 8 9 0.03816326 
834 268 9 11 0.03816271 
240 249 7 9 0.03814821 
31 401 12 16 0.038116697 
245 279 8 10 0.038110275 
6 319 8 10 0.03809128 
175 324 8 11 0.03804425 
834 505 42 49 0.037990842 
744 327 9 11 0.03793084 
328 278 8 10 0.03785005 
394 323 17 21 0.03780411 
988 266 18 22 0.03776153 
830 147 9 11 0.037756115 
361 278 7 9 0.037755575 
935 254 8 10 0.037717074 
542 229 8 10 0.03769873 
946 500 20 24 0.037655715 
424 273 8 10 0.03762562 
895 262 8 10 0.037549257 
734 279 7 10 0.03753741 
119 279 7 9 0.037528448 
769 231 8 11 0.037441477 
758 285 10 11 0.037420567 
992 229 8 10 0.03739181 
208 394 11 14 0.037384342 
1015 240 8 12 0.037355926 
736 257 8 11 0.037232917 
960 287 9 11 0.03719982 
666 168 8 9 0.03716281 
813 356 11 14 0.037139677 
440 268 8 10 0.037138946 
314 396 11 16 0.03689949 
1000 207 8 10 0.03689827 
391 393 12 15 0.036865816 
678 208 8 10 0.03686057 
311 428 11 15 0.036727596 
322 225 6 8 0.036717825 
82 399 12 15 0.03671187 
548 342 11 14 0.03670496 
895 287 7 10 0.036632564 
689 246 9 11 0.03660509 
211 261 7 10 0.036601275 
93 320 10 12 0.036544897 
959 231 7 10 0.036512215 
41 335 9 11 0.03641941 
399 263 7 10 0.036410924 
534 270 8 10 0.036375895 
407 381 9 13 0.03625736 
394 362 11 13 0.036231607 
792 272 9 12 0.036135606 
584 295 8 10 0.036128793 
857 312 9 12 0.036119934 
176 271 8 9 0.03610599 
119 384 10 12 0.036026217 
928 208 7 9 0.035905 
732 342 11 13 0.035882905 
575 301 9 11 0.035847455 
921 300 8 10 0.035827536 
781 373 10 11 0.035813108 
111 319 10 12 0.03577952 
859 467 19 21 0.03574414 
848 216 7 9 0.03574248 
790 149 8 12 0.035702616 
272 304 8 10 0.035611663 
176 277 7 10 0.03559447 
1006 238 9 11 0.035494696 
531 318 8 11 0.035397083 
414 403 12 15 0.035379995 
858 369 13 16 0.03534367 
85 298 11 12 0.03532061 
254 326 10 13 0.035273407 
1008 276 10 13 0.035206173 
736 245 7 10 0.035164386 
837 279 8 11 0.035142317 
320 296 7 10 0.035121262 
744 205 7 9 0.03508502 
348 373 10 13 0.03508279 
274 232 6 9 0.035007197 
919 364 9 12 0.034927703 
944 254 7 9 0.03485422 
695 244 10 12 0.034841098 
417 365 10 12 0.034761734 
542 293 10 12 0.034741677 
941 331 10 13 0.0347117 
151 310 8 11 0.034638017 
329 334 9 12 0.034636408 
781 255 9 11 0.03460636 
404 388 9 12 0.034549184 
45 310 8 10 0.034515593 
744 333 9 11 0.034499485 
655 318 9 11 0.034428954 
503 308 8 9 0.034425344 
122 429 16 20 0.034395676 
840 247 7 9 0.034391724 
473 312 8 11 0.03437001 
781 334 9 12 0.03435638 
41 326 9 11 0.034245733 
920 225 7 9 0.034207102 
24 343 9 12 0.03419896 
441 289 8 11 0.034167305 
623 287 8 10 0.0341563 
844 342 9 11 0.034114897 
118 319 8 11 0.034110304 
937 240 8 9 0.034020167 
432 246 9 11 0.0339551 
769 319 9 13 0.033909965 
253 382 12 14 0.033876263 
743 216 8 9 0.033872478 
853 351 11 14 0.03385149 
912 365 10 11 0.033850666 
0 363 10 15 0.03383875 
317 420 11 14 0.033827186 
949 300 9 12 0.033777833 
765 294 11 14 0.033756457 
433 318 8 11 0.033655163 
18 418 13 15 0.03364327 
1008 247 9 11 0.033610456 
903 295 8 11 0.033597555 
754 301 8 11 0.033562437 
33 304 8 10 0.03354859 
406 325 10 13 0.0335009 
887 262 8 11 0.033498637 
664 269 8 10 0.03348086 
793 223 6 9 0.03347512 
856 300 8 9 0.03340507 
677 363 10 14 0.033335082 
687 263 9 9 0.033253547 
993 292 10 11 0.03321099 
671 317 10 11 0.033190556 
499 295 8 12 0.03318529 
89 371 13 15 0.0331375 
318 302 8 10 0.033109725 
534 278 8 10 0.03310626 
693 189 9 12 0.032973632 
469 287 9 11 0.032933455 
110 418 16 21 0.03290602 
231 277 7 10 0.032889 
694 271 8 9 0.032866754 
358 421 14 18 0.032816634 
454 287 8 10 0.032788333 
776 367 9 11 0.03272409 
767 223 7 8 0.032677792 
774 159 8 10 0.032637812 
0 478 12 18 0.032611184 
398 343 11 13 0.032365263 
505 246 7 10 0.03234697 
870 146 10 14 0.032322966 
319 351 10 11 0.03211689 
944 263 8 10 0.0319764 
439 311 8 11 0.03197571 
526 405 11 13 0.03186583 
576 311 10 11 0.031863637 
290 278 9 11 0.031826176 
62 309 8 10 0.031736836 
90 371 21 25 0.031733964 
666 173 8 10 0.031724203 
742 239 9 9 0.031721335 
263 382 10 14 0.031720333 
457 295 9 10 0.03169969 
478 271 9 11 0.03166007 
491 397 14 19 0.03165377 
726 435 16 18 0.031630773 
445 341 9 12 0.03161393 
239 295 9 10 0.03158697 
1009 196 9 12 0.03157195 
301 428 14 18 0.031559248 
113 280 7 9 0.031535562 
273 295 8 10 0.031516608 
144 347 11 14 0.031476453 
62 288 7 9 0.031457998 
719 255 9 10 0.03145126 
838 286 7 9 0.031421177 
654 300 10 12 0.031412244 
806 216 7 9 0.03140107 
912 333 9 12 0.031397935 
293 351 10 11 0.031376407 
662 335 10 12 0.031351577 
688 269 9 10 0.031322338 
463 257 8 10 0.03130494 
530 270 8 10 0.03127997 
378 273 7 9 0.03126756 
349 387 11 13 0.031242983 
923 247 7 9 0.031205876 
913 294 7 10 0.031189105 
289 309 8 11 0.031162411 
127 327 10 11 0.031155286 
471 328 9 10 0.03115237 
207 254 8 11 0.03109241 
725 396 14 18 0.031071482 
455 414 12 14 0.031066587 
938 232 7 8 0.03098734 
560 272 9 12 0.030977378 
832 232 8 10 0.03094516 
294 279 8 10 0.030930907 
679 326 10 13 0.030834913 
344 261 8 9 0.030830799 
1016 224 7 10 0.030821538 
398 246 7 9 0.030810473 
328 341 10 12 0.030809773 
57 295 8 10 0.030774778 
937 300 9 10 0.030748583 
343 318 9 11 0.030705223 
679 280 8 10 0.03066465 
440 402 12 14 0.030631423 
545 285 10 12 0.030599512 
679 374 10 14 0.030595453 
650 248 7 10 0.030584482 
576 279 9 11 0.030571442 
959 291 9 12 0.03057085 
656 311 9 12 0.03054238 
600 262 7 9 0.030534001 
975 370 12 15 0.03052857 
538 231 7 9 0.030499827 
328 325 8 10 0.030485503 
486 349 9 12 0.030437846 
449 302 8 11 0.030427217 
707 476 16 19 0.030390207 
209 377 14 16 0.03035386 
205 248 8 10 0.030306386 
334 343 12 15 0.030297944 
464 232 7 9 0.030266985 
584 256 8 9 0.030241592 
776 349 8 11 0.03021013 
367 317 9 11 0.030202184 
25 358 10 12 0.030195521 
905 235 8 11 0.030191094 
829 294 8 10 0.030183207 
409 510 34 33 0.030134099 
517 245 10 12 0.030126464 
108 424 23 28 0.030089779 
175 264 7 9 0.030082509 
797 115 8 11 0.030061668 
46 340 10 13 0.030005638 
768 150 7 10 0.029924104 
383 431 11 14 0.029895905 
631 288 8 11 0.029892126 
111 324 9 12 0.029889941 
528 208 7 8 0.029870411 
450 277 9 10 0.029847482 
615 257 7 9 0.029766835 
199 320 8 11 0.029765368 
96 394 12 14 0.029748728 
688 159 8 9 0.029711751 
887 270 8 10 0.029707626 
603 366 11 13 0.029690228 
716 354 12 14 0.029682139 
502 365 11 13 0.029674793 
19 511 15 20 0.029671416 
982 263 9 12 0.02966322 
81 342 8 10 0.029627144 
774 128 8 10 0.029610878 
319 547 11 13 0.02951149 
722 207 8 10 0.029481534 
702 247 8 10 0.02947434 
46 303 8 10 0.029433016 
187 565 12 15 0.029430648 
687 253 8 10 0.029413424 
225 277 8 10 0.029412055 
1001 248 8 10 0.029410096 
805 296 7 9 0.029380662 
337 491 10 12 0.029352225 
167 279 8 10 0.029347239 
254 310 10 13 0.029244887 
346 485 13 16 0.029196797 
767 167 8 9 0.029177442 
878 506 40 53 0.02917154 
632 270 7 8 0.029166004 
328 312 8 10 0.02915137 
365 401 19 23 0.029115751 
381 325 9 12 0.029098583 
504 239 7 9 0.0290845 
135 324 10 13 0.029073415 
569 233 8 10 0.02903817 
782 367 10 13 0.028960785 
478 262 8 10 0.02892799 
115 390 21 26 0.028903399 
157 300 9 11 0.028855849 
694 177 9 11 0.028738204 
911 342 8 10 0.02873758 
118 286 8 10 0.028730273 
759 373 11 14 0.028722364 
710 366 10 12 0.028689956 
44 396 12 16 0.028679252 
127 277 7 9 0.028624853 
392 383 12 16 0.028598666 
807 327 8 11 0.028568335 
295 382 11 14 0.028539365 
237 307 10 13 0.028502095 
367 327 8 11 0.028455745 
1 325 8 12 0.028419346 
96 301 9 9 0.028396143 
985 224 7 9 0.028378297 
349 380 10 14 0.028368518 
897 348 9 12 0.028182734 
959 224 7 9 0.028170148 
974 253 8 10 0.028085655 
432 261 7 10 0.028070627 
861 294 7 10 0.028066676 
116 402 15 20 0.027997004 
251 557 14 17 0.027991105 
393 350 11 14 0.02798482 
277 280 9 11 0.027956588 
115 361 12 16 0.027954333 
760 229 8 11 0.027866011 
419 424 14 17 0.027799264 
391 272 8 11 0.027763948 
547 420 11 16 0.02771598 
730 176 7 9 0.027711168 
989 350 10 13 0.027698386 
882 364 10 13 0.027695868 
529 342 10 13 0.027682466 
479 399 22 27 0.027675742 
944 224 7 9 0.027672075 
795 295 7 10 0.027633313 
512 252 8 10 0.027631506 
442 374 10 12 0.02762673 
232 264 7 9 0.027599148 
606 339 10 12 0.027591843 
320 365 10 13 0.027581766 
990 301 10 12 0.027580677 
221 394 11 14 0.027576162 
772 424 15 19 0.027518056 
598 311 9 11 0.027412102 
512 247 9 10 0.027396923 
753 321 10 12 0.027338512 
620 415 11 16 0.02728962 
753 128 8 11 0.027285865 
38 319 9 11 0.027253252 
184 272 7 9 0.027202927 
855 459 14 17 0.027164556 
296 342 8 11 0.027162159 
743 221 8 10 0.02712799 
773 152 8 10 0.027113058 
711 167 7 8 0.027110714 
664 255 7 10 0.027041633 
172 341 11 15 0.026980707 
8 422 21 25 0.026937122 
748 377 12 16 0.026784597 
757 380 12 14 0.02675254 
882 331 18 22 0.026733506 
729 199 9 10 0.026712282 
645 370 11 14 0.026708886 
952 470 19 24 0.026706766 
733 301 8 10 0.026694065 
495 384 14 18 0.026688885 
814 125 8 11 0.026664482 
289 271 8 9 0.026631504 
432 324 10 12 0.026489474 
111 333 8 11 0.026467666 
558 312 8 12 0.02646589 
495 325 9 11 0.026431592 
192 264 7 9 0.026407717 
99 327 11 14 0.026406484 
402 348 12 14 0.026393592 
735 167 7 9 0.026377399 
334 255 7 9 0.026376527 
349 302 9 11 0.026371833 
327 301 7 10 0.026338076 
842 223 8 9 0.02628267 
260 543 14 19 0.026269471 
545 278 8 10 0.026258979 
319 286 7 10 0.026248889 
656 242 8 9 0.026210157 
582 317 8 11 0.026197352 
327 261 8 9 0.026180808 
919 264 7 9 0.026167572 
984 229 8 10 0.02615185 
1008 269 10 13 0.026143635 
248 261 8 10 0.026133211 
490 221 8 9 0.02609617 
936 351 10 11 0.026085641 
974 248 9 10 0.02606434 
800 208 7 8 0.02606397 
287 342 9 10 0.026046395 
463 217 7 9 0.026043285 
430 359 10 12 0.026035829 
898 280 6 8 0.025990035 
713 264 7 10 0.02597593 
542 402 14 16 0.025923349 
748 390 12 15 0.025917176 
514 215 6 9 0.025883099 
670 311 9 12 0.025871282 
475 440 20 25 0.025848279 
709 373 11 14 0.02582432 
793 347 9 12 0.025805071 
52 448 14 20 0.02580452 
760 175 8 10 0.02578721 
147 524 15 17 0.025770012 
367 333 9 11 0.025673736 
102 357 10 13 0.0256628 
370 363 13 16 0.02565445 
289 263 7 9 0.025653694 
1000 214 8 11 0.025647305 
662 263 8 9 0.025590267 
776 269 9 12 0.025566021 
133 410 15 20 0.025546618 
672 263 7 9 0.025520379 
693 386 14 18 0.025450012 
464 245 8 10 0.025391577 
142 322 11 14 0.025338247 
824 321 9 10 0.025312576 
649 269 8 10 0.025311433 
351 277 8 9 0.025298264 
474 389 14 16 0.025296379 
727 246 8 11 0.025281874 
575 255 8 10 0.02526364 
991 215 8 9 0.025250347 
463 310 9 12 0.02516141 
600 395 13 17 0.025150929 
695 118 9 11 0.02512195 
277 264 8 9 0.025104057 
184 277 8 11 0.025098445 
821 447 14 17 0.025080983 
366 387 12 15 0.0250757 
413 247 9 10 0.025061402 
92 426 15 19 0.025051605 
190 335 11 13 0.02504866 
415 331 17 22 0.0249895 
718 332 9 11 0.02498946 
513 240 8 9 0.024979336 
672 222 7 9 0.024975587 
846 301 8 11 0.024937848 
24 311 8 9 0.0249283 
845 310 8 11 0.024916144 
257 359 10 12 0.024894385 
672 327 10 12 0.024870854 
198 278 8 11 0.024851333 
913 326 8 11 0.024786165 
975 264 10 12 0.024775196 
912 256 7 9 0.02475623 
101 427 12 17 0.024660917 
825 320 19 22 0.024652991 
552 244 12 14 0.024613176 
39 271 7 9 0.024595894 
773 303 9 11 0.024587478 
847 349 9 12 0.024583101 
1 514 13 19 0.02458305 
2 372 9 14 0.02457471 
741 341 10 12 0.024530645 
671 248 8 9 0.024498004 
969 309 9 11 0.024495643 
757 199 7 8 0.024436597 
752 182 7 9 0.024419455 
13 408 20 23 0.024379868 
175 296 8 11 0.024343662 
895 295 8 9 0.024310345 
244 548 17 18 0.02430141 
139 529 14 16 0.024283053 
701 239 8 10 0.024278164 
278 232 8 9 0.024272414 
244 532 16 18 0.024271399 
63 434 11 16 0.024202779 
469 411 13 18 0.024199173 
502 334 9 11 0.024195291 
336 428 10 15 0.024179142 
185 285 8 11 0.02410756 
589 287 10 10 0.024105752 
318 414 10 14 0.02407971 
806 386 13 16 0.024071122 
671 214 7 9 0.024069853 
790 364 11 15 0.02405175 
773 433 13 18 0.02405125 
732 465 40 45 0.02403215 
409 240 8 10 0.024015194 
696 252 9 11 0.023987716 
494 248 7 9 0.023980904 
390 526 20 26 0.023980353 
771 319 19 24 0.023947071 
613 389 10 14 0.023941234 
675 410 14 17 0.023907337 
899 229 8 11 0.023873677 
662 295 8 10 0.023843417 
552 465 12 18 0.02383028 
256 315 11 14 0.023812875 
688 307 11 13 0.023804834 
1010 313 11 15 0.023804562 
713 332 9 11 0.023795974 
239 459 11 14 0.023786439 
31 362 11 13 0.023755657 
958 323 12 15 0.023738863 
203 355 13 16 0.023709143 
730 229 7 10 0.023694033 
805 451 11 14 0.023692343 
181 305 19 23 0.023687279 
968 302 10 12 0.023685943 
74 310 8 10 0.023641512 
663 247 8 10 0.023602871 
688 360 10 13 0.023570787 
684 426 17 22 0.023568517 
390 309 10 12 0.023567135 
728 391 12 14 0.023564521 
758 438 12 16 0.023556672 
622 280 7 10 0.023542205 
463 330 19 24 0.023535825 
289 254 7 10 0.023528771 
711 223 8 10 0.02351443 
7 377 14 17 0.023482658 
444 389 11 14 0.023462985 
396 393 11 14 0.023431683 
785 307 9 12 0.02341628 
719 176 8 10 0.023416221 
528 379 11 14 0.023415748 
273 237 7 9 0.0234135 
383 247 7 8 0.023402568 
655 287 7 10 0.02340009 
302 375 10 12 0.023394192 
777 208 7 8 0.02339386 
398 320 10 12 0.023365293 
693 264 8 9 0.023356782 
968 279 8 9 0.023356525 
608 223 8 9 0.023337834 
753 251 9 12 0.023337234 
737 134 8 10 0.023335388 
245 327 11 13 0.023275789 
998 346 13 16 0.023262566 
984 254 9 11 0.023260638 
756 349 10 13 0.023239838 
752 414 20 25 0.02322304 
38 418 15 17 0.023174305 
321 230 7 8 0.023158317 
690 238 9 11 0.023149507 
672 226 18 23 0.023088412 
810 342 9 12 0.02308693 
849 237 7 9 0.023062278 
272 268 9 10 0.023049463 
745 135 8 10 0.023047902 
293 313 18 23 0.023034507 
991 247 8 10 0.023022106 
735 286 8 9 0.023017885 
158 540 12 14 0.02300171 
759 191 7 9 0.022974405 
648 320 10 11 0.02297436 
0 508 23 33 0.022953788 
921 238 7 9 0.02294198 
934 261 8 10 0.022918003 
160 266 7 8 0.022908954 
540 321 11 14 0.022882514 
791 158 7 9 0.022880446 
735 335 9 11 0.022876075 
782 348 9 11 0.0228066 
387 434 12 14 0.022796962 
896 224 8 10 0.022793503 
151 346 11 16 0.022777457 
509 296 9 11 0.02277647 
343 388 11 14 0.022729509 
143 548 12 15 0.022711912 
705 483 22 28 0.022689404 
251 543 15 20 0.022681355 
657 207 8 10 0.022669597 
510 365 9 12 0.022657061 
663 223 8 10 0.022652399 
689 231 8 10 0.022645393 
673 389 10 13 0.022629337 
656 255 8 10 0.022614146 
485 317 9 11 0.02260835 
630 357 10 12 0.022592144 
721 310 9 12 0.02258023 
855 237 8 9 0.022522572 
205 296 8 9 0.022516022 
775 164 8 11 0.022512434 
922 254 7 10 0.022502948 
781 230 8 9 0.022487665 
72 314 18 23 0.022394013 
873 289 7 10 0.022384822 
304 295 7 9 0.022375142 
335 263 7 9 0.02234432 
552 322 10 13 0.022339694 
751 321 17 23 0.022313634 
669 555 12 15 0.022304937 
401 255 7 9 0.022295078 
804 446 11 13 0.022288138 
761 167 8 9 0.022261646 
926 296 8 10 0.022235822 
350 367 10 13 0.022231044 
264 255 7 10 0.022204665 
574 232 8 10 0.022193994 
622 352 11 15 0.022178035 
170 255 7 9 0.022175116 
753 151 7 9 0.022169264 
766 145 8 9 0.022121869 
88 247 7 8 0.022110479 
657 554 11 14 0.022101372 
462 279 8 10 0.022083323 
37 522 12 16 0.022071898 
319 379 12 14 0.022062568 
455 319 10 12 0.022048015 
190 295 9 10 0.022027045 
230 396 12 14 0.021988653 
968 343 18 22 0.021975992 
542 345 17 22 0.021951867 
871 505 30 38 0.021919867 
507 223 8 11 0.0219114 
881 264 8 10 0.021911344 
790 136 9 11 0.021885756 
670 174 8 9 0.021884738 
879 294 8 10 0.021871906 
793 335 8 11 0.021865811 
103 287 8 11 0.021863239 
111 395 12 16 0.021840023 
425 456 22 24 0.02183117 
245 300 11 13 0.021830676 
655 371 10 13 0.021810696 
857 232 7 9 0.021804893 
699 552 14 19 0.021791823 
340 427 11 15 0.021745803 
44 443 16 21 0.021741116 
838 393 15 22 0.021739736 
96 247 7 9 0.021717176 
405 502 28 32 0.021702582 
354 254 7 10 0.021702237 
949 350 9 11 0.021694904 
494 217 7 9 0.021660587 
703 253 8 10 0.021659363 
529 311 8 11 0.021659222 
797 320 9 10 0.021648005 
809 272 8 10 0.021626094 
676 142 9 11 0.021623693 
601 476 12 15 0.02162035 
171 451 16 19 0.021612328 
123 383 11 14 0.02160452 
221 316 9 11 0.021582201 
742 191 7 9 0.021579843 
544 271 8 11 0.021557052 
172 578 11 14 0.021554932 
6 412 13 17 0.021549549 
1012 333 10 13 0.021537594 
170 348 12 15 0.021532884 
799 335 8 10 0.021500219 
164 337 18 25 0.021492759 
670 270 8 10 0.021492146 
271 379 17 22 0.021486135 
240 272 8 10 0.02144993 
77 364 10 12 0.021447334 
708 495 16 21 0.021446906 
751 143 7 9 0.02144464 
344 279 8 9 0.02143475 
930 355 17 22 0.02141223 
887 347 10 13 0.021407412 
679 332 11 13 0.021366132 
294 286 8 9 0.021351514 
807 156 8 11 0.021350523 
741 255 10 12 0.021343831 
463 317 8 11 0.02132815 
974 317 9 12 0.021321781 
856 222 7 8 0.02132026 
281 341 10 12 0.021297168 
257 270 7 9 0.021276081 
1003 343 15 18 0.021268504 
439 278 8 10 0.02126623 
606 390 12 15 0.021257985 
717 135 8 10 0.02125739 
534 415 19 25 0.02123259 
911 360 10 11 0.021221178 
584 439 10 14 0.02121291 
72 288 8 10 0.021208597 
111 240 7 9 0.021203667 
425 244 7 10 0.021103732 
719 245 9 11 0.02110041 
601 286 8 11 0.021078564 
862 325 9 10 0.021068567 
459 417 13 16 0.02105446 
330 399 17 23 0.021041997 
177 201 8 10 0.021039674 
127 565 9 13 0.02102113 
968 237 8 10 0.021008512 
152 280 8 9 0.02100232 
921 269 19 25 0.021000395 
728 159 7 10 0.020969488 
140 330 18 23 0.020963537 
543 468 11 15 0.020925568 
407 302 9 11 0.020923214 
54 365 10 11 0.020912698 
734 233 8 9 0.020898875 
1015 228 9 11 0.02086944 
113 255 7 9 0.02082592 
303 272 8 9 0.020816796 
246 272 9 10 0.020803813 
255 256 7 9 0.020794822 
734 205 7 9 0.020791851 
810 127 9 10 0.020781374 
304 263 7 9 0.020778466 
423 315 9 12 0.020777546 
246 309 11 14 0.020772284 
670 255 8 10 0.020737251 
36 352 12 15 0.02072787 
181 518 11 16 0.020721346 
679 212 8 11 0.020702796 
712 349 12 15 0.020699985 
857 519 54 62 0.02069805 
840 208 8 10 0.020686444 
792 357 11 13 0.02068341 
153 247 7 9 0.020658968 
502 314 18 23 0.020655043 
514 208 6 9 0.020642802 
831 236 8 10 0.02064 
592 232 7 9 0.020639403 
423 327 8 11 0.020615494 
777 176 7 9 0.020613715 
98 420 23 30 0.02059886 
405 511 15 19 0.020578133 
767 208 7 9 0.020544764 
257 300 9 12 0.02052473 
204 297 18 24 0.020483874 
55 256 7 8 0.020477954 
720 158 8 10 0.020464037 
959 264 8 9 0.020458264 
473 223 7 8 0.020434026 
68 350 12 14 0.020421712 
510 358 9 11 0.020420903 
151 270 8 10 0.020417927 
590 365 10 13 0.02041743 
87 340 8 11 0.020402282 
743 159 6 9 0.020371903 
95 288 8 10 0.020365136 
696 152 7 8 0.02035973 
831 256 7 8 0.020318462 
72 363 9 12 0.02029647 
897 323 9 11 0.020291662 
766 261 8 11 0.020288736 
646 322 18 22 0.020284059 
826 476 25 30 0.020283539 
556 317 9 12 0.020281892 
892 336 9 11 0.020277867 
1001 238 9 10 0.020258704 
506 375 13 16 0.020254727 
705 189 9 11 0.020253146 
705 270 8 10 0.020252647 
639 279 8 10 0.020245967 
57 288 9 10 0.020235661 
611 456 22 26 0.020220624 
33 272 8 9 0.020219618 
775 358 9 11 0.020208886 
577 271 8 11 0.02019934 
642 349 10 14 0.020194435 
769 158 7 10 0.020187562 
743 303 8 10 0.02018436 
181 201 7 9 0.020165892 
677 118 9 11 0.020145668 
53 396 11 14 0.020140821 
990 192 8 10 0.020131119 
645 479 16 19 0.020126455 
198 272 7 9 0.02010991 
321 247 6 9 0.020079803 
457 358 9 12 0.020077303 
93 352 10 12 0.020075897 
86 313 9 10 0.020063024 
928 240 6 8 0.020052684 
397 239 8 10 0.02004782 
951 253 7 9 0.020045348 
752 240 7 9 0.020019801 
775 248 9 11 0.02001634 
392 263 7 9 0.020015912 
325 418 11 15 0.020001756 
