2_Demonstration_Demonstration_Or_Protest_2_176
59
542 291 31 40 0.99863666 
66 298 32 42 0.99562067 
752 278 31 44 0.9944337 
356 301 29 34 0.91266143 
569 292 29 37 0.8549652 
476 318 22 28 0.60993296 
816 321 18 22 0.5524313 
631 307 26 28 0.49421266 
133 329 15 19 0.42545053 
938 324 16 19 0.16115646 
255 326 11 14 0.15549007 
609 495 15 18 0.12317688 
142 314 13 19 0.10379228 
10 314 14 23 0.10327984 
459 333 12 15 0.09502826 
936 317 13 14 0.06725509 
192 334 11 14 0.061495442 
137 320 17 23 0.059440985 
871 514 13 16 0.055507977 
447 184 10 11 0.052584473 
225 375 7 9 0.051831197 
433 195 13 17 0.05134785 
396 317 16 23 0.039030205 
625 315 35 42 0.038203366 
592 491 10 11 0.037437145 
201 375 8 10 0.037303813 
583 293 27 37 0.035931204 
194 337 13 16 0.03499713 
424 386 8 9 0.03216454 
441 248 9 11 0.03168022 
377 189 11 14 0.0312538 
919 359 9 10 0.031027125 
574 283 16 19 0.030970037 
874 326 13 16 0.030756315 
488 322 15 19 0.03026145 
375 4 12 14 0.028857822 
269 322 11 15 0.028276742 
471 329 13 16 0.028014664 
989 22 15 22 0.026178405 
695 297 41 48 0.024873264 
442 253 9 11 0.02448618 
279 379 8 12 0.023894278 
46 309 13 18 0.023862064 
555 296 34 40 0.023733946 
822 132 14 17 0.023692774 
376 203 10 13 0.023129115 
545 126 10 12 0.023029689 
596 492 11 13 0.022996753 
828 316 13 17 0.022888795 
154 288 18 21 0.022550216 
347 289 46 56 0.022543885 
230 332 13 15 0.021593018 
448 196 12 15 0.02156815 
915 311 13 17 0.021130439 
254 319 18 25 0.021087943 
429 263 9 11 0.020953096 
647 304 18 22 0.020909049 
492 317 12 16 0.020722479 
-2 359 25 43 0.020147884 
