2_Demonstration_Demonstration_Or_Protest_2_438
162
468 547 58 75 0.9986633 
452 266 49 60 0.99819845 
78 579 33 42 0.456536 
156 478 16 23 0.41752812 
21 526 27 31 0.24556437 
801 598 22 36 0.18933317 
875 497 15 21 0.1597288 
657 482 15 19 0.15638982 
101 513 16 20 0.14439781 
216 478 44 58 0.123708874 
692 497 22 26 0.11195984 
86 520 23 29 0.108897306 
70 467 13 19 0.106189854 
736 483 11 14 0.100407965 
860 470 10 12 0.09996048 
655 475 15 19 0.091466464 
818 510 20 22 0.09025586 
806 486 12 16 0.084226936 
850 525 13 16 0.07970146 
71 461 12 16 0.07885226 
868 505 16 20 0.078158535 
725 531 25 31 0.07441569 
114 443 15 18 0.072085656 
-1 627 49 63 0.06851406 
34 517 22 35 0.06726431 
710 456 15 21 0.066341646 
612 563 23 30 0.0649739 
19 615 49 50 0.06313742 
740 547 15 23 0.062387213 
873 493 13 16 0.06078377 
69 453 23 28 0.060359217 
641 283 377 426 0.059261974 
882 468 14 15 0.058295846 
210 502 29 49 0.05800742 
17 539 32 36 0.05793023 
773 486 11 14 0.055684496 
149 487 16 21 0.05191297 
707 543 23 35 0.05166829 
769 492 11 13 0.048654538 
1005 585 14 22 0.048579875 
280 492 12 15 0.04846328 
698 493 15 18 0.048292045 
815 515 13 19 0.047085363 
226 493 54 63 0.046171926 
74 474 14 17 0.045681197 
860 476 10 12 0.044677127 
649 462 22 28 0.044107877 
212 524 17 26 0.04382482 
35 607 48 48 0.04370759 
73 443 15 17 0.043346062 
56 584 47 53 0.042952336 
780 462 9 11 0.04189885 
846 499 13 16 0.04129535 
288 462 9 11 0.04047167 
125 482 15 19 0.039850634 
786 547 27 32 0.037796922 
719 543 26 32 0.037462607 
782 470 10 12 0.037315927 
317 590 42 62 0.037004154 
996 575 24 33 0.036483526 
800 483 12 17 0.03641344 
163 80 17 21 0.03602482 
956 490 12 16 0.035369318 
77 508 26 31 0.035292763 
770 647 33 35 0.035289478 
793 538 24 31 0.03455442 
890 551 28 34 0.03399735 
821 503 14 17 0.03369266 
885 463 12 13 0.032702554 
93 558 30 39 0.032619234 
804 529 13 19 0.03259684 
711 476 12 16 0.03185376 
13 432 9 12 0.030964924 
66 557 47 58 0.03083899 
877 485 13 16 0.030799406 
932 480 14 18 0.030754931 
865 511 13 17 0.030675353 
166 570 37 45 0.030624557 
752 462 8 10 0.030021744 
105 506 16 21 0.02975131 
676 528 18 22 0.029520363 
96 528 17 21 0.02951476 
39 559 49 52 0.029174848 
390 500 11 14 0.028780146 
816 477 11 13 0.028731978 
817 521 23 28 0.028707791 
250 563 41 46 0.028385216 
746 506 13 17 0.028355801 
89 507 24 30 0.028295478 
48 518 22 33 0.027766246 
701 458 22 28 0.027465455 
342 606 44 64 0.02741367 
129 490 14 18 0.027163371 
899 482 12 15 0.027128324 
989 489 24 31 0.026994657 
124 473 17 21 0.026945705 
796 537 17 18 0.026910145 
741 499 16 21 0.026805144 
974 453 26 30 0.026148785 
817 508 13 17 0.025969705 
125 463 11 14 0.02596057 
343 456 9 10 0.025814628 
58 517 20 31 0.02566766 
777 469 9 12 0.025611367 
240 509 54 68 0.025308998 
66 516 22 29 0.025193734 
60 448 99 112 0.025015648 
882 492 14 18 0.024890987 
806 484 21 26 0.024860175 
522 356 26 32 0.024821015 
902 454 9 10 0.024690557 
809 596 27 37 0.024396053 
83 499 14 17 0.02423576 
794 448 8 10 0.024193501 
667 527 17 21 0.024105905 
295 509 11 14 0.02400145 
293 456 9 11 0.023959864 
203 528 27 36 0.023898471 
799 479 10 13 0.02377298 
665 488 16 19 0.023730809 
788 603 29 37 0.023681758 
594 522 17 22 0.023606427 
615 573 27 41 0.023539953 
39 438 8 12 0.023266608 
880 474 13 16 0.023188185 
635 571 30 44 0.023187267 
839 476 11 14 0.022988357 
116 469 43 55 0.022961244 
138 489 24 31 0.022791158 
824 600 33 36 0.022784341 
687 576 23 37 0.022729013 
318 497 11 15 0.022665815 
846 528 15 21 0.02260396 
880 464 10 12 0.022245103 
958 443 44 54 0.022167953 
778 590 29 35 0.022017237 
658 471 23 29 0.02189419 
605 385 23 30 0.02169381 
621 425 25 30 0.021669395 
25 541 43 51 0.021627542 
892 461 10 12 0.021608256 
124 522 18 18 0.021598654 
830 502 21 27 0.021595566 
604 435 14 18 0.021499617 
927 482 12 17 0.021392353 
173 549 48 60 0.021347243 
701 406 10 15 0.021147711 
667 539 17 20 0.020936571 
122 489 25 29 0.020931529 
507 333 28 38 0.020925503 
884 516 12 16 0.020856462 
886 456 10 11 0.020829642 
960 576 40 51 0.02076844 
832 537 24 29 0.020720432 
917 490 14 20 0.020710927 
732 482 21 27 0.020506307 
736 549 26 32 0.020457987 
811 526 15 22 0.020411136 
282 461 10 12 0.02036706 
677 475 13 17 0.020222543 
413 308 27 31 0.020186018 
840 462 8 9 0.020136708 
