2_Demonstration_Political_Rally_2_577
42
554 1151 26 34 0.9990336 
481 1142 28 35 0.9984207 
84 1078 31 41 0.9982097 
935 1252 31 36 0.9973193 
373 1120 33 40 0.99565256 
178 1096 30 34 0.99009293 
868 1237 26 29 0.9876867 
643 1184 24 31 0.98620564 
748 1200 23 31 0.71470994 
845 1240 16 20 0.2984055 
422 1172 14 19 0.17341115 
722 1200 16 22 0.09224891 
222 1143 14 19 0.07580738 
965 919 28 34 0.067511536 
71 1082 28 33 0.05485133 
880 1286 29 32 0.05329032 
927 928 30 35 0.05030579 
246 1012 13 17 0.04758997 
844 214 16 17 0.0437621 
10 1043 17 20 0.04116136 
460 1172 13 17 0.040161293 
146 993 20 20 0.038969804 
709 1218 12 15 0.03685449 
0 960 19 31 0.033958808 
21 1114 14 19 0.031934444 
742 1209 14 20 0.028377745 
911 302 32 35 0.027259236 
510 237 426 458 0.027040457 
849 1245 17 21 0.02484993 
728 1200 21 31 0.02468648 
166 1100 28 31 0.02454429 
631 1186 27 32 0.023895524 
716 195 33 38 0.023507863 
468 1137 29 35 0.023179762 
454 1166 22 29 0.022586243 
893 1274 27 34 0.02251894 
906 1266 17 23 0.022161392 
58 1174 34 37 0.021545175 
942 853 29 33 0.021337401 
687 1158 212 228 0.021136802 
325 1313 15 17 0.021104662 
956 306 32 34 0.020340752 
