2_Demonstration_Demonstration_Or_Protest_2_76
32
160 316 116 148 0.99978596 
20 362 115 139 0.9997836 
571 236 103 141 0.9985468 
702 215 107 148 0.99715364 
330 387 77 107 0.9264995 
548 353 26 35 0.37466553 
616 213 115 167 0.30157927 
521 198 61 76 0.27406576 
582 161 30 38 0.19632068 
532 332 50 76 0.1555191 
530 268 104 137 0.10864069 
593 149 17 19 0.086638145 
544 212 92 125 0.0712955 
536 219 61 88 0.063328765 
0 207 46 76 0.06232106 
302 442 36 48 0.06009934 
427 87 17 20 0.059558902 
446 341 40 63 0.03953594 
228 177 16 19 0.037918437 
495 281 93 126 0.034135513 
2 235 31 45 0.030398767 
147 81 55 68 0.029147537 
426 155 18 21 0.028002147 
562 363 34 50 0.027879251 
276 198 15 19 0.027081862 
572 167 32 48 0.02663679 
122 61 58 76 0.024786677 
129 57 34 48 0.024561409 
-8 159 68 129 0.023635045 
277 188 14 19 0.020938097 
286 541 35 30 0.020686096 
48 120 102 149 0.020424852 
