2_Demonstration_Demonstration_Or_Protest_2_644
186
146 181 26 33 0.999076 
101 237 29 41 0.99839646 
232 65 25 32 0.99714583 
821 278 23 29 0.9930883 
878 309 28 36 0.9885156 
767 287 25 34 0.9838314 
331 89 21 30 0.9810751 
931 275 22 28 0.9737316 
175 173 21 28 0.9456949 
852 272 19 24 0.93813246 
20 32 19 22 0.93135095 
834 141 18 24 0.9031639 
644 238 19 23 0.84549695 
403 240 21 26 0.8446518 
489 315 18 24 0.7811004 
655 274 27 33 0.7211982 
369 247 22 27 0.714895 
427 230 22 31 0.66683906 
966 263 31 37 0.6639248 
653 293 25 36 0.60745823 
295 236 13 19 0.58458996 
715 246 22 34 0.55597025 
560 278 24 31 0.4762212 
571 122 14 19 0.45708376 
237 219 14 20 0.39556065 
519 274 21 27 0.39365035 
540 195 16 19 0.36380115 
203 55 24 37 0.2971829 
475 294 16 21 0.28773725 
418 236 22 30 0.25320232 
211 49 14 18 0.23608585 
270 285 20 31 0.23343161 
553 244 16 20 0.21038249 
700 259 25 36 0.20585968 
523 266 16 20 0.196023 
513 247 16 19 0.1726499 
594 273 14 21 0.16825253 
315 154 17 23 0.15629189 
445 283 17 22 0.14341378 
503 197 12 15 0.14013286 
474 161 15 18 0.1382263 
384 246 17 22 0.13315843 
562 152 46 64 0.122133665 
525 150 17 21 0.104808316 
478 276 15 17 0.10391515 
478 305 22 26 0.1019391 
164 175 21 29 0.10046909 
865 432 37 35 0.096753225 
171 292 16 18 0.09339673 
470 209 13 16 0.085394375 
478 187 13 16 0.081509426 
354 248 24 30 0.08010401 
475 283 17 21 0.07811798 
214 63 27 33 0.07658866 
640 114 11 15 0.073747344 
867 351 27 34 0.07347876 
436 229 14 21 0.07151119 
504 227 11 17 0.071498185 
342 315 12 15 0.07134073 
317 91 26 33 0.06900802 
502 267 11 16 0.062413905 
732 96 15 18 0.061215322 
644 112 14 17 0.05889738 
498 243 13 19 0.056675952 
658 268 21 24 0.055448707 
710 245 17 27 0.05535079 
542 268 15 21 0.055139206 
223 170 14 19 0.05450997 
535 111 86 127 0.05245198 
538 152 15 21 0.04847594 
461 231 15 20 0.048419125 
805 177 13 16 0.048240967 
159 293 29 30 0.04754758 
494 248 13 18 0.046506837 
440 234 13 19 0.046478946 
655 308 32 40 0.04470479 
953 267 29 34 0.044634096 
196 718 26 33 0.043004606 
944 230 12 15 0.04234382 
592 148 12 17 0.041251387 
160 280 27 31 0.039871283 
515 258 17 21 0.039221946 
531 261 14 18 0.039168045 
556 137 12 17 0.03793234 
96 177 15 19 0.037788685 
451 284 22 28 0.03771515 
144 290 52 49 0.037564915 
471 274 13 19 0.03717286 
429 284 13 19 0.036796838 
484 182 12 15 0.03667059 
477 182 12 15 0.036296133 
644 282 27 35 0.035432678 
32 107 40 50 0.03537017 
830 150 14 22 0.034434244 
426 323 27 29 0.034400795 
549 250 23 31 0.033669297 
211 727 14 21 0.03344602 
577 271 23 33 0.033371557 
174 166 15 19 0.032956302 
558 229 12 14 0.03276883 
590 254 12 17 0.032268826 
20 190 35 42 0.03207948 
439 257 12 17 0.03203088 
510 163 12 19 0.031438947 
984 269 18 24 0.030980151 
435 279 21 28 0.030969173 
431 6 29 35 0.030877937 
533 157 16 22 0.030291444 
641 297 29 38 0.03024407 
0 224 20 32 0.030219814 
530 272 15 21 0.029852666 
222 703 16 20 0.029281419 
144 256 45 48 0.029259594 
149 303 32 31 0.029244158 
202 140 26 28 0.028994488 
483 268 15 19 0.028976362 
830 163 12 19 0.028788205 
85 247 25 33 0.028679814 
271 276 12 18 0.028641481 
507 221 12 16 0.028366834 
411 294 25 31 0.028319677 
198 69 15 21 0.02821429 
500 168 15 18 0.02785869 
775 297 28 35 0.027854351 
458 122 15 18 0.027733263 
78 2 25 28 0.02756752 
339 201 15 21 0.027412016 
260 617 14 17 0.027168978 
460 297 15 20 0.027104883 
32 91 33 40 0.0270138 
550 265 24 33 0.027001886 
869 322 28 36 0.02690925 
495 264 13 19 0.026334425 
-2 341 34 46 0.02633427 
409 210 14 18 0.026267312 
864 336 25 32 0.02586256 
496 237 12 16 0.025648395 
566 163 27 38 0.025593141 
466 227 14 19 0.025345782 
515 239 14 17 0.02530206 
471 185 13 18 0.025274228 
632 115 11 15 0.02497164 
518 154 15 19 0.02496723 
32 32 15 20 0.024861174 
486 251 13 17 0.024812888 
409 310 17 24 0.02478511 
301 232 20 26 0.024722004 
473 203 15 19 0.024694894 
490 297 16 22 0.024440525 
33 246 16 21 0.024189662 
495 194 13 17 0.024093367 
550 139 12 17 0.024086148 
525 280 22 29 0.02342062 
455 228 14 19 0.023291532 
401 194 23 27 0.023244869 
470 169 14 19 0.02322378 
580 256 23 31 0.023081755 
565 265 25 37 0.022919219 
581 253 15 19 0.022363033 
425 279 22 30 0.022273662 
269 299 16 26 0.02225894 
594 286 16 22 0.022151731 
588 186 13 19 0.02211591 
533 169 13 17 0.022028709 
350 248 17 23 0.022000456 
434 316 17 18 0.021996416 
611 259 14 18 0.02186393 
508 266 14 19 0.021735586 
482 163 13 17 0.021075176 
260 278 35 50 0.020930933 
503 208 13 17 0.020915255 
718 254 32 39 0.020861471 
595 142 14 17 0.02078058 
327 263 12 16 0.02068457 
523 252 14 17 0.02066471 
141 309 28 31 0.020575466 
463 210 13 16 0.020473665 
286 213 10 13 0.020384533 
562 236 13 17 0.02034402 
443 167 16 19 0.020277038 
273 271 9 13 0.020189445 
532 170 52 63 0.020177025 
605 259 14 17 0.020117965 
542 141 13 18 0.02003807 
498 310 25 34 0.020037176 
437 274 15 22 0.020001259 
