2_Demonstration_Demonstrators_2_196
1575
182 723 11 15 0.92970324 
87 717 12 13 0.8606429 
150 723 13 17 0.7514166 
208 694 12 15 0.6857396 
35 735 12 14 0.6624666 
107 666 13 17 0.6304586 
156 744 13 16 0.6304433 
739 621 10 13 0.6299128 
295 462 9 12 0.6115287 
444 309 12 17 0.504674 
414 613 8 11 0.4755881 
445 607 10 13 0.4509881 
374 709 13 17 0.4398981 
478 606 10 12 0.43848628 
832 679 9 12 0.42198563 
133 695 17 21 0.39371014 
278 581 10 13 0.3848867 
622 204 13 15 0.37590152 
642 630 9 12 0.3608012 
942 658 11 14 0.3507661 
926 630 10 11 0.34183875 
63 366 8 10 0.3289428 
64 484 11 13 0.32361913 
510 581 10 13 0.3183795 
637 669 10 15 0.30994 
406 316 11 15 0.30509427 
93 499 10 13 0.30393434 
302 300 9 11 0.2963851 
503 688 12 16 0.28733826 
491 587 11 14 0.2846865 
175 471 8 10 0.28073367 
273 462 8 11 0.27931306 
477 643 11 14 0.2722897 
436 532 9 11 0.27036515 
721 502 9 12 0.2645254 
347 722 12 16 0.26314458 
25 486 9 11 0.2623545 
192 464 7 9 0.2602285 
198 499 9 12 0.25939235 
369 441 8 11 0.24541755 
148 639 9 12 0.24325001 
125 648 12 17 0.23862463 
191 374 8 10 0.23295175 
108 350 9 12 0.22889633 
599 324 13 15 0.22849338 
180 359 8 11 0.22694688 
185 295 9 12 0.22552268 
807 653 12 15 0.22534026 
69 480 9 11 0.22362107 
581 400 16 18 0.22072761 
311 270 8 11 0.21733709 
250 342 8 11 0.21290676 
142 361 8 10 0.212739 
80 545 10 12 0.21146604 
159 359 11 12 0.20951137 
32 571 8 11 0.2093356 
236 509 9 13 0.20924444 
134 511 10 13 0.20710962 
408 322 11 15 0.20507185 
386 488 8 11 0.20434159 
83 748 12 15 0.20106514 
257 472 9 12 0.20104647 
522 606 10 13 0.20016085 
585 552 9 10 0.19987696 
319 310 9 12 0.1990632 
56 669 10 11 0.19768123 
349 632 13 18 0.19638279 
583 390 9 11 0.1959795 
222 470 8 10 0.18987581 
684 716 11 13 0.18951789 
193 697 9 13 0.18746586 
466 473 9 11 0.1866786 
20 233 14 20 0.1850748 
144 494 11 13 0.18426092 
711 632 13 17 0.17897919 
943 648 9 11 0.17779899 
249 723 13 17 0.17765014 
524 524 9 12 0.17746384 
341 509 8 10 0.17728744 
67 532 11 14 0.17454366 
337 340 10 12 0.17396523 
824 654 9 12 0.17394376 
628 422 10 12 0.17277126 
460 376 10 12 0.17119385 
826 697 15 18 0.16813596 
752 527 10 12 0.16778812 
586 587 12 17 0.16704501 
161 493 9 12 0.1657533 
373 279 10 13 0.16373065 
342 332 9 13 0.16282782 
63 361 7 10 0.16275065 
302 514 10 15 0.16214272 
520 38 8 11 0.16211809 
903 636 8 10 0.1618526 
431 291 10 12 0.16138463 
232 685 11 15 0.1596024 
273 254 7 8 0.15774028 
393 563 10 12 0.15768412 
767 647 11 15 0.1575441 
357 536 8 11 0.15717266 
674 694 16 21 0.15635377 
762 733 11 14 0.15331207 
360 608 10 13 0.15221004 
0 504 7 12 0.1511333 
175 478 9 11 0.1500738 
239 605 9 12 0.14985275 
645 635 9 12 0.14767802 
112 375 9 12 0.146124 
735 626 12 16 0.14598186 
206 309 8 10 0.14594123 
756 615 15 18 0.14538762 
150 343 8 10 0.1433695 
297 351 7 9 0.14320052 
325 343 8 12 0.14237474 
405 262 10 13 0.14190982 
628 611 10 14 0.14001887 
230 431 7 9 0.1398002 
340 556 9 12 0.13957572 
161 446 9 11 0.13882902 
177 363 9 12 0.13540784 
478 582 12 14 0.13497776 
278 486 9 11 0.13484755 
343 328 9 12 0.13481523 
126 733 14 19 0.1342021 
147 475 12 14 0.1341386 
318 709 10 13 0.1328498 
446 584 8 11 0.13283147 
343 296 8 10 0.13244475 
125 711 10 14 0.1319185 
599 438 9 12 0.13147967 
64 371 8 10 0.1304947 
751 610 15 17 0.12447645 
807 693 11 14 0.12359433 
88 375 9 11 0.123384796 
161 452 10 13 0.123214364 
486 579 13 17 0.122824654 
57 498 10 13 0.12266766 
223 439 8 11 0.122506864 
483 568 10 12 0.122331426 
242 495 7 10 0.122093745 
484 319 13 18 0.12173615 
435 267 12 15 0.12163173 
310 423 9 11 0.12129092 
523 519 9 12 0.12093856 
145 220 8 10 0.12020979 
632 662 10 13 0.12011859 
486 573 10 14 0.11981473 
531 340 12 17 0.11961065 
91 446 8 10 0.11875538 
113 214 7 10 0.11804371 
784 614 12 14 0.118006065 
767 711 14 19 0.117195696 
44 550 9 12 0.11575586 
445 598 10 12 0.115454815 
167 461 8 10 0.11481337 
105 518 10 13 0.11363282 
346 660 12 16 0.11359842 
231 445 9 11 0.113549426 
687 740 14 20 0.112782665 
423 659 11 14 0.111201756 
370 365 8 12 0.110639974 
410 556 10 11 0.109760255 
755 591 13 16 0.1094959 
163 748 14 16 0.109473206 
79 501 9 12 0.1089217 
445 589 9 11 0.10845285 
405 332 11 15 0.10839849 
357 303 7 10 0.10688311 
675 446 11 14 0.10538393 
416 635 12 14 0.10503936 
257 295 8 11 0.10497913 
389 252 11 13 0.1047103 
433 528 10 13 0.10429254 
623 533 25 36 0.10387409 
102 711 12 17 0.10362777 
85 525 8 12 0.10211892 
924 661 9 12 0.10200932 
228 485 9 11 0.10075244 
742 616 12 15 0.100403756 
181 351 7 11 0.10024738 
746 714 14 19 0.099315695 
880 388 12 15 0.098884 
630 518 11 15 0.09860279 
112 296 8 11 0.098226376 
620 440 10 13 0.09811932 
456 379 12 15 0.097799055 
295 312 8 11 0.09769975 
24 567 8 10 0.097373 
277 454 8 12 0.09719164 
246 652 9 11 0.09590101 
190 581 10 13 0.095877 
226 431 7 10 0.09548207 
707 668 12 16 0.09531146 
300 681 16 20 0.09528311 
1005 329 15 20 0.09478368 
294 316 8 11 0.094742976 
128 206 8 11 0.0946543 
234 188 9 11 0.09425525 
441 583 9 10 0.0939873 
366 738 14 17 0.09356081 
561 647 10 12 0.09255922 
855 711 10 13 0.09226115 
296 343 7 9 0.09190175 
87 311 9 11 0.091805175 
926 568 9 11 0.09119736 
238 457 9 10 0.08977787 
254 510 8 11 0.08938398 
81 471 7 10 0.088624835 
8 574 9 12 0.08861663 
344 540 9 11 0.088436484 
29 623 8 10 0.08810388 
200 672 9 11 0.08807039 
407 623 10 13 0.088009566 
110 748 13 18 0.08796974 
2 563 9 13 0.087770775 
110 356 8 10 0.08765043 
831 164 9 11 0.08758497 
597 660 12 16 0.08738852 
894 645 8 12 0.0868649 
103 573 8 9 0.08441242 
919 637 11 13 0.084348865 
73 445 7 9 0.084097706 
218 320 7 9 0.08303039 
576 577 10 15 0.08269108 
454 604 9 13 0.08266732 
757 688 14 18 0.082620166 
170 750 14 16 0.082540244 
756 625 12 16 0.08253161 
914 731 14 19 0.081997946 
93 336 8 11 0.08175127 
512 585 10 14 0.08171344 
23 480 8 11 0.081476495 
557 470 10 12 0.08140206 
195 496 8 11 0.080701664 
143 247 8 10 0.08038186 
231 438 10 13 0.08035531 
120 247 8 10 0.08022201 
125 366 8 11 0.07993053 
419 629 11 13 0.07990042 
919 653 12 14 0.07985889 
504 601 9 11 0.079421476 
254 501 9 12 0.07920882 
126 357 7 10 0.07904624 
780 713 14 18 0.078480214 
217 445 7 10 0.07833713 
336 493 8 10 0.07828138 
188 301 9 11 0.078033365 
430 415 8 10 0.07769785 
968 654 11 15 0.077532746 
101 465 8 10 0.07720935 
295 415 8 9 0.077127196 
265 381 8 10 0.07711427 
182 215 7 9 0.076891355 
300 463 8 11 0.076804705 
349 223 9 12 0.07659836 
399 642 10 14 0.076364644 
327 396 8 12 0.07585403 
525 533 9 12 0.07553588 
56 477 9 12 0.07519361 
223 478 10 12 0.07513911 
300 734 17 23 0.074844755 
128 744 16 19 0.07466278 
159 333 7 10 0.07465984 
150 348 8 9 0.07461084 
17 751 8 10 0.07460684 
518 373 10 11 0.074544884 
24 663 8 11 0.074456744 
95 295 7 10 0.074287124 
200 684 10 14 0.073873974 
754 566 10 13 0.07357658 
61 492 11 13 0.073540464 
143 729 14 18 0.073345 
533 472 9 12 0.07276203 
159 441 8 10 0.07259815 
205 677 9 12 0.07208908 
436 554 14 17 0.072086446 
14 709 11 13 0.07205176 
437 478 8 11 0.071220845 
923 163 12 15 0.070897825 
670 453 14 18 0.07086801 
237 319 7 10 0.07052023 
66 528 9 11 0.070460185 
755 603 16 19 0.07016786 
93 748 12 15 0.070082605 
464 743 10 11 0.07005615 
714 748 12 13 0.06993989 
206 687 11 14 0.069877446 
334 535 8 12 0.06971112 
54 181 9 10 0.06956738 
15 589 10 12 0.06897375 
286 295 7 10 0.068953745 
605 663 12 14 0.06892009 
232 455 8 10 0.06878313 
257 301 8 10 0.06845619 
111 447 9 11 0.06829215 
319 305 7 9 0.068257645 
200 676 10 14 0.06815096 
89 496 10 12 0.06811853 
61 718 9 12 0.06768627 
463 322 11 13 0.06756557 
409 575 9 10 0.06722422 
422 427 12 14 0.06660268 
503 427 10 13 0.0665939 
461 543 12 14 0.06635118 
636 674 14 20 0.06608902 
403 338 12 16 0.06545292 
178 215 7 10 0.06519912 
353 535 8 11 0.06519639 
125 351 10 11 0.0648996 
29 492 9 12 0.06463002 
90 722 14 17 0.06459019 
302 351 6 9 0.06438396 
532 740 12 15 0.06433869 
363 646 12 14 0.064317204 
269 428 9 11 0.0642781 
199 694 9 13 0.064238355 
613 500 11 13 0.06423421 
296 430 8 10 0.064112626 
897 638 9 11 0.06384856 
265 423 9 12 0.0637626 
22 742 10 12 0.06374452 
41 544 8 11 0.063725986 
526 546 14 17 0.06330572 
78 478 9 12 0.06318968 
125 335 10 13 0.06300189 
487 596 10 12 0.062953785 
371 725 15 18 0.06290579 
288 388 9 11 0.062868044 
229 471 8 10 0.06280801 
486 626 11 14 0.06272316 
201 365 9 10 0.06271118 
158 651 10 14 0.062691435 
173 399 10 12 0.06253922 
90 709 14 18 0.06251545 
713 740 14 15 0.062298108 
230 679 9 12 0.062295794 
272 686 10 12 0.06217508 
543 419 12 16 0.0620645 
658 638 8 11 0.061954364 
160 215 8 10 0.061951 
838 161 8 10 0.061939873 
130 185 7 9 0.06190625 
417 424 10 13 0.061458383 
304 410 7 9 0.061200403 
181 640 10 11 0.06116699 
527 450 9 12 0.061118335 
321 346 9 12 0.06090489 
0 190 9 13 0.060749903 
96 463 9 10 0.060581185 
15 543 9 12 0.060451284 
115 744 15 19 0.0603332 
822 647 9 13 0.06027067 
248 423 8 10 0.06018635 
56 717 11 14 0.060000155 
582 580 12 17 0.059954662 
838 670 11 14 0.059826843 
222 326 7 10 0.059682094 
113 233 9 11 0.059638146 
335 488 9 10 0.059502825 
182 415 9 12 0.059426483 
431 102 8 12 0.05937121 
301 643 9 13 0.05933809 
338 518 9 12 0.05927614 
335 540 8 12 0.05906656 
133 686 13 17 0.05905445 
46 204 13 15 0.058952518 
114 471 9 11 0.058783147 
162 384 8 10 0.058708325 
237 439 9 11 0.058649957 
748 634 12 14 0.058638193 
848 727 11 14 0.058588147 
233 311 7 10 0.05854395 
144 641 12 15 0.05850105 
25 623 8 12 0.058402084 
0 516 9 12 0.05829572 
729 628 12 15 0.058181867 
486 312 12 15 0.058141667 
461 605 9 11 0.05804853 
218 440 7 10 0.058018878 
660 572 15 18 0.05799132 
184 326 7 9 0.057947062 
7 591 9 12 0.05776752 
521 530 10 13 0.057737123 
750 629 12 15 0.057716597 
111 328 7 8 0.05750806 
583 445 10 13 0.057446703 
224 312 7 9 0.05713872 
517 588 9 11 0.056954727 
350 496 7 9 0.056696307 
89 455 8 11 0.056692146 
146 240 8 9 0.05668159 
694 695 12 15 0.056656335 
554 439 15 18 0.056586634 
343 494 7 10 0.056554466 
236 184 9 11 0.05651144 
947 714 17 20 0.05641631 
216 327 8 9 0.056374177 
128 200 7 10 0.056237992 
343 627 14 19 0.056222033 
87 742 12 16 0.05620267 
959 662 10 13 0.055669945 
486 614 10 13 0.055629 
488 350 7 10 0.055522017 
144 485 12 14 0.055185888 
364 727 21 26 0.055080064 
302 533 8 11 0.055047993 
214 717 11 14 0.054966744 
144 375 10 12 0.054913327 
665 447 23 31 0.05472926 
576 398 12 16 0.05468631 
553 504 9 11 0.054666422 
84 713 18 22 0.05457673 
312 275 8 11 0.054390736 
111 487 8 10 0.054365695 
222 319 7 9 0.054298077 
89 336 9 11 0.054229002 
200 345 7 10 0.05421159 
294 422 9 11 0.054167107 
0 469 7 12 0.05411462 
121 198 8 10 0.05388773 
958 744 14 18 0.05364967 
76 392 8 10 0.053239744 
70 232 11 14 0.053214185 
353 301 8 12 0.052999504 
794 750 15 16 0.052929975 
280 432 8 11 0.05288612 
256 310 7 9 0.052885316 
9 683 13 16 0.05282471 
191 647 9 11 0.052713733 
589 656 13 18 0.05267251 
773 604 10 13 0.052557897 
409 606 10 13 0.0524481 
13 573 8 10 0.052261017 
565 589 10 14 0.052238338 
206 304 9 11 0.052196216 
166 384 8 9 0.052172936 
257 526 9 11 0.05213799 
912 651 11 14 0.05213615 
480 601 9 12 0.05211132 
623 414 9 13 0.052075632 
295 408 7 9 0.051817555 
365 607 9 12 0.05169086 
692 620 13 18 0.051473793 
524 38 10 11 0.051311553 
175 639 11 13 0.051275477 
813 636 10 13 0.051213603 
150 221 8 10 0.051178373 
161 238 9 11 0.051066235 
519 559 13 17 0.050994348 
130 645 12 16 0.05098747 
333 612 10 12 0.050911378 
621 653 10 13 0.050755303 
235 687 13 18 0.05074649 
33 454 9 11 0.050402477 
23 473 9 11 0.0503693 
161 459 10 12 0.050308913 
583 409 14 17 0.04976549 
131 541 12 16 0.049676787 
56 473 8 10 0.049646243 
0 704 7 12 0.04958549 
518 581 9 13 0.04954982 
257 462 9 11 0.049524494 
84 694 13 15 0.049379632 
191 586 11 15 0.049347263 
3 246 11 14 0.0493009 
474 606 10 12 0.049106825 
242 653 9 11 0.048888225 
119 486 10 11 0.04882425 
478 739 13 15 0.048822027 
23 372 9 12 0.048773497 
388 534 10 12 0.048649218 
436 291 10 12 0.048509236 
443 554 10 15 0.048435036 
422 548 10 13 0.04843309 
344 622 11 14 0.048409097 
344 614 10 11 0.048279226 
337 502 8 12 0.04810204 
249 272 7 9 0.048095275 
150 591 11 13 0.048091717 
719 662 13 17 0.048078157 
479 550 10 13 0.04798517 
305 422 9 12 0.047981475 
240 295 7 10 0.04794922 
344 227 10 12 0.047838654 
525 610 9 12 0.047754254 
313 469 7 10 0.047695234 
154 728 15 18 0.047637194 
484 581 20 25 0.04759196 
135 231 8 10 0.047576685 
138 249 8 10 0.047570184 
238 501 10 14 0.04749936 
1012 179 10 14 0.047434166 
727 648 10 12 0.047338508 
955 670 16 20 0.047267232 
360 344 8 11 0.04721494 
89 304 7 9 0.04720113 
520 369 11 12 0.046758827 
349 600 10 13 0.0465837 
168 502 9 12 0.04643516 
717 522 15 19 0.046389617 
938 654 20 24 0.04637671 
342 597 10 12 0.04634021 
235 515 11 15 0.046308007 
386 375 7 10 0.04614149 
451 348 11 14 0.04609576 
261 296 7 10 0.046058573 
414 553 10 11 0.04603564 
88 460 8 11 0.04598205 
337 327 8 12 0.045970727 
416 80 8 10 0.045953352 
134 185 8 9 0.04593582 
111 639 9 11 0.045934916 
184 190 7 9 0.04590987 
290 421 8 10 0.04589858 
301 469 9 10 0.045896538 
327 659 13 16 0.045700822 
104 343 9 11 0.045696005 
597 635 10 12 0.04556381 
120 254 8 10 0.045416202 
625 520 22 31 0.045217425 
329 288 6 9 0.045154545 
96 252 9 11 0.045078333 
754 531 12 14 0.045073587 
70 716 9 13 0.045014337 
150 239 8 10 0.04499641 
159 222 7 9 0.044991337 
360 237 7 10 0.044950474 
702 583 10 13 0.044822615 
702 635 13 19 0.044748858 
224 305 8 9 0.044597115 
13 492 10 12 0.04458813 
430 751 11 12 0.04455974 
200 334 8 9 0.04453709 
70 174 9 11 0.044524204 
250 278 7 10 0.044335265 
381 30 9 11 0.04432323 
408 454 11 13 0.044246357 
175 557 12 15 0.044220056 
639 484 10 14 0.044195414 
494 693 11 14 0.044193923 
749 581 11 14 0.044080194 
214 453 9 12 0.044060104 
65 175 9 11 0.04404177 
169 478 9 12 0.0440385 
529 54 9 11 0.044025965 
119 479 9 10 0.043969933 
208 349 7 10 0.04393273 
281 265 6 9 0.043850113 
43 236 14 17 0.04380301 
732 533 10 12 0.04373525 
260 475 9 12 0.043697286 
694 555 13 16 0.04368506 
143 198 8 10 0.043612402 
672 700 21 27 0.043603837 
580 638 13 17 0.04358989 
789 630 14 17 0.04352286 
553 643 23 28 0.04350516 
623 604 14 18 0.043496795 
351 604 10 14 0.043364376 
121 367 9 11 0.0432028 
664 707 25 31 0.04316886 
30 711 8 11 0.04312898 
202 304 7 10 0.043122124 
25 183 9 12 0.04311133 
337 552 9 13 0.04305806 
910 401 17 19 0.043032855 
297 286 7 9 0.04302794 
181 558 10 13 0.04297764 
46 554 9 12 0.042919736 
281 303 8 9 0.042903055 
37 502 9 11 0.04272399 
39 525 9 12 0.042632107 
298 295 8 11 0.042547945 
158 328 7 10 0.042440537 
843 669 12 14 0.042348407 
193 369 7 10 0.042288043 
166 237 9 12 0.042225253 
15 568 9 11 0.042160667 
145 349 8 10 0.042148404 
392 -66 430 486 0.042122062 
392 366 8 11 0.04203192 
152 335 8 11 0.042005226 
205 360 8 11 0.04199666 
7 579 8 12 0.041980624 
308 678 14 19 0.041908193 
80 732 10 14 0.04190138 
118 215 7 10 0.041837484 
166 388 8 9 0.041764945 
284 286 9 11 0.04176096 
382 514 14 18 0.041741874 
0 276 11 18 0.041724753 
763 721 15 18 0.041642055 
103 558 10 12 0.041634984 
405 638 10 13 0.041539755 
94 311 8 10 0.04148314 
233 625 9 12 0.041381203 
323 699 12 16 0.04125367 
191 240 8 10 0.041198976 
702 619 11 16 0.041177396 
165 487 9 12 0.041085165 
233 366 9 10 0.041037325 
145 422 9 11 0.041026264 
442 714 15 20 0.040987216 
499 751 15 15 0.040946424 
174 255 8 10 0.04093442 
452 285 13 16 0.040898927 
104 513 9 11 0.04078748 
255 397 9 11 0.040640727 
853 724 10 13 0.0406136 
612 148 15 20 0.04059496 
1008 181 10 13 0.040550534 
901 671 12 14 0.040535897 
101 750 13 17 0.040497974 
253 336 8 10 0.04048231 
216 190 7 9 0.04041401 
104 673 12 15 0.040390402 
958 733 13 16 0.040373717 
312 463 8 11 0.04035116 
808 751 12 14 0.040296085 
523 553 15 20 0.04024391 
233 382 10 12 0.040242314 
347 333 9 11 0.04024167 
909 163 10 12 0.040217616 
304 414 8 10 0.040174775 
897 632 9 11 0.040158253 
118 735 19 26 0.04010837 
297 355 8 11 0.040080804 
484 605 10 12 0.040049206 
229 478 9 12 0.040039577 
249 510 9 13 0.039990287 
917 643 12 15 0.03998195 
270 541 9 12 0.03992135 
295 324 8 11 0.039857157 
351 612 9 13 0.039797775 
701 547 15 20 0.039712857 
293 383 8 11 0.039594945 
144 472 11 13 0.039589122 
479 556 11 13 0.03954866 
582 418 15 20 0.03953595 
103 248 7 11 0.03936754 
302 309 8 11 0.039357428 
86 729 13 16 0.039318062 
366 628 12 16 0.0393133 
848 716 11 13 0.039258614 
164 532 11 15 0.0392034 
553 489 8 11 0.03914499 
170 375 7 9 0.03909387 
652 590 12 16 0.039080568 
69 180 9 11 0.03904904 
430 596 9 12 0.03903618 
537 642 12 19 0.039001867 
217 475 9 12 0.03899779 
715 733 13 16 0.03894272 
432 275 11 13 0.03882476 
376 608 9 11 0.03882256 
150 216 8 10 0.03878022 
89 296 8 10 0.038750768 
21 543 9 12 0.038718358 
431 580 9 10 0.03867599 
201 319 7 9 0.038653605 
44 738 11 14 0.0385811 
776 749 12 14 0.038556974 
634 545 13 17 0.038463887 
97 568 8 10 0.038408667 
290 415 8 11 0.03840386 
600 503 9 11 0.038395356 
423 624 9 12 0.03834899 
133 206 8 10 0.03828212 
254 496 9 11 0.038224317 
641 134 7 10 0.038164865 
916 630 21 25 0.038108453 
154 718 13 16 0.0380736 
885 654 12 14 0.038072642 
340 239 10 12 0.038052086 
319 689 13 18 0.038035195 
285 578 12 16 0.038002133 
652 410 50 69 0.037888218 
224 465 8 10 0.03781929 
825 684 11 13 0.037749708 
310 511 10 13 0.03770729 
476 617 13 17 0.0376741 
160 209 8 10 0.037538953 
4 658 12 15 0.037525743 
441 597 10 12 0.037501466 
246 573 9 14 0.037458073 
78 741 12 16 0.037444696 
582 486 8 10 0.037364207 
158 677 10 13 0.037277557 
706 675 12 15 0.037255105 
160 255 7 9 0.03723979 
286 302 8 10 0.03723794 
254 573 14 18 0.03717748 
144 429 8 11 0.03714234 
105 368 8 10 0.037123736 
615 452 12 16 0.037069004 
85 582 9 12 0.03703896 
186 374 8 11 0.037033122 
48 707 9 12 0.036980014 
119 684 12 16 0.036942706 
48 471 8 10 0.036889207 
217 335 7 9 0.03688657 
824 160 9 11 0.03686336 
349 384 7 9 0.0368362 
783 734 11 13 0.036829416 
190 652 10 12 0.036806505 
474 583 10 14 0.036757372 
154 327 8 10 0.03672519 
70 538 12 15 0.036670677 
558 488 8 10 0.036659125 
943 691 11 15 0.03661402 
329 612 9 12 0.036610488 
200 328 8 10 0.036607627 
837 684 10 13 0.03646013 
81 583 9 12 0.03632031 
207 486 8 11 0.036265794 
989 732 12 15 0.036222022 
77 168 9 10 0.03620155 
138 367 9 10 0.036189172 
285 366 9 11 0.036181957 
693 602 12 16 0.03613724 
145 463 8 10 0.0361336 
339 596 9 12 0.03608028 
371 705 22 27 0.036059257 
566 594 14 18 0.036039755 
145 414 9 11 0.035960473 
287 454 10 14 0.035960026 
278 481 10 11 0.03594796 
97 279 8 10 0.035909448 
232 397 10 11 0.035894703 
59 664 11 12 0.035883997 
232 522 12 16 0.03587116 
110 523 11 15 0.035849337 
643 668 13 17 0.035829198 
234 359 8 10 0.035745136 
1 230 9 14 0.035733175 
608 126 8 10 0.035712346 
514 376 9 11 0.03565395 
185 209 6 8 0.035488993 
70 461 8 10 0.03548777 
911 637 10 12 0.035481066 
474 612 11 15 0.035479657 
912 645 12 14 0.03546004 
433 492 10 13 0.0354516 
47 512 9 11 0.035445668 
36 653 11 13 0.03543362 
106 381 8 11 0.03542439 
239 572 11 14 0.035414778 
899 598 17 22 0.035383686 
147 381 10 13 0.035350274 
289 406 8 11 0.035319984 
222 350 7 9 0.035312884 
175 465 7 10 0.03531203 
95 398 7 10 0.03514959 
15 487 9 11 0.035143286 
94 360 8 10 0.035057276 
237 627 9 13 0.035047203 
230 549 9 12 0.035009768 
428 652 10 14 0.03488903 
183 644 9 11 0.034859415 
142 398 7 9 0.034855515 
436 539 11 13 0.034828123 
763 618 11 14 0.034704484 
230 425 8 10 0.03467798 
24 571 10 11 0.03467391 
185 321 8 10 0.034662884 
52 206 11 12 0.034656964 
38 462 8 10 0.034638353 
113 221 8 10 0.03460606 
946 653 12 16 0.034596533 
308 743 15 20 0.034554165 
182 654 11 12 0.034533262 
120 222 8 10 0.034519244 
296 279 8 10 0.034512307 
116 375 9 11 0.034503188 
415 642 13 16 0.03440433 
20 725 11 14 0.034399573 
143 271 9 10 0.034388136 
272 535 9 11 0.0343779 
254 516 9 12 0.034362767 
377 31 9 11 0.034314048 
238 324 7 10 0.034309678 
392 360 7 11 0.03430697 
232 388 11 13 0.034301512 
79 724 11 15 0.0342463 
247 658 11 15 0.034191314 
988 707 13 17 0.03415753 
92 699 13 16 0.034151357 
390 272 8 11 0.03411236 
196 589 11 13 0.03410347 
916 586 17 22 0.033981074 
68 374 9 10 0.033969197 
363 130 23 30 0.03394218 
199 558 9 11 0.033927616 
695 614 20 27 0.03391235 
168 686 10 13 0.033739116 
921 160 9 12 0.03368246 
838 694 11 14 0.033611614 
350 296 8 10 0.033455696 
104 271 8 10 0.03340478 
176 550 10 12 0.03340367 
238 414 10 10 0.0333365 
208 345 7 9 0.03330464 
669 645 12 16 0.03321671 
470 741 11 13 0.033212677 
112 209 8 10 0.033168923 
174 373 8 10 0.033149924 
708 621 11 14 0.033147622 
510 650 10 14 0.03310617 
39 614 9 13 0.03309809 
216 343 8 9 0.033096366 
463 334 12 15 0.03308662 
581 572 12 16 0.03307979 
304 334 7 9 0.033070724 
544 366 8 12 0.033041235 
78 174 8 10 0.03296036 
545 492 8 10 0.032928206 
207 253 7 10 0.032923702 
527 346 12 15 0.03289141 
314 683 14 19 0.0328697 
862 718 9 12 0.032861315 
892 651 10 14 0.032826062 
101 568 9 11 0.03275993 
349 341 9 11 0.032713518 
128 190 8 9 0.0327062 
109 559 10 12 0.032705836 
225 426 8 9 0.03268765 
633 377 27 38 0.032624718 
109 334 8 10 0.032614514 
369 714 12 16 0.03261168 
5 230 9 11 0.032601885 
839 751 14 15 0.032589763 
216 350 7 10 0.03257455 
278 468 9 11 0.032562878 
808 731 11 13 0.0325546 
505 109 8 10 0.0325254 
769 661 10 14 0.03252121 
392 677 11 13 0.03251802 
925 689 15 20 0.032496553 
60 723 10 12 0.03248441 
297 639 10 13 0.03247292 
33 392 8 10 0.03247128 
279 406 8 10 0.032435853 
342 524 9 12 0.03243554 
492 462 11 15 0.03243468 
142 446 7 10 0.03236786 
703 534 10 12 0.032353178 
104 238 8 10 0.0323163 
439 561 12 16 0.032268465 
877 174 11 14 0.03224821 
9 596 10 12 0.032228597 
41 591 10 13 0.032222297 
372 373 8 11 0.032218266 
281 436 8 11 0.03217883 
103 279 7 9 0.03210763 
682 692 14 19 0.032039005 
352 540 8 11 0.032034595 
247 488 7 9 0.03202624 
117 232 8 10 0.03198175 
96 287 8 10 0.031979576 
185 700 10 12 0.031970616 
991 175 8 10 0.03187158 
185 382 7 10 0.031854466 
192 509 10 13 0.031851944 
413 620 11 15 0.031789903 
183 334 7 10 0.031747915 
126 223 8 9 0.03173386 
249 295 8 10 0.03169978 
86 191 9 11 0.031696238 
368 380 8 10 0.031657506 
634 522 14 18 0.031641472 
437 484 10 13 0.031567853 
743 603 11 15 0.03155536 
963 651 20 28 0.03151092 
254 347 8 11 0.03146802 
740 632 14 17 0.03139263 
487 104 7 9 0.031347834 
740 597 12 16 0.031293057 
413 448 10 12 0.031262044 
356 628 12 17 0.031242173 
137 253 8 10 0.031241227 
277 255 6 8 0.031239992 
391 372 7 11 0.031201635 
925 644 11 14 0.0310514 
708 660 13 18 0.031029986 
676 710 22 25 0.030988516 
150 677 12 15 0.03097899 
678 733 12 16 0.030937104 
237 312 8 10 0.030924687 
110 644 10 12 0.030886402 
254 287 7 9 0.030870104 
569 476 8 10 0.030844951 
310 595 13 16 0.030804439 
317 539 9 12 0.030670343 
246 580 10 13 0.03065798 
793 95 8 10 0.030618714 
448 286 10 13 0.030604465 
94 692 12 16 0.030592479 
846 661 11 13 0.030591033 
776 677 9 12 0.03053535 
595 324 11 14 0.030533712 
224 684 10 14 0.030532392 
295 533 10 13 0.03047771 
383 277 9 13 0.030474985 
29 604 10 12 0.030458512 
190 320 7 9 0.030448109 
290 311 8 10 0.030379917 
141 480 20 25 0.030375991 
5 517 9 11 0.030353734 
750 700 11 14 0.03028057 
215 303 8 10 0.030279133 
160 231 8 10 0.03026045 
256 455 10 13 0.030226732 
822 743 12 14 0.030217843 
585 501 10 13 0.030210437 
342 349 9 10 0.030206373 
599 496 10 11 0.030180283 
32 747 10 13 0.03017611 
33 459 10 13 0.030152123 
931 635 12 15 0.030112281 
125 247 8 9 0.030102609 
587 424 13 16 0.030095367 
627 210 13 15 0.030094502 
636 555 11 15 0.030089995 
1 590 9 12 0.030056475 
185 246 8 10 0.030019658 
312 541 10 11 0.029990856 
414 630 18 24 0.029968314 
326 358 8 10 0.029934011 
984 735 23 27 0.02990705 
302 477 9 10 0.029892307 
191 207 7 9 0.029860048 
772 629 11 14 0.029842509 
15 150 7 9 0.029837286 
271 639 10 12 0.029797772 
772 636 12 15 0.029777355 
693 732 12 18 0.029763 
327 293 7 9 0.029740877 
128 383 8 11 0.029732203 
263 462 8 10 0.02973212 
492 612 11 14 0.029717177 
330 540 8 12 0.029700499 
598 584 12 18 0.02969474 
474 639 19 24 0.02966779 
136 430 8 10 0.02966675 
32 655 10 12 0.029646588 
638 623 11 14 0.029576875 
254 701 9 12 0.029571684 
297 511 11 15 0.029571569 
384 533 9 12 0.029532585 
457 546 13 16 0.029515164 
117 238 9 12 0.029500203 
630 512 10 13 0.029478215 
343 564 10 13 0.029464472 
200 488 8 10 0.02940557 
32 728 10 13 0.02940493 
535 533 10 13 0.029389702 
135 485 9 12 0.029385235 
144 231 8 9 0.029384986 
771 644 13 17 0.029382713 
149 632 11 13 0.02935946 
545 373 9 11 0.02934411 
757 714 13 17 0.02933821 
430 605 9 13 0.029289499 
533 79 11 12 0.029281693 
462 491 12 17 0.029268635 
252 655 9 11 0.029268514 
124 636 12 17 0.029248731 
70 415 7 9 0.0292355 
121 207 7 10 0.029234538 
510 412 9 12 0.029208967 
862 723 10 13 0.029199287 
248 711 11 13 0.029192602 
102 312 8 10 0.0291567 
491 576 11 13 0.029064627 
421 666 12 15 0.029048027 
198 223 7 10 0.029024957 
32 616 9 12 0.028994171 
392 384 9 11 0.028952302 
397 254 11 14 0.028948074 
454 343 10 14 0.028931692 
803 620 13 15 0.02890908 
880 632 9 11 0.028903717 
565 582 11 14 0.02890056 
692 636 15 18 0.02884577 
505 576 10 14 0.028832983 
127 501 10 12 0.028796334 
99 691 12 16 0.028787518 
14 669 10 12 0.028770696 
206 319 8 9 0.028770491 
509 603 10 14 0.028760104 
372 245 10 11 0.028749546 
921 623 10 13 0.028745607 
179 479 9 12 0.028723855 
57 484 10 13 0.028712649 
167 208 7 10 0.028703516 
119 492 11 14 0.028649205 
303 328 8 10 0.028643435 
327 643 12 14 0.028638238 
501 609 12 15 0.02861707 
73 749 10 14 0.028591162 
336 523 9 13 0.028587613 
239 566 10 13 0.028564494 
623 597 11 14 0.028548194 
828 750 10 13 0.028540766 
693 726 10 14 0.028518802 
65 165 9 11 0.028517144 
128 213 8 10 0.028493222 
86 230 8 11 0.02847834 
95 654 11 14 0.028445559 
87 428 8 10 0.028385134 
116 689 15 19 0.028379451 
895 622 10 12 0.028345946 
829 743 10 12 0.028322194 
54 709 11 15 0.028273512 
525 577 12 15 0.028238019 
551 385 11 15 0.028197221 
53 189 10 12 0.02819256 
628 199 13 17 0.028192317 
885 684 10 14 0.028176615 
46 722 11 14 0.028122991 
89 441 8 11 0.028089013 
984 706 25 32 0.028070744 
134 199 8 10 0.028051531 
185 579 10 13 0.028029025 
386 541 9 11 0.028026056 
460 477 21 29 0.028024158 
533 637 23 30 0.028005274 
232 336 8 9 0.027977666 
645 347 11 14 0.027976448 
260 547 13 15 0.027961448 
947 684 13 18 0.027926207 
119 262 8 10 0.02792278 
166 506 12 15 0.027920162 
231 305 7 8 0.027912753 
286 437 8 10 0.027873814 
258 532 9 11 0.027855033 
318 429 8 10 0.027849687 
231 503 18 24 0.027772361 
21 221 14 17 0.027763812 
165 677 10 13 0.0277553 
615 345 10 13 0.027740475 
312 535 9 11 0.027706666 
246 462 10 12 0.027665002 
1 581 9 13 0.02766294 
387 508 12 16 0.027657757 
387 522 12 16 0.027631953 
636 204 12 13 0.02758836 
877 537 9 11 0.027566442 
614 325 8 12 0.02751742 
198 382 8 10 0.027488822 
160 270 8 10 0.02746228 
110 368 9 11 0.027417986 
441 603 17 21 0.027392218 
160 352 7 9 0.027381746 
709 651 12 15 0.027378183 
239 540 10 14 0.027309662 
27 221 11 14 0.027302064 
780 677 10 12 0.027296454 
1 195 10 14 0.027289309 
193 629 9 11 0.027260136 
167 215 7 9 0.027251057 
726 530 13 16 0.027243726 
567 504 11 12 0.027240874 
495 414 9 12 0.02720939 
253 279 8 10 0.027205339 
145 262 8 10 0.027182385 
40 519 8 12 0.027127609 
530 164 9 11 0.02702569 
106 708 13 18 0.027015667 
430 314 13 15 0.027001632 
764 603 13 16 0.026995089 
543 488 8 11 0.026994612 
820 505 28 37 0.026968887 
174 667 14 16 0.026966725 
937 653 12 16 0.026920002 
508 525 12 15 0.026909152 
29 187 9 11 0.026904125 
45 545 10 12 0.026903847 
782 740 11 13 0.026903326 
86 520 9 12 0.02688031 
339 295 8 10 0.026877435 
373 260 10 12 0.026840629 
121 192 7 9 0.026801942 
106 374 9 11 0.026800867 
281 281 8 10 0.026799882 
668 719 15 18 0.02677952 
9 707 10 14 0.026759334 
520 600 10 14 0.026744323 
884 613 9 12 0.026673084 
232 375 9 11 0.02666327 
430 406 10 14 0.026660789 
766 700 13 17 0.026659893 
264 279 7 10 0.026604392 
328 638 10 13 0.026599083 
296 436 8 10 0.02658244 
805 599 14 19 0.026487751 
357 308 9 10 0.02644309 
248 428 8 10 0.026435018 
276 575 19 24 0.026420146 
702 653 11 15 0.026372539 
695 653 12 15 0.026347982 
751 741 11 15 0.026345737 
278 564 10 14 0.026315775 
635 530 14 18 0.026296537 
724 725 11 14 0.02628145 
93 302 8 10 0.026267627 
88 494 19 24 0.0262663 
124 703 20 24 0.026224548 
311 328 8 9 0.026223414 
208 453 9 11 0.026208393 
677 437 12 14 0.026208188 
576 642 11 16 0.026206618 
207 556 12 16 0.026197186 
772 717 14 19 0.026189828 
1008 175 11 14 0.026165273 
9 534 9 11 0.026126375 
413 341 11 16 0.026118008 
115 718 21 29 0.026111903 
560 580 11 13 0.026079737 
509 710 32 36 0.025975816 
600 508 10 12 0.025971647 
9 487 9 11 0.025954138 
158 638 9 12 0.025950534 
958 689 13 16 0.02594997 
72 723 10 13 0.025941327 
889 646 10 13 0.025935015 
325 316 9 11 0.02590517 
433 471 9 12 0.025897726 
468 323 11 15 0.025890384 
104 295 8 10 0.025885869 
948 661 19 26 0.025883315 
798 660 13 16 0.025874948 
150 388 9 11 0.02586322 
80 496 8 10 0.025862861 
581 648 22 29 0.025849596 
314 310 9 11 0.02582288 
546 672 26 30 0.025817117 
932 690 15 21 0.025816033 
903 180 9 13 0.025803965 
206 461 9 12 0.025768192 
61 565 9 11 0.025735887 
422 543 10 12 0.025704736 
271 527 8 10 0.02570331 
645 436 41 55 0.025680019 
750 537 16 20 0.025675472 
515 38 8 11 0.025663935 
180 483 10 13 0.025646947 
396 276 10 13 0.025635976 
296 606 8 9 0.025623865 
102 158 9 10 0.025617566 
887 632 8 10 0.025598358 
281 269 7 8 0.02559753 
290 317 8 11 0.0255886 
302 524 10 14 0.025568541 
527 679 9 12 0.025555974 
219 691 13 16 0.025536451 
182 221 7 10 0.025530877 
23 639 11 13 0.025492366 
397 524 12 16 0.025474085 
654 667 11 14 0.025458863 
185 718 15 18 0.02543818 
385 271 10 13 0.02543061 
496 606 9 12 0.025423417 
148 556 13 16 0.025404347 
65 160 8 11 0.025386432 
231 406 11 13 0.02537878 
111 739 13 18 0.025364166 
839 662 11 14 0.02536152 
78 235 10 12 0.025339937 
150 245 8 10 0.025321914 
197 390 9 11 0.025314683 
590 577 22 29 0.025312908 
462 553 11 13 0.025276095 
215 495 8 10 0.025264727 
365 349 9 11 0.025262684 
40 532 8 11 0.025257792 
272 303 7 10 0.025254805 
193 349 8 11 0.025201626 
198 515 10 12 0.025158964 
159 539 12 15 0.025153732 
31 715 8 12 0.02508805 
296 600 7 10 0.025079526 
411 284 13 15 0.025077974 
806 626 13 16 0.025053814 
70 166 10 12 0.025015637 
115 674 14 18 0.025012238 
588 444 10 14 0.024995882 
24 692 10 14 0.024989385 
335 287 7 9 0.024984775 
349 422 8 11 0.024933808 
397 247 8 11 0.024924641 
81 182 8 10 0.024921522 
197 507 11 14 0.024917072 
249 469 9 12 0.024913164 
812 727 11 13 0.024908084 
206 374 9 10 0.024902802 
45 607 11 13 0.024900984 
691 40 230 282 0.024899248 
79 454 8 11 0.024879921 
493 566 10 12 0.024835285 
174 492 10 12 0.024817677 
852 661 10 13 0.024813239 
336 222 9 11 0.024810972 
14 510 10 12 0.024799507 
570 644 24 33 0.024799278 
77 447 7 9 0.024783172 
625 572 10 13 0.024762321 
859 750 14 16 0.024761055 
687 557 12 16 0.024759265 
104 328 8 9 0.024746638 
739 577 14 18 0.02473646 
846 655 11 13 0.024728294 
563 654 14 21 0.02472781 
302 287 7 10 0.02472738 
24 238 16 20 0.024701199 
190 639 10 12 0.024696967 
308 148 9 11 0.024688916 
634 479 9 14 0.024647402 
782 607 11 14 0.024600592 
70 519 10 11 0.024598014 
301 114 42 49 0.024557615 
70 189 8 11 0.024556039 
144 388 8 12 0.0245376 
96 328 7 9 0.024525939 
357 219 10 13 0.02451344 
368 692 24 30 0.024512624 
287 431 8 11 0.024502631 
411 697 13 17 0.024501778 
399 365 9 12 0.024474097 
233 504 10 13 0.024420455 
190 309 8 10 0.024409983 
254 422 8 10 0.024407009 
1006 692 12 16 0.02440557 
360 323 9 12 0.02437311 
489 321 14 18 0.024366613 
113 501 8 11 0.024353404 
249 318 8 11 0.024348743 
923 623 21 26 0.02432913 
135 214 9 11 0.024312159 
380 739 12 17 0.024306774 
113 182 8 10 0.024277527 
252 646 9 12 0.024246905 
480 351 8 11 0.024229774 
651 748 14 18 0.024227047 
374 360 9 12 0.024224138 
4 280 12 17 0.024208523 
112 255 7 9 0.024159098 
925 668 11 13 0.024147443 
47 751 10 12 0.024124455 
750 137 8 11 0.024108838 
161 264 8 10 0.024091858 
428 622 10 12 0.02409043 
387 121 14 16 0.024053922 
637 445 10 15 0.023992777 
102 205 8 10 0.023989469 
352 527 7 10 0.0239717 
94 215 7 10 0.023943607 
77 507 10 12 0.023938444 
392 659 13 17 0.02393064 
814 645 10 13 0.023903348 
17 240 11 16 0.023902854 
335 481 7 9 0.02386579 
241 302 8 10 0.023847124 
137 445 8 10 0.02383876 
807 167 8 9 0.02381644 
378 610 12 15 0.023776708 
622 666 11 14 0.02377485 
132 535 10 12 0.023740774 
681 157 9 12 0.023726942 
467 540 11 13 0.02372638 
152 207 7 10 0.023707168 
113 245 8 11 0.02370463 
138 373 8 10 0.023698956 
521 730 29 31 0.023686184 
483 554 12 15 0.023669137 
78 531 10 14 0.02366389 
672 406 25 36 0.023641752 
185 239 8 10 0.02361811 
617 407 10 13 0.023601843 
588 220 10 12 0.023565618 
176 208 7 9 0.023558775 
827 677 11 15 0.023538431 
916 645 21 26 0.023501152 
626 681 27 37 0.023500618 
246 494 8 11 0.023495516 
483 104 7 9 0.02349042 
208 327 7 10 0.02345427 
998 183 11 14 0.023433397 
820 648 19 26 0.0234059 
130 509 10 12 0.023385692 
677 601 13 18 0.023385163 
310 265 10 13 0.02337745 
36 572 9 13 0.023362147 
627 655 11 14 0.023351515 
1002 617 16 19 0.023349844 
0 166 7 10 0.023328314 
142 659 11 14 0.023319708 
82 716 12 15 0.023310393 
32 500 9 12 0.02330199 
764 748 12 15 0.02327788 
312 441 9 11 0.023255363 
222 541 11 15 0.023246456 
73 548 11 14 0.023244264 
36 727 12 16 0.023234803 
22 175 8 10 0.023214376 
272 574 10 14 0.023180436 
515 378 12 16 0.023165008 
224 548 10 14 0.023164328 
47 211 11 14 0.02313402 
112 493 9 13 0.02312955 
174 247 8 11 0.023116227 
897 675 11 14 0.023091445 
362 445 10 12 0.023087172 
661 715 16 20 0.02308564 
106 447 9 11 0.023069417 
265 700 13 15 0.023066396 
225 375 8 11 0.023061873 
370 283 11 13 0.0230401 
74 396 8 10 0.023017278 
271 564 11 14 0.023006067 
558 504 8 11 0.022993635 
86 531 9 12 0.022981191 
630 468 10 12 0.022969598 
173 277 9 11 0.022963423 
567 486 8 10 0.022954281 
80 697 13 17 0.022912059 
588 643 12 16 0.022900214 
100 684 13 16 0.02286493 
19 710 12 13 0.02286421 
681 596 22 30 0.022856634 
130 722 21 26 0.022848986 
167 638 10 13 0.022827767 
801 168 8 10 0.022822183 
292 388 10 11 0.022777718 
486 31 8 11 0.022766504 
282 293 8 10 0.022761773 
137 223 8 9 0.022745 
284 573 21 27 0.022734609 
368 359 9 13 0.022731585 
111 288 7 9 0.022712857 
237 359 9 10 0.022709696 
378 515 11 16 0.022704678 
116 300 8 11 0.022692554 
142 253 9 11 0.022669174 
628 617 12 15 0.022626257 
47 191 12 13 0.022618704 
323 311 9 12 0.0226086 
120 278 9 10 0.022588274 
828 721 14 15 0.022573844 
310 415 7 10 0.022559198 
509 111 7 9 0.022558605 
481 312 11 15 0.022552008 
520 347 11 14 0.022532253 
1014 100 9 13 0.022525704 
177 414 9 12 0.02252403 
154 557 12 14 0.02251515 
53 220 10 13 0.02251239 
62 509 8 11 0.022497633 
93 505 12 13 0.02247384 
544 380 11 15 0.022461591 
274 586 11 14 0.02245701 
352 216 9 11 0.022453498 
62 518 9 11 0.022419848 
16 370 11 14 0.022408573 
293 399 9 11 0.022397967 
204 501 8 12 0.02236061 
116 296 9 10 0.022338014 
415 346 12 16 0.022315841 
718 494 20 25 0.022271447 
708 640 14 17 0.022242527 
58 674 13 16 0.022231363 
123 339 9 12 0.022228241 
143 184 7 9 0.022220366 
387 247 9 11 0.02221351 
267 546 12 15 0.022195557 
955 657 21 28 0.022189405 
886 636 10 13 0.022188708 
541 679 16 20 0.02216108 
24 447 8 11 0.022145793 
835 697 12 16 0.02214092 
62 559 9 12 0.02213701 
25 229 13 18 0.022131896 
775 743 10 13 0.022129834 
175 311 8 10 0.022104325 
256 612 11 15 0.022096436 
225 390 8 10 0.022075009 
656 580 12 16 0.022063326 
767 637 11 15 0.022012627 
304 446 9 11 0.022009814 
550 366 9 11 0.022005474 
652 579 23 27 0.021991184 
87 367 10 13 0.021981401 
639 626 17 22 0.021963716 
555 385 13 17 0.02195987 
430 611 10 13 0.021947188 
120 574 9 11 0.021936309 
708 206 11 12 0.021926077 
159 671 10 12 0.021924919 
177 335 8 10 0.02189804 
249 667 12 15 0.02187444 
111 190 8 9 0.021860816 
328 437 9 11 0.021828083 
252 659 13 16 0.02181155 
216 358 9 10 0.021809937 
102 200 8 10 0.021802254 
669 394 53 73 0.021774964 
56 384 9 11 0.02176952 
280 372 9 11 0.021766396 
47 533 9 11 0.021756107 
69 491 10 12 0.021752782 
242 343 8 10 0.021747792 
1 182 9 14 0.021746477 
189 421 9 10 0.021725768 
687 654 11 14 0.021723883 
419 649 19 23 0.021709874 
104 582 10 12 0.021687178 
393 612 10 14 0.021672912 
362 408 8 9 0.021662707 
126 328 8 8 0.02164806 
237 375 9 11 0.021592913 
357 586 13 16 0.021591257 
309 295 8 10 0.02155137 
16 124 107 137 0.021546975 
101 654 10 13 0.021520825 
953 731 22 30 0.021512661 
200 230 7 10 0.021507828 
272 479 9 12 0.021490231 
55 390 9 12 0.021487694 
533 614 10 14 0.021473648 
516 166 10 12 0.021444043 
33 159 7 10 0.021429054 
335 627 11 15 0.021412577 
242 540 13 15 0.021396022 
832 673 12 14 0.021391384 
239 420 10 12 0.021366483 
169 254 8 10 0.021363532 
78 676 12 16 0.021361904 
262 415 9 11 0.021360084 
801 653 11 15 0.021358987 
839 655 10 12 0.02135837 
573 478 8 9 0.021349426 
329 94 11 12 0.021330515 
250 326 7 10 0.021312732 
226 677 10 14 0.021311376 
577 389 11 14 0.02131023 
200 208 7 9 0.021309378 
161 197 8 10 0.021309288 
247 379 9 12 0.02129277 
544 400 9 11 0.021285223 
350 350 9 10 0.021279212 
479 626 12 16 0.021279056 
89 222 8 11 0.021269726 
431 592 8 11 0.021262936 
93 380 8 11 0.021261156 
342 655 14 17 0.021227157 
166 232 9 12 0.02122621 
663 539 11 13 0.021211287 
277 637 9 12 0.021206398 
430 550 14 15 0.021198321 
709 614 11 14 0.02119652 
135 389 10 13 0.021190437 
358 320 9 10 0.021165831 
177 654 10 13 0.02113543 
81 196 9 11 0.021128856 
254 391 10 12 0.021126796 
65 189 9 11 0.021124303 
183 232 7 9 0.021115892 
429 533 22 24 0.021111533 
135 478 10 12 0.02110335 
742 540 12 15 0.021094626 
93 366 9 12 0.021064695 
372 230 9 10 0.021064684 
338 243 9 12 0.021060258 
503 413 10 13 0.021056356 
311 334 8 9 0.021040956 
782 596 11 14 0.02103931 
373 381 8 10 0.021034779 
304 428 8 11 0.021034528 
565 621 13 15 0.02100051 
327 205 11 12 0.020983156 
751 589 20 25 0.020981863 
349 682 11 17 0.020954177 
244 566 9 12 0.020925978 
341 592 10 12 0.020916026 
550 464 11 12 0.020913117 
396 515 11 15 0.020912046 
285 566 11 14 0.020894954 
334 700 11 16 0.020887902 
417 660 12 15 0.02088597 
76 737 20 27 0.020832356 
780 643 12 16 0.02083125 
338 301 9 11 0.020829637 
326 627 11 15 0.020829303 
78 484 9 11 0.020826582 
468 518 12 16 0.020820402 
156 683 12 15 0.020819824 
21 732 12 15 0.020818347 
330 492 9 12 0.020817062 
82 191 9 11 0.020815624 
126 279 8 10 0.020806812 
301 606 10 11 0.020777725 
464 524 12 14 0.020763902 
104 286 8 10 0.020742748 
134 502 9 12 0.020742191 
760 652 10 13 0.020741811 
70 659 12 14 0.020741234 
178 190 7 9 0.020726638 
436 402 13 15 0.020695005 
257 248 7 9 0.020679755 
293 686 16 22 0.020666873 
5 509 9 13 0.0206577 
217 432 8 10 0.020644031 
401 310 11 14 0.02063739 
470 349 9 13 0.020612407 
629 444 12 16 0.020597337 
172 502 10 12 0.02059018 
815 742 12 14 0.020583067 
453 143 10 11 0.020580316 
505 694 24 30 0.020578718 
812 754 13 13 0.020572321 
703 713 12 16 0.020562997 
119 710 21 25 0.020538935 
558 632 23 29 0.020538326 
790 665 13 16 0.02053029 
350 518 10 13 0.02050786 
105 487 8 10 0.020474192 
97 467 9 12 0.020473354 
925 706 13 17 0.020463843 
96 559 9 11 0.020460663 
169 271 7 10 0.020452915 
440 573 9 11 0.020444812 
343 682 11 17 0.020430416 
369 461 11 14 0.020424703 
461 450 15 19 0.020415436 
152 319 7 10 0.020413484 
329 327 8 11 0.020406414 
872 622 9 12 0.02038903 
757 680 12 13 0.020367939 
687 608 21 32 0.020331195 
656 642 11 14 0.020328524 
307 270 7 10 0.020321451 
350 564 12 16 0.020320578 
774 621 11 13 0.020317128 
635 419 12 16 0.020292737 
223 490 10 14 0.020292176 
607 149 13 17 0.020286253 
136 263 7 9 0.020285277 
190 558 9 11 0.020274581 
185 255 8 9 0.02026181 
695 547 14 18 0.02024565 
614 659 14 17 0.020239329 
125 494 10 13 0.020225093 
446 388 11 15 0.02019438 
33 517 9 12 0.020192338 
87 742 20 25 0.020167062 
182 343 7 10 0.020162668 
311 302 8 10 0.02014674 
48 219 11 13 0.020133987 
570 588 20 27 0.020131722 
174 674 14 17 0.020130437 
237 366 9 10 0.020111661 
6 502 9 13 0.020106032 
37 494 11 13 0.020101916 
14 557 9 11 0.020095455 
172 692 11 13 0.020082502 
470 549 10 12 0.020073906 
809 657 13 16 0.020041374 
436 301 21 27 0.020033408 
269 692 11 14 0.020032931 
350 500 8 10 0.020031929 
95 685 11 14 0.020024216 
565 572 13 16 0.02002047 
174 231 8 10 0.020018537 
710 743 20 23 0.020008609 
615 444 20 27 0.020008387 
