2_Demonstration_Political_Rally_2_22
120
76 389 103 116 0.9998658 
580 476 47 67 0.99918157 
867 404 52 75 0.9449538 
377 323 60 83 0.81059104 
573 410 25 36 0.80048436 
453 382 23 28 0.7279296 
427 440 22 29 0.60034657 
767 368 29 35 0.54341674 
297 418 26 42 0.25547072 
538 368 43 55 0.2274921 
748 349 48 58 0.18981494 
981 333 17 21 0.16536361 
564 404 45 53 0.1532321 
1006 394 14 18 0.10974019 
998 388 23 31 0.096775874 
419 275 13 19 0.08682423 
803 390 38 51 0.079351135 
369 180 21 30 0.07209117 
359 279 99 129 0.0639588 
536 599 41 46 0.06348113 
556 89 31 44 0.062334303 
593 411 32 41 0.061352603 
960 326 12 14 0.05833362 
593 306 12 14 0.055322137 
251 111 52 66 0.05527461 
526 366 29 42 0.053420447 
203 98 41 42 0.052120317 
436 341 92 115 0.051559985 
558 384 31 47 0.047730174 
345 236 9 13 0.047594834 
588 344 13 15 0.046748206 
330 292 15 21 0.046503995 
31 381 34 43 0.04648615 
454 365 55 70 0.04468383 
837 269 11 13 0.04346305 
408 326 82 107 0.04318699 
-1 244 10 19 0.0430348 
999 392 14 19 0.04289384 
1011 399 11 18 0.04236754 
711 310 97 105 0.042118613 
761 369 41 60 0.040945 
885 334 15 20 0.040695872 
89 341 14 17 0.040692355 
801 234 15 19 0.04014624 
307 188 11 15 0.0392297 
402 332 34 44 0.03900235 
603 396 27 38 0.037581548 
881 316 16 19 0.037368614 
440 299 46 50 0.03727583 
899 331 21 29 0.03711394 
635 252 10 14 0.03513945 
902 344 14 19 0.034963768 
570 420 49 60 0.033311803 
716 433 17 26 0.03285471 
388 323 33 47 0.032730162 
450 426 12 16 0.032721303 
285 405 29 37 0.031953406 
179 430 53 64 0.031906657 
351 219 11 15 0.031543832 
731 259 120 158 0.031241886 
349 228 10 13 0.0309886 
398 315 56 69 0.030403221 
422 223 10 13 0.030351203 
556 408 28 38 0.030089028 
3 299 13 16 0.030080047 
481 224 9 12 0.030060215 
593 292 11 14 0.029805727 
355 214 12 16 0.029631654 
617 336 31 42 0.028419847 
889 329 22 31 0.027594943 
25 315 10 13 0.027351668 
421 229 13 16 0.027290842 
928 319 8 10 0.027206745 
813 315 14 16 0.027176922 
555 358 30 50 0.026802616 
582 287 11 14 0.026624471 
496 230 9 11 0.02653714 
182 208 13 18 0.026535721 
500 279 14 22 0.026212776 
793 229 26 32 0.02593272 
878 397 31 52 0.02563007 
543 229 11 15 0.025525875 
687 172 38 49 0.024733689 
31 183 9 12 0.024593497 
358 179 23 32 0.024539758 
957 337 14 17 0.024501372 
77 349 28 34 0.024429118 
324 292 27 32 0.024372447 
444 395 54 71 0.023814868 
847 294 27 36 0.02378102 
608 322 12 17 0.023693915 
956 324 20 25 0.023670288 
435 441 25 42 0.023528686 
882 317 24 34 0.023257632 
929 326 10 12 0.023071345 
519 345 48 69 0.022750396 
1008 299 13 16 0.022720424 
216 95 51 65 0.022674838 
768 210 51 65 0.022347871 
446 313 13 18 0.022214927 
8 325 9 12 0.022106398 
496 274 25 36 0.022093315 
603 414 18 26 0.021947104 
100 282 16 20 0.021883534 
610 411 39 54 0.021689454 
909 297 12 14 0.021660062 
397 307 15 18 0.021435589 
372 300 10 13 0.021333944 
415 443 27 31 0.021272562 
72 336 9 11 0.021191942 
997 340 14 20 0.021182815 
485 225 10 12 0.021085674 
928 309 10 12 0.02104366 
520 483 43 63 0.020618763 
338 214 22 26 0.020468252 
422 167 10 13 0.020444276 
564 129 42 55 0.02043815 
47 174 11 13 0.020413272 
378 186 12 17 0.0203379 
424 309 50 60 0.020225443 
