2_Demonstration_Demonstrators_2_195
43
690 61 111 130 0.9994672 
322 188 61 85 0.99565446 
390 184 75 110 0.99342394 
282 220 31 44 0.9305059 
48 220 20 23 0.36312133 
911 164 94 170 0.29313755 
462 164 40 49 0.23449767 
75 267 10 13 0.14954963 
398 157 12 15 0.10813875 
517 13 24 28 0.09446538 
41 223 29 32 0.08796406 
314 37 23 25 0.07283803 
289 217 19 27 0.067457065 
990 40 23 32 0.04985053 
852 19 32 39 0.04840113 
539 255 60 52 0.045045946 
225 168 52 64 0.041105587 
34 228 43 52 0.038883444 
466 5 53 59 0.03691431 
13 276 48 80 0.036069382 
535 49 13 16 0.035462063 
511 54 13 14 0.032242328 
602 71 19 23 0.032168895 
506 -2 45 46 0.031891655 
433 17 13 17 0.031741686 
886 34 28 30 0.030833418 
546 257 35 32 0.029819045 
294 227 30 46 0.028115125 
203 179 64 74 0.027913615 
527 124 15 19 0.027346743 
888 34 15 19 0.02551954 
393 151 22 26 0.023956647 
44 214 18 22 0.023765333 
1003 443 21 39 0.02320826 
856 164 40 39 0.023205342 
156 229 101 106 0.022256121 
259 196 48 63 0.022053022 
619 300 32 44 0.021519102 
495 138 32 37 0.021198802 
929 20 28 29 0.021040443 
967 24 15 18 0.021032955 
204 243 56 60 0.020331709 
371 47 15 18 0.02026809 
