2_Demonstration_Demonstrators_2_41
87
390 368 102 167 0.9990671 
204 188 51 61 0.99840885 
822 494 46 60 0.9970482 
404 183 44 49 0.98093075 
954 502 44 56 0.9795929 
254 90 35 39 0.97892547 
633 442 40 54 0.96077764 
561 546 15 19 0.8165235 
888 513 13 16 0.45722374 
137 542 9 12 0.089192115 
873 540 28 37 0.079791464 
691 257 13 16 0.07771906 
542 485 14 17 0.07560515 
142 548 8 10 0.07456041 
523 515 14 18 0.07070787 
84 540 10 12 0.063407555 
822 340 16 18 0.0571352 
713 503 24 30 0.05585832 
744 559 10 11 0.04704877 
730 355 25 28 0.045044925 
892 506 35 52 0.044292603 
904 520 32 43 0.043322586 
756 505 26 39 0.04275136 
840 509 36 44 0.04074395 
51 557 13 15 0.04044862 
749 564 10 12 0.03993161 
532 556 11 13 0.037443336 
708 522 13 16 0.035526514 
543 548 10 13 0.03476927 
526 550 11 15 0.03385121 
513 550 9 12 0.03343879 
623 318 11 13 0.032876316 
588 271 13 17 0.032719325 
700 512 43 56 0.032688163 
603 311 13 15 0.03111245 
875 504 21 28 0.030851023 
809 520 38 46 0.030530691 
575 165 12 18 0.030266996 
484 499 13 16 0.030249005 
904 447 11 14 0.030237745 
758 431 29 39 0.029890157 
531 566 11 13 0.029731302 
807 404 12 15 0.02970329 
95 552 9 12 0.029685993 
594 294 11 13 0.028910091 
543 495 13 17 0.027992038 
495 511 9 13 0.027988054 
624 270 11 13 0.02724199 
703 511 27 31 0.026681447 
528 572 11 12 0.026669718 
47 562 13 16 0.026096754 
554 547 11 15 0.025914254 
952 425 26 29 0.02584299 
71 527 8 10 0.025842138 
620 346 17 20 0.025809897 
992 599 11 14 0.025185734 
857 509 30 37 0.025067333 
389 95 10 13 0.025031839 
54 549 12 15 0.024298854 
135 536 10 12 0.02390943 
539 487 23 28 0.023905642 
578 271 16 20 0.023749065 
803 398 23 30 0.023731735 
745 362 14 18 0.023333637 
829 336 25 32 0.023298487 
525 582 10 12 0.023170697 
566 508 15 19 0.023170464 
1005 251 16 20 0.023076866 
520 589 11 14 0.022881469 
177 598 9 13 0.022864237 
161 551 8 10 0.022646306 
516 553 13 15 0.02249073 
915 526 34 42 0.022410916 
854 440 11 13 0.022278944 
127 590 21 25 0.022202216 
868 508 16 20 0.02207364 
652 258 14 17 0.022009322 
892 502 23 36 0.022007737 
150 543 9 12 0.021946978 
945 467 54 68 0.021376511 
880 530 30 39 0.021221835 
112 545 9 11 0.020976834 
844 331 13 17 0.020675298 
526 543 9 12 0.02066544 
64 518 8 11 0.020515237 
678 277 14 18 0.020130677 
165 552 8 11 0.020041993 
