2_Demonstration_Political_Rally_2_867
222
915 370 27 37 0.99675155 
796 424 37 44 0.9965281 
649 498 30 38 0.9948179 
921 511 50 56 0.9704869 
130 489 16 19 0.94894755 
891 586 67 77 0.92770016 
69 523 44 45 0.9039464 
616 504 21 28 0.890235 
946 371 25 30 0.8621864 
71 453 17 19 0.82014877 
176 552 45 57 0.8132723 
854 380 12 15 0.7555445 
44 421 14 17 0.696778 
173 515 33 44 0.61265576 
880 365 12 15 0.59098417 
827 406 19 24 0.5622211 
334 541 40 55 0.5434871 
78 398 10 13 0.37412208 
833 367 10 12 0.36842173 
818 388 14 17 0.31643975 
168 484 28 35 0.3051885 
837 366 9 11 0.28622153 
866 359 10 13 0.2857376 
1 528 16 21 0.27508503 
797 370 10 13 0.2507268 
170 495 36 47 0.24768355 
496 461 51 71 0.23696524 
820 384 11 13 0.22138245 
874 394 16 20 0.21116182 
816 359 11 13 0.20425391 
301 509 13 15 0.19555672 
477 484 41 61 0.19426751 
53 398 10 11 0.18919043 
992 334 9 11 0.15520029 
94 390 9 12 0.14745508 
374 505 16 17 0.14654638 
847 612 77 66 0.14415078 
6 399 10 13 0.13730595 
191 385 11 15 0.13695857 
120 404 10 13 0.1319051 
64 507 39 43 0.13070324 
815 392 20 25 0.12995476 
127 523 26 30 0.12325237 
115 490 16 20 0.12099761 
957 366 23 31 0.11959434 
605 478 14 19 0.11909323 
891 365 10 13 0.116290726 
169 387 10 12 0.11077734 
24 501 12 14 0.10686896 
859 376 12 14 0.10587229 
767 358 9 12 0.10513061 
913 480 48 55 0.10173524 
885 367 12 15 0.096123755 
997 362 15 19 0.09425838 
868 363 10 13 0.09270631 
470 514 33 41 0.09263717 
877 392 24 28 0.090896346 
726 384 13 17 0.08910496 
641 480 25 28 0.089033484 
820 362 10 13 0.087500125 
885 361 11 13 0.08335434 
1 399 10 14 0.08037579 
458 532 26 30 0.07989329 
819 397 23 29 0.07688016 
891 392 16 19 0.076756924 
726 418 27 39 0.07647811 
765 375 10 11 0.07444043 
868 381 10 13 0.06613377 
0 419 8 13 0.064688876 
1007 344 10 13 0.06409288 
160 436 21 28 0.061166275 
107 509 23 35 0.058791675 
152 403 10 13 0.058306556 
123 621 58 58 0.057388235 
47 393 10 13 0.056387473 
989 359 23 32 0.054933593 
32 397 8 11 0.054403324 
732 429 15 22 0.052937623 
982 343 9 11 0.05231492 
171 383 13 15 0.05206298 
331 557 28 45 0.05195478 
846 348 9 12 0.04927214 
563 476 13 16 0.048961673 
179 536 36 49 0.04886272 
172 443 14 18 0.047658734 
983 351 8 11 0.046663743 
743 371 10 14 0.04665445 
1 535 20 32 0.046301194 
762 358 9 11 0.046181083 
1 518 18 22 0.04450565 
272 570 29 38 0.044470135 
814 371 10 12 0.043733448 
487 510 28 41 0.043118216 
11 398 11 12 0.041970056 
376 499 24 28 0.041693937 
870 352 9 11 0.04122245 
142 377 12 14 0.04058071 
204 470 17 24 0.04028409 
298 502 22 25 0.03992832 
726 375 10 14 0.039901715 
122 398 11 13 0.039798062 
899 558 63 74 0.039386995 
719 534 12 15 0.039378606 
774 377 8 10 0.039029364 
51 416 14 17 0.03795746 
903 350 9 10 0.037595797 
838 360 9 12 0.036497295 
39 392 9 12 0.036374174 
84 397 11 14 0.035444852 
329 535 29 44 0.03511084 
996 372 16 23 0.034764424 
862 353 18 24 0.03459956 
782 415 31 37 0.034535773 
772 360 8 10 0.034036584 
138 485 14 18 0.032735553 
913 468 39 43 0.03271298 
919 590 45 54 0.03261769 
156 373 9 12 0.03257877 
1012 394 12 19 0.032193165 
1013 343 8 13 0.03149176 
971 368 14 20 0.03134969 
137 399 10 13 0.030518144 
165 484 15 19 0.03048807 
964 365 16 20 0.030306408 
979 356 23 31 0.030269042 
817 430 30 38 0.030092234 
896 351 8 9 0.030069236 
43 428 16 19 0.029970706 
535 474 14 18 0.029758412 
73 393 9 12 0.029664867 
177 414 10 12 0.029580064 
865 353 9 10 0.029354751 
782 375 8 10 0.02919931 
945 349 10 11 0.029146375 
792 383 11 14 0.029123899 
162 458 34 40 0.029014347 
293 533 23 32 0.028827675 
784 368 8 10 0.028660653 
897 388 15 19 0.02859523 
879 353 9 10 0.028475635 
888 352 8 10 0.028459987 
3 393 20 24 0.028271155 
832 362 9 11 0.028255045 
977 344 9 11 0.028216895 
61 397 9 11 0.028061032 
776 381 9 12 0.027634274 
808 366 10 12 0.027533347 
171 21 471 490 0.027519997 
24 397 9 11 0.02729665 
169 437 25 28 0.027150698 
9 523 14 17 0.027141416 
847 343 10 13 0.0270498 
491 473 36 47 0.026804322 
556 470 22 28 0.026486643 
187 473 28 34 0.026482057 
780 425 18 24 0.026445117 
113 504 17 25 0.026366146 
807 371 10 12 0.026225777 
100 389 10 12 0.026114143 
731 381 13 17 0.025816457 
911 348 9 10 0.025768938 
176 533 21 30 0.025666717 
125 521 18 23 0.025534663 
47 403 11 14 0.025277331 
956 344 42 54 0.025221486 
413 530 29 36 0.025055455 
972 587 43 56 0.025039533 
409 509 28 35 0.02494124 
463 448 80 107 0.024914837 
495 494 35 49 0.024723878 
523 476 36 48 0.024564032 
786 352 8 10 0.024067884 
338 530 30 38 0.024046442 
165 456 15 20 0.023980364 
74 402 10 13 0.023921918 
998 308 15 18 0.023874758 
118 448 13 17 0.023765014 
158 388 11 13 0.02361013 
830 442 13 18 0.02360226 
878 356 18 24 0.023592055 
629 500 26 33 0.02350052 
832 360 19 24 0.02347892 
853 343 8 11 0.023275279 
201 542 43 57 0.023263386 
741 359 9 11 0.02311723 
110 478 40 45 0.023003923 
879 621 69 72 0.022991998 
155 405 12 14 0.022819728 
93 423 17 23 0.0227433 
774 403 24 33 0.02269117 
893 360 9 12 0.022672987 
991 328 10 13 0.022484254 
979 317 13 17 0.022438409 
736 356 8 11 0.022223692 
910 506 37 47 0.022199359 
89 391 11 13 0.02205624 
118 382 9 10 0.022020157 
904 528 60 64 0.022014368 
111 510 40 50 0.021950034 
976 350 9 12 0.021946942 
1001 378 22 31 0.021873372 
603 482 24 30 0.021815844 
58 419 11 15 0.021784544 
16 478 11 14 0.021479696 
149 485 10 14 0.021411253 
407 496 10 12 0.021350766 
967 351 10 12 0.021118244 
833 434 24 34 0.02082358 
179 435 15 19 0.020806389 
606 498 14 20 0.020796271 
1014 321 10 14 0.02069442 
791 358 8 9 0.020668207 
167 379 23 26 0.020663945 
559 481 12 16 0.020626917 
810 358 9 12 0.0205041 
786 418 18 20 0.02043091 
-3 313 35 64 0.020356717 
156 398 10 13 0.020341804 
599 476 14 19 0.02027988 
779 397 13 17 0.020173172 
117 392 19 24 0.020079385 
749 369 9 11 0.02004655 
