2_Demonstration_Political_Rally_2_267
55
747 307 31 35 0.9959372 
196 364 20 26 0.6591111 
451 326 20 28 0.4150097 
198 432 22 29 0.38801852 
142 363 23 32 0.29987139 
100 402 22 27 0.29847485 
338 270 27 42 0.28833538 
458 320 17 28 0.20674284 
0 363 34 64 0.18277308 
443 333 22 27 0.17714673 
808 357 24 44 0.11930996 
706 393 25 33 0.093637176 
467 373 38 62 0.08374024 
770 401 29 36 0.07712607 
544 291 34 40 0.07485279 
146 354 18 23 0.06858427 
16 460 26 34 0.06678507 
857 372 29 37 0.05952053 
463 442 14 19 0.05767925 
286 350 32 41 0.056875404 
556 301 45 59 0.055348463 
462 463 15 20 0.053427123 
626 384 26 32 0.051198002 
208 431 19 25 0.049797457 
570 287 35 43 0.044476416 
319 272 31 42 0.04438493 
817 352 29 47 0.043771084 
431 334 25 31 0.042134736 
452 317 17 21 0.04173408 
35 440 17 20 0.036896717 
13 301 39 55 0.035186697 
759 381 44 51 0.033265077 
494 317 83 127 0.03153921 
91 408 26 28 0.03011914 
95 404 16 20 0.029175123 
830 344 36 52 0.02896445 
369 377 416 485 0.027629772 
466 340 77 129 0.027128588 
956 525 60 77 0.027074294 
143 349 15 20 0.02543434 
695 399 41 47 0.025423817 
752 377 26 36 0.025368897 
530 306 81 108 0.025304453 
114 445 18 23 0.024239993 
75 392 17 21 0.02390549 
584 296 32 48 0.023888806 
-2 333 45 76 0.02349079 
307 269 28 45 0.023006584 
789 365 40 51 0.022477318 
89 426 18 20 0.021182649 
78 448 23 28 0.021090122 
217 477 44 66 0.020804508 
702 400 17 21 0.02025597 
846 332 39 52 0.020225823 
189 437 25 32 0.020170597 
