2_Demonstration_Protesters_2_352
66
136 409 37 52 0.99701715 
129 460 36 58 0.99575484 
588 189 43 55 0.98307633 
676 531 47 77 0.96042067 
67 226 12 16 0.6699174 
420 473 41 71 0.5951148 
817 488 32 48 0.5054631 
674 235 13 17 0.43373305 
927 506 37 49 0.32124662 
178 432 15 19 0.30655304 
461 614 40 65 0.30227593 
613 624 52 66 0.25754595 
826 509 27 41 0.24885483 
-1 516 27 59 0.22474638 
949 504 40 55 0.19082329 
708 534 50 70 0.17670636 
609 638 32 50 0.16573738 
665 512 47 75 0.1652972 
170 426 25 31 0.14068669 
358 601 57 68 0.112702005 
932 206 11 13 0.10125676 
928 210 11 12 0.09039559 
69 476 25 50 0.08397489 
721 136 16 21 0.067967586 
474 602 26 54 0.053906947 
150 222 11 14 0.0519225 
8 505 43 67 0.050728045 
621 603 64 69 0.05065941 
578 629 54 57 0.048851676 
152 422 33 40 0.043943286 
543 278 23 34 0.041050933 
920 209 11 14 0.03907031 
462 164 14 16 0.037802618 
258 152 17 21 0.034052588 
394 479 54 71 0.032532953 
77 468 30 45 0.030969577 
56 489 30 52 0.03057258 
666 507 29 42 0.02715438 
355 485 57 72 0.026790597 
203 446 14 16 0.02673403 
91 438 29 35 0.025952468 
674 378 14 18 0.025617953 
384 592 55 69 0.025531124 
665 376 17 20 0.024970977 
283 105 13 15 0.024874657 
813 473 31 45 0.02470226 
272 368 8 10 0.023505863 
695 166 11 13 0.022940386 
391 220 12 15 0.02274126 
366 137 13 16 0.022632066 
918 205 23 26 0.022542462 
331 463 62 73 0.022448838 
819 481 17 24 0.022438806 
443 149 42 54 0.022263879 
659 613 62 57 0.022146413 
455 150 24 31 0.021851549 
950 -5 75 138 0.021820195 
434 462 27 54 0.02148818 
312 484 47 72 0.021310432 
326 258 10 12 0.021149253 
392 621 30 42 0.021038212 
227 492 38 53 0.021035763 
546 637 37 35 0.020997997 
146 223 10 12 0.020899413 
114 434 29 29 0.020854078 
419 146 44 55 0.02012402 
