2_Demonstration_Protesters_2_817
53
291 559 33 44 0.99278826 
377 536 41 53 0.9110999 
523 89 31 32 0.63799554 
297 608 43 59 0.17597264 
359 552 45 51 0.09127109 
585 146 40 46 0.0821829 
199 444 14 17 0.080568746 
345 562 43 50 0.0645738 
544 630 49 44 0.06416982 
558 622 13 15 0.06135899 
334 581 23 30 0.05752019 
193 456 18 21 0.055979393 
194 442 23 29 0.053447172 
559 553 12 15 0.05152199 
504 198 19 25 0.04860331 
204 440 11 15 0.044200215 
578 129 71 72 0.040969543 
665 565 10 12 0.038942326 
547 556 11 16 0.037999038 
599 612 14 19 0.03704723 
603 628 12 15 0.03694176 
546 625 25 28 0.036707062 
530 633 31 31 0.035968825 
525 101 33 35 0.03538015 
484 195 13 15 0.03528402 
320 545 41 53 0.033161514 
533 613 15 17 0.033066336 
482 182 27 31 0.031130336 
516 185 15 20 0.030873654 
344 583 48 52 0.030357542 
506 185 28 37 0.028651386 
450 118 192 203 0.027830897 
174 627 23 29 0.027535506 
496 541 45 58 0.02726341 
526 93 16 22 0.027070886 
306 565 29 38 0.026824623 
594 165 45 46 0.025792724 
675 592 27 32 0.025791952 
477 188 12 16 0.02526022 
566 626 56 45 0.024884827 
469 182 26 33 0.02432805 
540 134 34 37 0.023824934 
539 640 18 19 0.023212792 
570 641 18 22 0.02298541 
669 580 40 53 0.022903558 
511 172 43 50 0.02287631 
599 608 11 14 0.022860253 
494 609 28 33 0.022568354 
473 579 47 56 0.021651791 
523 105 48 54 0.021648869 
538 550 21 27 0.020789351 
524 541 42 56 0.020478083 
323 585 47 58 0.020192923 
