2_Demonstration_Demonstration_Or_Protest_2_578
502
941 320 29 37 0.9997311 
667 295 29 36 0.99944097 
568 307 26 32 0.99927825 
322 320 24 30 0.9983724 
852 336 28 32 0.9964192 
749 252 15 21 0.99385744 
503 304 21 28 0.99334466 
810 232 15 19 0.9932039 
255 334 22 28 0.9917291 
68 309 22 27 0.98804456 
148 322 20 27 0.9860787 
704 211 11 14 0.9748386 
579 276 18 23 0.9695672 
780 349 25 29 0.9658758 
881 247 16 20 0.9651719 
423 308 21 25 0.94838023 
961 225 14 17 0.9146351 
230 270 14 18 0.8967442 
93 268 12 15 0.8815816 
293 219 12 14 0.87802833 
0 311 19 23 0.8198972 
611 221 12 15 0.80912644 
212 354 22 28 0.8041758 
984 233 13 17 0.70892453 
548 221 11 15 0.7012465 
808 206 10 12 0.6711895 
385 249 13 19 0.6312254 
905 223 12 14 0.56920034 
586 250 13 17 0.5296457 
496 258 15 19 0.5196699 
698 248 15 19 0.4471845 
669 189 8 12 0.44017878 
575 216 10 13 0.42049116 
627 182 9 12 0.3571103 
383 226 11 14 0.32079238 
550 199 9 12 0.31442302 
495 275 14 17 0.3032964 
748 183 8 10 0.2865983 
316 222 9 11 0.28129438 
742 199 9 12 0.28031656 
323 166 13 16 0.27950132 
959 203 10 12 0.2734762 
885 207 9 11 0.27217835 
303 247 12 15 0.2644067 
749 226 12 15 0.2642941 
469 327 20 27 0.26344553 
289 222 11 13 0.23846085 
713 229 12 14 0.23693565 
543 203 9 11 0.23557201 
871 165 9 11 0.23466098 
812 209 10 13 0.23262939 
733 184 8 11 0.22735411 
829 141 9 11 0.2172857 
710 175 9 11 0.21221504 
671 206 8 11 0.21118012 
629 188 8 10 0.20630154 
49 305 15 21 0.19711784 
730 189 8 11 0.18459249 
661 222 8 12 0.18278615 
800 201 10 13 0.18248065 
661 205 9 12 0.17444001 
657 212 9 12 0.14632389 
29 198 10 13 0.14487955 
745 221 9 14 0.13976803 
745 188 9 11 0.13422686 
743 215 8 11 0.13406608 
639 141 8 11 0.13174482 
789 173 9 11 0.12736554 
0 231 13 24 0.12593845 
281 223 9 11 0.1255116 
789 168 8 11 0.12187386 
558 183 8 11 0.121492565 
743 135 9 11 0.12094434 
389 229 11 13 0.11941572 
398 235 11 15 0.11869919 
749 167 9 11 0.112970896 
836 267 10 13 0.107643 
520 183 8 10 0.10574773 
715 234 11 15 0.10498003 
805 200 11 14 0.10346416 
769 136 8 10 0.10325873 
522 190 8 11 0.10048349 
552 167 6 8 0.09738155 
863 157 10 12 0.09734832 
808 131 10 12 0.0961775 
582 173 7 9 0.09597128 
537 204 9 11 0.09499203 
705 174 8 10 0.0911836 
299 284 19 23 0.08959406 
877 167 8 10 0.08951093 
845 190 10 12 0.08888599 
206 247 12 15 0.08862378 
5 201 11 15 0.08810756 
611 157 8 10 0.08687517 
749 173 8 10 0.086773135 
495 200 7 10 0.08668091 
1 217 18 31 0.08578621 
768 193 8 10 0.0854246 
487 187 7 10 0.08481262 
478 297 14 19 0.08481052 
1014 207 8 11 0.08478937 
713 167 8 10 0.08298741 
744 167 9 11 0.08205318 
268 194 13 15 0.0818346 
557 188 9 11 0.07991798 
813 174 9 10 0.077049606 
679 148 9 11 0.07682606 
985 241 13 16 0.07672105 
864 152 9 12 0.07598905 
738 203 9 12 0.075397946 
641 137 8 11 0.07460758 
745 139 9 12 0.07451947 
768 140 8 10 0.07387983 
793 197 10 12 0.07271749 
360 250 13 18 0.07222865 
714 160 7 9 0.072132386 
128 308 22 27 0.07134719 
168 236 9 12 0.06999722 
864 163 11 12 0.0693424 
998 196 9 10 0.06881818 
520 197 8 11 0.067836486 
665 185 9 12 0.067616224 
767 176 9 11 0.06721474 
734 166 9 11 0.06714264 
791 210 10 14 0.06700376 
583 151 7 10 0.066403545 
708 221 12 14 0.065616585 
831 149 8 10 0.065316215 
151 230 10 13 0.0647499 
286 174 9 11 0.06417324 
751 158 8 11 0.06342291 
560 204 10 12 0.063347384 
708 250 13 16 0.06310698 
631 206 8 10 0.06274626 
813 191 9 12 0.062418375 
816 151 8 10 0.062321283 
760 234 10 16 0.0613502 
833 157 8 11 0.061300483 
583 169 6 9 0.061280344 
625 176 9 11 0.06061907 
358 236 13 17 0.059623137 
796 261 11 15 0.059381202 
662 199 9 12 0.059008006 
312 216 10 12 0.058841426 
505 151 8 9 0.05881443 
45 220 10 12 0.057486013 
289 215 20 23 0.05708623 
756 230 11 14 0.055587362 
76 253 13 15 0.055140052 
586 188 9 12 0.054188024 
329 251 12 17 0.05394843 
713 152 7 8 0.05389354 
689 165 9 11 0.053593133 
645 136 9 11 0.0529404 
839 158 9 11 0.052345477 
286 226 10 12 0.051905274 
734 161 9 9 0.051259972 
729 166 9 10 0.051198173 
671 198 9 12 0.05059155 
117 367 15 19 0.050126564 
212 266 12 17 0.049850676 
353 229 10 13 0.04977791 
917 600 15 18 0.0496325 
854 141 9 10 0.049625587 
964 199 9 11 0.049531184 
748 198 9 12 0.049259864 
239 221 11 14 0.049121916 
585 184 9 11 0.049075887 
438 228 10 13 0.048960797 
704 168 8 10 0.048605863 
592 213 10 13 0.048327338 
695 158 7 9 0.047140207 
441 211 10 13 0.04695527 
715 245 13 16 0.046903435 
579 220 9 11 0.04682648 
882 212 10 12 0.04673509 
896 152 7 10 0.046600904 
826 136 9 11 0.04645386 
1 204 10 15 0.04629117 
527 198 8 11 0.045836836 
1013 212 9 12 0.045834962 
557 198 11 13 0.045770843 
617 356 14 19 0.045634825 
823 151 8 10 0.045460302 
329 187 11 14 0.044988737 
690 160 8 9 0.04490926 
869 160 9 11 0.044820048 
138 218 12 16 0.044791844 
272 223 9 11 0.04458041 
511 232 8 11 0.04443691 
454 239 10 13 0.044067957 
56 228 11 15 0.043866504 
660 226 10 15 0.04368119 
620 220 11 14 0.043601267 
597 184 9 11 0.043295294 
646 159 8 11 0.043276828 
886 201 10 13 0.043020424 
222 290 15 23 0.04300941 
119 273 13 15 0.042605188 
591 184 8 12 0.042366646 
757 274 12 16 0.042268246 
514 200 7 10 0.042251974 
739 272 13 16 0.042134468 
365 230 10 12 0.041980762 
812 197 12 15 0.041232817 
469 230 8 11 0.04090235 
477 303 20 29 0.04063828 
851 235 13 15 0.040631495 
553 175 8 10 0.040593516 
521 143 7 10 0.04055777 
362 244 12 16 0.040488753 
1016 197 8 12 0.040462855 
162 194 16 20 0.039989173 
577 174 8 10 0.039984293 
846 182 9 12 0.039894514 
582 158 8 9 0.03971151 
625 197 9 12 0.03958136 
773 135 8 10 0.039333798 
745 158 8 11 0.039131973 
656 184 8 10 0.03877241 
697 174 7 10 0.038759273 
598 126 7 10 0.03874943 
975 192 8 10 0.038598314 
886 184 10 11 0.03809506 
529 168 7 9 0.038024824 
609 165 9 10 0.03795577 
790 158 8 9 0.037952308 
733 148 9 11 0.03789481 
570 215 9 12 0.037795413 
629 198 9 11 0.037668537 
699 238 14 16 0.03761295 
801 144 8 10 0.037591293 
706 180 8 10 0.037285257 
839 182 9 11 0.03705588 
565 200 9 11 0.036946032 
825 120 10 12 0.03653606 
806 142 9 10 0.03653532 
763 273 14 17 0.036465913 
818 230 12 16 0.036368057 
147 393 29 30 0.03634072 
859 157 8 11 0.036325887 
397 242 13 17 0.03591516 
896 157 8 11 0.035844505 
627 252 11 13 0.035714168 
0 213 11 22 0.035606366 
716 224 10 13 0.035132576 
767 205 10 12 0.03498243 
839 175 10 11 0.03493918 
831 181 8 11 0.03492088 
571 219 10 13 0.034881666 
445 207 10 14 0.034740414 
1002 258 16 21 0.03452169 
552 259 12 16 0.034516305 
868 150 9 12 0.034322966 
303 204 11 13 0.034244288 
903 165 7 9 0.03401859 
887 168 8 9 0.03382014 
742 126 9 11 0.033524055 
460 321 22 28 0.03347737 
759 135 8 10 0.03330827 
509 216 9 12 0.033292387 
301 214 10 14 0.033174742 
864 95 10 12 0.033083066 
847 104 9 10 0.032878943 
743 118 11 13 0.032774094 
182 243 13 17 0.03274117 
26 202 11 14 0.032707646 
635 142 9 11 0.03264154 
520 204 9 10 0.032561433 
199 396 27 35 0.032493822 
465 92 11 15 0.03229769 
790 152 9 10 0.03228419 
769 158 8 10 0.032259844 
19 181 10 14 0.032253925 
767 150 8 11 0.032029167 
624 204 9 12 0.032013558 
847 174 9 11 0.031925593 
746 151 7 9 0.0317054 
745 112 9 11 0.03159934 
869 125 9 12 0.031542838 
968 191 8 10 0.031413607 
357 230 12 15 0.031402484 
584 119 10 12 0.031372298 
454 213 8 11 0.031222846 
76 348 12 16 0.031215722 
961 192 8 10 0.031187458 
772 259 13 16 0.031101573 
718 166 7 10 0.030903103 
934 182 8 11 0.0308083 
300 227 12 14 0.030634249 
774 190 8 11 0.030225735 
895 237 10 14 0.03018501 
829 100 10 12 0.030159574 
806 201 17 22 0.030106254 
719 135 7 9 0.030008107 
600 203 10 15 0.029958583 
614 164 8 11 0.029867882 
36 180 11 13 0.02979062 
813 225 12 14 0.029690204 
33 175 11 13 0.029556265 
982 190 8 10 0.029402956 
685 207 9 12 0.029177709 
269 200 13 16 0.029068343 
238 195 10 13 0.029036094 
750 152 8 9 0.029017922 
455 325 12 15 0.029004056 
623 226 11 15 0.028882086 
211 245 10 14 0.028880991 
836 275 12 16 0.028719585 
474 316 23 30 0.028611477 
904 142 8 9 0.028599655 
968 176 8 10 0.02858975 
728 195 10 13 0.028486809 
968 181 8 9 0.028402314 
528 173 8 10 0.028376441 
520 176 8 10 0.028276825 
22 415 15 21 0.028180419 
472 136 9 11 0.028095705 
695 153 8 9 0.02808503 
567 231 10 12 0.028035508 
976 175 8 12 0.02795388 
958 210 12 14 0.027945356 
400 321 13 19 0.027742542 
599 175 7 9 0.02771794 
953 356 17 22 0.027677044 
926 236 11 14 0.027458731 
483 188 9 11 0.027437665 
317 243 10 14 0.027370585 
865 322 16 19 0.027365545 
641 123 8 11 0.027290653 
294 270 26 32 0.027187638 
879 184 8 10 0.027180426 
767 212 10 13 0.027137136 
568 175 7 9 0.02711962 
599 218 11 15 0.027112808 
462 325 11 15 0.027091425 
641 164 7 10 0.027032055 
891 353 16 18 0.027023213 
858 55 8 11 0.026979435 
489 199 8 11 0.026978597 
645 119 11 13 0.026924582 
171 231 10 13 0.026873095 
506 232 8 11 0.02681361 
808 189 11 13 0.026763337 
478 152 8 10 0.02664371 
849 141 9 11 0.026527343 
739 212 9 12 0.02649947 
377 224 10 13 0.02648625 
703 269 11 14 0.026395578 
656 151 8 9 0.02626137 
212 398 13 17 0.02621818 
993 190 10 12 0.026119739 
861 237 11 13 0.026007894 
695 166 8 11 0.025953269 
717 175 9 11 0.025939375 
821 223 10 13 0.025853826 
92 229 11 13 0.025656637 
21 190 10 14 0.025622955 
589 206 10 14 0.025461184 
892 563 52 56 0.025343882 
905 137 7 9 0.025317835 
311 226 11 14 0.025313009 
775 141 7 10 0.025161618 
522 149 7 10 0.025010757 
325 277 11 14 0.02497078 
954 205 9 10 0.02491999 
861 54 8 10 0.024868777 
902 243 10 13 0.024795346 
361 267 11 16 0.024743749 
896 165 8 10 0.024720382 
944 205 9 10 0.024671825 
206 239 11 14 0.02465048 
16 189 10 13 0.024640612 
454 189 12 15 0.024609841 
53 221 11 14 0.02460704 
764 292 12 15 0.02460337 
712 145 7 8 0.024562376 
958 572 15 19 0.02456088 
808 181 10 12 0.024547487 
380 223 18 23 0.024524149 
109 229 9 12 0.024433937 
729 161 8 10 0.024377683 
872 182 9 11 0.024337802 
848 136 9 12 0.024299229 
609 151 10 12 0.024263652 
687 213 9 12 0.024236765 
647 165 8 9 0.024232687 
871 133 8 11 0.024213264 
449 252 12 15 0.024115749 
169 200 16 18 0.024046235 
717 160 8 10 0.023978617 
750 135 9 12 0.023935568 
839 152 9 11 0.023918334 
589 195 10 12 0.023903433 
696 230 10 13 0.02386191 
830 187 9 12 0.023825001 
790 54 11 14 0.023818305 
738 135 8 10 0.023791 
983 247 12 15 0.02379036 
390 234 14 18 0.023773277 
366 224 9 11 0.023747955 
0 201 20 33 0.023743825 
770 165 8 10 0.023690408 
919 238 10 13 0.023540374 
332 252 16 22 0.023529405 
583 145 8 10 0.023411522 
125 285 23 27 0.023369147 
745 222 18 24 0.02329809 
825 181 9 12 0.023257203 
48 176 9 12 0.023223357 
123 260 16 19 0.023205156 
394 232 20 24 0.023197664 
190 262 13 18 0.023174278 
639 148 9 11 0.023162223 
309 236 11 14 0.023142168 
683 6 93 123 0.02313796 
812 167 11 13 0.023117254 
969 167 7 9 0.02305557 
672 143 9 10 0.022960013 
572 211 18 22 0.022953512 
480 165 7 10 0.022952944 
200 250 13 16 0.022935798 
505 215 9 12 0.02292974 
695 181 8 10 0.022907767 
210 251 13 17 0.022855366 
551 161 7 9 0.022852499 
1012 571 13 20 0.022768585 
278 215 11 14 0.022714645 
729 144 9 11 0.022708463 
8 317 16 22 0.022705251 
829 235 10 15 0.022699198 
325 230 10 12 0.022672407 
761 191 9 12 0.022670545 
131 322 14 20 0.022635894 
434 223 10 13 0.02253765 
766 252 11 15 0.022347424 
654 124 9 11 0.02232506 
856 164 9 12 0.02220229 
678 251 10 14 0.02219398 
126 223 10 12 0.022173658 
783 144 7 9 0.022103311 
105 229 9 12 0.022098651 
960 175 8 10 0.022061316 
513 142 7 10 0.022004178 
440 262 11 15 0.021984078 
22 192 19 24 0.021970775 
699 212 10 14 0.021950485 
742 176 19 23 0.021920918 
604 535 32 34 0.021915149 
535 213 9 13 0.021800553 
933 237 10 12 0.021782253 
814 182 8 11 0.021659222 
539 307 15 21 0.021625398 
665 175 8 10 0.021613566 
403 236 11 14 0.021577448 
319 275 11 15 0.021552235 
1009 208 10 11 0.02148984 
159 236 11 13 0.021485178 
471 295 15 21 0.021451138 
728 174 8 10 0.02143434 
207 255 21 27 0.021378433 
734 172 10 12 0.021309277 
854 174 10 13 0.021286724 
926 262 10 13 0.02128287 
607 214 13 18 0.021184513 
678 206 9 11 0.021150975 
920 181 8 10 0.021144122 
623 177 17 23 0.021138864 
66 174 8 10 0.02110567 
264 228 10 14 0.021101698 
511 204 8 10 0.021098813 
592 168 7 9 0.021038368 
814 143 8 10 0.021015959 
720 182 9 10 0.020992069 
787 28 14 18 0.020990785 
381 234 14 19 0.020966247 
111 223 9 12 0.020906072 
815 156 9 11 0.020879371 
766 340 13 17 0.02081321 
806 150 8 10 0.020802885 
857 152 9 11 0.020717705 
792 237 9 13 0.020713655 
625 245 12 16 0.020712262 
773 175 8 10 0.020696986 
944 229 9 12 0.020694202 
488 151 8 10 0.020653907 
547 167 7 9 0.020553077 
699 250 22 26 0.020552577 
132 277 14 16 0.020547614 
558 228 9 13 0.020541681 
45 283 21 28 0.020498302 
887 221 9 12 0.020452097 
718 198 9 12 0.02037552 
317 370 16 17 0.020370133 
1 190 9 13 0.020325089 
761 206 9 11 0.020254781 
599 151 8 10 0.020236775 
281 179 10 13 0.020227514 
792 192 9 12 0.02022119 
1012 250 12 20 0.020195566 
664 151 7 9 0.02018176 
156 395 17 20 0.020171903 
