2_Demonstration_Demonstration_Or_Protest_2_114
39
359 127 87 140 0.99909973 
119 294 88 132 0.9975604 
499 326 34 53 0.9942694 
585 276 73 105 0.9903543 
768 370 50 67 0.9777019 
822 120 27 30 0.9597399 
904 121 29 41 0.4708307 
473 638 12 15 0.37690422 
770 353 17 24 0.25343892 
937 131 31 42 0.20205057 
493 644 17 23 0.18823493 
512 344 43 51 0.11447807 
763 359 32 46 0.10418386 
741 292 16 19 0.096532606 
814 226 25 33 0.09357716 
550 424 41 56 0.07747307 
934 108 49 73 0.07708426 
736 292 29 32 0.058720157 
749 329 12 16 0.043816525 
914 236 31 35 0.041450653 
469 631 20 25 0.038481645 
527 345 46 64 0.036555815 
850 156 14 17 0.034696482 
955 100 58 87 0.03353438 
747 285 15 19 0.03325273 
757 355 26 37 0.033110928 
915 124 32 45 0.031770274 
18 466 22 30 0.03131878 
462 597 10 12 0.030057518 
494 639 12 15 0.027298648 
452 603 13 16 0.025935436 
461 614 28 37 0.023771452 
562 411 48 67 0.02313227 
761 183 9 10 0.022688504 
447 605 11 13 0.02249552 
759 356 14 19 0.022187052 
811 104 44 49 0.021843232 
553 356 48 67 0.021416644 
440 644 12 16 0.021271035 
