2_Demonstration_Demonstration_Or_Protest_2_360
751
856 602 61 66 0.9984712 
681 562 26 30 0.9968771 
618 593 29 37 0.9945018 
950 579 56 69 0.983862 
777 585 29 33 0.9767752 
653 620 48 53 0.97111434 
511 600 42 55 0.95897996 
614 549 22 28 0.9248911 
584 557 20 25 0.9150839 
504 556 17 22 0.86619955 
561 644 49 57 0.85904247 
477 577 25 31 0.8312983 
539 542 15 17 0.8248303 
665 544 15 19 0.77609694 
142 605 26 32 0.7636434 
322 566 15 18 0.72507006 
785 625 33 39 0.70515215 
798 531 15 18 0.6918411 
781 552 21 26 0.6472986 
553 569 24 29 0.64484143 
598 537 13 16 0.6183001 
520 530 10 13 0.6175862 
373 559 12 15 0.6076837 
582 524 9 11 0.5765556 
396 561 12 16 0.5593613 
990 559 33 43 0.53603524 
647 573 14 18 0.50672 
409 513 8 10 0.43342656 
445 669 28 33 0.41864488 
193 641 26 35 0.4015622 
142 579 13 16 0.3811837 
345 589 16 19 0.3801935 
106 601 16 17 0.37730718 
815 583 30 35 0.36976334 
437 577 12 17 0.36568788 
537 517 9 11 0.3541146 
62 605 23 26 0.33766076 
341 556 11 13 0.33028498 
861 523 14 18 0.32461944 
141 550 11 15 0.31992945 
349 595 24 28 0.29102194 
173 617 23 31 0.2856936 
203 634 34 37 0.27144584 
136 551 11 15 0.2669441 
63 547 9 12 0.2604873 
578 541 13 14 0.25745785 
59 637 25 31 0.25657046 
777 604 36 49 0.25273642 
44 629 25 30 0.24869256 
168 551 10 12 0.22953643 
81 644 30 37 0.22679092 
526 511 8 11 0.2253651 
991 666 31 40 0.22319466 
361 525 8 10 0.2127897 
575 614 34 39 0.20314448 
752 568 21 29 0.19953136 
418 540 9 11 0.19871728 
330 543 8 10 0.19739163 
417 549 11 13 0.1970306 
397 495 9 11 0.18438554 
314 494 10 13 0.1829443 
563 566 13 16 0.18235582 
593 562 15 19 0.18220875 
147 574 13 15 0.18192989 
393 512 8 9 0.18143044 
462 512 9 12 0.18006152 
130 548 9 13 0.17811616 
426 488 7 10 0.17601924 
543 513 8 10 0.17562778 
609 526 9 10 0.17014787 
55 647 33 37 0.16961244 
827 534 12 15 0.16938525 
486 540 9 12 0.16907239 
390 578 15 21 0.16769466 
578 520 7 10 0.1648316 
417 536 9 10 0.16131182 
337 527 7 10 0.15969293 
607 535 11 14 0.15903114 
350 540 9 10 0.15852562 
527 515 9 12 0.15570526 
539 563 11 13 0.15563245 
583 504 8 9 0.15477327 
922 572 25 39 0.15448384 
311 551 9 12 0.1525079 
750 534 13 16 0.1514763 
543 501 8 10 0.14848277 
404 541 10 12 0.14771844 
87 550 9 12 0.14691928 
68 640 30 38 0.14187446 
568 504 9 11 0.14180516 
581 534 10 13 0.14092825 
320 519 8 11 0.14083822 
482 493 8 10 0.14040996 
386 639 30 34 0.1391061 
116 604 12 16 0.13775522 
347 510 8 10 0.1370215 
472 504 8 10 0.13677979 
551 526 10 11 0.13471314 
416 494 8 10 0.1334911 
486 494 8 11 0.13302109 
821 536 16 19 0.13288608 
536 496 10 11 0.13202074 
374 542 9 11 0.13173781 
308 556 11 13 0.13009393 
374 519 8 11 0.12868612 
433 476 9 12 0.12755784 
346 502 8 10 0.12664442 
368 580 12 15 0.12387925 
104 551 10 12 0.12323492 
465 494 6 9 0.12320314 
561 508 8 11 0.12300475 
369 542 8 9 0.11903008 
938 346 16 17 0.11860151 
904 518 10 12 0.116031475 
450 500 7 10 0.11504168 
816 522 10 12 0.11274837 
442 534 9 12 0.11214049 
7 368 47 66 0.111330844 
154 536 7 9 0.110817835 
62 647 45 49 0.10874214 
400 548 11 14 0.10791452 
577 536 9 12 0.1065749 
525 541 11 14 0.1065684 
424 567 11 13 0.10612157 
457 528 10 12 0.10528573 
433 559 9 11 0.10524088 
781 527 9 12 0.10512411 
539 553 13 17 0.105062254 
211 618 37 37 0.104635 
455 547 13 16 0.10409938 
336 550 9 12 0.10372716 
75 604 16 17 0.103372045 
39 637 15 22 0.101690635 
398 500 8 11 0.10152323 
391 528 8 9 0.101103984 
689 510 10 12 0.10099203 
551 503 7 10 0.10097966 
476 557 10 13 0.100770034 
368 520 8 11 0.10056242 
321 560 9 11 0.10024372 
173 551 11 14 0.09911381 
625 526 8 10 0.098297976 
525 503 9 10 0.095564306 
926 349 12 14 0.09552678 
639 541 10 13 0.09416983 
575 504 7 10 0.093871005 
374 525 8 9 0.09384988 
37 566 14 16 0.093845 
399 536 8 10 0.092907675 
590 510 8 10 0.09163684 
191 564 10 14 0.09007877 
224 552 11 13 0.08890336 
568 518 8 11 0.087591216 
156 608 29 37 0.087457456 
683 585 28 34 0.08733594 
413 511 8 10 0.08719382 
763 563 14 20 0.08625535 
368 537 7 9 0.0858543 
542 525 9 12 0.08575847 
41 542 8 10 0.085590415 
957 523 24 30 0.08509147 
593 535 11 14 0.083596915 
158 541 8 10 0.083263636 
561 494 8 10 0.08309427 
330 647 35 44 0.08309274 
503 551 13 17 0.08292871 
184 628 26 37 0.08227254 
480 518 8 11 0.082206175 
584 508 8 10 0.082031295 
318 524 8 10 0.08127061 
8 527 10 12 0.08095689 
538 571 13 18 0.080840535 
775 518 8 10 0.08049162 
494 541 9 11 0.08043785 
397 511 8 10 0.08043746 
367 524 8 10 0.080208145 
212 669 35 36 0.08020663 
415 470 9 12 0.07950061 
481 510 7 10 0.078706294 
510 518 8 11 0.07855263 
607 520 9 11 0.07682748 
545 545 14 17 0.07660054 
277 566 9 12 0.07630044 
439 513 8 9 0.0752187 
437 557 10 13 0.07515574 
445 575 11 15 0.075074755 
567 526 9 11 0.0744815 
110 556 11 14 0.07391621 
444 658 23 27 0.07359718 
374 549 10 13 0.07243137 
504 537 8 10 0.07242327 
560 534 9 12 0.07190946 
588 590 22 27 0.07186219 
596 588 13 19 0.07185568 
379 561 11 15 0.071773686 
311 478 7 10 0.07035771 
96 554 10 12 0.06998056 
64 618 25 32 0.06913194 
541 496 9 11 0.068734035 
454 496 7 9 0.06862747 
46 544 9 11 0.068591714 
371 572 13 16 0.068568185 
313 534 9 11 0.068473116 
382 580 13 17 0.068287 
497 509 7 9 0.068154894 
116 558 10 14 0.0681057 
369 547 10 13 0.06692587 
700 446 60 92 0.06681227 
459 517 8 10 0.06536648 
486 565 11 14 0.06518113 
360 535 8 10 0.06508428 
478 504 8 10 0.064475104 
5 540 10 14 0.064318165 
601 519 8 10 0.06422033 
312 572 11 14 0.064009584 
305 563 9 13 0.06387234 
490 502 7 9 0.06322081 
545 487 9 10 0.06316802 
52 613 24 29 0.063104436 
575 544 14 18 0.06272865 
522 510 8 11 0.062177815 
429 563 12 14 0.061875742 
85 569 10 12 0.061826665 
132 649 24 33 0.061366487 
329 623 29 38 0.061235774 
152 555 9 13 0.061192244 
75 623 26 29 0.060828965 
383 545 8 10 0.060624775 
40 639 27 35 0.060401477 
406 536 9 10 0.060344968 
482 541 9 12 0.0602392 
757 525 11 13 0.060185477 
31 570 14 18 0.06004511 
495 550 10 13 0.060017698 
945 347 14 18 0.059907306 
540 536 13 14 0.05947657 
793 533 13 16 0.058847237 
331 605 40 48 0.05873457 
553 519 8 12 0.058511227 
439 518 9 11 0.058367066 
815 540 15 19 0.05822198 
574 604 29 31 0.058205746 
103 574 11 14 0.058204584 
423 492 8 10 0.05800005 
462 531 10 12 0.057839055 
436 602 17 21 0.057743788 
615 569 14 19 0.057711005 
509 542 10 12 0.05750361 
647 527 9 11 0.0574967 
476 563 12 15 0.0571778 
978 560 31 37 0.05697669 
345 536 9 11 0.05676277 
384 511 8 10 0.056746483 
432 502 8 10 0.056743518 
504 503 9 11 0.056576196 
170 535 7 10 0.05648739 
375 537 8 9 0.056338653 
313 526 8 9 0.056309886 
616 511 8 9 0.05609815 
631 535 10 12 0.055942427 
20 609 13 17 0.055888634 
318 489 10 11 0.05581874 
28 587 13 18 0.05575678 
432 494 7 10 0.05554225 
395 570 15 22 0.055460885 
522 517 9 11 0.055407964 
445 518 9 11 0.055274222 
392 516 8 10 0.055146392 
599 528 9 11 0.054967202 
33 558 10 11 0.05489282 
1 510 8 11 0.05451027 
613 527 8 10 0.05442667 
312 541 9 11 0.0543945 
56 548 10 13 0.05435842 
113 602 21 25 0.054223105 
488 557 11 13 0.05422088 
327 494 8 10 0.054081183 
76 583 13 17 0.053598505 
537 524 10 12 0.053512014 
95 519 7 9 0.053271938 
15 526 10 11 0.053137433 
414 517 8 10 0.05289437 
633 539 12 15 0.05242846 
335 495 7 9 0.052122843 
259 559 11 13 0.05207464 
494 537 8 10 0.052016683 
255 560 10 13 0.051992934 
144 569 11 13 0.051985066 
54 590 11 15 0.051622838 
392 543 7 10 0.0515815 
445 547 11 16 0.05143925 
364 586 15 18 0.051154643 
393 579 23 30 0.051149677 
159 550 8 11 0.05114252 
316 500 9 12 0.0506228 
792 516 8 11 0.05043389 
393 533 8 11 0.05042619 
885 527 10 12 0.050277404 
69 565 9 11 0.05025195 
417 528 8 10 0.050180513 
100 589 22 27 0.050048765 
755 536 13 16 0.05003392 
835 533 12 16 0.04980503 
679 526 10 12 0.049580794 
433 518 8 10 0.049556084 
31 528 8 10 0.049479604 
717 538 11 14 0.049200516 
741 560 25 37 0.04905379 
38 559 11 12 0.04866937 
487 519 7 9 0.048534784 
559 518 9 11 0.048437744 
344 518 8 10 0.04816728 
57 534 8 10 0.04788645 
836 479 9 10 0.047595736 
149 551 9 11 0.047195114 
328 546 10 13 0.046985686 
69 544 8 10 0.04695624 
590 527 9 10 0.046888646 
22 526 8 10 0.046883155 
440 526 9 10 0.046831418 
56 528 8 9 0.046751663 
274 544 8 10 0.04635398 
576 509 8 10 0.046281625 
472 479 7 9 0.0458984 
206 568 12 14 0.04587299 
910 350 13 14 0.045796547 
47 525 9 10 0.045779306 
117 588 10 14 0.04574763 
601 503 8 9 0.04570041 
174 534 7 10 0.045476336 
488 580 14 20 0.045415487 
646 533 10 12 0.044832766 
437 473 8 10 0.04472384 
432 578 20 25 0.044690497 
341 525 8 10 0.044545807 
344 497 9 11 0.044537224 
220 579 17 20 0.044412676 
431 573 13 17 0.044396337 
440 484 8 11 0.04424268 
566 533 10 12 0.044168763 
395 502 8 10 0.04403912 
277 571 12 17 0.043997236 
495 503 8 11 0.04395412 
408 526 8 9 0.043927584 
654 533 9 11 0.043775916 
184 541 9 12 0.043761365 
599 594 24 30 0.04368654 
884 547 12 13 0.04358538 
949 354 13 16 0.043547913 
487 512 7 9 0.043528397 
983 579 37 46 0.043377932 
326 488 9 11 0.043332595 
766 532 11 14 0.04325502 
385 529 8 10 0.043168094 
452 572 13 16 0.043055974 
422 527 8 10 0.043043815 
252 563 14 17 0.043015227 
502 542 11 14 0.042802773 
30 573 23 29 0.042731874 
503 510 8 9 0.04267561 
468 534 9 11 0.0423777 
398 528 7 8 0.042028576 
168 519 7 10 0.04185884 
438 496 8 10 0.041837335 
63 528 9 11 0.041807447 
55 544 9 11 0.04170861 
436 562 12 15 0.041643117 
496 521 7 9 0.041563116 
422 464 8 11 0.041285105 
557 526 9 11 0.04126718 
932 352 15 17 0.041233644 
446 512 8 9 0.041150253 
80 573 12 17 0.04109002 
152 540 9 12 0.040929224 
808 562 13 18 0.04061845 
399 488 8 10 0.040576454 
986 524 28 36 0.04054122 
585 496 7 10 0.04032624 
122 639 24 36 0.040266756 
479 550 9 13 0.0401303 
460 550 14 18 0.040098187 
717 508 11 14 0.04009815 
566 485 10 12 0.039956644 
559 559 13 15 0.03985669 
43 571 14 17 0.03963558 
408 493 9 11 0.03955676 
181 548 11 15 0.039535485 
580 663 48 55 0.039453052 
120 605 23 28 0.0393405 
624 520 8 10 0.039305937 
763 588 24 32 0.03922364 
902 574 33 41 0.03899454 
350 517 8 10 0.038961567 
566 495 9 10 0.03894365 
456 464 8 10 0.038913522 
206 517 9 13 0.038757242 
195 589 13 17 0.03864928 
445 538 11 15 0.03845005 
359 596 24 33 0.03844592 
189 569 11 16 0.038441833 
385 486 8 10 0.03839224 
604 572 21 27 0.03833493 
855 540 11 14 0.038181305 
487 550 10 12 0.038141727 
319 576 11 15 0.038092658 
82 550 9 12 0.038091827 
122 606 13 15 0.037982028 
529 497 9 10 0.03797345 
15 655 40 48 0.037969932 
587 602 29 34 0.037951782 
39 549 11 12 0.037917778 
624 530 10 12 0.037737418 
468 550 12 15 0.037711337 
103 568 10 11 0.03765502 
143 579 22 26 0.037555203 
612 542 13 15 0.037526242 
368 503 9 10 0.037438214 
121 534 9 11 0.037401855 
196 564 11 14 0.03706413 
38 585 24 29 0.037060555 
52 599 25 27 0.037000805 
191 580 10 14 0.03696397 
455 480 7 9 0.036877453 
40 537 8 10 0.036870476 
624 557 17 21 0.03684965 
809 511 8 10 0.036822394 
24 652 25 33 0.036746975 
131 613 25 37 0.036668945 
880 530 12 15 0.036470264 
638 517 10 11 0.036291484 
157 556 10 12 0.03615885 
122 527 8 10 0.035965163 
156 574 11 13 0.03594457 
562 487 8 11 0.035929043 
441 551 10 12 0.035742365 
45 597 13 15 0.035636738 
72 525 8 10 0.035527695 
551 510 8 10 0.03546462 
429 488 8 10 0.035389945 
760 578 23 30 0.035385802 
421 555 10 13 0.034906242 
855 526 14 18 0.034883987 
536 535 10 13 0.034881562 
45 559 10 11 0.03457536 
616 504 7 8 0.034552004 
196 583 11 15 0.03449086 
798 511 9 11 0.034152035 
325 518 7 10 0.034119975 
477 573 16 20 0.034039978 
423 520 7 9 0.033998407 
110 575 10 12 0.03388131 
114 596 13 17 0.03386044 
268 574 26 35 0.03385054 
154 598 14 16 0.033718374 
689 506 8 9 0.033660736 
547 649 37 40 0.03364498 
679 530 13 16 0.033571027 
185 513 8 10 0.033321597 
319 511 9 11 0.03330903 
625 503 7 9 0.033263933 
918 348 12 14 0.033100918 
5 518 9 12 0.033014372 
139 614 30 43 0.032967195 
490 525 8 10 0.03292665 
135 611 16 21 0.032827508 
489 472 7 9 0.03281639 
416 489 8 10 0.032782514 
202 518 9 11 0.032654904 
445 555 11 14 0.032650054 
505 519 8 10 0.03262246 
494 525 8 9 0.0325417 
128 544 9 12 0.032536823 
774 529 12 15 0.03250281 
510 512 8 10 0.03239178 
509 502 8 10 0.032382313 
32 534 8 9 0.03235839 
830 528 12 14 0.032062504 
778 565 19 22 0.031983394 
453 541 12 16 0.031927362 
383 533 8 10 0.03190142 
102 604 17 21 0.031887785 
129 624 33 47 0.031823106 
576 519 20 23 0.03181641 
590 518 8 10 0.031807788 
328 536 8 10 0.031772982 
120 519 8 10 0.031455267 
192 528 9 11 0.031442173 
81 607 15 19 0.031436276 
354 526 8 10 0.031375587 
510 496 9 11 0.031310614 
71 559 9 12 0.031275738 
110 580 12 13 0.031225326 
311 507 10 13 0.03120136 
931 570 17 28 0.03117638 
319 551 8 11 0.031140342 
331 618 15 21 0.031099288 
217 556 10 13 0.03107227 
385 517 7 9 0.03104078 
869 564 14 16 0.030995114 
399 518 7 10 0.030956507 
91 519 7 10 0.030920943 
46 520 9 10 0.030789595 
399 623 42 46 0.030714558 
385 480 8 9 0.030570539 
694 505 8 11 0.030469816 
94 596 15 18 0.030421834 
617 575 17 19 0.030416405 
525 571 12 15 0.030381342 
276 549 8 11 0.030290531 
313 565 20 26 0.030220265 
566 612 28 32 0.03017846 
367 511 8 10 0.030065775 
304 534 8 11 0.029781027 
126 590 10 13 0.02975493 
773 559 17 22 0.02972807 
448 481 7 11 0.029668469 
791 535 20 25 0.029523477 
331 594 26 32 0.029446684 
758 521 10 11 0.029403185 
312 487 10 12 0.029399663 
63 533 8 10 0.029383393 
191 533 10 12 0.029355595 
866 526 16 18 0.029332506 
29 656 15 20 0.029311169 
127 583 9 11 0.029298559 
438 628 15 18 0.029278947 
644 575 23 27 0.029203791 
464 489 8 10 0.02919754 
399 481 7 9 0.029165812 
897 513 8 10 0.029144287 
131 594 14 18 0.029113378 
24 583 21 29 0.029043213 
720 579 12 17 0.028919885 
743 539 15 17 0.028866027 
368 576 20 25 0.02879748 
95 573 12 15 0.028685069 
15 596 11 13 0.02867082 
982 562 18 22 0.028606514 
823 580 20 23 0.028570171 
550 531 12 14 0.028413607 
486 488 8 11 0.028362038 
444 542 19 25 0.02827143 
169 527 7 9 0.028194413 
667 562 14 19 0.02813821 
629 527 9 10 0.02813586 
404 584 26 30 0.028087325 
318 541 9 11 0.02806561 
191 517 7 9 0.028047193 
389 589 16 23 0.028001528 
485 617 13 17 0.027987642 
175 551 20 26 0.027877046 
793 555 15 18 0.02787603 
518 527 18 22 0.027760802 
551 495 8 10 0.027611742 
212 582 29 30 0.027509762 
536 646 29 36 0.027482063 
142 520 7 9 0.027404116 
607 502 7 9 0.027387297 
589 504 8 10 0.027386 
511 486 8 10 0.027246013 
14 533 9 11 0.027242705 
120 592 22 27 0.027219184 
359 512 9 10 0.027021447 
494 496 8 10 0.026949571 
167 542 9 11 0.02690014 
472 519 8 10 0.02685781 
391 487 7 10 0.02680579 
897 618 37 49 0.026753409 
782 543 13 16 0.02674964 
-1 633 28 39 0.026734546 
906 522 11 14 0.02672058 
184 572 11 15 0.026706101 
712 633 38 50 0.026650926 
110 544 8 11 0.026490819 
702 632 30 44 0.026360368 
845 531 12 16 0.026306856 
378 584 26 34 0.026269047 
259 565 12 15 0.026247853 
117 582 10 13 0.02622389 
944 498 13 15 0.026216196 
376 512 8 10 0.026115617 
769 517 10 11 0.026084458 
308 564 12 16 0.026000287 
875 351 66 55 0.02596569 
433 510 8 11 0.025856989 
909 344 23 25 0.025759196 
303 492 10 15 0.025729476 
917 548 16 18 0.02566702 
2 535 8 12 0.025610643 
339 586 40 48 0.02559129 
79 557 9 11 0.025495779 
275 580 16 20 0.025483059 
402 557 12 15 0.025482442 
45 589 14 17 0.025466982 
886 519 9 10 0.02535726 
78 520 7 9 0.025205867 
305 551 11 13 0.025164042 
415 504 8 9 0.025101313 
798 518 9 10 0.025051933 
425 625 26 32 0.024995167 
188 539 11 14 0.024983764 
406 505 18 24 0.024910877 
678 521 10 11 0.024904516 
409 505 8 9 0.02490366 
854 312 119 101 0.024894144 
185 536 9 11 0.024870014 
850 523 12 16 0.02485313 
84 577 13 18 0.024823241 
752 520 10 12 0.024802946 
120 540 8 11 0.024798518 
134 588 12 16 0.024775257 
303 485 9 12 0.02473921 
34 562 22 25 0.024710696 
211 566 13 14 0.024698965 
391 548 9 12 0.024690086 
104 544 10 12 0.024642918 
50 573 12 15 0.024581786 
297 526 9 12 0.024430146 
211 643 38 41 0.0243651 
529 628 34 43 0.024275437 
335 532 7 11 0.024257468 
820 518 9 12 0.02421473 
972 521 25 35 0.024144815 
813 571 26 30 0.02413279 
511 535 9 11 0.024077116 
248 565 22 27 0.02405573 
313 518 9 13 0.024034005 
450 462 8 10 0.02401949 
19 664 14 18 0.023994977 
169 513 7 9 0.023974339 
669 538 20 25 0.02395379 
479 523 8 11 0.023940908 
623 511 7 10 0.023928735 
789 469 10 13 0.023887929 
527 486 8 9 0.023837158 
607 511 9 10 0.023780914 
331 566 11 14 0.023694638 
683 527 11 13 0.023693701 
198 560 8 10 0.023614537 
305 541 9 11 0.023545802 
145 535 7 9 0.023485979 
879 379 32 32 0.023472317 
95 544 9 11 0.023378076 
464 480 7 9 0.02336857 
189 558 19 25 0.023339236 
69 599 14 18 0.023326354 
165 545 20 24 0.023310997 
420 468 9 12 0.023284556 
171 629 18 25 0.023268623 
835 526 11 14 0.02321932 
106 629 28 37 0.023207141 
354 588 16 19 0.023203906 
382 574 11 15 0.02316267 
431 551 9 12 0.02314167 
774 541 13 15 0.023067806 
879 511 9 11 0.023021832 
828 385 12 17 0.023005774 
470 495 7 9 0.022990517 
774 513 9 10 0.022976726 
505 487 8 9 0.022955293 
304 478 10 12 0.022878978 
800 501 9 10 0.02287304 
421 510 9 10 0.022856046 
726 565 24 36 0.022835426 
247 576 14 19 0.022713428 
103 535 7 9 0.022708902 
309 594 14 22 0.022662824 
347 558 10 12 0.022628877 
862 509 10 12 0.022591043 
908 494 9 10 0.022555605 
261 571 12 15 0.022503553 
16 520 10 11 0.022496644 
184 563 12 16 0.022490807 
443 652 17 21 0.022463167 
411 470 9 10 0.022429561 
10 654 26 35 0.022374902 
13 539 11 14 0.022357823 
689 575 30 34 0.022316871 
801 497 8 9 0.022316566 
585 653 34 43 0.022281121 
639 523 10 12 0.022220237 
711 533 12 16 0.022217127 
616 519 8 10 0.022145849 
673 526 11 11 0.022105252 
155 520 6 8 0.022011293 
142 593 12 17 0.021847457 
890 571 31 39 0.02174422 
174 528 8 10 0.02173519 
6 547 9 13 0.021726629 
33 510 9 10 0.02167766 
784 511 9 10 0.021676103 
390 480 7 9 0.021648515 
63 556 9 11 0.021636894 
399 470 8 9 0.021633906 
431 551 20 25 0.02155724 
21 520 9 11 0.021524057 
88 545 9 11 0.021517038 
160 520 7 9 0.021450369 
680 621 42 55 0.021445844 
600 669 46 53 0.021405984 
395 546 20 25 0.021403067 
910 573 41 59 0.021381484 
471 552 19 24 0.021307617 
930 359 16 18 0.021294655 
385 472 7 8 0.021261854 
277 559 9 12 0.02125064 
47 536 8 9 0.021227023 
40 525 8 10 0.021169243 
686 543 26 33 0.021167133 
813 511 9 11 0.021143561 
632 518 9 11 0.021124115 
489 477 7 10 0.021120021 
627 548 14 18 0.021114979 
482 535 9 11 0.021045903 
548 573 40 51 0.021028921 
696 568 16 19 0.021011338 
805 556 12 18 0.021005783 
505 496 9 11 0.020999953 
418 387 17 19 0.020991936 
338 521 7 10 0.020953665 
420 640 14 19 0.020950923 
333 602 12 17 0.020887757 
89 526 8 9 0.020873735 
659 601 24 29 0.0207952 
715 574 22 29 0.020793915 
32 541 9 12 0.02074518 
933 492 11 14 0.020742169 
204 614 28 32 0.020664347 
600 511 8 10 0.020634517 
180 614 13 18 0.02060583 
601 496 8 10 0.020601906 
565 613 14 17 0.020537421 
135 501 8 10 0.020523693 
807 622 32 38 0.020511774 
469 542 10 12 0.020483628 
840 333 99 125 0.020471407 
73 637 17 24 0.02046735 
77 525 8 10 0.020413749 
305 569 11 15 0.02030662 
133 544 13 15 0.020254724 
268 584 15 19 0.020187944 
31 550 10 12 0.020179326 
73 521 8 10 0.02012464 
357 581 13 15 0.020109141 
46 621 16 18 0.020106953 
138 575 11 15 0.020100234 
79 543 8 11 0.020037444 
703 606 28 36 0.020037116 
815 532 12 16 0.020035768 
412 591 15 19 0.02003513 
55 556 9 11 0.020010503 
