2_Demonstration_Protesters_2_618
49
365 167 51 68 0.9993486 
517 169 49 65 0.9991565 
457 254 61 80 0.9991345 
253 237 53 61 0.99899167 
146 71 46 58 0.9983901 
604 149 52 68 0.9983333 
319 88 48 62 0.9980318 
706 43 43 57 0.9968303 
851 258 55 77 0.99614066 
936 161 48 56 0.9955064 
480 19 43 51 0.99530375 
963 49 44 51 0.9938146 
-2 18 40 50 0.993628 
243 48 40 53 0.99335206 
599 13 46 57 0.99288046 
444 191 47 57 0.982275 
808 0 44 44 0.960027 
825 241 53 58 0.95338017 
-1 162 34 67 0.9341113 
380 -1 26 23 0.7007522 
828 0 39 48 0.6915279 
454 0 27 24 0.5004846 
880 -2 31 25 0.15919162 
90 250 25 31 0.15497065 
208 297 31 49 0.11454952 
293 33 28 32 0.100233436 
573 217 49 63 0.09692409 
517 -3 29 30 0.064106785 
820 192 14 17 0.055931624 
659 191 39 48 0.053663827 
221 210 27 38 0.050032943 
816 196 26 31 0.04342348 
466 -1 33 28 0.04008646 
431 165 29 36 0.03717964 
200 48 25 26 0.036272664 
896 -1 31 31 0.036205392 
453 208 53 70 0.029176239 
763 263 32 34 0.029109173 
218 284 29 51 0.027325837 
672 29 40 53 0.02621689 
482 202 32 41 0.025660696 
848 15 30 40 0.025416806 
191 308 40 43 0.02444201 
637 170 43 58 0.022645874 
648 283 57 71 0.02203642 
168 284 45 61 0.021516968 
138 514 121 150 0.020817406 
369 -5 43 40 0.020770498 
866 208 32 42 0.020557834 
