2_Demonstration_Political_Rally_2_341
148
565 329 24 30 0.9944951 
129 343 18 24 0.96914166 
62 368 14 17 0.9646612 
206 361 15 19 0.9506874 
506 345 15 26 0.9084564 
182 355 17 19 0.82335943 
471 354 16 20 0.7566743 
870 339 13 19 0.70788604 
409 361 18 21 0.5519484 
796 338 17 20 0.25868717 
231 366 10 13 0.2531419 
153 354 21 24 0.24536103 
102 356 11 14 0.2266628 
569 455 28 41 0.22362602 
108 349 13 18 0.19030717 
200 322 12 16 0.16976288 
231 369 14 17 0.1550736 
44 395 12 13 0.12372915 
401 361 11 15 0.11407173 
220 333 9 12 0.101370506 
225 358 10 13 0.10050993 
223 350 10 12 0.09636199 
184 378 13 16 0.08628543 
606 427 12 15 0.08112021 
496 347 21 28 0.078845896 
202 294 9 12 0.074846745 
235 388 14 17 0.07426568 
41 373 11 13 0.06697078 
821 384 14 21 0.060524676 
860 334 20 24 0.060147583 
788 342 19 21 0.05760908 
49 344 9 11 0.05603711 
407 398 10 12 0.05414202 
57 310 8 10 0.053962424 
857 355 15 17 0.050544456 
234 378 14 17 0.049739957 
117 348 13 18 0.048902865 
54 343 8 11 0.048734345 
479 352 20 26 0.046706036 
150 338 16 19 0.045569595 
830 344 13 20 0.04498064 
855 340 20 24 0.044876475 
193 325 11 15 0.044449776 
74 342 8 11 0.04346531 
8 343 8 11 0.043141615 
120 389 22 29 0.042824227 
993 378 16 19 0.042768624 
77 341 11 14 0.04269676 
836 345 14 19 0.04269504 
412 373 15 20 0.04236719 
51 395 12 14 0.042057805 
80 349 9 11 0.041142654 
918 361 35 40 0.04099584 
494 357 15 21 0.04042686 
62 326 7 9 0.03894181 
922 412 16 19 0.038810644 
262 388 9 11 0.038640484 
36 411 12 15 0.037507746 
96 323 11 13 0.035300806 
793 347 20 23 0.035111308 
920 320 9 12 0.03502689 
216 327 11 14 0.034544285 
893 421 12 14 0.03395429 
78 329 9 11 0.033854317 
393 363 8 13 0.0329442 
97 352 10 13 0.032425392 
16 399 11 13 0.032411903 
840 340 23 28 0.032392286 
585 410 18 20 0.032088887 
852 333 18 20 0.03163178 
221 340 11 15 0.031596247 
579 415 22 25 0.031071682 
866 326 47 57 0.03051727 
926 283 107 145 0.030237334 
918 415 25 27 0.030103358 
411 398 11 13 0.029843396 
807 337 16 21 0.029653195 
400 405 11 14 0.02950708 
23 327 8 10 0.02917849 
41 390 12 15 0.029147707 
47 368 9 13 0.028433569 
786 345 34 38 0.028096009 
920 440 27 39 0.028072566 
536 286 9 11 0.027707607 
575 -45 416 507 0.027642034 
50 327 7 9 0.027530843 
891 341 12 15 0.02749769 
224 371 10 14 0.027397357 
86 376 16 19 0.027255462 
831 331 13 17 0.027170176 
877 334 22 27 0.027107581 
961 340 15 17 0.026951404 
126 310 10 13 0.026853742 
222 380 11 13 0.026849573 
243 395 10 13 0.026697882 
74 333 10 13 0.02651754 
64 349 8 10 0.026505519 
86 350 8 11 0.026407871 
168 310 10 11 0.026212832 
849 354 26 29 0.025865039 
234 418 15 19 0.025741784 
14 344 7 10 0.025716199 
923 318 12 14 0.02528283 
257 383 9 12 0.02527323 
925 304 13 15 0.025260018 
55 336 8 10 0.025223447 
239 447 10 11 0.025063481 
42 401 16 18 0.025037298 
427 148 101 135 0.024784513 
0 413 9 14 0.024714995 
257 388 10 13 0.024163432 
62 344 9 11 0.02405118 
874 333 16 20 0.023880607 
405 402 11 15 0.023833718 
22 404 10 12 0.023616193 
466 367 16 20 0.023561472 
572 401 17 20 0.023462141 
384 366 10 12 0.023461998 
175 414 24 30 0.023412758 
280 400 9 10 0.023169551 
30 406 10 14 0.023160325 
791 334 15 18 0.023158979 
181 367 20 24 0.022682626 
508 348 22 32 0.022639306 
157 320 12 13 0.02237629 
597 425 14 18 0.022044823 
148 332 15 18 0.022013254 
485 345 21 28 0.021917343 
95 361 12 15 0.02174303 
575 326 24 36 0.021712536 
55 326 8 10 0.021627266 
77 393 14 19 0.021561258 
589 416 20 26 0.021552682 
777 323 10 13 0.021310093 
986 346 13 16 0.021237934 
148 385 13 18 0.021208502 
69 359 12 14 0.021115627 
52 388 23 28 0.021088313 
149 345 18 22 0.021079408 
552 450 37 50 0.021065239 
72 349 8 10 0.021029284 
18 327 8 10 0.020896798 
145 325 10 14 0.020838186 
80 381 21 27 0.020727525 
88 357 10 12 0.020699924 
848 334 50 59 0.02051927 
57 428 13 14 0.020225482 
32 411 10 14 0.020125968 
