2_Demonstration_Protesters_2_840
72
915 156 21 31 0.97212255 
678 191 19 27 0.94839525 
793 171 20 25 0.89085746 
102 188 16 21 0.8122599 
324 174 17 20 0.8062098 
258 199 13 19 0.72101384 
954 218 16 21 0.57765806 
186 186 16 20 0.44586888 
176 181 22 27 0.13660483 
264 202 14 19 0.10718469 
228 215 11 14 0.0971674 
454 102 12 16 0.070875235 
1004 115 12 14 0.06879608 
1011 277 9 13 0.06649546 
70 198 10 14 0.06625409 
171 141 15 18 0.06503897 
96 186 15 21 0.06497367 
388 115 14 19 0.060761344 
310 217 13 15 0.057558775 
259 193 13 16 0.054372046 
805 232 12 15 0.0526609 
377 221 11 14 0.047481246 
49 23 54 70 0.046065614 
448 213 13 17 0.045901034 
864 169 17 19 0.044779167 
962 219 13 17 0.04204554 
879 165 10 15 0.040439907 
404 219 13 16 0.039667454 
170 144 24 27 0.033030633 
1012 252 9 14 0.032157753 
890 153 24 29 0.032041427 
232 230 11 15 0.031925168 
237 214 10 14 0.03184496 
52 242 10 13 0.03057081 
321 147 10 12 0.028916042 
990 197 10 14 0.028879384 
331 167 14 19 0.028598418 
919 151 13 17 0.028584002 
320 167 12 16 0.028378354 
1008 283 11 15 0.028088896 
1012 226 10 17 0.027966866 
1000 187 11 17 0.027732657 
481 353 8 11 0.027716782 
973 373 11 13 0.027038945 
713 173 9 14 0.026810097 
1014 210 10 16 0.026511965 
488 335 8 10 0.025825068 
909 143 9 11 0.025740659 
374 216 10 11 0.02547595 
178 148 14 16 0.025318692 
718 172 13 16 0.02452387 
1014 162 10 14 0.024062777 
136 134 8 10 0.023717765 
1005 413 10 12 0.023365956 
904 143 10 12 0.023001716 
189 142 12 15 0.022915907 
880 157 11 14 0.022806084 
844 270 11 14 0.02249871 
304 77 8 10 0.022111872 
392 172 13 17 0.022085743 
307 211 20 25 0.021960475 
231 210 9 11 0.021858852 
882 155 21 28 0.021757506 
275 195 12 16 0.021722902 
886 154 13 18 0.021419164 
662 430 9 11 0.021167437 
1013 269 10 17 0.020901095 
881 151 10 13 0.020898184 
354 139 107 118 0.020835377 
972 220 10 14 0.020533226 
802 220 25 33 0.020296607 
972 378 12 16 0.020156043 
