2_Demonstration_Protesters_2_476
112
769 357 25 32 0.99625164 
685 382 22 31 0.992718 
187 412 26 36 0.9917231 
409 379 48 54 0.98920023 
273 385 41 55 0.9858488 
198 357 28 38 0.9728496 
920 375 22 27 0.88371044 
17 342 28 40 0.87491393 
106 383 51 58 0.7558856 
97 316 36 39 0.62001175 
582 401 27 33 0.6156519 
325 391 31 40 0.50097996 
450 381 26 36 0.34574962 
329 377 31 39 0.33508074 
255 369 31 42 0.30389827 
882 379 16 19 0.29120475 
612 375 14 18 0.23409086 
789 478 16 19 0.1980429 
255 358 29 32 0.13865563 
618 395 17 22 0.10056014 
239 340 11 14 0.09435962 
883 387 18 22 0.09407032 
197 414 28 39 0.0862701 
103 318 54 59 0.0780826 
762 337 38 58 0.0748514 
334 400 31 39 0.07356734 
626 398 17 24 0.0673441 
879 373 14 20 0.06647822 
122 279 46 53 0.062385518 
240 376 27 35 0.06142783 
221 345 13 15 0.053455785 
162 400 18 24 0.04891999 
173 366 22 29 0.048883945 
387 418 23 29 0.04623558 
634 401 14 20 0.046100598 
118 249 34 35 0.045955583 
136 392 33 44 0.04584229 
253 360 16 22 0.044394903 
99 347 62 72 0.044233814 
594 374 12 17 0.044220075 
137 333 24 28 0.042645313 
609 379 24 27 0.041886773 
187 348 12 16 0.041779455 
218 363 15 20 0.039701294 
164 397 28 36 0.03835102 
193 335 8 10 0.038234543 
681 371 18 21 0.037640184 
652 383 17 23 0.03709629 
660 452 18 19 0.03642025 
178 342 8 10 0.03541635 
612 354 12 15 0.03509855 
108 292 47 54 0.033750746 
491 402 23 27 0.033185534 
318 404 40 51 0.032895114 
175 400 33 40 0.0323282 
865 437 23 35 0.03171719 
259 349 15 18 0.03169545 
220 353 14 19 0.03154692 
612 364 13 16 0.031187713 
580 469 24 35 0.03066196 
632 356 10 15 0.030168582 
619 404 17 23 0.029483445 
951 369 15 22 0.028918605 
182 343 9 12 0.02882422 
167 369 15 21 0.028192367 
145 334 15 17 0.027909772 
23 365 15 22 0.02682349 
315 398 28 39 0.026371546 
188 355 14 20 0.025575338 
616 331 13 16 0.025517754 
231 356 11 17 0.024481053 
237 334 21 26 0.024229798 
646 373 12 17 0.023797907 
889 381 15 18 0.023471361 
78 355 15 19 0.023258979 
205 341 11 12 0.023195801 
206 358 39 49 0.023078328 
130 431 26 30 0.023076028 
25 338 17 24 0.023054529 
344 382 18 23 0.022846814 
181 355 24 33 0.022634257 
617 371 15 20 0.022571594 
943 481 13 17 0.022546675 
70 361 49 56 0.02238742 
890 205 49 63 0.022384364 
226 359 22 30 0.022359693 
597 407 20 23 0.022351691 
235 370 16 20 0.022287173 
272 339 11 15 0.022252843 
341 314 31 40 0.022228723 
654 372 14 17 0.02214012 
667 392 16 21 0.022042634 
358 407 15 19 0.022023702 
243 371 14 19 0.022001954 
955 458 39 56 0.021920167 
64 320 9 11 0.021769146 
670 371 14 19 0.021668147 
275 567 31 32 0.021550702 
190 342 10 13 0.02142478 
684 363 15 19 0.021319214 
66 394 48 53 0.021243533 
230 372 25 31 0.02114322 
109 256 30 36 0.020756645 
673 386 25 34 0.020728335 
84 323 28 33 0.02061461 
633 422 22 32 0.020573873 
644 337 13 16 0.02049978 
204 336 10 11 0.020431483 
620 366 23 30 0.020352494 
243 335 12 15 0.02018646 
177 337 8 11 0.020151598 
676 364 17 20 0.020143425 
