2_Demonstration_Demonstration_Or_Protest_2_385
1354
755 472 26 34 0.9995235 
286 537 29 41 0.99907124 
359 456 25 28 0.9944418 
215 471 24 28 0.9932695 
687 463 21 29 0.99011153 
781 459 20 26 0.98991627 
397 531 29 37 0.9867237 
506 540 30 35 0.9864319 
22 543 26 42 0.9786643 
583 457 20 26 0.97438836 
618 496 22 26 0.9709819 
190 516 29 40 0.97049695 
736 422 19 22 0.96954936 
678 556 33 39 0.96377647 
338 470 17 27 0.93764174 
820 392 13 17 0.9339101 
634 415 15 22 0.93380684 
131 498 23 30 0.9114954 
885 485 23 30 0.88975716 
874 392 15 18 0.8827877 
826 461 17 21 0.88240564 
936 459 21 30 0.8766252 
94 395 14 17 0.87000036 
861 459 23 29 0.86446774 
83 452 21 26 0.86195093 
174 380 15 17 0.86102617 
324 428 18 23 0.86052865 
785 386 13 16 0.8601701 
807 433 15 18 0.8520718 
592 387 15 18 0.84322035 
142 437 12 16 0.8413931 
916 418 14 19 0.8405556 
101 518 23 29 0.8339374 
972 427 19 23 0.81006575 
546 388 12 15 0.8094976 
591 366 11 13 0.8092432 
354 404 12 15 0.7892189 
723 478 19 25 0.75147426 
165 404 15 18 0.75022435 
669 381 12 16 0.7370702 
732 351 10 13 0.73487747 
454 412 13 18 0.7326981 
570 416 16 19 0.7021882 
22 360 10 13 0.69978946 
73 347 10 13 0.6955387 
474 375 10 13 0.67771304 
538 413 16 17 0.674435 
804 367 11 13 0.66558725 
830 595 28 46 0.650471 
986 368 9 12 0.64858913 
394 486 19 24 0.6411865 
296 403 11 16 0.63516617 
203 395 14 18 0.5672639 
295 368 7 10 0.5549046 
332 398 13 16 0.543809 
109 454 14 18 0.5253966 
189 350 9 12 0.5220034 
715 374 12 16 0.5213866 
400 358 9 11 0.50548893 
861 423 18 20 0.4838753 
326 367 9 12 0.47952807 
385 366 9 11 0.47091237 
591 339 8 11 0.45945805 
207 356 8 11 0.4472282 
764 348 10 13 0.44509897 
983 342 7 10 0.44341022 
815 340 9 11 0.43535724 
966 319 6 9 0.4314751 
767 401 12 16 0.4239477 
446 341 8 11 0.42089787 
716 327 10 11 0.4093835 
976 352 10 12 0.4048575 
126 371 9 12 0.39782724 
848 344 7 10 0.39403167 
464 358 10 12 0.39232242 
784 346 10 12 0.3917198 
611 394 13 16 0.38139096 
685 408 16 18 0.37965155 
656 364 11 13 0.37916046 
526 334 8 10 0.37899762 
611 458 16 19 0.3780302 
1011 373 11 16 0.37779918 
737 366 11 14 0.37770307 
413 343 8 10 0.37250203 
704 310 7 10 0.3705501 
310 403 10 14 0.3692636 
733 333 9 11 0.3591408 
152 350 9 11 0.35643905 
455 394 13 16 0.35303673 
114 427 13 16 0.34721792 
422 366 12 14 0.34547496 
895 342 8 10 0.34160805 
428 371 10 12 0.33906487 
393 390 10 13 0.32625917 
81 385 11 15 0.3258744 
761 320 7 9 0.32208076 
632 356 10 12 0.31757373 
656 328 8 10 0.31737253 
706 356 10 12 0.30747062 
863 326 7 9 0.3021881 
454 374 9 11 0.29597965 
112 333 8 11 0.2932407 
278 359 9 11 0.29304102 
656 333 8 10 0.29233015 
184 351 8 11 0.29166391 
717 332 10 11 0.28722927 
759 335 9 11 0.2870502 
554 342 7 10 0.28625667 
429 334 9 11 0.28369048 
252 355 11 13 0.28213066 
109 365 12 13 0.2813223 
708 350 10 13 0.27769923 
606 414 12 15 0.27571312 
0 424 13 23 0.27321252 
389 334 8 11 0.27097604 
78 325 9 12 0.26897165 
892 476 18 26 0.25795704 
220 389 10 12 0.25551587 
1 344 7 11 0.2552915 
998 336 8 10 0.2516285 
478 390 11 14 0.2503471 
982 319 7 9 0.24504149 
634 351 9 12 0.2430446 
1014 333 7 10 0.24206275 
567 319 8 9 0.2409731 
60 319 9 11 0.23868352 
754 383 16 18 0.23806229 
530 350 8 10 0.2326847 
421 360 8 11 0.2322119 
648 380 12 17 0.23021936 
223 359 9 10 0.22764862 
679 350 9 11 0.22387151 
157 367 8 10 0.22025691 
272 336 7 9 0.21961503 
253 350 10 11 0.2184558 
709 345 9 11 0.21804367 
460 390 10 14 0.21767859 
345 419 12 17 0.21606576 
384 410 12 17 0.21480295 
760 341 10 13 0.21338202 
184 334 8 10 0.21332575 
23 398 14 16 0.21257944 
70 453 21 29 0.20124309 
622 341 8 11 0.20110767 
735 398 14 17 0.19987564 
174 365 10 12 0.19422378 
662 349 8 11 0.19286652 
373 350 8 10 0.19096982 
953 343 7 10 0.19092344 
749 359 9 11 0.18964985 
871 341 7 10 0.18922889 
831 357 8 11 0.1885541 
384 361 9 11 0.18730794 
503 344 6 9 0.1866557 
229 360 9 11 0.18640707 
641 326 8 10 0.18623433 
61 355 10 13 0.18542111 
439 351 8 10 0.18500292 
18 360 10 12 0.1849543 
696 333 10 12 0.18390016 
264 372 10 12 0.18280567 
686 319 8 10 0.1821998 
441 342 9 11 0.17960277 
112 328 8 11 0.17904508 
943 334 7 9 0.1788238 
901 367 11 13 0.17811866 
516 359 9 11 0.17733473 
968 272 8 10 0.17650782 
510 481 26 29 0.17545986 
24 473 23 29 0.17242247 
733 328 9 10 0.17241712 
518 328 8 10 0.17166866 
389 370 10 13 0.17139606 
429 328 8 9 0.17062835 
624 336 8 10 0.17057717 
255 344 8 10 0.17029442 
48 336 9 10 0.16864583 
27 378 11 14 0.16716653 
81 482 23 31 0.16621083 
217 359 7 10 0.16379926 
782 328 8 9 0.16331491 
161 325 8 10 0.16211481 
366 372 8 10 0.16169086 
664 310 7 9 0.16098261 
300 399 12 17 0.16024946 
642 367 8 11 0.15976767 
698 381 12 15 0.15943334 
513 363 10 12 0.15912247 
77 365 9 12 0.15751794 
512 328 8 11 0.15744393 
692 404 13 18 0.15342282 
838 332 8 10 0.15334518 
890 343 7 9 0.15203731 
681 327 8 10 0.15173711 
879 352 8 10 0.15083247 
697 373 9 11 0.15023753 
789 344 9 11 0.14874044 
36 513 26 32 0.1482094 
621 410 14 19 0.14772503 
141 412 11 14 0.14758842 
617 342 9 11 0.14751126 
315 403 11 14 0.14631 
789 358 11 13 0.14582428 
70 373 8 11 0.14547113 
296 350 8 10 0.1453591 
31 333 8 10 0.14490347 
783 304 7 9 0.1444504 
186 329 7 8 0.14368945 
959 335 7 9 0.14310433 
309 367 7 10 0.1424621 
669 310 8 10 0.14242235 
614 320 7 9 0.14191662 
404 388 12 16 0.14097638 
425 335 8 10 0.14059055 
200 332 8 10 0.14005996 
95 326 8 10 0.13987538 
847 357 9 10 0.13958775 
517 379 10 12 0.13914396 
999 317 8 10 0.13894942 
142 319 9 11 0.13874337 
441 363 9 12 0.13866977 
159 318 9 11 0.13741234 
234 344 8 10 0.1358133 
717 320 9 11 0.13459116 
535 329 6 8 0.13353176 
239 515 23 36 0.13311076 
79 321 8 10 0.13299057 
999 288 7 10 0.13148004 
56 324 8 10 0.13082492 
687 311 8 10 0.13051601 
799 336 9 10 0.12988073 
640 311 7 9 0.12961245 
810 342 8 10 0.12930551 
152 355 11 13 0.12915942 
262 389 11 14 0.12894033 
264 381 11 14 0.1288128 
408 395 11 14 0.12658475 
260 395 11 14 0.12608786 
983 336 9 11 0.12578166 
215 318 8 9 0.12562792 
302 320 7 9 0.12512203 
591 296 7 9 0.123665236 
358 356 7 11 0.1234757 
212 395 10 14 0.123246886 
87 343 9 11 0.12317185 
585 366 11 14 0.122285195 
913 335 7 9 0.12163647 
339 398 14 17 0.11998221 
177 352 8 11 0.11943813 
105 343 8 11 0.11900137 
582 328 7 9 0.11895388 
486 391 9 12 0.11876509 
374 343 9 11 0.11865629 
493 367 10 11 0.11812457 
26 327 7 9 0.11809963 
775 311 8 9 0.1180981 
455 319 7 10 0.11789066 
334 382 11 12 0.11788877 
134 405 10 13 0.117785394 
46 488 31 33 0.11773829 
404 382 12 13 0.117658496 
608 391 11 14 0.11723842 
361 374 9 10 0.11587808 
1000 313 8 10 0.1148325 
702 326 8 11 0.11473097 
990 351 9 11 0.114608005 
762 325 8 10 0.114188105 
88 334 9 11 0.11391204 
912 359 8 11 0.11363018 
672 325 7 10 0.11291782 
176 357 9 11 0.11286294 
169 341 8 10 0.11269242 
341 367 8 10 0.11202699 
93 304 8 10 0.1109548 
821 336 8 11 0.110582836 
993 289 7 9 0.110257655 
358 352 8 10 0.10935171 
920 336 7 9 0.10919363 
614 400 16 20 0.108910985 
288 319 7 8 0.10870573 
464 326 6 9 0.10855866 
368 327 7 9 0.10705433 
39 349 9 12 0.10664264 
999 293 7 9 0.10606289 
582 351 10 12 0.105706476 
271 402 11 14 0.105017886 
903 348 8 10 0.104854174 
935 294 7 10 0.10453297 
77 404 10 15 0.104231745 
191 344 9 10 0.10404582 
734 342 9 12 0.10294975 
585 335 9 11 0.10290578 
958 326 8 10 0.10284959 
335 367 9 11 0.10266976 
61 311 7 10 0.10196665 
551 357 9 12 0.10172045 
925 335 8 10 0.101387076 
26 362 11 14 0.10136701 
94 334 8 10 0.10124418 
95 380 11 13 0.10077154 
22 343 8 10 0.10072279 
1008 378 13 17 0.10027658 
418 364 10 13 0.1002469 
778 304 7 9 0.1002457 
121 371 9 12 0.100139946 
1013 311 8 12 0.10005266 
574 404 15 19 0.09866595 
222 384 10 12 0.09808584 
614 411 14 18 0.098020524 
81 517 17 21 0.09757986 
995 327 7 10 0.097576 
73 366 9 12 0.09671423 
556 445 15 20 0.09633137 
290 335 6 8 0.095563725 
671 336 7 9 0.095357634 
1014 293 7 10 0.09516078 
645 374 10 14 0.095094174 
30 329 8 10 0.09479006 
662 343 9 11 0.09475952 
609 327 8 9 0.09427877 
646 344 8 9 0.09359172 
687 334 7 10 0.093192264 
614 326 7 9 0.09304826 
865 302 7 9 0.09299781 
153 312 7 10 0.092756204 
408 508 18 23 0.09269587 
423 341 9 11 0.09263426 
977 303 6 10 0.09259317 
223 373 10 12 0.092530824 
624 303 6 8 0.092504226 
562 326 8 9 0.09188585 
298 327 8 9 0.0917363 
190 327 8 10 0.09169647 
671 320 8 10 0.09129588 
863 321 8 10 0.090846404 
961 319 8 11 0.09022582 
399 352 9 11 0.090186894 
932 425 22 29 0.09012838 
930 294 7 9 0.08998735 
223 364 9 11 0.08995428 
558 378 10 13 0.08938674 
557 342 8 10 0.08936935 
110 343 9 11 0.08935029 
656 319 7 9 0.08878049 
757 175 13 16 0.088557206 
631 343 8 10 0.087859794 
110 349 10 10 0.08752906 
384 313 6 8 0.087340735 
412 404 13 16 0.08728601 
618 349 8 11 0.08725886 
169 336 7 10 0.08723603 
18 349 8 11 0.086779065 
807 335 8 10 0.08665282 
206 329 7 9 0.08664161 
824 322 7 9 0.08640129 
920 357 9 12 0.08622638 
565 352 9 11 0.086182095 
271 366 10 12 0.085992076 
457 544 21 31 0.08596229 
22 351 8 10 0.085867025 
722 349 8 11 0.08578185 
100 381 11 13 0.08528837 
887 349 8 11 0.08502445 
738 293 8 10 0.084975235 
492 406 9 12 0.08490578 
288 343 8 10 0.08483473 
778 334 9 11 0.084491216 
14 328 7 9 0.08437469 
409 348 9 12 0.08418065 
503 349 8 11 0.08405695 
681 320 8 9 0.083925426 
793 336 9 10 0.08352432 
328 390 11 14 0.08344734 
626 455 15 20 0.08339133 
911 343 9 10 0.08300321 
920 364 10 11 0.08288239 
871 351 9 11 0.08228682 
203 405 16 19 0.08225405 
758 304 7 9 0.08212428 
9 335 8 10 0.08199806 
103 348 10 11 0.08197451 
747 142 16 20 0.08175458 
369 345 9 10 0.08167341 
954 327 8 9 0.0816521 
217 363 9 12 0.081646875 
143 324 8 11 0.081456825 
390 358 8 10 0.0813179 
16 343 9 11 0.081159174 
127 292 9 12 0.081071936 
980 348 11 13 0.08084689 
369 319 6 8 0.08071339 
1013 288 8 11 0.080224544 
859 327 7 9 0.08016099 
648 349 9 11 0.080119684 
302 325 7 9 0.07995523 
546 413 12 15 0.07944596 
663 289 7 8 0.079238184 
871 357 9 11 0.07923263 
920 341 8 10 0.079127066 
569 312 7 9 0.078786366 
590 317 7 10 0.07873444 
392 351 8 11 0.07867079 
241 325 8 10 0.077557966 
302 343 7 10 0.07754774 
496 348 7 10 0.07749944 
221 394 12 15 0.077434056 
552 349 9 12 0.07695637 
239 366 8 10 0.07640709 
651 386 12 14 0.07631617 
348 454 24 32 0.07577245 
953 349 9 10 0.075725645 
15 389 11 15 0.0756429 
1007 456 14 18 0.075358644 
159 408 16 17 0.075070284 
1009 367 12 14 0.07489298 
808 348 9 10 0.07476505 
305 366 7 10 0.07470904 
266 319 7 8 0.07462144 
989 358 10 12 0.07437216 
800 326 8 9 0.07426172 
946 312 7 9 0.07406959 
39 344 9 10 0.073862456 
247 320 7 9 0.07385502 
563 445 19 22 0.073537536 
697 312 7 9 0.073452346 
167 325 8 10 0.07336852 
270 319 7 8 0.073264994 
448 338 7 9 0.07323349 
810 305 8 10 0.07297356 
744 279 9 11 0.07254826 
453 405 12 18 0.07246823 
128 402 11 14 0.07245803 
186 294 8 9 0.07239825 
45 294 10 12 0.07233155 
503 288 6 8 0.072200894 
639 343 9 11 0.07213777 
958 341 8 11 0.07199258 
211 402 12 15 0.07192297 
895 346 10 12 0.07192275 
591 301 7 8 0.071901575 
681 332 9 11 0.07154594 
818 325 7 9 0.07147432 
512 373 11 14 0.071145914 
913 303 7 9 0.07108988 
888 317 7 9 0.07102443 
80 332 9 11 0.07083974 
486 432 11 15 0.07059327 
822 326 7 9 0.07053886 
489 348 9 10 0.07053774 
665 166 8 11 0.07053758 
543 334 7 9 0.07040701 
353 351 9 12 0.07035722 
957 351 8 10 0.07028119 
834 328 8 9 0.0702615 
341 373 8 11 0.07015729 
385 414 17 21 0.07013861 
867 440 15 18 0.06986255 
825 355 10 12 0.069772765 
525 303 8 10 0.06963015 
233 348 9 11 0.06957038 
384 328 7 8 0.06938217 
985 293 8 10 0.06937527 
77 345 10 12 0.069181226 
103 359 11 13 0.06898543 
865 358 10 11 0.0688999 
480 318 7 9 0.06888944 
610 311 6 9 0.06827322 
1008 288 8 10 0.06822754 
915 378 12 16 0.06816534 
992 294 7 9 0.06812083 
85 347 10 13 0.067926906 
157 371 10 13 0.06787903 
958 356 8 11 0.06779943 
1008 328 9 11 0.06761803 
546 544 21 28 0.06739383 
629 335 8 10 0.06707306 
182 355 9 11 0.06698288 
1015 340 8 11 0.06692717 
20 386 15 17 0.06681502 
759 402 13 15 0.0665218 
207 375 10 13 0.0664711 
224 327 8 9 0.06625991 
743 358 9 12 0.06618872 
5 555 27 34 0.065832 
609 334 7 8 0.06574987 
718 305 7 9 0.06573629 
527 380 10 13 0.06546603 
825 305 6 8 0.064961776 
390 341 9 11 0.06494162 
506 328 6 9 0.06487539 
681 305 7 9 0.06441464 
457 325 7 10 0.06436383 
138 319 8 10 0.0643418 
385 341 8 11 0.06428414 
632 297 6 7 0.06428231 
705 342 9 11 0.06409038 
1001 472 22 37 0.06405012 
802 133 23 30 0.06397348 
927 327 8 9 0.06392297 
567 337 7 9 0.06364829 
800 288 8 10 0.06350495 
718 310 8 10 0.063418195 
647 318 7 10 0.06338611 
264 336 7 9 0.06333904 
576 399 12 15 0.06321001 
445 365 9 10 0.06320949 
71 420 12 15 0.06320949 
450 396 11 13 0.062866025 
576 367 11 13 0.06278701 
352 342 7 9 0.06251513 
751 280 8 9 0.06243069 
87 327 9 11 0.062376574 
337 372 9 10 0.062349495 
551 321 7 8 0.062348355 
982 310 8 10 0.06221579 
46 300 8 11 0.062159915 
70 403 14 17 0.06212121 
792 363 10 13 0.061541732 
1004 392 14 18 0.060927268 
703 319 8 10 0.060921878 
713 321 9 11 0.060913112 
449 411 13 17 0.06088758 
14 334 7 9 0.06079547 
49 325 9 11 0.060514804 
350 408 13 17 0.060492035 
327 361 9 12 0.060339373 
400 365 10 11 0.06013805 
814 305 7 9 0.06003876 
456 352 7 9 0.059872888 
596 361 11 13 0.058645006 
302 467 14 19 0.05863333 
177 337 7 9 0.05858306 
550 325 7 10 0.0584842 
966 313 8 10 0.058449622 
378 412 10 13 0.05833649 
887 313 7 9 0.057858296 
816 595 32 36 0.05775128 
29 480 30 32 0.0577018 
151 317 8 10 0.057633583 
149 344 11 13 0.05759214 
737 288 8 10 0.05755589 
854 311 7 9 0.057328366 
623 413 19 24 0.057180375 
83 475 18 23 0.056853596 
982 325 8 10 0.05684324 
348 543 14 18 0.05644484 
463 320 7 9 0.056429703 
271 327 8 9 0.056285378 
833 332 9 11 0.056148108 
199 393 13 15 0.056069445 
590 313 8 9 0.05602891 
101 319 8 10 0.056009542 
112 318 8 9 0.055994377 
912 327 8 10 0.055966996 
241 373 8 12 0.055938408 
1008 333 9 11 0.055928387 
145 335 7 11 0.055886995 
896 297 7 9 0.05588658 
173 321 8 9 0.055760667 
223 353 8 9 0.055670887 
866 342 9 10 0.05547495 
897 370 11 13 0.05544132 
616 336 8 9 0.05537539 
657 311 7 9 0.055216134 
529 330 8 10 0.05511924 
1013 327 9 13 0.055112563 
951 311 8 10 0.05508689 
168 350 8 10 0.055009175 
296 359 9 10 0.05494914 
527 311 9 10 0.054817796 
872 338 7 9 0.0547451 
279 379 10 13 0.05469571 
657 342 9 10 0.054611802 
472 335 8 9 0.054583374 
776 318 8 9 0.054504283 
118 523 27 34 0.05446988 
660 358 10 13 0.054424755 
675 425 15 20 0.054335702 
690 253 8 11 0.054296438 
8 358 8 11 0.054141536 
671 368 11 12 0.054121513 
192 320 8 9 0.054018952 
698 327 9 11 0.054018892 
158 312 8 10 0.053812362 
187 520 20 27 0.05369321 
512 310 7 9 0.053686667 
807 287 11 13 0.05368485 
752 303 8 11 0.053620156 
732 318 10 11 0.053152233 
678 355 10 11 0.053101785 
928 289 7 9 0.05307909 
267 387 11 14 0.05299924 
912 350 8 10 0.052769814 
505 335 7 8 0.05271826 
696 340 8 11 0.052358493 
697 319 7 9 0.05230247 
452 379 12 14 0.052275207 
149 336 9 10 0.052263416 
378 440 14 18 0.052258503 
1001 255 7 9 0.052223254 
25 334 8 10 0.052214783 
658 306 6 8 0.052015506 
535 333 8 10 0.051949073 
527 342 8 10 0.051891733 
952 335 8 10 0.05186091 
859 454 17 25 0.051777635 
445 358 9 12 0.05172594 
146 349 9 12 0.051572323 
376 358 7 9 0.051485546 
664 293 6 9 0.051462606 
611 442 15 18 0.051419143 
829 352 10 12 0.051413182 
1009 311 8 11 0.05134616 
880 341 7 10 0.051298656 
662 326 8 10 0.051293485 
641 371 10 13 0.0509853 
281 343 7 9 0.05085184 
866 349 9 12 0.050829552 
894 337 8 10 0.050778385 
575 312 7 9 0.050698765 
536 318 7 9 0.050698765 
72 333 9 11 0.050467182 
61 403 15 17 0.050252967 
360 334 7 10 0.05024478 
702 364 11 14 0.050226577 
806 327 7 9 0.05021287 
95 309 8 10 0.050017998 
586 318 7 10 0.049960814 
935 289 7 9 0.04989006 
687 304 7 9 0.049798712 
920 352 9 11 0.049678136 
979 344 10 11 0.049677934 
832 305 7 8 0.049542744 
222 402 10 14 0.049484376 
617 453 19 24 0.049429275 
353 320 6 8 0.049424775 
781 192 10 12 0.049350843 
480 312 6 9 0.04931949 
611 466 21 25 0.049271658 
631 363 9 11 0.049271256 
472 389 11 14 0.049127843 
765 319 8 11 0.049070496 
432 340 8 10 0.048863627 
984 288 8 10 0.04884309 
919 305 7 9 0.048789993 
399 325 7 10 0.04868589 
717 369 11 13 0.048667032 
999 388 13 18 0.04841995 
860 439 17 21 0.04822095 
256 390 12 15 0.047952008 
152 370 10 12 0.04761431 
853 345 8 10 0.047603562 
307 463 17 23 0.04755474 
249 287 8 10 0.047549482 
419 406 13 15 0.047468934 
211 409 12 15 0.047396388 
924 356 9 12 0.047380053 
864 431 18 21 0.04736438 
656 349 9 10 0.04712337 
197 342 9 10 0.047054823 
116 334 8 10 0.04704118 
993 340 9 12 0.046969995 
776 342 8 12 0.046878673 
793 319 8 10 0.04682304 
217 328 7 8 0.04681681 
210 317 8 9 0.046807773 
568 304 7 9 0.0467532 
29 413 10 13 0.04660894 
767 276 8 10 0.0465949 
279 352 8 10 0.046553046 
202 356 9 11 0.04648467 
939 334 7 9 0.046476588 
237 347 8 11 0.04641959 
647 359 9 11 0.046410535 
565 436 16 19 0.0462782 
503 367 8 11 0.046014443 
430 320 7 9 0.046001498 
83 296 7 10 0.04588099 
190 334 9 10 0.04563442 
6 378 11 15 0.045567878 
870 363 9 12 0.04551781 
302 359 8 10 0.04543996 
288 328 7 9 0.045373287 
559 350 9 12 0.0452858 
520 320 7 9 0.045259334 
230 326 8 10 0.0452092 
676 388 11 14 0.045192517 
250 343 8 10 0.045184784 
625 364 9 11 0.045104768 
940 419 17 19 0.04508017 
640 333 9 10 0.044925176 
504 358 8 10 0.0448892 
422 349 8 10 0.044338267 
742 293 9 10 0.04429493 
899 469 13 21 0.04419876 
16 311 7 9 0.04407932 
961 311 7 10 0.043982387 
936 327 8 9 0.043976955 
751 286 8 10 0.043934815 
682 311 7 9 0.043925807 
801 293 7 10 0.043890588 
687 344 7 10 0.043863542 
562 321 7 9 0.043852866 
511 397 12 14 0.04382964 
691 426 14 18 0.04382548 
136 440 14 17 0.04368747 
586 339 10 12 0.04361528 
409 338 7 8 0.043544084 
754 262 7 9 0.043483723 
295 344 8 10 0.04333516 
663 336 8 9 0.04323957 
288 350 9 10 0.04322716 
449 320 8 10 0.042749003 
103 335 8 10 0.042651214 
921 289 6 8 0.042564712 
683 424 15 20 0.042527385 
224 321 7 9 0.042392675 
728 311 9 11 0.042391438 
923 413 13 18 0.0423006 
241 320 7 9 0.042249784 
37 373 10 14 0.04216112 
676 375 12 14 0.04212785 
405 365 9 11 0.042105548 
423 310 7 9 0.042067125 
551 363 10 13 0.041961353 
582 356 12 14 0.041894715 
210 312 8 10 0.04189152 
560 337 8 9 0.04185113 
720 343 10 13 0.041760106 
983 459 21 32 0.041729502 
71 353 12 16 0.04167706 
137 323 10 13 0.041514345 
865 298 7 9 0.041392364 
678 410 14 18 0.041338567 
63 458 17 20 0.041310497 
641 319 8 10 0.04115161 
846 334 8 10 0.04100797 
310 372 8 12 0.040976923 
399 320 7 10 0.040867634 
936 320 8 9 0.04085491 
864 334 8 10 0.04082801 
315 459 17 24 0.040777773 
926 311 7 9 0.04068547 
446 349 9 11 0.040611684 
889 336 8 10 0.04058008 
856 420 15 17 0.040488817 
727 344 9 11 0.040442023 
876 467 29 30 0.040434744 
798 340 8 10 0.04037414 
743 286 9 12 0.04034829 
569 296 7 9 0.04034557 
849 304 7 9 0.04026093 
943 317 8 10 0.040259995 
960 304 7 9 0.040054306 
417 305 7 9 0.04000465 
926 341 8 9 0.0399768 
479 342 9 11 0.039942406 
1007 350 8 10 0.039909616 
169 365 9 12 0.039849736 
831 321 7 8 0.03972928 
145 341 9 11 0.03968357 
5 349 8 11 0.039581418 
578 411 15 19 0.039484095 
762 178 14 17 0.039446693 
761 356 9 12 0.039436646 
985 279 8 10 0.039388902 
481 327 7 9 0.039383423 
910 385 11 15 0.039359782 
425 320 7 9 0.039329614 
334 359 9 11 0.03928968 
952 303 6 9 0.039289214 
343 319 6 9 0.039155204 
239 311 6 9 0.03904249 
685 380 11 13 0.038977403 
920 328 7 9 0.038952786 
665 386 11 14 0.03893882 
290 367 8 11 0.03893872 
102 325 8 11 0.038902994 
545 302 7 10 0.038868524 
769 311 7 10 0.038711064 
920 271 8 10 0.03860439 
112 423 11 15 0.03849567 
984 359 9 13 0.038483974 
800 121 41 49 0.038469296 
367 333 8 9 0.0384052 
332 422 13 18 0.03839202 
327 334 7 8 0.038332097 
671 342 8 11 0.038316663 
43 349 11 14 0.038201533 
983 304 8 10 0.038107753 
594 369 12 15 0.03801727 
174 341 8 10 0.037996713 
902 381 13 14 0.037995715 
985 399 8 10 0.037938554 
76 356 11 15 0.037935928 
253 362 11 14 0.03792117 
904 302 7 8 0.037880138 
565 325 9 10 0.037878823 
118 327 8 11 0.037870746 
794 327 7 9 0.03785851 
928 320 7 10 0.0377706 
232 320 7 9 0.037757777 
648 334 8 9 0.03774306 
597 335 9 10 0.037705265 
920 310 8 10 0.037654053 
422 304 7 9 0.037618473 
417 310 6 8 0.03757391 
408 409 12 16 0.037518512 
473 312 6 8 0.03750577 
810 138 25 28 0.037423715 
303 391 11 13 0.03735944 
429 379 11 14 0.03729406 
569 533 12 15 0.037267633 
943 295 7 10 0.037255753 
415 337 8 9 0.037227046 
300 350 9 11 0.037209332 
275 398 12 14 0.03718745 
22 469 16 24 0.037179947 
977 310 7 9 0.03703448 
5 343 8 10 0.03701893 
900 426 13 17 0.036992263 
763 334 11 12 0.03695193 
439 386 11 14 0.03694763 
924 366 10 11 0.036899783 
641 305 6 8 0.036893807 
447 390 11 14 0.036886107 
535 313 8 10 0.036806975 
585 312 7 9 0.036713976 
185 531 31 42 0.03666259 
881 303 7 8 0.036591254 
329 384 9 11 0.036546852 
111 369 12 14 0.03651018 
480 279 7 9 0.03649385 
503 263 7 9 0.036413137 
405 375 11 12 0.036283396 
806 360 11 14 0.036201194 
137 311 6 9 0.036166366 
831 342 8 9 0.036092866 
387 491 20 26 0.036065478 
49 320 9 10 0.036032163 
709 366 12 13 0.035957545 
325 327 9 10 0.035924587 
89 302 8 11 0.035901535 
842 343 8 10 0.035848092 
879 336 8 10 0.035770517 
711 310 9 10 0.035764076 
840 595 37 45 0.03572969 
897 302 7 9 0.035710942 
607 295 6 8 0.035681605 
848 329 7 9 0.035624925 
874 426 12 17 0.03559297 
53 340 9 11 0.035449583 
30 549 28 45 0.035414897 
726 485 23 30 0.035271004 
899 387 14 17 0.03520009 
32 342 9 11 0.035155196 
472 370 17 23 0.035088062 
555 435 14 19 0.034998003 
966 341 8 10 0.034976233 
119 351 8 11 0.03488754 
118 356 10 12 0.034817018 
534 408 14 16 0.034766056 
880 312 8 11 0.034701273 
214 313 7 9 0.034676306 
38 335 8 10 0.03467519 
63 335 9 11 0.034639925 
493 388 10 13 0.034618393 
48 310 7 10 0.034614228 
662 374 12 14 0.034560755 
91 511 24 32 0.034524895 
143 371 10 12 0.034418534 
303 334 8 10 0.03427442 
903 320 8 9 0.034260876 
234 311 7 9 0.034211364 
246 325 8 9 0.034057323 
390 494 29 32 0.03400425 
456 356 10 12 0.033952065 
904 326 8 10 0.03394944 
225 333 8 10 0.033872 
854 365 10 12 0.03387138 
585 303 6 8 0.033843488 
258 337 7 8 0.03370947 
1 426 21 31 0.03370326 
441 319 7 10 0.033636175 
698 409 14 19 0.03356353 
729 347 17 21 0.03355697 
920 255 7 8 0.03354279 
879 317 8 10 0.033495698 
566 340 9 11 0.03341377 
608 343 8 10 0.033391494 
160 303 7 9 0.033369232 
841 311 7 8 0.033324547 
995 453 22 31 0.03330267 
49 432 20 27 0.033300232 
497 264 7 9 0.033291727 
435 352 8 9 0.03322083 
601 328 6 7 0.03315975 
353 336 7 10 0.03307673 
497 335 7 9 0.03303695 
101 434 11 15 0.03296463 
144 287 8 10 0.032929637 
265 312 7 9 0.032928288 
417 372 10 13 0.032773733 
111 390 11 14 0.032739267 
968 303 8 10 0.032713834 
603 438 17 22 0.032657675 
95 452 18 24 0.032643337 
113 313 8 10 0.032595035 
312 426 13 19 0.032427896 
684 397 13 17 0.032325383 
95 376 10 12 0.03223702 
298 320 7 9 0.032146007 
918 421 20 27 0.032106865 
606 405 14 18 0.032000203 
175 310 8 10 0.031964973 
637 358 10 12 0.031947944 
321 348 9 10 0.031933345 
460 404 13 17 0.031860247 
838 358 8 11 0.031856723 
566 423 16 19 0.031844333 
248 351 19 22 0.031792827 
873 312 8 10 0.031775333 
935 271 7 9 0.031754553 
945 303 7 8 0.031754393 
33 349 9 11 0.031621594 
288 372 9 12 0.03162096 
785 355 11 13 0.031583775 
455 369 9 11 0.031551726 
634 313 7 8 0.031550337 
170 357 9 12 0.03154698 
768 295 8 9 0.03150515 
215 342 9 10 0.03147912 
401 384 11 14 0.031478927 
640 289 7 8 0.03147739 
825 389 13 17 0.031406354 
126 350 8 10 0.03131955 
953 318 8 11 0.031311717 
550 305 7 8 0.03129291 
783 297 7 9 0.031274695 
798 321 8 9 0.031192573 
759 311 8 9 0.031125313 
64 364 11 14 0.031074787 
372 515 25 34 0.030999184 
713 296 8 10 0.030966401 
74 321 7 9 0.030962396 
337 318 8 10 0.030954625 
158 345 10 11 0.030943386 
392 328 7 9 0.030922897 
979 424 15 20 0.030920578 
711 394 11 14 0.030920481 
489 436 12 16 0.0309115 
685 348 9 11 0.030901438 
328 312 7 8 0.030898022 
624 310 7 9 0.030896368 
960 244 8 11 0.030827878 
817 321 8 9 0.030791413 
652 371 13 15 0.030753355 
46 440 14 19 0.030745508 
39 367 9 13 0.030711664 
216 384 10 12 0.030596884 
46 420 13 16 0.030550202 
527 317 8 9 0.030452881 
359 343 7 9 0.030393593 
330 305 7 9 0.03037953 
361 314 6 7 0.030376852 
896 319 7 8 0.030370694 
912 320 7 9 0.030337786 
24 320 7 10 0.030316148 
502 294 7 10 0.030277833 
511 351 10 11 0.030217187 
327 345 7 9 0.030168066 
841 350 9 11 0.030133275 
86 320 8 10 0.030060453 
799 304 7 9 0.030052036 
495 417 12 16 0.030036373 
623 263 7 9 0.030024435 
792 311 7 9 0.029919213 
943 329 7 9 0.029886756 
375 407 10 13 0.029844292 
597 342 9 11 0.029835787 
133 430 13 16 0.02983467 
0 327 6 9 0.029775932 
486 383 10 12 0.029728979 
880 328 8 10 0.029691426 
471 366 10 13 0.029643238 
728 397 14 16 0.029613776 
750 293 8 10 0.029603768 
732 390 14 18 0.029579883 
943 461 25 32 0.029577216 
806 380 12 15 0.02955102 
171 393 15 19 0.029476803 
647 313 7 9 0.029474543 
721 355 9 12 0.02943791 
468 404 11 14 0.029418213 
935 301 8 9 0.029336166 
804 402 12 15 0.029331993 
833 309 7 9 0.029306427 
848 363 10 13 0.029298026 
1009 292 8 10 0.029295398 
849 311 7 9 0.029250527 
776 190 11 13 0.029208902 
872 318 8 10 0.029131092 
973 271 8 10 0.02913015 
498 327 7 9 0.029085524 
7 363 10 13 0.029016787 
216 353 8 10 0.028890684 
965 324 8 10 0.028880827 
375 366 8 10 0.028869262 
203 524 31 32 0.028863447 
231 335 7 9 0.028843751 
751 309 8 10 0.028799739 
340 380 10 12 0.02879896 
983 362 17 22 0.028796485 
936 365 10 11 0.028774215 
713 304 8 10 0.02875815 
945 426 15 21 0.028745858 
336 312 7 8 0.028727485 
732 312 10 12 0.028707987 
39 354 10 13 0.028663306 
118 341 8 11 0.02854747 
53 335 8 11 0.028529821 
669 393 13 19 0.028506327 
68 444 16 19 0.02844896 
200 351 9 12 0.028435118 
767 364 11 14 0.0284319 
440 409 11 16 0.028411068 
912 297 7 8 0.02838959 
551 311 7 8 0.028308408 
505 312 7 9 0.028226728 
897 326 7 10 0.02819163 
951 297 6 9 0.028120441 
184 342 9 11 0.028107869 
215 372 10 14 0.028089417 
903 420 13 17 0.028086081 
38 420 11 15 0.028056905 
215 334 8 9 0.028008036 
677 395 14 17 0.027958428 
777 272 7 10 0.027916007 
742 388 10 15 0.02791109 
409 311 6 8 0.027878275 
518 351 8 10 0.02785324 
487 328 6 9 0.027825493 
665 320 8 10 0.027785368 
605 452 16 22 0.027780235 
57 304 8 10 0.027769217 
871 491 28 30 0.027725963 
354 326 7 9 0.027708083 
110 287 8 11 0.027702304 
1010 325 19 26 0.027640669 
649 255 7 9 0.027610056 
57 404 11 14 0.027595067 
741 351 9 11 0.027546281 
102 375 10 12 0.027539186 
365 397 9 13 0.027480602 
718 141 12 14 0.027420994 
586 296 7 10 0.027410174 
718 295 8 10 0.027398916 
261 355 10 14 0.027391069 
1 335 7 11 0.027382493 
1005 463 17 24 0.027363071 
633 318 7 9 0.027360601 
254 424 16 19 0.027358681 
135 334 8 11 0.027344739 
47 426 14 19 0.027325151 
976 365 9 12 0.027313353 
129 301 8 10 0.027300438 
382 361 19 23 0.027283676 
198 319 7 9 0.027275072 
928 303 7 10 0.0272267 
9 396 10 14 0.027184207 
777 262 7 10 0.02715634 
893 427 14 17 0.027109357 
321 360 10 12 0.026964586 
626 297 6 8 0.026925324 
399 345 7 9 0.026912328 
646 287 6 9 0.026911829 
576 296 7 9 0.02675619 
776 276 7 10 0.026581224 
545 328 7 9 0.026507322 
240 379 10 12 0.026496433 
576 304 7 9 0.026460886 
535 374 10 13 0.0264376 
294 334 8 9 0.026425162 
456 304 7 8 0.026424143 
497 301 7 8 0.02642412 
990 269 8 10 0.026382241 
648 327 7 10 0.02637871 
619 424 17 21 0.026375918 
497 271 7 9 0.02635022 
794 287 8 10 0.02632627 
496 319 8 9 0.026313443 
456 312 7 9 0.026308157 
336 343 8 9 0.02628682 
796 137 16 22 0.026276594 
673 357 9 11 0.026256124 
384 398 10 12 0.026134957 
247 381 10 14 0.026111966 
135 410 12 16 0.02607422 
742 379 11 14 0.025947925 
416 355 19 24 0.025863294 
328 400 12 16 0.025850419 
531 483 16 21 0.025747623 
1006 402 14 16 0.025684448 
39 320 7 10 0.025682883 
910 363 9 12 0.025666444 
118 312 8 10 0.025647283 
415 434 14 18 0.02564098 
512 304 7 10 0.025629774 
871 303 6 8 0.025624841 
94 342 8 10 0.02561179 
14 382 11 15 0.025598722 
476 367 10 13 0.02556289 
30 419 11 16 0.025549645 
72 278 9 11 0.025542488 
783 309 8 9 0.025519205 
345 342 7 10 0.025509562 
829 442 14 18 0.025470687 
263 401 12 15 0.025457669 
738 415 17 19 0.025440881 
102 312 9 11 0.025425894 
184 344 18 24 0.02531787 
624 359 8 11 0.025277425 
379 503 29 37 0.025227621 
501 423 14 18 0.025206547 
47 253 7 11 0.025193835 
774 160 13 17 0.025189763 
379 313 6 8 0.025186475 
622 380 9 12 0.02515327 
360 368 9 11 0.025110766 
1000 358 9 11 0.025102837 
425 419 15 16 0.025068453 
737 278 8 11 0.024996044 
935 278 8 10 0.02499486 
545 357 10 12 0.024982799 
480 296 7 8 0.024920657 
190 502 12 17 0.024850126 
533 380 12 15 0.024844639 
228 279 11 11 0.024769945 
133 476 14 18 0.024721764 
38 327 7 9 0.024644108 
752 396 11 15 0.024352102 
410 389 13 16 0.024321588 
661 426 13 17 0.024278421 
495 360 9 11 0.02426853 
470 394 12 16 0.024264352 
948 475 26 30 0.024259534 
157 418 14 17 0.024225565 
340 390 12 15 0.024164911 
670 306 8 10 0.02412962 
1014 302 9 12 0.024093736 
607 303 7 8 0.024079919 
533 449 17 21 0.024072971 
639 295 7 8 0.024046112 
131 373 11 13 0.024037864 
405 393 18 24 0.02403089 
130 483 24 31 0.024014566 
383 319 7 9 0.023986503 
149 345 19 22 0.023975924 
640 414 14 19 0.023913747 
2 320 7 10 0.02389281 
440 338 9 10 0.02375888 
360 329 7 9 0.023722263 
793 144 43 54 0.023682892 
134 294 8 11 0.023583904 
789 139 14 18 0.023508312 
327 318 8 10 0.023498343 
992 311 8 10 0.023481403 
170 286 8 11 0.02346493 
871 298 7 8 0.02345088 
746 457 27 31 0.023445291 
57 350 10 13 0.023414006 
543 364 11 14 0.023408504 
393 304 6 8 0.02336626 
699 396 14 18 0.023268234 
358 389 13 15 0.023265906 
229 404 9 12 0.023265263 
459 438 12 15 0.023239348 
601 411 12 17 0.023221752 
472 328 7 8 0.023188194 
228 374 10 12 0.023178877 
465 312 7 8 0.023142813 
28 502 26 36 0.023119327 
724 515 28 33 0.023079446 
123 367 18 24 0.023036804 
417 327 8 10 0.023036236 
591 271 8 10 0.023026062 
745 302 8 10 0.02300407 
976 206 8 11 0.022997199 
180 367 11 12 0.022988731 
271 313 6 8 0.022962201 
965 336 8 10 0.022955809 
237 360 9 11 0.022942698 
804 124 15 18 0.022931661 
388 474 14 19 0.022925446 
1008 342 8 10 0.022920676 
576 333 9 10 0.022904133 
799 279 7 9 0.022901712 
547 530 22 28 0.022884779 
541 422 14 19 0.0227999 
510 344 9 10 0.022795655 
727 364 11 14 0.022791097 
536 344 7 10 0.022784473 
757 376 12 15 0.02278356 
904 359 10 13 0.022750175 
623 287 6 8 0.022688989 
401 303 6 9 0.022674795 
632 327 8 10 0.022669554 
799 441 14 18 0.022663228 
558 356 9 12 0.022633122 
555 427 14 18 0.022620995 
631 352 18 23 0.022618134 
605 414 21 24 0.022600336 
512 389 11 13 0.02259275 
492 411 12 16 0.022563282 
199 312 8 10 0.022554347 
488 311 7 10 0.022541374 
958 420 11 16 0.022540776 
1004 268 11 13 0.022536442 
376 327 7 8 0.022490831 
486 420 12 15 0.022454608 
156 399 16 18 0.022449665 
945 411 16 18 0.022388527 
911 375 10 14 0.022374114 
801 397 11 15 0.022349993 
479 334 7 9 0.022344839 
118 396 10 13 0.022331167 
336 336 8 9 0.022277024 
552 337 7 9 0.02224094 
696 350 8 11 0.022221575 
936 360 9 11 0.02221296 
303 312 6 9 0.022192705 
67 37 200 232 0.022176715 
135 303 7 9 0.022112826 
783 320 8 10 0.022067275 
886 304 7 8 0.02201025 
785 134 23 30 0.022003604 
760 278 8 10 0.02200145 
799 311 7 8 0.021996219 
88 372 9 12 0.021990007 
758 362 10 13 0.021983791 
128 333 10 11 0.021964883 
647 304 7 9 0.0219467 
989 452 15 20 0.021942366 
234 304 8 10 0.021936303 
761 273 7 10 0.021896858 
88 308 9 11 0.021883514 
549 426 13 18 0.021881208 
809 131 18 21 0.021874083 
446 381 12 15 0.021850608 
78 394 12 19 0.02183731 
814 359 9 11 0.021833137 
656 164 9 11 0.021826785 
4 571 30 36 0.021814521 
470 454 21 25 0.021811731 
561 305 8 9 0.021788456 
789 373 11 14 0.021764018 
720 158 9 10 0.021725666 
827 140 14 18 0.02169976 
79 502 24 33 0.021688528 
783 344 18 21 0.021675672 
203 347 19 24 0.02167554 
686 374 11 13 0.02166327 
812 462 16 22 0.021662872 
704 346 17 23 0.021633985 
600 349 10 11 0.021617 
132 379 11 13 0.021609394 
96 350 8 11 0.021591716 
47 518 20 24 0.021570332 
511 496 27 29 0.021542443 
1005 254 8 10 0.021520684 
654 321 19 24 0.021498147 
732 409 17 20 0.02147342 
855 386 12 16 0.021461416 
945 340 9 11 0.021459874 
56 313 18 23 0.021361398 
126 357 9 11 0.021358151 
151 326 8 10 0.02133937 
753 178 12 14 0.021338036 
969 350 9 12 0.02133101 
247 336 8 9 0.0213278 
966 373 11 13 0.021316621 
999 365 9 11 0.021259997 
5 246 9 12 0.021202674 
781 140 13 17 0.021189045 
807 268 11 11 0.021166744 
398 372 10 13 0.021129867 
414 379 11 14 0.021095252 
168 385 13 16 0.021083403 
772 141 25 31 0.021071265 
207 362 11 13 0.021070544 
34 528 26 40 0.021052586 
794 277 8 10 0.02104231 
6 320 8 10 0.021015283 
360 380 9 11 0.020999063 
1000 303 8 9 0.02095091 
1011 482 12 21 0.02092671 
845 339 18 22 0.020911722 
913 309 8 10 0.020909298 
694 280 7 9 0.020906907 
881 297 6 8 0.020900475 
608 270 8 10 0.020881789 
741 343 9 11 0.020853529 
750 351 9 12 0.020853171 
291 403 10 15 0.020823179 
394 410 14 17 0.020815603 
762 380 14 17 0.020793248 
125 326 11 13 0.020790184 
1010 294 20 28 0.020782791 
491 397 11 14 0.020779502 
922 430 24 32 0.02075111 
480 303 6 8 0.020719865 
383 425 13 18 0.020698646 
344 336 7 9 0.02068292 
473 340 9 11 0.020675262 
614 384 9 11 0.020652074 
791 304 8 9 0.020648632 
950 378 11 14 0.020642845 
842 318 7 9 0.02063501 
556 387 11 14 0.020632274 
62 238 9 12 0.020629575 
0 379 11 16 0.0206114 
464 287 7 8 0.020606486 
712 321 18 22 0.02059765 
916 430 16 22 0.020589836 
576 357 9 12 0.020582845 
920 294 6 9 0.02053736 
673 349 10 11 0.020515902 
1005 376 20 29 0.020508822 
498 287 6 8 0.020477919 
111 292 8 12 0.020473354 
92 377 20 23 0.02045611 
108 328 20 23 0.020442808 
268 407 15 18 0.020437721 
375 337 8 9 0.02040533 
920 320 7 9 0.020402625 
498 296 7 9 0.02038472 
735 365 18 24 0.020356681 
991 280 8 9 0.020344371 
331 376 20 23 0.020334836 
980 471 17 24 0.020298924 
776 320 20 25 0.02028301 
935 343 8 9 0.020267427 
766 165 12 14 0.02024314 
278 336 7 8 0.020240085 
1008 363 18 25 0.020238979 
847 318 8 10 0.020228202 
934 374 10 12 0.02022621 
303 400 17 23 0.020222392 
243 479 22 26 0.020204 
661 418 14 18 0.020202627 
489 289 7 8 0.020198874 
413 416 12 16 0.020176437 
799 379 10 14 0.020138972 
115 527 17 23 0.020044016 
