2_Demonstration_Political_Rally_2_137
142
13 371 81 123 0.9992119 
396 278 27 34 0.99773693 
906 276 29 36 0.9970619 
231 297 72 96 0.9967585 
758 272 32 41 0.9936208 
304 294 61 94 0.9922868 
651 271 38 52 0.9793615 
417 310 59 81 0.9753817 
931 266 25 32 0.9679446 
715 281 16 19 0.9139876 
789 279 26 35 0.8609647 
-1 308 21 38 0.8209753 
843 274 23 27 0.62179214 
564 320 35 53 0.5836037 
202 283 31 43 0.5028766 
741 333 29 36 0.29016954 
120 351 24 31 0.25641388 
607 320 36 54 0.24539 
1008 280 13 19 0.23229422 
701 301 15 20 0.22611202 
61 308 25 32 0.22396386 
857 297 16 19 0.1882885 
181 282 38 46 0.18448572 
463 280 22 29 0.17121437 
492 167 11 13 0.15343834 
445 289 25 27 0.13458848 
637 161 13 17 0.12703915 
493 326 36 53 0.12486071 
369 330 51 68 0.11652414 
967 300 13 18 0.106106564 
470 279 26 35 0.099886976 
382 278 11 15 0.09284497 
813 346 14 19 0.09262919 
787 341 22 27 0.085245974 
474 335 28 49 0.08313124 
1012 259 10 16 0.07919402 
308 474 52 67 0.07656161 
465 275 16 21 0.073007375 
573 557 16 20 0.067210734 
104 348 30 34 0.065598235 
91 343 27 33 0.059562255 
849 287 19 21 0.059120834 
877 360 16 17 0.054894768 
504 152 8 11 0.054414723 
901 268 26 33 0.05423895 
552 324 29 47 0.053910192 
679 586 19 26 0.053447086 
116 355 17 21 0.05274899 
811 599 14 16 0.04984417 
216 162 11 14 0.04942444 
703 175 10 11 0.048918393 
475 174 9 11 0.04858408 
530 311 26 42 0.048012517 
712 180 9 12 0.0476154 
99 348 14 16 0.0469619 
510 178 13 17 0.046032958 
92 345 15 18 0.044213578 
1011 266 13 22 0.043670326 
134 400 46 61 0.0433803 
93 298 11 13 0.043056455 
111 355 46 60 0.0419484 
793 300 17 23 0.041748956 
123 371 45 65 0.041500155 
449 282 47 57 0.04128814 
899 577 18 19 0.041284498 
371 280 23 28 0.041101404 
623 300 39 56 0.040331956 
395 282 43 52 0.040322423 
189 167 12 14 0.03755019 
669 183 13 17 0.03718271 
458 189 11 12 0.03707752 
889 294 16 21 0.03681981 
537 333 26 46 0.03631253 
186 166 10 13 0.03611217 
581 323 34 51 0.035743136 
754 336 26 31 0.03485039 
913 187 47 62 0.03465979 
21 277 9 13 0.03429517 
431 299 32 34 0.034099497 
805 324 15 18 0.033253536 
1001 309 21 31 0.03251505 
109 352 17 22 0.032436706 
389 321 75 92 0.03191423 
490 171 10 11 0.03144576 
897 265 16 20 0.03139081 
800 341 21 28 0.030769475 
83 338 27 30 0.030572975 
709 175 11 13 0.030116566 
-1 315 31 50 0.030038688 
480 278 31 39 0.029847357 
897 583 25 27 0.02961718 
477 110 10 12 0.02933474 
869 322 23 28 0.029230937 
214 286 33 43 0.02898294 
839 279 16 22 0.02872539 
856 282 18 21 0.027829072 
703 181 10 10 0.02712455 
162 283 37 50 0.02710449 
738 273 14 19 0.026616002 
464 302 45 65 0.026390458 
727 143 9 11 0.02588037 
72 337 47 54 0.025503041 
353 483 54 71 0.025484668 
580 308 29 41 0.025310246 
454 175 12 15 0.025238782 
440 115 10 12 0.025009058 
195 170 12 14 0.024796033 
445 287 15 17 0.02475622 
454 158 10 12 0.024366332 
1014 350 10 15 0.024252912 
507 318 42 55 0.024002396 
343 316 49 66 0.023957388 
375 278 14 17 0.023878912 
570 341 33 48 0.023776906 
599 174 8 11 0.023677614 
333 487 48 69 0.023661783 
1012 156 10 17 0.023377933 
113 482 29 45 0.022825522 
69 469 215 195 0.022766098 
845 603 17 18 0.022728074 
1010 322 12 18 0.022637596 
458 180 12 15 0.022582926 
801 328 23 28 0.022494225 
429 283 13 16 0.022391157 
371 300 44 63 0.022150792 
964 293 13 19 0.022122057 
585 170 10 13 0.021916963 
386 273 25 35 0.02191267 
870 285 12 17 0.021841858 
478 230 48 57 0.021565476 
846 595 16 17 0.021398533 
960 444 8 12 0.02116561 
615 302 30 43 0.02088527 
901 238 11 16 0.020791963 
521 224 9 11 0.020782009 
208 243 13 16 0.020684928 
152 418 50 59 0.020662805 
199 147 9 11 0.020391883 
958 292 12 16 0.020144435 
1009 406 10 13 0.020123107 
457 293 20 24 0.020111585 
190 159 9 11 0.020001423 
