2_Demonstration_Demonstration_Or_Protest_2_367
80
390 244 68 93 0.9978934 
120 260 27 33 0.9974407 
261 276 27 38 0.99508804 
40 274 25 32 0.99291927 
306 303 24 31 0.99007773 
782 350 47 53 0.98190075 
92 260 15 21 0.9797477 
201 272 18 23 0.96395123 
507 248 43 50 0.93296516 
181 306 30 37 0.8661937 
294 281 17 22 0.7736169 
52 252 16 20 0.68126565 
654 246 29 41 0.17170271 
171 292 16 20 0.16068932 
972 370 49 81 0.15748717 
283 278 24 30 0.15301035 
235 277 13 17 0.12406267 
177 299 23 30 0.11818215 
188 301 17 22 0.11290364 
853 351 44 54 0.099402554 
559 45 9 12 0.09000981 
103 239 12 14 0.08776081 
344 283 14 17 0.079273075 
856 223 24 28 0.073636524 
756 210 19 22 0.07179684 
189 313 34 37 0.06257388 
333 306 16 21 0.05290512 
245 197 9 12 0.049354088 
631 298 23 31 0.04762275 
343 283 25 28 0.047553066 
861 233 43 55 0.047212698 
508 217 57 72 0.046153933 
269 271 15 18 0.04612509 
44 270 18 21 0.045071896 
731 364 14 17 0.03898377 
582 37 10 13 0.038815044 
70 250 13 19 0.038029604 
796 217 16 19 0.037588034 
421 672 11 12 0.035859343 
22 256 15 18 0.03577904 
417 661 9 10 0.03558599 
94 252 19 25 0.03508363 
125 122 14 17 0.033624753 
855 403 48 65 0.032877762 
745 378 15 20 0.031536866 
85 251 19 25 0.031520195 
551 266 13 17 0.03149623 
560 37 11 15 0.031165369 
640 269 46 62 0.03114265 
564 31 9 11 0.031130297 
341 165 10 13 0.03079864 
613 243 43 56 0.03057815 
254 283 14 22 0.03037611 
209 319 18 21 0.03033481 
291 268 27 33 0.028773377 
634 250 35 39 0.028753208 
235 278 22 31 0.02753502 
498 181 88 122 0.026699962 
271 292 26 34 0.025839744 
99 242 19 23 0.025503885 
771 154 14 19 0.024898544 
37 251 12 16 0.024455331 
855 373 49 60 0.023969823 
0 570 39 74 0.02386063 
-1 0 20 20 0.023534939 
669 532 16 21 0.022814464 
242 274 16 22 0.02264338 
28 281 25 32 0.022593359 
327 285 12 15 0.022299124 
445 660 12 16 0.022090808 
857 232 30 36 0.02203043 
548 626 34 40 0.021805268 
417 675 12 14 0.021413649 
764 383 17 23 0.021236444 
298 294 23 32 0.020988096 
621 281 31 45 0.020724442 
337 291 24 29 0.020464353 
210 230 9 12 0.020347452 
875 255 32 39 0.020039368 
232 272 12 15 0.020013433 
