2_Demonstration_Demonstration_Or_Protest_2_58
327
786 442 63 80 0.9995926 
451 312 55 75 0.99936146 
149 158 29 36 0.99910945 
514 230 46 62 0.99900323 
314 124 26 33 0.9989655 
652 312 54 74 0.9988833 
590 175 33 37 0.99888223 
86 148 38 43 0.9988427 
284 386 58 79 0.9985734 
44 241 57 66 0.99843353 
162 296 56 76 0.99837035 
300 300 51 63 0.99829346 
29 509 99 106 0.9975038 
767 272 45 54 0.9973834 
836 169 36 42 0.9957445 
869 241 38 49 0.9955266 
963 286 48 54 0.9953987 
159 232 47 56 0.99517727 
334 177 34 44 0.9947848 
697 246 40 53 0.99441826 
-4 165 30 52 0.99424183 
247 245 46 52 0.9929011 
941 193 37 43 0.9919689 
982 148 28 29 0.98520327 
154 111 27 33 0.9839342 
863 116 26 34 0.9833334 
184 88 21 27 0.98309547 
775 193 32 36 0.9747697 
623 267 37 53 0.9615743 
582 567 45 84 0.960722 
374 294 45 51 0.9562507 
211 68 19 26 0.9435443 
318 222 38 47 0.9333102 
162 50 15 19 0.92628187 
125 48 18 24 0.92201656 
113 86 17 21 0.9176631 
105 54 16 19 0.89948297 
691 51 13 17 0.89902854 
695 78 16 20 0.8920748 
77 80 18 24 0.8837311 
825 143 24 32 0.87037605 
190 448 34 40 0.8562319 
46 43 16 21 0.83509576 
250 74 14 18 0.8264565 
904 329 33 54 0.78470474 
385 130 23 27 0.76568615 
768 30 15 20 0.760392 
543 97 15 20 0.7532613 
635 104 20 27 0.7489928 
351 63 14 18 0.7194686 
779 149 20 27 0.65140665 
743 13 11 14 0.61362624 
474 121 14 20 0.6098167 
502 124 15 19 0.56903225 
15 82 14 18 0.54432136 
705 167 24 30 0.50260967 
171 32 15 20 0.45930088 
449 262 25 31 0.4584476 
946 116 22 35 0.45315424 
512 81 12 17 0.44263235 
363 157 26 34 0.42056313 
596 245 36 45 0.4130591 
262 91 12 19 0.39049962 
0 53 10 16 0.3775093 
603 253 41 55 0.35215995 
759 199 15 21 0.35062948 
352 38 10 13 0.3096405 
13 60 12 15 0.30864114 
768 157 28 30 0.26707962 
437 186 21 30 0.2511395 
240 5 11 13 0.24194674 
714 46 9 12 0.22536987 
852 93 10 15 0.22051638 
689 3 12 13 0.21841337 
454 59 11 15 0.21659695 
471 173 23 33 0.20814712 
716 15 10 13 0.2052965 
546 198 35 41 0.19729516 
273 125 26 33 0.19724083 
783 1 11 10 0.18923351 
819 3 13 15 0.18722485 
111 51 20 26 0.1818665 
36 123 22 34 0.18041603 
167 29 13 18 0.17981267 
689 132 12 17 0.17070918 
926 113 12 15 0.16942284 
458 3 10 13 0.16544595 
973 87 10 14 0.1608653 
522 178 15 19 0.1524597 
428 236 26 39 0.14351547 
482 185 13 18 0.14009906 
568 130 22 28 0.13307032 
10 180 27 36 0.12443649 
253 29 23 35 0.124292165 
324 1 12 12 0.12391561 
882 155 24 31 0.11890218 
683 185 30 37 0.117084414 
147 80 16 20 0.116837434 
26 186 15 22 0.11484541 
1 81 16 21 0.10603228 
85 58 14 18 0.099083 
840 92 11 14 0.08993464 
916 321 28 49 0.08794438 
471 76 8 10 0.08616625 
745 52 10 14 0.084531575 
694 164 24 32 0.083827764 
254 40 13 21 0.08322779 
180 215 31 39 0.07716241 
4 51 11 16 0.075003766 
930 114 13 18 0.07448124 
104 253 38 54 0.073964655 
847 54 11 13 0.07390226 
6 18 25 28 0.073686115 
515 174 26 33 0.07235941 
358 135 12 15 0.07169216 
803 181 23 33 0.07101696 
498 48 8 9 0.070198484 
449 99 10 14 0.068337835 
998 225 19 28 0.066935584 
158 258 52 70 0.06650922 
7 58 13 17 0.06549039 
253 82 19 26 0.06419279 
558 135 12 15 0.06393703 
564 137 16 21 0.06369139 
493 77 9 10 0.06346743 
460 170 26 38 0.0629896 
377 134 24 30 0.06269093 
296 1 11 12 0.06267222 
709 117 11 13 0.06159453 
526 214 47 61 0.06027757 
787 140 15 24 0.060070198 
24 190 22 30 0.05953355 
437 243 27 38 0.059459493 
759 184 24 32 0.059039954 
3 21 18 21 0.058232397 
172 96 17 22 0.057495814 
454 258 17 22 0.05630459 
460 153 16 18 0.055695117 
764 161 20 21 0.055158664 
506 119 16 19 0.053877153 
693 175 36 43 0.05370234 
466 126 22 30 0.05362803 
204 2 14 15 0.05345082 
359 98 12 17 0.053407766 
262 22 25 38 0.053216703 
356 4 10 12 0.052300766 
551 135 11 15 0.05178725 
628 290 38 53 0.051605467 
703 28 8 10 0.05125732 
573 178 37 45 0.05102205 
942 116 14 23 0.050719365 
86 220 29 44 0.049484212 
247 41 12 18 0.049361255 
840 315 34 54 0.049092066 
161 28 12 16 0.04799728 
546 313 27 38 0.04602977 
426 165 11 14 0.045406815 
820 129 26 34 0.04491044 
577 238 38 54 0.0446757 
818 7 16 20 0.04448667 
338 223 26 36 0.0438527 
147 70 14 16 0.04378815 
541 139 12 14 0.04342839 
282 5 13 15 0.04297259 
685 204 30 35 0.042438705 
893 79 10 12 0.04182407 
78 73 15 20 0.041140445 
576 133 25 32 0.040874783 
261 129 22 30 0.040312998 
464 124 15 18 0.040257465 
844 89 19 25 0.039950427 
676 80 14 19 0.03949199 
511 186 30 37 0.03923525 
211 249 11 14 0.03909473 
400 297 37 47 0.039038494 
523 167 25 32 0.038821694 
968 89 12 15 0.03868791 
820 16 15 20 0.038514808 
742 58 11 15 0.038416058 
94 58 12 17 0.038387675 
128 263 28 41 0.037830815 
888 80 10 13 0.037779015 
82 68 16 21 0.037342567 
93 248 37 46 0.036373198 
538 122 14 19 0.03605108 
701 3 11 13 0.035985082 
726 53 12 15 0.035969373 
495 128 13 18 0.035812814 
594 139 16 18 0.03562509 
715 174 26 36 0.03527787 
317 37 39 49 0.03507749 
978 129 27 39 0.034978967 
149 105 18 22 0.034867164 
736 193 12 18 0.0340489 
9 58 19 24 0.0338747 
23 33 12 16 0.03387042 
402 136 14 20 0.033528496 
370 148 18 21 0.033316523 
872 161 27 35 0.03320488 
777 0 12 12 0.033111524 
845 125 34 37 0.032956157 
512 73 10 14 0.03285829 
476 123 20 27 0.032643728 
276 23 16 23 0.032531835 
671 4 10 11 0.032417376 
548 74 11 14 0.032262124 
460 137 23 30 0.03181535 
238 39 15 18 0.031739663 
365 299 31 39 0.031703405 
740 8 19 23 0.031580154 
175 35 20 25 0.031414885 
913 130 12 17 0.030711044 
782 235 30 37 0.030645056 
645 78 10 14 0.030357266 
585 275 46 59 0.029895792 
892 150 15 18 0.029685752 
452 96 8 12 0.02967404 
861 94 12 15 0.02958066 
270 6 11 13 0.029521741 
310 52 13 18 0.02940742 
768 8 11 11 0.029355431 
711 5 11 13 0.029147388 
512 413 43 58 0.029127117 
333 60 12 17 0.029093357 
893 98 13 17 0.028909259 
724 21 11 14 0.028817639 
736 20 12 15 0.028514642 
449 185 15 23 0.028403973 
838 95 15 20 0.028354798 
345 43 12 15 0.02827802 
1014 93 9 14 0.027925739 
149 84 21 25 0.027919838 
126 40 13 15 0.027400237 
716 49 13 16 0.027371854 
178 30 13 17 0.027171992 
513 88 14 18 0.027154813 
701 45 11 15 0.02654656 
18 62 15 18 0.02648207 
696 23 10 12 0.026428284 
242 128 20 30 0.026147263 
823 25 12 17 0.026105892 
717 26 11 15 0.02604879 
276 145 25 30 0.026018007 
377 154 16 21 0.025929943 
741 278 23 31 0.025764724 
254 136 15 19 0.025573803 
583 145 26 29 0.025327178 
540 112 14 20 0.025314976 
394 228 21 35 0.025216475 
694 68 22 25 0.02506689 
534 191 33 36 0.025005702 
866 110 18 20 0.02496551 
512 97 11 14 0.024889536 
315 49 25 33 0.024759816 
193 83 17 22 0.024687054 
796 191 27 33 0.024682038 
516 118 13 16 0.0245588 
843 149 41 53 0.024538154 
452 174 22 33 0.024492906 
304 214 38 49 0.024459084 
294 60 13 18 0.02440804 
761 165 27 32 0.02428275 
-1 46 16 27 0.024142196 
813 -3 22 24 0.024012068 
713 10 17 22 0.023908637 
348 32 18 26 0.023886055 
736 59 11 14 0.02385543 
732 186 22 30 0.02375559 
726 130 16 21 0.023754029 
16 26 22 28 0.023697793 
316 53 16 20 0.023688734 
774 4 11 13 0.023672128 
942 109 11 15 0.02354457 
351 134 21 25 0.023543498 
498 200 31 41 0.023543216 
557 141 16 22 0.023512999 
198 8 15 18 0.023354696 
0 80 10 16 0.023243623 
742 24 14 17 0.023228744 
683 158 24 32 0.023223702 
858 477 44 60 0.023179825 
901 101 10 14 0.02312432 
320 218 19 21 0.022976134 
706 187 30 38 0.022947112 
844 103 15 18 0.022941343 
821 598 49 47 0.022768417 
564 193 29 36 0.02260998 
363 390 35 52 0.022591697 
50 126 24 33 0.022391649 
687 0 19 20 0.022303907 
207 62 15 17 0.022224924 
149 228 14 19 0.022189308 
771 163 32 40 0.022129968 
833 127 30 35 0.021956066 
81 54 13 16 0.02186278 
502 111 11 13 0.021749323 
94 270 36 40 0.021741066 
437 266 34 40 0.021734707 
1 14 18 19 0.021571992 
772 198 20 25 0.021565275 
778 211 30 35 0.021455634 
534 138 13 16 0.02129558 
640 72 8 11 0.02125348 
245 119 16 22 0.021142809 
453 54 17 24 0.021088107 
433 218 26 40 0.021081468 
326 65 14 18 0.021048632 
466 77 9 11 0.020974109 
724 14 11 13 0.02092963 
724 185 14 19 0.020814529 
749 140 21 34 0.02076963 
748 190 21 29 0.020711614 
831 91 12 16 0.020708438 
382 28 8 11 0.02068773 
524 163 15 20 0.020613192 
394 138 16 22 0.020605557 
694 158 15 20 0.020485636 
95 54 20 26 0.020418698 
843 48 22 26 0.020409517 
486 48 7 9 0.020317355 
353 142 25 30 0.020193085 
352 1 12 12 0.020152219 
712 28 11 14 0.020149598 
187 218 19 23 0.020072993 
478 77 8 11 0.020043025 
762 244 41 53 0.020007381 
373 160 28 36 0.020006359 
