2_Demonstration_Protesters_2_531
3124
171 511 17 21 0.9959527 
606 328 15 21 0.99537694 
972 219 14 17 0.9937761 
751 361 15 19 0.9937117 
493 444 18 22 0.99186665 
643 479 17 22 0.9916202 
740 332 15 18 0.99161315 
978 434 18 25 0.9898868 
844 413 17 21 0.98907065 
39 285 13 17 0.9888898 
617 433 18 24 0.987927 
155 472 17 23 0.9873542 
696 322 14 18 0.9868122 
279 326 16 20 0.9862519 
793 392 16 20 0.9856184 
749 488 16 20 0.98446006 
453 320 14 18 0.98423195 
191 431 16 22 0.98385125 
91 278 13 17 0.983001 
125 539 19 23 0.98275363 
602 456 18 23 0.98226213 
116 509 18 23 0.9817192 
570 307 13 17 0.9816126 
134 302 15 18 0.9811029 
822 230 13 17 0.98108613 
283 500 18 22 0.98105925 
989 263 13 17 0.9806137 
470 280 14 18 0.9798681 
365 582 21 25 0.9770562 
233 489 17 23 0.9770487 
120 473 18 21 0.97672117 
627 388 15 20 0.9764326 
841 265 15 17 0.9759902 
94 240 13 17 0.97592497 
420 337 13 17 0.9755786 
312 491 19 23 0.9739033 
205 188 12 15 0.973813 
565 278 13 17 0.973559 
636 236 13 17 0.9735434 
586 492 18 23 0.97255725 
399 251 14 17 0.97207063 
20 361 18 24 0.97158176 
570 549 18 24 0.97035384 
933 262 13 16 0.97029614 
347 414 16 19 0.97027695 
455 510 19 23 0.9689352 
653 315 14 17 0.96812105 
847 196 12 16 0.9677871 
11 414 16 20 0.96507794 
835 313 14 17 0.9643528 
81 460 19 23 0.9628977 
989 388 18 23 0.96169436 
107 582 18 25 0.9616365 
928 540 21 27 0.960761 
903 364 16 19 0.9582473 
160 642 22 25 0.95762 
959 314 14 17 0.95742506 
605 243 13 17 0.9572221 
247 473 16 21 0.95690584 
339 214 12 16 0.95644677 
895 406 17 22 0.95550686 
829 402 16 19 0.9551203 
22 243 13 16 0.9549521 
14 567 20 25 0.95431054 
866 463 19 22 0.95422435 
667 234 13 16 0.9529564 
356 302 15 17 0.95241183 
465 480 19 25 0.95224166 
830 189 11 14 0.9521419 
747 171 12 16 0.9519632 
677 141 10 13 0.9516667 
1003 579 18 25 0.95099026 
412 230 11 15 0.9509216 
655 262 14 18 0.9500769 
53 317 13 17 0.9491554 
134 250 12 16 0.9486573 
368 243 12 16 0.94821364 
405 475 19 24 0.9473698 
862 179 13 16 0.94658387 
480 426 14 18 0.9450676 
961 422 15 20 0.9444023 
377 425 15 19 0.94321615 
348 449 16 19 0.9415854 
958 238 13 17 0.9401143 
273 465 16 20 0.93950206 
264 275 14 17 0.9394604 
1005 225 14 17 0.93909407 
632 409 17 20 0.93754697 
899 264 14 17 0.9366099 
412 523 20 24 0.93558514 
785 485 18 25 0.93505466 
20 435 17 21 0.9344844 
879 538 19 26 0.93389064 
615 303 15 19 0.9338719 
867 249 13 16 0.9316712 
452 237 13 15 0.93143356 
785 437 16 22 0.93138 
399 506 17 22 0.93035156 
678 197 13 17 0.9298345 
700 413 16 20 0.9296272 
429 414 17 19 0.92760783 
682 474 17 22 0.92706203 
126 217 12 16 0.92679644 
766 539 21 24 0.92666847 
774 261 12 16 0.9260237 
502 226 13 17 0.9251885 
226 651 21 25 0.92344403 
142 405 19 24 0.9222488 
496 195 13 15 0.9179936 
498 285 14 17 0.9174437 
275 183 11 15 0.91511697 
61 492 17 22 0.9103883 
592 263 13 16 0.90907955 
70 205 12 15 0.9083769 
918 482 18 24 0.907805 
50 372 14 18 0.9075812 
742 109 11 13 0.90556186 
882 235 12 15 0.90298665 
70 314 13 18 0.89926004 
237 285 13 16 0.89709175 
796 268 13 15 0.89657474 
140 621 17 24 0.8949016 
246 372 15 19 0.89422125 
685 447 15 20 0.8932125 
453 205 12 14 0.8924804 
772 122 11 13 0.8900746 
888 189 13 18 0.8866774 
716 270 13 17 0.8854782 
975 299 13 16 0.88434213 
295 651 20 26 0.88230616 
414 445 17 21 0.8777833 
651 390 16 20 0.8772773 
809 356 15 20 0.87726897 
680 388 17 20 0.8771442 
517 461 19 22 0.87372726 
750 421 17 21 0.8731841 
666 543 15 25 0.87229574 
540 216 14 18 0.87158734 
810 255 13 16 0.87046474 
942 222 14 16 0.8692984 
788 570 14 19 0.8665319 
710 300 13 16 0.8628995 
584 327 14 18 0.8621075 
582 287 12 16 0.862062 
410 158 10 13 0.861694 
469 372 13 16 0.8598699 
242 228 12 15 0.8596726 
344 286 12 15 0.85745347 
723 250 13 17 0.85266703 
584 206 11 14 0.8524769 
-1 605 13 23 0.8519788 
245 118 9 12 0.84424955 
958 180 12 16 0.843819 
776 284 13 16 0.8430578 
793 118 12 15 0.84246063 
474 405 14 17 0.84031314 
198 253 13 16 0.8402738 
997 319 13 16 0.83950216 
907 186 12 16 0.83813345 
874 141 11 15 0.83613366 
296 386 16 18 0.8330726 
266 573 16 21 0.83016366 
990 164 13 16 0.82827926 
925 330 13 17 0.8270142 
422 132 9 12 0.82340103 
379 261 12 16 0.8203013 
897 309 13 16 0.8169716 
683 173 11 13 0.8154478 
800 289 14 17 0.8138182 
787 326 14 16 0.81345254 
501 315 13 18 0.8133205 
618 358 16 19 0.811906 
116 322 13 16 0.80951875 
334 511 20 23 0.8035605 
822 131 10 13 0.803264 
22 474 15 19 0.802165 
33 165 10 13 0.80162394 
95 422 15 21 0.7956911 
757 318 12 16 0.79408747 
810 435 18 20 0.7939713 
355 157 11 15 0.79039145 
552 180 11 13 0.7901514 
236 183 12 14 0.78620774 
184 210 13 15 0.78131914 
743 72 10 12 0.7748337 
39 317 13 17 0.77315605 
663 354 13 16 0.76770127 
425 209 13 16 0.76718307 
731 198 12 16 0.76668745 
485 148 9 12 0.7650479 
346 341 15 16 0.76453173 
356 223 12 14 0.7612523 
526 302 13 17 0.7605716 
354 477 17 20 0.7568357 
708 168 11 14 0.753856 
659 51 12 14 0.7461635 
150 325 14 16 0.745918 
476 315 13 15 0.74590933 
280 435 16 21 0.74267614 
670 21 9 12 0.7422672 
677 119 11 14 0.7378833 
777 455 16 20 0.73761326 
321 225 12 16 0.7311056 
635 213 12 16 0.7301963 
519 93 7 10 0.7292793 
278 141 10 12 0.7284197 
700 142 9 13 0.726173 
228 245 11 14 0.72499007 
38 354 14 18 0.72102183 
758 92 10 13 0.71766484 
516 566 19 21 0.7141179 
744 248 13 16 0.71405715 
897 170 12 15 0.70964414 
518 503 15 20 0.7091166 
895 111 8 11 0.7055228 
423 301 14 16 0.7048309 
842 331 15 18 0.7046284 
154 286 13 16 0.70452785 
903 78 8 11 0.7040734 
438 116 9 12 0.70253736 
813 106 11 13 0.70195454 
407 198 12 16 0.69792014 
203 311 15 18 0.69283533 
943 94 9 11 0.69222087 
248 308 13 17 0.6895966 
872 224 13 16 0.6865972 
0 325 9 15 0.6804951 
668 433 15 21 0.6755268 
756 405 16 20 0.67341065 
307 212 13 15 0.66894364 
681 246 13 16 0.6674801 
357 137 9 12 0.6668188 
184 166 10 12 0.6652978 
583 244 10 14 0.6635607 
287 163 11 13 0.66141516 
296 186 10 13 0.6607054 
294 143 9 12 0.65912336 
875 442 17 21 0.6575427 
712 117 11 14 0.6547648 
344 395 12 16 0.65393376 
175 238 11 14 0.6516477 
679 16 9 10 0.6480192 
472 350 10 13 0.6450507 
991 183 12 15 0.64208686 
734 25 9 12 0.6394872 
268 155 10 13 0.6378274 
850 363 13 16 0.63443834 
889 383 15 19 0.6332054 
62 258 13 16 0.62978756 
278 226 10 14 0.62967235 
12 206 11 13 0.6250107 
814 86 10 13 0.6231121 
768 95 9 12 0.621546 
732 231 11 15 0.61171705 
896 292 13 17 0.6114734 
201 297 14 17 0.6090488 
105 265 12 15 0.60886884 
127 382 13 17 0.6086757 
319 176 13 16 0.60866237 
434 117 9 12 0.6069345 
987 339 14 17 0.60376656 
566 7 7 9 0.60136247 
270 63 9 11 0.5990793 
418 280 14 17 0.59437186 
47 229 10 14 0.59099025 
77 159 10 13 0.58513314 
757 119 10 12 0.5838448 
22 518 16 19 0.58084005 
767 227 13 16 0.577283 
210 272 13 16 0.57245994 
675 281 16 17 0.57155216 
263 80 8 10 0.5624194 
328 241 12 16 0.5622962 
637 95 9 12 0.5601164 
623 110 10 14 0.5597931 
388 120 9 11 0.55912447 
0 288 8 14 0.55307543 
98 214 11 14 0.5472482 
456 353 12 16 0.54562986 
417 380 17 20 0.5417357 
667 370 13 17 0.54083616 
381 207 9 12 0.53804463 
319 56 8 11 0.5377882 
318 113 9 11 0.5326478 
161 143 9 11 0.5282689 
280 105 10 12 0.5264118 
210 94 8 10 0.5234506 
365 93 9 12 0.51329094 
518 320 14 17 0.5094876 
939 160 13 14 0.5061424 
317 254 12 15 0.5037415 
648 78 9 12 0.49460116 
633 300 11 15 0.49088505 
457 222 11 14 0.4897982 
767 219 13 17 0.48891327 
226 127 9 11 0.48291835 
582 94 11 12 0.47902265 
682 201 13 16 0.47410867 
228 219 11 13 0.4728436 
498 103 8 10 0.46966463 
457 139 11 13 0.46902728 
538 101 8 11 0.46806622 
805 24 10 12 0.46532026 
453 230 13 16 0.46478823 
659 117 10 12 0.46400395 
127 195 10 12 0.4613495 
656 112 11 13 0.4551243 
272 86 10 11 0.45458993 
897 78 7 10 0.44821548 
670 419 16 20 0.44727942 
209 119 8 10 0.4470632 
345 71 9 10 0.44609597 
241 155 10 12 0.44441724 
3 348 15 19 0.44311973 
849 243 13 15 0.44188735 
640 124 11 13 0.43999764 
716 91 11 13 0.43880963 
231 141 9 12 0.43710306 
394 140 9 12 0.43563724 
3 450 16 19 0.43476972 
642 31 8 11 0.43446624 
724 303 12 14 0.43441203 
800 189 10 13 0.43215653 
424 111 8 11 0.43070462 
112 105 9 11 0.42735487 
259 259 12 15 0.42602292 
784 93 10 12 0.4250248 
631 341 12 16 0.42155263 
912 103 8 11 0.4206538 
689 31 9 12 0.42017967 
781 78 8 11 0.4200917 
975 88 8 10 0.41685295 
22 612 22 28 0.41564438 
702 9 8 11 0.41542423 
499 370 13 16 0.41538885 
966 281 14 16 0.41481808 
995 642 17 27 0.4118526 
621 190 9 12 0.41078815 
391 104 8 9 0.41039288 
644 184 10 12 0.4048193 
318 77 8 11 0.39940554 
727 284 14 16 0.3983001 
197 127 8 11 0.3939371 
2 499 14 18 0.38576052 
782 86 9 12 0.38550043 
535 320 13 16 0.38316178 
856 164 11 14 0.37975347 
491 126 8 11 0.37800857 
544 120 9 11 0.37800646 
716 302 12 14 0.3776117 
622 85 9 12 0.37737745 
475 465 18 22 0.37592658 
189 165 9 11 0.37210917 
171 221 12 14 0.3711965 
760 150 9 11 0.37051633 
884 211 13 15 0.3683711 
590 111 11 14 0.3664875 
534 524 16 21 0.36564648 
153 512 16 19 0.36202097 
502 87 7 10 0.35998318 
294 116 9 13 0.35232842 
328 30 7 9 0.35196286 
310 92 9 12 0.35173345 
473 230 8 12 0.3515474 
551 89 8 10 0.3502311 
684 15 8 10 0.3496619 
445 85 8 10 0.3465022 
389 191 12 13 0.346102 
448 102 8 10 0.34294242 
670 304 15 18 0.34202802 
918 108 9 11 0.34191146 
63 184 10 13 0.3405771 
820 205 11 14 0.3344962 
222 324 13 17 0.3342538 
261 324 14 17 0.33198747 
592 182 10 14 0.32961798 
625 46 9 12 0.3291748 
349 111 10 12 0.3291339 
300 255 11 14 0.32772806 
567 92 8 10 0.32747418 
783 205 10 13 0.32533646 
837 138 11 14 0.32146752 
999 157 11 14 0.31860143 
95 80 7 10 0.31452227 
137 148 9 11 0.3142377 
777 15 10 13 0.3120268 
623 284 12 14 0.31122634 
117 173 9 12 0.3102959 
461 89 8 9 0.3098848 
327 72 6 9 0.30517587 
566 469 13 15 0.3046559 
994 6 8 10 0.30215597 
753 118 9 12 0.30078864 
718 16 9 12 0.30022693 
609 54 9 11 0.299962 
375 126 8 10 0.29962787 
693 119 9 12 0.2952175 
89 62 8 12 0.29463354 
984 119 8 11 0.2933439 
514 119 8 10 0.2919893 
327 346 12 16 0.29024705 
826 357 11 15 0.28987488 
574 104 9 11 0.2893206 
1004 102 10 12 0.28705823 
504 172 10 12 0.2867383 
559 73 7 10 0.28392705 
244 328 15 18 0.28282136 
539 316 13 17 0.28066093 
501 104 8 12 0.27970546 
712 191 12 15 0.2788625 
176 128 8 12 0.2773418 
419 574 14 21 0.2735189 
401 78 7 8 0.27294013 
1012 419 10 15 0.27262464 
46 317 12 16 0.2715841 
246 101 8 10 0.269698 
230 249 12 15 0.26919058 
303 46 8 10 0.26911545 
666 377 13 18 0.26498458 
164 191 11 14 0.264711 
334 87 10 11 0.26390734 
712 87 11 14 0.26375845 
633 54 10 12 0.26171824 
136 457 14 18 0.26078004 
371 382 13 16 0.26009554 
167 347 13 17 0.25920224 
277 430 15 19 0.25803047 
2 189 9 13 0.25691336 
334 136 8 10 0.2561957 
301 167 9 12 0.25560462 
636 60 10 13 0.25531718 
365 349 11 15 0.25500765 
45 395 15 19 0.2544864 
549 6 7 9 0.2544481 
815 73 9 11 0.25417715 
212 496 12 17 0.25203913 
224 215 10 14 0.25117812 
994 162 13 15 0.24951911 
426 86 7 9 0.24897519 
833 112 9 12 0.24767151 
756 330 13 16 0.24696739 
214 258 12 15 0.2464212 
328 142 9 12 0.24353117 
57 295 12 14 0.24197672 
834 292 14 16 0.24153493 
496 353 13 16 0.24093907 
868 329 13 15 0.24017432 
13 92 10 12 0.23942614 
961 110 10 12 0.23895395 
366 173 9 11 0.23663758 
550 119 9 11 0.2364894 
229 132 9 11 0.23422344 
865 119 10 12 0.23412903 
517 23 7 10 0.23322366 
50 193 13 16 0.23320135 
710 62 10 12 0.23175633 
672 17 10 12 0.23170272 
525 78 8 10 0.23118745 
638 190 9 12 0.23105797 
573 117 8 11 0.23064865 
331 124 8 11 0.23026118 
5 62 9 11 0.22981083 
614 117 10 12 0.2291629 
880 273 12 15 0.22833483 
608 6 9 10 0.22789234 
20 157 9 13 0.22755586 
73 222 11 15 0.2273762 
597 231 11 13 0.22726625 
221 172 10 13 0.22594276 
536 97 8 10 0.22496735 
610 495 16 20 0.22489873 
704 23 9 12 0.22425123 
391 88 7 10 0.22387388 
628 324 10 14 0.22185344 
182 301 10 14 0.2207645 
848 87 8 11 0.22024678 
731 361 14 18 0.21908166 
573 111 8 10 0.21872403 
354 345 15 17 0.2185065 
432 191 10 12 0.21727718 
1014 377 11 16 0.21582119 
696 96 10 11 0.21493688 
216 157 9 10 0.21342804 
937 1 9 8 0.21312349 
129 282 15 16 0.20938347 
885 99 9 11 0.20820034 
262 622 9 12 0.20779435 
543 77 7 9 0.20770329 
518 417 12 16 0.20741948 
747 191 11 13 0.20629369 
851 145 15 16 0.20607626 
1 157 9 15 0.20548595 
116 329 13 17 0.2053639 
86 308 13 16 0.2052622 
794 151 9 11 0.2048629 
801 80 8 11 0.20432997 
782 165 8 12 0.20328961 
847 104 9 10 0.2008652 
513 110 7 10 0.20083475 
669 87 10 12 0.19951504 
725 47 10 12 0.19923492 
24 315 12 15 0.19832821 
992 2 9 9 0.19777444 
168 214 10 13 0.19757962 
94 143 10 13 0.1956559 
95 119 8 11 0.19499075 
286 76 9 11 0.19461305 
862 76 8 11 0.19366471 
897 299 14 18 0.19336991 
817 11 8 11 0.19273046 
407 332 10 13 0.19207463 
853 109 8 11 0.19157313 
1008 256 11 14 0.19125138 
177 6 8 10 0.19105503 
822 302 11 14 0.19080764 
174 309 12 16 0.19050269 
767 118 12 14 0.19025314 
870 447 20 25 0.18999624 
470 125 9 11 0.18940029 
369 71 8 10 0.18900307 
367 38 7 9 0.18790846 
526 191 9 11 0.18784955 
729 5 8 9 0.18719245 
535 213 14 16 0.18716468 
617 195 10 13 0.18691137 
285 202 10 13 0.18651108 
577 229 10 12 0.18451841 
463 110 6 9 0.18442024 
262 118 9 11 0.18347494 
5 150 9 13 0.1833969 
229 102 8 10 0.18290357 
616 68 9 10 0.18256232 
686 119 11 13 0.18246058 
601 96 9 11 0.18208078 
489 79 8 11 0.17988652 
163 388 11 15 0.17948438 
94 171 11 13 0.17915596 
742 47 9 10 0.17842244 
286 110 9 11 0.1783087 
447 80 8 10 0.17821784 
647 11 11 13 0.17748605 
517 137 8 10 0.17610756 
45 52 8 10 0.17551996 
472 101 8 10 0.17483307 
181 128 8 11 0.17420189 
596 203 12 15 0.17392887 
1013 325 10 13 0.17360891 
760 155 10 13 0.17345005 
664 70 10 12 0.17263302 
471 73 8 11 0.17256497 
597 112 12 14 0.1716619 
815 77 11 14 0.17149752 
478 195 10 13 0.17130613 
302 101 8 10 0.17097685 
572 490 13 18 0.17034535 
759 0 9 9 0.16986784 
276 385 16 18 0.16945301 
512 135 9 11 0.1691995 
252 363 16 20 0.16882947 
255 254 12 15 0.16858268 
213 120 9 11 0.16846858 
487 119 9 10 0.16786529 
312 8 7 9 0.167586 
473 96 9 11 0.1673981 
848 109 9 12 0.1669285 
567 483 14 20 0.16656289 
424 102 8 11 0.16624616 
964 143 10 12 0.16614115 
1008 345 12 17 0.16611363 
141 145 9 11 0.16519089 
670 70 8 12 0.16477896 
719 174 10 12 0.16471866 
549 140 10 12 0.16413374 
472 310 13 16 0.16404527 
254 323 13 17 0.16404462 
56 255 12 14 0.16391613 
26 309 13 16 0.16377819 
615 64 8 10 0.16201791 
1007 108 9 12 0.16177844 
173 40 8 11 0.15991685 
820 148 12 13 0.15975977 
631 135 10 12 0.15886511 
704 110 9 12 0.15740556 
305 95 8 11 0.15680583 
995 246 12 13 0.15654503 
608 61 9 12 0.15628019 
965 95 9 11 0.15613316 
432 80 8 11 0.15560152 
987 567 15 18 0.15534839 
163 275 11 14 0.15443648 
632 38 8 10 0.15424891 
575 75 9 11 0.15385178 
548 213 13 17 0.15319605 
482 111 8 10 0.15261345 
963 7 8 9 0.15181373 
365 87 9 11 0.15161389 
629 47 9 11 0.15153578 
169 132 8 11 0.15084355 
79 126 10 11 0.15080781 
646 206 9 13 0.1507427 
294 164 10 14 0.15064152 
712 16 9 12 0.15060116 
254 220 10 14 0.15057427 
68 254 13 16 0.1499101 
6 316 10 14 0.14942493 
198 160 9 11 0.14849077 
497 86 7 10 0.14839505 
70 111 8 11 0.14806123 
844 526 14 19 0.14779769 
855 105 7 9 0.14701228 
367 79 8 10 0.14662692 
343 373 13 15 0.1466034 
19 291 11 14 0.14564519 
257 184 8 12 0.14562011 
382 339 11 15 0.14541338 
12 405 16 21 0.14504233 
583 13 7 11 0.14444697 
111 123 8 11 0.14322834 
125 180 11 12 0.14318669 
314 112 7 10 0.14300434 
338 79 9 9 0.1429673 
362 49 7 8 0.142787 
656 450 13 17 0.14276272 
978 14 7 9 0.14274043 
974 151 11 14 0.14267051 
274 47 8 9 0.14259711 
474 172 12 16 0.14178416 
150 25 8 10 0.14140338 
314 40 7 9 0.1413848 
165 236 12 14 0.14115518 
184 276 11 14 0.14115283 
330 136 9 11 0.14049573 
79 133 9 12 0.14032117 
430 443 13 17 0.14023823 
357 215 11 13 0.13996828 
246 95 9 11 0.13982968 
697 146 11 13 0.13940051 
330 89 8 9 0.13927872 
240 48 7 10 0.13909614 
617 37 7 10 0.13892753 
527 64 7 9 0.13886471 
654 340 12 16 0.13849273 
704 86 9 11 0.13822931 
407 125 8 10 0.13764657 
893 1 8 9 0.13677047 
632 191 11 13 0.13642076 
425 64 8 10 0.13632222 
339 652 14 19 0.13604052 
373 167 9 12 0.13590217 
586 55 8 10 0.13572814 
461 362 14 16 0.13558222 
227 322 13 17 0.13537519 
160 193 11 15 0.13491476 
743 281 11 15 0.13366601 
0 526 11 15 0.13300557 
710 45 9 10 0.13260965 
977 8 8 9 0.1325467 
638 577 14 18 0.13135001 
818 477 16 21 0.13091953 
382 473 13 16 0.13058217 
908 79 9 12 0.13021229 
1012 111 8 11 0.13015488 
129 102 8 10 0.13013831 
431 436 14 17 0.1291677 
396 388 13 17 0.1290813 
789 205 11 15 0.12902416 
960 386 13 18 0.12852767 
841 94 8 10 0.12785085 
439 80 8 10 0.12774363 
781 243 11 14 0.12741505 
716 438 17 19 0.12739116 
637 308 11 15 0.12735498 
904 183 12 15 0.12730671 
331 410 13 17 0.12726896 
965 127 9 12 0.12722823 
0 89 7 12 0.12714975 
962 100 10 12 0.12697874 
202 257 14 16 0.12667471 
367 33 7 9 0.12642458 
389 110 9 10 0.12618396 
373 294 10 14 0.12548214 
391 49 6 9 0.12543681 
3 437 13 17 0.12529062 
762 299 13 16 0.12486288 
495 181 10 12 0.124664836 
310 196 10 12 0.12455696 
805 185 8 11 0.12443965 
1005 31 9 11 0.12428819 
445 371 13 17 0.12384471 
974 242 14 16 0.123708166 
337 55 9 10 0.123677425 
696 86 9 12 0.12366585 
217 166 11 13 0.12352722 
639 313 12 17 0.123169996 
269 426 14 20 0.12306838 
74 78 9 10 0.122970276 
720 179 11 13 0.12255763 
317 40 8 9 0.122398324 
89 316 13 16 0.12238247 
113 167 10 13 0.12220053 
888 164 13 16 0.12104328 
303 71 8 10 0.12087186 
789 356 13 17 0.1198633 
529 12 8 10 0.11962362 
683 267 13 14 0.11913867 
1005 97 9 10 0.11895745 
545 62 8 10 0.11875253 
833 475 14 18 0.11856538 
169 24 7 9 0.11802448 
1013 117 9 13 0.11745435 
1001 27 10 13 0.11689395 
453 158 11 12 0.116863586 
392 70 7 10 0.116822764 
102 190 9 11 0.11659103 
546 30 8 10 0.11657546 
759 598 13 18 0.11560962 
902 150 12 14 0.115238786 
1015 196 9 13 0.115198955 
644 244 11 14 0.114676766 
764 247 10 13 0.11442208 
863 323 15 17 0.11377935 
237 205 10 13 0.113549426 
880 292 13 18 0.11352392 
600 64 8 11 0.113486074 
160 182 9 12 0.11338058 
611 216 13 17 0.11328448 
223 239 12 15 0.11228164 
511 39 8 9 0.112250656 
702 362 14 18 0.112084724 
800 30 10 11 0.11204607 
445 301 13 16 0.11133079 
390 166 10 12 0.11101806 
166 183 9 11 0.11100867 
542 332 10 14 0.11068773 
592 73 8 10 0.11062522 
591 77 8 11 0.110353895 
385 32 6 9 0.11004686 
324 251 12 17 0.10982696 
266 63 8 10 0.109764 
39 257 11 16 0.10974079 
223 40 7 9 0.10970773 
106 70 8 10 0.10962914 
72 126 9 11 0.10949068 
537 119 8 11 0.109286904 
948 458 15 18 0.10895265 
925 400 15 18 0.10878295 
352 243 11 14 0.10867593 
327 104 7 9 0.10849888 
245 223 11 15 0.10847361 
857 72 8 10 0.10824657 
376 56 7 9 0.10787248 
608 117 10 12 0.10777797 
963 184 11 15 0.10762368 
929 283 14 16 0.10712742 
973 133 9 11 0.10711918 
305 208 11 13 0.106949665 
591 231 13 15 0.10677558 
383 78 7 10 0.106342904 
572 394 14 17 0.106321976 
886 586 12 16 0.1061057 
735 308 11 15 0.10548921 
567 57 8 10 0.105344296 
623 17 9 11 0.10517207 
110 48 7 9 0.10514538 
117 135 9 11 0.10506217 
27 252 12 16 0.105000995 
737 94 8 10 0.10466854 
820 360 14 17 0.10437342 
591 136 10 11 0.10424751 
97 190 9 12 0.10370051 
88 119 8 11 0.10368518 
46 93 8 11 0.10357787 
905 101 8 12 0.10340255 
567 32 8 9 0.10319027 
980 47 8 10 0.103143044 
349 38 8 9 0.10305352 
96 30 8 10 0.10295465 
253 214 10 13 0.10254 
172 228 12 14 0.10237283 
424 70 8 10 0.1022653 
774 7 8 9 0.10206504 
382 381 11 15 0.101992436 
79 95 8 10 0.101850316 
660 135 11 13 0.10184212 
445 111 9 12 0.1017427 
878 357 11 14 0.10171289 
112 317 13 19 0.10150183 
630 16 9 11 0.101177536 
73 47 8 10 0.10096992 
329 14 7 9 0.10093375 
182 355 15 19 0.100912705 
623 69 8 11 0.100892 
313 73 7 10 0.10080471 
896 231 10 14 0.099938124 
136 95 8 9 0.09986412 
741 307 12 17 0.09982533 
320 167 10 12 0.09977555 
928 290 12 16 0.09952712 
871 108 9 10 0.09923426 
274 222 11 13 0.09917582 
670 52 10 12 0.09897505 
599 84 9 11 0.0989234 
333 121 8 10 0.09877116 
528 112 8 10 0.098750256 
52 230 12 15 0.09870042 
533 136 8 10 0.09853726 
167 314 13 17 0.0985211 
516 511 16 21 0.09846633 
320 74 7 9 0.0984472 
695 46 10 12 0.09801938 
169 110 8 11 0.09790138 
129 24 8 10 0.09785521 
74 309 13 18 0.09779087 
728 78 10 13 0.09776144 
749 300 11 15 0.09762005 
592 25 8 11 0.097587384 
937 173 12 14 0.09735087 
408 153 10 12 0.09733726 
716 213 11 14 0.096996695 
980 317 11 14 0.09656097 
15 120 9 11 0.09617974 
71 243 12 14 0.09617027 
48 78 9 11 0.09607662 
647 82 9 13 0.09599236 
1002 48 8 11 0.095848314 
712 41 9 10 0.095741875 
800 143 8 10 0.095658176 
273 120 8 11 0.09544816 
611 567 17 20 0.095049545 
198 132 8 10 0.09463316 
838 111 9 12 0.09448223 
166 30 7 9 0.09415614 
522 72 8 11 0.09413664 
253 226 10 13 0.0939645 
661 122 11 13 0.09360564 
241 87 8 10 0.09291717 
912 220 11 14 0.09271435 
587 110 9 12 0.092594706 
372 252 13 16 0.092584364 
334 307 14 18 0.09254812 
375 120 9 11 0.09250296 
8 267 12 16 0.09248647 
777 71 8 10 0.0924767 
396 136 10 12 0.09239276 
638 272 14 16 0.092220314 
518 110 8 11 0.09217026 
663 361 15 19 0.09197153 
337 47 8 9 0.09159581 
477 166 10 13 0.09150249 
960 131 10 13 0.09105994 
679 86 9 12 0.090869956 
830 494 14 18 0.09062515 
392 53 7 9 0.09056846 
268 324 16 18 0.09054972 
278 118 9 12 0.09043565 
189 270 11 15 0.09040436 
189 513 13 19 0.09031011 
910 278 11 13 0.09021749 
632 97 12 14 0.09020246 
273 141 10 11 0.08996935 
151 40 7 9 0.089966774 
77 239 11 15 0.08992034 
484 469 15 20 0.08983693 
286 141 10 12 0.08983517 
334 252 12 17 0.08974452 
303 63 7 10 0.08948913 
575 65 7 9 0.08921579 
527 212 11 15 0.08874236 
40 147 8 11 0.08869376 
710 55 10 12 0.08867948 
519 213 11 17 0.088351354 
670 77 8 11 0.08822064 
248 47 8 10 0.08817745 
29 323 12 16 0.08812488 
497 411 11 16 0.08791689 
349 379 12 14 0.08776486 
974 103 8 11 0.08767808 
709 111 11 14 0.08750659 
117 104 9 10 0.08743424 
959 22 8 10 0.08741495 
321 160 8 11 0.08738174 
182 371 14 19 0.08726489 
493 131 10 11 0.08698217 
390 389 12 16 0.0863705 
4 68 10 13 0.08630751 
567 37 9 11 0.08621663 
998 85 9 10 0.086164735 
151 88 8 10 0.08615075 
404 277 11 15 0.086011164 
141 109 8 10 0.08599371 
910 461 13 17 0.085778885 
604 99 10 12 0.08551667 
606 219 12 14 0.08512929 
286 135 9 12 0.08505027 
457 117 7 9 0.08500301 
764 276 11 14 0.084950864 
256 88 7 9 0.08467142 
86 178 12 15 0.08465722 
37 311 13 16 0.08430854 
183 217 13 16 0.08401175 
298 39 7 10 0.08389911 
1014 205 10 13 0.08358201 
1007 215 13 15 0.08344526 
144 89 8 9 0.08329394 
174 23 9 10 0.083254226 
285 386 14 17 0.08308212 
0 415 8 14 0.08307991 
530 306 13 16 0.0830741 
682 284 14 16 0.0829895 
125 428 14 19 0.08292545 
998 205 9 11 0.082914345 
465 40 7 10 0.082879074 
920 302 11 15 0.082791105 
363 293 15 17 0.082774386 
864 291 11 14 0.08266738 
552 112 9 10 0.08264946 
924 299 14 17 0.08257303 
129 245 13 16 0.08256101 
701 95 8 11 0.0823345 
358 23 7 10 0.0823318 
779 298 14 16 0.08218452 
656 102 10 12 0.08217393 
48 105 11 15 0.082112275 
447 96 8 10 0.08208658 
255 9 8 9 0.081953235 
808 86 8 11 0.0819022 
300 139 11 14 0.08179062 
301 227 12 14 0.08178119 
42 133 9 12 0.08131134 
424 79 9 11 0.081296206 
17 516 14 19 0.08121329 
828 300 14 16 0.081086166 
703 385 14 18 0.081072606 
289 115 9 12 0.081035614 
331 341 11 15 0.08102477 
714 148 10 11 0.08088467 
386 111 8 10 0.080874264 
826 371 14 17 0.08080807 
773 99 9 13 0.08072255 
341 76 9 11 0.08055193 
792 272 14 17 0.08044356 
241 95 9 11 0.08032511 
458 14 7 9 0.08024076 
789 100 10 12 0.08021682 
479 72 8 10 0.080165304 
784 211 11 15 0.07994523 
497 252 11 14 0.079914965 
135 363 10 12 0.07990526 
36 160 9 12 0.07989115 
947 340 14 18 0.079839304 
264 38 7 9 0.07966514 
345 64 7 9 0.07955011 
990 213 10 13 0.07942303 
949 93 9 12 0.07938683 
623 339 14 18 0.07933872 
615 203 11 14 0.07922448 
798 0 9 9 0.07921361 
627 113 11 14 0.07916266 
368 149 9 12 0.079066046 
510 148 9 12 0.0790137 
728 71 8 10 0.0789786 
343 335 14 17 0.07874897 
723 276 14 16 0.0786958 
1008 412 15 18 0.07863227 
648 53 8 12 0.0785214 
670 156 9 12 0.07850696 
64 41 7 9 0.07847985 
523 419 12 16 0.07845599 
167 230 10 13 0.078428395 
965 163 11 13 0.078406736 
175 301 13 17 0.078404576 
335 149 10 12 0.078216545 
899 234 12 15 0.077828676 
121 179 9 13 0.077814385 
386 103 8 10 0.077640824 
300 182 10 13 0.07756821 
55 40 8 10 0.077559374 
789 167 10 12 0.07749627 
1003 323 12 15 0.07716516 
118 309 10 15 0.07709104 
143 93 8 10 0.07702415 
466 72 9 11 0.07696381 
752 148 9 12 0.07695576 
665 94 10 12 0.07690371 
511 125 9 10 0.0768359 
346 405 15 19 0.076757975 
693 37 9 10 0.07675282 
352 198 10 12 0.07637316 
758 337 12 15 0.0763123 
125 87 7 10 0.07628819 
20 527 15 19 0.07617466 
78 48 8 10 0.07614563 
811 275 12 14 0.075928606 
731 302 11 14 0.07575982 
284 297 12 15 0.07574617 
277 49 8 10 0.07571151 
385 95 7 10 0.075636975 
207 158 8 10 0.07543486 
981 15 8 9 0.07538859 
558 205 13 17 0.075324096 
81 119 9 12 0.07486144 
325 55 8 10 0.074835554 
652 380 16 21 0.074753545 
385 87 7 9 0.074750416 
0 221 9 15 0.07465909 
751 294 10 14 0.07463175 
360 52 7 10 0.07458142 
926 520 16 19 0.074309856 
315 55 7 10 0.07427868 
584 61 8 11 0.07426907 
310 45 8 10 0.07424782 
529 135 8 10 0.07415666 
225 46 8 10 0.074015014 
926 245 11 15 0.07378002 
860 317 14 16 0.07367218 
976 380 11 16 0.073665656 
309 277 13 16 0.073520206 
998 80 8 11 0.07340122 
208 123 8 11 0.073389344 
940 299 14 19 0.07317787 
231 97 8 10 0.073102854 
513 2 8 9 0.07309742 
705 298 13 17 0.073069796 
783 219 11 14 0.07297695 
556 176 10 12 0.072942875 
162 282 14 17 0.07265546 
293 322 15 19 0.07256171 
478 237 9 13 0.07251766 
694 291 12 15 0.07247499 
701 101 9 11 0.072391406 
599 30 8 10 0.0723487 
711 0 8 8 0.07229526 
72 72 9 11 0.07226728 
392 158 9 11 0.07209268 
948 368 13 17 0.072089106 
494 81 7 10 0.072059736 
733 1 9 9 0.07185322 
67 265 12 16 0.07168881 
653 256 14 17 0.07150913 
93 181 11 13 0.071352996 
1015 158 9 14 0.07134508 
976 81 7 8 0.07132136 
711 143 10 13 0.07092225 
557 110 8 10 0.07084076 
370 393 13 17 0.070835814 
932 243 12 14 0.07081824 
633 207 11 14 0.07080974 
236 244 11 14 0.07078442 
233 186 11 14 0.07069722 
515 520 14 20 0.07054734 
439 250 14 16 0.07047182 
282 31 7 10 0.070415005 
423 97 8 9 0.07032635 
989 124 8 10 0.07024726 
20 152 11 13 0.070233345 
373 189 10 13 0.07021826 
391 251 14 18 0.070078194 
855 170 14 15 0.07003294 
584 10 8 9 0.0700112 
499 180 12 13 0.06984383 
385 72 7 9 0.06964188 
373 143 10 12 0.069617 
605 79 9 12 0.069601625 
570 474 13 18 0.06959614 
231 48 8 10 0.06954826 
111 157 10 12 0.06948056 
399 62 7 9 0.06947183 
474 150 8 11 0.06946463 
820 139 13 15 0.069434896 
710 243 11 16 0.06940617 
838 255 13 15 0.069139756 
247 1 8 8 0.06912996 
366 47 7 9 0.068859726 
276 87 9 11 0.06880046 
271 439 16 21 0.06866418 
519 101 8 10 0.06854665 
913 228 11 15 0.06827362 
429 84 8 10 0.06825611 
645 426 14 19 0.06816077 
805 308 13 17 0.0681325 
506 24 7 9 0.06805336 
86 124 8 11 0.06803199 
399 283 11 15 0.06799856 
697 71 8 11 0.06797448 
105 125 8 10 0.06796563 
872 136 11 14 0.06761388 
606 23 9 11 0.0676075 
342 151 9 12 0.06757123 
247 40 8 9 0.067412205 
594 185 12 15 0.06740798 
184 149 9 12 0.0673468 
537 125 9 10 0.0673048 
181 340 14 17 0.067291886 
45 259 11 14 0.067245804 
687 100 10 12 0.06722478 
130 213 12 16 0.06719367 
390 94 9 10 0.067146726 
597 286 11 14 0.067066774 
300 368 14 18 0.06698336 
161 103 8 10 0.066884845 
593 177 9 10 0.066773884 
389 289 12 15 0.06675219 
417 390 17 19 0.06654367 
789 263 13 15 0.06642042 
1008 380 11 15 0.06641671 
778 253 14 17 0.0663937 
361 81 8 9 0.06637175 
753 47 9 11 0.06633514 
742 17 8 9 0.06631923 
733 86 9 11 0.06629046 
930 326 15 17 0.06622788 
330 8 7 9 0.066185474 
274 571 15 20 0.06617724 
244 275 13 17 0.06615793 
193 161 9 12 0.06612735 
265 33 7 9 0.06610465 
594 530 24 27 0.06602792 
646 48 9 11 0.065993145 
458 112 7 10 0.0657512 
164 207 10 13 0.06572399 
536 88 7 8 0.06571009 
429 195 12 15 0.065678656 
243 346 14 17 0.06566035 
976 109 8 12 0.06565169 
663 27 10 12 0.06558474 
0 361 10 18 0.065551855 
736 116 11 14 0.06541521 
1006 133 9 12 0.065367654 
296 123 8 11 0.065326266 
1 76 10 14 0.06532321 
744 302 12 16 0.06529813 
416 333 13 17 0.06523874 
703 179 11 14 0.0649899 
358 112 8 11 0.064883865 
82 37 8 10 0.064835824 
951 64 8 10 0.06457755 
72 85 9 11 0.064509936 
583 88 10 12 0.06448885 
334 14 8 9 0.06448092 
454 359 14 19 0.06445232 
482 499 15 20 0.06442614 
1015 93 9 11 0.06427558 
88 85 8 9 0.06413148 
405 338 12 17 0.06410479 
282 164 9 12 0.06406443 
845 141 13 16 0.06397791 
675 438 18 24 0.06392775 
622 174 9 11 0.06392069 
983 110 8 12 0.063902706 
589 57 8 10 0.06386715 
365 220 11 14 0.0638023 
877 15 9 10 0.06380127 
977 117 9 12 0.06379163 
288 62 8 9 0.06371746 
589 40 10 11 0.06368582 
79 85 8 11 0.063668504 
669 313 14 18 0.06362461 
656 96 9 11 0.06353656 
670 323 13 16 0.06351375 
760 15 7 9 0.06350332 
816 300 11 15 0.06343843 
591 9 8 9 0.0634383 
185 102 8 11 0.06340473 
566 2 9 10 0.06332509 
229 79 9 11 0.06331282 
664 39 9 11 0.06319736 
817 143 10 13 0.06318755 
837 320 15 18 0.06314187 
404 346 11 16 0.06308564 
770 215 13 15 0.06307316 
63 54 7 10 0.0630631 
1008 36 8 10 0.06303393 
57 25 8 10 0.06301582 
779 345 14 18 0.06292527 
289 56 8 10 0.062910184 
199 338 13 18 0.0628806 
479 16 7 9 0.06287197 
617 112 11 13 0.0628198 
127 96 8 10 0.06270641 
756 53 9 11 0.062671594 
324 165 11 13 0.062614866 
805 194 11 14 0.06261377 
708 206 12 14 0.062605776 
544 182 9 12 0.06242566 
882 97 8 11 0.062363308 
124 562 13 18 0.062340766 
617 182 9 12 0.062314093 
349 354 16 18 0.062297422 
375 78 8 10 0.062260754 
104 119 8 11 0.062241178 
435 188 12 15 0.06221158 
174 158 9 12 0.062180255 
934 110 9 10 0.062153775 
885 389 16 20 0.06212215 
286 38 8 9 0.061874468 
609 136 10 11 0.06184372 
691 337 15 19 0.061824553 
794 325 13 16 0.06179015 
418 102 7 9 0.061727047 
270 135 10 12 0.0617153 
328 406 11 15 0.061641872 
778 264 14 16 0.061630186 
939 94 8 11 0.061406374 
11 262 13 15 0.061349943 
488 72 8 9 0.0612696 
656 345 13 17 0.061156344 
312 12 8 11 0.060993366 
303 219 12 16 0.060872808 
110 338 14 16 0.060835037 
159 5 8 10 0.06078176 
107 47 7 9 0.06070928 
540 164 10 13 0.060667187 
632 31 9 12 0.06065386 
302 54 8 10 0.060609367 
214 142 8 11 0.060572356 
372 326 11 13 0.060475424 
263 125 10 12 0.06039014 
253 206 9 12 0.060385454 
139 245 11 15 0.06035415 
1011 458 12 18 0.060307458 
1011 125 12 14 0.060235452 
793 191 10 13 0.06023035 
620 204 11 14 0.06015148 
654 433 12 17 0.06009111 
720 221 11 14 0.05998194 
916 394 16 20 0.059969824 
619 291 15 17 0.059950154 
752 228 12 16 0.059788514 
576 235 11 15 0.05978668 
541 195 13 15 0.059695855 
1001 139 10 12 0.05966086 
49 85 8 12 0.05965168 
850 201 12 14 0.059592374 
477 101 8 10 0.059561737 
105 347 14 16 0.059528515 
296 413 12 16 0.059249554 
1010 232 13 16 0.059214927 
584 78 9 11 0.059092943 
340 642 15 19 0.059083305 
728 84 10 13 0.058911555 
688 96 8 10 0.058886904 
837 511 13 19 0.058858987 
447 240 14 16 0.058812167 
529 116 8 10 0.058709797 
677 263 13 13 0.058674973 
334 39 8 9 0.05866728 
903 118 9 11 0.058602426 
113 140 9 11 0.05851322 
677 52 9 11 0.058435682 
759 311 12 17 0.05842514 
600 37 9 11 0.05834167 
863 103 8 10 0.058317475 
302 424 13 18 0.058296382 
539 206 15 19 0.05822937 
769 7 8 10 0.05816485 
600 223 11 12 0.058163837 
774 237 10 13 0.0580138 
829 134 10 13 0.05800191 
617 14 8 11 0.057963256 
430 103 7 9 0.057906218 
743 40 9 11 0.057827562 
253 140 9 12 0.057556536 
369 168 9 12 0.057533186 
671 547 18 25 0.057500776 
717 262 13 15 0.057496663 
453 31 7 9 0.057460953 
948 301 12 17 0.0574187 
615 32 8 10 0.057345413 
793 567 15 20 0.057251386 
844 253 13 16 0.057125904 
207 135 7 9 0.057109773 
878 206 13 16 0.056966025 
458 87 7 10 0.056854002 
89 143 10 12 0.05685227 
90 81 7 9 0.056832764 
971 348 13 16 0.0567897 
710 67 9 12 0.056647275 
336 9 7 9 0.056571785 
673 413 17 20 0.05651933 
246 22 8 11 0.056474913 
761 180 9 12 0.056405004 
111 178 10 13 0.056373186 
370 126 8 10 0.056297798 
400 310 9 13 0.056292426 
205 347 16 18 0.056253225 
391 148 10 12 0.056187253 
645 339 14 17 0.056117922 
812 305 13 18 0.05604245 
57 182 11 12 0.05599707 
88 56 7 10 0.05597128 
497 96 7 9 0.055937354 
607 30 8 9 0.0559161 
446 413 13 17 0.055827048 
1000 61 9 12 0.055779807 
399 87 8 11 0.05575019 
505 127 8 11 0.055747278 
565 182 9 10 0.055735294 
175 69 7 9 0.055727415 
965 115 10 13 0.05570497 
823 547 14 19 0.05570383 
310 247 11 13 0.05547957 
190 148 9 12 0.055471122 
393 64 8 9 0.055467058 
920 7 8 10 0.05544647 
190 23 7 9 0.055344522 
750 410 17 21 0.055343226 
96 114 8 10 0.05533616 
918 248 12 17 0.05527588 
246 112 9 11 0.055093296 
832 139 10 13 0.05508106 
346 32 7 9 0.05504436 
671 101 9 12 0.055014327 
396 222 13 17 0.054982994 
932 297 15 21 0.054895688 
817 210 12 14 0.054889992 
4 162 10 14 0.054829597 
192 86 9 10 0.05471039 
557 119 7 10 0.054679852 
306 88 8 10 0.05466731 
142 236 11 14 0.05466496 
959 32 9 10 0.054345477 
341 87 9 11 0.053977773 
189 102 8 11 0.05363852 
696 78 8 12 0.053610552 
846 115 10 12 0.0535786 
273 54 9 11 0.053496327 
428 294 14 18 0.05338624 
335 377 13 17 0.053376134 
906 268 12 15 0.053367503 
166 149 8 11 0.053296186 
846 92 8 10 0.05328154 
153 79 8 9 0.053278077 
528 128 8 10 0.053180523 
185 62 9 11 0.05314657 
781 160 9 11 0.053069405 
289 23 7 10 0.052987084 
325 160 9 12 0.052929185 
721 227 11 15 0.05291497 
831 259 10 14 0.052862063 
78 298 14 17 0.05283998 
64 45 7 10 0.05283669 
366 111 8 10 0.052820925 
661 100 11 12 0.05278972 
183 229 11 14 0.052773964 
813 409 16 19 0.052768566 
645 297 14 17 0.052713543 
755 87 8 11 0.05263462 
934 153 10 12 0.052625515 
991 207 10 12 0.05258444 
418 96 7 10 0.052551366 
220 159 9 11 0.052540045 
575 135 8 10 0.052379005 
357 117 8 11 0.0522791 
154 335 15 18 0.05222929 
587 253 14 16 0.052106775 
215 323 13 16 0.052098326 
101 207 12 14 0.052085258 
994 327 16 19 0.052072234 
948 164 10 14 0.052045163 
325 109 8 11 0.052035876 
776 442 21 23 0.052003775 
173 111 8 11 0.05192022 
158 159 9 11 0.051844813 
798 308 14 16 0.0518405 
513 89 7 9 0.05180734 
795 209 13 16 0.051778384 
357 197 9 11 0.05174907 
165 102 8 10 0.051703416 
101 149 9 11 0.051690467 
496 64 6 9 0.05162473 
183 29 7 10 0.051556874 
187 348 12 17 0.051528186 
8 350 19 24 0.051521428 
801 572 13 18 0.051470656 
160 175 8 10 0.051466674 
639 35 8 11 0.051308274 
455 174 9 12 0.05127309 
120 192 11 13 0.051247466 
385 167 9 13 0.05116998 
632 184 9 11 0.0511421 
781 73 8 10 0.051135946 
376 62 7 9 0.051100444 
544 137 9 10 0.051026598 
505 149 10 12 0.051020317 
106 573 17 20 0.05101831 
357 190 9 12 0.05098083 
952 174 11 15 0.05097735 
874 15 7 11 0.050973516 
358 207 10 11 0.050847154 
87 113 8 10 0.050752003 
59 318 14 18 0.050739165 
400 198 9 14 0.050721798 
970 261 13 15 0.050719365 
470 40 7 9 0.05071861 
380 299 10 15 0.050684895 
192 120 8 10 0.050664376 
532 207 14 16 0.050653335 
103 396 12 16 0.05062411 
71 63 8 10 0.050597366 
211 353 14 17 0.050579842 
926 110 8 11 0.050507877 
662 60 9 11 0.050474927 
716 123 10 12 0.050337806 
297 96 9 11 0.050336763 
296 56 7 9 0.0501745 
439 341 10 15 0.05015145 
991 102 8 11 0.050104994 
663 0 9 8 0.05008337 
732 278 12 15 0.050048072 
631 8 8 10 0.05003745 
680 177 12 15 0.05000026 
759 113 10 12 0.04999699 
960 15 10 11 0.049972728 
494 375 13 17 0.049969997 
710 79 9 11 0.049911775 
94 366 15 21 0.049768917 
507 404 13 15 0.04976588 
842 101 8 10 0.04970654 
102 158 9 11 0.049666658 
508 167 10 11 0.049664926 
749 102 10 13 0.049627982 
511 188 10 13 0.049626946 
383 152 9 11 0.049602687 
863 109 9 10 0.04959073 
482 143 9 12 0.049587786 
655 135 11 14 0.04957268 
635 294 13 16 0.04955624 
544 25 8 10 0.049555864 
246 88 8 11 0.049503293 
208 141 8 11 0.049435306 
927 210 11 15 0.049406957 
983 207 10 12 0.049385726 
355 381 12 14 0.0493398 
626 360 15 20 0.049245168 
533 141 9 10 0.049152456 
373 148 10 13 0.04914799 
868 186 10 14 0.049079686 
223 121 8 10 0.048994817 
524 387 13 16 0.04899309 
374 332 10 14 0.048954807 
525 218 11 15 0.048933703 
747 283 12 16 0.048841316 
831 287 12 14 0.048799332 
798 102 10 12 0.04879345 
224 252 12 15 0.048704077 
173 353 13 17 0.048683282 
71 118 9 12 0.048598863 
740 53 10 11 0.04859152 
487 371 12 15 0.04857801 
213 88 9 11 0.04854663 
787 371 16 18 0.048530858 
450 269 13 15 0.048467755 
981 86 8 11 0.048463833 
249 31 7 9 0.048408438 
308 425 15 20 0.04835013 
535 110 8 11 0.0483343 
85 135 9 9 0.048240792 
819 85 10 12 0.048232388 
579 15 8 10 0.048214257 
867 123 10 12 0.048195574 
366 214 11 14 0.048183408 
703 46 9 11 0.048094753 
784 319 13 16 0.04806533 
191 70 7 10 0.048058596 
414 325 13 16 0.04804884 
160 137 9 11 0.048046682 
655 219 10 13 0.047973745 
160 231 10 13 0.047965262 
775 300 11 15 0.047906745 
479 88 7 9 0.047904078 
350 33 7 9 0.047849245 
63 126 9 12 0.047793962 
232 63 7 10 0.047741085 
741 95 9 11 0.047738776 
377 24 7 9 0.047736194 
322 102 7 9 0.047734104 
546 3 7 8 0.047687966 
47 155 10 13 0.04764913 
716 167 10 13 0.04760359 
623 64 8 11 0.0475757 
529 568 15 19 0.047515914 
977 39 8 10 0.04749551 
975 32 7 8 0.047370177 
735 46 10 12 0.047195476 
782 354 14 19 0.04714556 
925 342 15 19 0.047122028 
519 5 7 9 0.04703396 
304 235 10 13 0.0470243 
54 86 8 11 0.04701746 
644 211 10 14 0.047002356 
985 631 25 33 0.046942268 
871 197 11 14 0.04691998 
777 202 12 15 0.046827722 
923 386 16 19 0.046821374 
265 134 9 12 0.04678899 
727 40 10 11 0.04677705 
761 212 12 15 0.046742015 
428 284 13 17 0.04671852 
661 182 11 14 0.046696357 
627 277 12 15 0.046663765 
592 62 8 10 0.04665642 
778 84 9 13 0.046526637 
220 269 11 15 0.046508912 
221 257 12 15 0.0464881 
474 487 15 20 0.046459932 
710 370 14 16 0.04645771 
142 364 12 13 0.046417583 
517 247 12 14 0.046373155 
925 117 10 11 0.046341546 
281 8 8 9 0.046326384 
43 364 15 19 0.04627727 
810 517 15 20 0.046103857 
96 124 8 10 0.046090126 
324 204 12 16 0.045999806 
615 46 9 12 0.045942646 
1002 53 9 12 0.04589249 
559 88 8 10 0.045885082 
590 304 13 17 0.045864876 
933 358 11 15 0.045851808 
397 432 13 18 0.045821596 
994 86 8 10 0.04581272 
811 267 11 14 0.045804903 
517 382 14 18 0.04578992 
399 383 12 16 0.045777608 
413 414 12 15 0.045755304 
329 93 8 10 0.045748558 
319 96 8 10 0.04574448 
398 315 11 15 0.04571551 
765 181 9 13 0.045703303 
281 38 7 9 0.04568706 
136 103 8 10 0.045664907 
302 40 7 10 0.045657076 
269 81 8 10 0.04563319 
460 165 9 12 0.045599967 
191 55 7 10 0.04555695 
103 29 8 10 0.045532916 
376 211 10 14 0.04551771 
282 72 7 9 0.04551577 
305 196 10 12 0.045492344 
806 92 10 11 0.045480397 
260 79 8 10 0.045437817 
797 36 11 12 0.04525315 
278 300 13 15 0.04517086 
744 195 9 13 0.045157578 
722 559 16 22 0.045128815 
927 221 11 15 0.045082856 
426 346 13 16 0.045070585 
46 151 9 11 0.045059245 
225 140 10 12 0.04504034 
260 531 15 18 0.045026753 
583 318 13 18 0.045025986 
288 169 11 15 0.045019917 
853 215 10 13 0.045011666 
652 246 11 14 0.044999212 
545 86 7 10 0.04499824 
527 95 7 9 0.04499176 
447 150 11 12 0.044986103 
701 293 13 17 0.04495897 
638 131 10 13 0.044949975 
352 203 10 13 0.04491638 
464 105 8 9 0.044894807 
3 483 14 18 0.044855952 
528 151 9 11 0.044834137 
418 79 7 10 0.04480366 
376 30 7 9 0.04479216 
482 63 6 8 0.044782564 
23 257 12 15 0.044706788 
342 365 14 17 0.04468042 
210 26 6 8 0.04455319 
809 103 9 11 0.04453768 
217 212 10 13 0.044487745 
414 375 15 17 0.044482842 
169 64 8 11 0.044444125 
1007 423 15 21 0.044444047 
439 371 11 16 0.044407245 
552 13 7 9 0.044368047 
202 246 13 16 0.044286367 
520 30 8 10 0.044241767 
199 239 12 16 0.044194046 
941 4 10 11 0.044074807 
736 123 9 12 0.04404452 
624 90 10 13 0.044026773 
520 300 13 17 0.044008717 
248 251 10 14 0.04394072 
86 48 7 9 0.043939196 
517 157 9 12 0.043921836 
507 232 13 15 0.043832637 
570 102 9 11 0.043826308 
372 197 11 13 0.043821733 
1012 302 11 14 0.043809596 
893 160 12 13 0.04361884 
797 192 12 16 0.043615136 
73 101 8 11 0.043579627 
67 186 10 14 0.043545153 
409 25 6 9 0.043511596 
417 140 9 11 0.043492727 
572 283 12 16 0.043456245 
436 301 12 15 0.04345607 
520 189 10 13 0.04342857 
838 229 11 15 0.04331939 
686 86 9 11 0.043304786 
366 99 9 11 0.04325476 
168 45 9 11 0.043244403 
766 0 9 9 0.043219075 
231 85 8 10 0.04319192 
100 167 9 12 0.04315309 
196 276 12 15 0.043113593 
598 68 9 11 0.043112356 
122 93 8 10 0.04311226 
486 238 11 13 0.043109227 
542 493 13 16 0.043102145 
95 135 9 10 0.043072734 
295 22 8 11 0.043039355 
639 48 8 10 0.043007296 
938 519 20 26 0.043001328 
113 570 20 25 0.042967048 
1001 108 10 12 0.04295755 
888 62 8 9 0.04293478 
371 348 11 15 0.04292795 
424 17 7 9 0.042913307 
639 88 11 13 0.042912897 
735 101 11 14 0.04289968 
168 157 10 13 0.042836532 
896 103 8 11 0.04282044 
658 385 16 21 0.04281315 
999 290 11 13 0.042804513 
466 24 7 9 0.042678673 
951 112 9 11 0.042652342 
865 40 9 10 0.04261717 
175 14 9 11 0.042549614 
367 205 10 13 0.042547848 
727 63 9 12 0.04253947 
878 282 14 17 0.04252765 
299 543 16 18 0.042422023 
415 47 8 10 0.042421173 
965 267 14 17 0.04241718 
997 67 10 12 0.042397417 
88 32 8 10 0.042394575 
877 79 8 11 0.042381063 
914 17 7 9 0.042333193 
912 133 10 13 0.04230002 
72 134 9 12 0.042297035 
295 172 10 13 0.04223 
743 545 16 19 0.042218104 
842 89 8 11 0.04218303 
796 110 11 14 0.042144723 
143 6 8 9 0.042128887 
517 226 13 17 0.04212085 
871 63 8 10 0.042110775 
959 291 13 16 0.042094506 
175 151 8 11 0.042050976 
983 157 11 14 0.04202921 
371 371 13 17 0.041948665 
680 103 9 12 0.041902315 
543 176 8 10 0.041886445 
542 96 8 10 0.041851137 
749 76 9 11 0.041847013 
7 86 10 14 0.041793317 
207 112 7 9 0.04178636 
428 158 9 11 0.04178568 
97 159 10 12 0.04176446 
126 403 14 19 0.041752852 
398 159 8 11 0.041721858 
675 238 14 16 0.04171431 
16 532 13 17 0.041681193 
77 153 10 11 0.041640654 
806 157 11 12 0.04162883 
185 56 9 9 0.041610472 
257 358 13 17 0.0416092 
416 73 7 8 0.041574303 
126 237 12 15 0.041550852 
751 144 9 11 0.04152238 
543 188 11 14 0.04151194 
482 56 7 9 0.041502837 
473 1 7 8 0.04145309 
679 111 10 12 0.041358884 
65 132 8 11 0.041319653 
562 55 7 10 0.041279703 
357 152 10 12 0.041229103 
241 289 13 16 0.041184153 
645 118 10 13 0.041146077 
342 7 8 10 0.041061074 
653 13 9 12 0.041040514 
586 117 8 11 0.04103608 
716 278 14 18 0.040958364 
382 293 11 15 0.040946644 
687 46 9 12 0.040795512 
283 228 10 13 0.040730562 
820 154 12 14 0.040707625 
527 86 8 11 0.04067477 
578 167 8 10 0.04061133 
235 142 10 12 0.040607225 
253 47 8 10 0.040592406 
1000 644 22 32 0.040589098 
358 237 12 16 0.04057788 
48 72 7 10 0.04055619 
214 24 7 9 0.040524453 
465 125 9 11 0.04048013 
791 196 11 13 0.040479373 
558 329 13 16 0.040405456 
245 354 15 18 0.04035611 
651 7 11 12 0.040354725 
209 29 8 10 0.040347815 
885 329 14 17 0.04031842 
287 182 9 12 0.040311314 
391 182 11 15 0.04026572 
696 62 9 11 0.040240776 
158 381 14 19 0.04023621 
215 124 8 11 0.040191267 
615 126 9 11 0.04017578 
741 104 18 23 0.04014435 
441 103 8 10 0.040096745 
26 239 12 15 0.040093973 
256 118 8 11 0.04007373 
208 101 8 11 0.040052995 
704 80 9 11 0.040033683 
742 212 11 13 0.040032163 
447 484 13 18 0.04002317 
561 0 8 9 0.039978456 
406 411 13 18 0.039917264 
511 57 7 9 0.039855395 
349 64 9 10 0.0398236 
658 531 23 32 0.039756376 
147 456 15 19 0.039731212 
989 219 12 15 0.039721545 
984 104 8 10 0.03972108 
783 171 9 12 0.03971432 
494 15 7 10 0.039704002 
434 284 14 17 0.039659463 
94 96 9 11 0.03958506 
469 461 17 21 0.039584905 
503 81 7 9 0.039474923 
484 323 10 13 0.039472487 
409 47 8 10 0.039424837 
524 518 18 25 0.03941642 
253 54 9 11 0.03941387 
965 416 14 19 0.03940992 
782 29 9 11 0.039405536 
630 318 11 16 0.03935696 
793 31 9 11 0.039336286 
933 206 11 14 0.03930185 
103 133 8 11 0.03929396 
0 514 13 20 0.03928022 
550 25 8 10 0.039256018 
15 152 11 15 0.039196823 
693 205 9 13 0.039136045 
740 21 9 11 0.039126806 
557 125 9 11 0.03912222 
376 340 11 15 0.038979936 
350 269 11 15 0.0389737 
966 31 8 10 0.038944814 
822 406 15 20 0.03883328 
647 318 15 18 0.038820397 
758 227 12 16 0.038818322 
249 213 10 13 0.038791772 
489 14 8 10 0.038785204 
262 189 9 11 0.03876231 
1006 14 8 10 0.038724974 
570 349 14 18 0.03866666 
821 8 8 11 0.038663995 
549 64 7 9 0.03862344 
0 443 15 20 0.03861957 
0 339 11 18 0.03859901 
400 126 8 10 0.038580306 
894 96 9 11 0.038563333 
408 110 8 10 0.038531184 
496 247 10 12 0.038528074 
961 1 10 11 0.038517866 
849 164 10 12 0.0384916 
555 185 12 14 0.038473926 
944 364 13 16 0.038468476 
873 85 8 11 0.038431466 
337 60 9 10 0.03842445 
438 72 7 9 0.03839369 
460 465 15 19 0.038364545 
282 78 8 10 0.03835744 
303 78 7 9 0.038329527 
505 39 8 11 0.03830427 
391 32 6 8 0.03829649 
520 572 19 22 0.038275193 
21 70 7 10 0.038242426 
254 92 8 11 0.038237657 
190 172 9 12 0.0382341 
64 94 9 11 0.03819309 
647 133 10 13 0.038169067 
731 411 13 17 0.038163252 
933 116 10 12 0.038142376 
342 174 11 14 0.03813512 
32 520 15 19 0.038128335 
389 372 11 16 0.038120396 
503 64 7 8 0.038084798 
327 212 12 13 0.03805495 
765 111 10 12 0.03803991 
569 76 8 11 0.038022 
299 46 7 10 0.038008217 
471 108 7 10 0.03799145 
97 415 15 18 0.037940808 
811 418 17 20 0.03793243 
995 252 15 18 0.037924286 
578 174 8 10 0.037915077 
105 111 8 10 0.03791273 
542 470 13 16 0.03789364 
157 390 15 20 0.037880726 
54 341 13 16 0.0378752 
688 453 17 21 0.03786793 
864 44 10 12 0.037858266 
386 48 8 10 0.03785321 
681 37 10 11 0.037814263 
511 418 14 17 0.037773274 
109 234 12 16 0.03775244 
166 96 9 10 0.037748925 
646 36 8 11 0.03774733 
150 93 8 10 0.03769912 
883 358 11 14 0.0376465 
838 411 16 19 0.03764315 
1 476 14 17 0.037604205 
805 142 9 11 0.03755937 
232 279 12 15 0.037553202 
625 133 9 12 0.03755289 
566 11 8 10 0.037531357 
950 89 9 11 0.037510075 
188 307 12 15 0.037491556 
132 295 14 17 0.03747917 
244 246 11 14 0.03747858 
921 115 10 12 0.037446085 
125 288 16 18 0.037407823 
195 513 14 20 0.0373655 
407 103 8 10 0.0373649 
166 252 12 14 0.03735367 
830 102 9 11 0.037273906 
508 411 15 17 0.037206106 
72 96 9 11 0.037204538 
461 560 21 25 0.037166916 
317 457 14 18 0.037137397 
163 321 13 16 0.037127577 
672 219 11 14 0.037112866 
135 155 11 13 0.03709821 
200 120 8 10 0.03706915 
158 79 8 10 0.036994692 
604 205 11 14 0.036972053 
314 61 8 10 0.036947798 
295 72 8 10 0.036934175 
809 72 8 10 0.036884267 
229 164 11 13 0.03686587 
491 150 10 12 0.036858983 
462 9 7 9 0.036815844 
869 268 13 17 0.03679896 
449 198 11 14 0.03678734 
506 133 9 11 0.03676101 
1006 388 10 13 0.03676059 
473 196 10 12 0.036745228 
737 16 8 10 0.03673987 
993 237 11 13 0.036703557 
627 330 14 19 0.036667243 
734 224 12 14 0.03664434 
998 626 25 31 0.036616895 
679 80 9 11 0.036610488 
879 163 12 15 0.03659361 
457 8 8 10 0.036558352 
237 177 11 13 0.036553655 
975 315 11 15 0.036544703 
856 117 8 11 0.036509432 
496 280 12 14 0.036461823 
279 199 10 13 0.036417175 
741 67 17 22 0.03639626 
178 241 13 15 0.036366582 
374 72 8 10 0.03631205 
624 32 9 11 0.036308397 
353 56 8 9 0.03621983 
896 255 11 15 0.03621438 
407 120 8 11 0.03620218 
36 169 11 14 0.036196552 
853 88 8 10 0.0361906 
968 426 19 23 0.036158036 
418 440 15 18 0.03614538 
646 21 9 12 0.036136486 
598 526 16 18 0.036121227 
905 61 9 11 0.03611842 
638 68 9 11 0.03611192 
138 89 7 9 0.036102388 
725 190 11 13 0.036082763 
0 214 8 13 0.036056835 
361 8 7 8 0.03604792 
703 69 9 12 0.03602254 
573 125 8 11 0.036018107 
313 32 7 9 0.036012102 
616 79 9 12 0.03598519 
451 379 13 16 0.03598118 
630 77 9 12 0.035954688 
501 246 10 13 0.035911698 
725 368 15 19 0.035908766 
589 458 13 17 0.03589777 
326 24 9 11 0.035889167 
423 182 9 11 0.035880186 
26 357 15 20 0.03580651 
112 152 8 11 0.0357697 
270 162 10 12 0.0357435 
102 172 9 12 0.035718117 
510 247 12 14 0.03570619 
878 108 9 11 0.035703555 
821 295 12 15 0.035698883 
553 103 8 10 0.03567039 
859 146 12 15 0.035670005 
686 110 9 11 0.035664856 
684 496 13 18 0.035647277 
909 157 9 12 0.035629172 
768 118 19 22 0.03562264 
848 211 11 14 0.035598714 
867 284 14 18 0.035571527 
595 300 13 17 0.035542436 
556 565 14 17 0.035521455 
247 163 10 13 0.035505548 
943 89 11 13 0.035498757 
863 257 13 16 0.0354912 
504 71 7 8 0.035468187 
221 179 11 14 0.035459187 
487 54 8 10 0.03543304 
522 64 7 9 0.035419248 
941 188 12 14 0.03541177 
463 118 8 10 0.03539783 
635 468 15 19 0.035373937 
675 311 14 19 0.035373077 
863 95 9 11 0.035367623 
605 112 11 13 0.03536522 
621 244 11 14 0.035355914 
184 419 13 16 0.03534902 
573 38 9 10 0.035330128 
135 48 7 9 0.03531618 
517 150 9 11 0.03530404 
695 137 18 23 0.035275638 
494 167 9 11 0.035274234 
775 63 9 12 0.03523831 
57 176 9 10 0.03523601 
438 395 12 14 0.03522623 
311 268 12 15 0.035206374 
241 41 7 10 0.035117295 
286 9 7 8 0.03510858 
342 93 9 11 0.03510482 
271 40 7 8 0.035083983 
131 196 10 12 0.035057697 
622 104 10 13 0.03504301 
66 111 8 11 0.035032477 
790 556 15 19 0.034965973 
968 64 8 10 0.034946844 
560 24 8 10 0.03493449 
106 426 13 18 0.03493121 
945 463 20 24 0.034928765 
667 481 14 20 0.034918558 
540 300 12 15 0.034916468 
884 297 13 16 0.03487498 
342 48 7 9 0.034866598 
950 131 12 15 0.034860894 
586 183 9 11 0.034846682 
256 39 8 9 0.03477518 
407 134 9 11 0.03477164 
829 417 14 18 0.034760393 
150 278 12 14 0.03475176 
148 386 17 19 0.03472115 
57 44 8 11 0.0346938 
460 159 10 11 0.03464569 
670 0 9 9 0.034632068 
790 242 12 16 0.034617838 
72 140 9 11 0.03461744 
397 181 10 12 0.03459448 
479 6 6 9 0.034545958 
616 175 10 11 0.03454247 
433 71 6 9 0.03452036 
487 301 11 14 0.03450784 
489 131 10 12 0.034499686 
802 94 9 11 0.034494195 
719 81 9 11 0.03448921 
863 594 14 19 0.034447204 
705 63 9 12 0.03441812 
193 131 9 11 0.034418114 
8 100 11 14 0.03436889 
423 188 11 14 0.034341905 
508 319 15 18 0.034331948 
903 125 9 10 0.034311216 
103 195 10 12 0.034289856 
345 115 9 11 0.034283374 
172 341 14 17 0.034279216 
347 362 15 17 0.03425805 
288 14 8 11 0.034252387 
582 72 9 11 0.03417916 
936 102 10 12 0.034162525 
569 123 9 11 0.034113053 
887 160 11 13 0.034100957 
509 526 17 22 0.034098227 
177 164 9 12 0.03409584 
980 150 11 15 0.034073845 
915 212 13 16 0.034016013 
766 173 9 12 0.033993315 
677 399 15 19 0.033961207 
419 293 16 19 0.03395266 
958 37 10 11 0.03392788 
1005 499 17 20 0.033889987 
812 395 13 17 0.033882257 
135 136 8 10 0.033868663 
562 29 8 10 0.03375583 
277 124 10 12 0.03374041 
965 14 8 10 0.0337238 
588 199 13 16 0.03371494 
910 96 8 10 0.033712424 
480 155 10 12 0.03370389 
438 8 8 10 0.033670306 
60 346 13 16 0.03364008 
599 23 9 11 0.03362524 
620 329 13 19 0.033601206 
533 536 16 21 0.03358867 
773 356 13 18 0.03357221 
347 278 14 17 0.033571616 
747 258 13 15 0.033564657 
434 31 8 9 0.033547692 
376 132 9 11 0.033547137 
929 86 7 10 0.033544004 
582 167 8 10 0.033541508 
429 355 12 15 0.033501342 
739 228 12 16 0.033446096 
766 269 11 15 0.03342415 
758 62 8 10 0.033423517 
654 70 10 12 0.033415064 
767 164 10 13 0.033377722 
341 268 12 16 0.033355195 
731 23 9 12 0.03328166 
814 295 10 13 0.03324435 
191 63 7 10 0.03322765 
669 40 10 11 0.033202156 
77 140 10 12 0.033182874 
505 31 7 8 0.03318179 
221 352 15 22 0.03317248 
375 159 8 11 0.0331409 
980 282 12 15 0.033106066 
392 317 10 13 0.033075716 
506 45 7 10 0.03306065 
696 155 12 13 0.03304445 
709 112 18 23 0.032968327 
301 32 8 9 0.03296617 
704 206 10 13 0.032919344 
990 134 9 12 0.032919213 
974 475 14 19 0.032899953 
408 70 8 10 0.032878295 
759 270 12 14 0.03281937 
553 71 8 10 0.03279591 
733 77 11 13 0.03278611 
311 156 9 12 0.03277534 
297 31 8 10 0.03275789 
446 386 12 15 0.032754976 
445 436 14 17 0.03273653 
417 128 10 11 0.03273039 
469 345 18 23 0.032728642 
23 230 10 13 0.03268219 
223 121 17 24 0.03266296 
854 93 8 10 0.032660164 
904 96 10 11 0.032656338 
822 173 10 13 0.032634635 
362 30 8 10 0.032634288 
805 79 9 12 0.032632753 
828 243 13 15 0.03254155 
680 91 9 12 0.032531198 
661 459 13 16 0.03251793 
105 65 7 9 0.03250299 
236 197 11 13 0.032454714 
232 146 10 13 0.03242852 
186 69 8 10 0.032420546 
487 48 9 10 0.032397356 
276 528 16 19 0.03237518 
453 483 13 17 0.03234422 
887 185 11 14 0.032342408 
623 235 11 14 0.032326303 
756 88 18 23 0.03232416 
164 410 13 17 0.032307416 
585 38 9 11 0.032305922 
481 116 9 12 0.032252945 
302 247 12 14 0.032249726 
806 149 9 11 0.032249596 
538 79 8 9 0.032245904 
229 461 15 17 0.03223961 
1014 243 11 15 0.032210607 
550 3 8 8 0.032200404 
919 1 8 8 0.03219358 
262 183 9 12 0.03218877 
178 29 9 10 0.03218182 
790 349 12 15 0.032178823 
263 57 8 10 0.03214023 
480 243 10 12 0.03212097 
407 155 17 21 0.032117557 
224 109 7 10 0.0320774 
145 24 8 10 0.03205672 
881 54 8 10 0.03204212 
249 135 9 12 0.03203127 
673 148 9 12 0.03202333 
96 209 11 13 0.032020915 
507 310 14 17 0.03201627 
296 221 10 15 0.03201153 
624 259 11 15 0.032004528 
751 324 13 17 0.031965923 
506 222 13 16 0.031949423 
80 112 9 11 0.031948533 
392 15 8 10 0.03193159 
957 301 14 17 0.0318337 
953 243 12 15 0.03181159 
78 99 8 11 0.031808857 
210 315 14 17 0.03180881 
795 520 14 16 0.031790376 
221 346 13 18 0.031772602 
168 86 8 10 0.03176857 
425 335 13 17 0.03176492 
455 479 20 25 0.031761028 
128 119 8 11 0.03172851 
385 189 10 13 0.031670876 
261 73 18 23 0.031617325 
479 136 9 11 0.031600058 
432 451 13 16 0.031578045 
782 378 15 19 0.03156038 
132 28 8 11 0.031538498 
118 152 9 10 0.031524092 
796 360 14 19 0.03147691 
199 70 8 11 0.031459436 
535 545 14 19 0.031401917 
153 142 9 12 0.03139311 
855 314 13 16 0.031383414 
914 188 11 14 0.031370834 
26 525 16 20 0.031361755 
369 118 7 11 0.031324264 
871 22 8 11 0.031295452 
696 110 9 12 0.031291645 
330 36 8 10 0.031245464 
992 12 9 11 0.031237178 
832 96 9 11 0.031221172 
100 143 10 12 0.031217547 
172 485 12 16 0.031210186 
972 142 10 12 0.03120223 
471 56 8 9 0.031167233 
725 173 9 12 0.031164585 
431 123 10 12 0.031108826 
920 23 8 10 0.03109841 
321 24 8 9 0.031055482 
201 183 11 14 0.031003466 
555 243 13 16 0.030965941 
398 15 7 9 0.030959524 
364 226 12 17 0.030935593 
369 16 7 9 0.030860532 
105 24 7 10 0.030840877 
1015 77 9 11 0.030837059 
648 60 9 12 0.030833878 
675 137 16 22 0.030805565 
999 13 8 10 0.030799186 
111 308 12 17 0.030784726 
405 93 9 11 0.0307803 
53 78 9 11 0.03076235 
639 14 8 12 0.030752314 
456 93 8 10 0.030722737 
630 69 10 11 0.030697769 
644 94 10 12 0.030684784 
72 151 11 14 0.030673945 
236 210 13 16 0.030666457 
296 78 7 10 0.030660748 
249 52 9 11 0.030653125 
991 96 8 9 0.030647215 
431 184 10 12 0.030616138 
158 164 9 12 0.030599045 
502 92 8 10 0.030589545 
429 219 10 13 0.030547442 
952 184 13 17 0.03054022 
558 104 8 10 0.030539386 
780 277 13 16 0.03052945 
139 388 16 18 0.030524326 
733 5 7 10 0.030521242 
1004 24 8 10 0.030489957 
238 375 16 20 0.030470217 
878 71 8 10 0.030463707 
993 79 9 10 0.03044585 
900 242 13 16 0.030422993 
274 305 15 18 0.03039542 
858 157 12 16 0.030368311 
209 55 8 9 0.030361092 
97 25 7 10 0.030322436 
989 578 17 22 0.030292047 
889 115 9 12 0.030285912 
822 259 11 15 0.030252697 
448 209 13 16 0.030233309 
513 17 8 9 0.030215982 
167 176 8 10 0.030201165 
600 13 8 10 0.030189753 
670 62 9 12 0.030186737 
313 23 7 9 0.030161468 
703 116 10 12 0.030150453 
646 251 12 16 0.03013173 
985 0 8 8 0.030118667 
399 73 7 9 0.030090356 
783 7 8 10 0.0300686 
439 171 10 13 0.030044494 
606 197 9 13 0.030027242 
535 159 11 13 0.030019324 
824 197 11 15 0.029999394 
796 348 13 16 0.029976817 
958 163 13 16 0.0299714 
970 89 9 10 0.02996366 
622 127 9 11 0.029960413 
466 30 6 9 0.029959168 
208 152 8 10 0.029905362 
807 45 9 11 0.029886385 
821 79 10 11 0.029839557 
494 70 7 9 0.029802581 
1006 329 13 17 0.02978483 
127 136 9 11 0.02977454 
436 195 12 15 0.029763248 
819 128 19 21 0.02974824 
87 148 11 12 0.029737419 
903 1 9 9 0.029724112 
670 164 10 14 0.029710272 
217 237 10 13 0.029696528 
662 427 15 21 0.029638031 
183 160 10 13 0.02962134 
176 92 8 11 0.029572504 
732 489 13 17 0.029526087 
687 22 9 11 0.029508898 
62 247 12 14 0.029507114 
230 174 11 12 0.029495139 
593 1 7 8 0.029484196 
159 85 7 10 0.029461049 
296 62 8 10 0.02938017 
470 301 12 14 0.029347094 
337 74 8 9 0.029328842 
427 277 12 15 0.029325042 
201 111 7 9 0.02927561 
900 72 17 23 0.029268442 
743 291 11 15 0.029267266 
702 285 11 15 0.029262215 
46 267 12 14 0.029246787 
202 104 7 10 0.02923459 
318 247 12 15 0.029214555 
783 226 11 14 0.02921039 
485 366 11 15 0.029195977 
417 111 8 11 0.029190598 
727 107 10 13 0.029153543 
946 159 11 13 0.02914553 
407 88 8 11 0.029142315 
757 174 9 13 0.029130682 
191 259 12 16 0.029128924 
126 204 12 16 0.029057907 
358 180 9 12 0.029015562 
815 127 12 13 0.028982148 
453 441 14 17 0.02898157 
36 595 15 18 0.02896713 
601 227 14 17 0.028966155 
982 53 8 10 0.028925497 
63 88 8 10 0.028919235 
888 85 8 10 0.028917281 
828 148 11 13 0.02891135 
482 47 7 9 0.028900586 
286 30 8 10 0.028898232 
142 117 8 11 0.028896403 
295 275 12 17 0.028885508 
568 236 10 13 0.028870625 
664 173 9 12 0.028870307 
181 332 14 17 0.028866135 
438 182 10 14 0.028859798 
690 392 15 19 0.028847305 
612 133 10 12 0.028815424 
458 197 12 14 0.028803334 
917 194 12 16 0.028802434 
914 363 14 18 0.028768826 
382 246 11 14 0.028760795 
978 618 24 33 0.028758958 
134 447 14 17 0.028739614 
382 373 13 18 0.028725397 
567 542 17 20 0.0287111 
185 107 8 12 0.028703036 
481 143 18 23 0.028686862 
32 603 21 28 0.028677452 
582 174 8 11 0.02865733 
5 237 12 15 0.028650604 
973 341 12 15 0.02864204 
708 229 11 14 0.028637458 
918 86 9 11 0.028630542 
237 324 15 19 0.028610773 
52 526 16 21 0.028595142 
354 17 7 9 0.028587261 
617 283 12 16 0.02855901 
231 197 11 12 0.028551959 
997 369 15 18 0.028551847 
928 237 11 14 0.028545726 
29 311 17 22 0.02854355 
842 515 15 21 0.028481044 
454 147 12 14 0.02847088 
429 165 10 13 0.02845799 
478 2 7 7 0.028455015 
703 235 12 16 0.028453572 
653 332 14 18 0.028449683 
351 77 8 11 0.028425297 
60 235 11 14 0.02842011 
671 252 12 15 0.028409809 
641 7 8 11 0.028406352 
569 136 9 10 0.028402768 
117 235 12 15 0.028401745 
553 167 8 11 0.028396465 
464 376 14 18 0.028388027 
839 173 11 15 0.02838639 
482 316 12 15 0.028371673 
136 118 8 11 0.028367374 
981 276 13 15 0.028365139 
430 322 13 17 0.028353885 
1004 162 10 13 0.028349075 
864 31 8 9 0.02834498 
567 253 11 16 0.028344959 
716 293 13 17 0.028336521 
488 172 11 15 0.028238803 
538 181 9 11 0.028226288 
743 0 8 9 0.028209547 
561 38 9 11 0.028208042 
615 102 10 11 0.028197091 
1004 435 16 20 0.028196713 
609 377 14 19 0.028170254 
295 246 10 12 0.028149588 
1012 267 11 15 0.028121637 
820 301 18 24 0.028082225 
31 616 17 22 0.028071092 
383 135 9 10 0.028066147 
242 113 17 23 0.02806596 
278 99 18 22 0.028053608 
87 94 9 11 0.028052166 
925 125 11 13 0.028045345 
353 131 18 23 0.02802688 
519 183 9 11 0.028011091 
256 32 7 9 0.027986746 
495 97 17 24 0.027986413 
493 310 15 16 0.027967513 
213 359 14 18 0.02795475 
16 161 10 14 0.027953383 
580 240 19 22 0.027948646 
740 342 14 18 0.027948316 
762 464 16 21 0.02790602 
1004 60 9 12 0.027904427 
184 95 7 9 0.02789098 
758 80 9 10 0.02788796 
142 276 12 15 0.027879948 
247 63 8 9 0.027872793 
891 79 8 10 0.027869059 
301 282 14 18 0.027852569 
745 147 10 14 0.027840769 
512 505 14 20 0.027839389 
304 110 8 10 0.027838962 
999 116 8 12 0.027831452 
401 39 7 8 0.027775051 
299 356 16 22 0.027760524 
214 28 7 10 0.027749453 
559 167 8 11 0.027725574 
669 27 10 12 0.027723324 
525 182 9 12 0.027716115 
917 653 15 18 0.027699394 
682 277 14 16 0.02767603 
944 16 8 10 0.027667945 
98 275 14 17 0.027659617 
168 242 12 16 0.027653003 
415 31 7 9 0.027635349 
979 240 11 13 0.027628982 
95 6 7 9 0.027625142 
361 88 17 22 0.027620932 
270 31 8 10 0.027599527 
488 64 8 9 0.027591657 
624 40 8 10 0.027539438 
183 261 12 15 0.027537495 
351 152 10 12 0.027528483 
517 494 16 19 0.027502762 
774 339 15 19 0.027476639 
802 296 15 17 0.027453288 
319 15 8 10 0.02744819 
4 182 10 15 0.027448185 
321 545 18 21 0.02742469 
398 269 11 14 0.027412036 
489 9 7 8 0.027389772 
658 29 9 11 0.027389558 
273 103 9 12 0.027374057 
686 133 10 13 0.027356144 
532 150 10 11 0.027347635 
854 135 10 11 0.027342645 
574 252 12 17 0.027336935 
932 271 14 17 0.02732357 
919 125 10 12 0.027320422 
254 266 13 17 0.027304513 
848 80 9 10 0.027283328 
942 344 15 18 0.027230969 
506 142 9 11 0.027205212 
975 64 7 10 0.027202202 
331 31 9 11 0.02720053 
901 584 21 28 0.027198123 
689 440 15 18 0.02718789 
742 268 13 16 0.027170656 
199 63 7 9 0.02716172 
142 1 8 9 0.027148632 
22 277 12 15 0.027146934 
585 188 10 13 0.027143395 
423 151 10 12 0.027141456 
1 331 13 16 0.027138535 
786 377 19 23 0.027120514 
470 45 7 9 0.027103264 
399 56 8 10 0.027101893 
990 108 9 12 0.027089804 
488 95 8 10 0.027085124 
321 348 12 15 0.02707944 
536 23 7 9 0.027071884 
53 576 14 18 0.027058026 
646 198 10 13 0.027054677 
757 163 11 14 0.027043758 
917 30 9 11 0.027033007 
372 219 11 15 0.027027529 
986 185 12 16 0.026988532 
822 284 11 15 0.026973948 
890 212 12 15 0.02696792 
993 64 9 11 0.02695693 
631 572 13 18 0.026944201 
86 187 13 16 0.026934784 
294 183 18 22 0.02692517 
316 105 19 23 0.026899895 
870 30 8 10 0.026888814 
248 206 10 13 0.0268841 
302 159 10 12 0.02688103 
398 364 12 15 0.026877373 
493 120 9 10 0.026870213 
555 559 24 27 0.026851559 
936 15 8 10 0.026841972 
110 52 8 10 0.026837971 
619 315 15 17 0.026823187 
564 286 14 17 0.02681714 
182 87 8 10 0.026779227 
499 406 19 24 0.026745215 
763 307 14 17 0.0267335 
886 141 10 13 0.026702622 
919 334 16 20 0.026702043 
442 95 7 9 0.026692316 
496 321 13 16 0.026668036 
455 103 8 10 0.026631756 
153 191 9 12 0.026594331 
636 414 19 25 0.02658687 
741 221 10 16 0.026570005 
606 426 14 18 0.026561577 
37 329 13 16 0.02654967 
288 126 9 11 0.026547374 
928 151 9 12 0.02653966 
904 109 9 11 0.026521444 
788 337 14 18 0.026500829 
514 86 19 24 0.026497373 
86 259 12 15 0.026492473 
597 210 13 16 0.026478026 
408 54 8 9 0.026472509 
687 80 9 12 0.026467616 
215 181 9 13 0.026466856 
302 119 9 11 0.026451502 
525 372 11 13 0.026450507 
335 417 11 15 0.026441922 
222 358 21 27 0.0264381 
706 357 14 17 0.026437236 
961 174 14 17 0.026435856 
724 387 14 19 0.026435496 
758 71 9 11 0.026431708 
319 45 7 9 0.026394194 
548 205 15 18 0.02638765 
657 124 11 13 0.02636075 
232 157 10 13 0.026355851 
990 226 12 16 0.026347976 
333 322 12 15 0.026319074 
42 603 15 22 0.02631523 
225 84 8 11 0.026313888 
899 320 14 16 0.026307223 
670 266 12 16 0.026289457 
698 338 14 17 0.02626135 
805 117 11 13 0.026248816 
152 71 8 11 0.026239688 
463 306 13 16 0.026205534 
655 38 10 12 0.026205506 
344 142 7 10 0.026195 
315 283 12 17 0.026137348 
349 325 14 15 0.026125938 
224 97 8 9 0.026113132 
759 207 10 13 0.026111163 
226 135 20 24 0.02610319 
557 135 8 11 0.026099334 
175 118 7 10 0.026020676 
486 209 13 17 0.025999192 
132 238 13 15 0.02599909 
710 559 15 20 0.025972528 
63 118 9 11 0.025970405 
613 2 9 9 0.025948174 
58 54 7 10 0.025933735 
736 460 21 26 0.025928821 
841 62 8 10 0.025921434 
909 150 10 13 0.025916504 
636 139 12 13 0.025915734 
13 481 14 18 0.025913002 
247 70 8 11 0.02589728 
65 61 8 10 0.0258941 
231 120 7 9 0.025889976 
839 145 11 15 0.025877485 
146 41 7 9 0.025873542 
0 122 9 16 0.025853442 
328 315 11 16 0.02583696 
839 245 11 13 0.02581733 
652 293 12 16 0.025801638 
575 190 9 12 0.02579924 
852 260 13 17 0.025798192 
323 450 15 20 0.025784642 
664 17 11 13 0.025763232 
880 47 8 10 0.025731232 
214 55 7 9 0.025723223 
943 506 15 18 0.025717271 
1009 313 20 27 0.025715796 
638 321 11 16 0.025715116 
533 190 11 13 0.025683435 
184 144 8 10 0.025681442 
296 268 12 15 0.02565517 
385 197 10 13 0.025647728 
471 155 10 12 0.025629282 
203 515 14 21 0.025621198 
407 63 8 10 0.025612516 
935 88 8 11 0.025595639 
45 128 10 13 0.025590837 
659 310 14 17 0.025585718 
851 190 12 15 0.02558255 
647 139 12 14 0.025547193 
277 422 14 19 0.025543153 
33 143 11 13 0.02553205 
264 71 8 10 0.02552021 
800 394 15 18 0.025480725 
600 1 7 8 0.025462432 
549 195 13 15 0.025441824 
180 312 14 17 0.025412269 
684 307 13 18 0.02541187 
872 7 9 11 0.025399389 
163 331 13 17 0.025378894 
584 22 8 11 0.025371015 
528 101 8 10 0.025370568 
148 237 10 14 0.025356552 
832 460 12 15 0.025326332 
804 124 12 14 0.025323354 
655 182 10 12 0.025322765 
665 157 9 11 0.025317669 
963 461 14 17 0.02528694 
200 143 8 10 0.025260974 
301 22 8 10 0.025258051 
371 364 14 16 0.025244901 
893 105 19 23 0.02524158 
141 346 12 15 0.025215479 
648 1 8 9 0.025193077 
557 199 11 13 0.025182236 
905 192 12 15 0.025174687 
872 215 12 14 0.02517021 
50 400 15 18 0.02513736 
518 16 8 10 0.025120609 
900 142 14 15 0.025114257 
926 104 9 11 0.02511273 
563 209 12 15 0.02510573 
158 345 14 18 0.025105242 
184 24 9 11 0.02509981 
446 404 13 17 0.025096415 
841 237 10 12 0.025049709 
830 80 8 10 0.025040822 
692 352 15 19 0.02503172 
118 156 9 12 0.025026346 
80 53 8 10 0.025024263 
774 2 9 9 0.025001254 
793 62 8 11 0.02495995 
14 438 16 22 0.024950737 
996 2 9 10 0.024939 
289 436 14 17 0.024938863 
795 155 11 12 0.024926899 
257 72 8 10 0.024894793 
997 212 11 15 0.02489192 
247 15 9 11 0.024864657 
611 368 15 19 0.02485194 
82 158 12 13 0.024837306 
512 156 9 11 0.02483123 
430 112 9 11 0.024807539 
575 45 9 11 0.024806337 
183 77 9 11 0.024778854 
758 235 11 14 0.024768764 
685 26 18 23 0.024737703 
835 134 19 23 0.0246988 
446 174 11 14 0.024698304 
1012 330 12 18 0.024697775 
134 345 13 16 0.024694663 
535 340 11 14 0.024676953 
703 187 12 15 0.02467193 
470 241 12 15 0.024671745 
511 31 8 10 0.02466529 
285 159 18 23 0.02465196 
543 111 8 10 0.024640806 
1005 352 13 18 0.024640335 
271 177 10 12 0.024610609 
192 78 7 10 0.024604995 
403 657 14 17 0.024591714 
299 331 12 15 0.024588028 
335 181 9 12 0.024579568 
264 150 18 23 0.02457326 
756 114 16 21 0.024567092 
589 101 10 12 0.024558164 
82 574 15 21 0.024551185 
534 197 11 13 0.024547625 
152 164 10 13 0.024545738 
424 412 15 18 0.024527052 
950 16 8 9 0.02452465 
610 530 17 21 0.024515187 
582 279 12 16 0.024514569 
0 145 18 24 0.024492193 
376 101 8 10 0.024491841 
400 32 6 8 0.024490122 
735 210 11 14 0.024462463 
322 142 9 11 0.024451781 
134 205 10 14 0.02445143 
199 150 9 10 0.024445027 
742 205 10 14 0.024409993 
278 251 11 14 0.024399968 
454 134 19 23 0.024398936 
1000 222 12 15 0.02439526 
168 164 8 11 0.024388153 
29 302 13 16 0.02434964 
501 517 22 26 0.024340542 
333 195 11 13 0.02433936 
475 378 11 15 0.02432713 
533 7 7 9 0.024324846 
353 95 8 10 0.024318263 
565 353 14 18 0.024313856 
198 87 8 10 0.024311654 
617 186 17 21 0.02430945 
844 309 11 16 0.024309041 
385 15 7 9 0.024301399 
551 239 11 13 0.024297975 
806 427 17 21 0.024285538 
559 473 14 18 0.024275271 
930 381 15 18 0.024273396 
510 513 16 22 0.024261327 
421 198 11 14 0.024255555 
303 444 12 17 0.02424756 
809 7 8 9 0.024239909 
980 212 13 16 0.024231015 
631 229 13 16 0.024227047 
385 37 7 8 0.024226852 
720 52 10 12 0.024226766 
990 139 10 13 0.024219142 
295 136 10 12 0.02421359 
742 64 9 12 0.024190182 
22 162 11 13 0.02418669 
335 388 12 15 0.024171771 
783 142 10 11 0.02417174 
292 137 18 23 0.024162652 
432 423 16 19 0.024156075 
683 240 12 15 0.024150323 
191 45 7 10 0.024133552 
837 356 12 16 0.02412669 
497 222 12 16 0.024125341 
318 8 8 10 0.024123961 
334 190 10 12 0.02411092 
254 247 11 13 0.024104288 
74 209 11 15 0.024098013 
918 15 8 9 0.024092799 
858 30 7 10 0.024090603 
717 111 10 13 0.024066558 
447 24 7 9 0.024065064 
831 53 9 11 0.024041645 
754 0 8 9 0.024033222 
476 364 12 16 0.024028795 
875 329 13 17 0.024007166 
526 425 14 19 0.024004918 
660 442 15 18 0.024004452 
137 79 7 9 0.02400397 
918 79 8 10 0.023989048 
203 332 14 16 0.02398543 
814 113 10 13 0.023981692 
472 132 8 11 0.023980185 
536 39 7 9 0.023965202 
670 290 16 18 0.023954798 
487 167 10 13 0.023869079 
44 141 11 14 0.023846718 
435 405 15 18 0.023800327 
30 331 12 15 0.023788696 
233 297 12 17 0.023771748 
911 128 9 11 0.023768276 
486 277 11 15 0.023762412 
151 45 7 10 0.023754738 
12 317 11 14 0.023751639 
655 58 10 12 0.0237407 
367 267 13 16 0.02373977 
716 206 12 14 0.023733128 
368 64 8 10 0.023728725 
222 151 9 12 0.023727959 
255 273 13 18 0.023727119 
2 464 15 20 0.023717875 
760 322 14 17 0.02371442 
974 376 11 14 0.023709705 
284 222 11 14 0.023684576 
140 292 14 18 0.02365963 
776 55 9 10 0.02365512 
241 112 9 10 0.02363668 
673 136 10 12 0.023632586 
416 117 8 10 0.023631835 
559 481 16 21 0.02361755 
132 372 14 18 0.023617398 
237 314 14 18 0.023611888 
878 158 10 13 0.023601491 
255 112 8 10 0.023600154 
329 369 11 17 0.023596846 
470 224 11 14 0.023585048 
0 369 7 13 0.023582302 
241 123 9 11 0.023577351 
191 110 8 11 0.023576617 
1010 198 20 27 0.02356722 
683 486 15 20 0.023566423 
1012 386 11 15 0.023546925 
360 61 8 10 0.023515034 
418 16 7 10 0.023511533 
262 113 9 10 0.02349131 
552 79 7 9 0.023487931 
726 415 16 20 0.023483058 
134 164 10 12 0.023470433 
496 22 6 9 0.023464821 
451 371 12 16 0.023442749 
856 63 9 11 0.023399334 
152 103 8 9 0.023395153 
101 354 14 17 0.02339336 
952 47 8 10 0.023374574 
789 21 9 11 0.023374509 
976 1 9 10 0.023369025 
131 393 16 19 0.0233671 
367 156 9 12 0.023354653 
766 187 9 12 0.023348361 
152 173 9 12 0.023336742 
797 243 11 15 0.023330225 
978 306 13 15 0.023302807 
524 175 10 12 0.02330092 
895 148 13 15 0.023272395 
350 126 9 10 0.023269601 
206 284 13 14 0.023267904 
243 335 16 21 0.023264527 
301 148 10 13 0.023236535 
74 154 17 22 0.023222752 
640 176 9 11 0.023196794 
848 332 15 18 0.023193976 
657 22 9 12 0.023186876 
837 220 13 17 0.023172336 
657 320 14 17 0.023170866 
294 193 12 16 0.023156308 
720 7 9 9 0.023139996 
517 125 9 11 0.023139471 
83 388 17 20 0.02312207 
432 97 7 9 0.023121746 
60 309 15 19 0.023119355 
784 359 20 23 0.02310902 
126 166 9 12 0.023079988 
182 402 13 17 0.023079058 
622 253 11 14 0.023076706 
769 70 8 11 0.023073275 
64 71 8 10 0.023069073 
876 242 13 16 0.02305784 
25 431 15 18 0.023050517 
171 16 8 10 0.023035938 
144 397 18 19 0.02302742 
882 583 22 25 0.023025274 
919 70 9 10 0.023007104 
372 228 13 16 0.0229982 
717 394 14 17 0.022995953 
835 189 12 15 0.022988725 
767 12 9 11 0.022964003 
942 22 8 10 0.022954205 
375 96 8 10 0.022949195 
775 11 17 22 0.022935752 
196 283 14 17 0.022931721 
-1 580 8 13 0.022917768 
181 14 9 10 0.022905158 
862 220 12 15 0.022904368 
29 228 10 12 0.02289338 
554 218 12 15 0.022886928 
385 114 16 21 0.022881348 
600 7 9 10 0.022866149 
155 318 16 18 0.02285913 
807 17 9 10 0.022858901 
141 231 11 13 0.022828273 
150 62 7 10 0.022826588 
13 62 8 11 0.02282428 
110 76 9 10 0.022810841 
269 80 18 24 0.02280457 
45 32 8 9 0.022800207 
428 394 12 16 0.022784723 
775 325 12 15 0.022782 
466 67 18 23 0.022761876 
78 71 8 11 0.022750605 
7 116 11 15 0.022732086 
1016 87 9 12 0.022730952 
506 370 12 17 0.022726692 
965 351 15 18 0.022722563 
864 24 9 10 0.02268447 
361 98 9 12 0.02268142 
318 86 8 10 0.022678059 
52 201 12 15 0.0226704 
1008 119 18 24 0.022662032 
966 591 13 19 0.022643015 
461 442 12 16 0.022619363 
655 1 9 8 0.022610191 
472 322 11 14 0.022603566 
216 68 9 12 0.022591421 
405 223 13 16 0.022581816 
565 166 9 11 0.022579096 
272 214 10 13 0.02257839 
281 24 8 9 0.022574956 
790 229 10 14 0.022572689 
654 85 8 11 0.02256315 
731 18 18 23 0.022548184 
501 417 12 15 0.022532478 
975 198 10 14 0.022532314 
72 30 9 11 0.022528443 
374 183 10 12 0.022517553 
510 113 17 23 0.022509959 
782 149 11 13 0.022484623 
356 373 12 15 0.022483341 
753 317 11 15 0.022481708 
382 220 12 15 0.022472132 
144 62 8 9 0.02245311 
573 33 9 10 0.02245107 
365 286 14 16 0.022448022 
821 71 9 11 0.02243836 
150 526 16 20 0.022428611 
199 57 7 9 0.022415377 
375 475 12 16 0.022415325 
187 235 12 15 0.022412915 
668 381 18 23 0.022408769 
698 13 9 11 0.022392787 
907 578 16 20 0.022383519 
16 68 8 12 0.022359949 
489 178 11 14 0.022357749 
566 24 7 9 0.022344125 
479 30 7 9 0.022324484 
775 170 10 13 0.022322496 
997 234 13 17 0.02231723 
144 79 7 9 0.022312064 
534 95 18 23 0.022304157 
363 401 14 17 0.022300415 
493 142 9 11 0.022282591 
187 413 15 18 0.022274053 
750 470 21 25 0.022269325 
450 418 13 17 0.022250097 
566 176 8 11 0.022235278 
888 3 9 11 0.022233 
331 81 19 23 0.022232503 
890 339 16 18 0.022225743 
616 21 9 11 0.022215987 
828 426 13 18 0.022214254 
908 299 12 16 0.022209274 
439 24 8 10 0.022198569 
711 261 12 15 0.02218489 
779 305 15 17 0.02217176 
397 104 9 10 0.022156525 
566 242 10 15 0.022155399 
561 0 18 23 0.022154814 
870 348 14 18 0.022153948 
806 1 8 8 0.022148956 
277 212 12 15 0.022141498 
903 206 11 14 0.022117116 
461 147 10 12 0.022113783 
336 23 7 10 0.022096694 
228 337 12 17 0.022082632 
652 147 13 16 0.022077879 
853 284 13 17 0.022077309 
1006 300 14 17 0.022075262 
328 48 8 9 0.022066092 
589 94 9 12 0.022062203 
674 202 11 14 0.022058766 
711 437 14 18 0.022048915 
295 15 8 11 0.022038143 
898 386 13 16 0.022025643 
1005 403 15 20 0.022023398 
663 6 10 11 0.022006817 
356 387 12 16 0.022000216 
752 61 9 10 0.021997256 
101 252 13 15 0.021984745 
431 64 7 9 0.021982346 
63 77 8 10 0.021976463 
478 23 7 10 0.0219746 
152 6 9 10 0.02196846 
453 404 11 16 0.021966575 
929 156 11 14 0.021965746 
262 195 11 14 0.021886013 
86 195 11 13 0.021860356 
1007 103 19 25 0.021823768 
57 117 9 12 0.021806031 
141 206 11 14 0.02179697 
256 577 14 19 0.02179612 
967 48 8 10 0.021792473 
910 322 13 16 0.021788761 
990 193 13 16 0.021786457 
913 23 9 10 0.021785714 
675 332 13 17 0.021774825 
238 147 17 22 0.02176109 
549 309 11 15 0.021758303 
664 149 10 12 0.021757685 
910 164 9 12 0.02175768 
664 165 10 12 0.021755777 
568 105 18 22 0.021752523 
812 81 19 22 0.021701708 
765 88 10 12 0.021691207 
588 110 17 22 0.021691011 
805 39 10 11 0.02168906 
110 64 7 9 0.021669447 
454 79 7 9 0.021660713 
696 24 9 11 0.021659954 
386 468 15 21 0.021651035 
818 427 16 21 0.02164906 
311 167 8 12 0.021641983 
568 140 9 11 0.021624707 
9 606 19 29 0.021605488 
309 238 10 12 0.021601493 
993 383 16 18 0.021598358 
959 48 7 9 0.021588238 
288 147 11 13 0.02156244 
646 154 12 15 0.021550594 
742 411 13 17 0.021549148 
916 204 13 16 0.021532835 
261 465 17 24 0.021521682 
644 310 15 18 0.021510676 
630 0 9 10 0.02150486 
239 162 10 12 0.021503644 
960 88 9 11 0.02150074 
769 64 8 11 0.021490311 
534 46 9 11 0.021485344 
620 349 18 23 0.021472573 
656 547 22 27 0.021471327 
118 427 14 19 0.021470185 
117 243 13 17 0.021463735 
743 362 14 18 0.021462202 
205 113 19 23 0.021461306 
702 38 10 11 0.021459728 
829 388 14 17 0.0214448 
54 90 10 12 0.021442734 
600 54 9 10 0.021433894 
431 371 11 14 0.021413373 
367 179 10 12 0.021402648 
319 355 12 16 0.021392426 
674 228 13 16 0.021386586 
185 46 7 10 0.021381786 
556 140 10 12 0.021379359 
460 172 11 14 0.021372985 
668 338 14 17 0.021349415 
80 180 10 14 0.021339005 
640 0 8 8 0.021335376 
909 98 17 22 0.021322899 
437 206 11 12 0.0213201 
212 574 11 15 0.02132001 
551 159 9 11 0.021319056 
153 159 9 12 0.021318654 
949 282 12 15 0.021308515 
20 400 13 16 0.021295695 
556 300 13 17 0.021249732 
91 301 13 15 0.021242185 
712 9 20 24 0.021235993 
270 253 11 13 0.021229414 
216 64 8 10 0.021216178 
488 40 7 8 0.021210998 
302 125 8 10 0.0212087 
157 579 13 18 0.021197353 
385 285 11 14 0.021192892 
172 376 14 19 0.02118934 
368 329 12 16 0.021189282 
716 377 13 18 0.02118844 
166 53 8 10 0.021185314 
138 256 13 17 0.021183794 
949 138 12 14 0.021177411 
737 71 10 12 0.021170098 
215 47 8 10 0.021169916 
600 324 15 21 0.021162558 
852 349 13 16 0.021159315 
495 158 9 10 0.021144604 
939 88 20 23 0.021131387 
254 235 10 13 0.021125775 
837 180 11 15 0.021124225 
126 157 9 12 0.021120982 
21 301 13 17 0.021114796 
1006 181 11 13 0.021105196 
384 64 8 9 0.021086676 
351 180 10 13 0.02108642 
607 190 9 12 0.021083377 
982 80 8 10 0.021077864 
2 290 12 17 0.02105898 
822 94 8 11 0.021056931 
320 440 21 26 0.021020588 
418 128 18 22 0.0210071 
807 368 12 17 0.021006348 
259 220 11 14 0.020997763 
724 -6 21 23 0.020988526 
752 -10 24 25 0.020987831 
404 307 11 14 0.020979244 
446 494 15 21 0.020974766 
830 267 12 15 0.020971349 
201 192 12 16 0.02096825 
857 125 9 11 0.020965654 
225 52 8 10 0.02095911 
701 137 10 12 0.020945745 
936 221 13 16 0.0209336 
382 335 19 24 0.02092502 
930 393 16 20 0.020913728 
1004 364 12 17 0.020911546 
909 318 12 14 0.020904655 
295 239 10 12 0.02089527 
334 367 20 25 0.020892149 
357 310 13 17 0.020891568 
637 283 13 16 0.020888293 
503 156 10 12 0.020874634 
1001 37 9 11 0.02086706 
405 434 14 18 0.020865269 
782 180 11 13 0.020864742 
709 178 13 15 0.02085796 
216 135 7 9 0.020854428 
160 47 8 11 0.020832889 
483 508 16 22 0.02082487 
182 2 10 11 0.020816686 
725 586 14 21 0.020799274 
499 200 13 16 0.020794552 
773 331 13 17 0.020789104 
916 237 11 14 0.020786999 
941 467 14 19 0.02078284 
7 124 10 13 0.020776134 
584 31 9 10 0.020771725 
159 259 11 15 0.020750877 
342 235 11 14 0.020741822 
961 284 11 15 0.020738324 
45 163 11 15 0.020733338 
911 1 8 9 0.020730667 
1013 102 10 13 0.020727543 
426 387 13 16 0.020717712 
449 73 7 9 0.020695176 
781 477 15 19 0.020691585 
471 30 7 9 0.020690348 
12 507 14 20 0.020682901 
315 263 15 17 0.020676527 
507 355 11 17 0.020675832 
88 530 13 18 0.020651355 
267 529 15 19 0.020644667 
702 390 20 23 0.020632854 
408 449 15 19 0.02063211 
576 94 10 12 0.020631835 
436 276 12 15 0.02063154 
847 299 11 17 0.020630777 
78 267 11 15 0.020623645 
121 576 16 21 0.020617547 
422 269 14 18 0.020615196 
446 190 10 13 0.020614022 
277 63 8 10 0.020608177 
306 7 7 9 0.020594658 
1014 36 9 11 0.020589493 
265 421 11 17 0.020576455 
296 8 7 8 0.020568565 
86 270 13 17 0.020563966 
886 147 10 14 0.020559667 
217 112 7 9 0.020529749 
103 183 9 12 0.020522697 
724 346 14 17 0.020514596 
169 115 9 11 0.02051276 
495 489 24 31 0.020489035 
224 188 11 13 0.020482212 
611 248 11 15 0.020478748 
670 108 10 13 0.020476874 
912 250 11 16 0.020472594 
710 142 20 24 0.020467509 
388 204 13 14 0.020467177 
150 55 7 9 0.020461414 
748 442 13 16 0.020455223 
355 286 14 16 0.020449089 
327 1 7 8 0.020443989 
188 331 14 17 0.020443702 
581 297 12 18 0.020431291 
459 241 12 15 0.020424044 
342 65 18 23 0.0204183 
497 39 7 9 0.02041189 
575 88 9 11 0.02041185 
17 238 12 16 0.020409621 
292 428 14 17 0.020404646 
525 32 8 9 0.020391362 
417 86 7 9 0.020386567 
117 125 8 10 0.020382639 
431 171 11 13 0.02036659 
391 391 20 24 0.020365434 
353 453 16 20 0.020343801 
73 318 15 18 0.02031487 
403 353 13 16 0.02031341 
953 22 8 9 0.020296192 
326 63 7 10 0.020286635 
592 83 9 13 0.020286035 
376 85 8 10 0.020273756 
892 220 12 15 0.020260397 
107 103 9 11 0.020257095 
266 57 19 23 0.020255372 
5 489 18 25 0.0202447 
719 467 12 17 0.020241598 
321 31 8 9 0.020228488 
475 15 7 9 0.020214703 
377 202 18 22 0.020208653 
197 343 19 25 0.020200914 
306 279 19 24 0.020200787 
336 208 11 13 0.020198526 
288 94 8 11 0.02019852 
253 165 10 12 0.020193003 
276 319 15 19 0.020188801 
106 52 7 9 0.02017683 
825 116 10 12 0.020169882 
188 314 13 16 0.02014708 
828 126 11 13 0.020143205 
846 394 14 17 0.020141149 
108 254 12 14 0.020140849 
460 189 12 15 0.020140095 
744 142 10 12 0.020139853 
801 72 7 10 0.020128187 
590 167 9 10 0.020125562 
414 291 14 16 0.020106003 
878 261 13 15 0.020090844 
576 489 21 26 0.02009084 
711 134 10 12 0.020084238 
175 78 9 11 0.020080946 
1005 307 13 17 0.020077636 
737 62 8 10 0.020075368 
38 266 13 16 0.020064538 
517 405 11 14 0.020060048 
918 150 9 12 0.020054746 
582 136 10 11 0.020050274 
471 25 8 9 0.020039275 
661 480 13 19 0.020028504 
981 197 11 14 0.02002551 
287 47 8 9 0.02002496 
