2_Demonstration_Political_Rally_2_641
51
114 128 52 66 0.99944943 
431 182 49 62 0.9992354 
570 158 55 72 0.9991542 
645 156 41 61 0.9953206 
516 157 47 65 0.9934187 
9 147 44 56 0.99298334 
199 134 49 57 0.9877384 
722 161 38 63 0.9665414 
294 141 45 61 0.9407951 
810 154 43 54 0.77509266 
944 178 31 44 0.7656193 
990 216 28 53 0.7442735 
909 146 38 61 0.5552575 
847 136 24 43 0.47069106 
164 146 28 39 0.44838125 
925 164 32 50 0.2138379 
308 127 28 49 0.16944931 
539 161 50 67 0.15954511 
476 205 32 41 0.121712916 
609 153 46 64 0.11717595 
606 141 35 48 0.11509371 
0 423 11 24 0.11213003 
825 135 45 58 0.054520663 
537 117 22 30 0.052932773 
205 420 18 22 0.042606324 
0 189 22 42 0.041112855 
951 180 39 60 0.040128 
800 164 35 49 0.037948303 
902 143 29 49 0.0374046 
533 96 47 54 0.03534442 
344 233 31 42 0.035141725 
538 102 27 35 0.034946814 
969 191 17 25 0.033316553 
423 123 29 39 0.032793347 
537 124 13 19 0.030772544 
737 164 43 63 0.030522583 
2 162 37 52 0.029882725 
415 159 10 13 0.02808805 
398 157 42 54 0.026870377 
179 147 16 22 0.026267326 
625 137 53 73 0.025750581 
246 161 11 16 0.025588743 
946 177 18 28 0.025205271 
600 599 10 11 0.025005097 
485 202 16 20 0.024991395 
855 128 48 69 0.024546191 
657 451 25 35 0.024248531 
700 148 43 63 0.02137243 
181 143 29 41 0.020622596 
642 291 30 34 0.020471891 
802 123 73 92 0.020219292 
