2_Demonstration_Demonstrators_2_781
106
254 167 51 72 0.99922884 
392 195 25 34 0.99891317 
545 140 58 82 0.99831676 
464 203 40 49 0.9969676 
692 223 46 54 0.98942405 
535 214 32 41 0.98916686 
932 230 25 31 0.98854584 
238 131 33 52 0.95258975 
927 272 35 41 0.91256106 
817 231 17 19 0.73808056 
859 245 15 18 0.62474716 
704 17 53 67 0.55175775 
942 272 32 34 0.5093469 
755 247 25 33 0.40423074 
762 225 18 21 0.339985 
791 239 11 13 0.33041853 
209 137 30 42 0.32278743 
532 188 21 31 0.29620218 
128 217 13 18 0.2845894 
218 129 39 53 0.23722903 
109 228 14 18 0.21806607 
889 243 15 18 0.2178478 
978 251 14 20 0.21665023 
997 239 17 21 0.212855 
920 229 27 29 0.18666765 
534 191 13 18 0.14792761 
125 225 14 19 0.12534924 
440 224 9 12 0.114963405 
416 188 13 17 0.11137427 
1012 248 12 22 0.10776333 
140 293 16 22 0.10230938 
117 228 13 18 0.0947828 
987 238 22 26 0.09323828 
846 357 38 48 0.09170341 
939 236 27 32 0.08363978 
71 223 12 15 0.07773842 
496 209 25 34 0.07270291 
764 183 16 19 0.06274371 
848 248 15 18 0.06246733 
79 214 10 13 0.061007485 
210 121 22 32 0.059779696 
42 200 8 10 0.0557906 
957 274 21 25 0.055277094 
975 245 13 20 0.054248676 
1004 243 17 25 0.05383044 
86 209 10 11 0.053714722 
747 221 25 30 0.053675205 
866 248 13 17 0.053231433 
667 163 16 22 0.05287161 
898 218 15 17 0.051880594 
980 251 22 26 0.05073797 
756 242 20 24 0.04889713 
47 198 9 12 0.048859265 
769 231 17 22 0.048848182 
845 291 27 30 0.048242934 
70 204 10 12 0.046010666 
153 172 11 15 0.044410706 
889 240 11 14 0.04051226 
782 237 11 16 0.03793587 
749 250 16 20 0.037745666 
917 230 17 21 0.035952915 
66 220 22 25 0.03463083 
943 226 17 24 0.0336491 
121 269 11 14 0.033259597 
786 234 19 24 0.032720692 
42 205 8 11 0.03184579 
80 207 10 12 0.031739645 
116 243 12 13 0.031379603 
9 238 9 11 0.031334948 
290 648 31 33 0.0310053 
858 251 19 22 0.03065969 
230 145 49 69 0.028635396 
2 221 8 11 0.02851752 
138 172 12 15 0.028289266 
49 193 10 13 0.027493712 
664 168 12 17 0.026997555 
61 241 13 15 0.026972745 
715 153 19 20 0.026837219 
84 227 11 15 0.026663765 
922 244 42 52 0.026455434 
960 601 17 20 0.026214529 
355 205 14 19 0.025870256 
132 230 12 16 0.025285766 
340 205 25 32 0.025275474 
851 253 17 20 0.02517132 
741 225 15 21 0.024910832 
833 334 80 103 0.024851928 
501 222 26 30 0.024759265 
619 637 61 57 0.02448044 
72 215 11 13 0.024426078 
325 171 13 20 0.024069712 
895 219 23 26 0.023486793 
248 128 18 30 0.02330456 
75 231 13 16 0.022922335 
55 244 12 13 0.02275415 
1011 550 12 23 0.022106927 
36 245 10 13 0.022070646 
146 318 433 416 0.021587593 
64 229 14 15 0.021454535 
151 168 19 24 0.020705668 
782 334 15 20 0.020624299 
767 254 17 23 0.020422554 
6 221 8 9 0.020285323 
61 228 23 25 0.02028467 
778 232 19 27 0.020210112 
409 190 20 27 0.02006459 
