2_Demonstration_Demonstration_Or_Protest_2_120
756
819 511 32 39 0.9994748 
901 507 40 48 0.99859136 
995 480 32 36 0.9982864 
5 486 76 85 0.99743867 
661 444 28 30 0.9971877 
936 471 28 33 0.9854058 
980 369 15 18 0.9839749 
748 377 15 18 0.9839033 
717 428 21 28 0.9832373 
966 581 48 53 0.9795069 
483 293 20 26 0.978893 
838 385 15 18 0.9710433 
816 393 18 21 0.957396 
958 397 17 18 0.955045 
469 255 19 22 0.95214146 
889 393 21 23 0.9476658 
395 259 12 19 0.94661367 
1002 371 13 16 0.9359815 
964 349 12 16 0.9281756 
359 282 16 18 0.9198229 
204 413 23 36 0.91915506 
119 293 13 17 0.90413845 
982 420 23 24 0.9031173 
504 266 18 23 0.8945721 
758 326 11 14 0.89063036 
797 381 13 15 0.8807925 
909 372 16 18 0.8731818 
988 342 13 16 0.8660128 
884 357 10 14 0.8643752 
859 417 24 25 0.85118777 
558 326 12 15 0.8432739 
807 327 9 11 0.8386352 
918 394 15 17 0.813732 
291 300 12 14 0.80947447 
857 350 10 13 0.7776664 
935 426 21 22 0.76580304 
774 364 13 15 0.74752486 
721 560 41 38 0.73769516 
724 338 10 13 0.6781346 
919 343 12 14 0.6612113 
692 361 12 16 0.63543946 
836 468 23 30 0.62617207 
868 390 14 16 0.62291884 
723 396 17 19 0.6129251 
221 270 10 13 0.61286336 
29 285 15 18 0.60933167 
776 338 12 14 0.59946555 
276 291 10 13 0.58314544 
747 362 13 14 0.4919796 
891 471 22 30 0.48916015 
854 308 8 10 0.44217438 
838 303 7 9 0.44034535 
830 319 7 9 0.4270109 
524 277 10 13 0.4229667 
619 531 21 34 0.40947947 
771 406 15 19 0.38367102 
716 355 11 13 0.37403595 
709 320 9 12 0.3718445 
742 303 7 10 0.35768506 
567 288 9 12 0.35578918 
791 302 8 10 0.34536675 
248 409 35 37 0.33483034 
1013 350 9 14 0.3148061 
846 327 9 11 0.29213017 
923 477 32 32 0.28518125 
710 371 14 16 0.27840886 
103 326 11 15 0.2777733 
167 271 8 10 0.27637598 
143 268 8 10 0.27163184 
174 299 10 14 0.26702034 
848 334 8 11 0.2514804 
822 372 12 16 0.24702723 
137 308 11 14 0.24632724 
815 309 8 9 0.24182485 
80 287 9 11 0.23789288 
322 270 7 10 0.2321675 
812 349 10 13 0.22630888 
205 284 11 13 0.22432984 
871 311 7 9 0.22285311 
738 304 7 10 0.2167777 
871 352 8 11 0.21501735 
559 307 12 14 0.21275574 
855 304 7 10 0.21242222 
326 278 8 11 0.21221069 
582 304 9 12 0.21131258 
542 269 10 13 0.20925814 
746 318 8 11 0.20607646 
895 328 9 11 0.20175636 
721 336 10 12 0.20002879 
216 274 11 15 0.19371168 
169 300 10 12 0.19321725 
144 326 9 12 0.19112377 
556 349 10 15 0.18810518 
881 478 28 35 0.1872131 
574 288 8 11 0.18704301 
345 292 11 15 0.18607308 
330 358 26 28 0.18552703 
781 312 9 10 0.17739788 
197 348 15 18 0.1761216 
935 333 10 12 0.16871122 
848 341 8 10 0.16708179 
757 309 8 10 0.16683401 
107 323 11 16 0.16571365 
580 360 23 30 0.16551603 
844 366 11 13 0.16263509 
898 466 22 28 0.16158782 
302 272 8 10 0.1593846 
928 332 9 11 0.1581414 
149 296 8 11 0.15811819 
815 365 12 14 0.15548353 
764 356 11 13 0.15180205 
549 288 9 11 0.14897168 
711 302 9 10 0.14835036 
905 475 25 30 0.14818911 
1000 389 12 16 0.14790092 
297 273 8 9 0.14708668 
253 264 8 10 0.14447632 
906 354 13 15 0.14370528 
737 326 8 10 0.1428774 
749 317 8 10 0.1415621 
861 337 9 10 0.14047368 
260 278 8 11 0.14016666 
548 268 11 14 0.13790244 
422 267 11 15 0.13731755 
592 311 10 12 0.13724053 
903 351 11 13 0.13686976 
567 272 8 10 0.13574164 
702 334 8 11 0.1354694 
158 309 8 10 0.13421512 
69 285 8 11 0.13410343 
896 343 9 11 0.13392106 
104 269 7 9 0.1297653 
199 278 10 12 0.1292181 
65 286 9 11 0.1250001 
885 352 12 14 0.12492701 
940 334 10 13 0.12364758 
286 261 8 10 0.12299479 
202 292 9 13 0.12273268 
302 301 9 12 0.1225552 
753 311 8 10 0.122209154 
321 287 9 12 0.12215808 
1006 403 13 16 0.12116801 
776 310 10 11 0.12067391 
694 311 8 10 0.1198127 
593 294 8 10 0.11900206 
112 264 8 10 0.11758188 
796 575 44 54 0.11618782 
758 349 11 13 0.11453138 
577 270 8 11 0.11434227 
558 316 15 20 0.11336356 
759 303 8 10 0.113065846 
778 304 8 9 0.11141049 
138 265 8 9 0.11076154 
597 311 8 10 0.1101132 
581 326 11 12 0.11004146 
761 295 7 9 0.109929144 
518 273 13 17 0.10754119 
114 279 8 11 0.10672377 
318 291 9 11 0.10539599 
935 329 8 10 0.10521695 
248 279 7 10 0.10452811 
861 342 10 12 0.10351032 
123 321 13 16 0.10298456 
213 283 10 12 0.10226757 
726 320 8 11 0.10219129 
953 295 8 9 0.10173187 
163 271 7 9 0.101517275 
775 316 9 11 0.101388924 
0 302 10 13 0.09879016 
199 270 9 11 0.09838962 
120 289 9 11 0.09681835 
926 365 13 15 0.09480153 
869 382 13 16 0.094766185 
784 304 8 9 0.09475935 
718 301 7 10 0.09416578 
543 288 11 14 0.093882404 
79 315 14 20 0.09321383 
887 312 8 10 0.092631854 
96 271 8 9 0.09134738 
936 338 11 14 0.09004569 
581 269 10 13 0.08994423 
584 334 12 14 0.08980842 
15 290 10 12 0.089442365 
143 287 9 11 0.08885738 
813 356 12 14 0.08879236 
151 279 8 10 0.0886938 
827 318 7 10 0.08771889 
241 353 24 28 0.08734035 
141 301 11 14 0.08710805 
326 284 10 13 0.08437358 
814 303 9 11 0.0842629 
811 326 10 11 0.08417343 
756 343 10 13 0.083129704 
808 321 10 12 0.08299193 
562 292 11 13 0.08294209 
840 320 9 10 0.079871856 
582 288 8 11 0.07939935 
833 334 9 11 0.07939162 
230 271 9 10 0.079092056 
104 292 11 13 0.0788062 
815 296 7 9 0.07871967 
97 329 12 16 0.078169174 
884 476 17 21 0.077281594 
179 301 10 13 0.07721319 
8 120 11 15 0.07717021 
712 351 12 14 0.07705679 
705 286 7 9 0.07691923 
345 287 10 12 0.076890096 
708 303 7 9 0.076639414 
854 333 9 12 0.07607367 
576 325 10 12 0.07539268 
365 238 8 10 0.07531483 
1013 301 8 12 0.07513991 
798 357 9 12 0.074428536 
321 265 7 10 0.07439745 
742 324 9 11 0.07435223 
70 280 8 11 0.0740215 
728 295 6 9 0.07327461 
128 270 7 9 0.07316631 
694 296 7 10 0.07314746 
720 320 8 11 0.07247752 
137 303 9 13 0.07233458 
537 262 9 13 0.07197886 
845 370 12 15 0.07135507 
977 340 9 13 0.070504956 
797 318 9 11 0.07038424 
118 263 7 9 0.070338555 
536 278 10 13 0.06977858 
255 270 8 11 0.06973517 
566 276 8 12 0.06898808 
640 350 12 15 0.06866847 
248 284 8 10 0.06819894 
144 293 10 12 0.068145014 
535 285 11 14 0.06715096 
111 269 8 10 0.06714622 
81 292 9 11 0.06679791 
814 345 9 11 0.06641522 
401 261 15 17 0.0662739 
342 269 8 10 0.06604679 
942 286 8 10 0.06601499 
134 294 9 10 0.06587822 
94 248 8 10 0.065409794 
135 288 9 12 0.06500548 
712 296 7 10 0.06479259 
591 289 9 10 0.06442941 
846 320 8 10 0.064253405 
446 282 14 19 0.06400164 
239 271 7 9 0.0638709 
853 329 8 10 0.06361144 
240 278 8 11 0.063599996 
768 362 13 16 0.06355759 
25 286 12 16 0.06341739 
924 369 11 15 0.06306989 
128 264 7 9 0.06214385 
560 271 9 11 0.0617242 
855 345 11 13 0.061602496 
203 354 11 17 0.061601732 
457 244 11 15 0.06154351 
760 321 9 11 0.06147893 
853 420 19 22 0.061306763 
865 318 8 10 0.06113296 
987 350 15 19 0.060397353 
713 271 7 9 0.06023183 
689 349 10 13 0.06019151 
809 296 7 9 0.060157098 
822 310 7 9 0.059600476 
885 519 29 38 0.059572548 
561 276 10 11 0.05954472 
693 302 7 9 0.059490755 
981 336 13 15 0.05928122 
825 452 25 29 0.05889136 
704 326 8 10 0.05861224 
144 331 10 14 0.058028582 
230 238 7 9 0.05763504 
120 240 7 8 0.05755201 
842 325 9 11 0.057519693 
757 322 18 22 0.057006013 
133 320 12 17 0.05643166 
789 341 8 11 0.056425363 
183 272 8 10 0.056295518 
809 345 10 11 0.055810567 
810 309 8 10 0.055620268 
957 379 13 16 0.055516303 
249 271 7 9 0.05539138 
46 278 9 11 0.05536297 
939 294 8 11 0.055008285 
759 404 16 19 0.054868136 
141 339 12 15 0.05479279 
801 385 13 17 0.054785904 
838 359 10 13 0.054765474 
1012 342 9 14 0.054363985 
701 549 26 31 0.05433994 
950 287 9 11 0.053525757 
632 511 27 31 0.053400736 
182 277 9 11 0.052849263 
553 470 23 31 0.052551072 
791 298 7 9 0.05250701 
92 309 10 13 0.05166809 
875 393 12 16 0.051535364 
813 319 8 10 0.051528066 
582 264 9 11 0.0514103 
169 254 8 11 0.051242087 
530 245 10 13 0.05118643 
752 304 8 11 0.051057637 
639 361 12 16 0.05089357 
259 354 15 21 0.05066221 
440 292 12 15 0.050545935 
93 254 9 10 0.05052981 
1003 395 13 17 0.05042268 
774 327 9 10 0.050419196 
704 370 12 16 0.050208267 
809 303 9 11 0.04976754 
600 325 9 12 0.049732484 
51 155 24 25 0.04967163 
148 326 9 11 0.049594633 
592 276 9 12 0.049445372 
881 302 6 8 0.049378023 
175 254 8 10 0.049125988 
563 302 11 14 0.048882622 
336 309 11 14 0.04846602 
634 403 10 14 0.048127644 
920 302 9 10 0.0479343 
340 307 14 18 0.04771232 
700 365 12 14 0.04747529 
1012 293 8 12 0.047403343 
137 245 8 9 0.04734451 
622 519 25 36 0.04728428 
828 366 11 14 0.04713506 
911 331 10 12 0.046948925 
767 318 9 10 0.046531823 
231 406 40 49 0.046508584 
149 272 7 8 0.04650617 
711 308 9 10 0.04648836 
791 309 9 10 0.046079017 
605 443 15 20 0.045845725 
82 338 12 15 0.04572188 
747 572 28 40 0.045645993 
821 304 8 10 0.045545507 
706 281 7 9 0.045467462 
822 358 9 12 0.04536884 
537 290 11 15 0.045247283 
632 94 10 13 0.045058846 
507 276 15 20 0.044868108 
953 302 9 11 0.04459575 
656 329 10 11 0.044416636 
577 252 9 11 0.04426521 
441 250 9 13 0.04414193 
125 289 10 12 0.04403532 
126 247 7 9 0.04397489 
596 362 13 19 0.043888424 
949 279 7 9 0.043786075 
113 285 9 11 0.043479428 
0 260 9 13 0.043450817 
112 293 9 12 0.043276235 
190 346 16 19 0.04303038 
582 354 16 18 0.04299393 
41 260 9 12 0.042599313 
136 240 9 10 0.042558007 
135 279 9 10 0.042529047 
643 352 14 18 0.042303964 
96 264 7 9 0.042221233 
950 535 36 41 0.04221616 
808 353 12 15 0.04211811 
592 301 10 12 0.042029835 
462 238 11 14 0.04199012 
932 358 12 15 0.041917708 
230 275 10 12 0.041861102 
109 309 12 14 0.04175692 
121 246 8 10 0.04173484 
79 329 14 19 0.04159819 
167 275 8 10 0.041387215 
995 341 10 14 0.04123723 
805 254 8 10 0.04112988 
793 326 10 11 0.040805027 
174 319 11 13 0.04075012 
719 297 8 9 0.04073698 
89 270 8 10 0.04064358 
366 231 7 10 0.040617168 
697 328 8 10 0.04054627 
697 332 10 12 0.040439583 
652 350 10 13 0.040086623 
801 326 9 12 0.040040664 
752 347 11 13 0.04002223 
710 287 7 9 0.039956644 
184 247 8 10 0.03986879 
218 418 30 36 0.03977484 
264 417 19 23 0.039761897 
744 309 8 11 0.039534558 
887 343 10 12 0.039456233 
330 239 8 9 0.039173823 
860 354 11 12 0.03910197 
838 308 7 9 0.038974945 
733 373 10 14 0.03875327 
840 246 8 9 0.038553126 
231 263 8 10 0.038366195 
313 288 8 11 0.03836577 
289 276 9 11 0.038320497 
159 305 8 10 0.038266446 
792 335 9 11 0.0381889 
308 302 9 12 0.03809682 
71 263 7 9 0.038062934 
1006 355 13 15 0.03800801 
120 255 8 11 0.037980013 
102 287 10 11 0.037910704 
911 394 14 17 0.03785021 
705 296 7 9 0.037782177 
119 319 12 15 0.037720934 
700 560 16 21 0.03757567 
103 353 27 28 0.037501067 
598 271 8 11 0.03744006 
922 295 8 10 0.037263617 
2 383 8 12 0.037097987 
65 264 7 9 0.03700696 
754 332 9 11 0.03696816 
136 341 12 13 0.036937185 
725 372 12 15 0.036448807 
63 290 11 13 0.036287177 
695 317 7 9 0.036224067 
574 319 10 13 0.036192182 
959 460 23 29 0.036153633 
937 300 9 11 0.036109358 
582 254 9 10 0.035789113 
35 277 15 18 0.035719242 
350 287 12 14 0.035641212 
1013 306 9 13 0.03562881 
923 611 46 53 0.03555112 
278 297 11 14 0.035507005 
597 317 9 11 0.035505477 
894 347 10 13 0.035493117 
96 279 8 10 0.0354565 
803 375 14 16 0.0353065 
533 254 10 12 0.035303906 
273 340 43 48 0.035058733 
282 261 8 10 0.035040602 
662 332 9 11 0.03488491 
940 328 10 12 0.034752324 
96 286 9 11 0.034642793 
833 313 7 9 0.034540664 
604 84 12 16 0.034466837 
132 304 19 25 0.03413825 
65 270 9 10 0.03412591 
149 358 12 15 0.03403659 
230 302 10 13 0.034020204 
148 284 10 13 0.034015603 
272 339 12 15 0.034005802 
80 266 7 8 0.033933036 
199 264 10 12 0.03391281 
779 358 11 14 0.033688884 
839 264 7 9 0.033676155 
783 378 13 17 0.033664927 
240 255 8 9 0.03357934 
735 333 9 12 0.033488322 
914 313 8 10 0.03339538 
959 345 13 15 0.033358682 
568 263 8 11 0.033329356 
714 362 15 18 0.033305507 
207 263 6 9 0.033291087 
416 265 11 16 0.033253778 
273 263 6 9 0.033251233 
737 248 8 9 0.03316295 
852 373 12 16 0.03311092 
848 295 8 9 0.03303196 
175 263 8 10 0.03296585 
916 480 19 22 0.03291261 
792 355 11 15 0.032757692 
6 387 8 11 0.03273945 
279 279 9 12 0.032617234 
701 339 11 14 0.03261692 
833 295 8 10 0.03258522 
261 350 24 31 0.03254215 
180 345 15 20 0.032524355 
776 295 8 9 0.032431096 
411 250 11 15 0.032426592 
760 288 7 9 0.03229523 
888 303 6 9 0.032252945 
696 342 9 13 0.03213995 
780 385 13 16 0.032072593 
321 364 39 49 0.03202769 
70 270 8 10 0.03190754 
550 275 11 13 0.03188839 
936 347 10 13 0.03183126 
96 293 11 12 0.031803157 
271 255 7 9 0.031621017 
951 340 9 12 0.031605933 
798 312 8 10 0.031188248 
808 365 12 14 0.03114305 
700 559 47 43 0.031117858 
169 323 10 12 0.031098753 
80 270 7 9 0.031070074 
840 334 9 11 0.031043293 
756 361 13 16 0.031039376 
552 214 9 12 0.030957539 
313 264 7 10 0.030950164 
89 264 6 9 0.030759215 
1007 307 10 12 0.030744797 
879 332 9 11 0.030692408 
71 254 8 9 0.030574594 
409 247 10 12 0.030502655 
766 333 10 13 0.030478766 
304 265 8 9 0.030376334 
907 489 38 44 0.030242516 
583 317 10 12 0.030133907 
805 321 18 22 0.030126184 
824 442 23 26 0.030039208 
328 256 7 10 0.029988095 
799 333 9 12 0.029935604 
826 311 19 25 0.029871712 
776 288 8 10 0.029840028 
855 297 7 9 0.029790929 
551 196 7 10 0.029761767 
571 347 37 48 0.029563546 
693 369 11 15 0.02945418 
168 264 8 10 0.029429475 
813 379 13 16 0.029420596 
597 303 9 11 0.029385325 
653 361 11 17 0.029352292 
950 379 14 17 0.029349428 
263 296 8 10 0.029195497 
729 309 8 10 0.029116718 
917 311 9 10 0.0290918 
254 283 8 11 0.02906721 
337 269 9 10 0.029060578 
831 357 10 13 0.028995004 
111 247 8 10 0.02896895 
950 387 15 19 0.028955588 
736 321 8 10 0.028951125 
863 373 10 14 0.02890993 
971 349 10 13 0.028890114 
702 357 11 15 0.028871855 
838 371 13 17 0.028868388 
1000 400 14 18 0.02876758 
943 457 26 35 0.02875699 
841 241 8 10 0.028672522 
656 512 22 29 0.028638922 
914 367 20 24 0.028551038 
54 272 8 10 0.028356716 
202 393 38 50 0.02834123 
862 271 7 9 0.028287344 
527 252 10 13 0.028229294 
962 455 17 21 0.028226374 
600 331 9 12 0.02816101 
112 255 8 11 0.028150493 
56 285 9 11 0.028063081 
601 264 8 10 0.028033182 
552 345 17 24 0.02802253 
729 302 7 10 0.028018463 
216 265 9 10 0.02792227 
191 415 28 35 0.027911419 
755 373 14 17 0.027881285 
863 379 13 15 0.027800648 
468 234 13 16 0.027783988 
839 297 7 10 0.027758999 
854 346 18 22 0.027583243 
556 341 12 17 0.02751523 
631 362 12 17 0.027479414 
967 332 12 14 0.02741931 
117 351 11 13 0.027362596 
766 302 7 9 0.027336529 
60 145 16 18 0.02732848 
624 315 10 13 0.027266625 
743 297 7 9 0.0269625 
84 286 10 11 0.026935773 
205 271 10 11 0.026921231 
345 279 8 12 0.026886629 
183 285 10 12 0.026872471 
831 326 8 11 0.026782341 
192 263 8 10 0.02668781 
362 255 8 11 0.026684789 
754 327 10 12 0.026651127 
555 306 20 24 0.02655105 
882 317 8 10 0.02654026 
879 351 10 13 0.02650213 
775 348 11 13 0.02632578 
241 249 7 9 0.02630991 
834 255 7 9 0.026272934 
780 371 13 17 0.026251912 
273 286 18 22 0.0262137 
361 244 9 10 0.026177345 
689 316 8 11 0.026143318 
47 272 8 11 0.026137246 
244 342 44 50 0.02607567 
764 399 16 19 0.026009103 
420 262 19 24 0.025989601 
766 296 7 10 0.025927426 
194 270 7 10 0.025896676 
742 332 9 12 0.025889734 
1008 287 10 13 0.025879972 
290 315 14 14 0.025831128 
240 262 8 9 0.02579036 
261 272 8 10 0.025679743 
692 411 11 15 0.025639752 
790 375 12 16 0.025468152 
1010 344 17 25 0.02544473 
728 265 8 10 0.025253762 
799 480 28 35 0.025077771 
326 263 7 10 0.025054447 
88 279 8 11 0.02503526 
582 274 10 13 0.024971861 
577 364 14 17 0.024927927 
138 255 8 9 0.024886435 
322 256 7 9 0.024883708 
180 295 11 13 0.024875121 
694 279 7 9 0.024854796 
713 332 9 12 0.024847522 
336 263 8 11 0.024806982 
53 279 9 11 0.024740303 
877 492 26 35 0.024729457 
909 464 25 31 0.024723569 
1014 327 9 13 0.024627835 
90 249 8 10 0.024606038 
217 267 17 21 0.024508595 
599 277 8 10 0.024494627 
945 280 9 11 0.024487972 
625 332 9 10 0.024454493 
902 363 12 16 0.024385704 
840 341 9 11 0.024363196 
963 378 13 16 0.024333423 
833 340 9 12 0.024280954 
576 302 11 13 0.024198936 
347 324 16 20 0.024171816 
453 221 12 15 0.024140863 
182 254 8 10 0.024025965 
831 349 9 11 0.024010047 
79 382 10 13 0.024001602 
162 265 7 9 0.02395947 
580 247 9 11 0.023952663 
612 542 31 35 0.023894278 
139 316 12 16 0.023859354 
1003 335 20 26 0.023853356 
766 371 12 16 0.023749815 
697 287 7 9 0.023727065 
324 290 11 13 0.023709387 
480 228 11 14 0.023660108 
224 293 9 11 0.023628341 
561 196 8 10 0.02362104 
605 279 9 10 0.023614688 
576 332 12 15 0.023584694 
696 359 19 24 0.023572536 
797 303 8 9 0.023559049 
1013 364 11 15 0.023503115 
787 496 32 42 0.023497595 
0 106 8 12 0.023483107 
824 325 8 11 0.023461487 
365 243 9 11 0.023460528 
934 573 46 50 0.023451118 
694 272 7 9 0.023369754 
299 345 15 20 0.023322513 
859 270 7 9 0.023306182 
174 271 8 10 0.023301428 
118 269 8 10 0.023290101 
870 422 17 21 0.023257436 
777 405 14 17 0.023195801 
920 287 8 9 0.023184057 
93 302 12 13 0.023157805 
849 303 9 10 0.02314045 
247 299 11 13 0.023076365 
913 617 31 37 0.023037177 
489 469 47 54 0.023013864 
1003 401 21 26 0.023013368 
918 318 8 9 0.022963714 
864 311 7 9 0.022923522 
272 269 7 10 0.022886863 
247 293 11 13 0.022853248 
331 284 11 13 0.02283072 
881 312 8 10 0.022823928 
109 351 14 16 0.022819761 
632 537 17 21 0.022745466 
937 279 8 10 0.022734748 
903 304 8 9 0.022714926 
825 394 14 18 0.022694211 
413 207 9 11 0.022692004 
162 360 17 19 0.022667462 
250 232 6 8 0.022666628 
847 289 7 8 0.022585534 
849 302 19 25 0.022545762 
834 441 17 21 0.022440886 
713 373 16 20 0.022434408 
678 307 11 13 0.02242795 
309 347 13 19 0.022421287 
158 357 13 17 0.022376278 
79 281 9 11 0.022375302 
92 315 12 15 0.022362076 
719 270 8 10 0.022267668 
597 448 23 30 0.022225091 
614 550 16 21 0.022170182 
908 572 42 47 0.022130113 
954 567 46 53 0.022081964 
-22 171 198 209 0.022064209 
125 254 9 11 0.02204916 
167 306 11 12 0.022003546 
1014 332 10 15 0.02197926 
333 279 9 12 0.021940164 
103 309 11 13 0.021871982 
142 246 6 9 0.021822102 
790 350 11 13 0.021761663 
796 363 13 16 0.021752914 
940 435 24 28 0.021743976 
894 318 8 9 0.021736389 
13 278 9 11 0.021723626 
901 327 9 12 0.021717113 
920 213 9 12 0.021691898 
690 309 8 11 0.021618864 
589 355 23 31 0.021584524 
721 335 17 21 0.021541318 
154 308 9 12 0.021530828 
79 301 11 12 0.021530025 
870 343 8 12 0.021505244 
919 326 9 12 0.021484146 
925 301 8 10 0.02146043 
633 355 12 17 0.021375928 
181 320 10 12 0.021356989 
110 273 20 24 0.021353306 
222 286 9 12 0.021306105 
579 335 20 23 0.021299073 
624 389 10 12 0.02120618 
127 240 7 9 0.02116299 
590 256 8 10 0.021147104 
103 297 12 15 0.021142637 
520 254 10 13 0.02111619 
362 260 9 12 0.021106573 
870 317 8 10 0.021090077 
991 323 11 14 0.02106318 
914 285 8 10 0.021043306 
230 284 10 13 0.020988574 
833 296 19 24 0.020907452 
784 295 8 10 0.020885846 
537 268 18 24 0.02087204 
589 324 12 14 0.020804888 
733 341 9 12 0.020771716 
205 359 12 18 0.020752303 
726 346 10 13 0.02074296 
798 391 14 18 0.020667998 
826 475 28 34 0.020665677 
839 269 8 10 0.020660833 
342 264 8 11 0.02062239 
213 291 11 14 0.020620156 
305 7 56 69 0.020574573 
176 249 8 11 0.020493161 
289 272 7 9 0.02045087 
800 296 7 9 0.020421179 
601 419 11 16 0.02041931 
920 199 8 10 0.020369707 
743 276 9 10 0.020304931 
183 373 42 52 0.020289635 
528 205 9 11 0.020264354 
798 341 9 12 0.020251138 
176 277 8 11 0.02022063 
112 240 8 9 0.020217262 
29 124 13 16 0.020197269 
85 312 22 26 0.020154705 
1001 308 10 12 0.020143079 
878 481 19 22 0.02013238 
941 301 9 11 0.020077232 
650 525 17 22 0.020058831 
255 294 9 12 0.020027915 
814 331 10 12 0.020004774 
