2_Demonstration_Demonstrators_2_413
141
129 241 25 31 0.9907864 
383 185 19 23 0.93303585 
493 177 15 21 0.9305835 
109 237 13 20 0.9168485 
281 225 17 21 0.9016847 
525 166 9 12 0.6218449 
882 112 26 38 0.5194045 
20 234 16 21 0.5102243 
182 261 12 17 0.47320428 
419 201 14 20 0.4492599 
148 225 13 17 0.44437587 
359 192 15 19 0.4270855 
0 262 14 23 0.30948114 
114 322 29 34 0.28781772 
277 220 16 20 0.2428474 
98 289 17 21 0.20432293 
166 252 14 20 0.19359688 
246 214 11 14 0.18257025 
315 209 14 18 0.17893435 
422 194 22 29 0.1768605 
342 198 10 13 0.12404991 
44 249 33 41 0.1213863 
564 171 11 15 0.105967805 
351 208 14 19 0.092661954 
697 38 64 60 0.090130314 
959 94 11 14 0.08659241 
204 247 16 20 0.07964836 
356 199 15 21 0.07891963 
466 153 14 17 0.07744628 
958 96 25 37 0.07705944 
289 205 10 12 0.07624127 
511 167 8 10 0.07357116 
226 232 14 20 0.06850281 
631 79 53 75 0.06830887 
36 255 49 59 0.06690214 
435 190 23 30 0.061937347 
341 201 13 19 0.061778873 
174 257 14 19 0.061622124 
284 292 13 15 0.055711705 
910 114 42 51 0.055268534 
585 180 33 39 0.054806475 
44 236 28 35 0.054726698 
254 238 11 15 0.05389766 
68 303 30 39 0.053207286 
25 228 15 21 0.049848646 
301 209 13 18 0.04941364 
562 186 49 62 0.04892769 
875 386 158 210 0.04750951 
243 209 20 24 0.0455937 
272 217 15 19 0.0449935 
393 186 14 20 0.044939604 
733 274 353 489 0.044580672 
100 230 21 28 0.044213902 
251 212 14 17 0.04260919 
25 224 46 56 0.042179756 
77 269 12 16 0.04210795 
272 258 13 19 0.041882273 
35 231 25 35 0.041354973 
161 257 14 19 0.04016027 
333 208 14 19 0.039655417 
247 243 14 18 0.03714775 
54 308 37 45 0.036888476 
262 214 11 14 0.036332984 
323 209 13 19 0.035750076 
983 98 42 70 0.03380925 
229 212 11 14 0.033641644 
47 279 47 62 0.03362353 
520 161 18 22 0.033540335 
560 167 11 16 0.032387372 
450 188 16 22 0.031644925 
687 269 121 164 0.031596884 
37 228 16 20 0.03138345 
0 252 22 36 0.031070905 
404 199 16 21 0.030715603 
448 159 11 12 0.030581273 
66 249 14 20 0.030503204 
56 245 19 25 0.030102238 
37 244 27 35 0.029964332 
223 222 12 15 0.029681807 
956 95 16 23 0.02956796 
31 257 12 16 0.029270336 
404 186 13 18 0.02913402 
521 169 11 13 0.028801765 
261 292 9 14 0.02844994 
36 256 17 20 0.02826033 
154 242 21 30 0.02824634 
560 166 20 29 0.028157443 
351 206 24 30 0.02785622 
504 166 9 12 0.027692005 
478 179 12 16 0.027664086 
6 242 25 33 0.02745292 
457 152 24 27 0.02689427 
199 230 24 30 0.02685496 
565 203 30 35 0.026726158 
198 242 16 21 0.02632654 
76 267 23 29 0.026210485 
191 252 22 27 0.026177451 
91 303 38 50 0.026048403 
412 197 15 22 0.026029339 
620 152 31 34 0.025745956 
625 307 42 52 0.025250161 
144 242 16 23 0.025188042 
228 221 13 16 0.025102014 
138 236 17 23 0.024833787 
83 297 26 34 0.024766458 
259 209 24 29 0.024755761 
300 217 13 18 0.024472049 
16 233 86 101 0.024373474 
238 291 14 18 0.024219327 
352 189 13 16 0.02387726 
253 207 11 14 0.023768019 
189 222 26 30 0.023668371 
522 161 9 11 0.023540666 
58 266 45 55 0.023524802 
958 109 15 21 0.023516372 
210 223 22 28 0.023326205 
790 111 47 49 0.023287335 
230 230 21 28 0.023217954 
244 293 14 17 0.023174213 
183 251 20 24 0.023124663 
508 181 10 13 0.02298971 
59 257 26 34 0.02294861 
171 288 17 21 0.022030467 
445 195 26 30 0.021947907 
22 505 38 49 0.021828037 
156 221 12 17 0.021798491 
932 95 37 50 0.02175188 
292 218 15 21 0.02173326 
553 157 9 13 0.021695694 
545 197 10 13 0.02103543 
293 208 14 20 0.020722682 
27 254 30 35 0.020569233 
357 183 12 15 0.020458004 
354 276 12 14 0.020283835 
322 217 13 18 0.02018954 
27 242 23 30 0.020176133 
456 181 24 33 0.02015733 
114 237 23 33 0.02015224 
238 217 13 18 0.020032901 
524 212 13 16 0.020025115 
955 96 41 59 0.020016968 
