2_Demonstration_Political_Rally_2_816
121
510 37 91 118 0.99923456 
798 554 60 73 0.99643 
231 432 65 76 0.99334806 
701 493 54 72 0.9799075 
587 112 66 83 0.963643 
154 409 48 57 0.9537214 
763 433 31 40 0.88116795 
719 432 29 34 0.8459037 
785 428 30 39 0.6151344 
689 464 34 46 0.5686757 
94 430 75 137 0.5299037 
935 449 38 44 0.5091605 
948 575 54 66 0.50390995 
690 476 47 65 0.35940418 
831 502 45 51 0.27454197 
104 425 52 82 0.26798806 
797 485 24 37 0.19913954 
828 481 41 52 0.18661188 
815 522 52 63 0.1539552 
938 486 45 58 0.123745896 
659 481 41 67 0.12152906 
907 499 39 52 0.11832897 
677 250 108 99 0.11691088 
830 470 33 39 0.11361796 
356 332 42 55 0.11273204 
54 293 58 64 0.08880432 
799 438 19 24 0.070654035 
813 481 36 47 0.06811708 
56 378 145 208 0.068049885 
190 422 46 61 0.06377994 
185 379 28 38 0.06344116 
540 61 90 115 0.06186948 
771 412 24 28 0.057923526 
995 456 23 32 0.0557344 
773 424 29 39 0.05282296 
218 274 17 23 0.049587313 
934 453 57 69 0.049139153 
207 359 32 38 0.048113354 
878 443 28 35 0.047760803 
790 492 39 48 0.04758142 
290 419 46 57 0.047148883 
139 425 56 76 0.046004124 
630 97 56 74 0.044512525 
715 438 48 58 0.044351958 
198 138 184 217 0.04283899 
706 465 55 73 0.042808183 
703 459 35 43 0.04100612 
854 506 47 56 0.040575545 
462 86 16 19 0.03964296 
284 334 24 30 0.039088193 
109 399 57 72 0.03894203 
635 475 53 89 0.037220016 
191 361 28 37 0.03671174 
912 390 23 31 0.036393013 
340 494 55 87 0.03550169 
992 452 18 23 0.035447106 
923 395 17 22 0.033809736 
211 220 13 15 0.03367269 
266 217 32 37 0.032905642 
81 494 55 85 0.032727446 
602 499 57 91 0.03258005 
219 263 17 22 0.032259375 
121 450 60 91 0.032160405 
894 515 43 54 0.03086564 
263 260 13 17 0.0300272 
475 507 49 66 0.029865658 
75 227 29 37 0.029859731 
803 437 25 33 0.029664896 
114 426 31 53 0.029508252 
523 529 108 132 0.029200748 
73 532 41 51 0.02901934 
108 276 14 17 0.028880868 
622 195 209 213 0.02888046 
711 442 32 39 0.028680652 
957 491 36 42 0.028600413 
222 346 29 35 0.028215231 
232 127 115 130 0.027415438 
209 211 14 15 0.0265457 
347 345 33 40 0.026470162 
776 443 19 26 0.026333105 
252 335 23 26 0.025664352 
774 541 51 70 0.025492024 
638 65 93 114 0.025163004 
216 416 51 66 0.024898147 
999 421 24 35 0.02446208 
274 433 55 69 0.024450121 
207 204 13 17 0.024039129 
134 386 54 68 0.023970343 
745 612 43 57 0.023723861 
190 212 13 17 0.02371081 
435 440 59 84 0.023697678 
183 151 127 149 0.02354761 
261 253 22 28 0.023428785 
758 540 44 63 0.02341742 
769 456 45 56 0.023375016 
309 330 13 17 0.023265004 
304 -8 58 64 0.02308852 
878 426 28 29 0.022973549 
182 433 30 41 0.02276466 
219 227 12 14 0.022657419 
685 430 25 32 0.02249263 
151 222 11 14 0.022247255 
164 389 49 62 0.022233915 
82 299 49 59 0.02215671 
176 342 50 64 0.021814672 
238 339 24 28 0.021587038 
284 164 15 18 0.02156521 
666 450 49 64 0.02142741 
818 483 77 93 0.021275572 
892 484 41 57 0.021184545 
618 137 36 49 0.021091111 
205 374 28 36 0.021075105 
336 325 82 95 0.020803677 
707 280 41 43 0.020773325 
665 157 51 64 0.020552758 
287 333 42 49 0.020317094 
205 215 25 30 0.020258768 
291 331 15 18 0.02025781 
326 354 13 20 0.020199014 
993 433 27 37 0.02013153 
824 455 30 39 0.020129548 
