2_Demonstration_Political_Rally_2_746
303
586 91 66 82 0.9995652 
586 370 62 72 0.99946016 
850 2258 59 75 0.9991968 
168 2368 89 109 0.99919266 
509 355 66 82 0.99715036 
357 2323 86 103 0.9954242 
594 2299 27 34 0.9905297 
779 1344 68 102 0.9892139 
56 2336 42 54 0.9879931 
753 2325 31 35 0.98531276 
965 123 41 54 0.9803254 
201 2254 40 51 0.9790709 
281 208 15 21 0.9159785 
130 2305 40 45 0.9028955 
268 197 12 14 0.8653019 
332 192 18 21 0.8548379 
723 1373 30 46 0.7129839 
252 195 13 16 0.68938106 
646 2286 26 35 0.66676 
862 142 12 15 0.614265 
403 1338 12 18 0.60031205 
305 2293 45 58 0.5930035 
834 189 11 15 0.54625136 
482 1314 15 20 0.52202225 
115 1284 20 28 0.44002804 
444 1317 8 11 0.31423026 
72 186 20 27 0.25545648 
350 214 15 19 0.2526526 
262 197 11 15 0.24813391 
490 1345 13 17 0.24426542 
787 226 18 23 0.23270936 
284 1329 25 44 0.23123029 
460 1365 14 17 0.2096481 
481 2297 28 40 0.20771176 
660 1356 12 19 0.20035377 
175 2251 23 29 0.1712732 
834 214 11 16 0.15994053 
49 203 17 25 0.13814606 
145 1316 11 15 0.13385604 
403 1365 18 24 0.13299352 
341 2260 14 18 0.13170551 
310 2284 29 33 0.12889777 
340 2264 22 28 0.1246912 
111 1289 15 19 0.12338434 
749 212 14 17 0.11949422 
464 1332 8 11 0.11626267 
701 1351 8 11 0.11611588 
530 2313 14 19 0.113118775 
292 211 12 18 0.10238393 
676 1406 20 25 0.10228584 
175 1330 13 18 0.100060225 
700 1357 9 13 0.096141025 
218 1246 25 33 0.09581357 
622 2311 21 32 0.095207855 
-1 303 39 64 0.08911016 
175 1280 9 11 0.088902734 
271 1298 12 15 0.08717889 
648 1349 21 30 0.08675274 
468 1359 12 15 0.08522922 
263 1303 10 13 0.082833886 
301 2276 22 30 0.079812996 
477 1342 11 14 0.07960794 
99 2349 30 36 0.07951455 
642 1320 13 19 0.07949326 
880 245 13 18 0.07918277 
658 2287 26 37 0.0791115 
518 1342 11 14 0.07904309 
653 2285 15 23 0.078944325 
157 1324 14 17 0.077842385 
614 2299 23 33 0.07638355 
720 1352 9 11 0.07562278 
329 196 25 30 0.07504354 
260 2367 48 75 0.07082408 
190 1294 8 10 0.06934977 
227 1256 13 18 0.06902629 
250 1268 18 22 0.06771094 
452 1392 26 30 0.06704418 
535 974 25 31 0.066681124 
724 1369 15 24 0.06647836 
212 205 10 13 0.06623941 
298 212 14 18 0.06563501 
630 1338 38 55 0.06296225 
223 203 10 13 0.062830016 
844 167 16 23 0.062193703 
183 637 218 257 0.06216498 
82 188 16 24 0.062149946 
321 224 15 20 0.061839376 
371 1324 39 56 0.061065756 
158 1306 10 12 0.059589732 
271 228 12 16 0.05944466 
882 116 16 21 0.05786962 
698 403 32 38 0.05720282 
718 1369 15 20 0.055622045 
408 1337 15 19 0.055586763 
298 2194 14 19 0.05542114 
520 1335 9 12 0.055017818 
399 1332 13 22 0.054400515 
277 1293 14 18 0.05357143 
54 192 24 30 0.053535216 
470 1326 8 11 0.05115807 
437 2303 28 35 0.050451737 
421 1339 13 17 0.05020704 
409 1320 9 12 0.04993574 
388 1337 14 21 0.048206624 
173 2280 23 33 0.048081588 
149 1321 13 17 0.047890812 
101 1276 37 52 0.047299676 
829 191 18 22 0.04665672 
704 1345 7 10 0.04609909 
176 2246 10 14 0.0459245 
103 1289 15 19 0.045794543 
556 361 66 86 0.0456127 
283 1290 15 19 0.044456016 
122 1295 14 20 0.044431657 
686 1367 12 15 0.04412611 
414 1320 9 11 0.044105295 
429 1340 10 14 0.04409741 
207 207 12 14 0.043982886 
645 1327 13 19 0.043697536 
467 1369 13 16 0.043086533 
207 1301 9 13 0.042900458 
331 2268 26 34 0.042892624 
246 192 14 16 0.042785447 
142 528 46 58 0.04270389 
387 1329 26 36 0.042571627 
681 1343 8 10 0.04251807 
221 2250 28 41 0.04227493 
93 1230 27 46 0.041359406 
329 2286 28 41 0.04119237 
601 1298 15 17 0.040058415 
916 2259 41 59 0.04004376 
274 197 12 16 0.03946267 
680 1373 11 14 0.038619127 
241 195 11 15 0.038247112 
755 214 13 20 0.03729914 
420 1332 11 16 0.03694194 
168 1279 8 10 0.036940858 
414 1324 11 13 0.03689133 
355 212 20 26 0.036865346 
133 2372 50 69 0.03662891 
712 1357 10 13 0.03609479 
254 1295 11 12 0.036083777 
514 954 19 24 0.03591111 
107 1258 25 30 0.03484192 
387 1274 12 15 0.03482199 
175 1251 12 15 0.034645222 
601 2312 20 27 0.034621343 
233 2249 26 35 0.034590427 
549 2284 14 17 0.034495976 
693 1361 12 16 0.034217898 
486 2293 42 52 0.034132168 
627 2307 14 21 0.034014296 
288 165 11 14 0.033897202 
340 207 24 29 0.033320863 
521 1327 10 13 0.033093933 
182 1285 8 11 0.033080243 
711 1351 9 11 0.033010133 
116 512 349 407 0.032557644 
861 119 10 13 0.032392472 
258 2311 46 56 0.032390732 
200 1293 9 12 0.03223454 
503 1327 9 10 0.031895474 
181 1311 8 11 0.03176116 
725 1350 8 11 0.031719547 
412 1331 14 19 0.031575345 
154 1300 11 15 0.031493228 
159 1296 9 11 0.031401858 
468 1388 16 20 0.03140171 
400 1325 10 17 0.03135987 
117 1242 11 15 0.031215888 
458 1360 11 14 0.031040344 
125 477 52 60 0.030838963 
160 1285 9 11 0.030835943 
685 1343 8 10 0.030696014 
420 1326 9 12 0.03063376 
201 2350 83 113 0.030306295 
116 1261 12 15 0.03019256 
422 965 25 30 0.03015569 
816 190 8 12 0.03001586 
34 423 55 76 0.029987998 
522 1450 33 37 0.029848546 
320 1271 12 16 0.029824685 
478 2301 12 18 0.029561441 
272 209 14 19 0.029532986 
297 2301 29 45 0.029513095 
176 2261 28 38 0.029397119 
514 2302 29 37 0.029390875 
678 1378 11 15 0.02930968 
134 2314 50 60 0.029196141 
292 1323 33 53 0.028948536 
365 2263 16 22 0.028668951 
202 1300 10 13 0.028460575 
217 1354 19 18 0.028337361 
461 1288 8 10 0.028240576 
199 1329 13 18 0.028028479 
997 101 21 32 0.027996996 
690 1342 79 104 0.027870977 
845 213 12 15 0.027629983 
427 1346 11 15 0.027618108 
307 236 11 15 0.027592644 
829 208 18 26 0.0275091 
640 1322 22 32 0.027432587 
686 1348 10 12 0.027150212 
292 2269 23 31 0.026919292 
252 2053 11 16 0.026596898 
353 1335 34 44 0.0264708 
252 1319 14 18 0.026304804 
91 220 13 16 0.026223402 
248 263 20 33 0.026072705 
387 1260 11 15 0.026050651 
479 1302 10 12 0.025733933 
208 200 10 12 0.025598126 
454 1369 25 28 0.02558979 
119 1237 11 14 0.0254506 
183 1294 10 12 0.025419677 
594 2339 40 62 0.025415003 
741 242 16 23 0.025356429 
835 199 13 19 0.025329828 
503 1333 10 12 0.025182692 
673 2295 17 22 0.024972161 
472 1391 19 22 0.024934491 
149 2370 64 84 0.024865687 
500 2282 11 13 0.024785431 
238 216 14 19 0.024779346 
629 1322 15 19 0.024778781 
458 1292 8 11 0.024708603 
290 2057 9 11 0.024480052 
109 1259 13 18 0.024470251 
690 1058 16 18 0.024140265 
387 1347 28 40 0.023923177 
610 2366 30 49 0.023920951 
475 1364 13 15 0.023906948 
469 1334 9 11 0.023721773 
365 1247 10 14 0.023658149 
894 2261 47 64 0.023559663 
185 1340 16 19 0.023419717 
669 410 36 38 0.023409558 
821 172 13 15 0.023297656 
487 1351 13 17 0.02327299 
778 1339 11 15 0.023256999 
164 1328 15 19 0.023223983 
326 207 24 31 0.02321129 
674 2284 26 31 0.023010544 
363 1252 13 18 0.023001349 
331 1153 13 18 0.022991005 
174 1334 21 25 0.022932008 
709 1402 12 17 0.022912621 
239 2377 51 72 0.022872292 
473 1295 9 10 0.022863371 
438 1396 12 17 0.02280833 
425 111 10 13 0.022768913 
175 1259 9 12 0.022731097 
679 1336 8 10 0.022665126 
835 181 13 19 0.022627462 
486 1333 12 15 0.022608211 
191 1289 9 11 0.022441268 
682 1398 22 31 0.022440707 
294 221 21 27 0.022396721 
261 1295 10 13 0.022395449 
102 2356 17 23 0.022308165 
484 1304 10 13 0.022248656 
139 1509 196 284 0.022176255 
244 2244 13 17 0.022158714 
294 233 13 17 0.022076102 
453 1412 26 33 0.021853663 
184 647 35 44 0.021836312 
176 1299 10 13 0.021745924 
156 1317 14 17 0.021661697 
204 598 108 102 0.021330006 
45 196 15 22 0.021314558 
237 2283 25 34 0.021305976 
714 1352 21 27 0.021142326 
476 1340 20 25 0.021088118 
879 158 10 13 0.021065617 
608 339 54 61 0.02101174 
151 1279 10 12 0.02082657 
86 1025 16 21 0.020815304 
65 2057 28 34 0.020766795 
496 2283 10 13 0.020716352 
333 184 15 19 0.020704972 
501 1340 10 14 0.020701906 
477 1357 11 14 0.020701017 
186 2251 17 23 0.020671444 
292 2282 72 95 0.020642633 
930 1331 11 16 0.020639945 
256 1235 13 17 0.02063239 
253 2005 17 21 0.020523667 
445 1322 10 14 0.020472534 
267 2061 12 16 0.020462383 
206 1281 8 11 0.02043343 
188 1299 10 12 0.020419141 
201 1280 9 12 0.020406973 
472 1345 12 15 0.020362968 
538 2315 14 17 0.020225028 
949 147 39 40 0.020224953 
286 2304 25 43 0.020130072 
479 1336 10 13 0.020090053 
655 2279 10 14 0.020076947 
117 1253 11 14 0.020062646 
267 1301 15 20 0.020035459 
462 1356 20 24 0.02002889 
40 196 12 15 0.020006971 
337 2166 8 11 0.02000453 
