2_Demonstration_Demonstration_Or_Protest_2_606
89
761 254 64 72 0.99878246 
542 292 94 130 0.99870944 
902 264 58 66 0.99869484 
218 295 44 59 0.9980294 
331 280 84 110 0.99764204 
186 248 30 37 0.9962603 
631 242 60 64 0.9938001 
712 258 33 44 0.9900821 
45 254 45 50 0.9870733 
709 220 23 27 0.9843014 
503 243 39 61 0.98148704 
219 240 38 47 0.97910094 
826 235 38 51 0.97312886 
744 273 34 49 0.9271575 
6 283 36 41 0.92150253 
445 222 30 47 0.9151862 
147 256 26 30 0.85126317 
999 278 26 53 0.82818925 
283 233 31 41 0.80654013 
106 304 53 52 0.7010879 
117 240 19 26 0.5632869 
292 228 43 53 0.54424083 
125 103 21 27 0.42443937 
264 164 13 15 0.27546296 
110 241 16 22 0.094362766 
121 298 42 36 0.0800699 
262 204 11 13 0.07205704 
620 205 9 12 0.06511825 
70 64 7 9 0.05695398 
194 245 41 50 0.0558785 
148 244 15 19 0.054947738 
631 197 9 11 0.054143608 
700 224 24 30 0.054068204 
725 245 27 36 0.052805647 
128 247 14 20 0.05229486 
964 240 12 15 0.042748597 
614 200 12 15 0.042150434 
105 242 29 35 0.040082738 
688 204 10 12 0.039851133 
0 257 21 34 0.039844777 
695 232 14 19 0.038793694 
73 47 9 12 0.03684785 
-1 258 38 55 0.034513496 
126 275 49 51 0.03376291 
78 49 13 17 0.033404093 
102 245 16 22 0.03278847 
703 224 38 50 0.032681786 
260 249 16 19 0.031243594 
116 87 38 44 0.030312952 
0 258 12 21 0.030127259 
509 77 18 21 0.030038267 
66 64 8 11 0.02992162 
730 239 19 23 0.029677954 
695 211 11 14 0.02833271 
67 252 44 51 0.028143419 
726 269 34 45 0.02734292 
711 203 12 15 0.026698759 
92 246 30 37 0.026500309 
49 213 9 12 0.026023349 
612 208 13 16 0.025817147 
140 84 11 13 0.025487155 
622 200 9 12 0.025437351 
90 235 26 30 0.02528216 
1 315 26 44 0.02528076 
139 265 33 38 0.024869557 
45 231 9 11 0.02480779 
256 230 26 33 0.02473641 
474 233 46 64 0.024631139 
227 215 26 30 0.024521997 
55 220 9 12 0.02372471 
310 234 54 68 0.023489654 
58 150 9 12 0.022721028 
42 237 10 14 0.022647182 
982 156 9 11 0.022346122 
82 230 23 26 0.022316046 
637 205 11 14 0.022202255 
971 558 15 21 0.02219591 
110 230 11 15 0.022195537 
119 231 11 14 0.022116888 
124 248 25 31 0.02185187 
748 180 11 14 0.021801399 
621 212 13 14 0.021054856 
208 217 26 30 0.020896964 
104 313 32 36 0.020745143 
985 288 28 44 0.020659419 
222 225 27 31 0.020445589 
60 221 10 13 0.020426381 
628 229 15 19 0.02020183 
246 237 30 33 0.020133236 
