2_Demonstration_Demonstration_Or_Protest_2_102
293
424 607 24 32 0.9743303 
979 511 18 25 0.96552116 
672 543 21 27 0.93380535 
759 575 16 21 0.9240478 
952 488 17 20 0.86802524 
773 540 14 19 0.8339843 
403 605 22 30 0.807642 
266 583 20 25 0.66171503 
77 605 27 31 0.62590986 
1004 500 14 18 0.62563634 
313 579 13 16 0.51015854 
799 527 14 18 0.4066659 
332 543 16 17 0.37476933 
449 583 22 27 0.32016605 
777 516 11 13 0.28691182 
628 584 20 29 0.28424516 
785 554 14 20 0.28406847 
657 572 24 31 0.28181306 
243 590 15 21 0.22872609 
700 538 19 27 0.22576344 
439 578 20 27 0.22207595 
0 636 8 15 0.2153912 
757 531 13 17 0.2151205 
458 580 23 27 0.17548504 
798 518 13 17 0.16769177 
235 602 16 20 0.1663338 
285 539 14 18 0.16393703 
839 497 18 20 0.15804107 
443 491 12 17 0.15330315 
62 645 14 19 0.13831636 
686 540 23 29 0.13697672 
362 518 9 12 0.13466376 
564 613 27 32 0.13414301 
907 515 15 19 0.13395524 
390 609 24 27 0.119072124 
439 574 11 17 0.1128183 
686 517 12 15 0.11158356 
772 438 12 15 0.10987989 
228 512 14 18 0.107044235 
840 525 12 14 0.10700175 
549 600 44 50 0.10591003 
631 568 14 20 0.10434527 
728 503 9 13 0.10353132 
270 551 10 13 0.099939115 
780 535 11 14 0.09765087 
235 467 14 18 0.09724789 
333 522 15 17 0.09250638 
606 587 13 16 0.091670424 
362 539 13 16 0.0904327 
14 667 14 18 0.08865188 
700 550 16 23 0.08859591 
835 583 18 23 0.07904626 
779 510 12 16 0.07848828 
901 521 15 19 0.07690943 
993 395 10 13 0.076776125 
421 488 9 11 0.0761023 
792 524 13 17 0.075250536 
834 552 17 23 0.07358148 
985 507 15 22 0.07288626 
248 585 21 28 0.07177092 
862 501 12 16 0.071508855 
1011 534 12 19 0.0708925 
707 560 13 19 0.069772296 
1003 475 10 13 0.06938031 
416 489 10 12 0.069235794 
728 614 21 29 0.06884917 
789 498 10 14 0.06847233 
862 545 14 18 0.06345598 
365 547 13 16 0.062976785 
1005 536 13 20 0.062441714 
771 468 11 14 0.06170014 
753 537 12 17 0.059603408 
779 544 14 21 0.0588553 
38 657 21 25 0.05862174 
572 612 16 21 0.058524687 
367 554 12 15 0.058308087 
561 625 26 33 0.058152966 
382 611 15 19 0.054345228 
827 522 14 18 0.054278444 
261 592 22 28 0.053547997 
888 504 12 17 0.053200103 
400 515 15 17 0.05122426 
798 497 11 15 0.050186135 
960 490 14 17 0.05018593 
994 569 14 17 0.049338363 
680 516 11 15 0.049070463 
751 568 20 27 0.048855096 
640 590 16 22 0.04836578 
813 571 20 26 0.04786868 
237 579 17 22 0.04781368 
610 583 21 27 0.04747165 
170 556 16 19 0.047386914 
5 660 12 18 0.046957098 
702 513 14 17 0.04532569 
788 538 13 19 0.0452706 
822 396 14 18 0.045228157 
949 348 13 17 0.043423142 
706 533 13 19 0.04278683 
249 552 15 18 0.042741813 
422 510 10 12 0.04249403 
899 430 9 11 0.04223286 
781 523 11 14 0.042009804 
621 586 17 25 0.041905474 
564 609 16 22 0.041653976 
708 511 13 15 0.040834807 
912 463 9 12 0.040535584 
622 641 26 33 0.040497437 
739 490 22 27 0.040480707 
68 641 23 31 0.040459987 
23 619 12 14 0.04031778 
48 633 13 17 0.040303383 
678 670 16 18 0.039840803 
189 495 24 31 0.0397608 
551 601 27 32 0.039672352 
624 662 17 20 0.03955698 
334 561 15 18 0.039512947 
824 413 11 13 0.03937512 
571 605 13 17 0.039351873 
758 524 226 210 0.0392118 
899 493 20 27 0.038506 
333 532 16 18 0.038312506 
632 560 10 12 0.03761258 
799 509 13 18 0.037115782 
222 508 25 32 0.036729604 
352 537 12 16 0.03656148 
474 419 13 17 0.036084507 
718 547 12 19 0.0358278 
804 496 14 17 0.03540604 
645 584 24 31 0.034870222 
91 592 15 20 0.034771785 
791 517 12 16 0.034741517 
784 495 11 14 0.034718018 
279 615 15 20 0.034632146 
839 479 22 29 0.034551967 
228 550 25 28 0.034517214 
914 438 10 12 0.034290582 
643 630 28 36 0.03416471 
762 530 17 23 0.0341288 
811 524 12 18 0.0333695 
437 486 22 28 0.033219256 
329 548 22 26 0.033193 
843 578 16 23 0.03316032 
847 411 13 16 0.032843094 
770 337 24 32 0.032565787 
737 564 23 32 0.032411125 
59 430 27 34 0.032274097 
263 549 10 14 0.032188933 
596 595 16 23 0.032036606 
928 464 9 12 0.031930044 
665 367 16 19 0.031749878 
813 496 12 17 0.031672116 
973 487 9 11 0.031562153 
372 550 10 13 0.031548686 
827 420 10 14 0.031460423 
32 662 13 15 0.031301912 
206 565 14 20 0.031054774 
227 561 15 17 0.030865582 
843 559 13 20 0.030674968 
233 474 12 15 0.030500853 
847 495 20 27 0.030201498 
666 475 11 15 0.029980833 
468 574 16 21 0.029698087 
603 591 17 23 0.029643621 
589 656 15 20 0.029588187 
784 502 19 27 0.029574467 
771 492 13 16 0.029415688 
749 547 14 19 0.029260317 
458 596 19 24 0.029196115 
649 308 28 36 0.029168978 
636 577 24 30 0.029095663 
660 410 13 17 0.029084202 
732 553 23 33 0.029042298 
-36 75 159 261 0.02879297 
836 570 15 19 0.02865734 
716 509 11 15 0.028655943 
928 439 10 12 0.028049037 
432 570 13 18 0.028007105 
759 326 43 55 0.028002925 
994 430 9 12 0.027943324 
595 633 13 15 0.027743997 
19 673 12 14 0.02768959 
957 510 14 20 0.027638426 
595 620 22 29 0.02763707 
334 508 14 17 0.027394721 
254 467 13 18 0.027329657 
364 633 15 22 0.027154347 
450 572 17 21 0.02714609 
691 516 13 16 0.026899308 
492 572 13 17 0.02676517 
633 641 17 23 0.026759854 
445 634 17 24 0.026653819 
230 578 39 44 0.026616186 
601 320 40 53 0.026490493 
812 584 13 17 0.0263817 
53 648 19 26 0.026236374 
863 483 11 14 0.02609663 
90 584 16 19 0.026022349 
965 488 11 14 0.02595101 
672 518 11 13 0.025915252 
910 469 12 16 0.025813002 
216 555 28 33 0.025783245 
644 438 11 14 0.02574008 
908 497 15 19 0.025441373 
47 568 10 13 0.025280055 
701 565 16 23 0.025239738 
46 517 9 11 0.025233453 
6 658 20 28 0.025116786 
638 558 10 14 0.025025476 
942 483 12 16 0.0249726 
621 312 17 19 0.024762345 
160 514 12 14 0.024740523 
741 553 15 20 0.024736531 
762 525 13 17 0.02466536 
277 547 12 16 0.024454143 
175 471 11 13 0.024451924 
666 602 16 22 0.024448907 
401 617 19 25 0.024344591 
767 437 20 24 0.024162853 
1000 462 8 10 0.02415973 
557 608 16 19 0.024126958 
615 651 27 33 0.024069093 
838 447 9 12 0.024026377 
581 613 23 32 0.024024623 
797 536 13 17 0.023943853 
894 494 11 16 0.023927333 
577 624 16 20 0.023835238 
704 519 21 28 0.02383436 
230 595 18 20 0.023796732 
221 608 16 19 0.023735205 
865 538 15 20 0.023660949 
308 670 12 14 0.023608226 
582 633 27 31 0.023481928 
794 547 13 18 0.023400715 
838 373 12 15 0.023321122 
971 548 12 14 0.023312656 
633 398 23 28 0.023272052 
961 495 15 20 0.023169823 
42 518 8 10 0.023099395 
318 639 11 12 0.023093507 
844 571 14 20 0.023090208 
779 496 19 24 0.02289432 
220 538 13 17 0.022770664 
89 603 17 22 0.02276335 
125 512 13 17 0.022725293 
215 513 16 20 0.022692813 
217 610 11 15 0.02261412 
803 534 14 18 0.022523856 
727 531 13 17 0.02247404 
665 469 11 14 0.022467116 
403 123 31 37 0.02246225 
912 454 10 12 0.022451887 
312 659 13 15 0.02238379 
896 527 12 18 0.022372596 
904 400 9 11 0.022246292 
219 522 30 38 0.022196842 
365 490 13 18 0.022066683 
463 584 26 33 0.022026638 
990 500 13 18 0.021988887 
66 525 12 15 0.021899605 
797 470 16 19 0.021850776 
223 368 9 13 0.021848602 
977 447 11 14 0.021821838 
349 567 22 29 0.021814657 
723 546 15 22 0.021729184 
676 530 27 32 0.021712253 
732 493 20 26 0.021693755 
666 556 26 33 0.021625323 
990 563 23 30 0.02153541 
951 477 12 15 0.021522155 
738 625 13 18 0.021350626 
82 621 19 24 0.021218415 
243 25 106 130 0.021174895 
548 627 29 36 0.021159455 
682 510 10 14 0.02105096 
438 460 10 12 0.021001888 
453 491 11 16 0.020966845 
422 502 12 15 0.020876719 
612 583 13 16 0.020853553 
450 26 25 31 0.020839509 
767 356 26 34 0.02075562 
643 556 14 17 0.02064115 
776 520 21 24 0.020625768 
651 313 17 21 0.020576732 
536 604 28 32 0.020558039 
850 405 12 15 0.020364555 
217 537 28 38 0.020301815 
794 494 21 26 0.02028445 
870 478 10 13 0.020281056 
741 486 16 19 0.020266337 
713 601 25 32 0.020246891 
679 512 20 25 0.020227054 
588 640 16 18 0.020200739 
968 542 11 14 0.020171145 
