2_Demonstration_Protesters_2_646
82
653 218 76 91 0.9978017 
334 183 23 32 0.9977162 
342 256 108 133 0.9976555 
474 213 78 100 0.9853799 
592 178 21 29 0.9851127 
226 190 52 67 0.9814587 
979 222 40 55 0.96511966 
389 179 18 24 0.9264474 
815 344 68 86 0.8200089 
568 218 36 55 0.8183975 
283 175 15 19 0.75311637 
452 164 50 64 0.5140925 
88 187 23 29 0.4828887 
118 173 33 38 0.38160276 
190 186 18 22 0.36963364 
511 124 33 38 0.2525578 
90 198 24 32 0.2199775 
313 361 27 34 0.18836428 
19 79 42 57 0.18029587 
4 198 28 37 0.16563284 
743 194 14 18 0.10291907 
374 184 13 18 0.08837173 
545 195 46 63 0.088249415 
2 72 30 44 0.07065623 
103 179 25 31 0.060295697 
781 312 108 136 0.057712097 
456 134 51 62 0.0559577 
94 138 22 29 0.053061783 
358 195 14 21 0.052789684 
454 188 57 78 0.045275986 
740 192 24 30 0.04434669 
388 203 17 21 0.04429492 
248 170 28 31 0.04428337 
41 85 34 48 0.043934826 
517 214 59 76 0.042663578 
481 126 49 56 0.042218804 
566 1 43 50 0.041125894 
232 279 31 32 0.04095633 
438 182 11 15 0.040007193 
269 171 23 29 0.039535988 
180 444 16 22 0.038047045 
463 147 31 38 0.0380018 
240 183 34 40 0.0360688 
216 369 16 20 0.033608016 
585 169 36 47 0.032593798 
326 299 25 36 0.032447796 
433 169 48 62 0.03236925 
132 189 26 32 0.031413462 
472 333 42 62 0.03072109 
879 2 20 17 0.03071885 
572 122 33 36 0.030309616 
563 200 27 35 0.030121524 
441 18 12 15 0.029975105 
14 92 27 40 0.02985775 
544 16 9 12 0.027917733 
426 132 27 34 0.027507454 
95 181 18 23 0.027400509 
379 206 30 33 0.027323699 
438 137 84 101 0.027107028 
414 179 13 18 0.026960472 
414 176 22 32 0.026890771 
540 193 26 32 0.02642336 
427 136 17 21 0.026351009 
384 174 37 46 0.025803706 
78 181 25 32 0.025110252 
545 195 16 20 0.023959668 
399 239 108 132 0.023358688 
143 192 26 30 0.023169622 
396 125 23 26 0.02311338 
381 63 15 18 0.022991281 
447 150 30 37 0.022578603 
23 166 26 33 0.022533258 
423 183 26 38 0.022116773 
444 161 16 21 0.021775085 
264 349 25 33 0.021606855 
366 185 23 29 0.021572629 
900 5 15 15 0.021300372 
434 132 35 42 0.021155683 
480 152 37 44 0.021102943 
104 136 22 29 0.021075645 
724 182 46 63 0.020288689 
-11 200 77 128 0.020265618 
