2_Demonstration_Demonstrators_2_306
92
45 390 10 13 0.30947122 
124 327 15 17 0.2709545 
110 414 13 17 0.24682637 
0 482 13 22 0.23928441 
167 334 11 13 0.23399422 
151 419 13 17 0.20286487 
165 429 11 14 0.19343974 
718 153 39 45 0.14004458 
189 363 10 13 0.120057344 
47 393 12 16 0.110306956 
863 346 83 137 0.0967054 
112 397 12 16 0.09361482 
184 428 14 18 0.09139295 
206 393 9 11 0.09053961 
37 381 11 15 0.0849917 
212 373 9 12 0.07942405 
141 408 14 21 0.079422385 
732 550 23 28 0.07756882 
202 397 10 12 0.07442635 
239 373 8 11 0.07353933 
164 422 12 15 0.07278214 
714 485 16 21 0.068206504 
210 368 8 10 0.066837795 
68 373 9 12 0.064820506 
271 366 9 14 0.06342373 
157 427 13 16 0.058686614 
34 403 12 15 0.057195593 
234 375 7 10 0.05647946 
183 405 12 16 0.05326307 
187 381 11 14 0.052237466 
648 491 12 16 0.05091259 
582 490 14 15 0.047848918 
7 361 14 20 0.046078157 
62 570 14 17 0.04588556 
149 406 11 15 0.044891264 
62 387 14 16 0.0445665 
141 395 10 15 0.042201012 
32 378 11 15 0.04171328 
43 384 11 14 0.039450306 
133 404 16 20 0.038928248 
35 374 11 14 0.038520064 
190 424 9 13 0.035156842 
144 487 11 14 0.034608424 
37 396 11 15 0.0326901 
247 384 8 11 0.031972077 
156 414 14 17 0.031296812 
5 419 12 18 0.031280935 
56 371 12 14 0.030442795 
172 429 11 15 0.03027352 
102 417 16 19 0.029620245 
223 383 8 10 0.029349102 
149 382 11 13 0.029155217 
85 369 11 16 0.028717197 
62 380 13 16 0.028470464 
691 -41 386 471 0.028008703 
633 522 43 50 0.027855968 
0 382 6 12 0.02758978 
11 328 15 20 0.02742556 
94 364 15 18 0.02705657 
192 446 9 11 0.026248876 
199 380 10 13 0.025834281 
247 388 9 12 0.025714548 
185 360 10 12 0.025587613 
232 392 8 10 0.02544272 
142 389 11 15 0.024883207 
125 409 16 21 0.024560254 
152 387 10 14 0.024452511 
246 368 8 11 0.02412385 
39 383 18 24 0.024073474 
81 365 11 15 0.023741504 
131 441 13 16 0.023502497 
142 478 10 13 0.023339475 
52 389 13 17 0.022867719 
223 391 8 11 0.022774337 
141 425 14 17 0.022636576 
163 414 12 15 0.022555556 
214 378 10 13 0.02241322 
742 595 45 45 0.022142148 
69 368 10 13 0.022126233 
706 118 19 25 0.02205433 
172 421 11 15 0.021838756 
113 400 15 20 0.021280617 
533 454 12 15 0.021219136 
189 371 10 14 0.021175895 
133 414 18 22 0.02113908 
223 375 9 11 0.02104542 
155 429 22 26 0.021042675 
1 354 12 19 0.020763421 
851 493 27 30 0.02059159 
4 412 18 30 0.020293437 
173 436 9 13 0.020284707 
61 367 12 14 0.020138932 
