2_Demonstration_Demonstrators_2_378
293
102 453 64 84 0.99941707 
200 402 59 67 0.99937314 
217 498 70 78 0.998684 
483 209 30 38 0.9984353 
647 262 37 43 0.9983985 
810 489 58 68 0.99833703 
191 190 26 33 0.99832314 
398 238 33 39 0.99813026 
154 265 40 47 0.9972312 
100 208 32 35 0.99663985 
535 257 34 43 0.9964372 
571 239 28 32 0.99599636 
940 397 60 68 0.9959759 
330 220 26 35 0.9956157 
155 205 31 35 0.99560463 
415 193 32 35 0.99485624 
261 355 59 64 0.9940006 
307 276 38 42 0.9939387 
673 330 49 57 0.9937509 
596 420 47 52 0.99290353 
644 438 51 59 0.9921423 
609 329 46 59 0.9921245 
604 273 29 32 0.99178326 
208 136 23 27 0.9899912 
496 520 72 65 0.98997974 
105 138 23 27 0.98942965 
360 224 32 37 0.9891936 
947 227 26 32 0.98402447 
508 359 41 53 0.9827266 
432 306 39 48 0.9820514 
159 169 23 28 0.9798384 
869 338 29 31 0.9785831 
219 243 38 46 0.9784184 
551 374 39 51 0.9782844 
503 299 44 49 0.9758252 
735 283 31 40 0.9754048 
325 463 48 59 0.97499985 
710 406 40 46 0.9732897 
13 206 38 37 0.97244036 
765 318 38 40 0.9698732 
371 288 38 47 0.9666677 
961 152 17 26 0.9609697 
91 249 36 40 0.9552613 
346 194 22 26 0.95292693 
90 300 43 47 0.9491871 
750 419 49 57 0.9264388 
137 302 28 43 0.9231678 
265 225 35 42 0.92257875 
433 462 63 71 0.92114675 
311 170 21 26 0.9159785 
-1 305 29 61 0.91094613 
892 208 19 26 0.9092536 
905 360 31 35 0.8865812 
497 421 47 59 0.88073695 
146 201 28 34 0.8651371 
927 172 21 25 0.83892965 
750 366 50 55 0.8197567 
898 407 39 52 0.7377909 
927 213 24 28 0.6961261 
652 500 54 58 0.63974285 
699 493 48 56 0.6386501 
182 376 41 52 0.60437685 
294 197 21 26 0.58603895 
1011 134 13 22 0.58449405 
847 392 41 49 0.56151825 
524 367 44 52 0.55169463 
389 332 39 49 0.55017203 
137 197 22 30 0.4706405 
842 280 16 20 0.46268463 
283 286 28 36 0.44181365 
43 184 28 36 0.37973696 
618 242 25 29 0.36194545 
737 294 44 48 0.33181292 
835 403 33 41 0.31724885 
284 220 28 40 0.31611168 
150 233 30 35 0.30940858 
569 474 38 48 0.304831 
921 104 10 13 0.29326552 
1003 218 19 23 0.28800404 
258 423 32 50 0.2879884 
932 264 17 21 0.2782538 
947 340 17 21 0.25599435 
687 3 29 25 0.24535112 
275 431 35 50 0.2404132 
558 317 24 33 0.22148433 
941 115 13 16 0.21360719 
905 141 22 31 0.19699012 
910 138 16 21 0.19150737 
777 385 42 49 0.18716988 
159 190 28 37 0.17874818 
218 174 18 23 0.16003545 
606 257 29 36 0.15177089 
718 419 46 53 0.14624976 
737 270 35 37 0.14166777 
864 453 40 55 0.13744265 
233 209 21 27 0.1332218 
485 333 15 20 0.12552296 
755 334 49 55 0.11806298 
11 222 29 36 0.117643274 
294 279 34 41 0.11735333 
642 292 39 45 0.11654752 
755 305 35 40 0.11277371 
341 408 28 37 0.10851182 
920 366 18 23 0.10704321 
728 439 48 53 0.098447226 
9 270 33 51 0.09760716 
227 410 48 61 0.096670344 
931 304 17 19 0.09122887 
543 233 23 28 0.090632565 
348 406 18 24 0.084677726 
914 134 13 16 0.08378622 
140 154 22 27 0.080562904 
337 211 26 35 0.07780776 
649 363 25 31 0.07656163 
637 274 40 48 0.07503673 
1002 226 22 29 0.075033374 
516 233 16 21 0.07445285 
277 277 29 33 0.07338075 
646 476 52 62 0.07289817 
734 460 37 50 0.07195176 
377 315 43 52 0.0710949 
562 307 35 45 0.07095344 
940 346 25 31 0.070839025 
868 408 40 51 0.064713545 
583 243 18 22 0.0642607 
1005 241 16 20 0.063330695 
996 83 13 16 0.06289323 
707 465 51 59 0.06287409 
333 198 25 30 0.06279373 
917 176 16 21 0.062434077 
475 451 51 60 0.062286135 
999 200 20 26 0.060598165 
740 259 27 29 0.06059655 
824 278 21 28 0.06049618 
6 136 29 37 0.059557885 
0 395 28 39 0.05867847 
522 269 43 52 0.05829362 
634 250 13 17 0.058193162 
401 321 44 54 0.056174573 
290 424 38 55 0.052804075 
228 197 21 32 0.051958572 
307 418 40 53 0.051192474 
293 234 29 38 0.051126484 
496 445 34 43 0.05098288 
31 282 29 43 0.05094405 
990 93 13 16 0.04885875 
676 6 30 29 0.0483739 
122 166 16 21 0.046650693 
701 1 21 20 0.046606947 
1004 554 20 25 0.046435017 
901 152 15 21 0.046338703 
879 444 32 49 0.04588796 
178 185 26 35 0.04550891 
583 287 39 47 0.045438554 
379 255 45 56 0.04525274 
867 319 29 36 0.045244213 
296 223 18 26 0.044949714 
283 204 26 36 0.044886798 
221 182 20 28 0.044269975 
605 282 47 55 0.043846246 
299 189 15 19 0.04345603 
793 2 27 27 0.042906594 
102 234 31 38 0.04283068 
918 96 19 25 0.042820994 
207 181 23 30 0.042474158 
551 485 49 54 0.042385165 
664 73 35 35 0.04222964 
601 304 34 38 0.042196136 
884 321 14 16 0.041793317 
0 201 23 33 0.04108462 
235 238 39 46 0.040348303 
316 403 41 54 0.040132355 
906 355 21 26 0.039860036 
130 157 21 27 0.03936087 
868 247 11 14 0.03925852 
195 358 41 50 0.039185654 
948 110 12 16 0.03856276 
-1 207 12 21 0.03834281 
422 293 31 39 0.037561644 
991 116 14 18 0.037173104 
892 388 40 53 0.036772892 
243 146 16 20 0.036484644 
692 416 51 58 0.036309466 
922 355 17 23 0.036268193 
886 402 30 45 0.036185127 
156 221 30 37 0.035962287 
736 506 43 57 0.035781845 
512 410 46 59 0.035675805 
336 390 30 37 0.03562876 
906 377 36 48 0.035529803 
669 481 59 68 0.035383604 
670 418 50 59 0.03527682 
999 196 15 19 0.034652174 
324 211 26 34 0.034628306 
240 186 22 28 0.034243044 
868 352 28 36 0.03336989 
274 294 32 41 0.03309008 
914 151 15 19 0.032489136 
168 183 17 24 0.03227886 
2 283 33 63 0.03215235 
502 445 48 61 0.031913083 
899 159 22 29 0.031731214 
390 470 44 56 0.03147813 
410 469 52 63 0.030967468 
92 430 57 82 0.030878713 
405 257 31 39 0.030621154 
615 246 14 16 0.030268285 
925 351 25 31 0.029367052 
913 103 10 11 0.029220112 
461 206 24 31 0.02895148 
266 219 20 24 0.028950706 
526 311 34 42 0.028916933 
1013 182 11 15 0.028810486 
907 125 21 29 0.028520877 
950 102 10 12 0.028239941 
793 375 29 40 0.027963908 
956 341 25 28 0.027815323 
298 297 36 42 0.027742442 
935 109 13 16 0.027686935 
225 171 15 20 0.027620306 
357 204 25 32 0.027606666 
918 116 12 15 0.02740208 
56 189 18 26 0.027232684 
280 236 20 26 0.027187323 
983 205 21 28 0.027176013 
115 153 22 29 0.027050735 
565 404 28 40 0.027005784 
901 168 12 17 0.027000856 
921 180 26 29 0.026971532 
912 27 25 34 0.02675454 
392 351 41 59 0.026752975 
148 318 28 39 0.026584294 
19 123 15 19 0.02650359 
563 244 26 35 0.026411844 
829 470 55 71 0.026171198 
483 336 24 31 0.026066253 
44 274 14 19 0.025930423 
699 411 33 40 0.025881764 
773 371 35 41 0.025839118 
266 231 21 25 0.025597572 
463 500 63 67 0.025320465 
1004 191 22 29 0.025073335 
894 319 12 14 0.02496349 
146 180 26 32 0.02491999 
754 521 32 37 0.024679566 
930 229 18 22 0.02461543 
285 202 16 20 0.024481922 
893 479 33 44 0.024454014 
302 175 17 22 0.02433017 
987 217 15 20 0.024215935 
7 233 15 20 0.02414511 
263 270 31 37 0.02410374 
951 155 16 20 0.024085442 
500 220 25 32 0.023958651 
886 344 41 46 0.02382748 
251 155 16 19 0.02379946 
913 108 10 12 0.023629969 
487 317 24 34 0.023484627 
886 456 36 55 0.023384782 
856 428 47 58 0.023301894 
935 222 19 25 0.023193268 
894 142 25 33 0.023045626 
936 120 14 17 0.022857258 
340 224 29 38 0.022637917 
605 312 41 52 0.022572227 
39 206 26 36 0.022497153 
992 77 13 17 0.022360114 
1000 138 14 19 0.022343995 
551 334 42 55 0.022240214 
338 412 21 24 0.022190724 
753 392 42 58 0.02218579 
909 75 13 18 0.022102576 
17 137 17 22 0.022063643 
23 186 41 50 0.022035692 
904 134 12 15 0.022028998 
951 350 18 21 0.021947633 
910 180 16 22 0.02165549 
865 381 30 39 0.021553712 
37 268 26 35 0.02155085 
582 405 45 58 0.021160802 
925 95 23 26 0.021049326 
232 187 20 29 0.020906396 
660 309 47 58 0.020566003 
735 361 79 92 0.020450622 
873 390 31 43 0.020440985 
14 120 24 33 0.020409912 
629 20 14 18 0.020353287 
985 98 12 15 0.020323712 
973 130 13 17 0.020254366 
269 325 52 60 0.020254048 
913 34 16 21 0.020246506 
1010 204 14 18 0.020237524 
325 202 16 20 0.020205101 
