2_Demonstration_Demonstration_Or_Protest_2_471
45
173 169 89 122 0.99963236 
586 284 61 78 0.9991731 
750 222 71 90 0.9977024 
652 333 41 50 0.82658803 
398 219 43 52 0.75389606 
86 153 58 95 0.682317 
220 414 33 42 0.6705306 
431 455 29 38 0.6210477 
438 271 38 51 0.6103487 
817 447 26 32 0.37873277 
618 450 23 32 0.35843727 
573 354 34 40 0.35510072 
449 510 27 37 0.29886252 
414 515 30 37 0.26766562 
591 495 23 29 0.18312265 
347 173 26 31 0.15815069 
648 354 39 45 0.07985566 
500 188 23 32 0.073152296 
472 411 23 32 0.07252735 
515 152 16 22 0.06947503 
707 171 24 32 0.06265377 
481 274 39 49 0.055860206 
514 152 27 38 0.048813123 
578 322 53 62 0.04704276 
14 632 15 20 0.044112474 
111 14 61 67 0.043634195 
861 146 46 37 0.04067796 
1007 643 10 15 0.040573657 
457 237 12 14 0.03893692 
135 153 96 123 0.03554637 
1010 656 13 20 0.03295975 
202 479 29 41 0.032222506 
453 504 15 19 0.031303935 
374 521 24 32 0.030680908 
490 195 24 33 0.029392807 
474 244 14 15 0.028767657 
501 173 26 36 0.026707409 
237 309 39 46 0.02646983 
494 156 44 69 0.025394548 
476 133 73 111 0.024289653 
504 317 42 57 0.022453045 
486 531 14 19 0.022221517 
337 166 41 50 0.021883043 
16 623 12 15 0.021711776 
466 238 23 26 0.02116944 
