2_Demonstration_Political_Rally_2_204
394
765 386 12 15 0.9604289 
222 430 14 16 0.8817488 
405 390 10 13 0.85678345 
341 396 9 13 0.78780705 
57 407 9 13 0.7052107 
497 398 10 13 0.6847019 
136 434 10 12 0.60671455 
384 394 10 14 0.6021733 
204 420 10 13 0.59198946 
578 391 9 12 0.46365276 
749 404 10 12 0.4520382 
644 374 10 13 0.43652305 
800 390 9 11 0.41267282 
464 391 10 13 0.39975977 
839 391 9 12 0.37973237 
278 402 10 12 0.3203819 
673 391 8 10 0.2982202 
924 391 7 9 0.289787 
526 400 10 13 0.2850362 
320 392 11 14 0.27551797 
101 422 8 11 0.25971246 
861 388 9 12 0.25508535 
640 379 11 12 0.21676801 
481 390 10 12 0.19897468 
22 404 10 13 0.1963728 
977 412 8 11 0.1789203 
870 375 8 9 0.17747031 
119 430 9 11 0.17111085 
866 406 8 11 0.16810156 
1000 388 9 11 0.15767102 
663 391 7 10 0.15705255 
782 389 10 13 0.15625022 
425 391 9 12 0.15344709 
248 423 9 10 0.15218683 
700 379 9 12 0.14871219 
821 415 9 11 0.14182693 
223 425 11 12 0.13851714 
745 399 10 14 0.13623653 
565 405 9 11 0.13419639 
429 386 11 14 0.13174558 
727 407 10 12 0.13163933 
689 412 8 11 0.13125867 
487 398 9 12 0.12916258 
150 429 9 11 0.12900434 
903 389 9 10 0.12802692 
807 397 8 10 0.1266486 
418 299 25 29 0.12453793 
96 431 8 10 0.124353975 
169 431 9 12 0.11915317 
140 430 10 13 0.11734284 
113 422 8 10 0.115336105 
693 414 8 10 0.11286504 
284 403 11 13 0.11177731 
896 382 7 9 0.111061245 
622 399 9 12 0.10969665 
615 76 11 16 0.1096949 
191 429 9 10 0.10312282 
254 423 8 9 0.10273403 
551 385 8 10 0.102045186 
849 368 8 9 0.10041989 
89 431 8 11 0.09968181 
616 396 9 11 0.0971174 
274 399 9 13 0.09583534 
550 399 9 12 0.09422851 
116 424 9 10 0.09413923 
566 399 8 11 0.08887655 
204 428 11 13 0.08831344 
40 423 8 10 0.08761549 
401 393 12 16 0.08630899 
388 391 9 13 0.08617337 
981 408 9 11 0.0854154 
800 395 9 12 0.0847485 
805 392 9 11 0.08395283 
872 383 9 11 0.08359477 
711 416 8 10 0.08199379 
446 398 9 11 0.0795394 
468 395 9 12 0.07790299 
878 390 9 11 0.07641313 
843 388 11 12 0.07371682 
904 385 7 9 0.07276209 
567 383 8 10 0.072735205 
101 428 8 11 0.07261506 
704 421 10 11 0.07119427 
645 369 10 11 0.07066189 
1004 385 9 11 0.06987636 
400 366 11 14 0.069320455 
160 423 9 12 0.06907223 
771 384 11 14 0.06808697 
545 398 8 10 0.06642616 
822 421 9 11 0.065748475 
824 405 8 10 0.06539044 
936 438 9 11 0.064572565 
248 429 9 10 0.06447004 
848 373 9 11 0.06346592 
840 384 9 12 0.06319762 
521 399 9 11 0.0628131 
129 422 8 11 0.0623991 
938 385 7 9 0.061674703 
411 288 26 31 0.061009344 
176 403 10 12 0.06023537 
663 381 9 11 0.059564296 
313 396 9 14 0.058666646 
726 399 9 11 0.057066277 
294 405 10 12 0.056043748 
191 423 9 11 0.056023605 
622 390 10 12 0.055682853 
694 420 9 12 0.05520524 
376 395 11 15 0.05518531 
613 89 13 17 0.054934442 
241 421 10 12 0.05445696 
130 415 9 10 0.05421035 
942 384 8 9 0.053442333 
576 385 8 10 0.052854113 
482 395 10 13 0.05262185 
207 437 9 11 0.052325778 
114 429 9 11 0.052122578 
302 414 9 13 0.052074835 
734 415 9 10 0.051749192 
815 391 9 11 0.051480792 
411 389 10 13 0.0509065 
111 438 9 10 0.049725767 
417 373 9 12 0.04954431 
638 388 12 13 0.04836997 
897 378 7 9 0.04796585 
501 392 10 14 0.047841217 
134 424 10 11 0.047814596 
294 396 11 16 0.047388684 
592 383 8 10 0.047010817 
172 434 10 12 0.04673188 
532 397 11 13 0.046485223 
561 400 9 11 0.04579519 
455 388 11 14 0.045620687 
501 402 10 12 0.045332838 
336 392 18 22 0.04495987 
658 391 8 11 0.044924594 
876 384 9 10 0.044922564 
306 467 10 13 0.044905223 
583 386 8 10 0.044498317 
437 289 14 19 0.044223655 
404 369 12 15 0.04415296 
127 430 9 12 0.043965627 
704 416 9 10 0.04360149 
567 94 11 14 0.043587007 
415 367 9 11 0.043441113 
769 413 9 11 0.043394364 
736 421 8 11 0.042766728 
247 417 9 11 0.042613663 
830 414 9 11 0.042096727 
791 389 8 12 0.042067185 
910 383 8 10 0.042051006 
832 397 9 11 0.041975137 
710 420 8 11 0.041703943 
407 360 10 11 0.041674912 
887 392 9 11 0.041626237 
16 410 12 14 0.041328173 
102 417 9 11 0.04127099 
895 389 9 11 0.04111064 
413 290 15 17 0.04086373 
143 425 9 11 0.040505636 
581 405 11 12 0.040434852 
590 388 10 13 0.040386405 
879 396 9 11 0.040289685 
945 399 8 9 0.040148906 
534 389 10 13 0.040141687 
992 423 9 12 0.040003385 
181 400 9 11 0.039855145 
134 382 9 12 0.039626535 
534 382 10 11 0.039580557 
223 416 8 10 0.03954901 
912 376 8 9 0.039513968 
428 292 13 16 0.03948328 
926 385 7 9 0.039396167 
639 396 9 11 0.039022196 
662 396 9 10 0.039008245 
430 376 13 15 0.037959967 
426 311 16 17 0.037805103 
369 363 10 13 0.037510797 
399 403 11 12 0.037432615 
111 366 7 9 0.0373763 
273 421 9 12 0.03727718 
705 141 9 11 0.03697256 
617 80 15 19 0.036940552 
393 365 10 13 0.036886442 
565 411 10 12 0.036829397 
792 384 8 12 0.0367482 
993 383 9 12 0.036690965 
582 414 11 14 0.03596688 
809 165 9 11 0.03594207 
641 358 8 9 0.03584492 
921 395 8 11 0.035741456 
87 423 8 11 0.035678174 
19 400 9 12 0.035675157 
81 423 8 11 0.03550112 
576 402 10 12 0.0352676 
192 437 10 11 0.03514968 
112 417 7 10 0.03512771 
829 182 8 11 0.034918882 
228 423 10 12 0.034715712 
609 396 9 11 0.03466475 
301 290 11 14 0.03450896 
246 437 9 10 0.03406943 
950 399 8 9 0.034009866 
423 366 9 11 0.03362116 
582 420 10 13 0.03339613 
729 367 7 10 0.03325874 
96 416 10 12 0.03317206 
284 411 11 14 0.03316758 
280 392 10 13 0.03312415 
641 367 10 12 0.03288261 
863 399 9 10 0.032748196 
624 382 10 12 0.03249274 
544 390 9 11 0.032256894 
921 440 7 9 0.03211483 
967 389 7 10 0.032031916 
768 406 9 12 0.0318228 
567 86 11 14 0.031730182 
993 376 7 9 0.031721976 
133 408 9 11 0.031713396 
135 388 9 11 0.03155717 
253 428 9 11 0.031548508 
509 397 9 11 0.031457983 
767 360 9 11 0.031359028 
531 404 10 12 0.031343807 
27 404 10 13 0.03124558 
184 429 8 11 0.031143693 
903 397 10 12 0.031038305 
240 437 9 11 0.030983295 
921 385 8 10 0.030970275 
840 206 9 11 0.030721106 
791 397 9 11 0.030530185 
654 128 8 11 0.030448413 
814 159 9 11 0.030448008 
176 422 9 11 0.030441407 
367 389 11 15 0.03040034 
944 389 8 9 0.030278498 
689 419 9 13 0.029983275 
999 421 11 14 0.029944966 
214 422 9 12 0.029880125 
622 355 9 11 0.029842248 
285 392 10 14 0.029793762 
297 413 9 13 0.029646741 
743 431 8 11 0.029571576 
94 436 8 10 0.029559003 
722 397 9 11 0.029353883 
399 360 10 12 0.029345611 
903 405 9 12 0.029248586 
528 391 10 12 0.029221222 
88 360 8 10 0.029149195 
926 406 8 10 0.029086918 
632 382 8 11 0.028892584 
373 359 10 12 0.028530443 
816 384 8 10 0.028473523 
910 399 9 10 0.028446972 
734 405 10 13 0.028436191 
300 403 13 16 0.028267931 
295 391 10 13 0.028240649 
381 398 14 17 0.028027147 
165 414 9 11 0.028020399 
518 481 8 10 0.027993742 
748 204 11 12 0.02798913 
640 370 17 21 0.027917095 
229 444 10 12 0.027844254 
741 382 8 11 0.027751165 
970 414 8 10 0.027691891 
609 75 10 15 0.027686678 
717 59 13 18 0.027683493 
240 416 9 11 0.027528798 
353 366 212 206 0.027406264 
511 381 10 12 0.027185168 
591 406 9 10 0.027174097 
575 386 17 22 0.027139856 
742 437 8 10 0.027030105 
433 413 10 13 0.027028354 
655 381 9 12 0.026970439 
918 375 6 9 0.026967956 
448 390 10 14 0.026502613 
429 360 11 11 0.026465952 
484 383 12 14 0.02619963 
167 406 10 12 0.026195709 
57 402 17 22 0.02595624 
729 357 8 10 0.025924552 
928 440 8 10 0.025898142 
657 397 9 11 0.025857814 
568 390 9 11 0.025837103 
113 456 9 12 0.02578508 
829 405 9 10 0.025760852 
960 385 7 9 0.025606679 
911 405 8 11 0.025463348 
857 384 10 12 0.025356907 
542 478 9 11 0.025311295 
745 395 18 23 0.025227448 
494 393 17 22 0.025221352 
482 404 10 13 0.025010493 
853 374 8 9 0.024922913 
598 397 10 11 0.02486376 
925 396 8 10 0.024828598 
518 391 9 12 0.024731504 
641 470 9 11 0.024594594 
1 712 54 63 0.024579521 
183 423 9 11 0.0243825 
701 173 10 13 0.024352299 
368 395 12 16 0.024308816 
815 396 8 12 0.02422228 
855 220 11 12 0.024210382 
318 391 18 22 0.024133144 
903 376 8 9 0.024076475 
907 54 14 17 0.024074169 
885 212 11 12 0.02405663 
1004 417 14 16 0.024055783 
81 427 9 12 0.023898711 
424 381 11 15 0.02380826 
559 383 8 10 0.023682931 
961 389 8 10 0.023641162 
390 415 11 13 0.023538103 
721 392 8 11 0.02352624 
1015 382 8 10 0.023312347 
510 376 9 11 0.023252733 
485 411 10 12 0.02324029 
609 91 10 16 0.023165233 
958 400 8 8 0.023085311 
597 383 9 11 0.023045003 
89 365 8 9 0.023030126 
632 389 8 12 0.022962768 
454 395 11 13 0.022918481 
39 427 10 13 0.02272485 
841 168 8 10 0.022703342 
432 480 8 10 0.022672916 
413 359 9 12 0.022645667 
128 436 9 11 0.02260896 
736 430 9 12 0.022523437 
734 397 11 14 0.022478405 
200 415 18 22 0.0224742 
968 368 8 9 0.022340288 
807 143 9 12 0.022338903 
654 374 9 12 0.022283396 
765 151 8 10 0.02225695 
710 38 9 11 0.022081563 
597 389 11 14 0.02203589 
870 437 8 11 0.022027502 
639 110 9 12 0.022020442 
557 477 9 10 0.021998405 
824 167 8 9 0.021985175 
510 389 12 15 0.021984316 
426 377 19 24 0.021979764 
866 368 8 10 0.021910204 
232 397 8 12 0.021848237 
297 419 9 12 0.021792198 
444 462 10 12 0.021776173 
535 377 8 11 0.02173259 
697 134 9 11 0.02170415 
743 422 7 10 0.021659773 
437 478 9 11 0.021651119 
1014 445 8 12 0.021633517 
381 420 12 13 0.02161671 
439 276 11 14 0.021587942 
240 429 10 12 0.02156836 
855 413 9 12 0.021565221 
103 438 9 10 0.021501152 
422 281 25 31 0.021495266 
463 384 10 13 0.02145317 
279 412 11 13 0.021243755 
716 45 10 13 0.021202855 
991 397 8 10 0.02119297 
559 390 8 10 0.021192668 
844 397 10 12 0.021190519 
224 455 10 12 0.021164482 
951 383 7 10 0.021131232 
452 383 13 15 0.021050384 
772 405 11 13 0.021037824 
894 454 8 9 0.020980256 
870 399 9 11 0.020956144 
771 392 13 16 0.020947533 
966 238 9 12 0.0208726 
437 389 10 14 0.02077336 
414 394 10 12 0.020682814 
415 412 9 12 0.020518096 
231 416 8 10 0.020460756 
434 380 11 16 0.02044802 
670 384 8 11 0.020417498 
152 381 9 12 0.020372156 
975 384 8 10 0.020252232 
67 406 9 12 0.020248711 
51 406 10 13 0.020229256 
793 143 8 10 0.020187238 
676 395 10 12 0.020163897 
998 443 10 14 0.020163307 
719 423 8 10 0.020104948 
853 368 9 10 0.020103415 
646 116 8 12 0.020100968 
807 414 9 11 0.020086804 
44 421 10 13 0.02006522 
719 85 9 11 0.020047067 
893 395 11 13 0.02001461 
654 405 9 10 0.020001747 
