2_Demonstration_Protesters_2_563
60
818 309 105 124 0.9998821 
564 220 30 37 0.9994861 
633 185 26 35 0.9994579 
301 234 26 30 0.99932027 
819 186 33 39 0.9991412 
669 166 31 40 0.9986841 
873 207 64 87 0.9984005 
394 187 66 98 0.99796426 
227 254 39 49 0.9971385 
722 234 69 96 0.9963672 
668 253 48 62 0.9960246 
98 242 83 97 0.99446374 
237 213 24 32 0.9925053 
771 196 29 32 0.93921256 
-1 184 69 148 0.6674204 
984 205 35 38 0.4684797 
177 207 28 33 0.35091552 
503 179 28 33 0.24391599 
527 293 29 38 0.12038292 
61 327 46 66 0.1173737 
612 27 10 14 0.08383368 
627 53 14 18 0.0765453 
781 190 39 47 0.070339896 
177 267 31 39 0.06834864 
553 317 29 34 0.06370158 
534 170 26 32 0.06262934 
653 259 40 55 0.053612754 
489 182 42 53 0.05248265 
826 610 58 58 0.046907134 
508 169 41 47 0.04080854 
7 157 55 103 0.04014215 
975 212 13 17 0.039117225 
191 211 16 22 0.03591152 
646 174 35 45 0.03356141 
65 288 28 35 0.033095423 
675 315 27 31 0.032879066 
548 329 29 33 0.032134853 
536 285 40 49 0.03130653 
755 205 50 61 0.029949842 
524 151 42 52 0.029392729 
973 204 28 35 0.028781675 
636 441 48 50 0.026774807 
832 220 35 47 0.026762877 
483 201 27 35 0.026177283 
547 305 29 37 0.025139714 
171 196 27 34 0.023958376 
836 246 89 111 0.023124078 
842 218 49 63 0.022975788 
152 396 47 59 0.022396987 
553 288 35 42 0.022333492 
186 205 18 22 0.022328483 
663 478 51 58 0.022131464 
471 188 44 64 0.021956423 
805 618 36 36 0.021826917 
975 214 37 42 0.021461362 
523 146 29 36 0.021411506 
773 241 53 72 0.021335792 
952 200 40 56 0.020874452 
550 339 14 17 0.020607721 
190 172 13 16 0.020123933 
