2_Demonstration_Political_Rally_2_365
144
720 103 252 367 0.999271 
462 296 72 100 0.99390596 
385 398 17 22 0.9454195 
213 340 74 90 0.9376961 
403 394 13 17 0.73032373 
374 380 10 13 0.6799686 
325 415 13 15 0.59926665 
303 369 13 17 0.5813984 
309 437 15 18 0.5426422 
350 405 11 14 0.40356317 
363 395 10 14 0.3864748 
425 367 10 13 0.37039885 
-5 374 126 258 0.35410866 
350 341 10 13 0.3029776 
360 391 11 13 0.24682699 
333 348 9 12 0.23600946 
379 359 8 11 0.21075208 
344 398 11 12 0.18921138 
300 173 28 35 0.17425688 
394 360 7 9 0.15749492 
49 294 37 56 0.14899826 
333 374 9 11 0.13698307 
373 427 11 14 0.12857635 
396 393 17 23 0.12641485 
352 367 9 11 0.12090356 
358 383 10 12 0.118935615 
291 397 10 13 0.111036636 
344 421 9 12 0.10429944 
378 363 10 12 0.10291731 
350 336 9 12 0.09923788 
304 165 45 51 0.098404005 
415 373 10 12 0.08537287 
404 130 25 39 0.08286512 
370 344 8 10 0.071519785 
355 411 11 15 0.07120887 
-12 405 266 280 0.06869384 
399 359 7 10 0.06545154 
389 391 13 15 0.06431513 
354 381 10 12 0.062457033 
343 393 11 12 0.061068997 
342 359 8 11 0.059221327 
431 357 9 12 0.05849926 
318 432 22 28 0.05669268 
408 334 8 9 0.05479783 
416 360 8 9 0.05284417 
369 349 8 10 0.05240501 
368 429 12 15 0.052061327 
336 358 9 11 0.051769946 
117 336 13 17 0.050919827 
429 376 13 18 0.05075875 
352 428 10 12 0.04924496 
353 327 8 10 0.0479139 
330 342 9 13 0.04776676 
408 328 8 9 0.046841912 
385 332 7 10 0.045648776 
240 324 49 73 0.044241033 
320 236 11 13 0.044136707 
281 592 54 60 0.04383647 
399 326 6 9 0.04368648 
309 381 11 13 0.04366065 
315 431 13 16 0.043091387 
381 374 9 12 0.043068036 
351 391 9 12 0.03993102 
344 413 11 14 0.039868042 
445 222 9 12 0.038446806 
327 391 9 11 0.038392168 
357 366 9 11 0.038224865 
391 333 8 10 0.038132958 
375 328 8 10 0.038128123 
393 328 8 10 0.037958607 
344 365 9 11 0.036643047 
432 353 10 11 0.036390558 
369 328 8 10 0.035671726 
356 402 12 16 0.035040203 
417 367 8 11 0.03486888 
391 384 10 13 0.034654263 
334 379 9 12 0.034606155 
359 328 8 11 0.034181543 
310 387 11 14 0.034147676 
405 351 8 10 0.034026265 
300 427 12 17 0.033986624 
353 321 7 9 0.03382463 
378 381 11 13 0.033733748 
374 350 8 10 0.03342749 
335 366 9 11 0.033415202 
356 155 21 30 0.03311352 
383 351 7 9 0.032671943 
344 349 9 12 0.03236293 
301 422 10 12 0.032326367 
300 188 17 22 0.031854503 
348 420 11 14 0.03152041 
408 365 8 10 0.030754039 
367 368 9 10 0.03071845 
356 436 13 17 0.029969726 
415 379 11 14 0.029493846 
445 212 9 12 0.028728234 
303 361 9 11 0.028308544 
364 401 11 14 0.028240908 
392 352 8 10 0.028118232 
350 360 11 13 0.027621279 
311 420 11 13 0.027526416 
352 441 15 20 0.027416874 
167 338 49 66 0.027206544 
609 175 27 33 0.02691091 
370 375 10 12 0.026848394 
401 343 7 10 0.026761057 
414 390 11 14 0.026648682 
369 357 8 10 0.026565041 
357 429 10 14 0.026131235 
382 389 12 15 0.025821572 
401 352 8 10 0.025491433 
55 51 67 62 0.02528348 
370 375 18 23 0.025276588 
323 218 13 15 0.025193969 
358 391 18 22 0.025137441 
450 347 10 15 0.025081832 
331 418 11 14 0.025035203 
327 396 10 12 0.024724191 
399 364 8 9 0.024428863 
415 344 8 9 0.023936108 
422 176 44 57 0.023779089 
319 407 11 14 0.023729758 
433 157 88 115 0.023579495 
311 404 10 13 0.023568187 
345 393 17 22 0.022949051 
422 362 18 23 0.022883814 
406 359 8 11 0.022672944 
335 406 10 14 0.022583853 
57 21 402 481 0.022385273 
304 159 30 35 0.022347132 
317 388 9 11 0.022314161 
356 374 10 12 0.022241542 
334 336 7 10 0.021926194 
385 125 39 54 0.021768497 
422 345 7 9 0.021291835 
418 146 12 17 0.021278402 
423 361 9 11 0.021236947 
302 416 9 11 0.02091316 
317 383 8 12 0.020724202 
412 334 8 10 0.020720242 
436 373 12 14 0.020461908 
303 395 10 14 0.02036053 
462 188 11 16 0.02004857 
537 349 13 17 0.02000041 
