2_Demonstration_Demonstrators_2_309
48
814 286 46 60 0.99725264 
992 383 33 48 0.97473323 
137 263 22 32 0.8273728 
152 235 19 22 0.82473236 
83 231 18 22 0.7974952 
233 298 44 53 0.7219598 
452 170 107 138 0.67618173 
634 549 90 116 0.4667377 
120 266 18 23 0.27946627 
912 355 11 14 0.12946494 
256 300 35 53 0.11660853 
331 186 44 63 0.10348542 
931 362 13 17 0.07917382 
511 494 11 14 0.07301534 
0 266 11 21 0.07189007 
132 248 13 17 0.07019842 
963 378 14 18 0.05338219 
155 241 21 27 0.050056167 
32 224 13 17 0.047560528 
955 383 21 29 0.04240717 
296 266 11 13 0.036885004 
186 258 15 21 0.03659135 
513 488 8 11 0.035951607 
496 449 9 12 0.033374004 
107 266 23 29 0.032869432 
147 258 15 23 0.030590585 
9 226 12 16 0.030165277 
504 473 11 14 0.029792095 
189 256 26 39 0.028799994 
503 304 17 20 0.026756935 
83 222 16 21 0.026439765 
271 272 42 57 0.026231075 
956 368 24 31 0.025954463 
999 341 11 14 0.025356483 
181 240 14 19 0.024579968 
271 300 31 43 0.023899037 
538 498 14 17 0.023841491 
188 262 40 53 0.02367096 
1000 369 23 34 0.023280667 
929 354 23 29 0.02302514 
786 475 30 35 0.022973688 
419 155 184 234 0.022207912 
502 192 62 89 0.021594776 
242 375 49 66 0.021162238 
974 344 9 12 0.02084019 
958 394 21 28 0.02059769 
974 489 39 52 0.020389868 
150 248 21 31 0.020121556 
