2_Demonstration_Demonstration_Or_Protest_2_79
183
902 623 29 36 0.9713757 
702 538 11 13 0.70189005 
641 575 12 15 0.65852916 
605 565 11 14 0.568225 
535 598 10 13 0.5114568 
691 509 9 12 0.48301905 
636 622 14 16 0.41991264 
816 519 13 16 0.40042266 
663 571 9 11 0.39258787 
553 591 10 14 0.38508314 
571 587 11 16 0.37676805 
649 523 9 11 0.22691607 
704 568 8 10 0.22435059 
761 566 10 13 0.20736304 
868 571 10 15 0.18791895 
596 581 11 15 0.1545894 
962 618 55 71 0.14802338 
739 555 12 15 0.13891616 
613 557 11 13 0.1333786 
686 559 8 9 0.13035433 
730 551 8 11 0.12633601 
951 590 30 45 0.12237121 
687 565 9 12 0.116180405 
675 565 11 13 0.111107744 
657 615 10 12 0.10874038 
671 549 9 12 0.10873651 
734 551 10 13 0.10326041 
570 634 15 18 0.10186504 
939 585 50 73 0.09083162 
718 632 9 11 0.0838636 
868 578 11 15 0.08382496 
530 598 10 14 0.082083404 
598 123 19 25 0.08027212 
611 563 11 14 0.07501601 
758 520 8 10 0.07187627 
535 594 9 11 0.066700354 
743 542 8 11 0.066028066 
637 549 11 16 0.06589781 
641 586 10 12 0.065592915 
717 615 8 11 0.063441485 
531 598 19 22 0.062067777 
753 498 9 13 0.060651723 
863 575 12 18 0.05812158 
653 557 11 12 0.057525825 
646 549 13 16 0.057370443 
689 588 9 12 0.05689513 
743 51 52 63 0.05655769 
678 558 9 11 0.056141097 
638 248 11 15 0.055520117 
962 620 34 39 0.055411644 
664 599 10 14 0.05494865 
976 643 36 38 0.05393696 
672 569 10 13 0.053854555 
586 326 10 12 0.052985795 
767 510 7 9 0.052762676 
610 593 21 29 0.051605977 
691 582 12 14 0.049827103 
658 566 11 12 0.0495451 
673 556 10 14 0.048923664 
662 579 9 12 0.048129506 
764 560 11 13 0.048003867 
669 600 10 14 0.04796315 
548 301 11 13 0.04790081 
653 579 11 14 0.047021583 
680 605 10 13 0.045589894 
613 582 11 13 0.045455795 
612 571 10 12 0.045166004 
705 587 11 13 0.04421346 
682 228 15 17 0.043172706 
652 520 9 12 0.04279742 
40 467 93 123 0.042775866 
736 535 9 11 0.042356357 
590 318 10 12 0.04221433 
899 612 46 58 0.041740898 
609 594 12 18 0.041334126 
851 565 24 33 0.040770087 
732 576 10 11 0.040737722 
568 630 13 15 0.040736753 
592 309 11 13 0.04033403 
558 555 10 12 0.040257562 
841 585 17 22 0.039870963 
548 329 14 18 0.03933414 
751 613 10 12 0.03918199 
662 534 8 10 0.03881692 
665 548 9 13 0.03780413 
702 561 9 10 0.037213314 
648 531 10 12 0.036539465 
656 572 11 12 0.03618761 
600 572 12 15 0.03576503 
561 357 16 20 0.035272986 
618 595 14 19 0.03484741 
696 547 9 11 0.034786344 
654 532 9 11 0.0345119 
740 562 11 13 0.034457073 
745 613 10 12 0.034312747 
788 441 13 17 0.033556778 
837 549 12 16 0.03316226 
783 423 11 15 0.03312537 
811 427 15 18 0.03261613 
918 569 84 114 0.03256818 
728 604 10 15 0.03252728 
744 371 104 148 0.03240249 
749 549 11 14 0.032383133 
737 542 9 11 0.032239657 
607 603 13 20 0.031159207 
698 535 11 14 0.030882629 
686 552 8 10 0.03069438 
694 573 10 11 0.030616831 
608 588 12 17 0.03061394 
732 607 11 14 0.03032121 
688 570 10 12 0.02992317 
713 619 9 12 0.029345829 
547 319 15 17 0.029198546 
677 581 9 12 0.029070335 
549 589 18 23 0.028949251 
718 652 10 12 0.028859464 
726 598 10 13 0.028473204 
607 582 10 13 0.027803691 
603 556 18 22 0.027593464 
595 301 11 14 0.027483562 
644 569 11 13 0.02747563 
568 586 19 26 0.027345765 
757 560 20 24 0.027213957 
633 554 12 16 0.026810786 
591 584 13 16 0.026384534 
530 593 9 11 0.025477137 
941 591 28 37 0.02529189 
678 599 10 14 0.025163807 
678 551 9 12 0.024836421 
708 567 9 12 0.0243812 
970 630 19 22 0.024374709 
476 626 29 36 0.024211224 
691 503 11 14 0.024196079 
676 222 24 27 0.024002407 
556 602 11 15 0.023964059 
600 612 10 14 0.02375575 
656 596 10 15 0.023458099 
555 330 13 17 0.023364922 
552 620 10 15 0.023306573 
837 571 26 32 0.023303252 
695 567 8 11 0.023241293 
670 613 12 14 0.023013107 
598 317 11 14 0.022963991 
619 608 13 18 0.022808628 
836 591 17 21 0.022650898 
874 574 9 12 0.022620436 
773 613 30 31 0.022611273 
574 320 10 12 0.022465844 
837 582 14 16 0.022336945 
824 583 11 14 0.022320446 
875 581 9 12 0.022305954 
551 585 10 13 0.022271208 
734 550 20 24 0.022230994 
574 324 11 14 0.022210266 
835 542 12 16 0.022118026 
637 596 14 18 0.022088401 
759 542 9 12 0.021996047 
578 587 13 17 0.02191126 
678 611 12 14 0.02176069 
548 305 13 15 0.02174561 
691 644 11 14 0.021680983 
886 644 27 33 0.02154667 
600 332 10 13 0.0213071 
869 29 74 72 0.021270907 
657 604 10 15 0.02123887 
670 560 18 23 0.021065155 
567 635 24 29 0.021060968 
588 330 11 14 0.02105733 
733 590 10 12 0.021026537 
672 620 10 12 0.021010946 
586 320 8 10 0.020989584 
859 575 21 29 0.020933418 
904 512 8 10 0.020903211 
856 476 12 14 0.020832777 
592 621 10 11 0.020777555 
963 556 13 18 0.020710973 
630 586 10 14 0.020658446 
688 639 11 13 0.020477705 
714 629 9 13 0.020467961 
743 590 9 12 0.020242356 
816 557 11 15 0.020174483 
809 565 9 13 0.020117797 
683 611 13 16 0.020048449 
