2_Demonstration_Demonstrators_2_162
70
242 347 73 71 0.9863095 
581 345 45 54 0.9799177 
658 355 43 52 0.97539514 
496 392 40 57 0.9390963 
621 357 24 33 0.76270163 
543 286 23 32 0.39472714 
471 354 13 17 0.32505542 
562 444 39 51 0.24770126 
431 631 65 53 0.23955812 
492 338 24 30 0.22599241 
525 325 18 21 0.22268675 
199 313 27 41 0.20959483 
547 278 11 15 0.19584966 
417 434 32 49 0.18673457 
461 334 24 28 0.15755253 
635 356 37 51 0.14550044 
514 387 46 61 0.13468756 
601 351 44 53 0.13108955 
981 344 9 11 0.1098422 
478 400 32 47 0.103091046 
370 365 14 18 0.08948576 
325 426 46 60 0.08920633 
424 439 46 62 0.07980088 
380 317 10 13 0.07664599 
450 462 50 65 0.07304924 
392 316 11 14 0.067415565 
535 388 45 60 0.056337584 
961 351 8 10 0.054803375 
491 350 16 22 0.049572393 
523 278 14 18 0.049304433 
487 280 13 17 0.044996962 
621 365 32 43 0.044835903 
468 411 29 35 0.0430668 
576 436 46 58 0.038629327 
547 223 11 14 0.036852412 
528 277 23 31 0.03420631 
448 282 15 20 0.033215355 
408 353 28 36 0.03313855 
543 280 16 23 0.03312971 
462 348 21 27 0.032040507 
54 613 9 12 0.03170747 
813 310 11 18 0.02810376 
522 313 18 21 0.02623426 
498 333 18 21 0.026121655 
552 173 8 10 0.025988309 
223 330 55 68 0.025632683 
624 189 9 11 0.025278373 
326 378 11 14 0.025209863 
429 429 33 45 0.024871482 
553 300 16 21 0.024609923 
519 322 16 20 0.024131414 
548 411 45 63 0.023920681 
610 260 10 13 0.0238957 
664 183 9 11 0.023807274 
545 373 28 45 0.02306171 
656 344 27 43 0.023000129 
967 344 9 11 0.022995371 
368 370 50 62 0.022804573 
977 345 11 13 0.022611806 
608 200 9 11 0.022587411 
493 336 40 48 0.022572963 
655 184 8 10 0.02195462 
562 461 21 28 0.021660337 
176 321 31 35 0.021257015 
669 182 9 12 0.021100199 
797 478 31 40 0.020595701 
609 205 9 11 0.020505603 
342 368 11 12 0.020451816 
275 354 44 44 0.020160263 
919 341 11 14 0.020154614 
