2_Demonstration_Demonstration_Or_Protest_2_512
504
402 238 27 33 0.9969902 
963 375 54 85 0.9935959 
143 284 51 63 0.98315585 
935 279 26 31 0.82646984 
921 258 17 21 0.7049037 
469 229 12 14 0.60375804 
421 313 62 68 0.5810757 
992 207 11 13 0.57573336 
918 197 10 12 0.5682405 
242 210 18 20 0.56673175 
954 313 33 38 0.5489894 
735 258 13 16 0.5457366 
598 289 31 32 0.5447076 
989 272 14 17 0.53026736 
97 294 26 35 0.5249798 
674 278 32 52 0.51301837 
639 244 12 15 0.44951066 
902 266 15 20 0.4440801 
156 191 17 22 0.44082922 
114 348 43 55 0.41055906 
647 207 11 14 0.34569275 
732 310 45 53 0.33367446 
199 228 25 34 0.3095738 
569 343 41 49 0.30684182 
685 303 42 53 0.29576662 
295 207 11 13 0.27232736 
621 244 15 18 0.26685357 
1012 275 10 16 0.2650662 
172 212 24 30 0.25942948 
625 221 10 13 0.25516403 
243 391 50 82 0.24964587 
685 289 32 47 0.23989908 
1005 315 15 20 0.22729117 
910 260 14 18 0.22699986 
128 191 26 33 0.22439365 
679 189 13 16 0.21522522 
718 199 8 10 0.19419947 
596 238 11 15 0.19326754 
813 213 10 11 0.18158627 
658 249 15 18 0.16429654 
838 274 17 24 0.15971467 
666 205 9 13 0.15568136 
231 292 26 32 0.15166205 
49 202 16 20 0.1494094 
713 222 9 10 0.14451641 
705 307 45 54 0.14064139 
964 269 13 17 0.1395345 
829 245 10 12 0.13727619 
598 213 11 17 0.13692039 
704 207 8 10 0.13598327 
976 208 9 10 0.13377905 
735 225 7 9 0.13365498 
631 260 23 27 0.123838775 
805 229 9 11 0.12263697 
958 265 13 16 0.117764756 
608 184 9 13 0.112012446 
680 181 12 14 0.10986347 
590 213 11 16 0.107760414 
584 287 28 33 0.1069834 
667 297 44 53 0.10696103 
663 199 10 13 0.10661203 
1007 259 12 14 0.104178965 
798 206 8 9 0.10345011 
645 228 11 13 0.10123118 
751 244 12 14 0.09976325 
736 230 9 12 0.09887408 
429 201 14 16 0.09844691 
719 246 11 13 0.09827909 
604 214 12 15 0.09707856 
719 205 9 10 0.09651119 
181 219 26 35 0.0949989 
714 198 8 10 0.09435464 
944 382 51 83 0.093835406 
865 219 22 29 0.09292993 
768 248 10 12 0.09089908 
23 190 12 16 0.089292236 
969 274 14 16 0.088912256 
837 204 14 16 0.087810494 
442 223 25 31 0.087466545 
51 193 16 19 0.08510688 
606 206 9 12 0.08264202 
858 227 15 19 0.082372494 
742 235 10 13 0.08217296 
829 239 10 12 0.081975535 
451 211 16 19 0.08139425 
1 206 24 36 0.08122816 
928 262 17 19 0.08018277 
951 264 12 15 0.07971428 
331 182 24 30 0.079588845 
653 222 10 13 0.079243176 
771 245 14 16 0.07863685 
647 200 9 11 0.078493506 
615 247 13 17 0.078241326 
825 237 10 12 0.077711165 
825 231 10 12 0.07739319 
969 248 9 12 0.077382304 
574 211 13 14 0.077186935 
289 206 10 14 0.076194175 
302 319 56 73 0.07537821 
776 283 37 50 0.07518432 
792 289 25 30 0.07389647 
653 212 10 11 0.07358007 
623 184 11 14 0.07157966 
623 216 10 13 0.06975982 
433 195 16 19 0.069628835 
859 284 14 17 0.068879105 
977 212 10 12 0.068172604 
775 234 14 14 0.0681494 
927 314 22 28 0.06773401 
808 208 9 10 0.067533605 
533 408 51 66 0.06660705 
581 209 14 17 0.06642061 
593 252 10 14 0.066379875 
628 214 12 15 0.06580725 
549 327 53 60 0.065528266 
271 243 14 18 0.06550445 
857 260 15 17 0.06469678 
445 213 23 28 0.06435295 
202 228 39 56 0.06364951 
88 325 60 64 0.063486785 
534 238 17 22 0.063188225 
120 188 45 56 0.0631327 
210 238 14 19 0.06308795 
785 222 9 10 0.062235594 
35 201 14 20 0.062127396 
757 240 10 13 0.06182663 
655 239 11 13 0.061448842 
806 223 9 11 0.06133861 
637 249 15 19 0.061232872 
0 224 22 36 0.06091644 
310 147 11 13 0.06010454 
930 298 26 33 0.059614934 
210 229 15 18 0.05946336 
698 205 8 11 0.059337296 
1008 206 10 13 0.059304137 
638 212 11 14 0.059112523 
144 347 36 57 0.0588333 
317 201 12 15 0.05882629 
1008 196 9 13 0.05843588 
949 215 9 12 0.057921283 
872 323 45 54 0.05764601 
670 198 11 15 0.056934986 
464 194 14 17 0.056399025 
697 200 8 10 0.056367606 
823 198 9 11 0.055884466 
791 220 8 10 0.055518813 
627 228 11 13 0.055393703 
752 293 39 52 0.05529573 
778 323 27 38 0.054906327 
223 416 67 92 0.054842643 
295 197 12 14 0.05464138 
663 211 10 12 0.054247543 
822 207 8 10 0.053525228 
835 197 22 27 0.05338446 
429 189 15 17 0.053256817 
951 203 10 13 0.05302491 
1008 189 9 12 0.051642455 
461 224 20 26 0.0512486 
853 286 18 22 0.050816014 
600 207 10 14 0.050774332 
681 176 10 11 0.050347954 
639 222 10 13 0.050295524 
790 238 11 13 0.050203152 
692 231 10 13 0.04993008 
448 304 53 68 0.04965376 
805 325 48 53 0.048800327 
702 189 8 10 0.048767563 
974 222 10 13 0.048431132 
750 238 10 13 0.04755421 
623 207 8 10 0.04729874 
971 249 13 16 0.046777364 
180 206 13 17 0.046775043 
629 206 10 12 0.046738166 
615 205 9 11 0.04669365 
1004 300 12 16 0.046099786 
1013 186 9 14 0.045161325 
197 228 16 25 0.04512278 
991 262 12 16 0.045076884 
829 250 13 16 0.044823214 
606 242 15 20 0.044443246 
1002 190 8 11 0.044428688 
1000 304 20 27 0.044325054 
477 315 44 62 0.04388741 
347 195 15 17 0.04375947 
753 214 9 10 0.043692265 
736 207 9 10 0.043472756 
801 225 8 10 0.04341496 
838 244 11 14 0.043276653 
639 310 32 40 0.04266555 
80 300 52 54 0.042567547 
628 237 12 15 0.042370033 
300 172 26 34 0.042119287 
711 207 7 10 0.041722983 
647 191 8 10 0.041681513 
833 211 11 13 0.041395046 
312 204 12 14 0.041363593 
782 242 12 15 0.040966332 
668 222 12 17 0.04027628 
261 374 42 73 0.040033918 
843 244 12 15 0.039966807 
347 231 22 26 0.03993552 
553 199 11 15 0.039916202 
668 422 77 115 0.039797384 
584 218 12 15 0.039755702 
728 231 9 11 0.039755575 
1006 267 17 24 0.039650142 
285 338 51 74 0.039462738 
861 205 11 13 0.039071485 
776 207 8 10 0.038969222 
712 216 8 10 0.038923364 
49 182 25 33 0.03881072 
655 198 10 12 0.03863574 
613 214 11 13 0.038375802 
348 134 15 17 0.03814561 
1013 210 8 13 0.038093686 
613 238 13 17 0.03808647 
587 211 19 25 0.03805347 
312 172 28 36 0.03796718 
663 220 11 15 0.037709836 
588 206 11 16 0.03768313 
648 224 11 13 0.037339836 
993 278 16 19 0.037337203 
807 246 11 15 0.03730195 
661 191 9 12 0.03695276 
854 266 14 19 0.03691396 
660 241 23 30 0.03690178 
517 198 12 15 0.036703885 
435 225 16 21 0.036178015 
511 202 13 16 0.036102306 
983 274 21 25 0.035841987 
866 263 43 57 0.035767835 
287 191 8 11 0.035632685 
605 197 12 14 0.035623975 
394 180 12 16 0.035457324 
634 303 24 38 0.03540379 
961 306 20 23 0.035359036 
542 226 15 18 0.03507296 
855 222 14 16 0.035064187 
837 207 47 54 0.034979984 
413 174 10 12 0.034562536 
300 185 15 19 0.034476906 
354 195 14 16 0.034324225 
315 148 11 14 0.034268618 
744 213 8 10 0.033900425 
846 277 22 27 0.033890907 
696 183 10 12 0.033864062 
685 214 8 11 0.03382442 
640 188 9 11 0.033801723 
660 238 12 16 0.033707343 
835 251 13 17 0.033433557 
618 249 22 28 0.033152904 
274 355 45 77 0.03298237 
686 168 8 10 0.03295919 
570 212 11 15 0.032829 
186 213 12 16 0.03279378 
641 235 15 18 0.03264361 
953 270 22 26 0.032530624 
658 281 32 39 0.03243132 
601 199 10 12 0.03241036 
717 238 11 14 0.032289788 
372 195 14 17 0.032277778 
0 157 11 20 0.032226 
471 201 12 15 0.03222185 
23 190 20 27 0.031970993 
292 200 21 23 0.03196501 
935 267 23 28 0.03189185 
224 194 24 29 0.031813975 
627 248 14 18 0.031750772 
626 350 27 37 0.031629223 
752 230 9 12 0.03139658 
343 187 17 20 0.031352762 
791 198 9 11 0.031349875 
594 237 19 26 0.031301342 
343 128 25 27 0.03129295 
347 188 24 27 0.03110972 
630 182 9 13 0.03078633 
632 201 9 10 0.030752182 
990 203 17 21 0.030744245 
639 184 9 11 0.030714732 
272 237 42 52 0.030686041 
938 319 15 20 0.030447152 
752 287 27 36 0.030428862 
894 270 17 23 0.030388452 
515 268 26 43 0.030316247 
186 444 100 119 0.03024735 
803 284 14 18 0.030157492 
860 210 12 15 0.030154426 
427 209 14 15 0.030140817 
219 226 13 18 0.030137904 
349 240 23 29 0.030014217 
575 281 25 38 0.030003684 
790 280 46 54 0.029978767 
622 211 19 24 0.029881937 
279 191 10 12 0.029813133 
494 222 8 11 0.029801935 
13 200 28 36 0.0297783 
316 299 51 58 0.029632589 
608 291 41 51 0.029568063 
472 292 25 42 0.029475112 
859 281 23 32 0.029392455 
198 222 12 18 0.029323943 
798 201 9 11 0.029228628 
171 252 29 34 0.029101614 
30 184 24 31 0.028924271 
743 184 8 10 0.028924258 
212 223 13 16 0.028906636 
295 189 13 15 0.02882204 
640 250 22 26 0.028798088 
878 188 8 9 0.028750518 
625 249 42 47 0.028662274 
668 218 22 30 0.02866224 
656 191 9 12 0.02865872 
956 199 10 13 0.028634354 
917 230 15 18 0.028522976 
391 211 24 34 0.02845373 
982 207 9 11 0.028435865 
944 276 18 22 0.02836339 
814 267 14 20 0.028307658 
44 204 26 30 0.02826619 
192 215 40 52 0.028227543 
713 193 9 11 0.028071439 
832 197 11 14 0.027982866 
477 594 154 120 0.027968168 
825 225 8 11 0.027783414 
590 228 10 12 0.02763995 
505 317 44 57 0.027625743 
969 222 10 12 0.027611002 
26 200 25 32 0.027581332 
856 280 44 54 0.027533475 
36 187 40 51 0.02748305 
876 330 15 20 0.027403697 
214 212 42 57 0.027349109 
768 205 8 10 0.027272467 
688 235 12 16 0.027157415 
517 210 15 19 0.027142903 
227 202 12 15 0.027134549 
488 222 9 10 0.026991911 
999 197 10 12 0.026897822 
493 202 11 13 0.026844107 
613 185 12 15 0.026720677 
838 217 12 13 0.026613507 
389 149 12 14 0.02660352 
579 323 398 430 0.026567753 
969 191 8 11 0.026506195 
214 251 30 43 0.026460113 
172 252 49 65 0.026391363 
396 222 27 36 0.026351733 
58 319 56 67 0.026255777 
817 199 8 10 0.026164824 
784 265 29 35 0.026127411 
945 265 22 26 0.026084669 
494 229 10 13 0.026078446 
842 211 13 15 0.02604039 
726 236 11 14 0.026024086 
891 320 45 51 0.025794476 
793 206 9 10 0.025758632 
806 235 10 12 0.025662096 
646 323 38 39 0.02562688 
948 295 29 33 0.025624342 
279 396 26 49 0.025555331 
12 185 25 33 0.025544044 
830 221 11 12 0.025443252 
145 251 27 34 0.025369477 
798 270 25 31 0.025364468 
220 189 11 14 0.025294064 
940 261 14 17 0.025231916 
718 193 9 11 0.02522177 
921 265 25 30 0.024992324 
333 115 43 48 0.024918016 
839 260 23 30 0.024655353 
141 197 45 54 0.024611078 
92 143 45 66 0.024585655 
477 222 11 13 0.024578378 
736 213 8 10 0.024564048 
914 314 28 36 0.024515225 
790 261 13 16 0.024375314 
585 291 44 53 0.024305943 
653 254 18 22 0.024291407 
426 227 22 30 0.024245631 
755 249 12 16 0.024162967 
416 188 12 15 0.024155993 
476 197 13 15 0.024134476 
280 204 9 12 0.024081137 
1012 255 11 16 0.02403687 
932 293 19 23 0.023919743 
718 215 9 11 0.023713402 
687 221 9 13 0.023703173 
358 182 23 27 0.023625579 
469 220 21 25 0.023624819 
783 250 12 14 0.023566388 
782 208 8 9 0.023563236 
695 174 9 10 0.023556994 
712 236 10 13 0.023527108 
48 189 13 17 0.023483513 
868 203 12 14 0.02346438 
618 268 25 34 0.02342361 
486 197 12 14 0.023378486 
307 195 23 27 0.023366231 
499 198 12 14 0.02336032 
896 190 9 11 0.023351453 
480 192 10 12 0.02332787 
720 246 21 23 0.023322145 
318 185 15 19 0.023284271 
830 256 24 30 0.023279484 
243 353 53 72 0.023237405 
199 206 27 31 0.023191532 
326 208 24 33 0.023128865 
983 290 17 20 0.023057658 
394 311 59 76 0.023003632 
198 190 13 15 0.02297964 
790 193 8 10 0.022963373 
997 259 13 17 0.022908585 
422 189 12 15 0.022829385 
742 207 8 11 0.022805717 
461 202 13 19 0.02279604 
823 187 46 55 0.022713609 
851 234 48 61 0.022666246 
465 232 22 29 0.022589749 
757 273 24 29 0.022572367 
516 219 16 18 0.022545792 
268 236 23 29 0.022484852 
846 219 10 12 0.022484595 
173 180 12 15 0.022473387 
487 216 10 12 0.02236218 
479 215 10 12 0.022359965 
607 209 19 24 0.022339065 
430 205 24 29 0.022328556 
620 223 21 24 0.022302592 
813 260 13 16 0.022301348 
777 236 22 25 0.022272512 
797 215 8 9 0.022254538 
843 220 23 27 0.02225307 
236 173 10 14 0.022184601 
222 273 31 44 0.02215905 
237 285 15 20 0.022124851 
766 201 9 10 0.021930981 
245 242 13 17 0.021920912 
444 194 14 18 0.021919498 
668 213 11 13 0.021884892 
995 295 21 27 0.02183261 
974 199 8 11 0.021808803 
253 271 40 53 0.02179963 
488 203 11 13 0.02179456 
335 161 30 37 0.021770557 
640 198 9 11 0.021739352 
752 223 10 13 0.021579172 
963 261 14 18 0.021550724 
903 191 8 11 0.021542279 
605 273 29 38 0.02153004 
837 209 26 28 0.021524077 
811 250 12 17 0.021510174 
498 243 14 20 0.02150512 
716 319 57 79 0.021491814 
454 191 10 15 0.021461682 
926 205 10 13 0.021431133 
418 301 32 49 0.021336474 
518 201 25 28 0.021304665 
866 318 28 37 0.021270314 
763 275 29 36 0.021252116 
37 189 10 13 0.021210324 
701 237 10 12 0.021195939 
500 204 12 14 0.021193009 
996 219 11 13 0.021165293 
832 182 28 33 0.021090128 
105 277 29 45 0.021087397 
78 228 44 58 0.02101474 
508 197 23 28 0.021011783 
443 203 22 25 0.021008031 
968 216 9 11 0.020985419 
279 197 9 12 0.020944646 
854 294 28 35 0.020890985 
804 275 15 19 0.020881398 
622 256 13 18 0.020869274 
623 265 16 20 0.020817634 
501 213 11 14 0.020810308 
983 269 15 18 0.020777492 
165 181 12 14 0.020718016 
711 228 11 14 0.02071689 
714 245 11 13 0.020714656 
780 185 94 105 0.020626828 
209 225 25 32 0.020618226 
510 223 22 29 0.020568192 
863 199 9 11 0.020505661 
226 293 41 56 0.020440733 
183 233 29 41 0.020419847 
474 304 30 48 0.020392414 
723 259 26 29 0.020391306 
796 244 12 14 0.02039123 
264 202 11 13 0.02037276 
991 202 10 11 0.020288251 
520 230 23 30 0.020267336 
422 191 22 25 0.020264411 
19 184 41 55 0.02023749 
28 184 13 17 0.020168543 
291 243 29 37 0.020156777 
572 208 23 27 0.020136585 
733 229 20 25 0.020109002 
198 195 24 28 0.02009829 
596 229 13 18 0.020063138 
576 197 10 13 0.02006294 
613 197 12 15 0.020043531 
662 198 19 25 0.020042062 
776 224 9 11 0.02003234 
997 254 12 14 0.020005558 
