2_Demonstration_Protesters_2_493
842
91 112 25 32 0.9996294 
771 129 33 42 0.9994517 
555 131 34 43 0.998966 
386 148 37 47 0.9977756 
718 133 37 44 0.99698985 
257 99 21 27 0.9963714 
923 158 36 49 0.9952245 
711 110 27 30 0.99489886 
375 97 25 31 0.9948856 
848 140 31 42 0.9941392 
650 176 44 52 0.99350464 
456 132 36 45 0.99077296 
941 129 30 41 0.99034727 
868 91 26 35 0.99017185 
0 421 79 162 0.98877513 
636 104 25 31 0.988461 
304 160 37 44 0.987538 
279 114 27 33 0.9865059 
523 117 24 32 0.9826475 
314 83 21 27 0.97605735 
340 90 22 26 0.9757498 
830 74 26 31 0.97563666 
409 114 25 28 0.9747346 
347 115 26 34 0.9740536 
19 100 21 26 0.96978486 
218 65 16 21 0.9693421 
161 81 21 25 0.9686221 
606 84 22 28 0.9668678 
202 79 20 27 0.9647159 
736 91 22 26 0.95923644 
434 69 18 25 0.9497784 
268 74 21 27 0.9436485 
524 89 16 20 0.93921655 
877 210 43 53 0.93703604 
802 20 13 16 0.9258627 
388 72 19 23 0.91484725 
924 46 18 24 0.9126753 
199 116 21 28 0.91099197 
292 67 19 26 0.9103133 
963 69 19 25 0.9083599 
916 71 26 34 0.9044778 
951 51 15 18 0.8786045 
31 68 22 27 0.8758349 
67 62 20 25 0.87397856 
322 58 15 19 0.8733639 
481 59 19 23 0.8642732 
79 88 21 25 0.858487 
187 58 15 19 0.85669726 
544 75 19 23 0.85499805 
74 44 15 18 0.84427667 
637 52 16 21 0.83645785 
550 110 25 30 0.8347736 
567 52 14 16 0.80142665 
654 20 12 14 0.80096287 
210 116 19 24 0.80016345 
833 182 38 51 0.7909676 
664 63 17 21 0.7838814 
761 44 16 20 0.7748266 
982 148 40 63 0.7746074 
523 65 15 19 0.7663975 
-1 87 13 25 0.7637565 
229 85 20 27 0.76148826 
333 42 11 14 0.7511646 
704 51 13 16 0.73532665 
134 103 22 28 0.73088855 
784 84 21 30 0.7239198 
549 38 11 13 0.72032434 
14 60 15 17 0.7145344 
584 129 21 31 0.7067905 
703 9 11 14 0.6913339 
552 15 10 14 0.6891582 
131 83 20 26 0.67815316 
158 47 13 16 0.6750709 
666 49 16 19 0.65166765 
566 30 10 13 0.6510523 
656 89 22 28 0.6320319 
744 47 16 20 0.6307462 
817 119 23 32 0.61915714 
306 47 14 18 0.61796546 
423 141 23 35 0.5808697 
618 20 11 14 0.5666335 
693 76 22 27 0.54882723 
888 50 17 21 0.546336 
998 85 23 34 0.5446872 
390 51 13 16 0.54295564 
787 58 15 18 0.5311029 
488 256 27 42 0.53104067 
585 62 17 20 0.5287523 
236 46 13 15 0.5279928 
129 65 12 18 0.49965408 
844 48 15 19 0.47085088 
295 117 22 29 0.46369472 
752 25 14 17 0.455034 
173 38 10 14 0.44656956 
426 52 13 16 0.44578356 
2 132 27 34 0.44564903 
719 81 17 21 0.4387108 
471 36 11 13 0.43794706 
752 195 29 34 0.43462512 
144 35 10 12 0.42368728 
622 71 15 19 0.41381356 
138 49 14 16 0.40570435 
459 57 14 17 0.39893237 
468 125 29 36 0.39663225 
95 58 11 14 0.39536163 
380 32 11 13 0.38444427 
148 31 11 13 0.3819453 
618 59 14 18 0.3681476 
440 30 11 15 0.35435817 
519 39 11 12 0.34442034 
34 53 12 15 0.34301773 
708 7 13 14 0.33317876 
420 36 13 14 0.33130777 
317 31 9 12 0.327171 
752 7 11 13 0.3268274 
706 85 21 26 0.3103247 
491 92 20 26 0.29813126 
255 46 11 13 0.2971843 
691 34 12 16 0.2961948 
248 61 13 18 0.29610553 
718 55 15 19 0.28983518 
872 15 9 12 0.2879258 
499 98 18 25 0.28502044 
181 82 15 19 0.28248078 
823 8 14 16 0.27947646 
546 54 11 13 0.27822894 
124 37 10 12 0.27559596 
0 45 10 16 0.2755616 
278 38 11 14 0.27346152 
458 83 15 18 0.25881907 
286 46 11 14 0.2582571 
628 1 11 12 0.25772822 
56 81 13 19 0.25695089 
112 62 12 15 0.25479993 
490 62 16 20 0.25394356 
885 56 17 22 0.25201055 
245 82 17 21 0.24815388 
369 52 12 15 0.24796362 
222 15 8 10 0.24447817 
133 14 9 11 0.24363352 
209 36 10 12 0.239584 
500 12 10 13 0.23778561 
233 38 9 10 0.23730296 
194 60 12 16 0.23623762 
500 8 8 10 0.23173024 
188 8 8 10 0.22974493 
281 30 9 11 0.22387972 
18 22 7 10 0.22250934 
361 36 10 13 0.22227497 
429 34 12 14 0.21896793 
500 21 10 12 0.21649556 
807 48 16 20 0.21645351 
673 21 10 13 0.2100778 
566 8 9 11 0.2082004 
108 45 11 14 0.20531206 
661 0 10 11 0.2040108 
476 13 10 13 0.20111397 
363 76 15 18 0.20076884 
453 90 21 25 0.19932917 
565 77 14 19 0.19915943 
397 22 10 13 0.19882558 
255 30 9 11 0.19538908 
370 17 9 11 0.19369386 
182 30 9 12 0.19084463 
751 76 22 29 0.19044118 
656 0 9 10 0.19024655 
584 53 14 17 0.1895543 
589 46 11 13 0.18409611 
645 92 24 29 0.18363379 
249 154 24 38 0.18217959 
227 195 42 59 0.17634353 
16 40 9 11 0.17628857 
782 6 10 13 0.17467588 
326 23 9 11 0.1729403 
495 31 9 11 0.16991225 
134 0 8 9 0.16834645 
250 89 23 28 0.16754274 
463 0 8 9 0.16623868 
207 71 20 27 0.16464777 
201 22 9 12 0.16389096 
600 1 9 10 0.16282669 
398 27 11 13 0.16127244 
353 22 10 12 0.16106409 
406 27 10 13 0.16040428 
176 31 10 13 0.15993422 
236 83 22 26 0.15990633 
235 39 12 13 0.15841231 
21 43 11 13 0.15766458 
254 51 11 14 0.15739127 
584 46 10 14 0.15638337 
666 91 14 19 0.15439747 
296 36 10 13 0.15367743 
904 125 27 38 0.15344992 
342 43 11 14 0.15261869 
477 38 9 12 0.14942335 
436 51 12 14 0.1471491 
533 37 9 11 0.14371443 
272 21 9 11 0.14240317 
367 46 13 15 0.14235996 
397 15 9 11 0.14208241 
348 44 11 14 0.1414838 
688 29 13 15 0.14087765 
261 52 13 15 0.13724568 
930 71 22 31 0.13684472 
938 146 34 44 0.13207203 
258 8 8 10 0.13184407 
132 398 63 59 0.13170128 
897 25 17 20 0.1306401 
766 0 10 9 0.12775321 
3 12 10 13 0.12650116 
478 9 10 11 0.12609632 
245 21 9 12 0.1250974 
313 35 11 13 0.12503083 
177 15 8 10 0.124125935 
377 35 11 13 0.124114156 
485 44 10 13 0.12313743 
44 34 10 13 0.12279933 
105 39 10 13 0.122056186 
519 19 10 12 0.12161942 
39 15 8 10 0.121334895 
518 14 9 12 0.12132498 
897 20 13 16 0.121257745 
257 13 10 12 0.12011611 
180 109 17 19 0.11884708 
574 37 11 13 0.1187555 
570 58 14 17 0.11855617 
716 44 11 14 0.11851112 
526 21 9 10 0.11849204 
223 54 13 15 0.11843075 
230 51 11 15 0.11842037 
445 110 21 29 0.1178904 
585 115 19 26 0.117811985 
212 32 9 11 0.11766186 
846 19 10 12 0.116691 
305 116 15 22 0.11535467 
530 70 21 25 0.11497122 
238 30 9 11 0.11469752 
1012 117 12 23 0.114365526 
755 68 16 22 0.11370973 
499 58 13 17 0.113455944 
524 146 22 28 0.113232575 
94 30 10 13 0.113203734 
733 0 9 10 0.11276683 
444 23 9 11 0.111673705 
326 28 9 12 0.11119555 
163 45 12 14 0.110972695 
572 46 11 14 0.11077201 
508 78 12 16 0.11010928 
218 17 7 9 0.11009524 
72 16 8 10 0.10923578 
246 17 8 11 0.109143004 
285 29 9 11 0.107593365 
272 43 12 15 0.10742523 
415 44 11 14 0.10670477 
247 1 8 9 0.106452554 
605 1 9 10 0.106361814 
643 47 15 19 0.10606003 
530 61 13 15 0.10548585 
54 16 8 9 0.10483928 
716 6 11 13 0.10466352 
744 82 21 29 0.10445917 
469 114 25 30 0.10420669 
35 47 11 14 0.1036323 
449 97 21 30 0.10356231 
134 22 9 11 0.10352303 
78 21 9 11 0.10285675 
945 69 19 27 0.09917384 
851 195 44 56 0.09903632 
297 31 10 12 0.099033654 
411 207 31 45 0.09793602 
707 47 13 16 0.097273804 
480 44 10 13 0.0967227 
574 20 10 13 0.096494265 
147 64 14 18 0.09602707 
289 22 9 12 0.094768845 
534 32 10 12 0.092896074 
507 54 12 15 0.09218855 
465 37 11 13 0.09217348 
837 11 13 16 0.09213181 
481 99 22 27 0.08894075 
118 45 11 13 0.0885369 
415 15 9 12 0.0881668 
410 100 18 24 0.08781955 
134 7 9 11 0.08695268 
263 123 24 32 0.08676659 
190 118 21 25 0.0862924 
205 6 8 10 0.08624625 
128 32 10 12 0.08594034 
558 106 19 22 0.085457206 
565 62 15 20 0.084956184 
473 8 9 11 0.0847181 
232 32 9 10 0.08471224 
723 93 24 29 0.08470716 
242 16 8 10 0.084526576 
143 23 8 11 0.08440446 
233 5 8 10 0.08334321 
271 16 8 11 0.08324665 
990 88 20 29 0.083182834 
701 1 10 10 0.08262819 
328 40 11 13 0.08239905 
812 29 12 15 0.08236938 
582 104 17 21 0.08188946 
223 180 31 35 0.0818415 
83 69 12 15 0.08134071 
125 44 12 14 0.08121363 
265 155 23 36 0.08097992 
555 19 11 13 0.080900006 
74 19 9 12 0.08082257 
350 39 10 13 0.080671765 
699 71 16 19 0.08054144 
999 20 13 18 0.08050565 
483 126 17 23 0.07932309 
1005 12 15 21 0.07860912 
63 39 9 12 0.07845053 
335 29 9 11 0.07842359 
822 81 29 36 0.07840924 
414 30 12 14 0.0781229 
358 30 11 14 0.07808826 
609 43 12 14 0.07795137 
321 24 9 11 0.07792395 
732 5 12 14 0.077614345 
717 35 13 17 0.07727753 
159 22 11 12 0.07721085 
456 30 9 12 0.07720085 
181 35 11 14 0.0763157 
365 28 11 14 0.07572187 
938 68 17 24 0.07534552 
709 28 14 17 0.07512923 
686 84 14 20 0.07482614 
254 39 11 13 0.07458613 
789 42 15 18 0.07452226 
256 190 39 57 0.074099794 
757 37 14 18 0.07404677 
333 1 8 8 0.073835805 
168 31 8 11 0.07377209 
914 132 32 37 0.07367365 
846 30 11 15 0.07366087 
455 107 24 30 0.07348688 
362 158 24 30 0.07303083 
623 46 10 13 0.0725962 
262 85 22 28 0.07238323 
190 11 8 11 0.072232194 
111 23 9 11 0.072145395 
183 12 9 11 0.07193208 
261 30 9 12 0.07184354 
905 120 18 24 0.071473196 
500 28 10 12 0.0708193 
238 6 9 10 0.070464775 
539 114 23 30 0.0704068 
0 172 33 54 0.06997257 
116 52 12 15 0.06952951 
447 61 11 14 0.06898003 
463 22 9 12 0.06797372 
688 5 10 15 0.06795817 
472 107 18 20 0.06771115 
522 43 12 14 0.067071326 
608 22 9 12 0.066972874 
864 31 11 15 0.066682816 
152 8 8 9 0.06656636 
50 14 7 10 0.06597989 
596 38 11 13 0.06570315 
184 25 8 10 0.06535858 
581 0 9 8 0.064982966 
487 39 9 11 0.06456255 
884 68 17 21 0.06450996 
381 44 13 15 0.063833006 
973 96 15 21 0.06312671 
553 75 15 19 0.0628263 
607 52 15 18 0.06281534 
105 23 8 10 0.06277289 
351 27 11 13 0.06251056 
342 30 9 12 0.062089738 
567 24 11 13 0.061998 
391 29 10 12 0.061817944 
38 21 8 10 0.061482172 
807 57 16 19 0.06145767 
491 31 8 11 0.06124675 
187 80 18 24 0.061218396 
327 16 8 11 0.06088961 
512 39 10 12 0.060731154 
906 373 120 129 0.06059409 
513 31 9 11 0.060383826 
152 50 13 17 0.060150426 
978 92 19 27 0.059956416 
518 32 10 12 0.0596544 
278 24 8 10 0.059524033 
461 97 23 27 0.05917958 
61 115 23 26 0.05890576 
542 31 11 13 0.05869445 
813 68 25 31 0.058481272 
279 195 26 37 0.05824803 
1 50 12 16 0.05813462 
260 38 10 13 0.05810377 
676 52 12 17 0.057852786 
328 2 9 8 0.057613958 
525 37 10 13 0.05759514 
592 40 10 12 0.056906596 
484 249 50 61 0.056760218 
247 38 10 12 0.0567038 
705 74 14 20 0.056423936 
256 22 10 12 0.056417074 
485 8 8 10 0.05638527 
188 30 10 12 0.05615 
152 13 9 11 0.056124005 
979 0 14 11 0.055927664 
233 166 30 37 0.055652943 
581 40 10 12 0.05564053 
761 72 17 22 0.055501316 
292 45 12 15 0.055408116 
796 35 13 17 0.055393953 
154 56 15 17 0.055281565 
35 61 14 16 0.05515558 
814 105 27 32 0.054805223 
413 20 10 13 0.054757584 
691 107 13 18 0.05451029 
693 90 22 27 0.054447044 
29 31 9 10 0.054410476 
409 140 29 41 0.05439276 
248 31 9 11 0.05437386 
289 6 7 9 0.054222845 
892 41 22 26 0.054097053 
31 57 13 17 0.05403723 
811 65 16 20 0.05403361 
551 8 10 12 0.0539109 
342 24 9 11 0.05353054 
532 55 11 14 0.053389374 
670 15 12 13 0.053254884 
274 6 8 10 0.053146794 
288 16 8 10 0.05307154 
284 39 10 13 0.05259557 
527 32 10 12 0.05244103 
429 46 12 15 0.052395057 
893 55 21 25 0.052293424 
55 21 8 10 0.052287433 
157 14 10 12 0.052255124 
786 75 14 20 0.05214396 
142 15 8 9 0.05213211 
383 11 10 12 0.051944435 
335 24 8 10 0.051886197 
224 31 8 9 0.051490393 
638 4 10 13 0.05130536 
276 160 26 33 0.05095952 
548 31 13 15 0.050771184 
727 8 13 17 0.050610375 
613 73 21 28 0.050423156 
792 47 19 24 0.050410546 
104 76 13 17 0.050393276 
99 55 12 14 0.050242748 
206 22 9 11 0.05002751 
490 87 16 20 0.049841158 
320 272 57 58 0.0496568 
560 8 9 11 0.049483526 
176 7 7 9 0.04930194 
156 67 12 16 0.049064267 
493 37 9 11 0.049026504 
691 40 13 17 0.04887593 
173 52 13 16 0.04861456 
344 7 9 11 0.048301928 
599 13 9 10 0.04787136 
421 44 13 16 0.04781683 
707 55 16 19 0.04771069 
63 15 8 10 0.047456734 
223 21 8 10 0.047389977 
517 7 9 11 0.04718721 
472 17 11 14 0.047135025 
613 38 10 12 0.047089364 
158 28 10 11 0.04700376 
558 45 11 14 0.04695445 
182 186 24 35 0.046937533 
133 29 9 12 0.046619173 
696 5 13 15 0.04609169 
344 357 62 63 0.046066277 
352 15 9 11 0.046059057 
279 71 22 29 0.04601983 
261 58 14 17 0.046006523 
63 31 8 10 0.04591085 
312 24 8 11 0.04584897 
33 22 8 10 0.04564395 
245 45 11 14 0.045463346 
271 28 10 13 0.045442566 
157 8 9 10 0.04539229 
132 76 15 18 0.045369472 
989 140 28 37 0.04496018 
532 43 11 13 0.0446255 
101 29 9 11 0.044620335 
207 15 8 11 0.044171058 
344 67 12 16 0.043902073 
687 24 11 13 0.043832514 
174 60 14 17 0.04371358 
700 6 19 22 0.043712225 
726 83 22 26 0.04367466 
180 45 10 12 0.04365348 
463 3 10 11 0.043485604 
375 7 8 9 0.043431997 
303 23 8 11 0.0434156 
504 46 10 12 0.043291528 
223 8 8 9 0.043128025 
80 29 10 11 0.04289552 
299 58 15 19 0.04271499 
217 79 20 27 0.04245666 
28 39 10 12 0.04232975 
386 95 24 31 0.042020135 
732 18 14 19 0.041878793 
470 42 12 14 0.041794308 
290 302 54 73 0.041524533 
421 21 9 12 0.04144559 
457 118 28 34 0.041254446 
535 539 50 39 0.04121107 
310 14 8 10 0.04107891 
246 52 12 15 0.041001808 
911 14 13 14 0.040630676 
200 16 9 11 0.040601738 
128 362 119 92 0.04037491 
215 20 8 11 0.040275637 
399 34 11 13 0.040247224 
24 31 9 10 0.039861687 
748 55 15 19 0.039657928 
946 245 38 47 0.03965645 
279 49 12 16 0.039638553 
906 66 16 21 0.039474133 
446 84 22 26 0.0394207 
646 4 11 13 0.03941581 
336 6 8 10 0.03937609 
31 15 8 10 0.039367888 
600 87 18 22 0.03932881 
572 57 21 25 0.039093122 
600 30 9 12 0.039057225 
455 54 12 17 0.039050527 
1007 5 13 17 0.038896706 
667 5 12 13 0.038869012 
577 0 9 9 0.038624223 
319 2 8 8 0.038553797 
1006 91 20 38 0.038533248 
312 1 8 9 0.03829258 
424 214 33 39 0.0382361 
72 40 12 15 0.038233712 
703 28 12 16 0.03796467 
814 33 14 16 0.03794569 
454 64 15 18 0.037913084 
112 8 7 10 0.037876725 
317 46 11 14 0.037870727 
910 78 19 25 0.037784074 
87 93 19 24 0.03759756 
259 127 17 22 0.037510123 
189 36 9 12 0.037495703 
526 159 25 30 0.037448935 
512 23 9 11 0.03740229 
391 9 8 10 0.03733929 
674 89 13 20 0.037074875 
142 420 65 59 0.03706678 
717 66 16 19 0.036881354 
461 30 10 12 0.036718328 
685 60 13 17 0.036659636 
546 45 12 15 0.036642548 
693 60 14 16 0.03657533 
479 53 14 18 0.036560472 
477 226 43 63 0.036380358 
515 49 14 17 0.03631624 
222 48 11 13 0.036281437 
30 0 8 10 0.036197107 
765 14 12 14 0.036101744 
278 6 8 9 0.03596655 
773 0 10 9 0.035761032 
447 1 8 9 0.035716902 
23 15 8 10 0.035602238 
636 22 11 14 0.03557961 
104 16 7 9 0.03551869 
48 51 10 13 0.035490014 
216 191 27 35 0.035372946 
468 53 12 16 0.035349276 
262 19 9 13 0.035244275 
448 5 10 12 0.035213854 
543 5 10 12 0.035163753 
512 69 11 15 0.035083875 
284 165 32 37 0.035039958 
772 90 26 30 0.034865 
349 7 9 11 0.0348445 
225 37 8 11 0.034803726 
306 123 21 28 0.03468204 
256 162 40 52 0.034632724 
116 22 9 12 0.034567945 
384 49 13 18 0.034475595 
684 53 11 15 0.034403846 
628 53 18 25 0.034325868 
415 50 12 15 0.034322824 
486 336 92 104 0.034264352 
820 30 13 15 0.034250326 
1002 122 21 31 0.034214504 
453 14 8 11 0.033923537 
16 29 8 10 0.033900943 
214 44 11 14 0.033879973 
150 24 10 12 0.033849664 
517 69 16 20 0.033773854 
135 39 10 12 0.033714063 
350 52 11 13 0.033701472 
167 15 9 11 0.033558425 
407 0 9 9 0.03352503 
658 27 12 15 0.033507887 
190 23 8 10 0.033356052 
627 138 13 18 0.033335872 
571 29 11 14 0.033245247 
274 34 19 23 0.03300409 
62 43 11 16 0.033000752 
869 6 11 13 0.032957193 
343 12 9 11 0.032909207 
688 0 9 11 0.032880314 
759 82 23 29 0.032854922 
453 6 10 11 0.03284827 
310 56 16 20 0.032751158 
1005 78 14 16 0.032746095 
613 0 11 11 0.032702684 
432 172 28 35 0.032650366 
949 1 11 10 0.03255975 
667 169 32 40 0.032447677 
7 60 13 16 0.03228333 
48 9 8 10 0.03206321 
40 9 9 10 0.032030445 
231 24 8 9 0.03183738 
338 288 55 63 0.03182997 
308 179 21 26 0.03176442 
88 31 10 12 0.03165102 
447 369 89 115 0.031523474 
820 51 14 16 0.03134578 
278 15 9 11 0.0312672 
56 45 10 14 0.031258073 
552 1 8 9 0.031248622 
476 33 9 10 0.031056298 
144 8 9 11 0.031006636 
558 36 10 14 0.030863985 
457 0 9 10 0.030460084 
955 157 16 22 0.030430552 
733 33 13 19 0.030353762 
176 56 20 24 0.030343972 
295 15 7 10 0.0302958 
399 9 9 10 0.03029391 
497 2 9 9 0.030252056 
26 6 9 11 0.030104134 
363 85 17 23 0.030043967 
312 7 8 10 0.030010877 
775 4 11 13 0.029917946 
336 15 8 10 0.029777255 
92 334 41 62 0.02975906 
483 114 15 20 0.029693719 
226 57 14 19 0.02968874 
141 32 18 22 0.029617032 
547 33 18 23 0.029609269 
395 48 11 14 0.029608028 
409 15 9 12 0.029482028 
542 1 9 10 0.029473467 
335 116 24 31 0.029410671 
210 167 27 37 0.029395632 
828 178 29 40 0.029302737 
406 89 15 18 0.029283632 
153 1 8 8 0.029219652 
70 8 8 9 0.029216615 
49 21 9 11 0.029165545 
720 339 83 113 0.029141244 
562 30 20 22 0.029126557 
538 152 16 21 0.029124584 
837 51 22 27 0.02904765 
304 14 7 10 0.029030519 
823 113 27 32 0.02900717 
514 11 10 13 0.028988179 
529 85 15 19 0.028933192 
717 116 31 37 0.028705988 
655 64 16 20 0.028693266 
62 21 8 11 0.02853688 
711 2 11 12 0.028516598 
693 68 15 17 0.028506758 
592 4 11 12 0.028505694 
894 33 17 20 0.028425192 
429 49 19 23 0.028183414 
195 110 15 20 0.028148904 
930 122 30 38 0.028054118 
157 39 13 16 0.027896186 
840 17 12 16 0.027890638 
95 15 8 10 0.027743021 
242 10 18 23 0.027707832 
511 1 9 9 0.027667401 
594 60 12 17 0.027626757 
503 52 20 25 0.027521364 
948 37 11 15 0.027497806 
445 48 10 12 0.02749145 
356 15 9 11 0.027449118 
207 43 12 14 0.027429704 
696 52 12 16 0.027381554 
628 46 13 15 0.027351467 
118 14 8 11 0.027305048 
227 74 14 17 0.027198682 
528 323 58 88 0.027149651 
518 124 33 46 0.026998207 
367 91 25 31 0.02686832 
533 23 10 11 0.026816068 
376 27 19 22 0.026813716 
287 1 8 9 0.02675554 
680 35 11 15 0.026720915 
382 59 13 17 0.026715495 
693 23 12 14 0.0266944 
717 23 11 15 0.026595572 
518 94 16 21 0.026536917 
310 319 52 65 0.0263835 
1011 40 13 22 0.026367236 
558 0 8 9 0.026260274 
286 181 42 56 0.026241971 
349 307 56 72 0.026239784 
256 41 19 23 0.026159976 
493 45 11 13 0.026108453 
594 0 9 10 0.026068203 
118 31 9 11 0.025937859 
646 40 12 14 0.025909256 
309 66 14 19 0.025891444 
368 109 25 34 0.025836032 
61 70 16 22 0.025711305 
998 202 26 42 0.02564905 
744 11 11 16 0.025641087 
0 136 43 60 0.025623532 
86 14 8 10 0.025553538 
445 53 12 16 0.02554314 
416 7 8 11 0.025438929 
313 292 55 68 0.025426373 
633 117 24 31 0.025414245 
341 61 12 16 0.02541407 
74 102 17 23 0.025353773 
504 38 10 12 0.025230555 
532 13 9 12 0.025133725 
6 39 9 12 0.025109699 
895 204 33 49 0.024995463 
653 34 12 15 0.02495926 
411 222 41 60 0.024948116 
809 20 12 15 0.02492822 
837 29 12 16 0.024925299 
337 383 57 76 0.024916876 
25 0 9 10 0.024853537 
333 49 13 17 0.024813108 
486 261 16 27 0.02460821 
56 38 10 12 0.024549106 
465 81 14 18 0.024501959 
96 24 9 10 0.024466364 
256 140 24 35 0.024334412 
65 9 8 10 0.024278186 
2 124 15 19 0.024243228 
401 129 27 37 0.024205977 
831 29 12 16 0.024203803 
749 115 22 30 0.024175495 
256 263 55 66 0.024167668 
667 0 11 11 0.024116328 
668 16 19 23 0.024087239 
677 15 9 12 0.02408491 
341 74 16 18 0.024029993 
731 52 13 17 0.023966797 
240 1 9 9 0.023940219 
455 22 10 13 0.023932124 
561 51 12 15 0.02392426 
332 118 38 48 0.023864763 
623 -4 21 22 0.02363398 
420 14 10 12 0.023590485 
346 159 27 31 0.023580799 
267 50 13 16 0.023515584 
963 77 22 32 0.02346415 
652 45 12 16 0.023443516 
454 47 11 13 0.023396837 
448 14 9 12 0.023337768 
749 31 16 20 0.023324175 
494 15 20 24 0.023248723 
180 327 103 111 0.023089966 
965 52 11 15 0.023068665 
307 109 13 18 0.02304176 
359 6 8 10 0.02301935 
313 25 18 23 0.022995176 
651 103 24 31 0.022977142 
495 2 18 23 0.022974787 
805 125 23 32 0.022933735 
19 55 13 16 0.022921301 
743 5 11 15 0.022898095 
991 16 23 29 0.022896387 
653 87 16 19 0.02284346 
773 97 15 18 0.022835847 
963 96 23 30 0.022783592 
41 30 10 13 0.022755777 
945 164 30 41 0.022725454 
463 45 11 14 0.022722987 
438 63 13 17 0.022674698 
6 31 9 11 0.022588192 
470 54 20 26 0.022548778 
204 60 13 16 0.022530224 
295 7 7 9 0.022516862 
406 50 11 15 0.022481658 
303 0 9 9 0.02239608 
647 13 13 16 0.022339467 
289 196 18 24 0.022320187 
177 22 9 11 0.022315567 
700 380 55 75 0.022274747 
321 16 8 11 0.022266088 
276 162 15 22 0.022248935 
566 109 25 30 0.022127368 
432 138 16 22 0.022126265 
312 179 33 43 0.02205473 
851 36 11 15 0.022011923 
887 19 12 17 0.021996548 
865 5 11 13 0.02195561 
415 1 8 9 0.021941388 
225 448 131 136 0.021938408 
104 8 8 9 0.021813188 
303 73 19 25 0.021799808 
591 28 10 13 0.021737548 
383 0 8 9 0.021567011 
80 0 9 9 0.021539751 
678 26 11 16 0.021496955 
470 3 19 22 0.021465939 
125 51 12 15 0.02141852 
942 58 15 20 0.021362348 
329 40 17 21 0.021348763 
365 340 42 50 0.021274807 
840 0 9 9 0.021266766 
621 38 11 14 0.02125952 
71 31 8 11 0.021253172 
573 6 10 11 0.021227648 
231 37 19 22 0.021192277 
435 139 30 37 0.021181647 
51 51 13 16 0.021160843 
201 1 8 9 0.021121692 
2 18 9 14 0.021058569 
581 20 11 14 0.021053344 
546 21 9 12 0.021039933 
184 1 17 23 0.021034798 
369 65 16 20 0.020883085 
938 86 15 22 0.020733116 
668 56 18 23 0.020701174 
208 123 25 29 0.02061318 
218 204 30 44 0.020547213 
768 48 15 19 0.020544328 
103 68 14 17 0.020518662 
649 138 15 20 0.020436212 
358 1 8 8 0.020371836 
462 437 57 59 0.020350408 
14 7 9 10 0.020346291 
167 0 9 9 0.02034282 
23 89 23 31 0.020288674 
19 34 18 23 0.020276284 
698 104 17 22 0.020137846 
581 92 15 18 0.020129288 
756 57 16 19 0.020100199 
