2_Demonstration_Demonstration_Or_Protest_2_600
628
150 308 35 41 0.9991222 
46 238 73 91 0.9963966 
891 280 46 75 0.9931124 
868 223 25 29 0.98428476 
479 301 27 32 0.9775334 
678 351 32 45 0.97074395 
221 389 36 50 0.9646005 
817 304 33 50 0.9481868 
833 117 11 15 0.9218417 
379 148 17 19 0.9215183 
946 402 36 49 0.915591 
852 138 13 19 0.9010557 
637 149 19 23 0.88538337 
254 109 11 14 0.87469137 
733 151 11 14 0.85985637 
285 149 13 15 0.8178734 
124 111 12 16 0.75179183 
958 124 13 16 0.75026715 
660 120 10 13 0.74393725 
598 109 10 13 0.72674435 
55 151 19 22 0.7173139 
951 269 29 35 0.7119957 
732 110 11 14 0.6994131 
435 107 11 14 0.6790495 
190 144 19 22 0.676563 
240 164 14 17 0.6757808 
77 102 12 15 0.67182374 
687 103 11 13 0.65002424 
458 429 108 113 0.64622015 
703 129 11 14 0.6295493 
111 35 10 12 0.6241597 
24 104 14 18 0.60841554 
227 102 11 14 0.6041146 
540 112 10 13 0.5788367 
0 156 11 17 0.5760873 
507 146 15 19 0.5611697 
500 108 11 14 0.5424275 
899 125 10 14 0.5287119 
341 312 23 27 0.51022726 
941 147 13 17 0.5082275 
564 126 12 15 0.5019891 
799 150 11 14 0.4999796 
84 46 11 13 0.4704059 
30 152 17 21 0.46894658 
615 95 12 13 0.44890788 
400 106 13 15 0.4188024 
372 110 11 14 0.40452838 
152 55 8 10 0.40243754 
541 216 12 14 0.40227446 
918 147 13 16 0.39693236 
310 105 14 16 0.369434 
709 157 10 12 0.36895898 
397 183 14 16 0.360215 
773 119 10 12 0.34204122 
196 279 23 27 0.3254521 
78 170 15 18 0.32392994 
793 117 11 13 0.3150298 
479 108 11 12 0.30241415 
301 222 15 17 0.30174047 
267 229 18 22 0.3003568 
792 111 10 12 0.29519987 
221 48 9 12 0.284511 
407 125 12 15 0.27935237 
848 135 12 17 0.26211247 
756 179 11 13 0.25638655 
759 118 10 12 0.2555282 
635 111 8 9 0.2500004 
5 31 10 13 0.24729282 
241 56 9 11 0.24350618 
819 112 8 11 0.24047102 
69 47 8 10 0.23748057 
462 128 12 16 0.23632196 
273 59 10 12 0.23552501 
102 156 12 16 0.2225957 
168 101 12 16 0.22065015 
182 120 11 14 0.20196472 
505 191 10 14 0.2001257 
30 46 8 11 0.19819112 
545 167 10 14 0.19619668 
827 137 13 15 0.1895389 
741 190 12 14 0.18867737 
919 113 9 11 0.18749383 
965 265 22 27 0.18732865 
139 147 15 19 0.18442464 
433 104 10 12 0.18036929 
406 118 11 13 0.17436859 
729 153 12 15 0.1735106 
911 112 9 11 0.1701634 
639 358 24 37 0.16995703 
433 171 10 13 0.16869211 
629 122 11 15 0.16809984 
798 142 12 15 0.16333881 
604 110 9 13 0.1562695 
288 155 15 17 0.15551104 
848 112 9 10 0.1522513 
925 165 14 19 0.15052094 
753 117 9 11 0.14696598 
725 142 9 12 0.1450548 
999 86 11 14 0.13945164 
637 118 9 11 0.13484237 
886 148 13 16 0.1325661 
432 87 9 12 0.13254416 
813 125 9 12 0.1319326 
884 111 9 11 0.13175845 
620 98 9 12 0.13039666 
221 125 12 16 0.12896433 
696 172 11 12 0.12714005 
539 189 11 13 0.1265238 
740 151 10 13 0.12395871 
984 142 8 11 0.1233591 
774 188 9 12 0.12111833 
762 198 9 13 0.117304236 
262 187 11 14 0.116534665 
148 167 18 22 0.11591318 
850 290 46 65 0.11372331 
637 144 13 16 0.11352905 
240 75 9 12 0.11142929 
430 154 12 14 0.111307964 
988 387 32 40 0.11107872 
339 102 11 14 0.10999519 
511 317 17 19 0.10991292 
562 109 9 12 0.1097145 
764 203 10 12 0.10956554 
709 109 8 11 0.10943143 
133 151 15 19 0.10787806 
215 125 12 15 0.107176706 
767 118 10 12 0.107159 
664 364 38 44 0.10554896 
561 118 10 13 0.10533993 
156 127 15 18 0.105267696 
954 265 20 23 0.104661785 
672 166 8 11 0.103759155 
470 159 10 13 0.10345287 
512 133 10 12 0.1030672 
28 142 15 18 0.102541074 
895 128 11 15 0.10076325 
887 141 12 13 0.09963118 
390 119 9 12 0.098070264 
467 125 11 14 0.09741689 
897 269 31 51 0.09707178 
537 183 9 12 0.096669845 
912 387 33 36 0.09634366 
1006 117 10 16 0.09505275 
889 134 10 13 0.094398014 
632 118 11 15 0.093924314 
422 119 10 12 0.09313287 
695 168 9 12 0.092954084 
913 135 12 14 0.092017084 
795 303 42 55 0.09177401 
537 66 10 13 0.091515124 
181 442 105 101 0.09094062 
497 105 11 12 0.090393096 
976 116 9 12 0.08961743 
454 113 9 11 0.08898858 
423 184 12 14 0.08885665 
813 133 9 12 0.088671 
137 172 24 26 0.08711421 
582 111 8 10 0.08630029 
423 141 10 12 0.08597035 
823 116 10 13 0.083409235 
21 145 17 22 0.08274687 
915 136 19 24 0.082161896 
814 151 10 12 0.081761286 
766 158 8 11 0.08098258 
57 61 8 9 0.08058462 
110 128 10 13 0.07982865 
928 111 9 12 0.07877411 
631 624 31 32 0.0786389 
786 308 27 43 0.07836821 
609 158 11 13 0.077714376 
932 108 10 12 0.07767628 
304 108 12 14 0.07728373 
721 150 9 12 0.07714047 
232 63 8 10 0.0769689 
132 141 14 19 0.0769606 
881 115 9 11 0.07681062 
856 143 16 19 0.07595966 
303 129 11 15 0.07572195 
758 167 11 12 0.07440388 
962 329 28 44 0.07439564 
946 141 12 17 0.07397696 
904 148 9 12 0.07361813 
436 167 12 14 0.07317285 
834 180 11 14 0.07234072 
831 289 40 62 0.07223498 
816 115 10 13 0.072091185 
316 125 15 18 0.07191343 
680 199 12 15 0.07170416 
803 153 12 15 0.071261704 
127 147 13 17 0.071041845 
63 142 12 15 0.070500724 
464 110 9 12 0.070435636 
480 165 10 13 0.07005081 
469 118 9 11 0.06981449 
717 190 11 13 0.06974796 
970 226 20 22 0.06919338 
679 108 10 11 0.068996295 
983 119 8 11 0.068793185 
980 307 33 38 0.06822114 
153 127 11 14 0.06683173 
986 124 9 13 0.06670513 
907 111 8 11 0.065479815 
963 130 11 14 0.06502119 
477 159 11 13 0.06476832 
940 350 25 30 0.064620964 
829 154 11 15 0.06449759 
463 176 10 12 0.06319423 
86 41 9 12 0.06317361 
83 106 10 13 0.06300181 
783 111 9 10 0.06298848 
759 113 9 12 0.061995167 
987 131 11 15 0.06199095 
815 179 12 14 0.061641768 
1013 117 9 15 0.06158565 
549 132 10 13 0.061008662 
655 134 9 12 0.060590677 
750 150 9 11 0.060281087 
418 325 16 20 0.059962597 
589 133 10 13 0.05978011 
901 118 11 14 0.05956499 
935 142 12 15 0.059031636 
929 168 16 20 0.05897278 
564 104 9 11 0.058812182 
922 156 13 17 0.058687657 
515 339 16 20 0.058179557 
107 36 10 12 0.05812893 
61 61 8 9 0.058073923 
334 95 10 12 0.058066644 
424 168 9 12 0.057353806 
661 142 10 14 0.057220384 
983 400 26 38 0.057076246 
833 102 9 11 0.056955345 
324 226 14 16 0.05638344 
345 156 16 19 0.056079343 
656 140 11 14 0.055753727 
136 185 25 28 0.054686278 
950 340 25 37 0.054559983 
261 127 11 14 0.054462563 
232 68 8 12 0.054377563 
510 181 9 12 0.05432617 
647 131 11 13 0.054140143 
13 126 10 13 0.054138314 
839 157 12 15 0.054091033 
844 156 11 15 0.053739488 
114 30 11 14 0.052763026 
432 80 8 10 0.052615527 
594 106 8 11 0.05257186 
868 255 17 23 0.05251641 
480 171 11 13 0.052239448 
823 155 11 14 0.052207123 
246 72 9 11 0.051828254 
127 131 13 16 0.051636454 
519 139 11 14 0.051461067 
471 111 8 12 0.05125289 
795 122 10 13 0.050773736 
435 93 10 12 0.05051196 
437 112 11 14 0.05043816 
222 120 10 12 0.049730208 
830 148 12 15 0.04972215 
767 188 12 15 0.04949629 
994 86 9 13 0.049304403 
704 120 10 13 0.04881692 
632 104 9 11 0.048707847 
975 142 10 12 0.048501283 
414 119 9 13 0.048459105 
630 164 12 16 0.04800997 
972 221 15 17 0.04798269 
767 182 11 14 0.047645174 
769 151 8 10 0.04760165 
590 127 9 12 0.046960104 
464 157 12 15 0.046947237 
405 224 12 16 0.046657335 
535 193 13 16 0.046609607 
224 59 9 12 0.046201874 
865 235 28 37 0.046171337 
968 314 33 48 0.04606463 
0 155 18 26 0.04590715 
85 97 10 12 0.045862693 
138 386 44 44 0.045750104 
96 133 10 13 0.045653045 
242 218 21 25 0.045629777 
912 147 11 15 0.045406535 
752 272 18 20 0.045353696 
227 128 13 16 0.0452578 
765 165 9 11 0.045239866 
838 134 10 13 0.04517386 
180 402 51 56 0.045053225 
662 130 10 13 0.045046523 
637 122 11 14 0.045011554 
372 124 13 16 0.044955898 
430 62 8 9 0.044697728 
943 133 13 14 0.044541057 
687 126 9 12 0.044430118 
252 137 14 18 0.044292673 
242 30 8 12 0.044048265 
608 99 9 12 0.0436932 
127 176 40 47 0.04364566 
425 148 11 13 0.04288768 
966 141 11 14 0.04257009 
232 163 12 18 0.04244986 
360 181 11 14 0.04213595 
151 48 10 13 0.04184836 
626 121 9 12 0.041712426 
688 130 11 15 0.04125551 
257 184 12 17 0.041232534 
610 95 10 13 0.041107714 
749 188 10 13 0.040943682 
211 189 13 16 0.040673465 
935 154 12 15 0.040587727 
375 105 9 12 0.040338203 
776 112 9 11 0.040309552 
329 172 15 18 0.040255036 
622 147 12 14 0.040254537 
448 109 9 12 0.040086698 
62 156 20 27 0.039839543 
837 101 8 11 0.039524093 
301 182 13 16 0.039506126 
691 106 10 13 0.039505493 
759 312 39 55 0.0394236 
138 161 23 25 0.03918274 
538 216 22 25 0.039119046 
599 130 9 13 0.03911842 
681 119 9 11 0.03889713 
500 374 31 41 0.038837317 
70 162 20 27 0.03863178 
785 134 8 11 0.038606662 
588 137 12 16 0.03848612 
836 112 10 13 0.03835206 
8 147 22 28 0.03835201 
705 151 11 13 0.038321976 
973 134 11 12 0.038174167 
759 190 9 13 0.038105026 
356 110 10 11 0.038046923 
134 178 14 18 0.037799455 
792 216 10 11 0.037490055 
127 263 28 33 0.037412636 
163 131 13 16 0.03727561 
853 111 9 11 0.0368168 
185 64 7 10 0.03652847 
933 102 9 13 0.036476266 
106 162 14 17 0.036410134 
70 51 9 11 0.036379844 
405 96 9 11 0.036050387 
1 193 11 18 0.03597355 
989 118 11 13 0.03597262 
380 156 15 20 0.035933122 
96 127 9 13 0.03592873 
767 172 10 13 0.035910007 
823 150 10 13 0.035719376 
855 117 9 11 0.035600673 
710 178 12 15 0.035564695 
325 232 18 21 0.035465986 
190 65 8 10 0.035403043 
291 168 13 16 0.03519394 
126 163 13 17 0.03503685 
23 96 11 15 0.034973856 
773 150 9 11 0.034673683 
297 94 8 10 0.03457052 
695 179 14 18 0.034495275 
127 170 13 17 0.034267306 
301 95 9 11 0.034204654 
962 398 31 45 0.034200944 
512 128 9 11 0.034191463 
483 167 13 14 0.034123223 
800 165 10 13 0.034051094 
243 172 15 22 0.03392192 
45 152 18 25 0.03390427 
855 126 12 14 0.03384738 
188 414 68 71 0.03372436 
69 135 11 14 0.033664532 
185 69 8 11 0.03365764 
871 116 9 11 0.033505116 
51 157 23 32 0.03348488 
814 141 9 12 0.033406645 
399 113 13 16 0.033394456 
277 176 14 18 0.03337353 
736 95 9 11 0.03326489 
863 118 8 11 0.033045363 
205 402 40 43 0.033036284 
877 174 16 23 0.033025622 
414 147 9 13 0.03300025 
65 146 15 20 0.032967884 
425 426 45 63 0.032909047 
144 48 8 11 0.03290713 
708 118 10 13 0.032840747 
448 78 8 10 0.032564647 
835 149 12 15 0.032469515 
1002 313 16 23 0.032396507 
656 114 9 11 0.032354433 
73 95 10 12 0.032313216 
944 261 24 32 0.0321237 
485 103 10 12 0.032077376 
62 55 9 10 0.03188749 
129 453 68 73 0.03183661 
432 103 17 21 0.031826556 
501 422 131 125 0.031719886 
325 115 12 15 0.0317146 
411 130 11 15 0.031702902 
137 48 9 10 0.03166765 
598 180 11 13 0.031521365 
791 220 12 14 0.031398494 
413 103 8 11 0.031276826 
972 122 11 14 0.031090379 
416 172 10 12 0.031016452 
695 129 12 17 0.031002881 
189 69 8 11 0.030905616 
1005 92 9 11 0.030845681 
126 153 13 18 0.0307612 
896 122 11 13 0.03053065 
949 131 12 14 0.030514112 
535 158 10 12 0.030505339 
975 158 10 12 0.030485746 
969 147 10 13 0.030419685 
851 218 30 34 0.030354226 
215 120 11 13 0.030335056 
455 77 9 11 0.030315375 
170 138 13 16 0.030311706 
425 86 10 13 0.03024752 
867 147 13 17 0.030154875 
933 138 19 24 0.030066924 
246 36 9 11 0.02994937 
33 191 22 27 0.02986715 
258 114 11 14 0.029832277 
506 326 24 26 0.029799512 
144 61 10 12 0.029768838 
782 117 9 12 0.029711144 
793 142 9 12 0.029697103 
263 21 9 11 0.029657891 
705 104 10 13 0.02952748 
537 107 17 21 0.029518662 
921 414 31 37 0.029322732 
157 61 9 10 0.029211305 
72 86 9 11 0.029210614 
34 161 20 29 0.029148502 
315 197 11 14 0.029126003 
315 114 15 19 0.02905248 
766 113 9 10 0.028971588 
391 319 12 17 0.028901482 
525 172 10 12 0.028782187 
971 268 26 34 0.028737862 
453 163 10 13 0.028564118 
14 98 13 18 0.028358398 
231 55 8 10 0.02835335 
112 109 9 13 0.028317012 
710 161 11 14 0.02831128 
909 173 11 16 0.028078593 
414 140 10 14 0.027958127 
438 78 8 11 0.02790757 
463 79 8 10 0.027842546 
638 629 16 19 0.027833348 
147 154 15 19 0.027794186 
309 127 15 18 0.02774886 
236 119 11 13 0.027722059 
672 78 9 12 0.027660541 
666 125 10 13 0.027584353 
927 175 13 18 0.027446683 
230 48 8 10 0.027445924 
96 38 9 10 0.027407588 
593 114 10 13 0.027301766 
116 169 14 19 0.027230943 
1015 109 10 15 0.027218932 
735 315 42 55 0.027111467 
517 68 11 12 0.027095145 
707 138 13 16 0.027086461 
811 253 13 14 0.02705575 
632 147 13 19 0.027046615 
462 85 9 11 0.027001904 
172 95 11 15 0.02679928 
872 111 9 11 0.026773801 
381 110 9 12 0.026698891 
434 157 12 15 0.02668268 
406 138 13 16 0.026669892 
277 162 15 18 0.026595695 
804 166 12 14 0.026583295 
112 239 46 59 0.026440348 
932 149 22 25 0.026364727 
664 166 11 15 0.026245877 
966 180 10 13 0.02621054 
69 41 10 13 0.026128473 
592 179 12 13 0.02605324 
31 50 8 11 0.025928047 
209 276 17 24 0.02569869 
429 180 10 14 0.025553469 
217 40 8 11 0.025402928 
270 164 12 16 0.025399989 
0 308 20 45 0.02539726 
176 116 12 16 0.025372412 
983 146 9 12 0.025328344 
661 113 9 11 0.025304629 
25 40 9 12 0.025279267 
17 93 19 27 0.025230408 
651 352 40 49 0.02514975 
243 60 9 11 0.025115354 
990 308 16 19 0.0250797 
959 136 13 17 0.025074152 
861 124 11 14 0.025035668 
984 125 18 25 0.024966538 
674 108 9 11 0.024928916 
805 141 10 12 0.02484687 
131 161 16 20 0.024833608 
794 149 10 13 0.024657464 
910 125 11 13 0.02461745 
608 152 10 11 0.024614073 
677 85 8 11 0.024446255 
929 94 8 10 0.024423538 
145 54 9 11 0.024362504 
156 47 11 13 0.024310384 
422 135 10 12 0.024309147 
1006 226 14 22 0.024305876 
221 177 14 20 0.02412998 
780 188 9 13 0.024121312 
502 144 14 17 0.024070295 
772 173 10 12 0.024013624 
1005 79 9 11 0.023984622 
265 55 8 11 0.023933856 
858 133 14 18 0.023911957 
980 260 15 18 0.023781678 
175 55 8 10 0.023717966 
496 103 18 22 0.023717647 
383 116 10 13 0.02370049 
234 125 12 15 0.023644313 
106 28 20 25 0.023600604 
71 126 11 14 0.023597596 
359 173 12 15 0.023586355 
118 163 12 16 0.02357903 
789 134 9 12 0.023524536 
518 174 12 13 0.023404779 
937 163 15 18 0.023356393 
792 105 10 12 0.02324802 
819 172 12 16 0.023151256 
293 276 111 125 0.023114456 
504 55 9 11 0.02311375 
81 50 10 12 0.023108156 
103 131 11 15 0.02306224 
130 115 13 15 0.023046013 
967 174 10 14 0.022889348 
456 86 9 11 0.02288537 
36 174 15 21 0.022815965 
357 118 10 12 0.022812206 
726 137 10 12 0.02280434 
446 164 10 13 0.022798236 
774 167 9 11 0.022729564 
177 118 19 22 0.022617523 
131 167 21 25 0.02258375 
964 119 11 14 0.022583298 
232 374 44 65 0.022512693 
317 79 9 12 0.022503022 
269 54 19 23 0.022496 
6 25 9 12 0.02247121 
643 143 12 15 0.022344438 
495 311 27 31 0.022325866 
351 102 10 13 0.022167964 
296 131 11 15 0.022118928 
969 290 36 48 0.02211138 
264 79 9 11 0.02210578 
573 157 10 12 0.022072049 
205 156 11 15 0.021984713 
996 314 26 36 0.021916918 
614 150 10 13 0.021897035 
824 105 8 11 0.021882962 
284 168 14 18 0.02187418 
595 104 17 23 0.021790165 
252 165 10 14 0.02175913 
640 132 11 15 0.021755673 
13 118 11 14 0.021741036 
79 69 11 14 0.021733088 
712 186 12 15 0.021710182 
395 189 17 20 0.02170375 
699 185 12 17 0.021688519 
677 79 8 11 0.02166389 
183 130 12 16 0.021657975 
1005 268 12 16 0.02157155 
973 261 15 20 0.021526247 
93 157 20 25 0.021509495 
0 184 19 30 0.021482311 
148 47 20 25 0.021468822 
813 166 11 15 0.021458097 
205 187 22 27 0.021455824 
585 127 9 11 0.021440571 
622 154 11 15 0.02142315 
585 165 9 11 0.021376714 
224 95 12 15 0.021335626 
947 152 15 16 0.021318717 
891 152 12 15 0.02130522 
215 68 8 11 0.02126134 
496 141 9 14 0.02124563 
752 169 17 22 0.021221792 
728 411 124 140 0.021174457 
119 102 11 15 0.021169951 
870 124 10 12 0.021120045 
637 104 9 11 0.021086251 
956 163 13 17 0.021074805 
785 140 9 11 0.021045616 
878 153 12 15 0.021032868 
768 113 19 23 0.02099793 
260 136 15 20 0.02095198 
568 159 9 12 0.020905565 
799 136 10 12 0.02089494 
352 118 10 12 0.020889087 
400 125 12 15 0.020856226 
999 120 15 19 0.020833427 
134 26 12 14 0.02082656 
423 78 9 11 0.02080995 
38 130 12 16 0.020802839 
105 44 9 11 0.020790156 
833 97 9 11 0.020738823 
613 91 18 22 0.020718897 
1000 80 11 14 0.02068762 
263 176 19 25 0.020677298 
565 134 12 17 0.020654371 
583 139 11 15 0.020650545 
446 70 9 10 0.020574313 
210 177 15 19 0.020515185 
838 96 9 11 0.020508211 
505 59 10 12 0.02050115 
673 103 9 11 0.02048006 
172 172 12 15 0.020443369 
547 190 12 14 0.020435335 
221 41 9 11 0.020420864 
240 49 8 10 0.020388247 
255 125 10 13 0.020377204 
589 160 10 12 0.020303508 
508 351 27 33 0.020115439 
97 30 8 10 0.02011167 
63 15 8 10 0.020080624 
463 103 9 12 0.020055328 
696 158 9 12 0.020052591 
702 165 10 13 0.020034973 
