2_Demonstration_Demonstrators_2_414
276
686 52 23 29 0.9743167 
202 41 18 22 0.9720958 
399 33 21 24 0.9503995 
597 38 23 27 0.92309815 
485 28 22 26 0.9151929 
134 41 22 26 0.8870101 
764 47 18 22 0.86517066 
928 43 29 35 0.7993872 
18 34 26 30 0.7312397 
531 0 15 18 0.6609773 
93 61 21 25 0.6532387 
170 44 26 36 0.61242586 
821 47 23 27 0.59001714 
306 39 32 35 0.58825946 
249 51 19 22 0.5145516 
290 1 29 28 0.48829 
863 64 14 19 0.34812337 
226 43 21 29 0.32343817 
115 67 18 23 0.29399785 
104 61 21 28 0.26024693 
9 38 26 33 0.2316634 
529 125 15 19 0.23136385 
537 57 24 29 0.22139157 
46 50 15 20 0.20018579 
740 49 14 18 0.18789007 
401 63 27 33 0.17766659 
942 78 29 35 0.17668611 
705 51 25 30 0.17302898 
54 115 29 33 0.17254812 
247 123 14 16 0.1701032 
921 24 44 58 0.1656768 
5 93 14 17 0.16448635 
492 100 23 28 0.1505784 
799 58 13 16 0.14408326 
439 19 13 17 0.1398622 
814 54 17 21 0.13371259 
844 110 15 17 0.13039638 
11 95 22 28 0.12967165 
502 0 16 13 0.12391926 
474 62 19 24 0.12114805 
159 130 28 33 0.11366359 
450 123 15 19 0.111553304 
119 99 28 32 0.11033124 
488 131 22 27 0.10573806 
61 120 18 21 0.10447592 
174 62 26 34 0.104389 
244 56 27 36 0.10090185 
106 22 16 22 0.10088842 
383 46 12 16 0.098628685 
34 34 16 23 0.09733705 
718 143 11 15 0.09357191 
594 100 17 20 0.090886205 
948 38 25 32 0.08890048 
531 47 23 28 0.088708386 
53 123 14 16 0.08814711 
351 17 15 19 0.0870928 
86 64 17 22 0.08202783 
803 52 19 25 0.08175044 
772 77 16 21 0.081315234 
422 30 13 18 0.081197515 
778 102 14 17 0.080086544 
236 119 24 27 0.07921582 
42 36 12 19 0.07824313 
174 261 24 34 0.07754944 
350 6 15 17 0.0772378 
950 117 14 17 0.075978406 
230 38 13 19 0.07577901 
478 31 17 22 0.0754053 
470 35 13 18 0.07510456 
856 66 13 16 0.07492901 
455 35 14 18 0.069829635 
909 53 12 16 0.06911129 
867 23 12 15 0.06893258 
722 59 16 19 0.06892944 
575 58 15 19 0.0673492 
0 50 11 20 0.065325655 
400 75 19 25 0.064127155 
317 3 17 19 0.063486174 
584 0 15 17 0.06236446 
805 65 12 16 0.061925028 
1 42 22 33 0.06026061 
323 201 13 16 0.059959777 
1007 0 14 16 0.059277385 
719 169 11 16 0.059092317 
9 249 45 66 0.05898107 
200 213 9 13 0.05653455 
278 44 21 29 0.055699367 
712 134 8 11 0.0544147 
410 101 27 30 0.054085962 
229 56 25 35 0.053104233 
161 55 25 34 0.05289232 
917 48 26 32 0.052828394 
460 38 19 24 0.052732848 
128 59 25 33 0.052561145 
595 104 23 27 0.05056354 
42 42 15 21 0.04968562 
372 226 13 16 0.04941442 
269 99 16 21 0.0489225 
395 30 36 45 0.04885584 
740 16 16 22 0.048703447 
929 84 27 35 0.04776577 
791 95 12 15 0.046826087 
956 37 15 19 0.046545938 
811 64 15 18 0.045949254 
602 98 16 18 0.045673247 
352 32 14 19 0.04558978 
123 99 16 18 0.045005754 
683 109 13 16 0.04499842 
822 91 15 19 0.04484009 
367 39 10 13 0.044473376 
183 293 73 61 0.043808844 
864 55 22 29 0.043699417 
216 198 50 65 0.04369702 
290 93 14 16 0.043422665 
854 99 14 17 0.04336918 
526 43 14 20 0.04327055 
14 35 18 22 0.042742465 
867 125 14 21 0.0425088 
158 292 59 59 0.042211033 
850 107 17 20 0.042181093 
195 93 14 17 0.041979205 
418 57 17 19 0.041688357 
21 249 26 42 0.041189954 
589 105 18 21 0.040861502 
432 17 22 26 0.040632382 
261 44 24 31 0.039579723 
236 194 14 16 0.03947502 
84 6 18 24 0.038979143 
413 99 15 20 0.03889533 
202 92 16 18 0.038692363 
995 133 11 15 0.03828781 
766 73 15 19 0.03797068 
261 261 23 31 0.03750737 
803 133 12 15 0.03722709 
48 59 26 30 0.036247388 
182 44 34 44 0.036149375 
397 76 41 49 0.03586621 
531 35 17 21 0.035811856 
410 59 19 22 0.03580522 
669 50 24 31 0.035568155 
732 42 23 28 0.0354924 
903 13 78 100 0.035070926 
972 178 14 19 0.034804326 
78 65 14 20 0.033716384 
101 49 21 30 0.033094767 
193 34 37 43 0.03257234 
840 111 23 26 0.032297276 
391 201 22 26 0.03207244 
303 227 14 18 0.03179504 
489 126 17 20 0.031407747 
274 269 28 36 0.031361986 
294 47 32 39 0.03133564 
289 88 26 30 0.031208947 
671 64 13 19 0.031000284 
382 36 13 18 0.030946963 
797 46 13 15 0.030941505 
836 46 22 29 0.030844735 
364 0 15 14 0.030527294 
196 95 25 29 0.030256324 
833 45 16 21 0.030215647 
724 50 25 29 0.03000665 
300 206 15 19 0.029636811 
440 118 24 28 0.029532166 
353 53 11 14 0.029306281 
186 68 17 24 0.02909034 
846 65 13 18 0.02903398 
712 147 12 14 0.028847585 
783 149 12 15 0.028830811 
4 84 40 46 0.028481333 
381 0 14 12 0.028473945 
283 35 23 29 0.028371932 
319 52 21 24 0.028045075 
114 81 25 32 0.027876783 
484 22 17 21 0.027807971 
547 51 16 19 0.0275609 
342 127 12 14 0.027413163 
355 145 17 26 0.027378175 
909 49 21 29 0.027273998 
178 315 46 41 0.02726547 
0 88 23 31 0.027051061 
577 47 22 29 0.027018463 
127 93 27 29 0.026906732 
688 42 37 47 0.02685226 
774 35 13 17 0.026819292 
798 176 9 11 0.026662782 
486 60 22 28 0.026624108 
770 40 21 29 0.026405908 
800 181 10 13 0.02639672 
852 54 11 15 0.026276886 
220 56 23 32 0.026205655 
371 37 12 16 0.025888333 
827 86 22 27 0.025755676 
90 15 15 22 0.025493244 
303 6 20 22 0.025285978 
779 102 24 25 0.025144711 
213 185 120 132 0.025070317 
489 151 24 32 0.024813397 
812 76 12 14 0.02481319 
518 58 14 18 0.024734564 
425 26 19 24 0.024629451 
88 164 13 16 0.024590477 
846 57 12 18 0.024461186 
673 61 26 33 0.024457905 
637 129 12 15 0.024359388 
63 54 23 29 0.024309417 
307 60 30 36 0.024132594 
513 2 18 18 0.024126206 
343 137 25 36 0.024110056 
371 0 16 13 0.023916492 
460 147 11 15 0.023823325 
365 68 12 14 0.023765577 
800 127 12 14 0.023761386 
388 0 15 13 0.023696812 
472 43 25 34 0.023630893 
702 35 40 50 0.02361179 
792 58 13 16 0.023443045 
254 79 27 36 0.023199107 
58 64 35 43 0.02319635 
731 57 14 18 0.02315064 
427 89 26 31 0.023099717 
963 41 14 21 0.022810116 
458 47 17 23 0.022742946 
926 42 17 23 0.02271895 
170 137 15 20 0.022712665 
448 164 10 13 0.02268621 
937 36 19 24 0.022653311 
445 57 13 16 0.022651326 
287 28 12 16 0.02264674 
239 72 29 38 0.022536827 
716 46 13 15 0.022322185 
958 45 25 34 0.02230306 
787 113 13 15 0.022297544 
630 127 13 16 0.02221214 
201 85 26 30 0.0220925 
352 42 13 17 0.021965384 
547 67 18 24 0.021880502 
504 105 16 19 0.02186674 
316 171 18 19 0.021834241 
844 72 14 18 0.021622583 
261 273 29 36 0.021604264 
238 120 12 15 0.021585764 
587 -43 422 468 0.021545818 
595 89 17 21 0.021538168 
945 56 34 48 0.021504961 
800 62 23 28 0.021476686 
679 113 13 16 0.021417059 
396 0 15 14 0.021361947 
196 63 27 33 0.021352166 
793 27 12 16 0.02127596 
11 85 18 22 0.021272881 
618 42 21 31 0.021239623 
526 119 13 17 0.021220526 
268 266 13 19 0.021212157 
19 51 18 23 0.021146242 
763 87 22 29 0.021085156 
843 60 23 28 0.021077657 
298 85 14 16 0.021068022 
499 67 17 21 0.021016203 
926 66 43 58 0.020980308 
776 29 12 15 0.020935934 
790 47 21 29 0.020928696 
420 37 21 28 0.020927431 
17 94 43 49 0.020873357 
251 47 37 47 0.020824382 
793 175 9 11 0.02074463 
305 0 17 16 0.020681962 
261 236 9 12 0.020648612 
305 77 26 31 0.020564862 
297 35 27 33 0.02055319 
724 165 11 16 0.020436142 
75 123 15 19 0.020436045 
869 53 14 18 0.020418199 
385 245 12 16 0.020403307 
273 256 27 32 0.020355795 
183 55 19 25 0.02029266 
412 1 13 16 0.02027675 
