2_Demonstration_Demonstration_Or_Protest_2_453
98
60 308 34 43 0.99843794 
396 261 45 60 0.9975206 
476 234 82 108 0.9941942 
755 327 22 28 0.9910222 
573 324 30 36 0.98985505 
691 311 21 28 0.98686683 
607 294 25 33 0.98263836 
13 294 37 52 0.97770154 
737 311 17 21 0.9567678 
805 308 20 27 0.9478551 
648 281 21 28 0.93198955 
722 318 17 20 0.8594749 
718 338 18 23 0.83084434 
662 308 20 25 0.774408 
268 335 21 25 0.69213605 
196 277 56 71 0.6592311 
905 290 48 64 0.37880045 
910 316 23 31 0.37781164 
675 250 15 22 0.18757524 
637 287 15 20 0.18039905 
778 308 12 16 0.16549951 
804 273 14 19 0.13782507 
798 313 17 21 0.120499715 
336 314 28 33 0.11364948 
562 509 35 37 0.11196462 
550 145 29 38 0.105849266 
172 277 52 67 0.10375554 
807 347 13 17 0.09300452 
831 332 13 18 0.09062235 
96 602 33 34 0.09005421 
651 388 12 17 0.08957314 
916 307 28 40 0.084464766 
238 317 15 20 0.07380179 
286 323 16 20 0.071763575 
168 285 35 41 0.061339017 
557 323 11 16 0.059864648 
302 263 27 32 0.05714467 
714 74 15 21 0.05559266 
665 386 17 18 0.052574128 
156 310 12 18 0.051766623 
5 522 46 39 0.051576775 
810 341 13 17 0.04987157 
263 324 37 46 0.04863682 
799 279 14 16 0.04790243 
922 275 58 80 0.044717375 
812 303 14 19 0.042043645 
661 389 25 28 0.042000055 
785 354 18 21 0.041310422 
289 320 23 26 0.040362798 
29 320 29 35 0.03910471 
181 439 51 55 0.039098866 
709 78 16 23 0.038130518 
549 313 23 32 0.037998237 
555 152 17 21 0.03771299 
814 307 18 23 0.037556358 
828 296 23 33 0.03747965 
755 304 11 13 0.03722623 
731 314 19 25 0.036352 
671 312 15 21 0.03573723 
716 362 15 17 0.035536896 
230 304 26 35 0.035412457 
746 319 23 30 0.035410628 
617 291 23 29 0.034831733 
660 299 15 21 0.03458184 
596 268 12 16 0.034060664 
684 236 13 18 0.03397292 
884 307 52 64 0.031560387 
148 302 21 30 0.030321363 
558 258 11 14 0.030101214 
561 316 26 34 0.030059038 
708 365 24 27 0.029472014 
747 307 15 19 0.028899986 
549 293 12 15 0.028123595 
847 302 83 103 0.027831184 
827 344 14 18 0.027393779 
299 281 29 35 0.027078424 
559 328 12 18 0.026985113 
710 11 16 20 0.02698485 
792 314 14 19 0.026663722 
741 363 13 15 0.026359433 
662 288 20 28 0.025873939 
42 328 16 22 0.025448374 
741 329 14 20 0.025186555 
650 387 21 28 0.024879377 
733 284 15 18 0.024505744 
655 306 18 24 0.024483731 
312 272 16 20 0.024292044 
692 369 13 18 0.023727704 
750 536 32 39 0.023649693 
675 262 15 19 0.02317132 
684 351 16 21 0.022427898 
805 270 23 29 0.02240094 
284 268 31 35 0.022396032 
84 312 24 33 0.022304676 
681 242 16 22 0.022223454 
786 365 18 22 0.021765562 
603 268 12 16 0.021416184 
712 276 10 15 0.021036651 
