2_Demonstration_Demonstration_Or_Protest_2_54
266
443 133 37 46 0.99907553 
985 230 31 39 0.9982963 
731 164 31 39 0.99733835 
106 161 24 31 0.9972493 
775 136 34 41 0.99659806 
195 57 18 24 0.9910199 
240 149 30 40 0.9902968 
323 206 41 48 0.98980814 
171 111 19 23 0.98526174 
567 152 21 27 0.98091024 
670 136 26 29 0.97882503 
858 130 41 53 0.9565041 
372 92 14 18 0.94889706 
171 148 23 29 0.9359922 
132 152 23 30 0.9334209 
317 154 21 25 0.915582 
532 151 19 24 0.9090375 
181 174 21 28 0.9007023 
401 169 18 23 0.8972 
267 143 19 25 0.8945549 
576 202 31 43 0.8932543 
613 163 19 22 0.86025524 
506 143 20 23 0.85588294 
102 89 24 27 0.8550454 
643 155 17 21 0.76456684 
362 177 17 22 0.7642479 
271 192 23 31 0.69303644 
254 146 25 33 0.67056453 
117 155 24 32 0.64877486 
631 92 11 14 0.6427909 
242 117 14 18 0.5290488 
690 163 24 28 0.50497353 
126 96 14 20 0.44158632 
554 172 14 19 0.33459353 
622 126 13 16 0.31411925 
436 26 13 15 0.29363307 
613 101 11 13 0.25542393 
581 329 47 55 0.23742834 
379 68 11 13 0.22974822 
596 93 10 13 0.20747584 
650 182 17 23 0.2007582 
201 133 17 22 0.19814128 
492 55 10 13 0.17996451 
381 165 14 18 0.16803393 
592 95 10 13 0.1630911 
487 10 10 13 0.15254624 
638 160 15 18 0.15198325 
906 147 22 31 0.14789209 
715 158 18 24 0.1342822 
599 155 14 17 0.13151024 
490 58 14 18 0.12651326 
9 429 45 42 0.12366377 
565 205 26 35 0.121866435 
1003 193 21 33 0.12049474 
535 124 11 13 0.11361656 
313 14 11 14 0.11321233 
724 137 17 21 0.1090151 
700 166 23 31 0.10710153 
486 32 9 11 0.10634048 
718 206 23 28 0.100709215 
477 164 24 28 0.09833012 
-7 417 114 73 0.09405584 
586 195 19 22 0.09252695 
556 126 9 12 0.09032176 
583 94 11 14 0.090286285 
356 162 23 32 0.089480735 
403 117 10 13 0.08542427 
519 39 8 9 0.08437709 
395 61 12 15 0.083077796 
508 27 12 15 0.08027339 
510 22 10 13 0.07996859 
436 34 15 18 0.0777106 
601 142 11 14 0.07511771 
559 69 11 13 0.07201884 
613 129 13 17 0.07096881 
357 159 15 18 0.070935555 
144 162 14 18 0.06950815 
147 230 31 40 0.068150714 
652 109 10 12 0.06799725 
283 166 11 15 0.063691705 
581 53 8 11 0.06222804 
608 134 11 14 0.059171807 
57 657 32 30 0.058996577 
583 88 8 10 0.0584964 
661 164 12 17 0.05781945 
364 114 10 12 0.05659319 
559 157 21 28 0.056044366 
278 169 14 18 0.056025434 
147 136 15 19 0.05572606 
10 388 76 57 0.054040007 
893 143 24 29 0.053730655 
496 112 12 16 0.053504888 
622 24 9 10 0.053194188 
512 3 11 13 0.05262692 
602 148 15 18 0.052378632 
726 142 21 25 0.052171588 
623 107 12 16 0.052000754 
276 188 15 19 0.051433656 
358 171 35 48 0.05119727 
21 441 49 43 0.050133076 
513 150 15 19 0.04969831 
554 103 10 14 0.04782671 
718 148 14 19 0.047569722 
580 116 11 16 0.047197558 
704 176 24 31 0.04513299 
565 64 9 10 0.045090646 
512 36 9 11 0.044650752 
479 31 10 11 0.044228844 
402 170 29 38 0.04296746 
-5 401 66 57 0.042792574 
392 43 11 12 0.042150732 
611 137 13 17 0.042054135 
397 102 9 12 0.04188126 
558 75 11 13 0.041823685 
415 0 13 11 0.041073415 
628 164 12 17 0.040279277 
634 98 11 15 0.039705526 
694 158 15 20 0.038899735 
719 169 36 47 0.038323175 
230 137 15 20 0.03789868 
715 131 13 19 0.037773922 
170 152 36 46 0.037759863 
533 143 14 18 0.037613727 
503 151 15 19 0.037473623 
392 99 11 14 0.037312824 
455 30 11 14 0.036903642 
195 118 21 29 0.0364806 
397 55 11 14 0.036245733 
230 216 32 42 0.03602566 
470 27 10 12 0.035887405 
471 22 10 12 0.035813242 
198 107 20 28 0.035804287 
875 139 33 38 0.035351463 
333 39 9 12 0.035208132 
345 94 9 12 0.03520501 
648 170 22 28 0.03502671 
740 157 16 17 0.0348595 
326 64 10 13 0.03464887 
583 109 10 14 0.034469143 
649 160 16 19 0.034447584 
669 217 16 21 0.03384865 
488 21 10 12 0.033813454 
332 6 11 13 0.033674844 
312 211 35 39 0.03362086 
475 22 11 12 0.033449687 
539 119 11 14 0.033280432 
18 404 132 113 0.033214327 
668 127 13 16 0.03304332 
441 69 12 14 0.03249803 
389 165 21 26 0.03198815 
487 60 21 31 0.031987626 
669 153 15 18 0.031679004 
366 64 9 11 0.031645752 
472 15 10 13 0.030972065 
608 107 12 14 0.030592583 
342 175 39 53 0.030561505 
221 113 14 20 0.030337853 
264 161 24 29 0.029703422 
552 129 12 16 0.029596686 
609 126 11 14 0.029571772 
399 43 11 14 0.029530507 
578 47 7 10 0.029312145 
535 42 11 13 0.029244686 
614 121 18 24 0.02921784 
344 133 11 13 0.02888995 
437 15 11 14 0.028710954 
511 114 10 13 0.028648622 
257 165 17 22 0.028582774 
593 63 8 10 0.028188288 
575 39 7 10 0.028159304 
465 22 9 13 0.027985971 
381 73 11 14 0.027933134 
495 23 8 10 0.027887315 
478 13 11 13 0.02780664 
592 187 19 23 0.027756548 
631 23 9 12 0.027616216 
670 151 25 31 0.027540412 
462 29 11 14 0.027520113 
576 121 12 15 0.027220804 
610 148 14 17 0.02708608 
303 158 10 13 0.026949303 
507 134 16 20 0.026739446 
729 157 24 31 0.026577042 
535 32 9 11 0.02657598 
713 172 18 24 0.026535895 
702 221 12 15 0.026387338 
204 98 16 21 0.026170611 
591 88 9 11 0.026118862 
621 116 14 18 0.026075538 
478 35 13 15 0.026050322 
504 24 11 13 0.026003229 
581 219 35 42 0.025824748 
370 162 20 26 0.025810964 
291 181 12 17 0.025754033 
1004 458 13 18 0.02553707 
607 116 12 14 0.025452876 
667 133 18 22 0.02537417 
384 175 40 51 0.025238493 
492 80 12 16 0.025119029 
533 129 13 17 0.025041835 
848 135 24 32 0.024958711 
624 14 10 11 0.024856696 
398 150 14 17 0.024678899 
994 271 16 21 0.02453499 
571 38 7 9 0.024506075 
504 34 11 13 0.024453737 
551 53 10 11 0.024383131 
383 5 8 10 0.024358612 
709 203 17 22 0.024332736 
295 132 11 14 0.02419194 
232 142 26 36 0.02415927 
379 87 11 14 0.02410082 
431 13 12 14 0.02387039 
661 156 13 18 0.023806129 
313 160 13 18 0.023708671 
377 8 8 10 0.023662783 
512 15 9 11 0.02345619 
649 103 10 14 0.02324913 
1003 265 17 19 0.023244161 
141 139 23 30 0.023243008 
630 10 12 14 0.02324186 
333 70 9 11 0.023049073 
501 154 24 26 0.022980003 
278 177 19 27 0.02295434 
578 86 8 11 0.02288152 
403 154 15 18 0.022610372 
308 40 8 10 0.022604577 
600 77 10 12 0.02242308 
334 176 27 32 0.022419913 
613 180 25 31 0.022392858 
653 79 10 12 0.022377258 
368 181 17 21 0.022343837 
443 74 12 14 0.022326399 
974 230 27 36 0.022277007 
656 158 21 27 0.022114199 
995 491 13 16 0.02196705 
652 115 11 14 0.021945989 
711 127 12 16 0.021912366 
997 115 13 15 0.02179356 
345 88 8 10 0.0216278 
560 17 7 9 0.02162392 
274 28 9 12 0.02160922 
384 1 9 10 0.021532556 
729 213 16 23 0.021355 
492 14 11 12 0.021231849 
540 44 10 12 0.021186389 
613 117 11 15 0.021147266 
502 15 9 10 0.021131553 
27 280 15 18 0.021048496 
557 53 8 10 0.020985704 
615 86 9 12 0.020976556 
96 158 25 29 0.020965533 
558 92 9 11 0.020819219 
616 22 8 11 0.020810114 
400 110 11 14 0.020704497 
639 118 9 14 0.020554395 
557 48 8 10 0.020520369 
970 68 7 10 0.020498456 
477 196 36 44 0.020421201 
708 161 16 21 0.020417364 
974 537 24 33 0.020232351 
518 21 9 12 0.020217065 
986 87 7 10 0.020177338 
1011 75 12 20 0.020157851 
18 651 14 17 0.020074802 
708 189 25 34 0.020068023 
