2_Demonstration_Protesters_2_748
31
749 248 23 33 0.99473464 
299 234 23 29 0.9939028 
433 170 52 69 0.76108366 
125 195 23 28 0.48224372 
130 266 17 19 0.11060115 
635 179 101 145 0.09673333 
206 271 11 15 0.08764477 
628 486 65 68 0.07874415 
509 255 33 39 0.07323156 
513 4 486 497 0.06973671 
448 161 43 54 0.06775958 
136 200 16 22 0.043013852 
633 195 60 99 0.040455967 
349 208 14 16 0.04010995 
910 326 8 11 0.038231187 
495 233 51 67 0.031823326 
157 260 16 19 0.027747845 
362 203 13 16 0.027436586 
404 160 35 41 0.026509417 
855 297 61 81 0.025242476 
904 324 10 12 0.025235444 
331 189 15 19 0.025181426 
343 202 14 17 0.024022594 
257 287 471 502 0.022453876 
736 445 14 15 0.022335367 
408 198 58 66 0.02224084 
732 451 15 16 0.022172956 
145 258 24 29 0.021512803 
411 156 49 64 0.021166997 
277 258 16 20 0.020817656 
812 191 214 255 0.020289717 
