2_Demonstration_Protesters_2_293
219
222 522 89 107 0.99907565 
289 431 56 76 0.99905676 
794 455 57 77 0.99852055 
456 434 53 77 0.9977654 
91 345 43 68 0.99667114 
540 458 73 99 0.9957651 
861 458 79 93 0.9955498 
164 375 40 53 0.99145234 
562 413 49 64 0.99052024 
479 365 42 52 0.98262584 
838 592 66 111 0.97535443 
354 364 31 46 0.9544196 
606 385 32 53 0.9480532 
42 328 36 50 0.8737273 
674 356 29 38 0.7686884 
547 356 33 38 0.7475536 
734 517 50 86 0.6318936 
410 337 33 43 0.6303351 
246 459 42 56 0.56197125 
412 468 43 86 0.5539472 
840 399 47 50 0.49454525 
117 275 14 20 0.39092177 
49 304 41 53 0.36593544 
658 462 46 53 0.29444277 
580 329 18 23 0.2900523 
316 344 17 21 0.23535609 
863 394 36 48 0.22993661 
746 414 47 61 0.22440653 
339 311 24 29 0.21516024 
0 365 19 39 0.21077915 
103 286 22 33 0.19824395 
1 305 16 22 0.17103305 
677 452 46 53 0.16974433 
-3 374 34 62 0.16369703 
595 284 27 33 0.1628304 
566 330 24 29 0.16153504 
131 360 30 46 0.1600147 
443 269 14 17 0.14024332 
586 386 44 62 0.1354215 
369 376 30 37 0.13125286 
356 293 17 22 0.12782246 
298 355 14 17 0.1224318 
397 350 12 15 0.12233901 
642 463 37 45 0.11295794 
560 360 20 24 0.11115853 
75 268 14 18 0.10848569 
42 366 34 56 0.10841766 
713 533 52 71 0.092818804 
443 318 16 19 0.09132031 
793 374 22 29 0.09107724 
878 325 10 15 0.09063381 
184 336 30 42 0.09035794 
584 292 23 32 0.08857348 
929 255 16 19 0.08502157 
646 220 39 45 0.08396294 
157 291 25 34 0.079349674 
599 322 13 18 0.07660665 
109 279 16 25 0.07459638 
625 325 38 52 0.07401051 
724 423 47 60 0.07384892 
752 282 24 33 0.07179715 
690 435 43 53 0.07150388 
2 428 45 90 0.069678426 
560 339 26 35 0.0692424 
56 311 22 28 0.06760794 
260 423 12 14 0.06756492 
26 366 37 62 0.0628993 
584 333 23 31 0.06262497 
764 341 11 16 0.057271 
745 484 49 79 0.05556809 
69 273 18 22 0.053712085 
419 334 42 58 0.048424564 
576 367 26 33 0.04784163 
441 256 21 27 0.047689304 
508 373 29 40 0.047369312 
826 403 29 36 0.047061235 
587 302 15 19 0.04604985 
996 353 31 43 0.0457934 
873 318 9 13 0.045609772 
411 339 19 26 0.04439663 
588 418 34 50 0.04431292 
565 179 26 33 0.044272613 
560 366 29 35 0.04252518 
651 320 57 71 0.042101458 
640 333 44 54 0.042036068 
803 374 13 20 0.041704305 
716 286 11 16 0.041618574 
66 306 17 21 0.041525166 
429 331 27 37 0.04148024 
754 339 24 35 0.041177943 
421 456 31 58 0.040431228 
806 335 10 13 0.039422456 
-1 357 14 24 0.03914203 
602 331 13 17 0.039082013 
51 343 44 64 0.03884894 
656 368 31 37 0.038697213 
292 348 22 28 0.03811207 
818 462 55 71 0.037828963 
595 328 15 22 0.037503462 
839 493 39 48 0.037500948 
372 493 55 74 0.037316933 
261 433 44 62 0.037193004 
101 284 16 23 0.037112646 
780 327 11 13 0.03676427 
51 298 25 33 0.036363315 
123 340 34 53 0.03617794 
689 319 10 13 0.036058858 
524 368 32 39 0.035811093 
728 414 27 42 0.035772808 
173 334 29 36 0.03510343 
603 277 14 16 0.034967575 
839 332 13 17 0.03486214 
230 478 64 85 0.03466813 
600 358 27 31 0.034357257 
328 292 41 57 0.034311302 
123 271 12 17 0.033399876 
114 361 37 50 0.033346474 
581 353 27 35 0.033335373 
348 296 23 32 0.032975454 
441 256 10 12 0.03282538 
820 347 11 15 0.03272568 
277 360 13 19 0.032681536 
138 381 17 24 0.03195306 
710 274 11 14 0.031804893 
64 259 12 15 0.031733185 
770 266 15 19 0.031533193 
735 453 52 75 0.030661725 
1 168 23 33 0.030531565 
857 341 10 16 0.030434202 
463 351 44 60 0.030167669 
442 329 17 22 0.030067585 
812 397 26 39 0.02999279 
379 384 17 24 0.029685201 
368 402 28 31 0.029024737 
74 307 14 18 0.029005505 
35 350 28 46 0.028981525 
767 272 15 19 0.028946202 
606 289 20 22 0.028466215 
406 344 17 25 0.028343767 
-2 440 30 63 0.028243324 
283 333 42 49 0.028006408 
275 324 11 16 0.027961696 
165 285 15 19 0.027937528 
138 378 31 42 0.027874235 
588 341 27 34 0.027700756 
289 382 31 38 0.02754723 
101 329 31 44 0.027295139 
202 336 29 40 0.027136741 
783 375 40 53 0.02713672 
436 306 23 33 0.026694262 
590 376 30 41 0.026493184 
657 313 13 15 0.026280608 
620 388 15 24 0.026270617 
958 481 48 73 0.02606543 
575 341 25 33 0.025937313 
569 352 18 25 0.025869636 
696 374 26 40 0.025818821 
0 227 12 19 0.025619602 
788 339 11 14 0.025571588 
51 319 20 26 0.025502104 
145 367 35 43 0.025239853 
811 340 24 30 0.02522887 
621 338 26 35 0.025194377 
755 403 33 48 0.025118425 
593 303 24 34 0.0250886 
832 349 10 14 0.024710085 
558 260 13 15 0.024644028 
515 378 18 23 0.024341172 
249 416 27 32 0.02430422 
576 250 12 15 0.024168117 
177 329 17 19 0.02403811 
19 379 29 40 0.023941055 
61 255 22 26 0.023924803 
923 250 43 52 0.023793913 
715 376 17 23 0.023713097 
440 260 13 17 0.023376098 
709 377 27 40 0.023366705 
803 412 47 60 0.02296153 
159 339 27 33 0.022951458 
679 343 44 56 0.022802114 
280 353 22 33 0.022764357 
763 406 45 58 0.02253555 
871 327 13 18 0.022531284 
635 220 25 34 0.022525022 
690 548 57 70 0.022459753 
722 379 32 45 0.022321314 
132 23 57 74 0.022319363 
619 370 42 60 0.022304386 
965 554 51 76 0.022230918 
352 310 17 25 0.022196988 
637 380 31 40 0.022016495 
651 141 16 21 0.022005167 
110 303 41 57 0.021914141 
485 233 10 16 0.021890117 
895 316 12 15 0.021858715 
462 361 13 18 0.021831347 
410 362 30 37 0.021768719 
710 260 13 19 0.021633966 
292 354 30 39 0.021594375 
453 258 14 16 0.021530606 
5 417 85 114 0.021524603 
41 395 35 49 0.02145205 
928 315 30 37 0.021359956 
584 519 34 45 0.021242077 
10 465 49 82 0.021013554 
113 295 14 22 0.020990701 
304 349 25 30 0.020825015 
771 259 14 17 0.020803304 
221 455 50 66 0.020710418 
901 413 11 15 0.020685557 
70 281 25 31 0.020669825 
399 358 13 18 0.020659061 
575 244 12 15 0.020540448 
434 246 39 50 0.020522285 
765 423 55 73 0.020350832 
-6 401 42 88 0.020109028 
159 342 12 18 0.020090956 
-2 229 21 31 0.020070044 
602 284 42 54 0.02000185 
