2_Demonstration_Political_Rally_2_264
951
649 465 16 20 0.91735584 
902 402 15 19 0.87061816 
388 548 19 23 0.82133955 
1005 398 11 14 0.7883193 
581 462 14 18 0.7282134 
958 382 12 16 0.7067724 
612 470 14 17 0.6598547 
55 346 11 13 0.6336559 
335 417 15 19 0.56879216 
964 450 16 19 0.55558443 
601 514 15 18 0.52668035 
988 523 13 17 0.51085997 
93 356 12 14 0.48883677 
684 458 21 27 0.47825003 
280 347 11 12 0.4738541 
730 435 14 17 0.46324787 
446 349 10 13 0.45018715 
453 428 10 13 0.43326417 
790 366 12 15 0.41371858 
599 366 11 13 0.41225144 
382 261 13 18 0.391726 
337 453 15 19 0.38005054 
395 426 13 16 0.33947033 
109 506 12 17 0.32623088 
679 591 17 21 0.32585415 
531 506 17 20 0.32520583 
28 458 15 18 0.31682736 
419 398 12 16 0.31464902 
155 364 13 15 0.3031096 
557 324 10 15 0.302995 
440 500 16 21 0.3020179 
534 498 16 20 0.29859963 
805 348 11 14 0.2969569 
512 489 16 18 0.29059622 
3 283 16 19 0.2780058 
862 410 15 18 0.26490614 
192 366 10 13 0.26376563 
475 483 15 21 0.25691864 
544 334 10 11 0.24984767 
312 511 17 18 0.24154612 
1009 179 12 18 0.2377191 
455 457 13 16 0.23187956 
739 416 14 17 0.23154782 
221 544 20 27 0.22673717 
668 405 14 18 0.22284245 
796 407 14 17 0.21963972 
43 372 13 16 0.21929787 
369 428 12 15 0.21459092 
361 526 11 14 0.20274413 
810 423 16 23 0.19098626 
340 361 12 15 0.1839451 
418 390 9 13 0.18126433 
140 480 16 20 0.18009368 
737 607 17 19 0.1770351 
871 357 11 13 0.17242719 
98 413 14 18 0.17187415 
528 513 15 18 0.17062448 
1009 402 14 19 0.16884692 
620 364 10 12 0.16717596 
544 302 10 13 0.16473082 
496 328 9 11 0.15832435 
489 407 10 13 0.15785387 
327 535 13 19 0.15704902 
126 325 9 10 0.15668973 
708 503 16 20 0.1547784 
276 320 16 19 0.15048742 
620 562 20 26 0.14774185 
956 417 13 16 0.14745478 
646 304 8 11 0.14535472 
785 326 9 11 0.143247 
513 411 12 14 0.14274688 
622 300 10 13 0.14200951 
142 451 14 18 0.14080666 
69 467 15 20 0.13960993 
111 348 10 13 0.1391769 
726 439 13 17 0.13286889 
840 419 12 16 0.12998703 
752 358 11 13 0.12898095 
416 341 11 13 0.1286486 
24 300 10 12 0.12553576 
616 420 11 14 0.12452687 
235 545 16 22 0.122692294 
463 414 10 13 0.11995358 
153 359 11 13 0.11724463 
582 295 10 13 0.11677764 
417 334 10 13 0.1139469 
162 549 16 23 0.11025544 
32 323 10 13 0.10974079 
43 365 12 13 0.10967385 
566 408 12 16 0.10931795 
177 512 22 30 0.10929155 
605 421 11 13 0.10909201 
101 499 16 22 0.10883321 
610 262 9 12 0.10827779 
809 363 11 14 0.10749579 
965 421 12 14 0.10730595 
587 597 17 21 0.10482126 
898 313 8 10 0.103724726 
645 358 9 12 0.10327131 
596 490 13 17 0.102676444 
141 419 13 17 0.10040348 
956 576 37 50 0.100151114 
311 484 11 15 0.09977382 
278 451 12 17 0.09932604 
928 371 13 16 0.09913302 
501 512 14 18 0.09842317 
245 279 15 20 0.09756554 
913 315 10 12 0.09689131 
468 380 10 13 0.09636449 
0 365 10 14 0.09511449 
283 410 14 18 0.09501867 
446 435 11 15 0.094523825 
640 352 8 11 0.093870945 
148 418 16 19 0.09334232 
814 403 12 16 0.09290073 
381 279 12 16 0.09237531 
942 350 9 12 0.09195565 
468 348 10 13 0.08946723 
397 382 10 12 0.08918352 
669 364 11 13 0.08647039 
811 536 15 17 0.08568571 
58 293 8 11 0.08539209 
246 299 15 18 0.08503681 
236 576 17 22 0.084976345 
720 341 9 12 0.08491094 
511 448 15 19 0.08427123 
764 500 13 18 0.08290129 
918 388 12 16 0.082869105 
481 359 9 11 0.08279672 
214 366 10 12 0.08243623 
754 439 17 22 0.08184319 
647 365 10 13 0.08159448 
806 356 12 14 0.08159018 
604 415 10 12 0.08018286 
165 350 10 12 0.08005212 
308 324 12 16 0.07973494 
929 359 9 11 0.079060085 
803 410 13 18 0.07751563 
393 434 16 19 0.07745058 
641 356 9 12 0.0772297 
588 490 15 19 0.077193014 
363 404 11 13 0.076282434 
411 498 13 16 0.07618615 
786 457 13 16 0.07601785 
464 374 10 12 0.07589754 
62 471 15 20 0.07461624 
272 460 10 15 0.07420292 
101 347 12 15 0.07376561 
109 382 9 14 0.07358343 
85 473 15 21 0.07341266 
496 363 11 14 0.07252408 
548 331 12 16 0.071389124 
720 335 9 12 0.06871198 
928 364 12 14 0.06838754 
39 357 11 14 0.06837381 
109 300 10 13 0.06823264 
822 348 10 11 0.067672454 
721 311 8 10 0.06718267 
641 308 10 12 0.0668999 
117 366 11 14 0.0667151 
606 373 8 10 0.066218846 
309 451 11 16 0.06597096 
911 358 10 14 0.0659192 
35 441 14 20 0.06579245 
633 327 8 11 0.06508061 
350 538 13 15 0.06486504 
504 302 10 12 0.0642811 
198 382 9 12 0.064032674 
935 320 9 11 0.06341946 
335 396 12 14 0.063389584 
696 412 12 13 0.06316096 
720 441 13 17 0.062947415 
477 302 8 10 0.06154866 
845 424 15 20 0.061358947 
303 450 11 14 0.060979303 
624 307 10 13 0.0602254 
620 416 10 12 0.059599366 
477 284 9 11 0.059370488 
763 441 17 23 0.059188634 
526 332 9 12 0.058789562 
196 371 10 12 0.058518793 
527 302 9 12 0.05831729 
910 271 8 10 0.058136947 
598 358 12 16 0.058060672 
621 296 10 11 0.058005046 
217 547 13 20 0.057378005 
865 355 11 14 0.057142854 
801 287 7 9 0.05711464 
814 359 9 12 0.056264974 
1014 352 11 16 0.056238104 
456 302 9 10 0.055671852 
156 510 17 22 0.05539763 
554 319 9 13 0.055252884 
863 343 8 11 0.055104595 
301 523 12 15 0.05497868 
896 318 9 10 0.05495222 
714 320 8 10 0.054875482 
871 426 13 17 0.05480495 
813 342 9 12 0.054696027 
73 460 16 21 0.054650337 
721 422 10 13 0.054424256 
743 342 9 11 0.0544161 
239 386 12 16 0.05384448 
728 303 8 10 0.053565964 
864 349 10 13 0.05345969 
94 198 8 10 0.05326891 
152 335 10 13 0.053120807 
702 342 9 11 0.052312378 
328 417 14 19 0.05167224 
652 156 11 13 0.0516706 
330 310 10 13 0.051530797 
272 452 12 17 0.051408697 
831 364 9 11 0.051356774 
735 342 9 11 0.05132066 
141 444 13 18 0.05129071 
206 307 9 11 0.05100058 
448 423 12 15 0.050747998 
840 309 8 11 0.050696187 
873 303 7 10 0.05053567 
34 390 13 15 0.050265066 
520 222 9 12 0.050264165 
355 535 15 17 0.049774237 
532 284 9 11 0.049369916 
878 311 8 11 0.049130287 
74 472 16 20 0.04896697 
504 297 8 10 0.04876475 
695 407 10 13 0.04831458 
65 214 9 10 0.04817058 
940 378 11 16 0.04806196 
725 395 13 18 0.04805122 
814 335 8 10 0.048018526 
813 348 9 11 0.04795146 
919 325 9 10 0.047902662 
823 286 7 9 0.047777604 
469 343 10 11 0.04764352 
17 238 8 10 0.047626786 
743 374 10 14 0.047556404 
669 400 12 15 0.04753713 
917 358 9 12 0.047206912 
831 319 7 9 0.04713884 
877 423 12 16 0.04704073 
791 361 10 12 0.0469632 
528 307 9 12 0.046950344 
664 309 8 10 0.046907358 
775 309 9 10 0.046901733 
164 355 10 14 0.0468951 
932 356 10 13 0.046838697 
89 351 10 13 0.0466854 
571 405 12 14 0.046673644 
183 397 10 12 0.04653813 
533 342 9 11 0.04650691 
271 604 13 16 0.04647356 
767 334 9 11 0.04633441 
641 288 8 11 0.04590291 
678 356 11 14 0.04589978 
155 412 14 18 0.045739733 
655 404 11 14 0.045662533 
908 425 16 20 0.045505494 
38 350 10 13 0.045260694 
715 451 38 48 0.045243945 
703 335 8 10 0.04520802 
657 295 8 10 0.04503128 
502 328 9 11 0.04498608 
714 325 9 12 0.0449597 
964 413 13 15 0.044946983 
876 358 9 12 0.044902664 
895 324 9 11 0.044738565 
718 318 9 11 0.04468945 
862 375 10 12 0.044678852 
1003 425 14 17 0.0446465 
936 350 9 12 0.04461294 
543 296 11 13 0.044426635 
576 299 11 14 0.044302728 
644 578 12 16 0.04429608 
141 438 12 15 0.04412691 
485 364 9 13 0.04412163 
923 389 14 19 0.043933637 
481 335 8 12 0.04391893 
459 447 13 16 0.0437191 
757 363 10 13 0.043716248 
761 375 9 12 0.04367537 
100 407 12 16 0.04361919 
932 375 15 19 0.04355674 
917 382 11 15 0.043533023 
35 428 13 17 0.043495495 
711 302 8 11 0.043399896 
766 324 9 11 0.043348975 
222 367 9 12 0.04333001 
39 378 12 14 0.04331256 
695 374 8 11 0.04320906 
624 247 8 10 0.04303115 
839 327 9 11 0.042905603 
761 381 10 12 0.042714298 
944 355 10 12 0.042479366 
796 415 16 21 0.042283647 
380 269 21 27 0.042204797 
236 514 15 19 0.04197932 
283 570 13 17 0.041816484 
103 294 10 13 0.041636135 
69 215 7 9 0.041605625 
832 311 8 10 0.04154119 
94 503 16 21 0.041455906 
761 324 9 11 0.041418023 
697 303 8 10 0.04141076 
886 302 8 10 0.04111469 
423 364 11 14 0.04105238 
855 319 8 9 0.04095892 
824 319 8 11 0.040713973 
855 326 9 10 0.04060821 
914 400 15 21 0.040561274 
488 272 8 10 0.040524654 
728 379 10 13 0.04049801 
697 318 8 10 0.040489335 
137 466 23 32 0.040436704 
685 379 12 15 0.040350538 
142 396 11 13 0.040330432 
697 341 9 12 0.04016655 
911 387 12 16 0.040061828 
251 290 13 18 0.039900407 
674 408 13 17 0.03979095 
862 380 11 13 0.03977602 
728 325 9 10 0.039725162 
843 414 11 15 0.039723933 
980 477 39 52 0.039586212 
798 476 13 16 0.03956693 
991 370 10 14 0.0395188 
617 294 10 12 0.039463446 
160 510 23 30 0.039331242 
583 366 10 15 0.039300244 
161 191 9 10 0.039264526 
823 324 8 11 0.03898541 
608 267 10 11 0.038958263 
293 323 11 16 0.038947586 
141 340 11 14 0.03890899 
591 336 10 12 0.038861424 
452 344 9 11 0.038835187 
544 374 11 13 0.038834043 
167 326 9 11 0.03882603 
465 344 9 11 0.038572043 
113 354 11 14 0.038503397 
7 232 8 11 0.038464878 
766 319 9 11 0.038344156 
820 403 14 18 0.038242474 
959 217 14 20 0.037831247 
823 359 9 11 0.037758537 
631 364 8 11 0.037567925 
65 208 8 9 0.0375041 
164 365 10 13 0.03744423 
816 328 8 10 0.037415456 
743 328 8 10 0.03741277 
687 317 8 10 0.037254564 
216 371 10 12 0.037241686 
277 413 16 21 0.037166987 
148 444 12 16 0.037120357 
976 317 9 12 0.037106797 
919 335 9 11 0.037044294 
121 326 9 11 0.03686155 
512 332 8 11 0.036656287 
553 239 8 9 0.03657694 
678 334 9 10 0.036546387 
785 371 11 14 0.036501024 
760 335 10 11 0.036378454 
789 416 15 19 0.03630355 
520 332 9 12 0.036270168 
734 301 8 10 0.036249395 
565 298 10 13 0.03621085 
310 518 13 17 0.03620764 
207 208 9 11 0.03619318 
766 373 10 13 0.0361852 
328 460 13 17 0.036175918 
322 512 13 17 0.036172144 
439 269 10 13 0.03616899 
364 519 11 13 0.036121078 
621 371 9 12 0.036039155 
961 474 37 49 0.03597469 
421 329 9 11 0.03593552 
863 388 11 15 0.03590345 
247 271 10 14 0.035776272 
727 319 9 10 0.035761725 
617 286 8 11 0.03572744 
520 485 20 26 0.03568561 
666 349 9 12 0.035650805 
391 389 10 12 0.035633575 
768 302 8 11 0.035628367 
732 349 11 13 0.03559634 
516 417 12 15 0.03554865 
840 304 9 10 0.035457242 
328 396 10 13 0.035434846 
734 319 8 10 0.03539656 
697 311 8 10 0.035380334 
752 351 9 12 0.035313852 
173 518 16 22 0.0353009 
792 340 10 12 0.035155777 
7 237 9 11 0.03508221 
855 381 10 12 0.035044447 
592 365 11 14 0.034930773 
725 311 9 10 0.034690272 
172 529 14 20 0.03468136 
840 350 9 10 0.03466473 
461 296 8 11 0.034611404 
40 190 7 9 0.03460834 
712 332 9 11 0.034568172 
173 326 9 11 0.034568038 
79 398 10 13 0.034490287 
608 381 10 13 0.03441065 
744 365 10 14 0.034329567 
542 210 11 14 0.034263045 
743 335 9 10 0.03414891 
665 280 9 10 0.034140356 
494 310 10 12 0.03412377 
775 303 9 11 0.034114834 
903 326 9 11 0.034040526 
880 237 11 13 0.033948123 
904 335 9 11 0.03390033 
374 274 16 22 0.033816654 
960 445 14 18 0.033769708 
773 342 10 12 0.03364663 
714 482 27 33 0.033586007 
735 296 8 11 0.033574387 
533 364 11 15 0.033551697 
790 334 10 12 0.033547457 
980 390 12 15 0.033409968 
529 342 9 11 0.033376783 
124 387 11 14 0.033295654 
160 351 11 13 0.033262078 
639 374 11 14 0.033224273 
906 271 7 9 0.03320843 
441 356 10 12 0.033193294 
1011 436 13 19 0.033150505 
509 428 11 13 0.03310911 
839 319 8 9 0.03310066 
862 365 10 12 0.033095863 
862 395 14 17 0.03307948 
629 307 9 12 0.033047665 
329 455 20 26 0.03302966 
644 503 14 18 0.033019822 
769 444 20 27 0.032942597 
631 357 9 12 0.0329292 
440 436 12 16 0.032911945 
623 278 8 10 0.032885376 
416 385 10 12 0.032849688 
926 377 13 18 0.032846153 
798 420 22 29 0.032793116 
816 303 7 10 0.03273273 
874 310 8 10 0.032701008 
61 482 15 20 0.032630257 
473 280 9 11 0.03257236 
222 372 9 13 0.032534532 
378 252 22 29 0.032496758 
468 365 10 12 0.032476358 
672 343 9 11 0.032470055 
641 466 13 19 0.03240715 
863 294 8 10 0.03239755 
737 434 14 18 0.03235062 
867 417 14 18 0.032315508 
759 342 11 12 0.032286454 
542 318 10 13 0.032268766 
597 349 11 13 0.032262962 
648 254 8 10 0.03224985 
491 575 13 16 0.032233067 
856 366 8 11 0.03213993 
550 308 9 12 0.03212021 
852 419 14 18 0.032112565 
701 310 8 10 0.032055326 
802 308 8 11 0.03193979 
689 263 8 9 0.031922594 
710 349 10 12 0.031916708 
27 314 19 24 0.03191155 
520 318 8 11 0.031911153 
25 317 11 15 0.03189974 
766 491 21 29 0.03189251 
758 349 11 15 0.03186187 
488 311 9 13 0.031845607 
4 310 11 15 0.03183981 
340 406 11 14 0.031724993 
703 383 10 14 0.031658757 
1000 420 13 17 0.03152406 
415 436 10 13 0.03151837 
420 346 10 13 0.031508934 
167 343 9 13 0.031482134 
466 388 9 12 0.031435292 
511 419 12 14 0.031417932 
734 326 8 10 0.031407345 
77 444 13 17 0.03140242 
950 414 15 18 0.031345494 
400 301 9 12 0.03129562 
5 297 12 15 0.031218994 
109 395 10 14 0.0312088 
704 357 9 12 0.031047089 
445 441 11 16 0.031006532 
948 366 12 15 0.030991724 
373 321 15 18 0.030968187 
993 292 10 13 0.030946445 
916 310 10 13 0.03094 
279 406 14 18 0.030933943 
679 348 11 14 0.030751264 
873 318 7 9 0.03073603 
702 304 8 10 0.030727535 
729 355 10 13 0.030694934 
791 320 9 11 0.030672597 
645 287 8 10 0.030622711 
90 197 8 10 0.030618006 
101 286 9 11 0.030617453 
529 280 9 12 0.030551374 
748 396 12 16 0.030541573 
327 391 10 12 0.030462286 
527 327 9 13 0.030431487 
561 295 9 12 0.030426184 
605 407 10 13 0.03040522 
167 531 24 34 0.030364431 
889 326 8 10 0.03031559 
90 479 14 21 0.030311774 
790 278 8 10 0.030264648 
212 330 10 14 0.030215003 
527 296 10 11 0.030205632 
663 303 8 11 0.030189922 
486 335 8 11 0.030151261 
905 255 8 10 0.030130766 
558 310 10 13 0.03010868 
667 370 12 16 0.03008493 
91 468 16 21 0.030084407 
895 352 10 13 0.030077266 
175 356 9 13 0.03006116 
479 388 10 12 0.029989116 
958 206 13 17 0.029964557 
206 212 10 13 0.029947218 
173 349 10 13 0.029909143 
1005 433 15 19 0.02985802 
350 406 11 14 0.029835276 
943 269 8 10 0.02982711 
78 322 12 15 0.029817201 
27 388 21 26 0.029735649 
630 278 8 10 0.029718963 
966 406 11 13 0.029584885 
778 448 21 26 0.029496476 
725 343 9 11 0.029474685 
805 310 8 10 0.02943946 
144 486 16 19 0.029422231 
726 430 14 17 0.029410096 
752 302 9 10 0.029343342 
646 315 10 12 0.02933631 
222 380 10 13 0.029335747 
839 333 9 12 0.029316131 
640 364 10 13 0.02928733 
568 400 10 13 0.029235328 
591 372 9 13 0.029209794 
587 473 14 17 0.02920629 
493 399 9 13 0.029102976 
89 183 9 10 0.029072568 
464 367 9 11 0.029047273 
617 279 8 11 0.028944233 
326 329 14 17 0.028909355 
349 413 12 15 0.028903285 
51 341 19 24 0.028866494 
656 303 8 10 0.02883346 
165 483 15 19 0.028821055 
332 490 14 18 0.028819446 
779 396 13 16 0.028785314 
213 544 42 49 0.028757758 
718 450 13 16 0.028613385 
895 294 9 11 0.02861132 
743 396 11 15 0.028515123 
703 349 10 12 0.028488517 
698 420 14 17 0.028444622 
97 287 9 11 0.028392078 
527 318 9 11 0.028384726 
774 318 9 11 0.02824231 
85 397 11 14 0.028225068 
877 364 10 12 0.0281672 
613 416 19 24 0.02812808 
312 207 10 12 0.028104067 
501 358 10 14 0.028045 
487 351 9 11 0.02803735 
191 397 10 13 0.028029311 
950 373 11 14 0.027996447 
743 311 8 10 0.027972363 
94 374 10 12 0.027961455 
817 318 8 10 0.027932432 
976 333 11 14 0.02768402 
582 289 9 11 0.027680913 
358 429 10 14 0.027586844 
811 410 15 20 0.02756924 
404 299 10 13 0.027549457 
703 500 15 19 0.02752217 
918 372 11 14 0.027504597 
486 341 7 10 0.027499817 
998 367 10 12 0.027493006 
695 262 9 10 0.02745209 
356 412 12 15 0.02740615 
104 381 11 14 0.027364455 
321 389 10 13 0.027254757 
512 240 7 8 0.027224274 
772 458 13 17 0.027183907 
938 302 9 10 0.027096078 
664 378 13 17 0.027084138 
295 450 11 13 0.027074872 
303 514 13 18 0.027058717 
197 396 11 14 0.027052397 
681 296 9 9 0.027051846 
702 394 11 14 0.026990145 
748 380 10 13 0.026923954 
520 301 9 12 0.026920926 
292 317 11 14 0.02680782 
678 342 10 12 0.026694743 
993 303 9 12 0.02665623 
106 498 20 26 0.026647767 
598 284 10 12 0.02660136 
488 400 9 12 0.026585821 
328 562 12 15 0.026585795 
120 196 8 10 0.026573515 
224 533 24 30 0.026548374 
410 348 9 12 0.026514025 
720 304 8 10 0.026506612 
633 256 8 9 0.026488712 
630 285 9 12 0.026480792 
94 387 10 14 0.026465785 
980 316 11 13 0.026446387 
494 419 10 13 0.026432538 
331 315 11 14 0.02640126 
440 366 9 11 0.026392423 
918 351 10 12 0.026380522 
420 436 10 13 0.026355145 
412 405 15 20 0.026305696 
101 318 12 15 0.026290555 
800 318 8 11 0.026284885 
703 373 9 12 0.026283909 
274 309 17 19 0.026269738 
645 483 14 16 0.026268724 
1000 317 9 11 0.026249561 
1000 391 11 16 0.026216391 
275 338 20 24 0.02620989 
135 396 10 13 0.02619984 
347 459 10 14 0.026199669 
558 238 7 10 0.026147548 
639 255 8 9 0.02611063 
772 334 10 11 0.026014274 
183 421 13 16 0.02600799 
901 317 8 11 0.026007544 
988 507 23 32 0.025935965 
456 326 10 14 0.02587737 
904 341 9 10 0.025852475 
918 286 9 11 0.02584666 
430 360 9 10 0.025844894 
773 372 10 13 0.02583157 
670 284 8 11 0.025766613 
879 316 8 10 0.025762126 
623 254 7 10 0.025750196 
633 351 8 11 0.025696592 
31 349 12 15 0.025683878 
808 327 8 10 0.025673812 
615 269 8 10 0.025623439 
880 302 8 11 0.025611892 
711 343 9 12 0.025606407 
271 412 14 19 0.025597021 
149 397 11 13 0.02557372 
481 412 10 14 0.025542215 
110 372 11 14 0.025483035 
656 309 8 11 0.025452582 
845 402 12 16 0.025448328 
355 420 12 14 0.025443127 
614 256 9 11 0.025368836 
150 406 13 16 0.025241593 
886 342 8 10 0.025232982 
121 192 8 10 0.025224306 
408 318 10 12 0.025193352 
54 520 14 17 0.02518576 
560 420 12 16 0.025184704 
879 374 10 12 0.02517547 
1000 485 25 35 0.02516635 
957 207 26 31 0.025166262 
136 444 12 17 0.025149425 
284 446 12 16 0.025147798 
766 341 10 12 0.025127525 
609 256 9 11 0.025117293 
1012 417 12 16 0.025107302 
375 530 12 16 0.025068726 
927 323 8 10 0.025043175 
349 475 10 14 0.025012014 
760 311 8 9 0.025008228 
136 436 11 15 0.024997162 
102 373 10 14 0.024996776 
174 460 12 16 0.024965 
8 443 11 15 0.024963977 
487 401 17 23 0.024953429 
664 327 7 9 0.02495086 
392 301 10 14 0.02489 
509 317 10 12 0.02488322 
846 396 12 16 0.024861027 
240 524 23 29 0.024848485 
512 244 98 129 0.024812412 
210 553 23 30 0.024793373 
766 366 10 14 0.024724 
384 234 97 125 0.024688654 
456 367 8 10 0.02466983 
40 240 9 11 0.02464852 
661 295 10 11 0.024601718 
761 319 9 11 0.024575995 
224 335 9 12 0.024550693 
767 427 13 16 0.024550227 
169 545 17 25 0.024516718 
524 429 13 16 0.024503987 
536 246 7 9 0.024503483 
767 295 8 10 0.024473596 
801 303 8 11 0.024404112 
265 463 10 14 0.024343776 
480 328 8 10 0.024338845 
789 425 14 19 0.024302235 
174 365 9 12 0.024287416 
794 369 12 16 0.02428101 
21 239 7 10 0.024253586 
969 252 11 14 0.02424493 
44 418 14 17 0.024233585 
596 361 19 23 0.024221282 
165 520 13 18 0.024219861 
341 340 10 12 0.024176886 
686 303 8 10 0.024160955 
37 332 9 13 0.024143578 
286 426 13 16 0.024128761 
911 352 9 12 0.024125814 
342 537 12 16 0.024058502 
448 457 13 19 0.02403669 
685 355 10 14 0.023961889 
331 544 13 18 0.023960263 
856 295 7 9 0.023949664 
507 306 11 14 0.023902576 
685 295 8 9 0.023873612 
958 415 20 24 0.023864023 
537 207 10 12 0.023853196 
764 354 11 15 0.02383909 
848 296 7 9 0.02382982 
479 351 10 12 0.02381949 
16 183 8 10 0.023816833 
405 436 11 16 0.0237907 
110 207 8 9 0.02376833 
1000 381 9 13 0.023761882 
36 412 13 15 0.023759127 
847 319 8 10 0.023758166 
125 330 12 14 0.023737052 
901 424 14 18 0.023733215 
991 218 12 14 0.023733018 
418 397 21 26 0.023724401 
56 215 7 10 0.023714686 
89 189 9 11 0.023714233 
750 342 8 12 0.023689972 
372 442 12 15 0.02368795 
493 351 10 11 0.023666952 
925 339 10 14 0.0236458 
738 424 15 20 0.02364083 
390 395 10 14 0.023610352 
598 323 9 11 0.023557248 
563 485 12 17 0.023543498 
119 382 12 16 0.023532845 
846 303 8 10 0.02351671 
759 303 8 10 0.023511985 
482 517 14 16 0.023504604 
68 441 16 20 0.02346182 
157 333 10 12 0.02346143 
984 366 10 13 0.023438722 
614 431 14 18 0.023429053 
88 389 10 11 0.023428705 
173 344 10 12 0.023413358 
341 350 11 14 0.023412356 
257 156 8 10 0.023393279 
990 483 11 14 0.023340782 
958 318 8 11 0.023323324 
749 437 15 20 0.023322012 
736 335 8 10 0.023309188 
238 374 11 14 0.023305478 
713 497 23 30 0.02329872 
801 270 8 10 0.023287823 
517 436 13 16 0.02328369 
299 532 12 16 0.0232722 
70 358 11 14 0.023247942 
656 326 8 10 0.023235008 
79 222 8 10 0.023228528 
784 321 9 11 0.023223167 
495 232 8 10 0.023212345 
969 444 15 21 0.023200717 
743 284 9 11 0.023187079 
655 319 8 11 0.023174116 
118 332 11 13 0.023172323 
749 373 10 14 0.023170738 
255 324 10 13 0.02314721 
469 356 11 13 0.023132188 
286 143 10 13 0.0231136 
99 422 15 19 0.023090953 
164 370 11 15 0.02306555 
861 333 9 11 0.023042744 
832 295 7 10 0.023039278 
207 200 8 11 0.023031738 
592 248 9 9 0.023027724 
696 334 9 11 0.023021374 
747 419 12 15 0.023015894 
336 356 18 24 0.02300987 
598 254 8 11 0.0230075 
700 327 10 11 0.022988208 
862 312 7 10 0.022983763 
488 276 9 11 0.022968594 
688 405 9 13 0.022924677 
789 434 14 18 0.022907285 
718 444 25 30 0.022759438 
688 272 9 10 0.022738187 
135 415 12 16 0.022712972 
84 486 15 20 0.022711514 
632 331 10 14 0.022668213 
391 499 12 14 0.022663383 
37 341 10 13 0.022645954 
215 294 10 12 0.02261618 
190 360 17 23 0.022596028 
493 272 9 11 0.022584148 
710 372 10 12 0.022552062 
340 333 12 14 0.022550458 
911 303 9 10 0.022550331 
806 318 8 10 0.022469735 
366 343 9 11 0.022450313 
494 295 9 11 0.022340348 
776 325 8 11 0.022340149 
799 357 10 11 0.022330163 
784 287 8 10 0.022320135 
241 335 9 11 0.022319894 
672 334 8 10 0.02231675 
871 326 9 11 0.022315778 
725 334 9 11 0.022265611 
319 522 21 29 0.022259613 
1014 324 9 13 0.022251396 
644 353 9 11 0.022211147 
799 342 10 13 0.022183513 
216 380 10 13 0.022149118 
150 534 39 51 0.022138365 
930 277 8 10 0.022134788 
719 427 13 16 0.022131907 
592 346 12 15 0.022124212 
120 184 7 9 0.02210908 
100 509 17 22 0.022096211 
115 350 10 12 0.022081262 
832 325 8 10 0.022043128 
622 262 8 11 0.022040254 
879 381 11 14 0.022028424 
413 358 10 12 0.022009622 
385 344 9 11 0.021989502 
845 429 20 26 0.021973398 
776 271 7 10 0.021968724 
750 327 9 10 0.02190103 
165 470 22 27 0.021897761 
624 326 8 11 0.021868106 
974 380 11 14 0.021864388 
2 370 14 20 0.021855645 
143 348 9 12 0.021853741 
357 435 11 16 0.021828312 
666 358 9 12 0.021826291 
180 459 13 17 0.021768587 
592 340 11 14 0.021762466 
479 309 9 13 0.021733731 
846 380 10 13 0.02172954 
23 463 15 19 0.021704385 
607 335 9 11 0.021699453 
824 364 9 12 0.021694738 
109 181 8 11 0.021687794 
56 299 9 13 0.021670338 
549 378 11 14 0.021641048 
479 294 9 11 0.021600967 
452 444 20 26 0.021537784 
45 316 13 16 0.021524439 
29 310 12 15 0.021521302 
202 302 9 13 0.0214905 
777 398 20 25 0.021439288 
543 198 9 11 0.02141634 
36 373 21 25 0.021371135 
1006 319 9 12 0.021367382 
313 318 20 26 0.02131313 
87 373 11 14 0.021281997 
697 349 9 13 0.021279484 
89 363 10 13 0.021236867 
536 333 10 13 0.021233171 
664 318 8 11 0.021204248 
918 364 10 13 0.02120117 
487 293 8 12 0.021189103 
1012 487 12 16 0.02117977 
134 424 14 18 0.021167021 
48 303 9 11 0.02115455 
359 531 20 26 0.021148132 
305 447 19 27 0.02114616 
445 514 13 16 0.021138981 
464 356 10 12 0.02111833 
704 366 9 11 0.021095207 
594 459 14 19 0.021088207 
283 310 14 17 0.021084616 
886 310 9 11 0.021059355 
870 343 9 11 0.02104536 
64 363 11 13 0.021037847 
508 436 22 27 0.020977514 
481 254 8 10 0.020953488 
320 396 11 13 0.020875162 
70 208 7 8 0.0208557 
519 427 12 16 0.020829236 
444 429 19 24 0.020818254 
554 319 17 24 0.020818127 
251 305 12 15 0.020778269 
348 484 12 15 0.020745685 
909 335 9 11 0.020741498 
104 190 8 10 0.020733444 
454 518 10 13 0.020713234 
270 374 10 12 0.020710751 
911 326 9 11 0.02070763 
402 279 14 18 0.0206762 
550 356 11 15 0.020676004 
30 383 12 15 0.020659497 
531 484 15 19 0.020630337 
687 333 8 10 0.020628301 
880 342 9 10 0.02061411 
457 465 16 18 0.020584 
631 342 10 12 0.020577166 
290 404 12 16 0.020557031 
93 397 11 15 0.020537531 
770 435 14 19 0.020519357 
465 395 10 14 0.020490805 
1006 490 14 18 0.020483818 
292 434 12 15 0.020468224 
159 327 9 11 0.020458294 
920 339 10 13 0.02045827 
673 270 8 9 0.020445468 
837 366 9 10 0.02044091 
998 309 9 10 0.020421311 
45 397 12 13 0.020407131 
970 259 10 13 0.020383116 
806 303 8 10 0.020362724 
233 380 21 26 0.02035863 
553 246 8 10 0.020347703 
702 262 8 10 0.020329375 
415 388 18 23 0.020311877 
616 307 10 14 0.020296121 
830 349 9 11 0.020286199 
305 237 96 123 0.020270556 
197 387 11 14 0.020260274 
847 359 9 11 0.02023289 
863 318 7 9 0.020218162 
249 520 25 30 0.020214306 
990 477 10 14 0.020210076 
681 302 8 10 0.020177294 
503 349 10 12 0.02017203 
220 558 15 19 0.020159952 
592 358 11 13 0.020106342 
954 317 8 10 0.0200985 
270 358 10 12 0.020092003 
183 435 12 15 0.020086762 
61 289 9 11 0.020075558 
679 328 8 10 0.020069504 
482 207 8 10 0.020067573 
672 263 8 9 0.020056246 
138 432 20 27 0.020014975 
998 432 15 19 0.020010991 
