2_Demonstration_Demonstration_Or_Protest_2_430
114
109 238 52 70 0.9991279 
489 127 59 98 0.9979668 
285 206 51 71 0.996986 
349 181 45 61 0.9948716 
677 117 60 90 0.993418 
607 129 46 62 0.9934141 
760 147 46 62 0.97046316 
859 222 44 55 0.9142666 
660 108 51 73 0.9076764 
363 504 61 70 0.6406513 
18 362 56 76 0.5452975 
813 125 25 37 0.49006116 
858 171 43 53 0.48805752 
236 220 31 33 0.42912862 
759 112 44 61 0.3001489 
23 261 32 38 0.28194574 
0 140 27 55 0.20037028 
62 217 14 16 0.15533176 
655 105 37 45 0.1547294 
858 161 30 42 0.1144508 
407 188 42 55 0.106291145 
135 370 47 50 0.10155876 
724 76 12 14 0.093902744 
434 471 82 98 0.09345149 
428 219 42 60 0.083463185 
829 467 31 37 0.08326666 
970 525 36 48 0.078562535 
779 123 26 40 0.06304287 
539 42 17 24 0.06280751 
995 353 14 19 0.062324375 
514 98 19 21 0.062303174 
26 337 56 73 0.06169858 
419 469 57 80 0.060833093 
33 315 51 60 0.06074385 
56 306 28 39 0.060294967 
382 481 79 91 0.059082974 
18 268 20 23 0.05734277 
802 124 25 34 0.056727983 
192 417 47 58 0.05368209 
421 409 44 61 0.05295472 
234 428 36 51 0.049626425 
777 127 42 59 0.048537713 
615 115 36 45 0.041816637 
835 550 29 29 0.040894695 
117 215 14 17 0.04021844 
180 187 26 36 0.039905388 
469 109 49 66 0.038465496 
434 -4 102 131 0.03681029 
480 495 64 68 0.03541633 
325 507 73 65 0.033953317 
28 276 19 24 0.032682087 
187 414 31 44 0.03243072 
356 427 44 55 0.032329634 
491 101 51 68 0.032222364 
770 100 45 55 0.032138478 
725 127 72 92 0.031450957 
112 216 30 32 0.030205743 
962 510 31 50 0.029589223 
7 270 28 36 0.029148873 
370 422 29 33 0.028769024 
184 202 41 49 0.028277915 
3 369 95 122 0.028082047 
194 395 54 54 0.02765005 
647 116 37 50 0.027363699 
193 216 17 20 0.027135085 
333 434 13 16 0.027112808 
31 272 33 37 0.027057301 
806 142 16 22 0.026940616 
478 79 28 31 0.026735462 
8 254 32 36 0.026297381 
859 165 19 27 0.026049238 
366 395 12 15 0.025350908 
799 525 42 50 0.025323343 
185 430 34 55 0.025306446 
55 217 25 28 0.025139632 
474 93 28 32 0.024533262 
684 103 34 49 0.02422662 
380 411 28 35 0.023940908 
322 441 16 18 0.023891544 
42 302 31 38 0.023856249 
996 343 12 18 0.023799187 
199 220 40 47 0.023692384 
468 187 35 47 0.023564719 
793 462 28 34 0.023445953 
185 202 23 32 0.023255486 
823 127 28 38 0.02314146 
822 485 31 38 0.023085976 
86 203 45 55 0.022966607 
861 550 26 28 0.022812951 
180 201 14 20 0.02272541 
0 281 20 33 0.022625668 
535 36 12 18 0.022340769 
352 141 10 14 0.022291912 
801 475 26 32 0.02216998 
722 71 11 14 0.022087 
446 522 69 52 0.022060752 
221 226 13 18 0.022037784 
625 101 47 60 0.021834778 
424 475 33 54 0.021662649 
239 407 35 51 0.021580057 
410 441 47 76 0.02149961 
101 211 47 61 0.021361956 
382 179 49 60 0.021336203 
919 228 30 38 0.021170197 
281 502 53 65 0.021048114 
349 531 55 47 0.020959888 
5 152 44 64 0.020903101 
720 72 20 24 0.020876305 
761 108 28 40 0.020840952 
798 488 22 29 0.0207819 
186 238 40 50 0.020743037 
817 114 28 35 0.02029999 
380 430 17 21 0.020139579 
525 45 41 57 0.020138457 
