2_Demonstration_Demonstration_Or_Protest_2_617
53
55 416 52 64 0.9989085 
734 82 69 83 0.99347246 
591 486 60 70 0.99144053 
7 400 38 46 0.9893 
154 392 50 64 0.98520976 
540 440 40 47 0.96778315 
804 506 136 156 0.96341705 
647 461 40 43 0.95685977 
415 454 37 39 0.88130397 
264 459 56 73 0.8527679 
316 441 42 56 0.846098 
368 433 22 30 0.7608759 
183 182 29 38 0.33155513 
290 446 46 65 0.2787615 
196 448 48 66 0.08863015 
138 217 15 20 0.06085743 
148 191 14 20 0.060088836 
93 314 17 19 0.057412457 
486 423 10 13 0.053788915 
83 176 23 31 0.049539756 
145 183 27 35 0.04812366 
360 333 18 20 0.046955816 
13 12 26 29 0.044171765 
624 340 15 19 0.043237302 
0 388 11 17 0.042761292 
598 522 44 45 0.038510796 
164 411 58 69 0.038183607 
2 318 29 37 0.036646344 
472 448 28 34 0.034272015 
470 98 216 297 0.03391881 
506 414 27 31 0.03333824 
142 246 27 37 0.03200358 
306 301 41 42 0.029241044 
13 263 29 32 0.027680952 
32 35 41 58 0.027167605 
98 307 20 23 0.026998011 
103 275 29 36 0.02620523 
0 420 25 39 0.025052987 
192 171 30 38 0.024958784 
418 458 21 24 0.02441381 
439 413 12 14 0.023757458 
652 510 29 38 0.023665644 
430 461 39 43 0.02320208 
293 442 31 41 0.022986466 
171 131 24 31 0.022949649 
289 433 28 32 0.022679375 
135 204 23 31 0.022425687 
178 490 81 79 0.0217406 
131 494 137 140 0.021478971 
637 508 35 48 0.021131977 
213 107 34 42 0.020952217 
404 459 32 38 0.020880776 
223 448 61 74 0.020093437 
