2_Demonstration_Protesters_2_12
80
921 328 52 64 0.99741614 
827 329 44 65 0.9968419 
374 320 45 61 0.9949456 
18 348 55 71 0.9942367 
52 305 50 64 0.9933925 
293 282 49 61 0.9930813 
635 348 49 68 0.9914249 
485 313 48 59 0.990586 
768 285 39 47 0.9842084 
398 266 36 45 0.9824722 
422 338 41 56 0.95985746 
681 275 45 56 0.9587653 
642 314 45 60 0.8725381 
664 582 30 52 0.763885 
597 311 43 50 0.7325355 
543 571 14 20 0.5123693 
183 304 39 48 0.47327566 
635 534 11 14 0.37632552 
167 311 40 52 0.21102251 
473 587 18 22 0.18798797 
625 602 10 14 0.16093443 
907 318 29 39 0.13374709 
506 285 14 17 0.12733646 
476 260 16 20 0.12059259 
225 294 17 21 0.103578754 
1004 311 21 43 0.10247396 
682 592 41 51 0.097841956 
717 326 34 50 0.09334368 
769 338 45 59 0.08780058 
372 292 32 36 0.085184194 
549 263 20 28 0.08512804 
263 508 33 34 0.08034706 
342 314 40 56 0.07481726 
912 307 32 38 0.074325465 
911 327 40 47 0.07172036 
660 309 43 59 0.070962995 
595 571 25 27 0.07020117 
992 323 30 48 0.059246898 
961 298 37 55 0.05771477 
744 559 42 59 0.05312594 
764 316 45 57 0.05108952 
700 298 42 58 0.050788887 
455 335 28 39 0.04773945 
703 587 41 55 0.045809027 
159 319 29 48 0.04545318 
506 330 32 41 0.045418557 
940 302 44 61 0.04412037 
1011 334 13 25 0.04278672 
909 318 16 22 0.041482177 
965 297 16 19 0.040856376 
926 305 34 36 0.040457375 
733 318 40 55 0.03857903 
725 271 15 20 0.03781509 
941 303 29 34 0.03712886 
462 577 27 31 0.03682458 
895 340 24 33 0.03584128 
960 297 25 34 0.03410427 
607 328 36 51 0.033669677 
628 573 11 12 0.03287896 
722 574 35 54 0.031371735 
151 333 26 39 0.030767357 
504 278 12 17 0.029369991 
665 519 26 30 0.0285121 
551 262 12 17 0.028440882 
170 337 29 43 0.026601568 
768 361 34 52 0.026474386 
590 334 37 47 0.02579096 
632 532 18 22 0.025734935 
597 566 16 17 0.025492001 
440 338 35 43 0.024920292 
622 599 21 30 0.02384069 
717 381 45 63 0.023477947 
209 293 28 35 0.023044886 
597 583 15 18 0.022799209 
753 535 64 76 0.022179065 
629 586 26 34 0.02209792 
655 573 11 15 0.021496288 
970 293 12 16 0.020580722 
711 568 33 50 0.020517498 
335 317 30 40 0.020007068 
