2_Demonstration_Demonstrators_2_181
210
881 592 47 60 0.99901974 
75 530 60 79 0.9983907 
942 543 33 42 0.99820447 
661 521 37 48 0.9961659 
848 501 23 31 0.99539775 
718 513 22 28 0.99354243 
412 532 24 32 0.993512 
546 515 13 15 0.9611844 
259 528 15 20 0.9415991 
528 562 22 30 0.9388721 
781 499 19 23 0.91180503 
230 543 21 27 0.90907663 
187 552 22 28 0.87177247 
761 566 26 31 0.8608237 
464 534 13 17 0.82956535 
280 529 16 23 0.7419106 
338 535 13 17 0.46204558 
759 527 21 27 0.37931886 
542 539 11 13 0.31460452 
455 516 11 13 0.26644692 
734 556 22 30 0.26468548 
424 516 11 14 0.25367317 
379 518 10 13 0.24034166 
191 515 13 17 0.21994433 
438 510 8 11 0.17148194 
450 517 8 11 0.1512359 
559 547 13 15 0.15033486 
473 512 8 11 0.1502329 
181 533 14 18 0.14792743 
512 517 9 11 0.14371574 
313 516 11 14 0.13567749 
408 516 10 12 0.11825864 
482 502 9 12 0.11618464 
586 471 9 11 0.11535746 
545 471 8 10 0.1095095 
439 555 13 18 0.101628274 
526 525 9 11 0.0972148 
508 525 10 13 0.0916574 
308 524 11 14 0.090904295 
479 508 9 12 0.089865245 
344 640 39 40 0.08691064 
313 509 11 14 0.08555655 
910 315 11 14 0.079600565 
364 541 11 14 0.07625176 
462 514 8 9 0.07529943 
780 520 13 17 0.073655896 
205 528 341 459 0.07359022 
281 539 18 24 0.07158888 
155 561 16 25 0.068748996 
352 514 8 10 0.06797683 
552 501 11 12 0.066035874 
400 513 8 10 0.065204404 
462 481 9 10 0.06475589 
478 518 9 13 0.061975095 
808 457 13 16 0.060109824 
454 495 8 10 0.05956036 
502 495 7 9 0.058123346 
312 503 10 12 0.056855366 
503 531 9 12 0.056215845 
573 546 14 19 0.05517589 
486 496 8 10 0.054788917 
307 531 11 15 0.054278933 
479 523 9 12 0.05396443 
493 473 8 9 0.053817414 
564 543 12 15 0.053727303 
577 503 10 12 0.0535588 
544 487 8 11 0.05266586 
497 495 7 9 0.052450933 
773 522 13 19 0.051286966 
170 528 20 26 0.049639728 
512 496 7 9 0.04924445 
534 500 9 11 0.047693297 
415 512 9 11 0.04750402 
535 495 8 10 0.046211254 
564 549 15 20 0.045907296 
633 508 9 11 0.045684393 
379 533 11 16 0.045652296 
182 545 17 23 0.044392448 
253 559 16 20 0.04412373 
163 530 16 19 0.04326795 
568 525 10 11 0.04075027 
511 501 8 9 0.04025822 
368 513 8 10 0.039900742 
358 513 8 10 0.039816234 
413 516 10 13 0.03962404 
758 535 28 37 0.03947665 
199 583 22 29 0.039079607 
617 506 8 10 0.038549643 
552 496 9 11 0.038156006 
345 518 9 11 0.03782468 
527 518 10 12 0.03782248 
588 485 10 12 0.037557893 
197 563 24 30 0.037268776 
550 545 14 17 0.03721352 
336 528 10 13 0.03692018 
375 513 9 12 0.03683532 
497 517 9 12 0.036772117 
764 513 16 20 0.036587335 
796 499 12 17 0.03543401 
575 519 10 13 0.03427773 
431 510 10 13 0.033882115 
528 500 9 11 0.033820592 
488 479 7 9 0.033770394 
453 500 9 11 0.033642903 
484 507 10 12 0.03348677 
463 462 7 9 0.03323798 
481 496 9 11 0.032522254 
527 530 10 14 0.03226002 
555 517 10 13 0.03202336 
585 476 9 12 0.031288452 
287 501 10 12 0.031150037 
325 508 12 14 0.031075949 
913 303 9 12 0.03096557 
339 542 14 18 0.030257335 
536 533 10 14 0.030166602 
517 518 10 12 0.030084778 
203 530 13 17 0.029732773 
310 569 13 16 0.02934828 
535 549 11 14 0.029315446 
438 514 10 12 0.029264685 
134 232 27 36 0.029045679 
533 560 13 16 0.02877494 
340 526 12 15 0.028755382 
664 493 13 16 0.028750053 
549 478 8 10 0.028572792 
174 560 15 20 0.02855321 
57 548 31 43 0.028234163 
374 514 17 22 0.028110813 
528 495 9 11 0.027708482 
810 1032 63 70 0.027660092 
545 476 8 10 0.027517084 
622 364 11 15 0.02741599 
558 496 8 10 0.02733097 
463 527 13 16 0.027162729 
582 492 10 13 0.027140096 
448 513 7 10 0.027064413 
437 540 10 15 0.027041765 
520 454 8 11 0.027022561 
161 528 10 14 0.026912853 
547 540 13 16 0.026864063 
385 779 176 282 0.026717627 
972 190 40 62 0.026256178 
239 539 18 23 0.025994474 
441 479 9 11 0.025918698 
393 472 7 8 0.025820054 
356 645 48 48 0.025488565 
185 537 14 19 0.025461467 
317 655 191 273 0.02543747 
381 512 9 11 0.025388543 
914 314 14 17 0.025314223 
315 522 11 13 0.025297275 
304 536 12 17 0.024947302 
566 532 13 15 0.024896983 
208 579 17 22 0.024675073 
458 479 9 11 0.024663357 
576 484 8 11 0.024652246 
541 543 15 18 0.024610259 
229 533 14 18 0.024516666 
528 511 9 12 0.024450282 
57 558 19 25 0.024227617 
195 522 14 16 0.024140513 
521 524 9 11 0.024024857 
327 515 10 13 0.024019709 
454 511 19 22 0.02394316 
464 457 7 9 0.02389946 
576 479 8 11 0.023897063 
303 518 12 16 0.02384824 
567 485 8 10 0.023813803 
403 513 20 24 0.023676764 
725 563 28 36 0.023614462 
195 511 11 14 0.023590086 
537 488 8 10 0.023527827 
647 507 11 15 0.023394842 
73 -8 431 415 0.02326023 
269 324 51 63 0.023241587 
420 513 20 25 0.023212573 
661 496 21 25 0.023199972 
580 506 11 13 0.023098815 
511 479 7 9 0.023029666 
502 512 9 11 0.022983108 
326 486 8 9 0.022942862 
450 495 8 10 0.022931043 
768 530 18 27 0.022915069 
622 505 9 11 0.022861296 
487 486 8 10 0.022821099 
310 504 18 24 0.022722574 
516 549 10 13 0.02266668 
495 501 9 10 0.022612493 
503 518 8 11 0.022531675 
438 549 13 17 0.022512253 
548 658 17 22 0.022179108 
543 493 8 10 0.021910274 
496 488 8 9 0.021872675 
392 511 8 11 0.021834748 
393 517 9 13 0.021806149 
471 485 8 11 0.021658767 
744 557 17 25 0.02162439 
346 512 8 11 0.021560442 
534 512 9 11 0.0213642 
409 485 7 9 0.021272786 
504 562 10 14 0.021239191 
578 540 16 21 0.021137705 
359 547 10 13 0.02112186 
589 464 11 13 0.021067688 
229 527 12 15 0.021033531 
415 505 8 10 0.020783924 
408 505 9 10 0.020535277 
565 579 14 21 0.02022244 
240 182 422 501 0.020186987 
456 486 9 10 0.02018027 
