2_Demonstration_Protesters_2_369
86
531 367 120 135 0.9993352 
261 440 120 131 0.99836963 
657 313 38 43 0.98855174 
185 80 49 64 0.9832481 
641 349 51 63 0.9816488 
962 199 63 102 0.94811976 
616 305 27 35 0.91972536 
608 270 22 26 0.828122 
911 149 46 60 0.5680653 
638 264 14 18 0.26352233 
631 253 12 15 0.1978758 
698 278 22 30 0.16362081 
423 54 13 18 0.15887257 
565 193 15 19 0.102509096 
924 127 48 59 0.08146472 
627 262 19 26 0.06380391 
318 387 42 63 0.062722236 
88 326 54 55 0.058829077 
326 288 49 61 0.058523886 
583 358 94 104 0.057259236 
660 297 18 20 0.05516288 
279 297 13 18 0.054974586 
771 279 30 42 0.051683847 
394 -2 45 45 0.05115895 
730 411 97 131 0.045991883 
234 395 41 40 0.04586764 
76 63 55 76 0.045124073 
646 313 13 18 0.043437228 
998 65 26 37 0.041060563 
611 252 12 15 0.039533135 
651 307 16 22 0.039289262 
780 325 43 58 0.039016027 
602 307 32 41 0.0389065 
707 275 15 20 0.03753737 
931 108 46 53 0.037327383 
679 149 44 53 0.0372263 
569 188 12 16 0.03639907 
509 469 42 45 0.03626796 
619 267 20 27 0.036107097 
877 6 58 66 0.034922473 
747 259 48 61 0.03350088 
735 433 58 87 0.03324593 
450 158 130 191 0.032917265 
623 296 29 37 0.032801874 
184 393 146 114 0.03278096 
701 225 17 22 0.03249632 
1013 48 10 16 0.031643588 
333 295 14 16 0.031572524 
661 302 24 29 0.031527426 
704 267 26 35 0.030867513 
612 261 13 17 0.030602507 
100 351 54 64 0.030160066 
692 198 30 37 0.03001623 
331 400 53 72 0.02992508 
687 363 34 39 0.029916266 
800 0 53 59 0.029760256 
652 395 86 118 0.02854339 
788 250 35 40 0.026694179 
630 252 20 25 0.026666606 
629 291 14 18 0.026346289 
411 403 30 37 0.02624578 
705 250 46 59 0.025482597 
828 301 36 42 0.025393805 
624 317 44 57 0.025267504 
654 301 13 16 0.02476162 
649 331 40 51 0.024672696 
728 238 55 68 0.024143096 
457 52 9 12 0.023468385 
218 396 68 65 0.023152485 
298 409 51 71 0.022684488 
869 584 118 118 0.022502098 
736 167 394 407 0.021940967 
694 285 17 23 0.021389998 
699 291 17 24 0.021355659 
591 329 55 69 0.02126715 
696 211 10 14 0.020983819 
607 64 15 22 0.020876426 
621 237 10 13 0.020720383 
664 253 11 16 0.020646187 
300 285 43 56 0.020638373 
773 303 30 46 0.02062655 
759 243 49 62 0.02062243 
920 24 54 68 0.020581448 
781 285 31 46 0.020567786 
632 312 17 24 0.020471929 
931 178 57 81 0.020116227 
