2_Demonstration_Protesters_2_779
68
1 343 120 147 0.99993765 
611 232 30 36 0.9984658 
549 396 86 104 0.99675685 
726 366 74 90 0.9789929 
976 417 42 56 0.9789686 
699 433 22 34 0.90814364 
108 418 53 72 0.8360166 
450 353 26 34 0.49172068 
924 411 22 28 0.4274051 
418 353 16 21 0.4027591 
437 339 15 20 0.31614336 
613 351 45 54 0.27459762 
842 406 41 45 0.13785297 
400 350 38 49 0.11675753 
914 392 39 51 0.114328705 
53 393 96 108 0.113486126 
396 369 31 40 0.09241184 
639 261 22 28 0.08057903 
491 291 28 33 0.07887366 
422 346 37 49 0.06999117 
655 419 42 58 0.059924092 
359 676 56 52 0.055059336 
386 447 18 24 0.05459822 
631 216 15 18 0.050596453 
903 395 14 19 0.048876103 
233 442 12 16 0.0464755 
949 402 26 37 0.044138826 
274 385 18 19 0.043772038 
407 341 28 33 0.04157455 
489 299 42 53 0.041398283 
910 413 25 36 0.035972025 
690 419 38 54 0.034842577 
604 344 40 45 0.034016468 
245 383 12 14 0.033899523 
404 340 15 17 0.03364953 
504 298 16 19 0.03292818 
835 355 56 72 0.032695338 
884 402 12 17 0.032272294 
426 344 16 21 0.03181795 
858 343 16 19 0.031794 
917 379 13 15 0.02921391 
544 -74 424 506 0.027999744 
956 508 30 37 0.026968135 
945 524 80 123 0.02695055 
873 417 15 21 0.026296794 
632 370 18 25 0.025871528 
320 685 57 55 0.025584001 
865 422 18 21 0.02520096 
624 238 26 32 0.025178496 
668 425 26 36 0.024767805 
419 367 16 22 0.023338016 
622 377 34 47 0.023116654 
680 429 27 37 0.022930218 
-12 28 99 172 0.022642339 
112 386 57 74 0.022516971 
707 399 52 67 0.022436101 
339 502 97 121 0.022143299 
854 393 37 46 0.02192775 
503 498 16 18 0.021566136 
754 363 89 103 0.021432871 
507 46 16 20 0.021371849 
425 359 14 20 0.021348925 
465 360 18 23 0.021341182 
931 405 14 18 0.020716837 
952 416 27 38 0.020456731 
683 231 14 19 0.02031524 
685 209 13 18 0.020288127 
980 362 42 57 0.020034794 
