2_Demonstration_Protesters_2_260
37
110 176 109 125 0.99954456 
707 62 117 140 0.9993136 
578 110 87 108 0.99821174 
948 198 20 24 0.7686758 
990 224 30 34 0.6462231 
10 309 20 23 0.22683607 
937 199 24 31 0.1561 
995 176 25 30 0.1350576 
6 314 44 52 0.105518796 
522 431 110 122 0.06690339 
328 162 89 121 0.06586637 
37 306 17 21 0.0635219 
664 800 52 70 0.059719667 
22 306 27 32 0.057377335 
997 170 17 19 0.0567456 
13 315 26 33 0.05576161 
989 475 23 30 0.036236774 
926 206 26 32 0.03588624 
857 139 27 36 0.033600055 
949 470 15 16 0.031189913 
566 172 445 412 0.030816296 
345 387 400 483 0.030792793 
911 59 41 59 0.028569127 
322 693 102 139 0.02848502 
1004 548 14 18 0.027232192 
21 328 16 20 0.02586265 
529 495 55 64 0.02516947 
973 158 22 30 0.023277946 
862 142 14 20 0.022910465 
425 199 44 61 0.022779927 
996 552 15 18 0.021953512 
985 159 25 31 0.02166737 
447 304 194 239 0.02150658 
922 82 19 24 0.021419257 
955 192 22 28 0.021277187 
904 599 28 35 0.020278312 
21 276 16 22 0.020179342 
