2_Demonstration_Protesters_2_561
659
200 81 19 23 0.99179006 
26 378 17 22 0.98896676 
300 337 16 21 0.9862178 
746 233 17 22 0.98563033 
725 411 15 18 0.9854116 
339 447 16 20 0.9843002 
500 322 18 22 0.9821728 
400 130 18 21 0.9779625 
642 219 18 24 0.97795063 
234 292 18 22 0.97584593 
160 423 17 22 0.9746455 
138 312 19 23 0.9739464 
131 216 17 18 0.9723895 
642 378 18 22 0.97051144 
754 442 16 21 0.9700332 
40 411 17 21 0.9677221 
533 130 18 23 0.96596855 
104 430 17 22 0.963562 
104 384 18 23 0.96192306 
176 394 19 22 0.9618183 
261 237 15 18 0.95886856 
667 499 18 20 0.9587547 
791 457 18 23 0.95798063 
444 461 19 22 0.9566733 
185 358 19 23 0.95546377 
813 262 17 20 0.9537397 
489 135 18 22 0.9493841 
710 237 18 21 0.9486825 
462 377 16 21 0.9485882 
394 254 16 24 0.9439876 
445 139 16 20 0.9409432 
940 504 19 23 0.93780273 
178 308 17 21 0.93472975 
495 483 20 22 0.9344509 
774 225 18 21 0.9338381 
858 315 17 21 0.92769325 
553 139 18 23 0.9271606 
380 402 16 22 0.92685264 
782 411 16 23 0.9218583 
646 471 18 23 0.9183792 
286 91 17 22 0.9174616 
576 414 19 24 0.91010094 
862 496 20 24 0.9094316 
544 493 18 21 0.9039044 
888 190 17 24 0.89796954 
257 387 16 23 0.8935696 
825 427 15 20 0.87330884 
953 653 16 23 0.873254 
290 439 16 19 0.870191 
546 304 17 21 0.8692029 
718 468 19 21 0.86808723 
866 607 15 21 0.8628634 
604 498 16 19 0.86099714 
440 287 18 22 0.8606721 
76 267 15 19 0.8360589 
16 259 16 23 0.8266713 
92 317 21 25 0.82185954 
872 642 18 23 0.8169833 
737 514 21 24 0.79487437 
682 428 19 23 0.7880197 
28 301 12 16 0.7741467 
735 369 14 17 0.7705632 
624 440 18 23 0.76083183 
287 318 16 21 0.7517248 
993 460 17 21 0.733137 
805 494 16 20 0.7268646 
647 423 17 22 0.70773685 
21 325 15 19 0.7054555 
837 450 14 22 0.70388675 
479 302 15 19 0.7003616 
114 200 13 19 0.6965464 
421 368 16 21 0.6939667 
307 407 15 19 0.68034446 
582 384 21 25 0.6142787 
433 436 16 20 0.6125471 
320 88 18 21 0.60334957 
95 223 14 19 0.5796626 
901 519 18 21 0.5727463 
852 416 15 17 0.54921263 
766 577 17 24 0.54347736 
0 336 11 20 0.52576005 
851 532 20 23 0.5111101 
205 228 12 14 0.49478275 
767 390 15 19 0.49290526 
584 459 19 21 0.48843747 
935 626 14 18 0.47567677 
832 396 18 21 0.46512106 
524 486 10 13 0.4243138 
955 538 15 18 0.4228006 
819 403 15 17 0.41664273 
19 334 16 22 0.41614732 
898 666 16 21 0.4160172 
238 371 15 19 0.40873507 
217 261 15 18 0.39471728 
801 332 15 19 0.38710734 
227 343 15 21 0.37893105 
59 312 13 17 0.35615748 
106 295 17 21 0.35435954 
396 330 16 21 0.35042232 
313 310 17 20 0.34425285 
212 444 14 17 0.33733192 
768 525 20 22 0.32940155 
520 348 18 22 0.3253812 
118 360 17 20 0.30512786 
220 128 15 20 0.29491386 
173 220 12 15 0.29143056 
278 267 12 14 0.29001278 
925 483 17 22 0.27283815 
218 329 14 18 0.27283376 
1013 474 11 16 0.26201874 
930 236 17 22 0.26183155 
953 485 16 20 0.26136953 
775 335 13 19 0.2562226 
250 324 17 19 0.25537843 
878 473 12 15 0.23366691 
213 380 17 25 0.23247415 
141 276 17 21 0.23154141 
374 261 11 15 0.22439013 
284 398 14 19 0.22347805 
339 108 15 18 0.22295725 
702 421 13 17 0.22167404 
781 249 17 22 0.22021136 
797 610 16 19 0.21850067 
528 560 17 18 0.2184864 
53 383 15 21 0.2184286 
813 410 12 18 0.20399238 
611 457 14 18 0.20232818 
956 550 15 20 0.2016569 
672 475 16 19 0.19736429 
463 549 12 18 0.18474686 
428 367 18 25 0.18416126 
171 242 14 17 0.18142028 
402 334 18 21 0.17692542 
244 243 12 14 0.17193124 
166 276 14 18 0.17132418 
498 361 17 20 0.17052543 
45 316 13 18 0.16668454 
968 63 10 12 0.16006836 
686 457 14 19 0.15987764 
54 315 13 17 0.15859398 
915 476 22 28 0.15794739 
331 90 14 18 0.1552965 
469 555 11 16 0.15448265 
36 360 15 19 0.14957823 
856 525 17 18 0.1476142 
13 388 13 16 0.14189589 
72 213 12 14 0.13998535 
615 422 14 17 0.13880756 
16 253 12 18 0.13879101 
323 384 14 19 0.13223635 
762 544 16 19 0.1277951 
911 474 14 22 0.12766916 
696 314 19 20 0.12122395 
301 262 13 16 0.11994019 
357 133 14 21 0.119095065 
992 490 12 16 0.117381565 
915 392 8 11 0.11483447 
756 410 15 17 0.11386775 
761 470 18 23 0.11278663 
179 326 16 19 0.11028405 
858 361 15 19 0.11020682 
750 409 13 17 0.10922563 
101 293 16 19 0.10851627 
247 262 12 14 0.10793645 
263 276 13 16 0.10415449 
384 281 12 17 0.099339716 
1011 76 11 17 0.09844001 
124 370 14 19 0.09812451 
349 306 14 19 0.09812118 
503 353 20 24 0.097420014 
442 522 14 16 0.096293144 
294 259 12 15 0.096139 
407 301 16 19 0.09308584 
855 355 13 19 0.093028404 
847 411 15 20 0.093009785 
714 546 14 19 0.09265097 
830 571 14 19 0.09043655 
459 170 14 18 0.088865064 
439 226 15 20 0.088344574 
853 481 15 22 0.0875808 
37 220 13 15 0.08538532 
148 234 15 18 0.08506588 
140 324 17 22 0.08440912 
76 217 13 15 0.083660565 
166 246 15 19 0.081603944 
333 319 16 22 0.08123267 
73 262 12 16 0.07908034 
132 207 16 20 0.07873109 
265 284 14 18 0.07695487 
829 646 11 13 0.076355174 
367 284 10 14 0.07617485 
183 444 15 18 0.073115975 
765 533 20 25 0.07178845 
628 467 15 20 0.0716791 
460 403 15 20 0.07094768 
529 436 15 18 0.070284806 
1005 506 15 21 0.07027992 
270 269 12 15 0.070024 
205 246 11 14 0.06942398 
576 398 24 30 0.068438895 
866 599 16 20 0.06800934 
916 607 9 11 0.067818254 
442 370 12 20 0.067126155 
1 246 9 12 0.06683969 
80 234 12 14 0.06617855 
82 449 15 19 0.0661331 
1011 66 11 18 0.06588722 
309 268 9 11 0.06584323 
646 444 14 18 0.065580025 
939 479 14 20 0.06544595 
931 477 15 22 0.0652915 
341 301 14 18 0.06516027 
291 328 18 23 0.06284331 
895 264 12 14 0.06277542 
819 457 16 21 0.061844964 
817 338 14 17 0.061713487 
227 460 16 18 0.061611682 
29 221 12 14 0.061598588 
404 324 13 18 0.061499495 
966 70 52 69 0.06122224 
15 247 11 14 0.06115142 
130 376 14 19 0.060762934 
635 465 18 24 0.060735874 
387 274 15 21 0.059869833 
50 320 14 18 0.05954299 
634 457 14 19 0.059512075 
801 607 22 26 0.059345804 
880 259 12 16 0.059262067 
848 456 15 18 0.058965985 
646 412 22 27 0.057782147 
469 283 14 19 0.057441983 
147 274 21 24 0.05729565 
411 337 13 17 0.056985263 
743 457 14 20 0.056820057 
955 647 15 19 0.056778476 
623 469 13 19 0.056483965 
830 452 18 25 0.056406323 
93 309 17 19 0.056376714 
858 424 14 16 0.05630511 
816 398 13 15 0.056079254 
1006 500 13 17 0.056028195 
610 494 15 20 0.05584086 
763 420 16 18 0.054536674 
500 285 11 14 0.0544494 
290 311 15 19 0.05429443 
791 297 13 16 0.0539154 
238 221 10 12 0.053806555 
253 299 14 18 0.053209733 
222 336 15 21 0.05270283 
71 329 14 19 0.052631147 
209 373 15 19 0.052619606 
280 90 16 20 0.052307013 
904 327 10 13 0.052277304 
126 232 14 18 0.052182462 
905 658 17 20 0.052087255 
117 258 13 18 0.052066907 
356 322 15 20 0.052022688 
796 324 17 23 0.051789124 
44 219 11 13 0.051742204 
233 221 9 11 0.05150799 
246 223 10 12 0.051492434 
310 292 12 17 0.051436923 
6 382 21 27 0.051354077 
913 395 10 14 0.0513509 
200 213 10 12 0.051256705 
727 521 13 17 0.0508878 
841 403 15 18 0.050717738 
702 414 13 16 0.050610196 
100 213 14 18 0.05057756 
772 383 14 18 0.05048648 
85 212 13 17 0.05045251 
68 409 15 21 0.050216522 
146 267 17 20 0.049717817 
140 260 14 16 0.049084175 
285 261 11 14 0.049043156 
36 308 12 17 0.048673414 
86 227 14 17 0.048645865 
501 277 9 12 0.0485519 
972 81 14 16 0.048488166 
539 449 16 19 0.048129678 
831 363 13 17 0.0479926 
634 448 14 19 0.047974158 
35 479 15 18 0.047623716 
246 228 11 13 0.047256026 
318 94 14 21 0.04725087 
284 246 9 11 0.047130644 
856 556 17 21 0.04712059 
207 436 15 18 0.046965864 
333 300 14 19 0.046924755 
936 609 10 12 0.04679085 
13 308 10 13 0.04674631 
241 238 10 13 0.04650315 
721 307 14 17 0.046163686 
47 243 14 17 0.04596006 
117 192 14 16 0.04593413 
502 351 11 16 0.045865774 
166 238 14 19 0.045240875 
0 311 7 13 0.045159042 
338 313 17 24 0.045145772 
326 258 11 15 0.044964883 
181 215 9 13 0.044917013 
198 234 13 16 0.044531554 
250 266 13 15 0.044473093 
411 393 16 21 0.0443746 
737 377 15 18 0.044339225 
216 434 17 20 0.044153146 
539 552 23 25 0.04366225 
437 406 11 14 0.043544717 
574 448 12 18 0.04354069 
4 454 17 26 0.043031484 
82 469 12 15 0.042967334 
30 362 15 19 0.042848375 
808 259 16 20 0.04248001 
680 283 11 15 0.04239166 
201 222 11 15 0.042314835 
94 301 15 18 0.042280063 
520 480 18 23 0.04224563 
1002 466 14 18 0.04223861 
258 468 14 19 0.042151436 
85 484 12 17 0.042143688 
391 326 14 18 0.042133756 
622 492 11 17 0.042063385 
124 197 12 15 0.04202316 
77 208 10 13 0.041847464 
82 475 13 17 0.041818157 
813 332 12 18 0.04172253 
752 449 21 27 0.04165214 
545 133 19 23 0.041651357 
549 559 16 19 0.041621406 
912 610 11 14 0.041565157 
463 259 13 17 0.04156413 
735 384 14 18 0.04130474 
833 577 14 19 0.041276496 
579 443 15 18 0.041218497 
866 524 14 18 0.040988505 
1008 58 14 20 0.04091203 
259 410 15 21 0.04030725 
531 471 15 18 0.03996635 
107 323 14 18 0.03992135 
221 349 15 21 0.039849248 
230 239 10 12 0.039718185 
894 600 14 17 0.039322395 
2 372 13 16 0.039131556 
947 491 20 25 0.039113186 
323 306 15 20 0.039096594 
45 379 13 20 0.039063703 
205 214 9 12 0.03902822 
100 284 16 18 0.038928222 
232 372 13 18 0.038776264 
1011 605 11 16 0.03867263 
309 385 17 20 0.038635843 
339 87 11 15 0.038450483 
716 319 16 19 0.038342968 
306 394 19 22 0.038099017 
774 417 15 18 0.037841003 
940 483 20 27 0.03757032 
758 478 15 21 0.0372783 
143 282 21 25 0.037229735 
199 245 12 15 0.03714596 
581 451 16 20 0.03690378 
913 658 15 18 0.03679357 
158 305 14 20 0.03677888 
414 373 16 22 0.03667191 
183 497 13 14 0.036572166 
598 493 17 20 0.03645482 
924 466 17 20 0.036290232 
835 380 14 16 0.036090113 
164 445 14 20 0.035960224 
339 325 15 21 0.035922173 
558 359 11 14 0.035856307 
866 363 14 18 0.035855353 
286 254 10 13 0.035628382 
317 377 15 22 0.035198253 
69 395 14 18 0.035140555 
311 526 9 11 0.03503654 
114 329 14 20 0.03498933 
907 330 12 14 0.034968928 
64 339 20 28 0.03496826 
939 621 14 20 0.034820683 
764 400 17 21 0.034746513 
360 541 19 22 0.03457921 
252 223 10 13 0.03435356 
332 530 11 14 0.034303695 
314 403 14 18 0.034161102 
381 308 13 17 0.03413731 
5 252 11 15 0.034066863 
677 456 16 21 0.03388132 
247 392 14 20 0.03386654 
190 261 11 14 0.033824176 
228 266 13 16 0.033613365 
101 422 15 18 0.03351343 
462 196 13 17 0.0334731 
103 205 13 16 0.03320225 
756 568 24 31 0.032934014 
612 426 19 25 0.032869242 
253 229 12 15 0.03286721 
349 276 11 13 0.03285962 
24 260 14 18 0.032514025 
909 420 15 19 0.03251311 
827 578 22 28 0.032465346 
517 310 12 15 0.03242383 
934 495 18 26 0.032306764 
347 114 12 17 0.03227317 
2 344 13 19 0.032261286 
123 202 14 18 0.032231275 
250 347 15 17 0.032152753 
350 122 13 18 0.03212626 
478 294 13 18 0.031626757 
900 388 12 15 0.03160445 
171 270 15 18 0.03155459 
411 476 12 14 0.03145812 
356 126 13 17 0.03143659 
496 571 11 15 0.03137291 
428 537 15 19 0.031343143 
0 387 12 17 0.031264238 
771 582 24 29 0.031191446 
850 593 15 19 0.031136451 
255 242 12 15 0.031109478 
266 296 16 21 0.030977756 
155 227 15 19 0.03090283 
166 215 12 16 0.030868948 
8 308 10 14 0.030819729 
912 597 12 15 0.030817183 
59 408 15 20 0.030804962 
586 290 16 19 0.03074751 
172 300 18 21 0.030723805 
240 321 14 18 0.030686095 
852 540 22 28 0.030614909 
473 555 14 18 0.030405527 
999 507 13 18 0.030396232 
319 105 11 17 0.03039466 
740 464 13 19 0.030394603 
536 301 22 29 0.030341234 
606 582 13 14 0.030313373 
308 485 12 15 0.030179972 
199 259 12 15 0.030143643 
3 381 16 21 0.030103149 
994 484 14 16 0.030030863 
852 601 14 18 0.030009026 
73 417 16 21 0.029786512 
19 247 14 17 0.029754778 
200 252 11 15 0.02955076 
341 276 12 16 0.029504573 
730 329 16 21 0.02946799 
267 477 11 15 0.029347284 
404 495 15 19 0.029322244 
707 425 11 14 0.029142773 
725 441 12 17 0.02897596 
644 368 14 18 0.02888408 
147 352 15 20 0.0288022 
330 304 20 26 0.028595962 
914 469 15 18 0.028564844 
374 206 12 18 0.028432257 
372 282 12 18 0.028318629 
51 250 12 16 0.028157618 
260 212 9 11 0.028083831 
-1 420 12 21 0.02795504 
397 318 12 16 0.027840614 
548 294 15 18 0.027830042 
52 229 14 17 0.027745878 
335 276 13 17 0.02765422 
263 290 13 17 0.027601108 
381 267 12 17 0.027488252 
748 245 15 20 0.027441286 
113 293 16 20 0.02742599 
390 334 15 20 0.027414603 
343 318 19 26 0.027375188 
227 428 15 18 0.027354933 
997 499 12 16 0.027138023 
847 340 12 15 0.027014986 
418 392 17 22 0.026945578 
166 224 13 17 0.026932197 
454 177 14 18 0.026875857 
232 215 9 13 0.026837721 
831 388 15 19 0.026809087 
788 295 22 27 0.026807172 
492 449 13 17 0.02679926 
92 484 13 17 0.026774399 
561 468 17 20 0.02672441 
6 241 10 13 0.02669943 
280 253 10 13 0.02668197 
73 337 17 22 0.026669856 
828 405 16 21 0.02660664 
136 264 20 27 0.026547207 
923 268 13 15 0.026544299 
435 419 14 19 0.026543261 
197 204 11 14 0.026507398 
760 446 16 20 0.026492022 
987 188 20 34 0.026473828 
219 117 16 21 0.026406756 
285 334 14 20 0.026380962 
222 459 14 17 0.026276255 
20 271 13 18 0.0261647 
374 305 12 18 0.026119033 
884 424 15 16 0.026105667 
162 300 15 19 0.02607351 
647 399 14 17 0.026065418 
531 298 13 18 0.02596769 
769 227 13 18 0.025964374 
72 236 11 14 0.025923956 
989 471 14 21 0.025837762 
607 464 14 20 0.025822777 
687 316 15 17 0.025808698 
835 370 13 16 0.025769692 
317 238 16 21 0.025657065 
124 472 14 16 0.02562682 
754 547 21 26 0.02558327 
456 355 13 15 0.025487654 
548 444 13 17 0.025476044 
440 441 15 20 0.025458531 
146 261 15 17 0.025402684 
179 334 18 21 0.025378704 
316 394 15 19 0.025367301 
754 426 22 26 0.025335621 
771 424 13 18 0.025302932 
235 277 14 17 0.02528667 
684 297 15 18 0.025262296 
903 481 14 22 0.025149936 
967 61 21 27 0.025110252 
310 138 10 14 0.025081357 
204 259 14 17 0.0250544 
637 495 15 19 0.025042774 
453 524 11 14 0.025009923 
353 312 16 22 0.0250099 
277 282 13 17 0.024901727 
432 428 15 20 0.024887895 
1011 469 17 27 0.024706611 
616 455 18 24 0.024646504 
224 243 11 13 0.024620572 
509 347 21 26 0.024612514 
827 532 14 19 0.024609903 
94 419 14 18 0.02459289 
340 124 13 16 0.024522986 
634 478 17 22 0.024473757 
489 153 16 20 0.024451144 
715 269 16 19 0.02441422 
260 298 14 19 0.024341827 
860 325 14 19 0.024293656 
830 552 14 21 0.024282727 
21 339 21 25 0.024259724 
138 299 22 27 0.024155667 
278 238 10 13 0.02414302 
796 254 15 20 0.024116373 
580 581 13 16 0.024035968 
1011 493 12 17 0.024019243 
550 465 13 18 0.024004886 
384 396 17 22 0.0239783 
916 612 12 15 0.02391191 
999 66 13 15 0.023872117 
582 213 12 15 0.023866242 
53 223 11 12 0.023798343 
907 485 17 22 0.023787433 
843 461 15 19 0.023782885 
44 368 14 21 0.023703746 
218 449 15 18 0.023635305 
814 343 13 16 0.023620827 
212 456 15 19 0.023603145 
627 489 15 20 0.023602216 
768 463 18 24 0.023582287 
39 237 13 15 0.023472074 
49 410 15 19 0.023429753 
533 550 13 18 0.023391444 
325 290 14 18 0.023360815 
591 380 18 22 0.023353618 
874 596 14 19 0.023350026 
854 339 10 14 0.023344757 
444 149 16 21 0.023209678 
733 355 22 26 0.023186326 
416 379 22 29 0.023164857 
308 297 15 21 0.023125613 
362 533 18 21 0.023085345 
692 422 20 24 0.023074366 
332 291 13 18 0.023025619 
242 369 21 24 0.022998707 
871 604 16 20 0.022989854 
764 518 15 18 0.022972548 
729 467 15 19 0.02295969 
716 442 15 19 0.022945728 
84 242 13 17 0.0229019 
907 534 15 19 0.02287228 
654 305 14 18 0.02283845 
488 491 11 16 0.022791514 
336 404 12 17 0.02273383 
593 464 14 18 0.022710156 
109 207 13 18 0.022648625 
946 627 13 17 0.022571288 
436 153 15 20 0.02241452 
381 389 15 20 0.022396937 
808 500 18 20 0.022371313 
124 259 13 17 0.022279177 
700 436 12 14 0.022278298 
524 370 14 18 0.022275195 
239 394 13 17 0.022193082 
166 486 12 14 0.02216864 
884 337 14 19 0.022044793 
251 336 15 19 0.022019887 
59 391 16 21 0.021984223 
1005 259 12 18 0.021859556 
318 527 9 11 0.021840451 
647 456 21 26 0.021819253 
902 671 18 20 0.021732517 
962 644 13 17 0.021712648 
462 236 11 14 0.021681536 
533 459 15 19 0.0216648 
26 314 15 19 0.02166388 
214 427 16 19 0.021618847 
309 371 17 21 0.021609241 
861 597 15 20 0.021600373 
348 251 11 17 0.021557746 
38 320 13 17 0.021534223 
536 270 10 13 0.021528011 
613 284 13 17 0.02148195 
26 275 12 16 0.021368487 
154 268 15 19 0.021357033 
970 77 27 34 0.021338515 
372 257 18 24 0.021338047 
199 468 12 16 0.021223765 
990 446 10 14 0.021192856 
315 300 18 21 0.021158896 
920 339 13 15 0.021123476 
8 284 11 14 0.021083916 
679 581 13 18 0.02107268 
135 280 15 19 0.021044992 
79 457 14 17 0.021040766 
462 394 14 18 0.02101289 
957 618 15 18 0.021000449 
710 442 13 17 0.020963546 
238 381 20 26 0.020962046 
351 129 14 22 0.020958722 
948 478 17 21 0.020949254 
786 422 16 19 0.020937374 
983 462 15 21 0.02091683 
67 495 18 21 0.020854644 
709 267 14 19 0.020797197 
788 313 16 21 0.020752642 
528 466 13 19 0.020669382 
534 534 10 13 0.020605981 
523 385 14 20 0.02059811 
972 669 14 17 0.020570597 
303 293 13 17 0.020557214 
738 501 16 18 0.020493789 
241 240 20 25 0.02043178 
430 279 20 26 0.02041765 
786 521 14 19 0.020411909 
491 129 15 16 0.020378575 
715 393 15 20 0.020361306 
957 658 20 25 0.02036086 
926 619 15 21 0.02028156 
7 275 12 16 0.02026526 
958 636 13 16 0.02022869 
960 652 15 20 0.020216914 
528 450 12 17 0.020172209 
59 483 15 19 0.02014067 
482 389 228 224 0.020119121 
51 259 13 17 0.02011862 
263 386 16 21 0.020102184 
509 449 13 17 0.020045104 
81 259 17 20 0.020015746 
86 438 14 17 0.02001235 
