2_Demonstration_Demonstrators_2_425
742
578 385 25 34 0.99837 
864 303 28 34 0.9976617 
792 422 66 84 0.9965683 
787 301 38 49 0.9955368 
635 392 33 45 0.9936521 
355 430 51 65 0.9921631 
566 462 41 61 0.99138546 
699 313 17 22 0.9894768 
434 568 67 101 0.9853382 
618 332 17 21 0.98526716 
224 423 35 54 0.9800821 
17 472 43 47 0.97447205 
727 337 22 28 0.9713102 
612 303 14 17 0.96411204 
701 373 27 34 0.9625094 
487 372 15 20 0.9537679 
402 370 16 22 0.9508481 
528 330 14 21 0.94025636 
657 305 17 21 0.9310744 
156 425 12 16 0.9122539 
793 271 20 21 0.9093084 
865 271 22 28 0.8715137 
203 402 21 29 0.86515665 
620 388 17 22 0.8625354 
965 356 51 66 0.8549951 
641 306 11 14 0.8385164 
740 301 15 20 0.8291751 
510 350 11 13 0.8096336 
45 429 23 31 0.79913044 
467 409 23 31 0.79784197 
173 398 12 16 0.7497849 
708 277 13 15 0.735997 
92 377 12 17 0.72919405 
255 371 12 15 0.6462855 
139 376 12 14 0.63219595 
450 350 13 17 0.5833922 
768 266 11 14 0.56953716 
276 415 22 34 0.5454343 
423 341 10 12 0.5135595 
190 356 10 11 0.49606746 
289 350 9 12 0.49356604 
503 288 7 10 0.48004746 
131 433 16 22 0.47004348 
468 348 8 12 0.45676973 
516 317 10 13 0.42725712 
846 285 13 17 0.42251015 
47 398 12 17 0.40608191 
486 315 8 11 0.39564908 
577 333 13 15 0.39412358 
111 379 13 18 0.35078493 
701 269 11 13 0.34555036 
487 295 8 10 0.3421166 
3 452 16 18 0.3400262 
731 278 11 14 0.33353144 
397 325 8 11 0.3307038 
348 359 9 12 0.32726833 
176 366 8 10 0.31672162 
511 324 10 12 0.3090519 
362 342 8 11 0.30750024 
735 266 12 15 0.30618593 
457 288 8 10 0.3038982 
401 349 11 13 0.30208024 
284 371 10 13 0.29559577 
280 369 9 12 0.2943385 
646 269 9 11 0.2867492 
287 421 25 33 0.27397075 
696 266 10 14 0.27350968 
126 423 12 16 0.27208537 
232 368 9 11 0.2676462 
0 380 11 18 0.25946063 
518 312 9 12 0.23642357 
454 320 9 12 0.23509045 
156 351 9 10 0.23381117 
238 352 8 10 0.23089655 
226 328 8 11 0.23009266 
135 350 7 10 0.22573762 
592 310 10 12 0.2219472 
317 357 8 10 0.2161354 
629 280 10 12 0.21458314 
393 333 10 12 0.20932204 
608 285 9 11 0.19806935 
577 292 8 11 0.19361891 
493 348 9 12 0.1930398 
129 349 8 9 0.19246402 
957 366 39 42 0.19170994 
192 394 9 13 0.19063976 
201 366 8 11 0.19012973 
625 284 9 11 0.18680878 
576 288 8 10 0.18637122 
861 280 16 20 0.18448228 
58 389 13 16 0.18294305 
560 327 11 14 0.1825382 
449 323 9 13 0.18189527 
851 284 14 18 0.1794084 
739 261 11 14 0.1791132 
562 413 24 30 0.17742562 
873 401 43 48 0.1759252 
677 263 12 15 0.17201161 
408 312 10 12 0.16948268 
399 343 9 11 0.16703983 
558 316 9 12 0.1663168 
536 462 30 47 0.16252 
421 319 8 10 0.16212483 
591 302 9 10 0.15941115 
415 317 9 12 0.15652332 
82 452 24 34 0.15508811 
372 389 11 14 0.15263245 
686 263 11 14 0.15238127 
672 266 10 13 0.15171136 
527 302 8 10 0.15125823 
15 372 12 13 0.15111953 
514 312 8 10 0.15083364 
45 379 10 14 0.14929909 
202 389 13 17 0.14913169 
21 402 22 26 0.14797239 
551 302 8 10 0.14568028 
374 349 8 10 0.14407814 
415 324 10 12 0.14346062 
166 381 9 12 0.14146249 
560 289 7 8 0.13958615 
214 365 8 11 0.13888988 
640 288 8 10 0.13875324 
382 324 8 10 0.13752636 
84 357 10 12 0.13724187 
136 357 10 13 0.13678697 
94 400 12 16 0.1351519 
583 294 8 11 0.13206302 
543 312 9 10 0.13056505 
557 313 7 10 0.13056162 
232 372 12 14 0.13016303 
366 313 7 10 0.12941518 
167 374 8 11 0.12892123 
803 245 11 14 0.12720282 
378 319 7 10 0.12661888 
338 342 8 11 0.1257454 
535 390 12 15 0.12542433 
69 364 9 11 0.123677984 
723 253 11 13 0.122433856 
265 349 9 11 0.121636234 
553 310 8 11 0.121454366 
805 253 11 15 0.12142178 
116 375 10 14 0.120216206 
492 342 9 12 0.12020756 
157 358 9 11 0.12013353 
737 256 11 13 0.11882746 
939 311 12 17 0.118790105 
89 374 11 14 0.118072316 
539 332 12 16 0.117668144 
440 302 8 10 0.11751412 
592 332 10 14 0.117037416 
597 279 9 10 0.115584396 
231 378 12 14 0.11544506 
160 388 9 12 0.11459364 
168 367 8 11 0.11388232 
662 277 9 11 0.113537334 
254 344 8 10 0.11323677 
639 292 10 12 0.113111354 
591 285 9 10 0.11285559 
592 280 9 11 0.11199222 
160 365 9 11 0.111761786 
266 335 7 9 0.11037213 
34 419 15 21 0.10935589 
926 292 12 14 0.10918747 
269 348 9 12 0.10896296 
123 388 11 14 0.10774813 
141 359 10 11 0.10765161 
214 345 8 9 0.106767125 
454 409 23 34 0.10591306 
118 385 11 15 0.10539356 
625 385 28 33 0.10472923 
85 397 12 17 0.10470329 
181 366 7 9 0.104688756 
237 389 13 15 0.10453629 
329 329 7 9 0.104083456 
415 313 7 10 0.10368664 
234 351 7 10 0.10299989 
482 317 9 11 0.10211165 
940 264 12 17 0.1020544 
774 244 9 13 0.10123361 
150 363 10 12 0.10121509 
535 296 9 11 0.09959138 
179 457 17 22 0.09870202 
110 394 12 14 0.09832336 
89 444 27 33 0.09832315 
535 388 24 26 0.09754766 
573 311 8 10 0.09660587 
489 335 9 12 0.096066184 
631 296 9 12 0.09584088 
822 270 11 16 0.095767654 
99 379 12 16 0.09462336 
911 279 10 13 0.094042026 
656 288 9 12 0.093912676 
705 282 13 16 0.09355538 
334 329 8 10 0.093218744 
772 310 12 16 0.092922114 
543 296 8 10 0.09281734 
780 221 10 13 0.09242881 
199 333 8 10 0.092008315 
219 404 15 19 0.09114584 
585 420 23 28 0.09058141 
726 262 11 13 0.09052763 
360 326 8 9 0.08997324 
447 313 8 9 0.08958222 
775 251 10 13 0.08916169 
414 334 10 14 0.08882284 
254 389 13 17 0.08798439 
461 294 9 10 0.0867024 
151 387 10 13 0.08658885 
659 324 14 15 0.08653029 
600 209 11 14 0.086414754 
440 296 7 9 0.08593086 
694 277 10 13 0.08564126 
149 382 10 13 0.08478101 
495 313 8 10 0.08439517 
647 287 8 11 0.08427671 
289 392 24 35 0.083576605 
143 365 11 13 0.08356948 
138 426 19 26 0.08345788 
289 344 7 10 0.08308344 
784 252 11 14 0.08245342 
193 479 27 35 0.08232498 
299 430 19 23 0.08217583 
688 277 10 13 0.08205245 
80 373 9 12 0.08199531 
417 339 10 12 0.08112696 
128 364 10 13 0.08062124 
776 240 10 13 0.08017108 
540 315 11 13 0.079736635 
93 369 10 12 0.07971197 
35 400 20 25 0.07944991 
689 245 11 13 0.078620404 
407 289 8 10 0.078590155 
590 296 8 10 0.07853781 
245 334 7 9 0.07768883 
472 297 8 10 0.07708585 
488 299 9 11 0.07652795 
919 285 9 13 0.076411046 
800 240 11 13 0.07474834 
453 345 11 14 0.07416297 
559 293 9 11 0.074123144 
508 329 11 16 0.07395967 
79 366 9 11 0.07382851 
2 442 26 31 0.07366987 
440 318 9 11 0.07363369 
620 302 11 14 0.07357054 
373 342 8 11 0.0728602 
778 306 31 37 0.07256848 
646 265 7 10 0.071566775 
336 333 8 10 0.071518525 
537 318 9 12 0.07107577 
990 351 34 63 0.07105512 
643 269 8 10 0.07096566 
103 412 11 13 0.070940115 
171 464 29 37 0.07074267 
422 311 8 10 0.07063344 
829 330 15 21 0.07052317 
833 260 10 12 0.06961817 
577 328 10 13 0.06924982 
153 344 7 10 0.06917752 
584 301 9 11 0.06900926 
608 294 9 12 0.068250805 
687 302 11 13 0.06803052 
551 297 8 9 0.0680162 
614 278 7 9 0.06792786 
440 310 8 11 0.06693958 
710 262 9 12 0.066352226 
658 330 16 21 0.06633607 
608 280 8 10 0.066192254 
695 285 9 12 0.06618166 
437 335 10 13 0.06614432 
594 417 16 22 0.065593325 
707 291 13 16 0.06475831 
584 288 8 10 0.06465737 
101 406 10 13 0.064393975 
525 310 9 11 0.06424152 
409 325 9 12 0.06333691 
232 343 8 10 0.063315056 
586 309 8 11 0.06259108 
247 320 7 8 0.062212225 
375 359 8 10 0.062169533 
229 333 8 11 0.062149882 
824 242 11 14 0.062147547 
510 304 7 9 0.061987754 
36 423 21 29 0.061957683 
270 344 8 10 0.06166484 
96 470 25 30 0.06162442 
104 351 11 13 0.06160918 
942 284 9 12 0.061071225 
174 350 7 10 0.0610374 
687 251 10 13 0.06075822 
593 324 10 13 0.060663007 
944 472 28 29 0.060423054 
161 337 6 8 0.06027514 
608 271 8 9 0.060245663 
401 309 9 11 0.05953168 
431 365 8 12 0.059394352 
554 314 8 13 0.05918614 
235 381 13 16 0.058867715 
174 370 10 13 0.05885425 
374 336 8 10 0.058805037 
613 296 10 12 0.05873132 
522 297 9 9 0.05871793 
478 332 8 12 0.058658402 
439 324 9 12 0.0585008 
591 314 12 14 0.058491252 
285 403 13 18 0.05837356 
224 351 7 9 0.0582039 
313 340 9 10 0.058110084 
320 336 8 10 0.057786785 
649 276 7 10 0.057587318 
242 328 8 8 0.057587106 
107 442 16 18 0.057270285 
710 298 12 16 0.05726114 
232 390 22 28 0.057189085 
286 328 7 8 0.056916885 
360 337 8 12 0.056854233 
128 360 9 11 0.05680261 
432 327 9 11 0.05677939 
523 303 8 9 0.056630693 
577 344 15 17 0.056193504 
158 343 8 10 0.055953708 
680 324 12 16 0.055855494 
506 327 10 12 0.055588823 
415 350 9 12 0.055440936 
249 342 8 11 0.0550583 
204 383 11 14 0.055038128 
1000 583 24 35 0.0547324 
546 302 8 10 0.05469032 
458 302 8 10 0.05467188 
313 351 10 12 0.054649632 
424 359 9 11 0.054299254 
263 422 24 33 0.054176737 
934 277 11 14 0.05400941 
367 337 10 13 0.05349873 
213 429 31 44 0.05344388 
345 321 7 8 0.05337122 
472 327 10 11 0.052941237 
789 247 11 14 0.052783664 
505 301 8 10 0.05222755 
866 281 28 35 0.052209824 
482 295 8 10 0.05199881 
511 386 13 16 0.051792193 
613 287 8 11 0.051645886 
820 261 10 13 0.051436283 
320 320 7 9 0.050949123 
168 343 8 9 0.050354682 
478 341 9 12 0.050194465 
183 335 7 9 0.04995778 
690 346 17 23 0.04989713 
207 366 9 13 0.04962762 
482 288 7 9 0.04952025 
478 359 10 12 0.049470205 
583 271 7 9 0.049094178 
298 389 14 18 0.04898764 
685 307 13 18 0.048552305 
210 345 7 9 0.048073996 
165 388 10 14 0.047247224 
545 452 30 41 0.04688293 
596 303 9 11 0.04664913 
1 383 15 23 0.04662254 
414 356 10 12 0.046556614 
715 300 13 17 0.046363566 
269 329 8 9 0.0462647 
80 400 12 15 0.046262704 
486 290 7 8 0.046237368 
448 344 10 13 0.046205558 
549 331 11 16 0.046006687 
208 350 8 9 0.045820005 
940 277 11 15 0.04577073 
535 287 8 9 0.045669727 
936 267 11 16 0.0456228 
409 375 15 18 0.045188878 
351 320 8 9 0.04479974 
663 272 9 10 0.044786725 
176 416 13 19 0.044483997 
118 433 22 25 0.044019833 
772 312 21 29 0.043922067 
75 459 24 38 0.04335743 
256 318 8 9 0.043327045 
479 327 7 10 0.043172725 
639 279 7 10 0.043111667 
293 344 9 10 0.04293844 
460 352 13 17 0.042923052 
337 402 49 62 0.04277012 
190 3 43 60 0.042650465 
462 303 8 9 0.042645026 
505 354 12 15 0.042456623 
313 335 8 10 0.042347714 
455 311 9 11 0.042012114 
291 354 11 12 0.0419794 
430 333 11 15 0.041949816 
401 288 8 10 0.041564994 
689 240 10 11 0.04156475 
865 237 8 10 0.041556712 
177 402 13 15 0.041461784 
195 396 38 49 0.04119918 
286 335 7 9 0.041054796 
394 321 10 11 0.040873427 
320 363 9 12 0.04086937 
346 394 26 32 0.040785022 
162 372 9 12 0.04078439 
656 277 9 10 0.04075349 
265 329 8 10 0.040727567 
101 397 10 13 0.040417343 
576 281 8 9 0.040265244 
304 320 7 8 0.040232673 
216 349 7 9 0.040222064 
87 388 12 16 0.04006881 
377 365 9 12 0.04000066 
714 277 12 14 0.039612517 
200 371 10 12 0.039552078 
623 293 11 13 0.039506443 
433 295 7 9 0.039464522 
740 236 11 13 0.039432116 
289 321 7 9 0.039364353 
176 361 8 10 0.03927773 
642 263 8 11 0.03926571 
240 393 22 30 0.039169747 
643 312 14 17 0.039095566 
528 296 8 11 0.038902577 
168 360 8 10 0.038858917 
193 364 9 11 0.03884454 
336 358 9 12 0.038820513 
405 342 10 12 0.038753238 
160 420 15 19 0.038576744 
159 396 10 13 0.0383748 
566 319 9 11 0.038265903 
281 344 7 9 0.03820434 
562 331 12 16 0.038191542 
369 347 9 12 0.038143832 
9 391 22 30 0.038141556 
264 344 9 11 0.03782889 
104 386 11 15 0.037654232 
245 394 13 18 0.037561614 
65 361 10 12 0.03720016 
361 321 8 8 0.03710815 
343 327 7 9 0.037061438 
425 363 9 13 0.037002165 
813 273 14 18 0.036995187 
148 441 13 16 0.036832344 
926 261 11 14 0.036513757 
783 259 12 16 0.036468238 
11 376 14 19 0.036413137 
274 367 10 12 0.036391806 
194 328 7 10 0.03629339 
941 291 11 14 0.0362515 
542 272 7 9 0.036158863 
242 321 7 9 0.036085982 
177 473 38 49 0.036017023 
53 383 13 16 0.035852294 
728 267 11 14 0.03561423 
724 297 13 19 0.03540171 
311 328 7 9 0.035223886 
575 301 9 12 0.035060413 
135 364 10 13 0.034843285 
292 371 10 13 0.03467129 
661 293 12 14 0.03462194 
258 367 10 13 0.034606326 
282 328 8 9 0.03448585 
422 381 10 13 0.034420427 
0 392 13 24 0.034406316 
252 390 21 27 0.034320574 
494 302 9 10 0.034228794 
255 361 10 12 0.034180477 
947 486 19 22 0.0341648 
224 344 7 9 0.034117773 
430 359 8 12 0.033969678 
625 381 19 22 0.033908427 
721 249 9 12 0.033852767 
184 359 8 10 0.033767756 
423 305 8 9 0.033643 
460 402 16 24 0.03361902 
302 423 28 34 0.033611808 
318 418 13 19 0.033526503 
228 407 25 35 0.033490874 
148 376 10 13 0.03344909 
836 255 10 13 0.03341667 
152 336 7 8 0.03335607 
328 342 8 10 0.03333422 
488 326 8 10 0.03302364 
166 337 7 10 0.033019822 
322 328 8 9 0.03285146 
601 412 22 29 0.03278522 
216 362 8 10 0.03276581 
428 348 10 12 0.032662556 
198 359 8 12 0.032587465 
507 345 18 23 0.03232143 
446 302 8 9 0.032319415 
567 288 8 10 0.032271605 
829 270 10 12 0.032247238 
491 391 15 20 0.032241125 
757 293 13 19 0.032149028 
181 391 11 13 0.03190969 
927 267 12 17 0.031905852 
357 359 9 11 0.03179472 
409 334 9 12 0.031668972 
279 376 13 18 0.031658046 
225 365 8 11 0.031622328 
148 424 19 26 0.031529967 
815 266 13 17 0.031461976 
679 255 11 12 0.031383283 
365 326 8 10 0.031349983 
305 328 7 8 0.03127533 
724 288 15 19 0.03123538 
301 401 28 38 0.031190854 
823 232 9 12 0.031162325 
187 350 9 12 0.031158287 
246 380 12 16 0.031072894 
121 351 8 9 0.030961875 
221 5 50 55 0.030923232 
782 246 11 14 0.030918093 
598 284 9 11 0.030814748 
820 270 20 25 0.0307316 
480 301 8 11 0.030653404 
162 385 21 27 0.030584387 
495 354 11 15 0.030493679 
326 365 9 11 0.030339047 
505 342 9 13 0.03026716 
174 344 8 10 0.030177068 
220 406 21 29 0.030147228 
826 274 12 15 0.03005649 
157 415 12 16 0.030055651 
207 360 9 11 0.03000082 
280 350 8 10 0.029988317 
112 367 9 12 0.029834367 
530 288 6 8 0.029755937 
498 372 13 16 0.029738877 
133 345 9 10 0.029733978 
184 343 8 10 0.02970942 
610 410 16 21 0.029628476 
503 310 8 11 0.02958046 
46 387 13 20 0.029564226 
669 293 10 13 0.029533738 
318 340 8 10 0.029494906 
94 407 14 18 0.0294835 
736 335 23 32 0.029346127 
56 368 8 10 0.029280173 
87 367 9 11 0.029277205 
892 294 15 18 0.029208794 
402 293 8 10 0.029192274 
85 446 13 18 0.029017378 
102 368 10 12 0.028994408 
19 368 10 13 0.028992105 
720 259 10 13 0.028979959 
109 356 9 10 0.02893693 
169 349 9 11 0.028772296 
472 320 9 10 0.028764585 
574 263 8 10 0.028755615 
282 408 16 24 0.028718606 
543 439 26 39 0.02866638 
462 325 9 12 0.028488573 
233 384 42 51 0.028479539 
183 425 13 16 0.028379833 
20 397 17 21 0.0283049 
542 399 25 31 0.028297763 
512 311 18 23 0.028235363 
725 279 18 22 0.028208042 
352 335 9 10 0.028178863 
708 505 51 47 0.028134089 
95 359 10 12 0.028122306 
244 388 12 17 0.028071053 
44 402 23 29 0.027925141 
865 254 9 11 0.027816001 
246 350 9 11 0.02775775 
70 397 12 16 0.027677486 
248 367 10 13 0.027651418 
295 320 7 8 0.027630616 
856 264 9 12 0.027606575 
368 358 9 11 0.027595505 
470 373 10 13 0.02758151 
287 345 18 23 0.027546281 
777 229 10 12 0.027475469 
419 335 19 23 0.027410788 
561 456 31 44 0.027270176 
217 11 30 40 0.027182445 
231 357 9 10 0.027016325 
126 420 20 26 0.02699287 
141 352 8 10 0.026855668 
414 288 9 11 0.026668834 
682 331 14 17 0.026653515 
391 319 18 24 0.026620002 
92 443 17 20 0.026564898 
698 264 19 22 0.026552197 
350 351 10 14 0.02641377 
752 354 29 40 0.02638262 
941 298 12 17 0.026273223 
316 2 12 14 0.026246622 
238 344 8 10 0.026193298 
384 339 8 12 0.026173344 
931 298 12 15 0.026135085 
143 386 11 13 0.025986975 
352 325 8 10 0.025936663 
712 256 10 11 0.025906354 
726 256 19 23 0.025798172 
255 348 9 10 0.025762282 
252 428 28 36 0.02572768 
361 386 22 27 0.025680428 
51 432 32 34 0.025622735 
740 374 17 24 0.025589785 
749 293 15 19 0.025499145 
500 388 13 16 0.025479943 
573 317 9 12 0.02536327 
613 273 8 10 0.025271809 
228 362 20 23 0.025047164 
592 273 8 9 0.025005879 
543 287 7 9 0.024825322 
177 335 8 10 0.024808321 
592 354 12 16 0.024766264 
597 336 11 15 0.02474574 
393 347 12 14 0.024725845 
433 288 8 9 0.024701802 
341 353 19 23 0.024687508 
108 419 12 16 0.024555858 
454 385 14 17 0.024500411 
261 318 8 9 0.024479136 
601 263 6 9 0.024348013 
342 335 8 10 0.024328878 
662 286 9 12 0.024321051 
828 239 9 12 0.02431584 
296 328 8 9 0.02430252 
693 358 21 30 0.02424545 
641 256 8 9 0.024216644 
328 350 8 11 0.024109451 
799 257 22 27 0.02410624 
765 273 13 14 0.024103982 
306 395 15 19 0.024094496 
80 451 14 19 0.02408968 
995 340 30 41 0.024043065 
509 295 8 10 0.024015859 
190 344 8 10 0.023972081 
680 300 11 14 0.023965804 
839 248 8 9 0.023905778 
349 401 16 20 0.023836147 
568 293 7 10 0.023753231 
384 333 10 13 0.023694389 
269 401 14 18 0.02368426 
797 239 18 24 0.023680812 
446 360 13 16 0.023616875 
693 291 12 14 0.023602799 
98 465 18 22 0.023580557 
223 359 8 10 0.023480527 
817 316 25 34 0.023472242 
444 351 21 27 0.0234399 
397 344 19 23 0.023416108 
670 287 9 11 0.023412704 
679 293 10 13 0.023369329 
716 282 13 17 0.023351224 
118 367 10 12 0.02331884 
554 289 7 8 0.023283424 
272 372 12 14 0.023232758 
310 85 9 12 0.023152236 
845 308 11 16 0.02314305 
186 418 14 18 0.023140341 
884 297 16 21 0.023052646 
366 382 13 18 0.023046989 
802 248 19 23 0.023027703 
467 355 12 14 0.023024313 
5 375 12 16 0.022940986 
530 388 11 16 0.022883972 
42 376 10 12 0.022740746 
14 463 29 38 0.022602154 
887 296 24 29 0.022586597 
270 355 10 12 0.022546586 
708 358 28 37 0.022499897 
428 381 11 15 0.022310395 
43 419 15 22 0.022257505 
125 383 9 12 0.022252677 
529 383 20 27 0.022207383 
280 385 11 16 0.022205014 
418 396 14 17 0.022076646 
663 232 7 9 0.022019481 
798 262 13 15 0.022004448 
540 350 11 13 0.021965928 
560 280 6 8 0.021948358 
297 335 8 9 0.021935536 
847 252 9 11 0.02188844 
203 487 15 20 0.021874685 
335 347 10 13 0.021831427 
822 254 10 13 0.021753421 
344 393 14 17 0.02173701 
170 391 20 26 0.02173039 
814 244 11 14 0.021713104 
573 412 25 30 0.021710424 
494 326 8 11 0.02170409 
615 400 25 33 0.021692885 
521 332 12 16 0.021683067 
335 365 9 12 0.02165494 
27 431 42 52 0.021574598 
198 351 9 12 0.021499295 
109 405 11 13 0.021494402 
461 320 8 11 0.021358335 
457 398 39 49 0.021302527 
942 255 9 12 0.021294774 
432 370 9 13 0.021293154 
432 319 8 10 0.021153975 
412 330 19 22 0.021147527 
478 347 9 13 0.021143235 
188 433 13 15 0.021112328 
337 322 8 9 0.02107042 
187 451 24 33 0.021020418 
437 365 10 14 0.020990055 
374 313 8 10 0.02098635 
936 455 46 49 0.020936541 
570 270 8 10 0.020867676 
456 271 7 10 0.020866292 
193 333 8 10 0.020831257 
606 337 15 19 0.020831024 
77 367 21 26 0.020813087 
311 362 11 14 0.020811174 
404 353 13 16 0.020800577 
286 384 13 17 0.020759534 
279 403 12 17 0.02070243 
929 271 19 26 0.020660348 
540 406 17 20 0.02064222 
677 285 11 13 0.020618176 
48 474 28 39 0.02061756 
786 242 19 24 0.02061709 
172 461 18 24 0.02056523 
419 486 30 34 0.020523215 
85 408 14 17 0.020488275 
199 14 50 66 0.020387325 
172 482 17 22 0.020361504 
120 358 9 11 0.020324714 
489 278 8 10 0.020283362 
923 281 20 24 0.020281827 
163 433 13 17 0.020275632 
576 270 8 9 0.020266986 
302 350 9 11 0.020264901 
556 300 10 12 0.020257354 
998 299 15 18 0.020251455 
702 300 15 18 0.020229176 
433 303 8 10 0.020224009 
545 475 18 27 0.02015983 
784 269 10 14 0.020109158 
263 398 25 32 0.020086247 
903 285 12 14 0.020083478 
620 435 23 34 0.020081958 
686 295 12 15 0.020068107 
186 350 20 25 0.020019805 
499 282 18 22 0.02001859 
143 304 9 10 0.020005455 
104 414 20 26 0.020000258 
