2_Demonstration_Demonstrators_2_700
190
254 149 89 111 0.99827576 
639 53 11 12 0.19994625 
534 171 10 13 0.17992662 
551 104 10 12 0.16300869 
568 92 10 13 0.14995451 
536 55 9 11 0.14411595 
560 140 9 11 0.13230194 
416 233 394 526 0.12684472 
525 69 9 11 0.11378972 
510 72 8 11 0.102100596 
583 28 9 11 0.09674392 
544 102 8 12 0.09485834 
259 473 14 18 0.09102322 
569 70 9 12 0.09057472 
1004 336 13 18 0.0881307 
644 49 9 11 0.08568235 
197 1 14 16 0.076806076 
527 78 9 11 0.067173555 
535 80 8 11 0.06355032 
78 37 11 15 0.05898395 
524 62 11 13 0.053882375 
638 69 12 14 0.051998 
482 343 235 346 0.05175974 
504 6 10 11 0.051508542 
177 40 15 19 0.05144949 
529 37 9 12 0.051282905 
542 47 9 12 0.05034292 
633 91 10 12 0.05000992 
527 103 7 10 0.049134087 
516 203 13 16 0.048937056 
519 26 10 13 0.048683595 
544 95 8 10 0.046824288 
435 511 64 58 0.046575487 
584 68 8 11 0.04625054 
552 87 9 11 0.046166025 
623 47 10 11 0.04588937 
560 60 9 11 0.04523101 
536 47 9 11 0.04514087 
527 56 8 10 0.045078933 
654 95 9 11 0.04506638 
622 86 9 12 0.044900224 
607 79 9 11 0.044154655 
553 52 9 12 0.044091623 
542 53 8 11 0.044001333 
573 152 9 11 0.043991692 
363 557 22 29 0.04383771 
704 45 11 14 0.04343198 
469 178 12 15 0.043115404 
244 467 11 14 0.043008648 
593 62 9 13 0.042649314 
955 381 13 18 0.042336926 
508 14 10 11 0.041659083 
585 92 9 11 0.041597128 
510 53 8 11 0.04113385 
557 54 10 11 0.041068938 
532 235 13 16 0.039577875 
567 63 7 10 0.03872013 
493 156 11 14 0.037447583 
518 47 8 9 0.037351716 
519 4 9 11 0.036734067 
519 94 8 10 0.036727574 
544 107 9 12 0.036437154 
179 50 16 20 0.03625711 
593 57 8 10 0.03623476 
506 -47 433 475 0.03592957 
537 102 8 10 0.03582849 
455 102 12 15 0.035619453 
583 36 12 15 0.035410207 
552 153 8 10 0.03504439 
687 6 9 12 0.034682736 
493 267 14 18 0.0345024 
524 291 12 16 0.034309078 
184 8 12 16 0.03378915 
511 40 9 11 0.033651862 
534 13 10 12 0.033617657 
568 38 9 11 0.03328273 
558 86 9 12 0.033255786 
551 92 8 11 0.033128336 
537 119 7 9 0.03302077 
988 366 9 12 0.03296879 
567 21 11 13 0.032755453 
517 183 11 13 0.032717276 
633 54 10 11 0.032666307 
486 181 11 14 0.03255132 
189 4 14 16 0.032431528 
652 79 10 13 0.0323659 
617 85 9 12 0.032006793 
525 29 10 13 0.03192295 
521 77 7 11 0.031726826 
504 54 9 10 0.031697437 
720 0 12 10 0.030565346 
506 72 8 10 0.030408394 
503 93 9 10 0.03005935 
543 79 9 10 0.029896967 
574 88 9 12 0.02980945 
521 55 8 9 0.02975915 
943 400 12 16 0.029281706 
543 39 10 11 0.02912379 
108 5 12 14 0.02864366 
945 344 9 11 0.028549297 
119 46 14 18 0.028514985 
652 85 11 12 0.028258335 
505 39 8 10 0.027953114 
650 96 10 11 0.027856933 
590 85 11 14 0.027829455 
379 64 411 472 0.02741248 
536 95 7 10 0.02730279 
518 87 8 10 0.027214263 
512 46 8 11 0.026852917 
700 66 11 12 0.026671996 
623 105 10 12 0.026497675 
305 462 9 11 0.026257787 
590 93 9 11 0.026171254 
616 64 10 12 0.026070394 
534 31 9 12 0.025918156 
565 142 9 11 0.025777375 
99 38 13 16 0.02566627 
582 63 9 12 0.02552864 
621 78 11 13 0.025457677 
542 119 7 10 0.02540712 
510 198 14 16 0.025348797 
572 14 10 13 0.024899129 
617 103 9 11 0.024852252 
561 79 8 10 0.024722835 
631 22 9 10 0.024715522 
151 72 14 17 0.024702145 
182 260 10 13 0.024671618 
497 47 8 10 0.024653314 
264 9 13 18 0.024649711 
109 131 15 18 0.024570253 
573 39 10 12 0.024484096 
653 7 11 13 0.02442509 
606 85 8 11 0.024372095 
578 55 8 10 0.024224693 
561 159 7 9 0.02415805 
559 37 9 10 0.024026569 
545 191 9 11 0.023891293 
573 21 10 12 0.023723982 
148 382 16 21 0.023688495 
598 55 8 11 0.023684565 
661 37 10 13 0.023647225 
549 77 9 11 0.02358475 
583 43 10 12 0.023395352 
621 65 10 11 0.023319427 
995 412 12 16 0.023240117 
513 172 9 11 0.0231781 
599 85 10 12 0.023083674 
926 367 9 10 0.02303088 
222 469 11 15 0.023004897 
566 29 9 11 0.022989545 
518 39 9 11 0.02283849 
1007 366 8 11 0.022694604 
687 1 10 10 0.022639811 
293 591 24 28 0.022562353 
529 167 10 12 0.022483177 
599 68 8 11 0.022328584 
582 1 9 9 0.02229589 
531 84 8 11 0.022157526 
591 13 9 11 0.022144586 
606 71 9 11 0.02212222 
509 103 9 11 0.022053579 
953 368 8 11 0.022045497 
285 467 14 18 0.021935789 
513 28 9 11 0.021890242 
631 76 10 13 0.021634767 
633 69 10 13 0.02161849 
618 46 9 12 0.021549108 
529 150 8 10 0.021516573 
623 37 10 13 0.021495791 
550 70 9 12 0.021460306 
512 143 9 11 0.02143497 
511 22 9 12 0.021408092 
984 384 13 18 0.021172456 
552 62 9 10 0.021125982 
614 79 10 12 0.02089146 
537 127 8 10 0.0208515 
338 506 15 20 0.020762544 
606 53 9 11 0.02064483 
535 252 11 14 0.020609364 
926 351 9 10 0.020606324 
565 136 9 11 0.020571433 
484 8 9 10 0.020538712 
576 1 8 9 0.020512415 
507 230 12 14 0.020473942 
30 287 9 12 0.020386174 
526 127 8 10 0.020322695 
556 47 11 13 0.020302407 
637 59 12 15 0.02024892 
538 134 8 10 0.020218017 
140 52 11 14 0.020032082 
