2_Demonstration_Demonstration_Or_Protest_2_494
41
32 387 115 122 0.99975425 
476 270 68 84 0.99889356 
296 395 13 17 0.29718155 
1 238 8 14 0.13919164 
65 248 15 18 0.1108558 
600 377 39 44 0.104398675 
147 204 11 14 0.104362674 
284 408 15 22 0.066177696 
366 414 11 13 0.052198987 
66 256 15 19 0.050695457 
272 486 41 50 0.05015647 
317 462 30 37 0.04959645 
285 395 14 19 0.048373636 
662 438 49 64 0.04267892 
363 467 39 60 0.040051978 
293 482 40 47 0.034931615 
311 475 40 46 0.034764152 
8 189 9 11 0.031120991 
235 488 27 43 0.030432416 
197 229 11 16 0.028475963 
369 458 25 40 0.028393852 
762 427 16 20 0.026444798 
352 414 10 12 0.025469108 
317 414 11 13 0.025375865 
279 396 24 32 0.025220554 
-19 419 415 426 0.02440318 
147 210 13 16 0.02359082 
316 428 11 14 0.023581013 
298 504 27 34 0.023392648 
614 482 59 70 0.022575298 
676 410 46 57 0.021806352 
323 467 17 22 0.021791177 
246 483 43 56 0.021765582 
235 425 16 22 0.021703938 
732 468 11 15 0.021409323 
605 495 39 38 0.02103408 
263 389 28 41 0.020977693 
102 215 8 11 0.020646963 
126 213 13 16 0.020226404 
45 212 10 12 0.02018504 
212 402 13 17 0.020123757 
