2_Demonstration_Demonstration_Or_Protest_2_420
983
596 168 28 50 0.9971547 
310 167 27 47 0.99667054 
476 162 35 43 0.9931681 
720 160 32 51 0.97241974 
372 171 25 37 0.9713509 
408 228 47 76 0.96729624 
807 181 33 43 0.95799536 
693 137 24 32 0.95515186 
840 166 26 48 0.92356676 
420 134 22 29 0.9116535 
641 125 26 36 0.90828717 
209 148 24 33 0.8792815 
909 112 12 17 0.8340697 
518 145 21 29 0.8263501 
981 136 22 30 0.79596347 
727 146 28 40 0.749202 
553 239 29 44 0.73457617 
933 253 47 75 0.6979613 
210 267 46 66 0.65999687 
204 126 15 21 0.65233195 
741 270 38 60 0.6487228 
259 132 15 22 0.5780106 
249 165 24 32 0.56622815 
4 133 14 21 0.48352483 
70 180 29 45 0.4758405 
987 145 23 26 0.4483111 
61 136 18 31 0.44090968 
512 88 9 11 0.43687326 
389 98 13 15 0.40591103 
236 105 12 17 0.39538246 
21 143 22 31 0.38562968 
2 296 32 49 0.36557287 
383 85 8 10 0.3604468 
428 186 22 32 0.34196225 
976 111 10 12 0.335663 
829 115 12 15 0.30294752 
414 179 21 34 0.2963687 
932 125 11 15 0.2832148 
910 169 25 31 0.2793852 
984 192 28 38 0.27605438 
308 110 14 18 0.26790187 
978 132 17 24 0.26628938 
600 100 10 12 0.25005615 
570 163 30 46 0.2499119 
891 125 12 15 0.24473867 
86 77 9 12 0.23980986 
221 285 54 62 0.2380244 
951 101 10 12 0.23775943 
989 204 32 39 0.23498395 
414 109 9 10 0.23478542 
772 123 15 19 0.23251314 
279 95 10 12 0.2276239 
992 155 25 30 0.2195356 
445 110 10 12 0.21780676 
1007 113 12 15 0.21613398 
203 104 14 16 0.20977807 
934 109 9 13 0.20909998 
397 206 26 37 0.2015157 
450 194 26 33 0.1995908 
162 139 17 22 0.19768666 
1007 100 11 13 0.19533941 
607 89 6 8 0.19351633 
308 252 32 40 0.19152263 
517 113 12 16 0.19087285 
838 152 13 21 0.18582268 
119 95 13 15 0.18574153 
294 126 15 22 0.18295981 
407 210 28 41 0.17908232 
417 221 27 40 0.17344466 
199 196 30 43 0.17330183 
602 95 8 10 0.17319128 
737 102 9 13 0.16896519 
116 155 23 37 0.16892603 
264 111 9 11 0.1688884 
790 126 12 16 0.1660358 
461 107 10 13 0.16159509 
229 105 14 19 0.16129896 
246 123 11 15 0.15871114 
707 117 10 12 0.15818268 
448 116 10 12 0.15503351 
967 92 8 11 0.15412827 
556 226 23 38 0.1526904 
390 130 12 18 0.15218125 
423 94 9 11 0.151442 
405 182 21 32 0.15134083 
477 123 10 13 0.15108773 
552 104 9 10 0.15074497 
826 314 37 40 0.15024883 
871 89 9 11 0.14976835 
106 109 13 16 0.14634892 
982 95 8 10 0.14606073 
552 95 8 10 0.14315055 
135 130 13 17 0.1408052 
967 112 9 11 0.14031681 
463 92 8 10 0.14023216 
512 115 11 14 0.13741365 
815 129 15 19 0.13567972 
498 88 8 11 0.13473304 
304 77 9 11 0.13347971 
0 86 7 12 0.13322139 
358 76 8 11 0.13251929 
456 125 10 13 0.12966 
617 97 8 10 0.12941131 
605 93 8 10 0.12763315 
373 97 11 14 0.12722132 
409 119 10 12 0.1271242 
583 88 7 9 0.12454055 
53 93 10 12 0.12384377 
38 95 11 13 0.12344921 
47 92 11 14 0.12266347 
630 108 11 16 0.12232011 
432 110 9 12 0.12057848 
176 92 8 10 0.12054505 
461 126 10 13 0.12011528 
493 118 10 12 0.11831853 
877 177 38 52 0.11717043 
387 211 29 43 0.11650636 
614 118 12 15 0.11644089 
920 239 32 50 0.116267614 
794 182 32 44 0.11603661 
651 135 27 36 0.113575004 
578 124 15 18 0.112893425 
253 125 11 17 0.11177112 
12 119 14 16 0.1116202 
409 103 8 10 0.11091812 
448 178 26 33 0.10992092 
441 109 9 12 0.10916505 
433 136 17 22 0.108468026 
237 94 9 11 0.10844451 
753 95 8 10 0.10692735 
863 117 11 12 0.10680499 
703 113 10 11 0.10623719 
706 96 7 10 0.10558907 
905 78 8 10 0.105164036 
550 145 24 32 0.10514713 
225 106 12 17 0.10477341 
69 159 29 44 0.10410431 
974 125 13 18 0.10371954 
926 233 47 67 0.10244999 
736 96 7 10 0.10169477 
603 115 12 17 0.10124175 
920 95 9 11 0.100641385 
234 162 27 31 0.10004278 
472 124 10 14 0.09978609 
663 184 31 39 0.099321224 
527 100 9 10 0.09907969 
167 197 30 45 0.09892348 
504 88 9 11 0.09833437 
926 100 9 12 0.097674526 
495 109 10 13 0.097410455 
431 116 12 13 0.09717175 
436 188 25 32 0.09700536 
218 86 9 10 0.096349224 
45 117 16 19 0.09514216 
759 110 9 12 0.09511031 
190 106 10 13 0.095011614 
579 90 6 9 0.09494218 
65 143 26 39 0.09459885 
996 164 27 34 0.09430925 
293 93 9 13 0.09427214 
603 108 12 15 0.09380984 
142 71 9 11 0.09380208 
976 180 25 35 0.09344399 
495 104 9 11 0.09282627 
549 130 14 21 0.09279169 
369 162 18 25 0.09235256 
930 157 23 29 0.091808245 
456 92 8 10 0.09173995 
541 123 11 17 0.09088743 
23 105 9 12 0.090595394 
10 138 22 28 0.09053301 
861 96 9 11 0.0905131 
200 103 11 14 0.09014335 
201 88 7 9 0.08946644 
429 103 8 9 0.08912807 
13 182 23 30 0.088925876 
504 76 8 9 0.08876335 
769 80 7 8 0.08840213 
218 158 29 36 0.08799922 
857 95 9 11 0.08758626 
227 113 13 16 0.087567195 
259 167 24 40 0.08708085 
540 116 11 16 0.0870186 
780 125 12 16 0.08582687 
777 87 6 9 0.08478574 
184 79 9 10 0.084507845 
307 101 13 16 0.084382124 
856 77 8 11 0.084332205 
481 87 7 9 0.08389623 
919 78 7 10 0.08384709 
871 109 9 11 0.08378157 
863 78 8 10 0.08337887 
410 62 8 10 0.08279166 
487 122 10 13 0.08259576 
501 109 9 12 0.082308784 
309 76 10 11 0.08177685 
556 103 9 11 0.08172765 
479 93 10 12 0.08153402 
423 72 7 9 0.08048717 
286 93 9 13 0.08035249 
733 137 16 26 0.08017784 
34 94 9 12 0.07964536 
440 171 27 32 0.07865727 
588 122 12 16 0.07855387 
905 86 8 11 0.07772298 
995 268 29 51 0.077221826 
964 175 24 33 0.07701566 
417 93 8 11 0.0761475 
95 79 9 11 0.07594928 
40 79 10 11 0.07550347 
766 96 8 10 0.07549676 
583 93 9 11 0.07434027 
823 170 33 48 0.074001476 
602 89 7 8 0.07369051 
112 84 9 11 0.07353159 
51 129 20 28 0.073176816 
646 187 29 44 0.07303571 
622 116 10 15 0.07298498 
137 77 9 10 0.07296714 
839 152 20 32 0.072852395 
409 80 7 9 0.072810374 
543 111 10 12 0.07274704 
925 96 8 10 0.07245548 
349 131 13 16 0.07194931 
249 78 9 12 0.07172018 
852 177 30 41 0.07125325 
465 169 28 40 0.0711565 
709 100 8 11 0.07108659 
267 108 12 14 0.070352554 
48 88 9 11 0.06991894 
376 79 9 11 0.069647744 
839 132 12 16 0.0696164 
106 71 8 10 0.06949753 
993 87 8 10 0.0693377 
107 99 14 17 0.06929147 
517 88 8 11 0.06891039 
542 87 8 11 0.06868496 
305 72 10 12 0.06852719 
739 107 9 12 0.06850092 
199 151 23 30 0.06839525 
147 288 44 66 0.06827951 
101 101 13 15 0.068251655 
591 79 8 9 0.06822067 
357 120 11 12 0.067926496 
907 147 17 20 0.0677128 
477 276 37 48 0.06730712 
459 181 26 40 0.06706094 
438 76 8 10 0.0670378 
488 102 9 12 0.06701463 
596 142 19 22 0.06694159 
497 77 7 9 0.06654505 
109 131 16 18 0.06644249 
950 96 9 11 0.06641504 
209 178 34 42 0.06600525 
378 56 7 9 0.06595154 
687 87 7 9 0.065840736 
659 269 31 38 0.06582458 
99 149 45 53 0.065756336 
411 123 11 15 0.064996876 
510 78 8 10 0.06497681 
581 157 14 20 0.06455404 
502 103 8 11 0.06363805 
62 95 10 13 0.0635487 
806 168 25 31 0.063490994 
795 125 13 18 0.06346619 
183 86 8 10 0.06346165 
136 109 10 13 0.063357584 
735 63 8 10 0.06333636 
935 153 14 18 0.06318994 
433 71 7 9 0.06278814 
738 68 8 10 0.062423933 
736 182 33 41 0.062337056 
191 86 7 9 0.062191334 
538 192 22 31 0.06207399 
368 92 11 15 0.062026594 
575 92 9 12 0.061983075 
998 88 8 10 0.061862208 
950 87 8 10 0.061553236 
75 169 44 54 0.061237264 
233 87 7 10 0.061217386 
897 73 8 10 0.06119113 
49 122 16 21 0.061171126 
968 139 11 16 0.060787123 
367 88 9 13 0.060743634 
52 151 13 21 0.060031064 
414 63 7 9 0.059722353 
166 73 8 9 0.05959717 
296 77 9 11 0.059567977 
480 81 7 9 0.059532627 
709 94 9 11 0.05905333 
678 152 13 19 0.05896211 
552 88 9 10 0.058961447 
398 70 7 9 0.05895082 
803 295 53 59 0.05887997 
377 85 9 12 0.05881561 
143 103 9 11 0.05871566 
192 122 21 30 0.058668386 
53 89 9 10 0.058442116 
511 126 11 14 0.058168262 
50 139 26 37 0.058095604 
563 154 12 16 0.05799881 
415 87 8 11 0.05784855 
872 104 9 11 0.0578047 
302 118 20 28 0.057531204 
753 281 52 66 0.05744056 
453 118 10 13 0.05707423 
934 104 9 10 0.05687811 
909 153 24 29 0.056640625 
697 117 10 12 0.05657513 
158 87 9 11 0.056265842 
935 144 9 11 0.05620253 
535 103 8 9 0.056072764 
145 134 22 28 0.056025863 
34 125 24 28 0.05594239 
721 110 8 10 0.055560783 
171 140 12 17 0.055541996 
726 110 10 13 0.055446144 
630 188 27 42 0.055111215 
256 108 9 13 0.055035412 
439 72 7 9 0.054922026 
863 111 11 12 0.05486299 
720 88 7 9 0.054830447 
30 116 13 18 0.054640938 
273 94 10 12 0.0545651 
556 153 15 19 0.05426923 
728 81 9 11 0.054122735 
420 201 26 35 0.054097548 
278 170 36 49 0.054046713 
229 132 14 16 0.053855445 
489 108 10 13 0.053804733 
245 312 41 39 0.05355648 
537 87 8 11 0.053421386 
406 146 14 19 0.053344425 
450 168 18 24 0.05334051 
146 133 13 17 0.053337485 
706 86 7 9 0.053301893 
446 104 9 11 0.0532661 
244 155 17 24 0.053061735 
36 120 17 20 0.05294746 
831 153 13 20 0.05268917 
47 78 8 9 0.052589916 
458 104 8 12 0.052491236 
696 111 9 12 0.05247623 
759 88 7 8 0.052243978 
617 72 7 8 0.05206994 
120 86 10 12 0.051919 
206 257 31 57 0.05186036 
294 99 10 13 0.051787235 
180 275 43 72 0.051495828 
497 71 7 10 0.051361047 
523 114 13 17 0.05097362 
203 117 15 19 0.05091308 
273 135 17 20 0.050793186 
949 124 10 12 0.050596632 
421 77 8 10 0.05046621 
591 72 6 9 0.05030281 
168 104 8 11 0.050239157 
536 111 9 12 0.050163027 
735 114 11 14 0.050102886 
544 103 8 10 0.05006308 
152 87 8 10 0.050020747 
441 137 13 19 0.049964298 
2 177 22 33 0.049955036 
464 77 7 10 0.049854588 
449 93 8 10 0.049834896 
455 109 9 12 0.049679887 
707 124 14 15 0.049495503 
913 110 13 15 0.04945097 
932 116 11 15 0.049211223 
465 72 7 10 0.049158532 
221 79 9 11 0.049124487 
638 78 7 10 0.049014505 
46 111 12 15 0.04885522 
42 132 24 31 0.0488202 
993 180 28 40 0.048609007 
197 161 15 22 0.048466887 
410 84 8 11 0.048337556 
695 134 16 23 0.048273746 
0 168 11 22 0.04796979 
791 78 8 10 0.04792801 
978 115 14 16 0.047896132 
392 48 7 9 0.047798 
319 79 9 11 0.047445364 
399 78 7 10 0.047408737 
543 94 8 10 0.04740509 
976 94 9 12 0.047255345 
761 101 9 11 0.047172666 
711 87 8 10 0.04690501 
402 200 19 25 0.04688136 
389 87 9 10 0.046799626 
910 86 8 10 0.046711247 
550 146 13 19 0.046593938 
320 84 10 14 0.046564925 
425 101 8 11 0.046498183 
294 117 10 14 0.046497047 
129 164 16 24 0.046383087 
557 94 8 10 0.046362992 
485 87 9 10 0.046284866 
5 126 14 18 0.046152443 
1001 93 8 11 0.045931447 
569 87 7 9 0.0458966 
880 78 6 9 0.045821056 
902 73 7 10 0.045722365 
878 107 10 12 0.04563763 
302 96 12 15 0.04551962 
528 72 6 9 0.045497075 
761 63 6 8 0.04545536 
586 80 7 9 0.045310814 
64 78 8 11 0.045279533 
575 277 41 44 0.04516126 
288 72 8 10 0.044930495 
206 78 8 9 0.04490092 
695 97 8 10 0.044704963 
263 174 35 48 0.044453707 
69 101 9 13 0.0443635 
521 103 8 10 0.04434964 
572 139 14 17 0.0442757 
265 71 8 10 0.04425232 
470 132 11 12 0.044020176 
134 129 22 29 0.04400697 
941 127 10 12 0.043936856 
742 70 8 9 0.043921214 
293 110 10 13 0.04376701 
153 140 21 32 0.043712392 
39 86 9 10 0.04369887 
896 169 23 40 0.0436497 
685 144 22 30 0.043586224 
389 177 27 32 0.043510772 
913 247 47 75 0.04345921 
567 152 26 35 0.042973004 
395 100 10 13 0.04296347 
28 134 25 31 0.042961843 
376 225 24 37 0.042934448 
927 128 13 16 0.042843055 
15 109 12 14 0.0427008 
381 56 8 10 0.04242734 
0 91 9 14 0.042424943 
997 246 24 46 0.04233139 
925 154 13 16 0.042313702 
144 88 8 10 0.04226796 
781 161 14 21 0.042251706 
929 107 10 14 0.04211611 
385 92 10 14 0.041986614 
30 149 24 33 0.04189491 
542 128 14 20 0.041819617 
422 108 9 13 0.041772034 
523 180 14 18 0.041623823 
106 167 43 56 0.0415804 
381 63 8 9 0.041391928 
199 95 9 10 0.04133732 
668 190 17 23 0.041235026 
384 129 13 18 0.041216403 
887 88 9 10 0.041123997 
134 85 10 11 0.040997263 
183 192 35 50 0.040951293 
375 71 8 9 0.040919643 
103 108 21 25 0.040778384 
182 118 11 15 0.040713042 
568 78 7 9 0.040641848 
707 111 11 13 0.040504947 
910 80 8 10 0.040498324 
366 157 15 21 0.04042104 
284 129 17 22 0.04022277 
672 79 8 10 0.04020446 
789 118 12 15 0.040193696 
918 72 8 10 0.040158674 
910 201 26 37 0.04015705 
620 99 11 14 0.040117368 
433 162 15 19 0.04004244 
159 93 9 10 0.039920494 
118 106 13 15 0.039841592 
384 231 46 66 0.039732955 
667 108 12 14 0.039714877 
368 179 34 47 0.039676096 
878 87 8 11 0.03967056 
429 123 14 17 0.039618988 
958 78 8 9 0.039269343 
158 78 8 10 0.03922339 
904 91 8 11 0.03920988 
449 89 7 10 0.039142884 
24 79 8 10 0.039129086 
104 140 25 34 0.038992807 
969 130 20 28 0.038932584 
311 84 10 14 0.038902156 
569 72 7 9 0.03880935 
792 110 9 12 0.03877001 
1004 220 17 26 0.03873724 
977 80 9 10 0.03834711 
253 67 9 12 0.038322393 
776 70 7 9 0.038299944 
351 119 11 14 0.038286906 
368 76 9 12 0.03812748 
247 205 40 59 0.03791751 
929 216 32 48 0.037909284 
471 72 6 9 0.03782306 
381 118 11 13 0.03778349 
295 72 8 11 0.037605926 
950 205 13 17 0.03751536 
481 64 7 10 0.037498903 
622 78 7 9 0.037334993 
621 117 21 30 0.037329745 
514 61 7 9 0.037313122 
369 64 8 10 0.037309628 
698 150 28 37 0.03727379 
961 110 9 12 0.037187252 
394 126 13 16 0.037123274 
246 103 10 13 0.037039403 
236 128 15 17 0.03696009 
639 128 17 24 0.036837604 
393 64 8 10 0.036798067 
768 119 12 15 0.036789887 
665 87 7 9 0.036748108 
913 95 8 10 0.03673282 
861 121 14 16 0.0366195 
587 130 13 18 0.036547333 
71 107 10 13 0.036542002 
448 263 53 62 0.036535874 
238 89 8 9 0.03638263 
471 79 8 10 0.036373273 
634 105 13 17 0.036360715 
111 254 40 47 0.03635789 
696 124 11 14 0.03630341 
570 94 8 11 0.036289103 
430 64 8 9 0.036190353 
526 77 7 10 0.036178607 
223 151 18 25 0.03615612 
941 110 10 12 0.036129538 
601 74 7 9 0.036121327 
504 126 10 12 0.03595034 
12 149 26 35 0.03576705 
945 100 10 12 0.03571251 
827 130 14 19 0.03555391 
263 95 9 10 0.035547487 
60 125 15 23 0.035437465 
1001 77 8 10 0.035411976 
592 149 26 35 0.03540661 
394 107 12 15 0.03530225 
920 124 10 12 0.035286643 
793 87 8 10 0.03524118 
784 71 8 10 0.03522275 
271 78 8 11 0.035058636 
167 94 8 9 0.034946088 
734 87 8 9 0.034888916 
487 80 8 9 0.03488063 
370 70 8 10 0.034879874 
71 80 8 10 0.034873147 
394 69 7 10 0.03484277 
540 187 16 19 0.034812752 
68 95 9 12 0.034751322 
458 78 8 9 0.034715224 
269 71 9 11 0.03461622 
343 123 14 18 0.034586918 
288 110 10 12 0.034575913 
125 79 9 10 0.034519166 
584 100 9 12 0.034486685 
113 125 16 19 0.034469374 
890 186 41 51 0.034430288 
79 102 11 14 0.034403242 
825 112 11 14 0.03439025 
239 113 13 17 0.034297008 
167 131 20 30 0.034295097 
41 150 24 33 0.034290753 
306 152 24 41 0.03424045 
564 159 15 22 0.033950195 
838 125 10 14 0.03384965 
111 94 12 14 0.03384724 
577 120 11 15 0.033812676 
981 139 41 54 0.033774067 
5 94 10 12 0.033745725 
121 156 38 51 0.033654403 
726 85 9 11 0.033552255 
191 96 8 9 0.033414118 
1000 210 20 22 0.033404585 
154 79 7 9 0.033398453 
383 109 10 13 0.033387274 
479 239 54 57 0.033346925 
31 79 8 10 0.033325117 
782 145 13 19 0.033283588 
565 148 13 17 0.033105467 
280 88 7 10 0.03304122 
516 121 12 16 0.032970794 
87 82 10 12 0.032861814 
759 96 10 10 0.032841504 
381 191 31 38 0.03277708 
607 73 7 8 0.03269608 
308 94 12 14 0.032690953 
179 124 20 29 0.032644812 
557 88 8 9 0.032568358 
265 76 9 11 0.032543067 
644 117 17 22 0.03248565 
927 85 9 10 0.032439638 
754 110 9 11 0.03243135 
87 95 9 11 0.03242527 
914 149 16 17 0.03233473 
242 120 19 25 0.032071058 
961 132 11 15 0.032066625 
927 80 9 10 0.031949833 
951 324 44 62 0.031885646 
416 79 9 10 0.03186639 
548 116 15 18 0.031863034 
688 93 8 11 0.031791154 
42 88 19 24 0.031738065 
182 94 8 10 0.031685233 
422 115 11 13 0.031597093 
518 93 8 10 0.031596042 
671 167 33 39 0.031568963 
182 169 15 23 0.03155278 
198 115 14 18 0.03153549 
685 154 29 35 0.031531706 
228 125 12 15 0.03146119 
30 130 40 49 0.03142285 
701 124 13 16 0.031400416 
511 73 7 9 0.031356797 
536 72 6 8 0.0313244 
478 134 10 12 0.03126967 
912 104 10 13 0.031267192 
848 71 8 11 0.031213032 
729 62 9 10 0.031191684 
787 77 7 10 0.031172948 
0 116 10 14 0.03109201 
54 77 9 10 0.031064121 
28 109 10 14 0.031037763 
212 141 16 23 0.031037755 
202 78 8 10 0.031015158 
448 121 11 16 0.03096461 
982 79 7 10 0.030929917 
263 135 22 25 0.030847363 
426 164 25 32 0.030843673 
447 71 8 10 0.030839233 
205 88 8 10 0.030815857 
478 97 12 16 0.030739797 
174 102 9 12 0.030638589 
613 127 15 19 0.03058089 
721 137 25 37 0.030568417 
319 185 32 40 0.030538633 
945 87 8 9 0.030499903 
941 309 36 53 0.03040553 
501 235 52 55 0.030252222 
97 62 7 10 0.030203884 
871 78 8 10 0.030163776 
215 92 10 13 0.030162472 
460 115 12 16 0.03011462 
288 77 8 9 0.030102883 
90 148 34 39 0.03008852 
580 156 25 34 0.03005061 
554 123 16 20 0.02998726 
539 140 24 32 0.029984716 
115 153 16 25 0.02992328 
281 79 7 9 0.029848916 
614 88 7 8 0.029834975 
273 87 8 9 0.02982683 
1011 178 12 18 0.029747402 
1005 96 19 25 0.02971102 
184 72 9 10 0.029615246 
769 87 7 8 0.029456992 
221 93 10 12 0.029437438 
288 204 24 38 0.02940935 
751 78 8 9 0.029366676 
486 134 11 13 0.029335005 
521 77 8 9 0.029306857 
535 94 8 10 0.029260036 
793 92 8 11 0.029256707 
255 37 8 10 0.029230496 
652 275 48 54 0.029132748 
254 86 8 10 0.029127104 
623 256 29 42 0.029127048 
664 103 10 12 0.029123563 
530 54 8 10 0.029115077 
210 107 12 14 0.029111536 
509 153 23 29 0.029078448 
415 142 14 22 0.029070253 
243 107 12 16 0.02902989 
769 133 22 29 0.029027445 
893 137 12 16 0.028975798 
356 177 23 37 0.028975677 
168 89 8 10 0.02894229 
502 116 10 12 0.02881465 
25 192 15 19 0.028791746 
424 255 58 76 0.028746918 
161 72 8 10 0.028732218 
975 105 9 11 0.028590627 
528 87 7 10 0.028561499 
397 63 8 10 0.028523657 
250 138 21 31 0.028514562 
518 157 23 31 0.028451754 
408 95 9 11 0.028443655 
907 152 40 52 0.028420255 
844 126 10 14 0.028393619 
879 92 8 11 0.028307594 
472 63 7 9 0.028305799 
382 69 8 10 0.028279683 
774 178 33 48 0.02826987 
-2 215 26 44 0.028266663 
32 87 8 10 0.028205814 
486 141 12 14 0.028166948 
566 253 40 45 0.028137114 
540 169 15 21 0.028116493 
1004 109 20 24 0.028099325 
945 95 8 11 0.02809898 
745 54 6 9 0.028054666 
125 116 11 13 0.028011525 
438 115 11 13 0.027992688 
244 131 22 28 0.027917527 
471 142 12 16 0.027852554 
600 80 20 27 0.027849535 
987 116 13 14 0.02782508 
511 99 9 11 0.027778793 
585 113 20 26 0.027764225 
336 1 44 55 0.0277101 
424 63 8 10 0.02767215 
81 197 42 39 0.027662685 
708 164 28 39 0.027659027 
908 182 27 41 0.027622035 
222 224 49 64 0.027556987 
586 71 7 9 0.027529813 
220 123 11 15 0.027510785 
264 103 11 13 0.027423657 
739 118 11 12 0.027248558 
870 270 27 29 0.027206505 
270 100 11 14 0.027179185 
742 96 8 10 0.02715013 
125 107 10 14 0.027122054 
472 86 8 10 0.02708511 
986 125 14 16 0.027047392 
99 133 25 28 0.027036263 
785 127 20 24 0.027023893 
705 81 7 9 0.027018989 
776 285 54 66 0.026995834 
945 79 7 9 0.02699426 
135 103 10 13 0.02699368 
600 79 7 8 0.026987618 
450 155 16 22 0.026880521 
189 79 8 10 0.026876502 
534 55 8 10 0.026873201 
428 95 9 11 0.026873065 
425 217 18 24 0.026869947 
578 135 14 18 0.026686473 
989 109 11 13 0.026643466 
583 110 10 11 0.026639499 
620 122 12 17 0.026577622 
992 48 7 10 0.026575599 
859 139 16 19 0.02653597 
920 88 7 9 0.02648442 
590 86 8 10 0.026410678 
459 171 15 24 0.026387248 
1002 101 10 13 0.02637021 
145 95 8 10 0.026357861 
969 125 10 15 0.026357774 
470 100 11 14 0.026355708 
862 73 9 10 0.026345303 
495 64 8 8 0.026331313 
628 102 20 29 0.026295014 
505 127 20 26 0.026277224 
670 86 7 9 0.02627588 
7 100 9 12 0.026243905 
364 132 14 18 0.026105043 
5 190 26 39 0.026080376 
672 152 27 32 0.026074877 
801 159 23 29 0.025998421 
188 115 13 17 0.025936231 
286 100 9 11 0.025932375 
16 87 8 10 0.025860142 
492 141 13 16 0.025846673 
108 269 52 55 0.025838217 
858 117 9 12 0.02583036 
182 146 10 16 0.02581064 
971 143 23 31 0.025677593 
54 96 13 15 0.025672136 
288 89 8 10 0.025654813 
602 162 18 31 0.025654227 
377 62 7 10 0.025652599 
895 105 8 10 0.025649032 
65 85 9 11 0.02563557 
315 260 16 21 0.025592882 
156 193 27 41 0.025581177 
804 128 14 21 0.02553888 
902 142 12 16 0.025536872 
774 110 10 11 0.025460195 
18 309 44 46 0.025318751 
401 251 32 53 0.0252959 
572 127 24 28 0.025227206 
317 136 13 19 0.025216708 
797 17 11 15 0.02519946 
829 301 29 35 0.02519562 
103 78 9 11 0.0251569 
630 112 24 32 0.02507256 
952 78 8 11 0.024978815 
254 103 9 13 0.024914715 
57 73 8 10 0.024880167 
134 116 11 16 0.024876416 
188 123 15 21 0.024872115 
975 85 9 10 0.02486322 
15 93 8 10 0.024845434 
728 103 9 11 0.024844326 
553 79 8 8 0.024839094 
887 79 8 9 0.024812583 
365 118 9 13 0.024788078 
606 78 7 9 0.02474967 
835 307 17 22 0.024747 
325 93 11 14 0.02468219 
776 66 7 8 0.02465719 
418 71 7 9 0.024640692 
421 126 13 18 0.024638271 
859 131 15 17 0.024573255 
171 202 17 23 0.024541615 
160 101 10 11 0.024525287 
964 191 14 20 0.024506189 
515 130 13 18 0.024482274 
457 121 18 24 0.02431385 
126 71 8 9 0.024272911 
500 138 13 18 0.024261916 
735 131 13 18 0.024236947 
487 63 7 10 0.024207633 
645 89 9 11 0.024172423 
617 77 8 9 0.024111819 
78 175 17 27 0.024108788 
823 113 19 24 0.024039162 
277 106 12 13 0.024020273 
814 110 10 12 0.02401836 
719 92 8 10 0.024008753 
189 171 24 41 0.02399108 
729 58 7 9 0.023984885 
897 206 26 36 0.023944499 
989 226 32 51 0.02393652 
966 157 11 15 0.023936057 
22 157 27 36 0.023923395 
935 70 8 9 0.023903666 
305 66 7 9 0.023876324 
719 115 11 13 0.023842685 
772 147 21 30 0.023805225 
894 107 10 14 0.023791391 
302 97 20 27 0.02377682 
688 111 9 11 0.023762153 
437 125 12 14 0.023718117 
518 139 16 23 0.023692558 
957 70 8 11 0.023679921 
485 146 15 16 0.023661539 
206 95 10 12 0.023603415 
782 148 20 30 0.023467006 
782 120 11 13 0.023459319 
921 163 17 22 0.02344324 
423 88 7 9 0.023429357 
263 89 8 9 0.02340053 
521 72 7 9 0.023322845 
207 239 34 44 0.023294773 
961 116 9 12 0.02328233 
30 100 10 13 0.023269782 
937 64 7 9 0.023248335 
625 110 10 15 0.02322527 
678 78 7 9 0.023217818 
388 214 17 26 0.023201473 
990 103 10 12 0.023185723 
753 182 30 40 0.023168102 
970 163 14 18 0.023138206 
38 108 13 16 0.023111032 
729 95 8 11 0.023108784 
412 173 16 22 0.023073314 
375 125 11 15 0.022966297 
408 57 8 10 0.02296455 
116 115 14 15 0.022929754 
951 120 10 12 0.02292014 
23 84 8 11 0.022886237 
1007 78 7 9 0.022873698 
465 63 6 8 0.022827799 
935 95 8 10 0.02281186 
18 71 7 10 0.022801228 
853 146 15 19 0.022799917 
593 127 24 29 0.022780212 
259 299 35 40 0.022774538 
939 208 29 33 0.022763817 
276 89 19 24 0.022745227 
188 164 14 20 0.022732234 
739 125 13 17 0.02272646 
604 133 13 16 0.022700915 
424 125 22 28 0.022625808 
591 63 7 9 0.02261983 
72 152 17 22 0.022609297 
878 231 30 37 0.022596598 
496 56 8 9 0.022537008 
822 278 59 59 0.02253434 
272 48 7 9 0.022514353 
324 76 11 14 0.022508586 
1000 110 11 13 0.022480158 
562 119 19 26 0.022473127 
471 118 20 24 0.022400314 
248 84 10 10 0.022392742 
857 123 11 14 0.022379695 
109 90 19 24 0.022377718 
189 155 40 50 0.022375882 
121 72 8 10 0.022344705 
888 137 12 15 0.022337798 
673 72 7 9 0.022319738 
266 116 14 16 0.022227036 
543 63 7 8 0.02218815 
768 64 6 8 0.02215172 
856 110 9 12 0.02213953 
928 62 7 9 0.022126313 
252 187 38 54 0.022116682 
257 94 8 10 0.022107463 
637 116 12 17 0.022099223 
701 106 20 23 0.022008527 
939 161 23 31 0.02200698 
608 62 7 9 0.021993706 
254 117 11 16 0.021974884 
95 95 10 13 0.021973485 
542 200 24 33 0.02197191 
956 103 9 11 0.021955507 
679 72 8 10 0.021930194 
375 119 10 13 0.02184647 
648 76 7 9 0.021835908 
590 95 8 10 0.021780867 
16 103 10 12 0.021766748 
71 85 8 10 0.02173641 
962 86 9 12 0.021667793 
294 88 9 11 0.02165769 
-1 183 12 23 0.021635773 
218 73 7 10 0.021622835 
634 138 29 37 0.021620004 
720 104 9 10 0.021617914 
832 136 20 28 0.021612639 
656 171 28 43 0.02156439 
368 210 27 35 0.021533886 
755 88 7 10 0.021519791 
411 213 16 26 0.021479424 
467 107 12 15 0.021402039 
236 137 15 18 0.02140106 
875 273 16 19 0.021389332 
670 95 8 10 0.0213721 
548 167 14 20 0.021322982 
775 103 8 10 0.021283884 
269 184 40 54 0.021270398 
110 101 22 25 0.021265661 
599 119 13 18 0.021210663 
528 175 25 30 0.021209363 
356 160 25 34 0.021170415 
201 216 25 42 0.021139907 
309 134 14 21 0.02112248 
977 63 7 10 0.021092843 
764 108 11 13 0.021060191 
306 138 22 34 0.021053264 
456 102 19 25 0.020972922 
834 111 12 15 0.02094597 
574 72 7 9 0.020919932 
697 86 7 9 0.020910796 
509 82 17 23 0.020899778 
431 87 8 10 0.020818628 
734 80 7 9 0.020758254 
886 108 9 12 0.020741705 
816 180 21 25 0.020737104 
993 79 7 10 0.02072979 
610 115 21 25 0.020712446 
566 110 9 11 0.020700503 
516 195 14 17 0.020693298 
371 219 14 19 0.020684797 
177 79 8 9 0.020674083 
752 100 8 10 0.020628383 
824 135 20 26 0.020574272 
299 130 16 24 0.020567605 
141 173 23 32 0.020563032 
150 71 8 10 0.02055332 
9 187 43 55 0.020552974 
211 118 14 18 0.02054048 
956 185 25 30 0.020533487 
1015 85 8 12 0.020524293 
440 64 7 9 0.020494374 
865 86 11 12 0.020484103 
842 312 39 38 0.020459864 
266 126 16 19 0.020443913 
565 168 17 25 0.020409416 
961 157 11 15 0.020402376 
960 218 53 59 0.020308016 
440 86 7 10 0.0203051 
398 86 8 11 0.020269258 
478 108 13 15 0.020232428 
148 37 10 12 0.02019754 
353 71 9 12 0.020165665 
391 80 7 8 0.020155307 
962 162 23 30 0.020138705 
485 94 9 11 0.02011946 
895 88 8 10 0.020106502 
200 72 9 11 0.020090727 
955 201 16 20 0.02004382 
866 255 48 56 0.020022562 
