2_Demonstration_Protesters_2_519
66
551 118 58 74 0.99955136 
796 102 51 67 0.9993538 
163 129 65 83 0.9977099 
895 179 45 46 0.9833303 
341 264 8 11 0.16111165 
65 177 18 21 0.086515136 
361 263 28 36 0.08215094 
95 164 12 16 0.0794158 
93 171 12 15 0.07499712 
367 251 28 31 0.06655754 
11 158 39 48 0.062487658 
523 596 91 114 0.055912096 
720 324 12 15 0.052866634 
908 191 49 56 0.049827848 
371 259 17 19 0.048404064 
1012 412 10 14 0.04778169 
620 628 44 61 0.04765107 
319 261 9 10 0.046342686 
924 203 50 55 0.044901907 
37 178 13 16 0.03837464 
518 616 57 77 0.03797151 
51 164 10 13 0.037608724 
317 149 7 11 0.03704364 
26 171 27 32 0.036267113 
85 252 9 11 0.036190204 
322 201 8 9 0.033848822 
880 430 11 12 0.032310326 
347 267 25 31 0.031526364 
46 191 10 14 0.03107214 
920 409 10 12 0.030978981 
716 320 24 27 0.030735578 
22 157 15 18 0.03064778 
675 736 14 15 0.030514073 
372 282 12 17 0.03042503 
380 254 13 15 0.029836535 
720 251 9 11 0.029273955 
320 359 9 12 0.028712235 
387 174 7 10 0.028666832 
414 217 23 30 0.027676312 
68 246 9 13 0.026732199 
1 317 8 10 0.026032029 
348 269 11 14 0.02578923 
435 331 12 16 0.025188692 
323 205 10 12 0.024822881 
5 287 10 13 0.024612507 
430 324 15 18 0.024590831 
367 253 13 17 0.023735814 
75 173 11 15 0.023360223 
18 407 8 10 0.023350997 
324 295 10 11 0.023203526 
599 652 10 11 0.023117535 
314 260 9 12 0.02229746 
21 149 13 15 0.021819638 
337 262 19 24 0.021817466 
320 279 9 11 0.021641463 
439 190 6 9 0.021380197 
599 647 9 11 0.020811174 
425 192 8 10 0.020788662 
496 608 56 68 0.02064977 
1013 427 10 15 0.020541096 
342 284 11 13 0.020498851 
343 344 8 9 0.02039043 
313 279 9 11 0.020324016 
659 625 27 33 0.020270854 
313 255 9 12 0.020089699 
334 342 9 10 0.020030698 
