2_Demonstration_Demonstration_Or_Protest_2_402
417
476 125 45 52 0.9946913 
797 124 57 66 0.9904612 
313 150 62 71 0.9860896 
386 111 57 63 0.9837166 
187 151 56 65 0.97912323 
672 140 61 66 0.9281867 
609 112 51 57 0.921541 
916 9 18 23 0.735222 
484 70 15 20 0.6739373 
970 73 13 16 0.44305003 
521 29 9 13 0.34609938 
497 14 9 11 0.338508 
154 157 17 22 0.33436528 
480 55 11 14 0.31621492 
393 69 10 13 0.28096917 
478 37 10 12 0.27680552 
443 68 14 18 0.27528527 
309 16 10 13 0.2689287 
253 250 13 16 0.24615687 
328 59 9 11 0.23967674 
388 443 23 27 0.2324981 
444 63 10 13 0.22499922 
414 44 10 12 0.22229014 
844 28 15 19 0.21133895 
153 103 17 21 0.20510459 
977 16 11 14 0.1945046 
974 106 14 19 0.19083953 
445 23 8 10 0.19046253 
549 12 11 14 0.18925579 
499 21 9 12 0.18858598 
971 179 12 16 0.18320811 
519 61 9 12 0.17597976 
319 56 9 12 0.16967456 
486 14 10 12 0.15938555 
370 491 18 21 0.15752545 
532 46 10 12 0.15738572 
518 54 8 11 0.15057904 
454 54 9 12 0.14847453 
91 221 12 15 0.14437322 
503 104 25 30 0.14201827 
333 56 8 11 0.14038998 
840 62 28 32 0.13747805 
486 20 10 12 0.1374376 
479 43 10 13 0.13706848 
519 22 10 13 0.13680466 
446 30 9 12 0.13675886 
518 15 8 11 0.13455017 
212 253 16 19 0.1333341 
463 12 11 13 0.13082078 
314 56 8 11 0.12603235 
496 43 10 12 0.12547612 
431 32 9 12 0.12331605 
983 35 9 12 0.11976591 
683 92 11 13 0.118947744 
397 47 8 11 0.11875293 
320 38 8 11 0.118148655 
360 62 7 10 0.11579116 
319 33 7 9 0.115657315 
726 88 11 14 0.11203948 
463 44 9 11 0.111674145 
647 66 14 15 0.10916631 
595 28 13 17 0.10209013 
312 61 9 11 0.10181793 
981 204 10 13 0.1016371 
992 125 13 16 0.10115613 
433 37 8 10 0.100687444 
373 20 8 11 0.098869994 
974 59 13 17 0.09843231 
397 31 8 12 0.09741308 
176 93 15 19 0.097165115 
400 52 7 10 0.096811354 
978 284 13 14 0.096324794 
346 54 8 10 0.09610024 
351 54 8 11 0.09564854 
420 38 9 11 0.094545975 
393 38 9 10 0.09365889 
415 29 10 13 0.09042091 
473 37 10 12 0.0901356 
404 69 11 12 0.08884669 
313 72 9 12 0.08764657 
93 213 11 13 0.08699474 
480 75 21 28 0.08636908 
839 14 26 31 0.08446222 
410 46 9 11 0.08421207 
533 68 10 12 0.08282313 
156 10 25 29 0.08029194 
520 67 9 13 0.08012635 
519 34 10 12 0.079843506 
706 11 10 12 0.079133146 
918 226 12 15 0.07886092 
421 31 10 12 0.07770769 
593 83 11 13 0.076828495 
369 17 8 10 0.07635419 
352 28 9 11 0.07582237 
455 47 9 11 0.075809985 
1014 355 9 13 0.0752583 
358 56 8 11 0.07476012 
357 78 8 11 0.07431197 
374 39 8 10 0.07320616 
164 70 16 19 0.07314212 
527 15 9 10 0.07265113 
327 40 10 11 0.07240024 
310 45 8 11 0.07204807 
527 23 10 12 0.07167799 
617 28 14 18 0.071315326 
448 56 10 12 0.06971112 
238 194 22 30 0.06884125 
160 105 23 30 0.066924624 
432 61 9 11 0.06685387 
358 22 8 11 0.066424884 
286 45 9 12 0.06411048 
301 452 22 25 0.06407856 
357 30 8 11 0.060791805 
172 97 22 27 0.060260363 
163 125 15 19 0.05909542 
993 221 10 13 0.059031397 
333 38 9 11 0.05862071 
159 52 26 33 0.05826693 
414 63 9 11 0.057367574 
995 115 12 17 0.057131615 
413 68 9 10 0.056416657 
500 7 9 12 0.055322334 
424 61 8 11 0.05526638 
438 35 9 12 0.054855052 
607 70 10 14 0.054300673 
368 38 8 11 0.053769507 
361 37 8 11 0.053451933 
863 243 14 17 0.05339241 
532 100 13 16 0.053286035 
517 47 10 13 0.052883312 
1010 213 12 16 0.052733265 
408 64 9 12 0.05253783 
440 30 10 13 0.05250068 
471 73 11 14 0.052422587 
385 77 9 11 0.05163526 
383 425 13 16 0.051408138 
525 63 11 13 0.05108718 
534 40 10 12 0.051051028 
391 32 10 12 0.051036574 
414 52 11 12 0.05066537 
1000 310 11 12 0.050591502 
397 72 13 15 0.050513048 
83 196 10 13 0.04984983 
414 285 11 13 0.04922824 
319 15 9 12 0.048678473 
154 5 15 17 0.048630685 
334 86 8 10 0.048533887 
550 18 12 13 0.048486132 
305 18 10 13 0.04816093 
329 544 9 10 0.04801356 
325 23 8 10 0.047636557 
857 52 14 17 0.047608085 
579 45 10 12 0.047517993 
95 208 11 12 0.047394063 
754 271 11 14 0.047251943 
392 0 10 10 0.04720847 
338 14 8 10 0.047156807 
311 7 8 10 0.04648118 
384 8 9 11 0.04590074 
925 237 13 16 0.045480266 
398 65 9 12 0.044938475 
367 512 14 18 0.044770736 
430 56 9 12 0.044666104 
175 367 11 14 0.04466508 
542 39 10 13 0.04431322 
835 18 14 18 0.044266675 
335 33 8 10 0.044161174 
312 39 9 12 0.04398814 
575 15 9 11 0.043670055 
390 15 10 13 0.043602645 
411 39 10 12 0.043259144 
440 15 9 12 0.042953826 
343 22 10 11 0.04294278 
457 14 10 11 0.042688183 
772 10 18 23 0.042498227 
176 43 16 17 0.042192645 
689 30 11 14 0.04207285 
481 13 10 12 0.042053465 
252 327 10 14 0.041960165 
391 52 10 12 0.041858796 
527 39 11 12 0.041455753 
375 45 7 9 0.041444194 
539 127 10 13 0.041200794 
102 213 9 12 0.041056614 
285 28 10 12 0.040896844 
444 15 10 12 0.040518858 
691 34 12 15 0.039920013 
352 90 10 13 0.039854217 
487 9 9 11 0.03981904 
447 34 10 13 0.039622605 
500 40 9 12 0.03959184 
980 341 9 12 0.039453886 
847 260 12 16 0.039025787 
409 28 10 13 0.038832232 
318 432 13 16 0.03882552 
284 319 10 13 0.038587306 
528 52 11 13 0.038157634 
640 29 11 13 0.037691943 
857 5 13 14 0.03745797 
844 78 17 19 0.03743437 
315 31 8 10 0.037221156 
983 302 10 12 0.03693659 
413 22 12 15 0.03662904 
438 0 10 9 0.036563195 
515 102 22 27 0.036516692 
154 208 15 18 0.036445253 
454 30 11 13 0.03619398 
592 62 10 13 0.03616897 
281 292 10 12 0.036071006 
977 205 10 15 0.035666026 
967 322 11 15 0.03559859 
336 79 8 11 0.035586704 
407 54 9 10 0.035584487 
349 48 9 11 0.035540786 
484 38 10 12 0.0354373 
613 69 10 13 0.035397228 
990 91 12 16 0.03536909 
579 22 9 11 0.035345256 
974 212 14 20 0.035295773 
764 86 10 13 0.03518615 
384 55 8 10 0.035130136 
289 220 12 17 0.034765784 
288 232 13 16 0.034732852 
980 0 13 12 0.034614377 
990 301 10 13 0.034462042 
1002 205 10 13 0.03445613 
327 32 9 11 0.034417283 
973 10 21 26 0.034402873 
339 469 10 13 0.034270708 
726 12 10 13 0.034245055 
630 111 35 40 0.03406829 
386 71 9 12 0.033949014 
93 145 11 15 0.03379208 
448 72 14 18 0.033674274 
353 72 9 11 0.033456348 
235 2 14 15 0.033337455 
998 303 9 10 0.03278038 
922 103 13 16 0.032646667 
100 220 11 15 0.03197162 
485 28 11 13 0.03145365 
343 78 9 12 0.03144245 
155 158 25 34 0.031392112 
630 66 11 14 0.03133321 
534 95 10 14 0.03131831 
913 47 10 12 0.031221114 
432 46 9 10 0.031084627 
974 118 12 16 0.030962106 
569 36 9 12 0.030920547 
386 31 9 11 0.030888805 
353 60 9 12 0.030864805 
1000 37 11 13 0.030644732 
918 157 11 14 0.03060155 
461 18 13 14 0.03060042 
985 322 11 14 0.030450711 
421 21 10 14 0.030394465 
975 50 13 16 0.030301698 
342 39 9 10 0.030148273 
153 120 26 32 0.030080589 
913 220 11 16 0.030011894 
772 95 22 26 0.029849954 
330 86 8 10 0.029682167 
397 21 9 12 0.029604739 
360 17 9 11 0.029498678 
445 345 39 48 0.029496424 
173 110 15 19 0.029480943 
285 51 10 12 0.029412532 
414 429 14 17 0.029386293 
693 24 11 13 0.029375112 
369 44 9 10 0.02917994 
329 79 8 11 0.029129177 
385 37 9 11 0.029084116 
214 248 13 14 0.029056406 
968 79 14 18 0.028804587 
414 14 11 13 0.028682917 
1010 357 9 12 0.028521596 
597 68 11 14 0.02851324 
349 104 11 13 0.028322982 
358 69 8 11 0.028294455 
485 45 11 13 0.02800223 
373 32 9 11 0.02798089 
335 71 8 10 0.027962912 
970 63 20 25 0.027817264 
419 44 10 12 0.027789896 
333 542 9 11 0.0277634 
316 76 9 12 0.027716307 
472 473 11 12 0.027682131 
501 27 9 11 0.0276515 
977 27 10 14 0.027650896 
550 44 10 12 0.027631572 
609 263 9 12 0.027564155 
365 62 9 11 0.027553124 
240 169 42 53 0.027477603 
628 36 10 13 0.027344016 
284 99 11 16 0.027094204 
154 150 15 19 0.027079908 
384 13 9 12 0.027074898 
460 28 11 14 0.026998263 
767 152 13 18 0.026946042 
593 35 11 13 0.026904 
591 56 11 13 0.026865672 
725 22 11 14 0.026727188 
771 147 13 17 0.026656358 
484 61 12 14 0.026528794 
319 21 8 11 0.02647359 
521 175 24 30 0.026460228 
622 68 10 12 0.026453244 
718 373 12 15 0.026446037 
991 338 12 13 0.02636447 
534 29 10 11 0.026261423 
975 38 10 14 0.026207797 
326 14 8 10 0.026118495 
493 52 12 15 0.026087811 
974 201 40 61 0.025989588 
268 318 9 12 0.025982954 
334 95 9 10 0.025801305 
638 62 10 13 0.02574786 
555 21 12 14 0.025724838 
454 37 10 13 0.025593832 
180 88 11 14 0.025591359 
472 43 9 12 0.02547445 
343 72 8 11 0.025444716 
275 460 12 18 0.025390219 
439 56 11 13 0.025207544 
384 46 8 11 0.02498558 
386 21 9 11 0.02487192 
312 96 8 10 0.024842726 
1011 84 11 18 0.024835624 
367 31 9 11 0.024769157 
513 19 11 14 0.024758305 
616 46 11 13 0.024744675 
557 113 11 15 0.024690628 
937 21 10 13 0.024685321 
164 178 12 18 0.024582796 
979 217 23 31 0.02454946 
45 191 9 12 0.02454695 
568 100 10 13 0.02450652 
357 527 10 13 0.02445157 
175 317 11 15 0.0244129 
332 44 10 12 0.024347667 
581 40 10 12 0.024305362 
343 60 9 11 0.024231184 
144 281 14 16 0.024224017 
432 21 9 11 0.02410511 
561 83 10 13 0.024027016 
210 162 48 59 0.023916408 
478 0 9 9 0.023900764 
541 31 11 12 0.023844182 
916 25 12 16 0.023781875 
520 74 10 13 0.023671657 
918 78 11 13 0.023642808 
327 492 14 18 0.023484288 
155 47 12 15 0.02345363 
991 390 10 12 0.023446154 
584 125 11 14 0.023361119 
495 27 9 12 0.023282375 
990 235 14 17 0.02327554 
356 85 10 15 0.023234634 
903 208 10 13 0.023163809 
21 120 9 11 0.023161516 
147 374 12 16 0.02304389 
513 28 11 14 0.022957273 
566 55 8 11 0.022953916 
344 28 9 12 0.0229126 
1003 208 19 27 0.02284663 
532 13 9 12 0.022837056 
76 168 13 18 0.022760896 
1005 220 19 34 0.022642544 
982 93 12 16 0.022624444 
761 137 24 35 0.022566808 
677 87 19 24 0.022332165 
935 71 10 12 0.022109248 
486 89 22 30 0.022031 
977 246 10 13 0.022013878 
998 141 12 14 0.021850009 
87 93 11 15 0.021794293 
981 226 13 18 0.021745164 
438 45 9 11 0.021740451 
1006 304 9 11 0.021648442 
626 396 13 18 0.02148663 
997 340 10 12 0.021472618 
473 54 11 12 0.021464365 
970 174 22 27 0.02146022 
588 139 11 17 0.021380106 
990 220 22 31 0.021365307 
365 56 10 11 0.02134678 
338 20 9 12 0.021315623 
581 14 8 11 0.021279389 
325 49 20 25 0.021195063 
108 102 13 17 0.021131473 
459 53 11 14 0.02111839 
376 9 8 10 0.021064494 
639 67 12 14 0.021059442 
523 63 18 23 0.021030692 
991 47 9 13 0.020892387 
256 158 32 49 0.020855486 
621 15 13 16 0.020842953 
345 48 8 10 0.020771798 
582 54 10 13 0.020760661 
87 215 19 25 0.020718263 
566 84 10 12 0.020660982 
150 84 12 16 0.02062659 
595 76 12 16 0.020509897 
152 36 10 12 0.020499466 
415 8 9 10 0.020473117 
396 15 9 12 0.020464538 
995 86 15 21 0.02033829 
424 475 10 12 0.020321101 
974 201 22 28 0.020299569 
456 22 9 11 0.020250197 
472 0 10 9 0.020239403 
408 22 11 14 0.020236867 
461 111 29 36 0.020175535 
973 279 20 24 0.020163774 
479 8 10 12 0.020153701 
777 77 10 12 0.020038605 
921 145 10 12 0.020026214 
162 169 15 21 0.020021897 
