2_Demonstration_Political_Rally_2_114
1025
648 317 27 36 0.9979265 
949 340 30 50 0.978369 
501 244 12 15 0.82436275 
95 319 27 48 0.7310699 
458 311 25 41 0.70404315 
429 195 13 15 0.6576279 
950 211 8 11 0.6290962 
826 276 14 18 0.57774806 
69 212 10 12 0.57313883 
831 247 9 12 0.55576235 
597 283 15 20 0.5405641 
443 412 55 71 0.53583044 
880 245 9 11 0.5262629 
574 247 20 28 0.5066764 
791 281 14 22 0.46628898 
92 269 13 15 0.42012715 
272 175 10 12 0.34576544 
86 96 8 11 0.34390348 
839 237 10 12 0.3113918 
607 262 9 12 0.30931768 
783 242 11 15 0.30382282 
751 165 8 10 0.2940504 
727 234 10 15 0.29265505 
521 229 9 12 0.28832546 
963 257 12 17 0.28062615 
515 283 14 21 0.2756617 
703 158 8 10 0.2663476 
113 265 22 31 0.26094386 
948 288 14 21 0.25201547 
909 200 8 11 0.24027063 
233 166 9 12 0.23819797 
44 254 22 31 0.22905575 
558 217 9 10 0.22844437 
649 216 7 9 0.22475341 
792 165 7 11 0.22079466 
996 255 9 12 0.21959749 
310 226 10 15 0.21936318 
389 264 13 15 0.21824022 
678 233 9 12 0.21700272 
977 239 7 10 0.20613329 
511 208 8 10 0.199622 
958 174 9 11 0.19726199 
863 188 8 10 0.19107956 
687 198 9 11 0.1887924 
452 267 16 20 0.18852551 
624 215 6 9 0.18470487 
709 488 48 64 0.18420215 
686 267 14 17 0.18237177 
719 160 8 10 0.1818447 
642 166 7 9 0.17989446 
292 165 9 13 0.174221 
888 183 8 10 0.17258577 
48 195 9 12 0.17150444 
260 278 26 31 0.16969329 
805 179 10 12 0.16697101 
865 213 9 12 0.16412944 
424 220 8 11 0.16362377 
80 239 8 11 0.16198874 
774 167 7 9 0.16179334 
862 220 9 12 0.15854177 
474 248 8 10 0.1535491 
340 238 11 15 0.15109986 
5 350 28 51 0.14882925 
803 283 14 18 0.14826371 
880 223 9 11 0.1474774 
508 324 24 35 0.14604166 
865 208 10 12 0.1448242 
102 211 8 11 0.14205131 
649 231 8 10 0.14175957 
98 206 10 12 0.14118063 
77 214 8 11 0.14065622 
793 183 8 10 0.13979048 
416 273 13 20 0.13853998 
941 286 15 20 0.13631971 
549 251 8 12 0.13615583 
470 214 9 11 0.13279884 
25 176 8 9 0.1322707 
929 214 7 10 0.13056648 
792 190 8 10 0.12683457 
800 181 9 11 0.12597166 
993 259 10 12 0.12539105 
426 174 8 10 0.122323506 
718 165 8 9 0.1211788 
606 237 9 12 0.120458506 
30 169 9 10 0.11960777 
399 236 11 13 0.11930057 
641 278 9 14 0.11864113 
985 209 7 9 0.11763513 
821 197 8 10 0.11654157 
999 237 9 11 0.11625079 
566 232 9 11 0.116135165 
481 207 8 9 0.115773134 
325 242 11 14 0.11521515 
507 206 7 10 0.11446322 
295 254 9 13 0.113242365 
946 209 8 10 0.112805165 
48 172 8 10 0.11169411 
623 222 8 10 0.10990046 
257 172 8 11 0.10896495 
766 192 8 10 0.10894725 
568 251 11 15 0.10740778 
777 199 7 9 0.10538715 
109 266 16 23 0.10529238 
422 216 8 11 0.10355224 
715 165 7 9 0.10351705 
641 160 7 10 0.10311058 
934 220 8 11 0.102300525 
122 209 7 9 0.1017903 
120 213 9 10 0.1014963 
822 268 13 19 0.101244375 
706 192 6 8 0.10071585 
959 197 8 10 0.1001633 
445 268 12 18 0.098785974 
443 354 14 18 0.09851701 
760 229 10 13 0.09833666 
133 253 12 16 0.09788003 
529 212 11 13 0.09760505 
770 166 7 10 0.097546294 
486 294 23 31 0.09748022 
926 207 8 10 0.09694665 
295 219 8 11 0.09444886 
973 293 22 27 0.09416398 
365 167 8 10 0.09349367 
454 197 8 12 0.09347621 
823 181 7 9 0.09239808 
737 144 7 9 0.092044994 
836 242 11 15 0.09170166 
446 230 8 10 0.09132614 
687 235 9 12 0.09108729 
693 236 8 11 0.09002459 
791 197 9 11 0.0892251 
584 239 8 11 0.08920062 
420 402 51 73 0.088386714 
884 221 10 11 0.08808825 
290 160 8 11 0.08800334 
143 239 11 13 0.08764392 
837 183 9 11 0.08750336 
413 232 9 12 0.086747855 
213 278 15 20 0.08567457 
508 240 11 14 0.08506506 
854 199 9 11 0.08470231 
592 207 8 10 0.084502615 
912 247 9 12 0.084466234 
832 239 10 12 0.08414753 
653 214 7 10 0.08412796 
1015 205 8 11 0.08360674 
276 156 10 12 0.08291453 
704 220 8 10 0.082901105 
600 237 10 12 0.08285296 
507 272 18 26 0.08265442 
722 238 8 12 0.08231937 
632 237 10 13 0.08231481 
1014 169 7 9 0.082013436 
776 239 10 14 0.081957325 
906 221 8 11 0.08159701 
634 199 7 10 0.08147362 
753 161 8 10 0.08092153 
922 206 9 12 0.080165006 
276 198 12 15 0.08004896 
480 220 9 11 0.07970447 
24 220 10 13 0.07942756 
848 214 8 10 0.07917879 
22 256 24 27 0.07894575 
336 241 12 15 0.07768901 
592 230 8 10 0.07752864 
430 246 9 12 0.07677152 
777 364 37 44 0.076613165 
263 174 10 12 0.07658801 
17 176 8 10 0.07657125 
788 238 10 14 0.07543407 
528 208 10 11 0.07487306 
968 272 12 18 0.07473312 
762 225 8 10 0.074539326 
94 223 8 12 0.07439249 
889 188 9 12 0.07422438 
417 214 8 10 0.0740918 
893 189 9 11 0.07402633 
576 220 8 10 0.07371411 
980 238 9 11 0.07356594 
838 221 8 11 0.073446795 
478 182 8 9 0.07337808 
644 283 10 14 0.07337467 
959 216 7 10 0.073044784 
497 216 7 10 0.07289333 
125 209 8 10 0.07283331 
848 205 8 10 0.07263125 
430 181 8 10 0.07234447 
308 235 12 16 0.07206733 
713 161 7 9 0.07184684 
508 268 12 17 0.07159172 
294 149 8 10 0.0712787 
752 209 8 11 0.07127642 
430 229 8 10 0.07121215 
856 240 8 12 0.070993476 
653 237 8 10 0.07074062 
437 272 14 20 0.07061288 
1000 207 9 10 0.07056679 
952 244 10 11 0.06924739 
727 222 10 11 0.068845086 
344 214 9 11 0.06862357 
775 160 7 8 0.068605065 
435 356 29 35 0.06858396 
64 218 10 13 0.06852106 
465 207 8 11 0.06840752 
335 80 8 11 0.06838412 
793 162 7 9 0.068174124 
254 212 10 12 0.067882456 
477 250 9 12 0.067784764 
677 182 8 11 0.067778 
457 243 10 13 0.067503385 
359 183 9 12 0.06746943 
863 167 7 9 0.06720064 
206 264 11 14 0.066870116 
543 216 9 11 0.06680906 
288 171 9 12 0.06660555 
873 169 7 8 0.06659469 
823 177 7 9 0.0662988 
631 262 9 11 0.06615011 
761 192 8 11 0.0661345 
479 214 10 12 0.065931916 
861 239 9 11 0.0659026 
277 167 10 12 0.06590168 
290 252 9 13 0.065855466 
818 197 8 11 0.0656207 
782 198 9 11 0.06559038 
623 244 9 11 0.06554401 
311 143 8 10 0.065113954 
342 227 12 15 0.0649456 
29 285 30 34 0.064860635 
355 263 14 15 0.064257935 
481 199 8 10 0.063739434 
999 232 10 11 0.06317349 
849 200 8 11 0.06316731 
545 247 11 14 0.06250184 
442 230 8 11 0.06230088 
609 209 6 9 0.06228903 
425 167 9 12 0.06188903 
833 281 13 16 0.061480448 
882 294 17 25 0.061264873 
990 208 7 10 0.06116797 
66 95 7 10 0.06114814 
609 213 7 10 0.06100986 
733 213 10 12 0.060749453 
879 228 9 12 0.060371414 
889 197 9 12 0.0603464 
785 192 7 9 0.06002038 
66 210 8 11 0.059873745 
711 215 9 12 0.05971173 
552 219 10 13 0.05944136 
543 234 12 14 0.059391048 
806 237 10 12 0.05937166 
142 208 8 10 0.059367295 
471 167 7 10 0.059248965 
610 191 8 10 0.05920654 
520 226 9 10 0.059137274 
736 191 8 11 0.05907691 
984 168 6 7 0.058939643 
633 255 9 11 0.05878555 
679 277 11 16 0.05852845 
719 222 7 10 0.058480795 
305 143 8 10 0.058154326 
156 260 16 20 0.058027852 
139 259 11 15 0.057482146 
933 216 8 10 0.05745407 
910 251 9 12 0.057353985 
704 197 8 10 0.057182044 
586 284 26 33 0.056971505 
692 263 12 18 0.05696697 
683 254 12 14 0.05664452 
975 215 8 10 0.056611985 
480 191 7 9 0.056456648 
148 274 13 16 0.056298953 
798 165 8 10 0.05618489 
377 114 10 12 0.05617427 
600 260 12 16 0.055998005 
487 238 9 13 0.05562246 
405 237 9 11 0.055593222 
272 168 10 13 0.055399593 
121 251 10 14 0.05501535 
993 237 9 11 0.054784633 
615 197 7 9 0.054702155 
758 160 7 10 0.054661643 
1000 222 10 10 0.054533053 
517 259 11 15 0.05452919 
90 266 21 25 0.053962577 
768 173 8 11 0.053834636 
669 280 15 17 0.05359038 
9 150 9 11 0.053588744 
568 207 7 9 0.052773196 
767 197 7 10 0.052635666 
759 143 7 9 0.05258683 
751 181 7 10 0.052359294 
98 211 8 12 0.052113064 
382 97 8 9 0.051536486 
70 231 8 10 0.051436957 
85 324 28 35 0.0513169 
582 335 32 53 0.05116761 
802 176 8 11 0.051141497 
406 253 10 13 0.0510538 
13 212 12 15 0.05092883 
447 246 9 12 0.05082678 
526 223 10 11 0.050782513 
954 283 12 18 0.05061299 
120 260 24 29 0.05052143 
712 177 8 9 0.050470594 
466 212 9 12 0.05046991 
953 260 11 14 0.050463423 
643 222 7 9 0.05029717 
88 223 10 12 0.05021582 
435 191 10 12 0.049765732 
884 239 9 11 0.049674638 
419 358 27 31 0.049654786 
454 177 8 11 0.049517218 
689 166 7 10 0.04945248 
833 215 9 11 0.0494453 
320 236 11 15 0.049432255 
259 236 25 30 0.049316958 
872 172 10 11 0.0492971 
953 295 14 19 0.049284227 
777 203 9 12 0.049071435 
927 262 12 14 0.048746828 
673 236 11 14 0.048710696 
64 229 10 11 0.048707757 
474 182 8 10 0.048443615 
672 242 10 13 0.048344757 
719 242 10 15 0.048270486 
680 259 12 15 0.048170865 
265 179 10 13 0.048163082 
682 197 8 11 0.04784703 
561 231 9 11 0.047824822 
629 174 9 11 0.047811184 
630 245 9 11 0.04780793 
809 282 15 20 0.04772458 
249 174 8 10 0.047522094 
167 192 8 9 0.04729285 
931 268 11 14 0.04724409 
845 238 8 11 0.04723504 
470 207 8 11 0.047197107 
426 272 17 22 0.047196466 
987 283 16 19 0.047051594 
177 185 7 8 0.046778943 
62 242 12 18 0.046706352 
523 289 14 19 0.046673797 
913 306 19 23 0.04637989 
32 198 9 11 0.046285287 
-1 198 7 13 0.046096697 
362 297 13 18 0.04598972 
80 220 9 11 0.045844868 
96 199 9 12 0.045841575 
968 215 7 10 0.045812797 
365 27 20 25 0.045705907 
746 174 8 9 0.04562705 
775 144 8 10 0.045606468 
742 142 7 10 0.045496255 
253 285 24 33 0.045480948 
489 244 8 12 0.04526632 
247 426 59 68 0.04517234 
534 256 9 13 0.04507959 
628 267 11 15 0.04507674 
528 189 8 11 0.04485869 
697 152 7 10 0.044773202 
703 153 7 10 0.04475468 
817 207 8 11 0.044738088 
129 190 8 11 0.044707704 
712 221 9 11 0.0446964 
1000 187 8 11 0.044251688 
13 207 11 13 0.044221718 
295 144 8 11 0.04417446 
653 232 8 10 0.044146385 
338 64 8 11 0.044136442 
364 292 12 15 0.04407943 
999 169 7 8 0.0440642 
382 101 7 10 0.043967932 
916 244 10 12 0.043890238 
696 167 8 10 0.04384695 
70 131 10 12 0.043763563 
504 126 9 10 0.043710448 
307 94 7 9 0.043663654 
735 208 9 11 0.04365729 
729 175 7 10 0.043526474 
23 180 8 10 0.043432053 
465 166 8 10 0.04342771 
759 166 7 9 0.043423414 
910 229 8 12 0.043378916 
119 245 10 14 0.043328762 
261 206 10 13 0.043270014 
422 339 46 45 0.043152247 
68 242 12 16 0.04314953 
277 177 10 13 0.04311125 
886 216 9 11 0.04310073 
821 263 10 13 0.043005295 
968 244 9 13 0.042889602 
960 220 8 9 0.0428383 
966 197 7 10 0.042826574 
515 330 26 38 0.042820256 
719 142 7 9 0.042751167 
729 214 9 12 0.042730235 
807 243 10 13 0.04265122 
497 220 8 10 0.042642694 
448 176 8 11 0.042615283 
945 469 32 38 0.04251893 
311 188 10 13 0.042501494 
698 158 7 9 0.042449117 
559 246 11 14 0.04239949 
227 290 12 16 0.042324457 
470 150 8 10 0.042220674 
744 182 7 10 0.042209785 
944 267 9 14 0.041925933 
353 189 9 11 0.041840844 
113 239 9 12 0.04172367 
112 221 8 11 0.041685138 
459 239 10 13 0.04166672 
639 231 8 11 0.0415444 
646 221 7 9 0.04130169 
391 254 11 13 0.04123527 
111 216 9 10 0.041210324 
703 165 8 10 0.041130614 
815 212 9 11 0.040891014 
36 204 10 14 0.040785134 
977 153 6 9 0.04053619 
497 175 8 11 0.040296026 
118 239 9 11 0.040221706 
473 175 7 9 0.04018231 
84 238 9 11 0.040177364 
586 252 12 17 0.040175866 
678 190 8 10 0.04007666 
501 222 7 10 0.040033195 
995 282 15 18 0.040032312 
639 152 7 9 0.039992332 
25 192 9 10 0.03997436 
985 290 18 21 0.03992333 
29 219 10 13 0.039872903 
306 229 10 13 0.03981046 
485 206 8 10 0.039715003 
798 161 8 10 0.039628386 
358 96 7 10 0.03948438 
343 93 7 10 0.039417017 
454 251 12 17 0.03939588 
759 208 9 11 0.03908524 
776 151 8 9 0.03898693 
526 255 12 15 0.038974337 
720 137 7 9 0.03894079 
893 183 8 10 0.03893185 
750 174 7 10 0.03886594 
776 127 7 9 0.03877064 
161 191 8 10 0.03873637 
504 201 8 10 0.038733523 
905 252 9 12 0.038669303 
671 254 11 15 0.0384875 
132 244 14 17 0.03846836 
517 208 9 11 0.038314186 
975 242 9 13 0.038180094 
959 244 8 11 0.03803241 
217 179 9 12 0.038008407 
807 187 10 13 0.037998896 
1006 246 9 11 0.037893154 
478 167 7 10 0.037791364 
679 274 23 29 0.03779034 
617 222 8 10 0.03771838 
478 176 8 10 0.037657853 
233 161 9 12 0.037592415 
735 150 8 9 0.037590034 
752 191 7 10 0.037496112 
1009 200 7 9 0.03747288 
856 183 9 11 0.037446722 
260 167 10 12 0.0374318 
601 276 15 20 0.037426453 
840 206 7 10 0.037355542 
310 216 9 12 0.037319332 
51 320 21 32 0.037220664 
906 204 8 10 0.03713674 
426 192 10 12 0.037095238 
649 200 8 10 0.036910947 
334 102 8 10 0.03686922 
877 167 8 10 0.036865447 
625 181 10 12 0.03682682 
511 261 12 17 0.036821112 
249 166 8 11 0.03680287 
471 140 9 10 0.0366375 
999 246 10 12 0.036458824 
673 182 8 10 0.036347695 
225 167 9 10 0.036340848 
126 251 11 15 0.036275715 
445 317 26 38 0.03622411 
516 365 23 35 0.036207203 
52 196 9 12 0.03618679 
731 231 12 15 0.036127802 
648 174 8 10 0.03600907 
361 173 10 12 0.035992786 
408 231 8 12 0.035967674 
503 214 8 10 0.03594891 
622 153 8 10 0.03593446 
617 214 7 10 0.035913322 
497 250 10 13 0.035896603 
509 250 12 15 0.035811186 
1005 182 9 13 0.035798915 
289 219 10 12 0.035781816 
429 223 8 11 0.035729613 
9 145 8 10 0.03569359 
879 197 8 10 0.035669744 
653 176 8 11 0.0356421 
638 200 7 9 0.03551507 
445 361 30 37 0.035502087 
926 229 9 11 0.03545907 
1006 206 8 10 0.035367705 
21 212 13 17 0.035363052 
289 150 8 11 0.035284996 
51 243 21 33 0.035252385 
976 158 7 9 0.035145674 
421 97 8 10 0.03508385 
79 184 7 9 0.03504467 
688 159 7 9 0.034960676 
648 246 9 12 0.034911424 
968 238 10 12 0.034891065 
1009 173 7 9 0.034857523 
838 216 7 9 0.034807134 
920 200 8 10 0.034762297 
112 243 11 15 0.034749404 
470 200 8 10 0.034636147 
881 182 9 12 0.034599263 
302 206 8 11 0.034590404 
464 159 8 11 0.034549918 
470 316 18 28 0.034549195 
367 39 13 16 0.03450546 
616 209 7 9 0.034472253 
776 193 8 9 0.034458958 
689 269 17 22 0.034431446 
729 191 9 11 0.034320157 
797 290 24 31 0.03431094 
617 150 8 10 0.034237202 
693 198 8 10 0.03420682 
505 175 8 11 0.034146287 
392 181 9 12 0.03409322 
145 183 7 9 0.034078605 
324 312 34 55 0.034025997 
672 175 7 9 0.033999257 
786 166 7 10 0.03399034 
342 87 8 11 0.03398643 
441 224 9 11 0.033976175 
358 302 12 18 0.03384833 
69 95 8 9 0.03381118 
545 125 11 14 0.03378216 
14 198 8 10 0.033644665 
373 270 10 13 0.03361679 
333 237 19 24 0.0335621 
118 134 8 10 0.033527646 
31 211 11 15 0.03349336 
234 284 14 18 0.033464182 
925 297 15 20 0.03343988 
533 221 9 10 0.03330388 
425 229 9 12 0.03323883 
830 166 8 9 0.033193193 
415 252 9 13 0.033159185 
932 275 10 13 0.033105098 
631 168 8 10 0.032991774 
322 234 19 24 0.03297712 
827 244 19 23 0.032900274 
529 184 7 10 0.032898936 
593 225 7 10 0.032878604 
572 306 16 20 0.03281301 
880 189 9 11 0.032784827 
800 205 7 10 0.032741092 
143 268 12 16 0.032696154 
526 234 10 13 0.03268358 
743 207 9 11 0.03268135 
54 242 14 21 0.032667622 
549 231 9 12 0.03263451 
391 246 10 13 0.032547083 
440 236 8 10 0.032504812 
474 188 8 11 0.032449357 
459 270 14 20 0.03244498 
64 207 19 23 0.032360975 
770 161 6 9 0.032344524 
962 261 18 26 0.032304373 
840 200 8 10 0.032232005 
920 223 8 10 0.03220095 
569 339 28 41 0.032130804 
305 112 7 9 0.032112215 
255 248 39 51 0.03209171 
1000 214 10 11 0.03209153 
472 219 9 11 0.032067012 
954 191 8 10 0.032060444 
624 209 7 9 0.032045364 
79 159 6 8 0.031856664 
59 256 15 24 0.03176935 
427 179 8 11 0.03175467 
325 213 8 10 0.031741228 
427 368 35 42 0.03172542 
997 269 11 14 0.031605322 
397 301 12 15 0.031597268 
363 284 12 16 0.03155222 
422 359 13 17 0.031456903 
450 192 7 10 0.03144854 
403 315 26 36 0.031428743 
747 167 8 10 0.031211684 
846 244 9 12 0.031167867 
616 245 9 11 0.03110762 
501 269 15 22 0.031084407 
838 188 8 11 0.031081263 
1010 170 7 8 0.031054316 
495 192 7 9 0.031028232 
719 252 11 14 0.031018782 
87 263 14 17 0.030919654 
446 252 10 14 0.030894438 
465 200 7 10 0.030892633 
441 165 8 10 0.030842932 
720 230 9 12 0.030717839 
416 394 36 46 0.030548992 
857 189 8 11 0.030531857 
178 303 39 50 0.030523367 
14 190 7 10 0.030425314 
487 230 9 12 0.030416315 
884 229 10 12 0.030370763 
480 239 8 12 0.030349106 
303 214 9 12 0.03023772 
181 184 8 9 0.030228134 
941 476 45 52 0.030207459 
469 159 8 10 0.030201403 
733 219 11 13 0.0301175 
816 165 8 10 0.030073313 
688 223 8 10 0.0300307 
232 183 8 10 0.029946849 
496 160 10 12 0.029934995 
107 340 32 42 0.029908724 
494 287 22 31 0.029884258 
856 222 11 13 0.0298589 
83 100 9 11 0.029821148 
673 231 9 12 0.02978326 
917 276 12 16 0.029726876 
539 274 16 20 0.029635878 
821 207 9 11 0.029548585 
814 281 24 28 0.029533854 
304 328 27 38 0.029428128 
24 148 7 11 0.029415386 
123 241 20 26 0.029376948 
838 175 8 10 0.029368356 
922 283 13 17 0.029352967 
533 207 9 10 0.02932689 
180 305 18 22 0.029312463 
350 260 22 26 0.029227186 
980 244 11 13 0.029163526 
496 127 8 10 0.02905182 
316 227 11 16 0.029048497 
138 208 8 10 0.029030804 
496 206 7 10 0.028923469 
464 153 8 10 0.02888028 
499 316 24 36 0.028857822 
633 233 8 10 0.028798 
221 279 21 27 0.028773911 
71 169 7 9 0.028765071 
320 213 8 11 0.028713541 
694 173 9 11 0.028690862 
350 222 9 13 0.02863257 
728 152 8 10 0.028621837 
602 257 19 23 0.028616102 
926 236 9 12 0.028550861 
957 277 12 17 0.02854879 
576 192 7 10 0.028533172 
629 273 13 19 0.028495697 
56 215 9 12 0.02849495 
337 94 8 10 0.028493535 
402 430 53 77 0.028491924 
287 257 12 15 0.028387778 
591 235 9 13 0.028347142 
29 269 31 34 0.028325595 
449 434 68 84 0.028323954 
944 261 9 13 0.028322333 
673 231 19 24 0.028286392 
796 302 15 24 0.028272666 
176 189 8 10 0.028268598 
740 229 11 15 0.028231908 
664 230 9 10 0.028231358 
495 238 12 18 0.028221956 
935 206 7 9 0.028211083 
465 174 7 10 0.02820045 
125 257 15 20 0.028200036 
816 268 11 14 0.028124575 
888 206 9 10 0.028109534 
12 158 9 11 0.028054353 
388 261 19 25 0.028053313 
440 262 11 16 0.028048698 
741 190 8 11 0.028033124 
630 215 7 8 0.028007811 
710 190 7 10 0.027952164 
67 258 12 19 0.027949989 
486 191 7 9 0.027927661 
126 228 11 13 0.027905818 
191 277 10 14 0.027861724 
41 183 8 10 0.027854955 
663 261 10 13 0.02784175 
127 249 21 25 0.027831802 
398 242 12 15 0.027801538 
1014 200 9 12 0.027724357 
406 244 10 14 0.027702766 
455 204 8 12 0.027699463 
215 248 9 11 0.027675958 
1005 221 8 9 0.027664071 
911 193 8 9 0.027657753 
514 223 8 10 0.027655682 
935 288 16 21 0.027620224 
694 324 15 19 0.027579948 
676 242 14 16 0.027565284 
38 198 10 13 0.027563259 
353 293 22 30 0.027544668 
997 275 13 16 0.027531227 
552 205 8 9 0.02750676 
907 274 15 20 0.02747473 
504 119 10 11 0.027441764 
430 238 9 11 0.027420545 
1015 246 9 12 0.027311923 
768 242 11 15 0.027262565 
429 356 15 18 0.02725944 
990 212 7 10 0.027231138 
335 229 12 15 0.027167328 
16 180 8 10 0.027128289 
970 259 12 17 0.027051551 
757 233 11 14 0.0270435 
145 190 8 10 0.027026853 
764 272 15 21 0.02700194 
982 232 8 10 0.026981778 
798 199 8 10 0.026947515 
790 231 10 13 0.026913563 
484 222 9 10 0.026828011 
513 229 10 12 0.026811564 
9 284 15 19 0.026763592 
117 260 12 19 0.02671366 
529 291 17 19 0.02670867 
239 434 36 50 0.026706288 
117 358 29 38 0.026554707 
566 312 25 30 0.02655318 
94 87 8 9 0.026521243 
439 246 9 13 0.026479159 
93 168 9 11 0.026459692 
893 259 13 16 0.026432611 
977 208 7 10 0.02642399 
771 154 212 222 0.026416518 
288 94 7 10 0.026385004 
753 274 25 31 0.02636234 
222 126 7 10 0.026359042 
677 250 21 27 0.026327506 
467 266 13 17 0.026289187 
1016 211 9 12 0.026274025 
231 117 8 10 0.02627343 
807 150 8 9 0.02626042 
306 222 19 24 0.0262274 
650 208 7 9 0.026145024 
504 369 26 39 0.026125852 
441 160 8 10 0.026097344 
104 230 8 9 0.026054429 
598 208 7 9 0.02604472 
299 253 10 12 0.026018104 
122 276 16 23 0.025959248 
960 169 7 10 0.025857586 
125 236 12 15 0.025851136 
726 157 7 10 0.0258327 
792 143 7 10 0.025801001 
192 175 8 11 0.025754496 
14 362 30 44 0.025700493 
958 262 14 20 0.025615675 
448 205 10 12 0.025539903 
832 233 10 12 0.025532603 
798 188 9 12 0.025531225 
444 379 34 47 0.025530454 
173 310 25 33 0.02551259 
202 262 10 14 0.025477557 
288 247 9 14 0.025455665 
894 206 8 10 0.025448171 
328 151 9 10 0.025432447 
29 192 8 10 0.025425892 
233 151 9 10 0.025371835 
496 197 8 11 0.025278727 
807 215 8 11 0.025250873 
984 159 7 9 0.025245106 
151 253 13 17 0.025239656 
374 134 9 11 0.025153454 
688 174 9 10 0.025119385 
250 213 10 13 0.025089484 
207 274 16 21 0.025088325 
927 256 10 12 0.02508293 
116 78 9 11 0.025042092 
238 172 8 11 0.025028335 
103 223 9 11 0.025017414 
848 191 7 9 0.024986178 
641 170 9 12 0.024980959 
789 288 20 33 0.024935659 
23 143 8 10 0.024896868 
9 204 10 13 0.024871133 
885 284 13 18 0.024814297 
895 237 9 11 0.024791848 
80 110 9 10 0.024771541 
655 199 6 9 0.024760107 
951 265 11 15 0.024718167 
415 246 9 12 0.024634687 
718 215 9 12 0.024597976 
814 245 9 12 0.024568401 
122 168 9 10 0.024565259 
655 207 7 10 0.024564963 
408 381 31 47 0.024402168 
888 177 8 10 0.024362585 
509 175 8 9 0.024349576 
712 228 9 11 0.0243361 
222 175 9 11 0.0243283 
447 237 8 11 0.024278378 
327 182 8 11 0.024249477 
405 258 12 17 0.024235198 
72 237 20 25 0.024233336 
271 192 19 26 0.024188897 
831 175 9 10 0.024132175 
598 232 9 11 0.024124792 
398 252 11 14 0.024116794 
303 189 9 12 0.024114544 
277 192 10 13 0.024073305 
753 196 7 9 0.02407148 
992 246 10 12 0.024038814 
407 150 8 10 0.024032796 
925 273 14 17 0.024029598 
154 270 18 21 0.023976794 
799 214 9 13 0.023976095 
703 205 9 10 0.02396519 
474 302 24 32 0.023934115 
589 110 12 15 0.02393398 
484 284 13 19 0.02389844 
824 165 8 10 0.023898115 
146 242 13 15 0.023859497 
713 237 10 12 0.02385152 
120 229 11 14 0.02384506 
294 189 10 14 0.023796938 
704 136 8 9 0.02376129 
13 282 28 35 0.023759615 
753 235 10 13 0.023756118 
792 175 8 10 0.023732841 
824 250 11 15 0.023715097 
609 282 15 19 0.02369844 
159 174 8 10 0.023664242 
675 92 203 229 0.023598889 
87 216 9 11 0.023598306 
632 205 8 11 0.0235909 
807 207 7 9 0.023551868 
524 275 14 20 0.023542412 
902 183 9 11 0.02352684 
225 240 9 10 0.023462731 
414 368 16 20 0.023443304 
871 290 22 30 0.02341357 
624 264 9 12 0.023410589 
725 252 10 14 0.023340154 
725 260 12 15 0.023338512 
385 134 201 206 0.023305574 
423 206 8 11 0.023252677 
485 215 8 10 0.023248278 
503 158 10 12 0.02320347 
1015 262 10 13 0.02314389 
241 231 8 11 0.023126755 
558 143 10 12 0.023108868 
436 383 17 21 0.023078375 
977 174 7 9 0.023043983 
735 166 8 9 0.023035612 
826 237 9 11 0.023023665 
492 372 27 42 0.023015184 
280 96 8 10 0.023014437 
520 191 8 10 0.02301075 
847 183 8 11 0.022977699 
273 152 11 13 0.022971822 
877 174 9 11 0.02296163 
134 191 7 11 0.022953985 
615 176 8 10 0.02289441 
366 268 11 15 0.022880696 
338 215 9 11 0.02286402 
972 283 13 18 0.022855822 
485 199 7 10 0.022848586 
653 246 9 11 0.022837738 
70 218 10 13 0.02283655 
770 149 7 10 0.02283566 
200 267 12 16 0.02281301 
991 267 12 15 0.022795754 
138 212 8 11 0.022785874 
905 228 9 12 0.022784058 
324 231 12 15 0.022744378 
334 143 8 10 0.022695065 
975 220 8 10 0.022665316 
269 169 19 22 0.02266051 
913 238 8 12 0.022605402 
262 247 15 20 0.02259836 
280 251 24 28 0.022593338 
295 229 9 11 0.02259298 
854 204 9 12 0.022584148 
245 231 10 13 0.022558449 
600 199 6 8 0.022547033 
994 295 17 22 0.022525022 
623 157 9 10 0.02252236 
958 180 8 9 0.02247852 
92 94 8 10 0.022432163 
128 183 8 10 0.022412514 
113 135 7 10 0.022370573 
166 293 15 19 0.02236021 
43 269 19 23 0.022355853 
442 175 7 10 0.022351757 
559 123 11 14 0.022316188 
967 168 6 8 0.022312341 
487 111 8 11 0.02230941 
267 242 27 33 0.022287114 
800 149 8 10 0.02228232 
728 180 8 10 0.022282215 
833 188 9 11 0.022262953 
58 238 21 28 0.022262648 
575 208 7 9 0.022197152 
37 101 199 238 0.022195183 
764 289 23 32 0.022190435 
630 191 7 10 0.022139948 
918 239 9 13 0.022116436 
557 318 32 36 0.022076307 
357 274 13 17 0.022054654 
7 279 12 15 0.02203656 
989 276 15 17 0.022033384 
136 236 11 15 0.022026781 
415 208 9 11 0.021997862 
614 255 9 11 0.021971442 
945 244 8 11 0.021935653 
642 217 8 9 0.021867301 
967 232 8 11 0.021857316 
317 187 11 13 0.021852588 
736 158 8 10 0.021822417 
783 144 7 9 0.021820433 
464 135 10 12 0.021802597 
308 251 11 13 0.021801306 
271 189 10 13 0.021752976 
133 229 9 12 0.021734018 
342 293 11 15 0.021682018 
792 203 9 11 0.021667909 
742 151 8 8 0.021622393 
593 200 6 8 0.021614484 
589 275 14 22 0.021606902 
207 253 10 12 0.021593018 
1015 284 10 14 0.02158491 
640 127 7 10 0.021556221 
918 269 13 15 0.021545991 
464 221 9 11 0.021541227 
263 187 11 14 0.021527749 
73 189 9 11 0.02152019 
204 278 23 32 0.021502318 
334 149 8 10 0.02148995 
688 193 10 12 0.02146647 
74 185 6 8 0.021441953 
137 128 9 11 0.021410838 
614 229 8 11 0.02139948 
687 181 9 10 0.021364808 
526 244 10 13 0.021356724 
945 206 18 23 0.021347249 
192 271 10 13 0.021334164 
393 236 10 15 0.021297576 
983 173 7 8 0.021293102 
277 261 11 14 0.021284787 
955 197 8 10 0.021281395 
854 228 10 13 0.021265117 
980 274 14 18 0.021256864 
135 349 11 14 0.021225346 
168 185 7 9 0.021224052 
347 357 12 16 0.02120458 
399 256 21 28 0.021200426 
590 122 12 15 0.021197224 
368 128 9 12 0.021186264 
766 215 8 10 0.021184012 
72 254 22 29 0.021182878 
903 306 15 19 0.021163084 
130 195 8 11 0.021146944 
697 142 8 10 0.021130713 
223 296 13 16 0.02108998 
537 198 10 12 0.021045184 
909 310 28 33 0.021018194 
415 260 11 17 0.020976292 
703 175 8 10 0.020954035 
877 241 19 24 0.02089537 
349 294 12 16 0.02089512 
695 192 8 10 0.020879287 
887 275 14 21 0.020856513 
364 263 12 15 0.020853883 
330 86 8 10 0.020853598 
61 272 13 20 0.020823753 
188 298 16 23 0.020794844 
15 339 26 41 0.020726431 
935 200 8 11 0.020685622 
208 181 8 10 0.020666957 
972 268 12 18 0.02066565 
256 179 10 13 0.020634392 
255 243 12 15 0.020619595 
380 111 9 12 0.020615794 
830 160 7 9 0.020615572 
726 240 11 16 0.020608766 
728 209 9 10 0.020600194 
267 235 16 18 0.020585228 
248 160 9 10 0.020552672 
76 249 13 18 0.020543369 
209 267 15 18 0.020529771 
895 231 9 10 0.02052625 
378 102 9 10 0.020439634 
252 291 14 20 0.020437932 
295 194 11 16 0.020431072 
104 133 9 11 0.02040372 
563 116 11 15 0.02037967 
244 295 20 29 0.020378783 
50 113 7 9 0.020367669 
599 255 10 14 0.020354914 
741 274 12 17 0.020335572 
484 131 191 205 0.020328183 
472 239 9 12 0.020308943 
237 302 12 17 0.020260254 
703 228 9 12 0.020248625 
769 144 7 10 0.020235188 
958 334 33 46 0.020233946 
496 181 7 8 0.02022309 
583 108 23 28 0.020219788 
761 175 8 9 0.020216577 
317 328 26 42 0.020180598 
512 101 41 56 0.020136729 
117 221 11 12 0.020132108 
873 228 9 11 0.02009652 
794 150 6 9 0.020089569 
303 243 11 14 0.020053124 
44 271 27 35 0.02003363 
460 250 12 15 0.020028794 
968 208 7 8 0.02002404 
456 135 8 11 0.020023853 
247 134 8 10 0.020019794 
994 189 9 11 0.020011665 
0 167 6 10 0.020006053 
993 168 7 8 0.020005371 
