2_Demonstration_Political_Rally_2_842
26
506 292 40 51 0.9546902 
366 596 17 20 0.8908748 
293 626 16 20 0.8401185 
290 637 16 21 0.11637736 
325 628 13 15 0.085415885 
1 605 10 18 0.06272173 
567 418 14 18 0.059108626 
417 198 10 12 0.057060886 
325 646 17 20 0.05604684 
278 180 10 12 0.045834206 
110 322 11 14 0.043541066 
400 176 8 12 0.04261175 
424 220 10 14 0.040070463 
199 181 13 14 0.038365554 
338 618 15 18 0.03691321 
117 638 12 14 0.036795147 
296 372 9 11 0.030047385 
268 373 9 12 0.026839722 
856 383 8 12 0.025718372 
566 174 8 11 0.024771167 
299 638 15 19 0.024766268 
290 649 15 19 0.024684202 
321 631 21 26 0.0219575 
1007 186 14 17 0.021744581 
419 203 11 13 0.021401178 
561 169 8 10 0.020010963 
