2_Demonstration_Political_Rally_2_107
150
227 490 29 36 0.9994111 
164 591 62 73 0.9981261 
235 562 44 53 0.9806527 
860 504 22 33 0.97710514 
734 558 38 46 0.880448 
519 538 61 92 0.84920436 
640 488 87 109 0.6379084 
922 538 20 26 0.43829447 
286 495 21 30 0.37940285 
259 493 23 28 0.27632466 
274 493 19 29 0.25920892 
819 519 12 15 0.25477862 
962 590 27 40 0.21446383 
296 489 25 30 0.19094855 
133 511 26 34 0.17114823 
840 499 16 21 0.13573848 
173 499 23 26 0.12681307 
137 522 31 42 0.12491328 
935 490 12 16 0.12038811 
202 478 23 27 0.11095301 
893 606 37 42 0.11034175 
355 521 14 21 0.10990564 
135 583 33 50 0.10320967 
841 477 8 10 0.1018458 
700 510 32 49 0.100982554 
809 481 9 11 0.0902767 
169 523 30 34 0.08795731 
886 343 11 12 0.08602131 
792 499 10 12 0.08245335 
972 542 18 22 0.08197116 
326 513 23 31 0.08151403 
965 576 43 66 0.07969978 
6 464 63 82 0.06928103 
958 534 14 18 0.067457825 
710 545 59 74 0.06626197 
765 508 10 12 0.0632395 
332 507 15 19 0.061569866 
261 485 16 18 0.061524794 
796 495 9 12 0.059708416 
683 493 54 80 0.05771382 
917 509 15 18 0.0555362 
813 485 10 12 0.053661402 
840 494 12 14 0.053316012 
607 514 135 129 0.053054534 
943 594 50 56 0.052680578 
887 478 14 16 0.05154201 
832 523 13 18 0.050655507 
856 461 8 9 0.05036043 
346 519 20 26 0.049222536 
794 486 8 10 0.047439538 
922 523 17 21 0.04507364 
751 494 8 11 0.044698335 
898 611 66 58 0.044508062 
981 577 13 19 0.04421545 
306 485 17 22 0.04274264 
567 516 111 121 0.042000007 
265 499 24 31 0.041290667 
872 511 17 24 0.04008528 
840 485 10 13 0.039950076 
492 539 62 89 0.039713513 
800 461 9 10 0.03943238 
813 499 10 13 0.03906005 
120 511 50 68 0.039031968 
964 536 21 25 0.038472947 
334 515 27 34 0.0383944 
975 534 15 17 0.037990503 
878 364 10 12 0.037372433 
634 572 132 110 0.036191706 
878 467 10 13 0.03617333 
846 496 23 31 0.034285706 
821 487 10 11 0.033600934 
822 463 8 10 0.033396974 
913 643 60 53 0.033107962 
894 501 11 16 0.033044845 
146 573 54 69 0.032909084 
861 485 11 15 0.032185216 
845 471 9 12 0.0320021 
792 470 7 10 0.03134366 
818 464 8 9 0.030996518 
901 540 26 31 0.03023209 
146 512 26 35 0.030188588 
849 463 8 9 0.02968887 
912 514 14 18 0.029576102 
313 492 17 22 0.029544849 
228 638 29 40 0.029535884 
543 567 34 57 0.029316962 
750 617 56 81 0.02930335 
871 590 85 101 0.028931458 
160 498 44 46 0.028507693 
392 506 14 15 0.028442575 
685 552 98 103 0.028431207 
798 480 8 10 0.028252978 
390 508 42 51 0.028172279 
901 490 11 15 0.02787666 
922 512 15 19 0.027737124 
928 531 16 20 0.027624287 
786 631 37 55 0.026715027 
887 602 28 35 0.02662837 
817 525 17 20 0.02658937 
794 480 7 10 0.025820041 
326 506 15 20 0.025670027 
358 500 12 14 0.02536339 
737 495 9 12 0.025205253 
247 492 26 34 0.024942277 
871 478 9 12 0.024908936 
925 635 38 41 0.024886696 
918 531 18 22 0.024739629 
770 534 24 31 0.024688572 
973 578 23 38 0.024635145 
810 494 10 14 0.024594875 
412 523 29 35 0.024581479 
361 521 17 22 0.024322629 
799 556 28 34 0.024127558 
965 416 14 16 0.024109956 
295 501 19 24 0.023851454 
7 437 60 68 0.023501704 
137 538 50 60 0.023450948 
164 522 18 24 0.023341473 
337 513 16 23 0.02323238 
830 517 12 15 0.023129938 
828 537 16 19 0.02306728 
934 514 12 16 0.022780249 
773 509 9 12 0.022702364 
273 565 32 46 0.022572508 
879 483 11 15 0.022431267 
880 414 9 12 0.022389315 
835 514 16 20 0.022361195 
797 524 14 16 0.022344835 
388 502 25 28 0.02229114 
815 511 11 13 0.022098878 
816 470 8 10 0.021756487 
323 493 13 18 0.021745883 
317 493 23 30 0.021681745 
340 504 24 30 0.021463428 
394 605 20 23 0.021234708 
901 375 11 12 0.021224305 
856 359 9 11 0.02090915 
149 527 37 43 0.020906087 
925 501 11 15 0.020847974 
819 500 11 13 0.020847702 
150 498 13 15 0.020830888 
132 499 13 16 0.020713685 
824 480 8 11 0.020713462 
707 595 91 105 0.020619126 
184 503 17 19 0.020571303 
559 572 60 89 0.020559087 
882 408 9 10 0.020428926 
957 542 16 20 0.02009291 
238 633 35 45 0.020078331 
870 483 10 14 0.02000602 
