2_Demonstration_Demonstration_Or_Protest_2_441
115
2 189 29 38 0.9993488 
287 186 32 41 0.99894756 
329 208 37 44 0.99865746 
932 153 35 44 0.9985006 
570 174 35 48 0.99849904 
611 174 40 49 0.99815696 
854 170 35 45 0.99785244 
232 152 41 49 0.9970662 
109 185 47 51 0.9961916 
402 166 37 45 0.994534 
789 156 43 53 0.9884871 
499 162 38 51 0.9881224 
720 166 24 32 0.863178 
568 96 22 31 0.7871264 
146 125 23 33 0.78285426 
316 172 22 30 0.63972676 
854 352 28 34 0.37445018 
487 592 56 41 0.30443576 
684 87 18 23 0.28075805 
145 164 27 37 0.26529843 
898 583 59 59 0.22633778 
438 334 20 25 0.20239139 
481 107 22 31 0.18480873 
533 84 15 20 0.18369891 
994 77 15 20 0.15725079 
43 389 22 30 0.13107254 
134 174 32 38 0.12968627 
21 476 21 28 0.12515962 
531 328 14 19 0.115639366 
654 575 28 30 0.10787072 
678 163 21 30 0.10092191 
355 73 25 28 0.0981937 
345 572 17 20 0.09352343 
798 576 15 18 0.09296171 
466 332 9 12 0.0837243 
443 492 57 66 0.08271696 
157 157 27 40 0.08158974 
363 563 17 19 0.075317785 
4 444 21 29 0.071946435 
41 198 26 33 0.07129328 
39 438 26 32 0.06540614 
77 199 29 40 0.06508744 
699 118 17 21 0.06497213 
65 177 23 33 0.061740536 
743 59 15 18 0.057437804 
371 568 16 19 0.055337623 
495 330 11 12 0.053859945 
655 573 15 16 0.05006585 
510 303 14 16 0.049248002 
725 74 14 17 0.046684828 
499 100 23 31 0.042453498 
636 541 54 59 0.041987892 
142 132 17 24 0.041394945 
379 573 13 16 0.0413663 
352 562 25 27 0.04051936 
909 146 11 16 0.039890297 
631 346 13 18 0.03688001 
502 324 11 14 0.036518287 
472 574 94 81 0.036376826 
665 584 16 17 0.033588786 
590 540 61 67 0.03204742 
37 176 26 35 0.031980705 
624 340 25 31 0.031337906 
558 524 107 115 0.031182008 
741 63 23 29 0.03040087 
32 448 29 37 0.030047607 
170 328 14 15 0.029880775 
887 563 14 17 0.028914642 
460 518 37 43 0.0288791 
511 105 26 34 0.028849643 
726 170 29 42 0.02870648 
518 235 39 49 0.028609954 
0 456 21 34 0.028470887 
207 127 15 18 0.02839392 
661 554 108 109 0.027880304 
794 429 14 16 0.027179034 
681 27 13 16 0.02695952 
491 317 11 15 0.026876725 
691 120 23 35 0.026837189 
850 562 15 18 0.026708871 
467 484 63 73 0.02638754 
996 504 25 43 0.026236972 
10 479 25 35 0.026011823 
676 17 30 33 0.02587294 
703 569 14 15 0.025851384 
140 144 38 49 0.024969151 
859 349 17 23 0.02474975 
501 557 59 68 0.024230238 
619 322 28 37 0.023954999 
14 449 26 39 0.02387108 
595 135 19 23 0.023660913 
350 567 45 51 0.023627734 
799 530 46 52 0.023439014 
994 86 14 19 0.02328956 
364 569 26 28 0.023199948 
508 315 13 15 0.023164414 
574 99 27 33 0.023031576 
572 67 39 50 0.022975976 
507 298 23 26 0.02235505 
706 169 25 32 0.022333847 
734 597 11 12 0.022186534 
396 562 12 15 0.02206241 
728 67 22 28 0.02204661 
788 565 13 16 0.021965252 
71 185 27 39 0.021593954 
0 470 23 39 0.021451851 
425 127 27 36 0.021351013 
660 9 55 50 0.021289518 
922 550 64 79 0.021160845 
556 376 14 16 0.021059003 
705 588 64 64 0.020768711 
306 129 32 36 0.02063344 
740 49 25 30 0.020560993 
679 115 24 34 0.020497018 
59 174 21 25 0.020044241 
