2_Demonstration_Demonstration_Or_Protest_2_687
3261
187 506 15 19 0.99521434 
133 547 14 20 0.9925644 
196 441 12 17 0.98428047 
669 387 12 16 0.98123497 
397 449 14 18 0.9809893 
485 514 14 18 0.98085046 
445 527 17 22 0.97754276 
702 484 14 18 0.97651416 
584 506 16 19 0.97602135 
229 498 13 17 0.9753352 
739 413 15 18 0.97483826 
646 520 14 19 0.97384596 
812 474 14 19 0.9733536 
879 376 13 17 0.9720353 
765 541 15 20 0.97197545 
406 365 12 15 0.96932113 
421 483 14 18 0.96927 
34 491 15 19 0.9684757 
367 434 14 18 0.96545535 
517 466 14 18 0.9648103 
669 363 13 17 0.96222156 
471 347 12 15 0.9621913 
437 454 14 20 0.96163255 
462 396 10 14 0.95475185 
754 510 16 20 0.95430094 
359 356 10 15 0.9502931 
793 456 15 18 0.9500654 
780 433 13 17 0.947056 
884 437 14 17 0.9443704 
83 453 13 17 0.94195694 
259 444 14 20 0.9402317 
710 371 14 17 0.93864423 
652 317 11 15 0.93739057 
490 460 12 16 0.9367462 
162 483 14 21 0.9367006 
844 327 12 16 0.93555844 
378 565 14 18 0.93273085 
571 294 10 13 0.9254567 
556 382 13 15 0.9221173 
923 401 14 17 0.92200965 
590 292 10 14 0.919679 
606 490 14 18 0.9175521 
384 358 13 16 0.91754186 
575 421 12 15 0.91721517 
668 306 11 14 0.91611093 
597 460 12 16 0.9151376 
535 514 13 17 0.9150182 
20 421 12 17 0.9132591 
310 505 14 18 0.9131233 
75 398 13 15 0.9130297 
501 406 12 15 0.90573514 
280 533 14 20 0.9044419 
767 414 12 15 0.9033021 
211 412 11 15 0.9011898 
446 310 12 16 0.8991249 
764 347 12 15 0.8970554 
679 410 13 17 0.8967568 
651 351 11 14 0.89208794 
701 310 12 15 0.88792026 
737 295 10 15 0.8863284 
502 342 13 16 0.8840703 
687 532 17 23 0.8806991 
380 333 10 13 0.8794319 
152 453 12 16 0.8775069 
873 309 10 14 0.8763764 
261 422 9 14 0.87357354 
828 294 9 12 0.8686995 
200 471 15 19 0.86604214 
325 330 11 15 0.86587226 
772 270 9 12 0.86422086 
816 356 11 15 0.85919166 
478 294 13 16 0.8588152 
525 263 12 15 0.8530987 
963 631 20 24 0.85247135 
871 245 8 10 0.8502483 
421 302 9 12 0.8498924 
278 287 9 12 0.8428835 
77 325 10 14 0.8378484 
91 507 14 20 0.83224976 
99 292 10 14 0.82863075 
95 601 16 21 0.825215 
557 310 11 14 0.825148 
418 509 14 18 0.82249576 
672 327 12 16 0.82144487 
357 464 13 18 0.82052565 
176 403 12 17 0.81689394 
248 315 10 13 0.8143946 
334 349 9 13 0.8122685 
694 390 11 14 0.8090904 
7 261 11 15 0.80861443 
766 575 17 22 0.8030962 
822 402 11 15 0.7994634 
945 295 10 13 0.797509 
911 322 11 15 0.7942349 
259 401 11 16 0.793788 
341 295 9 12 0.7913137 
428 403 12 16 0.77672786 
472 263 10 13 0.77573776 
498 277 11 14 0.77107203 
722 460 13 18 0.76525503 
711 524 18 22 0.76378167 
118 339 10 13 0.7621888 
695 421 13 17 0.76123923 
233 418 11 13 0.7597338 
528 358 11 14 0.7567404 
677 474 14 17 0.756163 
927 290 11 15 0.755418 
605 309 10 14 0.74916846 
726 255 8 10 0.74805427 
552 270 12 15 0.74751747 
438 426 10 14 0.74743795 
541 342 11 16 0.7464755 
764 307 12 16 0.7456466 
621 356 12 14 0.74251986 
825 449 13 17 0.7389487 
615 405 11 12 0.73493224 
205 341 12 15 0.7339929 
900 331 12 15 0.7331098 
724 284 10 13 0.7293194 
737 451 16 21 0.72522175 
750 322 12 14 0.7228423 
99 361 12 16 0.7174155 
221 374 10 13 0.7158336 
459 253 10 13 0.7132442 
535 435 12 15 0.71313053 
743 269 10 13 0.71235937 
932 335 12 15 0.7107447 
927 237 9 11 0.7100132 
934 350 12 16 0.70986664 
303 316 11 13 0.7072429 
481 490 13 17 0.7066403 
365 532 14 18 0.70397216 
332 312 10 13 0.69629794 
183 290 9 13 0.6961852 
27 327 11 14 0.68758124 
157 336 10 13 0.68718475 
598 271 10 13 0.6835358 
868 457 12 16 0.6819932 
561 484 12 16 0.6815282 
957 465 13 15 0.6785646 
810 410 13 16 0.67697334 
774 134 9 12 0.6750144 
278 369 11 14 0.67455214 
146 276 10 11 0.67110634 
536 384 10 13 0.66962683 
614 347 13 16 0.667105 
696 222 8 11 0.6668027 
686 284 10 13 0.66123855 
824 372 12 16 0.66122097 
976 229 8 11 0.6611224 
411 399 10 14 0.66076267 
317 358 10 14 0.65915024 
521 375 9 13 0.6546223 
232 357 11 15 0.6520014 
414 268 12 15 0.6490345 
251 547 13 19 0.6455765 
709 326 10 14 0.63738626 
62 292 10 12 0.63721955 
489 352 10 12 0.63203526 
741 343 10 13 0.6316012 
580 250 9 13 0.6192332 
7 333 9 12 0.61282283 
429 271 8 11 0.61170614 
767 382 12 15 0.6106792 
204 336 9 12 0.6100009 
577 229 8 11 0.6089403 
441 198 8 10 0.6064518 
551 228 8 11 0.60544854 
287 268 9 12 0.6048401 
89 272 9 11 0.60389954 
393 278 9 12 0.6031062 
311 337 9 12 0.602836 
437 288 9 13 0.6000101 
229 349 9 12 0.59605116 
223 308 9 11 0.5920771 
790 418 11 16 0.58579016 
899 415 12 15 0.582895 
305 414 10 13 0.5821913 
582 370 12 15 0.5814761 
450 275 10 13 0.57989526 
296 382 10 13 0.5788603 
791 383 11 14 0.5781561 
280 387 9 12 0.57524335 
616 301 11 12 0.5733221 
592 214 9 11 0.57203376 
693 245 9 11 0.56797713 
232 332 9 12 0.5672739 
566 262 9 11 0.5666351 
446 391 9 12 0.5635519 
640 474 13 18 0.5633708 
861 263 9 12 0.56229585 
389 425 11 14 0.5557105 
524 396 10 15 0.5532293 
678 372 10 13 0.5480798 
231 280 8 11 0.5462723 
639 403 11 14 0.5425333 
520 286 11 14 0.5419379 
659 491 13 17 0.5416582 
659 221 8 11 0.5411584 
158 262 8 11 0.53872097 
856 239 9 11 0.5348925 
126 237 8 11 0.5347106 
110 311 9 12 0.5328439 
131 453 12 16 0.53273094 
384 237 9 12 0.53042984 
375 286 9 12 0.5245022 
342 380 10 12 0.5241698 
46 324 10 13 0.5141876 
968 246 8 11 0.5141555 
496 316 10 13 0.5141444 
148 206 8 11 0.5127879 
965 144 8 10 0.5110772 
278 325 10 13 0.5067108 
947 324 11 14 0.5061823 
718 261 9 13 0.50098526 
420 538 14 19 0.5004951 
365 300 9 11 0.49978805 
687 256 9 12 0.4974411 
790 316 10 12 0.49714774 
415 80 7 10 0.49463317 
615 527 16 21 0.49182215 
919 275 10 13 0.48972732 
709 231 8 11 0.48959717 
336 416 10 13 0.48716575 
798 329 11 14 0.4841088 
576 355 10 12 0.48235047 
272 326 10 14 0.4819395 
189 368 10 13 0.48170024 
766 246 9 12 0.48000982 
125 271 8 10 0.47773066 
155 357 10 13 0.476482 
663 254 10 13 0.473989 
974 109 9 11 0.46771085 
464 303 10 14 0.4662993 
479 208 8 11 0.46568358 
547 347 10 13 0.46254843 
756 269 8 11 0.46172094 
617 232 9 12 0.45882484 
377 326 11 13 0.45827815 
505 260 10 12 0.45504877 
999 409 12 15 0.45193312 
372 378 12 15 0.44890398 
510 188 7 10 0.44523132 
947 370 12 15 0.4449959 
344 264 8 10 0.44368336 
654 252 10 13 0.4431008 
790 294 9 12 0.44206375 
764 496 16 20 0.43827072 
303 301 8 10 0.4330371 
53 247 10 13 0.43268993 
966 320 9 12 0.4317139 
859 350 11 15 0.42830613 
833 150 8 11 0.41920465 
527 230 8 10 0.41576865 
813 405 13 16 0.41378936 
646 391 12 15 0.41005927 
936 272 9 12 0.40721416 
926 428 12 18 0.4026023 
175 426 12 17 0.401042 
771 386 12 15 0.39989492 
670 273 9 11 0.3997393 
751 270 10 13 0.3979905 
385 394 11 13 0.3949942 
453 216 9 12 0.3892103 
871 208 9 11 0.38857284 
412 252 9 11 0.38436338 
568 406 9 12 0.3831823 
143 477 11 15 0.38199523 
615 117 9 11 0.3812044 
480 225 8 10 0.38036913 
87 232 9 12 0.38006258 
112 167 10 13 0.37936085 
654 113 8 11 0.3791997 
256 384 10 12 0.37868544 
959 148 8 10 0.37753305 
32 224 9 12 0.37727013 
690 153 9 10 0.37635028 
446 205 8 11 0.3723224 
957 604 14 17 0.3661575 
671 411 12 16 0.36464325 
422 271 11 14 0.36427835 
374 278 9 11 0.36397675 
160 237 9 11 0.36319414 
382 293 9 12 0.36079633 
834 252 8 11 0.36019364 
687 125 7 10 0.35947436 
629 286 10 13 0.35855067 
473 102 7 10 0.35766968 
678 220 9 12 0.35589552 
952 271 9 11 0.35420445 
432 322 10 13 0.35323903 
798 306 11 14 0.35210893 
655 150 8 10 0.34978196 
600 184 9 11 0.34976044 
777 366 10 12 0.34974182 
583 157 8 10 0.348013 
810 108 9 12 0.34647325 
216 311 8 11 0.34453484 
760 157 7 10 0.34424374 
397 280 9 12 0.34287888 
316 415 11 14 0.34177625 
834 173 9 12 0.34169734 
991 412 10 14 0.3399968 
29 269 8 11 0.33990604 
893 267 10 13 0.3381539 
544 476 11 13 0.3379684 
617 278 9 13 0.33623612 
36 183 8 10 0.33623284 
971 360 12 16 0.33440816 
159 443 11 14 0.3330056 
572 311 11 14 0.33178017 
346 331 9 12 0.33110717 
422 159 6 10 0.3308055 
789 352 10 12 0.3307377 
592 270 9 12 0.3305808 
640 190 7 9 0.3290232 
691 340 12 14 0.3285412 
784 267 9 11 0.32774863 
744 111 7 10 0.32759482 
640 265 9 11 0.3266919 
505 302 10 12 0.32574055 
946 247 8 10 0.32348502 
40 490 16 19 0.32248425 
409 311 8 10 0.3161888 
234 521 13 18 0.31226054 
335 389 11 13 0.31195578 
423 243 10 12 0.31046313 
672 181 10 12 0.31014186 
674 366 12 15 0.30947095 
352 184 7 9 0.30868545 
38 223 7 10 0.30720064 
409 247 10 12 0.30654147 
729 324 10 13 0.2999928 
361 318 9 11 0.29828542 
813 179 8 11 0.29728597 
725 317 11 14 0.2907215 
54 183 8 11 0.29063785 
632 250 10 13 0.28904256 
406 284 9 11 0.28895414 
749 247 8 11 0.28548843 
758 207 8 11 0.28454828 
413 264 9 12 0.28445294 
311 443 13 16 0.28396347 
705 285 9 12 0.2839042 
745 195 9 10 0.28290832 
402 160 8 10 0.2828301 
214 470 12 15 0.28128153 
921 182 8 11 0.28085572 
614 148 7 10 0.27712667 
590 151 7 10 0.27577955 
537 191 7 9 0.2755708 
184 276 8 11 0.274183 
762 301 10 13 0.27396968 
503 239 8 12 0.27363604 
483 394 13 14 0.27233642 
680 271 9 11 0.27091402 
882 275 10 12 0.27065924 
836 531 13 17 0.26969555 
342 268 9 11 0.26962262 
866 180 8 11 0.26911417 
869 213 9 11 0.26862407 
374 223 8 9 0.26816258 
617 284 10 12 0.26787052 
536 305 9 10 0.26784536 
646 300 9 12 0.26743343 
646 235 8 12 0.2658836 
416 318 10 13 0.2633958 
887 272 9 12 0.26322156 
617 255 10 11 0.26311406 
757 263 9 12 0.26296 
231 391 9 12 0.2617024 
158 295 9 12 0.26003882 
822 220 8 11 0.25996977 
551 141 7 10 0.25929296 
582 311 9 13 0.258838 
557 291 9 12 0.2574892 
605 270 9 11 0.257489 
560 150 7 10 0.25718918 
148 320 12 14 0.25684482 
664 174 8 11 0.25652093 
638 160 7 10 0.2550632 
781 176 7 10 0.25501215 
653 294 9 12 0.25346583 
274 287 8 12 0.25289568 
728 205 8 10 0.24925716 
50 490 14 17 0.24804257 
951 168 11 13 0.246668 
544 151 6 8 0.24661937 
310 86 7 9 0.24622282 
42 442 12 14 0.24478741 
622 285 11 13 0.24444415 
355 518 13 15 0.24360631 
649 279 9 11 0.24176389 
565 311 11 14 0.24073921 
497 224 8 10 0.2404965 
583 175 6 9 0.23929803 
975 177 8 11 0.23902366 
391 121 8 10 0.23886089 
956 232 8 11 0.23553866 
687 135 8 9 0.23509398 
254 279 9 11 0.2336278 
669 470 14 18 0.23259106 
448 101 7 9 0.23223245 
1007 264 8 9 0.23032936 
622 382 9 12 0.22928104 
680 93 8 9 0.229257 
918 263 10 12 0.22904143 
513 318 9 12 0.22869824 
359 415 10 13 0.22807218 
585 269 8 12 0.22754832 
534 281 10 12 0.22748818 
253 265 8 10 0.22743148 
614 271 9 11 0.22619157 
605 385 12 15 0.22500406 
726 220 10 13 0.2247344 
237 334 9 12 0.22381361 
392 200 8 10 0.22280587 
404 183 8 11 0.22272263 
215 317 9 12 0.22244412 
773 246 8 11 0.22159101 
855 115 11 12 0.22088669 
566 160 7 8 0.22019622 
142 188 8 10 0.22010256 
109 152 8 10 0.21879877 
1002 277 9 11 0.21638861 
845 318 11 13 0.21574901 
1012 459 12 20 0.21510243 
633 310 10 13 0.21488626 
306 142 7 9 0.21465619 
463 236 8 11 0.21412522 
629 355 10 14 0.2133447 
870 220 8 11 0.21325459 
493 238 10 14 0.21179299 
621 235 9 12 0.2114332 
436 403 12 15 0.2110781 
1 333 9 14 0.21053778 
774 71 7 9 0.21015169 
349 309 8 10 0.20968965 
668 256 9 11 0.20877202 
501 270 10 14 0.2086115 
368 264 8 11 0.20834239 
813 103 9 12 0.20797375 
655 159 8 10 0.2073186 
655 128 7 10 0.20667952 
176 271 7 10 0.20630981 
655 164 8 10 0.2054261 
888 159 7 9 0.20526129 
540 387 10 12 0.20473987 
767 160 8 11 0.20397665 
407 128 7 9 0.20339091 
117 466 10 13 0.20319933 
636 381 10 13 0.20275964 
877 119 9 11 0.20229839 
921 133 10 13 0.20178743 
640 286 9 12 0.20148888 
489 411 9 12 0.20052862 
450 213 9 12 0.20040923 
118 62 7 9 0.19971052 
791 191 8 10 0.19934693 
720 216 9 12 0.19917431 
70 229 9 13 0.19827493 
319 277 8 10 0.19727802 
641 133 8 10 0.19724241 
605 423 12 14 0.19555387 
646 284 9 12 0.19553839 
940 144 8 11 0.19460952 
152 399 8 11 0.19382876 
594 168 7 9 0.19341794 
681 277 10 13 0.19298607 
1001 366 10 13 0.19045168 
449 167 7 10 0.19029917 
888 72 7 9 0.189859 
726 200 8 11 0.18847567 
184 327 10 12 0.18817478 
658 88 8 10 0.18812145 
606 303 10 13 0.18798675 
946 56 8 10 0.18716596 
209 301 8 11 0.1868134 
703 279 9 11 0.18667842 
285 327 8 11 0.18592021 
421 296 9 11 0.18567844 
503 159 7 8 0.18562499 
460 247 11 13 0.18551055 
845 312 9 11 0.18537237 
182 166 8 9 0.18533725 
1008 120 8 10 0.18525857 
327 279 8 10 0.18507142 
421 323 10 13 0.1844643 
158 187 8 11 0.18423349 
522 150 7 10 0.18385221 
506 183 8 12 0.1832065 
167 319 10 12 0.18275173 
450 173 7 9 0.1827318 
648 295 9 13 0.18230024 
785 94 8 10 0.18154423 
406 189 8 10 0.18130708 
630 143 8 11 0.18095122 
817 222 8 11 0.1807098 
605 438 11 16 0.18063217 
294 310 8 12 0.18058255 
36 472 12 13 0.18045995 
607 128 8 10 0.18015125 
623 493 12 16 0.17967677 
913 299 10 13 0.17961876 
905 277 8 11 0.17943715 
1008 196 8 10 0.179299 
663 230 8 10 0.1791437 
1007 300 8 11 0.17906179 
532 263 11 14 0.1781251 
502 63 7 10 0.17798479 
678 144 8 10 0.177693 
782 181 7 9 0.17743763 
648 206 8 10 0.1773633 
526 152 6 9 0.17701614 
961 77 8 10 0.17660922 
158 287 10 11 0.1763599 
420 455 14 19 0.17623432 
961 145 9 11 0.17618504 
339 419 10 12 0.17497432 
773 111 7 10 0.17462309 
702 167 8 11 0.17437835 
711 103 7 9 0.1741418 
456 363 11 14 0.17397492 
943 420 12 17 0.1733839 
663 132 7 10 0.1726098 
433 290 10 13 0.17197219 
210 135 6 8 0.17169347 
224 279 9 11 0.17154993 
801 277 8 10 0.17121279 
841 230 9 11 0.17080548 
534 320 11 12 0.16989192 
73 269 9 12 0.16979925 
358 277 8 10 0.16973022 
637 248 9 12 0.16934533 
736 318 10 13 0.16931674 
380 407 11 14 0.16871299 
865 244 9 12 0.16871247 
790 80 7 10 0.16795827 
581 224 8 11 0.16738659 
315 438 10 13 0.16719289 
806 326 11 13 0.16694379 
687 78 7 9 0.16644946 
918 79 8 10 0.16543417 
937 254 9 12 0.16456918 
224 198 8 11 0.16433057 
977 79 7 9 0.16422682 
805 151 8 11 0.16380462 
383 273 9 11 0.1636908 
705 230 9 12 0.16289784 
127 233 8 11 0.16265777 
223 238 10 12 0.16233377 
237 434 10 13 0.16214283 
741 316 10 13 0.16166088 
788 405 10 12 0.16144747 
395 411 11 14 0.16143623 
478 268 10 14 0.16105758 
314 197 8 11 0.16099676 
722 255 9 13 0.16073953 
749 358 12 15 0.16038075 
540 432 13 15 0.1601705 
719 278 10 12 0.16006929 
343 78 7 9 0.1589693 
250 268 8 10 0.15876578 
219 190 8 10 0.15849942 
544 251 10 12 0.15813182 
457 259 10 12 0.15796304 
178 432 13 18 0.15794896 
578 151 8 10 0.1578135 
631 70 6 9 0.15758426 
734 134 7 9 0.15714078 
869 357 10 13 0.15644953 
205 244 10 11 0.15617254 
332 396 12 15 0.15607911 
85 292 11 14 0.1560182 
480 430 11 13 0.15562458 
376 230 8 10 0.1549759 
713 270 9 12 0.15424016 
592 172 8 10 0.15420394 
583 485 14 18 0.15405087 
120 253 8 10 0.15373339 
499 309 11 14 0.15315017 
528 158 6 9 0.15301707 
189 273 9 11 0.15279143 
519 24 9 11 0.15250452 
497 228 9 12 0.15242033 
543 190 6 9 0.15227896 
466 232 8 12 0.15161736 
943 79 7 9 0.15095794 
358 271 8 10 0.14959593 
756 501 19 22 0.14940074 
368 269 9 11 0.14934832 
470 231 10 12 0.14914681 
342 277 10 11 0.14889064 
398 142 7 10 0.14876351 
838 169 9 10 0.1482959 
311 279 9 10 0.147595 
501 380 9 12 0.14660989 
791 112 8 10 0.14617254 
520 130 7 10 0.14616762 
9 265 13 17 0.14616199 
185 272 8 11 0.1445167 
785 190 8 11 0.14412291 
616 260 11 12 0.14410104 
366 236 8 11 0.14406751 
887 88 9 10 0.1435067 
699 413 15 18 0.14283657 
841 209 9 11 0.14270648 
805 416 14 17 0.14233978 
874 459 12 15 0.14232706 
456 79 7 9 0.1418237 
650 117 8 10 0.14171207 
920 425 13 18 0.14110385 
503 401 10 12 0.14094967 
853 101 9 10 0.1398419 
1014 117 7 11 0.13977897 
547 230 8 10 0.13959974 
153 184 10 12 0.13900642 
242 79 7 9 0.13871525 
573 135 7 10 0.13819274 
841 310 9 12 0.13796034 
716 268 10 12 0.13629672 
136 381 10 13 0.13622089 
210 348 10 13 0.13599879 
802 272 7 10 0.135619 
601 55 7 9 0.13554217 
614 113 8 10 0.13531896 
277 207 8 11 0.13492629 
1002 271 9 11 0.13486315 
105 272 7 10 0.13481654 
934 70 7 9 0.13480583 
486 272 9 12 0.13404307 
920 116 8 10 0.13394909 
336 175 7 9 0.13386543 
95 181 7 10 0.1337477 
702 348 11 13 0.13351266 
585 286 9 12 0.13230544 
402 188 8 11 0.13201505 
271 80 7 9 0.13142423 
598 167 7 10 0.13121746 
908 229 9 11 0.1312069 
325 244 8 12 0.13119309 
859 475 13 15 0.13105725 
260 387 10 13 0.13071485 
145 324 9 11 0.13071187 
607 62 7 8 0.13009432 
839 263 9 12 0.12969509 
308 416 14 16 0.12952557 
809 224 8 10 0.1290161 
591 144 6 9 0.1284263 
240 118 7 10 0.1278719 
669 174 9 12 0.12762047 
901 167 9 11 0.12739597 
221 367 11 13 0.12720874 
949 201 8 10 0.1271918 
794 324 9 13 0.12707463 
862 111 8 11 0.12698683 
606 132 8 10 0.12689023 
930 432 15 18 0.1267864 
377 159 8 9 0.1266027 
345 95 8 10 0.12638527 
313 286 8 10 0.12599134 
454 172 7 10 0.12593499 
246 81 7 8 0.12562881 
682 134 7 9 0.12524536 
445 424 9 12 0.12505949 
441 157 8 11 0.12499189 
789 270 7 9 0.12442525 
806 273 7 9 0.12441238 
551 137 7 10 0.124208264 
407 132 7 10 0.123822935 
118 302 10 13 0.12341576 
296 284 8 11 0.12304086 
226 202 9 12 0.12258454 
897 166 8 11 0.12256612 
648 127 8 10 0.122478195 
236 397 10 13 0.12219509 
935 520 9 13 0.122162566 
861 239 9 12 0.12166966 
626 135 8 10 0.12158952 
936 148 9 11 0.12138798 
47 459 9 12 0.12134169 
721 102 7 9 0.12133017 
801 206 8 11 0.121285744 
441 399 10 13 0.12082527 
650 111 8 11 0.120125644 
830 290 9 11 0.12011603 
414 229 9 12 0.119925305 
895 236 8 10 0.11983632 
296 427 9 12 0.11955453 
950 47 8 9 0.11945835 
850 389 10 13 0.11941774 
559 239 8 11 0.11846272 
89 222 8 10 0.118446775 
477 323 10 12 0.11836768 
592 57 6 8 0.1182881 
588 364 11 15 0.118277244 
254 366 9 12 0.11819303 
783 398 11 15 0.11803632 
248 302 8 12 0.11802304 
184 84 7 10 0.11742347 
904 190 10 13 0.11731422 
37 201 8 10 0.11705908 
530 319 9 11 0.116633214 
585 128 7 9 0.11658138 
950 328 12 15 0.11653186 
813 590 11 14 0.11631211 
568 269 9 11 0.115473114 
632 117 7 10 0.115363814 
469 300 11 15 0.114895634 
488 150 6 9 0.11483731 
160 267 9 11 0.114610806 
110 270 8 11 0.11441707 
375 261 9 11 0.11372018 
569 85 8 10 0.11354475 
604 182 9 12 0.11339448 
349 263 8 11 0.11317331 
327 426 11 12 0.113099396 
738 673 15 16 0.11303867 
809 176 10 12 0.11297519 
574 270 8 12 0.112649046 
461 360 9 12 0.112477615 
481 144 7 10 0.11244392 
846 229 7 10 0.112313956 
563 387 11 13 0.11195639 
433 73 7 9 0.111617066 
751 253 8 10 0.11150355 
409 317 9 12 0.11145769 
645 264 10 12 0.11144052 
933 631 21 29 0.11131832 
647 269 9 12 0.11130347 
785 86 8 10 0.11094958 
921 176 8 10 0.11086704 
928 63 8 10 0.11079118 
8 179 13 15 0.11031856 
663 470 12 16 0.11027311 
582 206 9 11 0.11017185 
217 324 8 12 0.109751 
826 270 8 10 0.10944843 
561 331 10 14 0.109058276 
528 352 10 13 0.108836316 
581 198 9 11 0.108417705 
758 276 9 11 0.10829334 
523 230 8 10 0.1078581 
799 198 8 10 0.10769015 
288 167 6 9 0.10760576 
384 422 12 16 0.107413515 
807 291 10 12 0.10730613 
760 253 9 11 0.107289 
232 454 11 14 0.10721674 
479 127 6 9 0.10680749 
391 405 12 15 0.10611909 
165 323 10 12 0.10609743 
841 267 10 12 0.106096335 
577 48 6 9 0.10608898 
544 198 8 9 0.10607662 
586 135 8 9 0.10598953 
193 138 7 8 0.10582132 
956 333 10 12 0.10573067 
153 404 9 12 0.10560211 
536 337 11 14 0.10539709 
43 127 8 10 0.105177104 
512 151 6 8 0.10510906 
109 156 10 12 0.10509097 
986 412 10 13 0.105065584 
185 248 10 12 0.104992375 
50 188 8 10 0.104963176 
553 287 11 13 0.104777016 
789 117 8 11 0.10473954 
359 324 9 12 0.10462875 
697 168 10 12 0.10457832 
505 70 7 10 0.10431921 
473 151 7 9 0.10429025 
522 145 6 9 0.10391052 
439 74 7 9 0.10384462 
385 94 7 10 0.10368204 
394 141 8 10 0.10366667 
88 333 10 11 0.1034629 
158 325 11 12 0.10341346 
393 310 10 13 0.10329305 
760 295 10 13 0.10295297 
85 396 12 14 0.10287739 
544 412 10 12 0.10245929 
823 239 8 10 0.102443255 
264 145 7 9 0.102420874 
120 246 9 11 0.10239736 
228 308 9 12 0.10238343 
194 302 9 12 0.10233134 
114 464 9 11 0.10206773 
921 284 9 13 0.10204491 
526 130 8 9 0.10194347 
518 247 11 13 0.10180521 
473 80 7 9 0.10129853 
349 405 9 12 0.10127111 
709 287 9 11 0.101090945 
601 411 11 14 0.10108554 
138 183 8 11 0.101059504 
193 308 10 13 0.10092971 
918 390 10 12 0.10013097 
805 156 8 11 0.10003328 
663 236 9 11 0.09979932 
110 195 9 12 0.09973372 
847 214 8 10 0.09937222 
224 161 7 10 0.09933647 
303 279 8 11 0.09921099 
692 253 10 13 0.09917458 
113 179 10 13 0.09908339 
312 81 7 9 0.09861247 
440 152 8 10 0.098460495 
89 391 10 12 0.098426685 
478 78 7 9 0.09826445 
584 63 7 10 0.09823366 
537 197 6 9 0.098138094 
600 174 7 9 0.097939365 
710 235 8 11 0.09764806 
376 272 9 12 0.09758463 
849 224 7 10 0.09747145 
687 289 11 13 0.097350284 
488 160 7 9 0.09716941 
631 386 11 13 0.09710884 
1001 124 8 11 0.096883014 
56 78 8 10 0.09655702 
536 467 11 14 0.09653949 
975 253 8 9 0.096299045 
306 339 9 12 0.0960834 
944 319 11 14 0.0960695 
868 175 10 13 0.09596868 
895 158 8 10 0.09566924 
702 404 12 14 0.095607564 
787 426 13 17 0.0955093 
35 111 10 13 0.09517716 
613 308 10 13 0.09499415 
327 152 8 10 0.094984606 
174 318 8 11 0.09492108 
119 118 7 9 0.09490006 
302 175 6 9 0.09487505 
537 185 7 10 0.09452144 
591 109 8 10 0.09450087 
305 97 8 9 0.09434408 
913 71 7 9 0.09411891 
750 196 8 10 0.09400981 
142 62 7 10 0.09371123 
500 375 9 12 0.09361228 
528 165 7 9 0.09355976 
498 63 8 11 0.09332359 
366 308 9 12 0.092849344 
582 236 8 11 0.09278976 
947 426 10 15 0.09265389 
157 397 10 12 0.092644356 
550 303 9 12 0.09249271 
1014 111 9 13 0.092386626 
794 176 8 10 0.09235932 
695 217 7 11 0.09226834 
583 68 7 10 0.09187447 
504 151 7 10 0.091811314 
567 399 10 13 0.09179197 
661 217 8 11 0.09150686 
952 237 9 11 0.09145129 
957 168 10 12 0.09129828 
224 332 9 11 0.09124 
655 146 8 9 0.091157384 
544 398 10 12 0.09085369 
487 93 8 10 0.0905855 
767 488 11 14 0.09047704 
583 263 8 11 0.09018255 
815 126 9 12 0.089828454 
621 375 10 13 0.089820296 
178 277 8 11 0.08944298 
618 517 14 16 0.08943914 
361 296 9 12 0.08941272 
901 151 8 10 0.08915633 
931 369 13 18 0.08912172 
229 343 10 13 0.088877186 
640 303 11 12 0.08887557 
944 87 8 10 0.08875871 
440 96 7 10 0.08867247 
527 70 7 10 0.08865164 
453 283 10 12 0.088583246 
433 95 7 9 0.08845729 
709 406 12 14 0.088456735 
536 245 10 13 0.08844506 
367 232 8 10 0.08811139 
601 47 7 9 0.08808439 
862 343 11 13 0.088053286 
328 402 12 15 0.087985694 
692 414 13 18 0.08790464 
775 265 9 12 0.08771284 
662 248 9 11 0.087423325 
927 80 8 9 0.087224446 
495 70 8 9 0.08715584 
625 388 9 11 0.08667675 
141 382 9 13 0.08664216 
965 72 8 10 0.086397514 
163 335 10 12 0.086351834 
349 328 11 13 0.08631885 
822 365 11 13 0.086127326 
693 103 7 9 0.08605657 
528 224 8 11 0.08602631 
223 328 8 11 0.08590964 
390 103 6 10 0.08585506 
337 383 11 13 0.08572542 
189 293 9 11 0.085410945 
648 311 10 12 0.085351385 
889 77 7 9 0.08528708 
937 95 9 12 0.085242234 
582 192 8 10 0.08522401 
296 248 7 10 0.08516485 
520 311 9 11 0.08511542 
873 79 7 8 0.08507182 
332 503 15 19 0.08470567 
977 45 7 9 0.08457492 
132 432 14 17 0.084496 
905 47 8 9 0.084469914 
179 423 12 16 0.08443501 
528 87 7 9 0.08441052 
264 255 9 10 0.08437793 
398 308 9 12 0.0841598 
804 302 10 13 0.08400534 
574 289 9 11 0.08396297 
411 79 7 10 0.08386969 
217 378 9 12 0.083836295 
211 309 8 12 0.08372376 
755 458 12 16 0.083438136 
710 277 9 11 0.0833314 
522 597 8 10 0.08321615 
938 100 10 13 0.083125025 
473 98 7 8 0.08306667 
854 521 13 19 0.08300504 
313 192 8 12 0.082861476 
726 214 9 13 0.082757 
929 158 9 11 0.08255295 
274 177 6 9 0.08242297 
941 270 9 12 0.08234375 
551 484 11 14 0.08205727 
32 201 9 12 0.08204153 
621 279 9 13 0.08197627 
543 302 8 11 0.08188869 
342 224 9 11 0.081696086 
821 437 15 18 0.0815031 
126 263 8 11 0.081406616 
781 371 10 13 0.08135364 
741 175 8 11 0.08117268 
869 143 9 11 0.08112262 
63 176 8 11 0.08073641 
125 335 9 13 0.0806682 
1012 191 8 11 0.08061251 
740 383 13 18 0.0805511 
838 180 7 10 0.08051226 
424 70 8 10 0.08047049 
479 72 7 8 0.08041746 
632 404 12 16 0.08030089 
485 431 10 13 0.080130205 
671 296 12 15 0.079979785 
766 376 10 13 0.07997613 
646 64 7 9 0.07996511 
360 160 7 9 0.07996504 
310 137 8 10 0.079812214 
953 109 7 10 0.07978907 
591 158 8 10 0.07976557 
935 47 7 8 0.07939844 
241 296 8 11 0.079378575 
457 237 9 11 0.07930386 
462 72 7 9 0.07926574 
608 230 7 11 0.07917778 
390 273 8 11 0.07899392 
383 78 7 10 0.07898946 
94 177 7 10 0.07887352 
654 285 9 11 0.07874604 
591 264 8 10 0.078720376 
202 239 8 11 0.07864988 
998 246 7 11 0.0785972 
84 326 9 12 0.078511715 
391 77 7 9 0.07840138 
487 165 7 10 0.07832493 
337 299 9 12 0.07819308 
486 231 8 10 0.07787611 
727 227 9 11 0.077818625 
762 237 9 12 0.07760486 
391 73 6 8 0.07751943 
476 343 11 14 0.07751191 
471 133 7 9 0.077463016 
376 71 7 9 0.07744923 
236 362 9 12 0.07731794 
666 272 9 11 0.07721884 
236 404 10 12 0.07713487 
716 333 10 12 0.07701989 
504 296 10 11 0.0769835 
548 253 9 12 0.0769395 
498 143 7 9 0.07673304 
631 113 7 10 0.07665695 
839 156 8 10 0.07652463 
712 87 7 10 0.07648691 
562 158 7 9 0.07648102 
579 356 11 14 0.076190524 
487 88 8 10 0.07619002 
534 345 12 14 0.07598029 
765 231 10 12 0.075931184 
308 311 9 12 0.07584156 
855 441 11 15 0.07577414 
440 194 8 10 0.07569728 
866 72 6 9 0.07565404 
695 260 9 11 0.075594254 
611 150 7 9 0.07554655 
864 453 12 17 0.07553109 
253 372 9 12 0.07549275 
630 410 12 16 0.07548028 
169 383 10 13 0.07542359 
859 444 12 15 0.0752948 
894 78 7 9 0.07527334 
575 365 11 15 0.07524628 
966 77 7 10 0.07517939 
518 430 10 12 0.07512198 
765 239 10 12 0.07509345 
557 229 8 11 0.0750373 
833 178 9 11 0.07493431 
542 185 7 10 0.07490203 
432 424 11 14 0.074897856 
725 103 8 10 0.07471165 
692 401 13 17 0.07455733 
377 79 8 9 0.07454201 
725 311 11 13 0.07445855 
634 159 8 11 0.074384905 
682 255 9 12 0.07406867 
7 240 10 12 0.07393576 
977 41 7 9 0.07383549 
541 318 9 11 0.07375439 
770 492 16 19 0.07358794 
887 163 9 11 0.07354789 
683 127 8 10 0.07334183 
816 79 7 10 0.07302325 
537 294 8 11 0.072925 
694 346 13 15 0.07259522 
733 221 9 12 0.072394855 
578 175 8 10 0.0723422 
910 47 7 10 0.07231131 
807 436 11 14 0.0722765 
792 277 8 10 0.07218138 
470 406 9 12 0.07211096 
920 187 9 11 0.07197881 
648 247 9 12 0.07165934 
217 278 9 12 0.07161005 
598 221 8 10 0.07147046 
377 257 9 11 0.071384005 
188 252 9 12 0.07127987 
338 79 7 8 0.071114644 
295 377 10 13 0.07101654 
928 297 11 13 0.07101085 
600 380 12 15 0.07092016 
378 165 8 10 0.07080098 
486 145 7 9 0.07073171 
647 200 7 10 0.07066174 
160 244 9 10 0.07062111 
496 200 8 10 0.07044342 
959 311 9 11 0.07028416 
679 149 7 9 0.07024616 
400 136 7 9 0.06987617 
845 294 8 11 0.0698744 
695 278 10 12 0.06983007 
847 517 13 18 0.06982547 
832 94 7 9 0.069724 
102 56 7 9 0.06967821 
621 293 11 13 0.06955074 
522 71 7 9 0.06950681 
93 335 8 10 0.069503486 
582 180 8 10 0.06934389 
592 209 8 11 0.06931944 
590 380 11 13 0.06928468 
704 342 11 14 0.06926783 
606 56 6 8 0.069223695 
969 303 8 11 0.06909106 
320 71 6 9 0.0690472 
117 181 9 12 0.0689183 
879 80 7 8 0.06891013 
116 296 11 13 0.06872445 
831 262 9 12 0.06869236 
272 278 8 9 0.068413116 
503 143 6 8 0.068352215 
839 422 11 15 0.06834352 
961 317 10 13 0.06832224 
553 543 10 12 0.06829049 
647 213 9 11 0.06798071 
154 293 9 13 0.06797829 
184 261 8 11 0.0679545 
433 103 7 9 0.0679456 
661 92 8 11 0.06789544 
322 153 7 9 0.06788604 
168 215 9 11 0.06778369 
955 471 16 19 0.06776973 
273 238 8 9 0.06766409 
963 247 7 10 0.06743347 
93 216 8 10 0.06731448 
296 303 8 11 0.06726271 
902 140 8 10 0.06725844 
895 56 8 9 0.06722077 
638 388 12 16 0.06718917 
391 110 7 9 0.06704615 
814 96 8 11 0.06703475 
382 288 9 12 0.0670035 
972 248 8 10 0.06697047 
914 78 8 11 0.066968426 
877 323 12 14 0.06692899 
237 444 11 14 0.06674446 
970 181 8 11 0.066733934 
927 55 7 9 0.06664707 
678 295 10 13 0.06657912 
723 199 8 10 0.066573605 
719 247 9 11 0.066466816 
537 31 7 9 0.06645145 
849 111 8 11 0.06642501 
175 101 7 11 0.066341035 
709 224 8 10 0.06625286 
859 484 13 16 0.06623439 
834 169 8 10 0.066225104 
681 261 10 11 0.06612325 
440 102 7 9 0.065998405 
47 229 7 10 0.06596526 
213 134 7 10 0.06584638 
328 157 8 10 0.06580633 
590 126 8 11 0.06568806 
54 467 11 14 0.06559765 
626 142 8 10 0.065501444 
480 274 10 13 0.06538746 
121 219 10 13 0.065371774 
798 420 12 15 0.06536797 
621 409 12 15 0.065154955 
58 177 7 9 0.06502653 
279 177 6 8 0.06483763 
664 179 9 12 0.06470991 
853 222 7 10 0.06466594 
712 95 7 9 0.06459718 
34 175 8 11 0.064566486 
407 197 9 11 0.064561166 
753 152 7 11 0.06451674 
550 200 7 9 0.06440522 
543 481 12 16 0.06427834 
321 97 7 9 0.06415322 
165 237 9 11 0.064057425 
686 307 10 13 0.06399722 
711 107 7 10 0.06394565 
72 263 9 12 0.06394517 
754 206 9 11 0.06390844 
960 55 8 9 0.0638934 
575 142 7 10 0.063880116 
785 299 10 13 0.06379271 
782 135 8 11 0.063790046 
674 144 8 10 0.063763455 
754 156 8 11 0.063693464 
677 378 11 15 0.06365506 
634 268 9 12 0.06359429 
365 350 11 14 0.06353724 
166 232 9 11 0.063264824 
190 333 8 11 0.063214235 
320 101 7 9 0.063145645 
839 222 10 12 0.063121215 
631 87 8 11 0.063000716 
178 294 9 11 0.0628526 
162 156 10 13 0.06256051 
867 222 8 10 0.06255042 
871 72 6 8 0.062381417 
607 405 10 13 0.06232353 
175 301 9 11 0.062322494 
207 296 8 12 0.062249713 
958 189 8 9 0.062222797 
490 318 9 11 0.06217309 
689 240 9 11 0.06215024 
288 247 8 11 0.062094204 
53 462 9 13 0.06202157 
446 159 7 10 0.061958384 
926 117 7 10 0.061897773 
504 388 8 11 0.061865717 
942 252 9 12 0.06182223 
725 110 8 10 0.061787583 
807 140 7 10 0.06171081 
839 111 8 11 0.0616821 
914 85 7 10 0.061580785 
442 203 9 12 0.061529383 
610 118 8 10 0.061513517 
553 386 11 14 0.06148523 
814 287 9 11 0.06147114 
632 78 7 9 0.061441828 
825 263 8 11 0.06137687 
121 274 10 13 0.061359443 
815 239 8 10 0.061342303 
871 149 8 10 0.061324712 
328 283 8 11 0.061286416 
214 358 10 12 0.06115157 
543 310 8 11 0.06098493 
385 87 6 8 0.0609778 
238 328 9 11 0.060921576 
345 200 7 8 0.06091724 
558 359 10 12 0.06091724 
543 405 11 14 0.060803674 
490 80 6 8 0.060661625 
284 373 10 12 0.060460433 
586 55 7 9 0.0604288 
287 230 8 10 0.060362704 
265 96 7 9 0.060339466 
522 472 13 16 0.060330644 
387 119 8 11 0.060195997 
1002 86 8 10 0.06018139 
87 195 9 11 0.060142655 
246 295 9 11 0.06010719 
548 413 11 13 0.060093034 
472 320 11 12 0.06004964 
182 310 10 12 0.06003657 
636 350 11 14 0.060031492 
721 117 10 14 0.05996987 
906 224 9 11 0.059968777 
554 39 7 10 0.05995519 
710 292 10 12 0.059799198 
511 86 8 9 0.05967039 
954 611 17 21 0.059658807 
335 168 8 10 0.059562135 
734 128 8 10 0.059497993 
78 271 8 10 0.059495505 
341 397 12 15 0.059464842 
654 78 7 9 0.059425205 
406 325 9 12 0.059298195 
381 256 9 11 0.059223194 
774 128 9 12 0.059067775 
812 327 9 12 0.059055053 
647 69 8 10 0.05901337 
689 390 10 13 0.058841877 
919 293 10 13 0.058828533 
115 172 8 12 0.05865708 
552 237 9 11 0.058584806 
503 166 7 9 0.058484502 
265 260 8 11 0.058428418 
553 151 7 9 0.05838326 
432 110 8 10 0.058366276 
352 120 7 9 0.058365084 
271 97 7 9 0.05833007 
209 101 9 10 0.058246173 
151 483 12 17 0.05821437 
153 70 7 9 0.057992984 
877 465 12 15 0.05795585 
549 419 11 14 0.05793698 
334 279 9 11 0.057916034 
976 149 8 11 0.05780562 
385 73 7 9 0.057738356 
289 95 7 10 0.05772915 
383 183 8 9 0.0577202 
630 281 10 11 0.057701316 
182 318 10 12 0.05760091 
395 427 11 14 0.057588257 
136 143 8 10 0.057559896 
518 326 10 11 0.057554692 
438 141 7 9 0.057537194 
585 277 9 11 0.05752861 
375 384 12 16 0.05742567 
527 235 9 11 0.05734292 
483 298 10 14 0.057302162 
903 271 8 11 0.05724197 
8 422 9 13 0.05719077 
371 222 7 10 0.05717204 
679 187 8 11 0.057082828 
310 347 11 14 0.057029977 
527 24 8 11 0.056945547 
760 233 10 12 0.056926303 
230 382 8 11 0.056874882 
1 204 7 11 0.05683689 
849 239 7 10 0.05672816 
861 466 13 17 0.05671566 
949 61 8 10 0.056707382 
132 446 13 17 0.0566882 
304 80 7 9 0.056612674 
108 206 10 12 0.056610253 
780 486 13 17 0.05651953 
230 240 9 11 0.05648266 
57 61 9 11 0.0564229 
1011 412 10 15 0.05641604 
536 143 7 9 0.05628026 
784 256 8 10 0.056251485 
534 222 7 11 0.0561779 
151 85 9 10 0.056134567 
146 116 9 12 0.056131322 
797 192 7 9 0.056086976 
809 239 8 10 0.05605032 
949 89 7 10 0.056025974 
658 131 8 10 0.056017533 
384 299 8 11 0.055946857 
264 273 9 11 0.055877775 
472 129 8 10 0.055857833 
712 246 9 12 0.05581628 
337 269 8 10 0.05576978 
494 94 7 9 0.055726185 
463 77 6 9 0.05572013 
528 64 6 8 0.055561814 
241 158 7 8 0.055540267 
425 175 8 10 0.05552572 
439 136 8 10 0.05538774 
784 99 9 12 0.05537457 
717 403 13 17 0.055300508 
464 294 10 12 0.05529169 
546 144 7 9 0.055259377 
58 490 12 17 0.05517988 
315 457 12 17 0.055169802 
482 87 7 9 0.05507341 
945 73 8 9 0.055018328 
728 619 8 11 0.054989167 
666 168 7 10 0.054977782 
740 333 12 15 0.054940555 
101 69 9 11 0.054916795 
880 287 9 11 0.05491298 
221 184 7 10 0.05489116 
877 292 9 12 0.054860666 
572 399 12 14 0.054839082 
153 352 10 12 0.054828685 
401 72 8 10 0.05477066 
798 238 8 11 0.054764666 
651 461 12 15 0.054758694 
567 366 11 13 0.054742478 
933 64 8 10 0.05472313 
414 309 9 12 0.054700453 
415 614 10 13 0.05467568 
423 164 6 9 0.054637585 
696 366 10 13 0.054630626 
697 395 14 16 0.054607116 
87 288 10 12 0.05459726 
321 176 6 8 0.054593686 
730 434 14 16 0.05458638 
201 382 10 12 0.05457101 
542 295 8 11 0.054541808 
158 71 7 9 0.05447782 
200 205 8 10 0.0544585 
302 425 10 14 0.054432075 
310 302 7 10 0.05440199 
981 195 9 11 0.054390654 
687 87 7 9 0.054379944 
93 342 9 11 0.05436208 
624 249 8 10 0.05434459 
800 133 8 11 0.054339465 
200 79 8 9 0.054319635 
319 566 9 12 0.054302026 
918 72 8 9 0.05425304 
176 441 12 17 0.05424304 
386 126 8 10 0.054205418 
317 287 9 11 0.05419335 
213 100 8 10 0.054127596 
847 134 9 12 0.054126862 
615 124 8 10 0.054096818 
774 116 8 11 0.054073203 
880 198 8 11 0.054012775 
91 230 10 12 0.05399031 
470 258 17 22 0.053960927 
911 127 9 11 0.053931724 
613 315 9 12 0.053855192 
621 118 8 11 0.05384988 
342 367 9 11 0.053841397 
249 285 9 11 0.05376824 
142 389 10 14 0.0537574 
830 103 8 10 0.053754825 
676 300 10 13 0.053746473 
537 88 6 8 0.053702258 
589 309 10 13 0.053547997 
842 529 15 19 0.053472165 
574 388 11 13 0.05342966 
121 78 7 9 0.05335466 
1014 548 10 16 0.05334063 
473 293 11 15 0.05333648 
440 165 9 11 0.05329217 
214 303 9 11 0.053291373 
527 279 10 13 0.053283032 
296 78 7 9 0.05326386 
328 338 11 14 0.053199336 
912 348 10 13 0.053198665 
78 286 11 13 0.053185765 
729 126 8 11 0.053157043 
313 362 11 13 0.05314627 
719 289 11 14 0.05311247 
361 311 9 12 0.053102292 
217 238 9 10 0.053048734 
352 269 8 11 0.053035412 
239 339 8 10 0.053009517 
1002 119 7 11 0.05294047 
163 439 11 15 0.052889 
686 184 8 10 0.052879225 
808 320 8 10 0.052875623 
32 347 9 12 0.052851032 
538 151 7 9 0.052791305 
837 249 9 11 0.052772865 
599 441 12 16 0.052768886 
216 295 8 11 0.0527622 
74 573 11 15 0.052755635 
58 57 7 9 0.05267072 
599 160 7 9 0.05266676 
775 253 8 10 0.052646555 
576 380 11 13 0.05264085 
465 469 11 13 0.052503098 
479 149 8 10 0.05245882 
567 181 9 11 0.052425876 
925 276 9 12 0.052363273 
398 119 8 10 0.052324165 
889 64 7 9 0.052305654 
497 204 9 12 0.052200034 
311 253 7 9 0.052187793 
645 133 8 10 0.052120965 
450 79 7 10 0.052062742 
169 219 10 12 0.051957212 
407 70 7 10 0.051955134 
686 189 8 9 0.051915016 
424 64 7 9 0.051886927 
418 46 9 10 0.05175649 
562 263 9 12 0.051677704 
432 88 6 8 0.051576193 
544 79 7 9 0.051555973 
791 126 8 11 0.051491242 
554 314 9 11 0.05148996 
602 127 8 10 0.051464345 
559 244 9 11 0.051449418 
477 103 7 9 0.051385146 
565 596 8 11 0.051378243 
162 213 9 11 0.0513162 
978 191 8 11 0.05126578 
288 276 8 11 0.051265076 
526 145 6 8 0.05125347 
0 190 6 13 0.051224496 
750 312 12 14 0.051182818 
933 172 10 13 0.05113605 
895 60 7 10 0.05105392 
502 321 10 13 0.051047266 
601 230 9 11 0.051035628 
513 22 8 11 0.05096378 
349 303 9 11 0.050952174 
262 177 7 9 0.05092077 
688 215 8 10 0.050914682 
96 63 9 11 0.050906163 
133 174 8 9 0.050863557 
191 421 11 14 0.050805792 
303 248 8 9 0.05075363 
845 167 8 10 0.050749723 
504 175 8 10 0.050725315 
580 415 11 15 0.050680958 
545 71 7 9 0.050675612 
447 111 7 10 0.050669383 
438 335 10 12 0.05065661 
880 86 7 10 0.05048474 
1013 263 8 11 0.050483506 
309 407 11 14 0.05044663 
415 237 9 12 0.05030848 
608 294 8 11 0.050234742 
804 426 13 18 0.05023183 
167 312 11 12 0.05022186 
790 95 7 10 0.050182465 
70 225 8 10 0.05017017 
937 87 7 9 0.05014082 
745 251 10 12 0.05010354 
951 182 11 12 0.050048538 
521 391 10 14 0.05002449 
734 332 11 14 0.049944654 
430 175 8 10 0.049886104 
638 150 7 10 0.04984824 
950 312 9 12 0.049775116 
831 216 7 10 0.049745806 
377 133 6 9 0.049629018 
205 278 9 11 0.0495306 
495 304 11 12 0.0495012 
521 592 8 11 0.04949504 
266 80 7 10 0.04946294 
862 86 8 10 0.0494611 
679 101 9 11 0.0494543 
791 288 8 10 0.049439654 
513 145 6 8 0.049433332 
271 149 6 9 0.049379785 
264 287 9 11 0.049358338 
378 236 8 11 0.049342692 
321 241 9 11 0.04930037 
473 213 8 10 0.049278386 
278 331 9 12 0.04923765 
169 103 8 10 0.049219616 
560 79 7 10 0.049188405 
27 425 11 14 0.049173262 
665 410 13 16 0.04906458 
110 276 9 12 0.04905377 
282 263 9 11 0.048971012 
921 63 7 10 0.048941188 
335 287 9 11 0.048936103 
522 79 7 10 0.04891908 
476 235 11 13 0.04889445 
1002 191 8 12 0.048868593 
902 433 12 16 0.048850745 
784 356 10 14 0.04884353 
144 396 9 13 0.04878017 
392 135 9 12 0.048749525 
702 224 8 11 0.048715338 
456 158 7 10 0.048692826 
617 87 7 10 0.04868065 
151 80 8 10 0.048626475 
663 102 7 10 0.048619326 
616 380 11 15 0.048600048 
568 289 17 22 0.048592 
530 191 8 9 0.048586603 
591 105 8 9 0.04857062 
199 278 9 11 0.04853311 
561 593 9 11 0.048445 
881 238 8 11 0.048284158 
337 213 9 10 0.048239928 
160 208 8 9 0.048238333 
958 111 8 11 0.04820866 
462 118 7 9 0.048197437 
41 324 10 14 0.04816995 
90 176 7 11 0.04816596 
650 395 11 14 0.04812535 
828 411 10 14 0.04807103 
891 263 8 11 0.048040204 
0 421 8 14 0.048027493 
776 324 10 13 0.048002575 
726 372 11 14 0.04795684 
823 104 10 12 0.047907464 
454 96 8 9 0.04789507 
50 251 8 11 0.047883656 
877 206 9 10 0.047878344 
809 30 7 10 0.047847405 
250 279 8 11 0.047840606 
560 128 7 10 0.04779576 
407 64 8 9 0.0477733 
911 277 10 13 0.047736846 
871 158 9 11 0.047722325 
393 301 9 12 0.04769875 
773 159 8 10 0.047658823 
689 222 8 11 0.047652967 
806 164 9 11 0.04758603 
766 28 9 11 0.047565464 
283 269 8 11 0.047501285 
258 175 8 10 0.047414817 
929 69 9 10 0.04738154 
512 111 8 10 0.04732372 
909 190 8 11 0.047226816 
506 410 11 15 0.047176264 
790 134 9 11 0.0471304 
299 461 15 20 0.04712892 
527 103 9 10 0.047119007 
513 15 7 9 0.047078796 
925 393 11 14 0.047078483 
887 181 9 11 0.047055997 
708 317 11 14 0.047045328 
999 300 10 12 0.046996184 
294 94 9 11 0.04699014 
577 52 6 10 0.046951592 
352 127 8 10 0.046904072 
157 319 12 13 0.046878904 
863 231 8 10 0.046874028 
459 392 18 23 0.04686489 
799 126 8 11 0.04685539 
207 168 7 9 0.046854325 
217 263 8 10 0.04682282 
489 510 14 18 0.046653453 
344 74 7 10 0.046622712 
745 239 9 11 0.046606615 
610 143 7 10 0.04660396 
141 334 11 13 0.04655716 
557 224 8 10 0.04653711 
463 143 7 9 0.04648241 
536 475 11 15 0.046422657 
697 271 9 12 0.04641441 
358 408 10 12 0.046397913 
345 100 8 9 0.046374813 
521 97 7 8 0.046309188 
562 406 9 12 0.046293817 
273 371 11 14 0.04629142 
535 94 8 10 0.046290785 
559 214 7 10 0.04627574 
682 373 12 14 0.04623472 
510 310 10 13 0.046206873 
425 28 9 11 0.04620491 
614 207 8 11 0.046200175 
960 252 9 10 0.046176728 
608 287 8 11 0.046088524 
933 165 9 12 0.04606463 
343 239 7 9 0.046011306 
650 251 9 13 0.045983333 
981 143 9 11 0.045981456 
943 94 9 11 0.04595592 
377 420 11 15 0.0459164 
535 205 8 10 0.04587701 
579 157 8 10 0.045851126 
809 228 9 11 0.045766026 
211 463 13 15 0.045764983 
58 126 9 11 0.04572956 
746 341 12 14 0.0457204 
977 73 7 9 0.045711916 
386 108 8 11 0.04570788 
950 71 7 9 0.045705803 
19 459 11 13 0.04566295 
720 175 8 11 0.045648247 
618 343 13 16 0.045645803 
682 479 13 18 0.045607135 
537 55 7 9 0.0455636 
297 315 8 12 0.045477733 
887 110 6 9 0.045473818 
289 88 8 9 0.0454698 
443 403 11 13 0.045461934 
567 165 7 9 0.045370378 
719 96 7 9 0.0453294 
656 467 11 16 0.04530475 
488 39 8 10 0.04527443 
833 117 7 10 0.045250766 
705 79 7 9 0.04523747 
608 341 12 17 0.045208883 
439 111 7 9 0.04517602 
662 110 8 11 0.045079704 
465 30 8 10 0.045079283 
231 447 10 13 0.045041632 
747 457 14 18 0.04500769 
668 314 12 17 0.04500641 
825 276 8 11 0.044983674 
918 84 7 10 0.044931814 
455 85 7 10 0.04492933 
534 135 7 9 0.04492882 
328 168 7 9 0.044913825 
821 408 12 17 0.044910643 
200 72 8 9 0.04490959 
542 62 6 9 0.04489628 
494 79 7 9 0.04488538 
526 310 8 11 0.04484486 
470 244 10 12 0.04482889 
735 5 9 11 0.044812478 
279 281 8 10 0.044761155 
602 61 7 9 0.044757318 
872 63 7 9 0.044722043 
455 189 10 12 0.044718053 
68 292 10 13 0.04467258 
975 114 9 11 0.04465407 
465 133 8 11 0.044650752 
888 133 8 10 0.044565964 
544 95 7 9 0.04452822 
552 23 9 11 0.044523835 
380 382 11 14 0.044472728 
38 266 11 15 0.04446762 
128 166 9 12 0.04439392 
351 201 8 9 0.04435137 
222 429 10 12 0.044275902 
390 94 7 10 0.044274833 
317 293 9 10 0.04424929 
488 44 9 11 0.0442476 
886 285 8 11 0.044224784 
658 228 8 11 0.04420721 
318 303 8 11 0.044205077 
797 180 8 10 0.044199474 
1001 319 9 12 0.044138722 
344 170 7 8 0.04410545 
463 411 9 13 0.044026207 
438 316 11 15 0.04402225 
71 179 9 11 0.044015463 
342 288 12 14 0.044003874 
873 85 8 10 0.043976754 
288 316 8 11 0.043972164 
824 288 10 12 0.043938536 
198 316 9 11 0.043922763 
126 159 8 10 0.043914065 
479 614 7 10 0.043909766 
97 120 8 9 0.04383246 
707 102 8 10 0.04375137 
358 190 8 10 0.04370469 
748 110 9 11 0.043698285 
558 39 7 10 0.043681968 
146 458 9 14 0.043679968 
111 112 8 11 0.043679044 
717 325 11 13 0.04361363 
871 189 9 11 0.043584816 
400 330 10 14 0.04356494 
337 366 9 12 0.043549925 
105 158 10 13 0.043484367 
774 393 13 15 0.04344439 
87 501 15 19 0.04341337 
112 264 8 11 0.04336999 
475 207 8 11 0.043204434 
465 128 7 10 0.043126777 
521 166 7 9 0.043108154 
145 210 9 11 0.043075446 
463 288 9 12 0.043058276 
177 23 10 12 0.043032028 
608 69 7 10 0.042973414 
1006 85 9 11 0.042916693 
497 159 8 10 0.042890035 
529 15 7 9 0.042822313 
897 171 9 12 0.042773604 
498 56 7 9 0.042681895 
857 525 15 19 0.042677876 
976 96 7 10 0.042672303 
473 108 7 10 0.042647883 
832 110 7 9 0.042515263 
34 166 9 12 0.042499002 
411 85 8 10 0.042489376 
980 562 13 15 0.042482693 
463 112 7 9 0.04246033 
440 183 8 10 0.042457145 
342 206 8 10 0.042294797 
839 190 8 11 0.04227709 
620 398 12 15 0.0422583 
319 80 7 8 0.042184185 
640 197 8 10 0.04217862 
587 288 18 22 0.042168215 
523 157 7 9 0.042147808 
1006 123 8 11 0.042087525 
688 395 12 15 0.042080652 
351 175 7 9 0.04207117 
982 77 8 10 0.042068824 
978 132 8 12 0.042004716 
534 379 18 22 0.04199154 
273 233 7 9 0.041875962 
215 220 9 11 0.041870177 
77 276 10 12 0.04185676 
79 207 9 12 0.041850228 
272 84 7 9 0.041839972 
345 87 7 10 0.041790083 
644 190 8 11 0.041685604 
399 200 7 10 0.04165326 
941 414 12 16 0.041649934 
789 341 10 13 0.04164963 
657 174 9 11 0.041634 
184 102 8 11 0.041576847 
281 254 8 10 0.041557338 
922 56 7 9 0.041522596 
831 88 7 10 0.04151383 
552 87 8 9 0.04147736 
61 78 9 11 0.041466095 
911 551 8 11 0.04142365 
720 229 9 12 0.041415814 
925 112 7 10 0.041267462 
326 501 14 18 0.04123326 
871 165 8 11 0.04120439 
706 95 7 9 0.041182663 
790 102 9 10 0.041175924 
508 256 11 13 0.04113465 
712 460 13 17 0.041129284 
506 86 8 10 0.041096386 
665 383 12 16 0.041068412 
1008 111 9 12 0.041056864 
846 494 10 13 0.04104039 
281 103 7 9 0.04102772 
0 198 7 12 0.04098733 
559 208 7 9 0.040981524 
512 430 9 11 0.040975112 
585 104 8 9 0.040903006 
199 151 8 10 0.040902406 
118 188 10 13 0.040898334 
938 79 7 9 0.04088341 
529 94 7 9 0.040790107 
867 350 12 16 0.04074714 
909 403 13 16 0.040727068 
981 223 9 11 0.040708445 
134 95 8 9 0.040684186 
206 454 10 13 0.040682513 
709 302 10 13 0.040649727 
863 77 8 10 0.040645838 
801 212 8 11 0.04063955 
113 116 8 10 0.040545743 
785 196 8 10 0.04051339 
638 143 8 11 0.04048617 
511 80 8 9 0.040469855 
252 310 8 12 0.04039014 
406 176 8 9 0.040373582 
632 396 13 17 0.04036892 
207 328 8 11 0.040324017 
134 23 9 11 0.040295493 
485 477 11 14 0.04027138 
447 356 10 13 0.040241845 
177 265 8 11 0.040241387 
93 198 10 12 0.04023259 
649 453 9 13 0.040232014 
678 320 11 14 0.040207054 
224 446 10 12 0.0401798 
172 215 9 11 0.040157452 
826 398 11 16 0.040117297 
847 437 12 16 0.040110663 
592 95 8 10 0.04010894 
1 217 10 14 0.040090326 
174 310 9 13 0.04007558 
535 413 9 12 0.040030077 
717 238 9 11 0.04002591 
528 46 8 10 0.040016152 
313 294 7 10 0.040010292 
367 245 8 11 0.039879743 
301 387 9 12 0.039877005 
166 176 8 10 0.039875254 
805 206 8 11 0.039851785 
397 564 11 14 0.039850164 
953 143 9 11 0.03981973 
607 396 10 14 0.0397612 
825 298 11 13 0.039683674 
647 103 7 9 0.03961681 
464 96 7 8 0.039590262 
569 142 8 10 0.03955354 
39 430 10 13 0.03952352 
407 303 10 13 0.039480418 
870 270 9 11 0.039434463 
908 395 13 17 0.0393898 
960 38 7 9 0.039356165 
430 264 9 11 0.039340645 
872 287 9 12 0.0393239 
671 285 10 12 0.03931022 
882 72 7 9 0.03929389 
912 64 7 9 0.039276544 
148 160 8 10 0.039232645 
214 127 8 11 0.03922614 
536 117 7 9 0.03922206 
541 439 12 15 0.039213598 
785 32 7 9 0.039167598 
455 231 10 13 0.03914286 
401 126 7 10 0.03908662 
154 255 9 11 0.03908443 
1011 302 10 12 0.039000113 
311 326 8 11 0.038997 
1015 277 8 11 0.03898525 
999 252 7 10 0.038968757 
882 158 8 11 0.038942307 
161 150 10 13 0.03892584 
726 250 9 10 0.038917165 
574 80 8 10 0.038915943 
126 256 7 10 0.038884137 
728 330 11 14 0.038883716 
473 661 12 15 0.0388585 
534 405 11 13 0.038834654 
776 222 8 11 0.03880607 
925 175 9 11 0.038783453 
592 360 10 12 0.038767572 
775 241 8 11 0.038751416 
101 62 8 10 0.03873637 
457 152 7 9 0.038725566 
286 332 9 11 0.038724888 
22 301 10 12 0.038721886 
534 376 9 11 0.03869635 
831 526 12 17 0.038669635 
944 223 8 10 0.03866476 
560 175 7 10 0.038659792 
810 357 10 14 0.038648732 
640 292 10 12 0.038645506 
862 334 10 13 0.03860616 
904 183 8 10 0.038600225 
97 125 10 11 0.038599256 
380 319 10 12 0.038558684 
705 235 9 11 0.03849427 
453 102 8 9 0.038455684 
526 79 7 10 0.03845339 
650 150 9 11 0.038429964 
538 80 7 9 0.03842183 
592 120 8 10 0.03837198 
472 85 7 9 0.03834113 
204 388 11 14 0.038319953 
280 96 7 9 0.038295984 
541 285 10 13 0.03827424 
246 420 10 14 0.038198307 
391 88 7 9 0.03819312 
328 174 7 9 0.038167644 
489 242 9 12 0.03815897 
327 272 9 9 0.03815772 
346 184 7 9 0.03814033 
823 231 8 9 0.03814021 
805 308 9 12 0.038130745 
361 165 7 9 0.0381233 
709 359 13 15 0.038086195 
7 480 13 17 0.03807373 
156 413 10 14 0.038063508 
17 363 10 14 0.038060058 
522 224 7 10 0.038039137 
647 174 8 11 0.037997548 
950 104 7 11 0.037988875 
519 423 10 12 0.037975956 
481 30 8 10 0.03793826 
17 144 8 9 0.037932575 
168 270 7 10 0.03793114 
544 547 9 12 0.037845373 
853 216 8 10 0.037730984 
138 327 8 11 0.037714213 
941 329 11 15 0.03770722 
349 399 10 13 0.037685003 
842 235 9 11 0.037653916 
570 223 8 10 0.0376537 
600 418 13 17 0.037640434 
609 334 9 12 0.037617404 
721 205 9 10 0.037577037 
45 223 7 10 0.037567407 
102 77 8 11 0.03753866 
627 70 7 10 0.037528727 
599 40 8 10 0.037513983 
867 207 9 11 0.037495803 
890 56 7 9 0.037447028 
545 435 13 15 0.037396137 
17 454 10 14 0.03734043 
1011 418 12 19 0.037328724 
7 124 12 14 0.037319608 
54 240 9 11 0.037312053 
735 141 9 11 0.037290886 
686 94 7 9 0.037278693 
527 411 10 13 0.03726648 
149 113 8 10 0.037260756 
165 80 9 11 0.037245363 
519 279 10 11 0.037228867 
176 160 8 11 0.03721998 
511 158 7 9 0.03718964 
534 239 9 11 0.037169773 
221 317 9 12 0.037142634 
596 363 11 13 0.037139166 
348 374 11 14 0.037127953 
577 167 8 9 0.03710166 
1006 60 9 12 0.037099387 
552 79 7 9 0.037081625 
960 48 7 9 0.037041802 
1001 111 7 10 0.037036266 
969 175 8 11 0.037029814 
447 230 10 13 0.036968734 
545 224 8 11 0.03692062 
278 343 10 12 0.036905456 
423 288 8 10 0.0368919 
505 78 8 10 0.0368691 
616 248 9 11 0.03686764 
303 117 8 11 0.036856312 
355 514 21 26 0.036836658 
167 352 9 11 0.036827706 
485 334 10 13 0.0368261 
337 208 8 10 0.03681127 
504 137 6 9 0.03679844 
318 407 11 14 0.036792576 
152 134 9 10 0.03677749 
975 333 9 12 0.036776375 
479 356 10 12 0.03676389 
320 181 7 9 0.036744904 
940 340 11 15 0.036738135 
325 254 9 11 0.03665006 
703 365 13 17 0.03664584 
320 332 10 13 0.03664572 
687 508 14 19 0.036638416 
880 232 9 10 0.036626637 
72 256 9 11 0.036614474 
281 110 7 10 0.036558114 
677 199 10 11 0.03655117 
703 354 12 15 0.03652133 
548 405 11 13 0.036508527 
886 152 8 11 0.036460783 
535 484 12 15 0.036436338 
919 128 11 13 0.03639455 
510 72 7 8 0.03636564 
683 78 7 10 0.036329627 
841 63 8 9 0.036317855 
897 136 8 11 0.036317073 
30 251 11 13 0.036294766 
275 281 17 23 0.036282662 
488 102 8 10 0.03626634 
624 434 12 15 0.036258426 
252 302 9 12 0.03625469 
671 205 9 12 0.03624658 
590 60 8 10 0.036182895 
526 303 9 11 0.036172323 
552 73 7 9 0.03615139 
494 40 7 9 0.036149926 
511 437 9 12 0.03611019 
414 419 11 14 0.036095474 
233 72 7 9 0.0360763 
567 289 10 11 0.036074687 
814 277 8 10 0.036066595 
857 78 8 10 0.03606354 
89 347 10 13 0.03604086 
609 426 14 17 0.036038626 
816 399 13 16 0.036028903 
343 174 7 9 0.03602367 
231 160 7 9 0.036015432 
691 285 11 13 0.035969414 
216 231 10 12 0.03594506 
577 234 10 12 0.035938513 
806 214 7 10 0.03593763 
911 341 11 13 0.03591107 
497 151 8 10 0.0359064 
439 55 8 11 0.035893463 
205 285 9 11 0.03589016 
771 406 15 17 0.035877198 
839 21 9 11 0.03576856 
457 142 8 10 0.035766378 
415 285 9 11 0.03576414 
126 243 8 10 0.03575763 
457 45 9 12 0.03568525 
44 263 10 13 0.035647985 
304 253 8 10 0.035642773 
969 86 7 8 0.035626743 
550 356 10 12 0.035603292 
546 471 12 14 0.03556842 
872 320 12 15 0.03554623 
956 271 8 12 0.0354986 
975 85 7 10 0.035496086 
328 144 7 8 0.03544831 
122 231 10 12 0.03542564 
111 508 11 16 0.035403438 
176 96 8 12 0.035392858 
49 78 8 10 0.035353284 
950 264 8 11 0.035340838 
738 191 7 11 0.03525249 
613 401 18 22 0.035246674 
353 411 10 14 0.03523476 
362 232 8 10 0.03522366 
97 78 7 9 0.035201807 
56 83 9 11 0.035176978 
313 272 8 11 0.0351612 
480 95 8 10 0.035140757 
357 183 8 10 0.035129298 
305 398 9 12 0.035089802 
553 206 7 10 0.035078093 
396 573 11 14 0.035066754 
248 95 7 10 0.03503911 
482 167 8 10 0.035024855 
62 128 8 11 0.035010323 
253 559 12 15 0.03500942 
105 164 10 13 0.034999087 
33 186 9 11 0.034994747 
326 413 13 16 0.03498828 
552 375 11 13 0.034968857 
715 587 13 16 0.034948796 
166 295 9 11 0.03492556 
675 395 11 14 0.034890294 
662 285 10 12 0.034883596 
486 344 11 14 0.03488079 
473 223 8 11 0.03487737 
806 37 9 11 0.0348615 
24 272 13 16 0.03485704 
269 272 9 11 0.034839068 
439 118 7 10 0.034775015 
768 264 9 12 0.034771625 
622 93 7 10 0.034718327 
543 87 7 9 0.034706123 
351 100 7 10 0.034672685 
543 214 8 10 0.03464706 
368 326 8 11 0.034615297 
857 86 9 11 0.034586415 
976 143 8 11 0.03457389 
233 427 12 16 0.034567665 
812 436 12 16 0.034563683 
597 207 9 11 0.03454371 
365 397 10 12 0.034541383 
501 57 8 9 0.034539174 
149 165 8 10 0.03452814 
872 47 7 9 0.034516025 
559 45 6 9 0.0344809 
368 217 7 9 0.03435562 
257 80 6 9 0.03432122 
914 118 8 10 0.03430791 
944 311 9 13 0.034300044 
161 280 10 10 0.034281198 
413 392 10 14 0.03425676 
638 315 10 12 0.034232236 
618 93 8 10 0.034225844 
614 79 8 10 0.03416374 
650 382 14 16 0.034147575 
506 95 7 9 0.03412188 
535 15 8 10 0.034080457 
351 441 12 16 0.034072425 
55 70 10 13 0.03404829 
623 88 7 10 0.03403148 
182 95 9 10 0.034026176 
25 263 10 13 0.03400599 
967 309 9 11 0.033987373 
935 54 7 9 0.033980988 
749 240 9 11 0.033971716 
153 93 8 11 0.03396566 
199 136 7 8 0.03396153 
1007 424 13 19 0.033944637 
558 55 7 9 0.033927616 
190 81 8 10 0.03391958 
390 380 10 13 0.033903353 
406 149 8 10 0.03390101 
935 259 10 14 0.033900086 
703 272 9 12 0.03385208 
463 266 11 14 0.03384494 
784 421 13 17 0.033803087 
238 112 7 9 0.03379623 
514 128 7 9 0.03370549 
901 388 12 13 0.033681992 
509 442 11 14 0.03368029 
377 84 7 9 0.033679105 
280 231 8 10 0.033670306 
270 262 8 9 0.033669297 
870 361 12 16 0.033656735 
444 446 12 16 0.03365208 
351 63 7 9 0.033650562 
561 71 7 10 0.03363303 
649 158 9 10 0.033618357 
847 140 9 12 0.03360243 
981 127 8 11 0.033602115 
169 405 10 13 0.033571225 
856 515 17 20 0.033529606 
633 182 8 12 0.033526026 
600 303 10 13 0.03351586 
569 119 7 9 0.033514667 
310 446 19 25 0.033460118 
686 73 7 9 0.033455525 
417 63 7 10 0.03340712 
142 56 7 11 0.03340016 
568 439 10 14 0.033389773 
767 287 9 11 0.033385746 
446 28 8 11 0.033365402 
446 152 7 9 0.03327974 
560 87 6 8 0.03325862 
4 312 15 18 0.033257026 
585 143 8 9 0.033240784 
5 215 11 15 0.033239108 
652 272 10 12 0.03323468 
958 326 10 12 0.033221453 
796 317 11 14 0.033220116 
768 116 9 11 0.033192214 
650 78 8 10 0.033191305 
39 343 10 14 0.03318653 
686 417 13 16 0.033180412 
417 73 7 9 0.033135783 
135 386 12 17 0.033132512 
313 184 6 7 0.033130802 
191 357 11 15 0.033092547 
785 316 11 13 0.033090007 
416 103 8 10 0.03307524 
113 303 10 13 0.033070613 
321 157 7 10 0.033043418 
417 40 8 10 0.033014737 
768 365 10 12 0.033004876 
136 333 10 13 0.032961424 
1003 264 8 11 0.032959197 
954 480 15 19 0.03295681 
639 280 9 11 0.032908462 
551 166 8 10 0.032904916 
910 166 9 11 0.03286861 
735 445 15 19 0.03286791 
271 382 10 13 0.0328387 
294 532 13 17 0.032775436 
620 308 10 12 0.032731492 
719 397 11 14 0.032710563 
904 53 8 10 0.032709375 
222 253 10 11 0.032708254 
447 182 9 10 0.032646388 
458 40 7 9 0.03261368 
455 369 11 14 0.03259469 
416 92 8 10 0.03256947 
518 332 10 12 0.032562613 
471 55 8 10 0.03256158 
1001 157 8 11 0.03253878 
201 437 12 16 0.03251091 
568 128 8 9 0.032501273 
168 15 7 9 0.03249588 
206 461 12 15 0.032490045 
318 351 9 13 0.032467045 
326 532 12 14 0.032406654 
693 136 8 9 0.032402765 
497 137 7 9 0.0323995 
125 214 8 11 0.032387264 
399 111 7 10 0.032384697 
952 617 10 16 0.032339945 
233 111 8 10 0.032319706 
528 207 8 10 0.032315508 
432 253 9 11 0.032290354 
23 322 18 23 0.032282397 
684 317 11 14 0.032280225 
926 270 11 14 0.03225723 
480 424 10 13 0.03222491 
285 254 9 10 0.032223236 
550 265 10 13 0.032204207 
81 192 9 11 0.032203246 
559 411 11 13 0.032200523 
480 480 11 14 0.032137655 
932 288 10 13 0.03212833 
840 293 9 11 0.032127663 
25 204 11 14 0.0320829 
201 168 6 9 0.0320672 
578 206 9 10 0.03206702 
23 306 13 19 0.0320657 
898 328 10 14 0.03202803 
904 39 7 9 0.03198526 
1013 470 12 18 0.03196951 
309 492 21 27 0.031878013 
247 444 11 15 0.03187158 
843 427 12 16 0.031859163 
310 94 7 10 0.031845972 
631 376 12 14 0.03183893 
908 413 11 15 0.031827353 
739 112 8 9 0.031812366 
936 40 7 10 0.031812366 
370 72 7 8 0.031799857 
910 53 8 10 0.031791996 
528 214 8 10 0.03178528 
610 112 8 10 0.031766094 
234 458 13 15 0.031751942 
13 187 9 11 0.03174882 
881 164 8 11 0.03173922 
913 132 8 12 0.031736307 
592 464 14 17 0.031719048 
626 149 8 10 0.031710424 
757 429 12 15 0.031673852 
807 442 12 16 0.031672306 
920 168 8 10 0.0316358 
1000 92 10 12 0.03161839 
567 176 8 10 0.031608976 
912 390 10 13 0.031595897 
694 217 17 23 0.031585958 
560 63 6 9 0.03158581 
774 76 8 11 0.031574193 
511 295 9 12 0.03157206 
241 124 7 10 0.03153311 
514 581 8 12 0.031503525 
240 253 9 10 0.03146355 
892 347 12 14 0.03145178 
391 294 8 11 0.031443123 
886 238 8 11 0.031433154 
696 303 11 13 0.031428296 
653 333 11 14 0.031428255 
62 84 9 11 0.031394817 
131 237 9 11 0.031381644 
440 302 9 12 0.031367484 
542 205 9 10 0.031361584 
87 266 17 23 0.031323817 
616 224 8 10 0.03131979 
517 631 7 10 0.031317636 
814 444 11 16 0.031293496 
732 206 9 11 0.031282224 
876 304 12 16 0.031259086 
967 95 9 11 0.03125455 
552 158 7 9 0.03125395 
432 339 11 15 0.031246208 
143 69 8 9 0.031244207 
196 421 11 13 0.031217642 
796 576 12 16 0.031216845 
199 86 8 9 0.031210233 
905 246 9 12 0.031201852 
463 64 7 9 0.031197932 
855 509 13 17 0.031192211 
542 15 8 10 0.031166729 
553 215 8 9 0.031155106 
881 111 8 10 0.031150537 
464 22 8 11 0.031119106 
92 396 9 11 0.031108504 
815 116 8 11 0.031033462 
200 285 9 11 0.030990623 
406 142 9 11 0.030981591 
478 405 10 13 0.030969892 
614 212 8 11 0.030960908 
215 245 9 12 0.030905792 
561 165 7 10 0.030861389 
393 149 8 11 0.03085139 
256 72 7 9 0.030824002 
626 64 7 10 0.030804308 
600 428 12 15 0.030792302 
431 40 8 10 0.03076824 
581 406 11 13 0.03075617 
745 417 13 16 0.030750155 
303 272 9 10 0.030747937 
578 64 7 9 0.03074612 
799 287 8 10 0.030725097 
327 96 7 9 0.030718384 
505 102 6 9 0.030703105 
519 456 11 15 0.030691486 
845 264 10 12 0.030685352 
310 248 7 10 0.030683942 
481 159 8 10 0.030681044 
152 352 16 22 0.030677887 
609 207 8 11 0.030677637 
887 105 7 9 0.030666769 
199 373 8 11 0.03062734 
424 127 7 10 0.030616108 
457 118 8 9 0.030610988 
514 134 8 10 0.030586816 
593 78 7 11 0.03055317 
344 257 8 9 0.030535419 
337 180 7 10 0.030514592 
926 127 9 12 0.030499488 
239 247 8 10 0.030490208 
425 109 8 10 0.030489288 
279 248 9 10 0.030425671 
782 388 11 15 0.030390894 
376 64 7 10 0.030386247 
685 379 11 15 0.030376902 
333 158 8 9 0.030368673 
98 57 7 9 0.030335471 
1014 295 8 11 0.030316427 
738 179 10 12 0.030287482 
118 554 12 17 0.030287482 
6 162 14 16 0.030274222 
541 324 9 12 0.030267362 
1013 308 10 13 0.030263772 
175 334 10 12 0.030259483 
417 152 8 10 0.030231394 
217 195 10 12 0.030225767 
113 15 9 10 0.030223658 
685 345 13 15 0.030221935 
699 527 18 25 0.03021917 
495 367 9 11 0.03013688 
223 118 9 10 0.030120201 
793 245 8 11 0.030104032 
973 350 11 14 0.03010191 
104 191 8 11 0.030084541 
256 159 7 9 0.030062841 
361 436 12 16 0.030053036 
1005 52 8 12 0.030035812 
7 470 12 16 0.030014966 
112 21 10 11 0.030014897 
369 80 7 9 0.030012272 
303 182 7 8 0.030011427 
272 247 9 11 0.029988043 
981 175 8 11 0.029982498 
159 392 10 13 0.029978503 
215 79 8 9 0.029903032 
909 236 8 12 0.02989286 
90 64 8 10 0.02989113 
633 54 6 9 0.029887823 
916 310 12 13 0.029870356 
495 410 11 15 0.02984506 
196 366 10 13 0.029832441 
744 322 12 16 0.029831374 
967 241 9 11 0.029829841 
602 314 11 13 0.029813273 
336 373 10 13 0.02980859 
440 126 7 9 0.029804861 
822 507 13 17 0.029723512 
418 164 8 10 0.02972046 
912 555 9 12 0.02971359 
303 454 11 15 0.02970966 
894 93 9 12 0.02969949 
409 240 9 11 0.029689867 
64 222 8 10 0.029684214 
337 200 7 8 0.029683594 
587 109 8 10 0.029675532 
800 263 9 10 0.02966292 
480 134 7 8 0.029656181 
575 263 9 11 0.029646685 
631 65 7 9 0.029641809 
584 120 9 11 0.02963939 
832 221 8 10 0.029633807 
554 30 7 9 0.029632136 
585 213 9 10 0.029624624 
57 118 8 10 0.029612247 
495 214 9 10 0.029582703 
933 232 8 11 0.029581537 
80 296 13 16 0.029579666 
510 270 8 11 0.029572055 
558 340 10 12 0.02955625 
246 152 7 9 0.029548764 
608 104 8 9 0.02954473 
287 102 7 9 0.029539673 
206 470 19 21 0.029480398 
192 150 9 11 0.029479094 
520 368 10 13 0.029460186 
932 440 14 16 0.029422605 
332 325 11 13 0.029412279 
688 206 8 11 0.029403351 
595 266 18 23 0.029394107 
286 381 10 13 0.029379373 
350 88 8 9 0.0293608 
399 316 9 11 0.029359639 
485 223 9 11 0.029355358 
472 63 8 9 0.029322863 
120 262 9 12 0.02931888 
946 47 8 10 0.029299771 
199 295 9 11 0.029273804 
414 135 8 10 0.029264685 
521 65 7 9 0.029256113 
92 275 9 11 0.029210312 
583 79 8 10 0.029183911 
77 263 8 11 0.029154105 
599 143 7 10 0.029107906 
704 291 12 14 0.029100591 
37 422 8 12 0.029090103 
880 64 7 9 0.029070083 
888 2 8 9 0.029061344 
1000 359 10 14 0.029026004 
296 296 9 10 0.028991804 
341 357 9 11 0.028991017 
81 524 10 14 0.028985338 
1005 405 18 28 0.028979236 
888 232 8 10 0.028971668 
1001 80 7 10 0.02894048 
745 355 12 16 0.028921036 
961 31 7 10 0.028921021 
111 294 9 13 0.028911691 
405 163 8 11 0.028909167 
960 62 8 10 0.028901618 
191 167 8 10 0.028888537 
859 358 14 18 0.028880358 
120 70 8 11 0.028844187 
241 84 8 10 0.028842889 
512 39 7 9 0.028832816 
1000 151 8 10 0.028816381 
318 135 8 10 0.028781632 
807 24 8 10 0.028778989 
240 134 7 10 0.028769046 
967 264 9 10 0.028768528 
450 86 7 9 0.028767906 
528 174 7 10 0.028761135 
190 102 7 10 0.028738437 
850 96 9 12 0.02873123 
632 341 10 14 0.02872459 
158 134 7 9 0.028705064 
471 198 8 10 0.028669875 
511 335 9 11 0.028650837 
636 189 8 11 0.028650397 
672 200 9 11 0.028617991 
901 157 9 11 0.028612273 
769 63 8 10 0.028605845 
214 87 8 9 0.02860415 
592 387 10 13 0.028600404 
544 167 7 9 0.028591873 
175 350 9 12 0.028586825 
950 288 9 12 0.028558254 
94 87 10 12 0.02854496 
629 230 9 11 0.028541295 
200 328 9 10 0.028539898 
206 253 9 11 0.028494252 
954 188 8 10 0.028491877 
797 294 10 12 0.028466104 
598 103 7 9 0.02844264 
266 100 7 11 0.028414093 
148 468 11 15 0.028412802 
327 263 9 11 0.028411578 
327 356 9 12 0.028370468 
209 129 8 10 0.028352652 
851 394 12 15 0.028333575 
230 318 9 10 0.028324565 
880 38 8 10 0.028283142 
784 38 8 10 0.028277116 
929 48 8 9 0.028264947 
624 127 8 9 0.028229697 
464 87 7 9 0.028227381 
671 62 7 10 0.028203797 
886 246 8 11 0.028196517 
727 290 10 13 0.028196262 
839 144 8 11 0.028195119 
849 326 13 16 0.028176717 
540 503 13 15 0.028169092 
430 392 9 12 0.028163942 
1004 506 14 22 0.028153 
547 135 8 11 0.028132146 
870 228 9 11 0.028122343 
856 232 8 10 0.028078195 
958 339 10 13 0.028069336 
295 377 16 23 0.02806738 
309 546 13 15 0.02804922 
741 267 17 21 0.028042724 
211 316 8 12 0.028024744 
1015 90 9 13 0.028014634 
761 379 12 17 0.028011143 
577 192 8 10 0.028010745 
821 429 11 15 0.027970534 
846 63 8 10 0.027940437 
236 390 9 13 0.027934168 
399 55 7 9 0.027922869 
855 233 18 24 0.027909258 
406 428 10 13 0.027891325 
287 111 8 11 0.027888019 
774 318 9 13 0.027837891 
720 279 18 23 0.027824152 
614 273 18 24 0.027808491 
534 252 11 14 0.027797118 
631 128 7 9 0.027790096 
649 166 8 10 0.027783537 
1005 47 8 11 0.027782729 
352 529 12 16 0.027771104 
880 103 8 11 0.027764158 
345 189 8 10 0.02776407 
464 150 7 10 0.02773657 
103 118 7 10 0.027735561 
601 463 14 18 0.027734648 
649 87 8 10 0.027722673 
399 88 7 9 0.027711516 
424 104 7 9 0.027710741 
741 265 10 12 0.027684277 
657 237 9 11 0.027670994 
296 168 7 9 0.027643148 
870 102 9 12 0.027630106 
774 165 8 10 0.027615778 
208 140 8 9 0.02760908 
554 56 8 9 0.027602063 
797 245 8 10 0.027598254 
256 359 8 12 0.02756506 
536 113 7 9 0.027556593 
959 303 9 11 0.027556356 
281 556 10 13 0.027549105 
222 295 8 11 0.027524833 
403 656 12 16 0.027504865 
975 261 8 11 0.027503885 
615 103 8 11 0.027503762 
120 124 9 12 0.027486976 
924 262 10 13 0.027485168 
817 84 7 10 0.027479926 
183 172 10 11 0.027459703 
687 166 10 12 0.027455661 
178 286 10 12 0.027428435 
479 109 7 9 0.027426055 
402 176 8 10 0.027419774 
151 127 8 10 0.027396774 
916 267 17 22 0.027390307 
856 256 9 11 0.027388401 
786 380 10 15 0.027353467 
800 23 9 11 0.027340358 
364 510 12 16 0.027293699 
688 336 19 22 0.027266867 
706 418 13 18 0.027259834 
761 375 10 13 0.027257588 
567 102 7 9 0.027233128 
687 198 9 11 0.02720694 
353 350 9 12 0.027201436 
98 512 13 18 0.027200177 
145 79 8 10 0.027162313 
512 205 9 12 0.027161999 
456 127 8 10 0.027150763 
536 174 7 10 0.027143516 
598 374 11 15 0.027133647 
606 158 8 10 0.027102333 
246 311 17 23 0.027101494 
789 263 8 11 0.0270803 
760 418 13 15 0.02707601 
425 531 14 20 0.027074018 
894 275 10 12 0.027072597 
702 469 13 16 0.027071778 
818 217 8 10 0.027067903 
207 79 7 9 0.02705057 
813 292 8 11 0.027044136 
913 269 11 15 0.027018847 
423 78 7 10 0.02701323 
879 47 8 9 0.026988031 
558 144 8 10 0.026983121 
710 166 7 10 0.026979271 
456 112 8 10 0.02696116 
309 331 18 23 0.026960948 
206 231 9 11 0.026925754 
280 311 9 11 0.026922857 
967 349 11 14 0.02690003 
254 294 8 11 0.0268938 
165 144 9 11 0.026886405 
905 236 9 11 0.02685434 
42 375 9 13 0.026853792 
822 456 13 16 0.026852356 
50 72 8 10 0.026850348 
734 215 10 12 0.026825769 
904 119 8 10 0.026820222 
440 88 7 8 0.026804125 
167 627 9 12 0.026796438 
556 419 12 14 0.02678233 
529 183 8 10 0.026769344 
649 144 8 9 0.02675749 
621 270 9 11 0.026750583 
693 142 9 10 0.026749013 
439 433 11 14 0.026740985 
542 32 7 9 0.026733583 
814 228 8 11 0.026717652 
456 64 9 10 0.026716268 
694 86 7 10 0.02670396 
11 256 11 14 0.026631251 
319 112 8 10 0.026629964 
331 344 17 22 0.026577007 
892 426 14 18 0.026557446 
-2 135 7 12 0.026554031 
553 175 7 9 0.026549188 
609 77 8 12 0.026548855 
809 96 9 10 0.026524294 
270 254 9 10 0.026516855 
438 254 8 11 0.02650235 
224 390 11 14 0.02649831 
688 141 9 11 0.026484922 
339 349 10 13 0.026483225 
420 443 14 18 0.026481582 
945 241 9 10 0.026463738 
433 150 7 10 0.026451087 
775 359 10 14 0.026450528 
65 263 9 12 0.026426122 
190 85 9 10 0.026423948 
575 216 8 9 0.026398484 
119 329 9 10 0.026391542 
266 86 6 8 0.026363283 
469 256 12 15 0.026359262 
308 428 14 16 0.026357397 
735 262 9 12 0.02635567 
440 62 7 10 0.0263414 
942 30 8 10 0.026340954 
551 564 10 14 0.026334936 
790 32 8 10 0.026332395 
451 220 9 11 0.026321536 
919 407 14 18 0.026320025 
866 238 19 25 0.026317019 
224 112 8 10 0.026307626 
260 364 10 13 0.026287857 
376 152 9 11 0.026276521 
267 420 10 14 0.02627174 
551 364 10 13 0.02626608 
71 286 10 14 0.026265629 
493 431 9 12 0.026259862 
487 362 10 13 0.02624688 
974 325 8 11 0.026237823 
616 198 7 9 0.026223179 
573 352 19 22 0.026205705 
975 234 9 13 0.026205376 
536 37 7 10 0.02620096 
1014 86 8 12 0.026185585 
870 109 8 10 0.026163803 
165 245 9 11 0.026153244 
598 177 18 24 0.026145058 
62 214 8 10 0.026120378 
359 197 9 11 0.02611278 
999 142 7 10 0.026110208 
568 371 11 14 0.026080146 
369 525 15 19 0.02606578 
588 419 12 14 0.026063737 
607 198 8 10 0.026042985 
550 622 9 13 0.02601127 
248 389 10 12 0.025999116 
661 150 8 11 0.02597672 
560 94 7 10 0.025967961 
575 129 7 9 0.025960201 
333 437 12 15 0.02594822 
387 204 8 11 0.025945328 
665 63 8 9 0.025936382 
801 165 9 12 0.02591604 
785 309 10 14 0.025908386 
590 331 11 14 0.025900336 
567 256 9 12 0.025863562 
495 389 9 12 0.025843862 
873 55 7 10 0.025810594 
1015 165 9 13 0.025797341 
525 379 10 13 0.025782414 
865 63 7 9 0.025762556 
721 192 7 11 0.025739934 
1001 283 9 12 0.025704814 
790 255 8 10 0.025677267 
418 297 17 22 0.025673712 
879 245 9 11 0.025672896 
815 429 10 14 0.025645148 
490 71 7 10 0.025641669 
583 49 7 9 0.025612503 
199 262 8 10 0.02560449 
641 69 8 10 0.025602205 
508 240 9 10 0.025558455 
472 156 8 10 0.025551854 
775 65 7 9 0.025540369 
517 342 10 12 0.025536062 
607 235 9 12 0.025533436 
642 231 9 12 0.025527587 
445 191 9 11 0.025517084 
155 238 9 11 0.02548687 
175 340 10 12 0.025483934 
646 183 8 11 0.025482073 
136 70 9 11 0.025464272 
12 325 11 16 0.025458543 
682 71 7 10 0.025448255 
295 112 8 10 0.025441999 
142 339 11 13 0.025431603 
231 272 9 10 0.025429575 
295 334 9 12 0.025428211 
89 69 9 12 0.025413193 
423 87 8 10 0.025400296 
303 263 8 10 0.02539812 
435 142 6 9 0.025393015 
709 398 12 14 0.025380898 
693 293 9 12 0.02537951 
305 453 20 26 0.02537059 
781 332 10 13 0.02535023 
264 119 7 9 0.02532233 
340 316 9 12 0.025317539 
910 158 8 10 0.025312517 
599 486 14 18 0.02531201 
200 173 7 9 0.025302406 
909 151 9 12 0.02527034 
677 205 10 12 0.025268288 
1007 451 16 22 0.025254946 
565 400 19 24 0.025253158 
150 370 10 12 0.025243305 
136 101 8 10 0.025241602 
160 79 8 10 0.025236474 
455 412 10 12 0.02522441 
358 287 8 10 0.025220577 
283 263 19 24 0.025218418 
319 546 11 14 0.025201382 
397 381 11 14 0.025190074 
111 485 12 18 0.025186414 
641 205 7 10 0.025164953 
594 190 8 10 0.025156809 
82 401 13 15 0.025156666 
388 570 13 16 0.02512514 
704 200 8 11 0.025119377 
368 127 8 10 0.025095597 
583 166 7 10 0.025077604 
429 245 9 11 0.025073089 
39 292 12 16 0.025071563 
748 380 12 16 0.02506517 
928 576 11 13 0.025059354 
368 332 9 12 0.025056835 
297 183 7 10 0.025050726 
849 373 10 14 0.025047863 
455 183 8 10 0.025036216 
497 182 8 11 0.025025364 
474 119 7 9 0.025008483 
333 152 8 9 0.024991963 
928 165 8 11 0.024985239 
372 281 18 22 0.024980905 
599 398 11 13 0.024931788 
440 349 11 15 0.024919776 
71 317 13 17 0.024911545 
527 7 7 9 0.024902271 
821 419 11 14 0.024897385 
999 460 12 16 0.024896445 
713 215 8 11 0.024889767 
32 473 20 26 0.024885556 
116 413 9 13 0.02487522 
197 431 12 14 0.024872778 
128 181 8 12 0.024870854 
683 280 18 22 0.024864402 
599 120 7 10 0.02485523 
479 64 7 9 0.024853507 
720 311 10 13 0.024826277 
350 223 7 10 0.02482265 
310 102 8 9 0.024794765 
215 271 9 10 0.02476922 
108 162 18 23 0.024762042 
519 206 8 11 0.024743732 
776 578 14 18 0.0247429 
501 205 9 12 0.024742657 
533 421 11 13 0.024742289 
526 245 10 13 0.02474073 
368 85 8 10 0.024724284 
489 310 9 12 0.024715222 
772 485 14 17 0.024710236 
597 110 8 10 0.024697935 
729 4 9 11 0.024696644 
5 413 9 16 0.024685174 
874 124 9 12 0.024672331 
542 278 10 12 0.024650065 
788 375 13 16 0.024640795 
734 197 8 11 0.024638267 
425 94 7 9 0.0246366 
906 329 13 16 0.024622854 
546 269 9 12 0.02461398 
488 111 8 9 0.024605528 
657 100 8 10 0.024597717 
634 5 11 12 0.02455949 
785 275 9 12 0.024554666 
338 290 17 21 0.024550643 
884 331 12 14 0.024529591 
749 288 10 11 0.024522614 
136 395 10 14 0.024516176 
336 96 8 9 0.024514602 
622 331 12 15 0.02448934 
825 289 17 21 0.024485813 
521 86 8 9 0.024467861 
473 145 7 9 0.024467653 
867 340 12 15 0.024466345 
870 264 8 11 0.024432998 
127 72 8 10 0.024417078 
665 333 10 13 0.024408406 
289 143 7 9 0.02440467 
312 111 8 10 0.02439964 
705 205 8 10 0.02439763 
737 117 8 10 0.024356833 
557 23 8 10 0.024351604 
851 380 13 16 0.024344591 
831 309 10 13 0.024328774 
105 199 8 11 0.024325697 
445 332 10 13 0.024323398 
930 85 7 9 0.024318725 
745 105 6 9 0.024307135 
153 300 10 11 0.02430211 
258 144 7 9 0.024299217 
529 198 8 9 0.024297116 
283 367 10 13 0.024267834 
832 190 9 12 0.024261925 
944 181 9 12 0.024258502 
161 109 8 11 0.024252672 
64 207 8 10 0.024246624 
742 287 10 12 0.024240408 
560 181 8 10 0.024230933 
338 376 18 22 0.024228282 
125 308 8 12 0.024225779 
159 311 10 11 0.024212776 
742 212 10 13 0.024207609 
970 103 10 12 0.024205618 
687 145 18 24 0.024195138 
257 546 14 18 0.024174325 
155 419 11 15 0.024169987 
544 7 9 10 0.024151525 
440 230 9 11 0.024140483 
287 238 8 9 0.024136106 
351 132 8 11 0.024133082 
612 335 11 13 0.02413282 
399 150 8 9 0.024124166 
223 421 10 13 0.02410912 
456 135 7 10 0.024106601 
799 103 9 12 0.024100779 
520 174 8 11 0.024099255 
825 158 9 11 0.024089526 
69 84 9 12 0.024081603 
310 398 9 11 0.024077753 
314 72 7 9 0.024069957 
550 557 11 15 0.024062654 
695 118 7 11 0.024042586 
570 229 8 11 0.02402527 
814 29 8 10 0.024020355 
494 87 8 10 0.024013089 
839 302 10 12 0.024009444 
641 173 8 12 0.024005134 
134 340 9 12 0.023979716 
575 119 7 9 0.023977203 
479 24 9 10 0.02397522 
191 397 10 15 0.023970626 
138 542 12 18 0.023955142 
574 517 10 15 0.023945931 
471 288 10 13 0.02394272 
47 175 9 11 0.023923978 
839 71 8 10 0.023905735 
611 435 12 16 0.023897864 
337 73 8 10 0.023882564 
785 46 9 11 0.023845026 
422 152 7 10 0.023823682 
126 207 8 11 0.023792185 
6 205 8 10 0.023785949 
600 71 8 9 0.0237848 
878 143 9 11 0.023784678 
669 232 9 10 0.023779597 
224 358 10 13 0.02377709 
558 30 7 9 0.023760527 
652 343 12 14 0.023749303 
441 23 9 11 0.023739526 
198 271 9 11 0.023738377 
632 92 8 10 0.023712471 
416 175 8 10 0.023706775 
595 293 10 13 0.02369941 
663 144 7 9 0.023699261 
249 381 10 13 0.023689361 
777 190 8 11 0.023684515 
101 342 10 11 0.023680897 
206 397 12 16 0.023678731 
743 148 9 13 0.023673804 
872 199 9 12 0.023653854 
1005 286 9 11 0.023634793 
674 215 9 11 0.023628555 
687 425 14 17 0.023613933 
930 523 12 15 0.023606777 
115 335 9 11 0.023603538 
113 406 8 11 0.0235987 
583 23 7 10 0.023595767 
440 174 8 9 0.023595242 
320 263 8 10 0.02357533 
328 87 7 9 0.023569465 
231 126 8 10 0.023550482 
943 262 9 11 0.023549639 
1015 255 9 12 0.023532594 
1014 269 8 12 0.023528166 
102 182 10 11 0.023522548 
423 251 10 12 0.02351588 
593 183 9 11 0.023507133 
324 540 13 15 0.023506436 
273 212 10 11 0.023500009 
565 628 9 12 0.023498718 
271 166 7 9 0.023487 
200 200 7 10 0.023479253 
448 72 6 9 0.023475027 
550 572 9 12 0.023470186 
542 618 11 15 0.02346992 
976 379 11 15 0.02345701 
464 462 11 14 0.023452431 
670 247 8 10 0.023444582 
256 96 7 9 0.023440702 
285 285 9 11 0.023439664 
489 63 8 10 0.02341466 
543 237 9 11 0.023399917 
495 103 7 9 0.023387358 
497 165 7 9 0.02338087 
301 312 18 22 0.023373485 
5 548 10 14 0.02335947 
472 430 10 13 0.023330193 
155 331 17 21 0.023329422 
976 214 9 11 0.023325652 
346 134 7 10 0.023325456 
144 200 17 23 0.02332227 
261 357 11 14 0.023321757 
238 285 9 11 0.023321394 
656 258 10 13 0.023318455 
973 341 10 13 0.023303194 
815 244 8 11 0.023289401 
26 316 15 19 0.023281317 
542 56 6 9 0.02328075 
105 112 9 11 0.023277748 
973 302 8 11 0.02325272 
838 515 14 19 0.023243424 
529 430 10 12 0.023235058 
524 290 10 13 0.023226963 
479 333 10 13 0.023220865 
393 192 8 9 0.02320718 
407 120 7 9 0.023185518 
750 263 18 23 0.023176016 
870 21 9 11 0.02317187 
290 79 7 9 0.023161657 
479 56 8 10 0.023146428 
231 87 8 10 0.023145454 
246 350 10 12 0.023130374 
278 87 8 9 0.023128202 
854 15 9 10 0.023115285 
180 286 17 23 0.023086151 
694 110 8 10 0.023077456 
938 431 14 19 0.023076983 
448 64 7 9 0.02307692 
504 416 10 14 0.023063915 
208 87 8 9 0.023049094 
695 64 8 10 0.02303838 
1000 164 9 12 0.023031194 
900 457 13 17 0.023030126 
652 426 13 17 0.023016673 
736 275 10 13 0.023013031 
290 150 8 10 0.022994975 
768 127 10 12 0.022989085 
127 77 8 10 0.022984391 
511 95 7 9 0.022980353 
881 150 8 10 0.022968734 
216 332 9 12 0.02295873 
813 254 10 12 0.022955455 
218 159 7 9 0.02294464 
910 103 9 11 0.022918312 
535 168 6 8 0.022912884 
912 306 11 15 0.022910021 
196 356 10 13 0.022885153 
246 158 7 9 0.022876618 
560 395 10 13 0.022870993 
757 364 10 13 0.02286184 
58 287 19 23 0.022855023 
942 39 8 10 0.0228517 
654 73 7 9 0.022850433 
772 129 18 23 0.02284401 
230 92 8 11 0.022843223 
666 358 11 14 0.022842046 
175 462 8 11 0.022826932 
57 287 11 15 0.02282028 
951 135 8 11 0.022814954 
391 274 17 22 0.022807417 
423 391 11 13 0.022801451 
622 192 8 10 0.022797944 
825 86 8 10 0.022790484 
747 348 12 14 0.0227796 
904 282 10 13 0.022775196 
246 56 7 10 0.022768034 
456 292 10 13 0.022729259 
689 335 11 14 0.022721333 
110 220 11 14 0.022720668 
135 469 12 15 0.022711858 
617 23 8 10 0.022707097 
399 94 7 10 0.02270694 
706 86 8 11 0.022706442 
742 373 10 14 0.022706442 
190 315 11 13 0.022705669 
577 180 8 10 0.022704506 
951 77 7 10 0.022685887 
944 290 10 11 0.022676306 
992 239 10 12 0.022665836 
485 347 17 22 0.022652362 
16 300 11 13 0.022623066 
887 47 7 8 0.022600722 
630 332 11 14 0.022585958 
247 357 9 12 0.022585873 
234 505 13 16 0.022584789 
448 235 10 13 0.022561966 
758 286 10 12 0.022555694 
290 303 8 11 0.022548037 
865 167 8 11 0.022544064 
173 389 8 12 0.022535875 
871 134 9 12 0.022534478 
337 101 7 9 0.022514155 
892 363 15 17 0.022506012 
288 117 7 10 0.022505736 
0 239 10 14 0.02249729 
37 187 9 11 0.022491595 
93 528 14 19 0.022485884 
679 273 17 22 0.02248425 
208 110 8 10 0.02246255 
607 38 7 9 0.0224611 
81 231 9 12 0.022458244 
786 289 19 23 0.022455545 
822 390 11 14 0.022450767 
991 428 11 15 0.022443673 
728 237 9 12 0.022439308 
1000 334 11 14 0.0224387 
432 44 8 11 0.022424698 
808 254 9 12 0.022419786 
454 208 8 11 0.022390839 
496 335 10 13 0.022385491 
589 208 18 24 0.022370135 
773 287 10 12 0.022362238 
207 272 9 10 0.022347383 
593 40 8 10 0.022336425 
663 187 10 13 0.022329345 
24 199 10 12 0.022321237 
1013 355 11 15 0.022314416 
327 527 11 12 0.022314254 
879 192 8 10 0.022310419 
669 238 8 11 0.022291224 
887 205 8 11 0.022283798 
151 65 8 10 0.0222705 
196 396 13 16 0.022262318 
479 364 10 11 0.022237891 
471 38 7 10 0.022231422 
513 463 14 16 0.02221226 
392 446 14 17 0.0221927 
550 246 10 12 0.022191986 
539 461 12 14 0.022186887 
521 102 8 10 0.022182662 
759 353 12 16 0.022179052 
434 167 7 9 0.022172792 
857 72 8 10 0.022154318 
551 100 7 10 0.022145752 
877 367 13 17 0.022130227 
108 357 10 14 0.022123158 
887 175 9 11 0.022119826 
206 373 10 13 0.022118524 
477 444 12 13 0.02210215 
352 538 10 13 0.022101566 
374 510 12 16 0.022091929 
191 415 10 13 0.022076804 
302 239 8 9 0.022076065 
422 264 11 12 0.022072133 
631 377 18 23 0.022069288 
533 230 8 10 0.022069132 
422 41 7 9 0.02206636 
366 198 8 10 0.022065336 
481 173 8 9 0.022061298 
793 238 9 12 0.022056554 
287 135 7 9 0.022049995 
904 71 7 10 0.022048801 
492 473 11 14 0.022042438 
600 235 11 13 0.022028308 
624 174 8 11 0.022011675 
416 142 8 10 0.021986865 
0 180 9 14 0.021961719 
384 141 8 11 0.021960642 
46 215 7 9 0.02193534 
605 275 10 13 0.021933632 
497 175 7 10 0.021922655 
447 117 8 10 0.021891149 
469 515 13 16 0.021870082 
757 200 8 10 0.021856548 
479 120 7 9 0.02185611 
0 406 7 12 0.021852855 
527 109 9 11 0.021848511 
124 189 9 12 0.021828985 
257 438 12 17 0.021819446 
776 23 9 11 0.021798654 
38 317 13 16 0.021787325 
375 217 7 10 0.021783935 
464 16 7 9 0.021773146 
133 421 10 14 0.02177111 
981 44 8 10 0.021739936 
338 228 8 10 0.021714937 
146 84 9 11 0.021685088 
823 244 9 12 0.02168403 
406 541 12 16 0.021678932 
349 287 10 12 0.02167632 
498 341 11 14 0.021670263 
608 265 8 10 0.021660041 
864 214 20 24 0.021654306 
567 39 8 9 0.021650746 
872 94 9 11 0.021649038 
28 341 12 15 0.021647757 
959 198 9 11 0.021638613 
607 224 8 11 0.021636257 
1015 285 9 13 0.021627698 
585 85 7 9 0.021627218 
227 374 10 13 0.021623159 
989 407 18 24 0.021618236 
263 216 7 9 0.021616733 
31 213 10 12 0.021611873 
380 232 18 23 0.021611314 
502 256 17 22 0.021603532 
769 534 15 19 0.02159725 
958 116 9 11 0.021589063 
632 206 8 10 0.021580942 
445 437 10 13 0.021578345 
438 193 17 23 0.021557936 
883 489 15 19 0.021547033 
565 151 8 11 0.02153779 
464 53 7 11 0.021529472 
769 264 17 22 0.02152922 
313 118 7 10 0.021523496 
224 451 12 14 0.021507816 
298 411 9 14 0.021502439 
542 38 8 9 0.021501373 
809 61 8 11 0.021453481 
952 476 12 16 0.02144682 
711 206 8 10 0.021443654 
246 60 8 11 0.021443324 
735 147 11 14 0.021431772 
919 48 8 9 0.021419695 
407 294 10 12 0.021412997 
534 101 8 10 0.021392524 
1005 151 9 10 0.021390483 
298 540 16 18 0.021389404 
994 300 10 12 0.02136867 
27 300 12 14 0.021365816 
761 24 9 12 0.021337746 
423 54 7 9 0.021317312 
996 610 14 19 0.021316558 
786 110 9 13 0.021316167 
966 54 7 10 0.021313304 
943 159 8 11 0.021307377 
519 110 8 10 0.021295538 
966 167 8 11 0.021292597 
102 46 8 10 0.021291418 
318 341 9 12 0.021278735 
540 519 11 15 0.021271924 
148 382 11 13 0.021246132 
521 301 9 12 0.021239294 
705 225 17 23 0.021217823 
999 133 8 11 0.021210441 
272 387 10 13 0.021188086 
572 484 12 16 0.021185579 
740 311 16 22 0.021183666 
388 232 9 11 0.02117599 
413 199 8 9 0.021175224 
246 249 9 10 0.021171477 
945 165 9 12 0.021162191 
543 118 8 10 0.021145072 
845 160 7 9 0.02114288 
894 72 7 9 0.021138715 
471 274 11 14 0.021125374 
694 96 7 9 0.02112441 
738 338 17 22 0.021116173 
304 502 13 17 0.021115365 
142 268 17 22 0.021101726 
504 30 8 10 0.021089204 
57 131 10 12 0.02107969 
236 279 9 11 0.021044532 
110 230 9 12 0.02103827 
806 262 8 10 0.02103719 
621 29 8 10 0.021035228 
400 261 10 12 0.021034269 
846 172 8 11 0.02103169 
829 277 9 11 0.021020712 
615 158 8 9 0.021019358 
321 168 8 10 0.021005018 
885 199 8 10 0.021000344 
462 167 8 10 0.020995086 
568 216 8 10 0.020978976 
377 329 16 20 0.020972757 
278 238 7 9 0.020963162 
296 101 8 10 0.020961856 
839 127 8 11 0.020955268 
486 253 10 12 0.020935114 
658 350 12 14 0.020934753 
111 56 9 11 0.020923946 
784 127 9 10 0.020922016 
568 274 10 13 0.020914141 
529 118 8 9 0.020885853 
200 190 7 10 0.02088196 
94 203 10 13 0.020873794 
383 173 8 10 0.020870106 
374 310 10 12 0.020869166 
832 196 9 12 0.02086755 
647 341 12 15 0.02086671 
648 95 9 11 0.020860925 
271 159 8 10 0.020859143 
448 282 10 13 0.020845463 
434 283 17 22 0.020833865 
598 96 7 10 0.020828146 
414 127 7 10 0.020822458 
300 376 11 13 0.020816077 
982 95 8 10 0.020791404 
776 103 8 11 0.020786982 
317 191 9 11 0.020785818 
189 381 10 12 0.020780228 
578 244 16 21 0.020769926 
541 489 13 15 0.02076118 
225 344 18 21 0.020760298 
494 110 8 10 0.020753028 
847 22 7 10 0.020749524 
543 262 9 13 0.020736871 
953 41 7 9 0.020729639 
32 104 9 12 0.020727355 
534 502 13 17 0.020723388 
864 104 8 10 0.020711632 
103 350 11 14 0.020708606 
576 22 7 10 0.02070754 
790 37 8 10 0.020704515 
85 252 10 13 0.02070134 
153 15 8 9 0.020699354 
110 347 11 14 0.020698987 
923 231 19 24 0.020697024 
357 126 8 11 0.020696932 
855 344 11 14 0.020692427 
896 37 8 10 0.020690657 
384 134 8 11 0.020687861 
800 322 19 23 0.020686198 
657 179 9 12 0.020681804 
878 55 8 10 0.02067838 
775 30 8 9 0.020673119 
294 88 7 9 0.020672191 
973 224 18 23 0.020669488 
382 152 8 10 0.02066638 
679 166 9 11 0.020661443 
845 301 9 13 0.020657446 
78 255 9 11 0.020654734 
696 68 8 10 0.020654013 
616 191 9 11 0.02065045 
654 206 8 9 0.020650035 
81 448 11 15 0.020643348 
801 140 9 12 0.02063499 
592 71 7 10 0.020631697 
982 39 8 11 0.020603565 
145 165 8 10 0.020602252 
378 94 7 10 0.020593127 
167 108 8 10 0.02055566 
949 339 12 14 0.020532375 
964 241 19 23 0.020531518 
816 71 8 10 0.020528337 
456 404 10 12 0.020522863 
71 79 8 11 0.020511996 
330 415 18 21 0.02050088 
389 254 10 11 0.020498611 
192 158 8 10 0.020482829 
414 223 9 12 0.020478567 
117 331 17 23 0.020469312 
432 332 11 13 0.020437686 
863 188 10 12 0.020435404 
781 13 9 11 0.020434452 
667 267 18 23 0.02043321 
505 127 7 9 0.020426959 
679 226 11 12 0.020404026 
999 385 12 16 0.020403815 
71 207 8 10 0.020402387 
958 65 18 24 0.020387473 
199 142 7 9 0.020379258 
732 429 12 14 0.020376895 
393 64 6 8 0.02035815 
525 593 8 11 0.020354409 
207 199 7 10 0.020353472 
588 166 20 25 0.020332294 
845 182 9 10 0.020326046 
894 5 9 10 0.02032314 
462 183 8 10 0.02031681 
838 288 9 10 0.020314123 
168 199 7 9 0.020299204 
211 453 13 15 0.020285798 
137 406 8 11 0.020276465 
136 148 9 11 0.020266669 
547 222 19 24 0.020265711 
535 23 7 10 0.020261731 
497 14 8 9 0.02025819 
1 258 19 27 0.02025441 
520 236 10 11 0.020254087 
639 55 8 10 0.020216562 
465 196 8 12 0.02021418 
809 594 12 15 0.020212322 
593 48 7 8 0.020196512 
172 229 9 12 0.020194592 
392 55 8 9 0.020182963 
814 273 8 9 0.02018275 
161 142 8 12 0.020172916 
280 181 6 8 0.020170446 
575 102 8 10 0.020170258 
567 348 10 13 0.020150784 
485 261 11 13 0.020148389 
223 524 11 15 0.020145519 
152 5 10 11 0.020142024 
151 140 10 12 0.020141028 
70 130 11 13 0.020139338 
566 340 10 13 0.020135984 
245 119 8 10 0.020128643 
967 341 10 14 0.020120524 
543 23 9 10 0.020118477 
519 182 8 11 0.020116048 
496 312 17 21 0.020111255 
529 342 10 12 0.020104969 
1008 80 8 11 0.020083375 
400 77 8 9 0.020074716 
655 216 17 23 0.020069705 
182 45 9 11 0.020065665 
915 387 21 25 0.02006273 
447 136 8 9 0.020061063 
494 396 10 13 0.020046707 
624 158 7 10 0.020026637 
