2_Demonstration_Protesters_2_46
162
78 52 60 75 0.99812776 
740 439 99 135 0.99769104 
957 116 64 86 0.9974982 
338 71 67 93 0.9965508 
262 147 64 90 0.99614906 
926 43 57 75 0.99415004 
617 92 60 92 0.9939785 
588 598 128 149 0.99264777 
645 267 81 121 0.99150366 
824 60 76 96 0.99030006 
427 502 93 143 0.98967767 
123 109 66 90 0.9893009 
755 39 59 77 0.989228 
793 602 90 113 0.9891585 
912 579 118 157 0.98798335 
273 15 54 63 0.9860119 
467 557 104 144 0.98520666 
494 150 77 103 0.9799098 
728 200 57 74 0.97872704 
394 119 50 68 0.9745968 
41 244 78 112 0.973869 
551 29 70 87 0.9721324 
386 340 84 96 0.9679261 
765 130 53 63 0.9295515 
240 87 44 61 0.92296517 
260 460 90 126 0.91815114 
929 206 70 106 0.8884703 
40 29 42 56 0.8664484 
560 561 113 146 0.75071853 
468 143 50 74 0.7101889 
362 344 64 77 0.6118405 
949 518 80 170 0.52360237 
688 22 29 36 0.46040094 
239 460 142 213 0.40610445 
-2 108 28 59 0.3943541 
5 236 80 111 0.36927658 
854 423 72 99 0.3503787 
845 605 129 127 0.33999982 
742 137 48 54 0.32710236 
730 30 27 36 0.31360164 
-4 437 49 114 0.29463416 
653 39 28 36 0.26774856 
829 21 35 41 0.26750097 
201 34 33 37 0.22585317 
751 52 25 39 0.21281752 
993 465 20 35 0.2032263 
-1 43 27 42 0.20038073 
581 95 32 44 0.18065575 
735 141 31 40 0.17981663 
508 565 105 147 0.15923499 
800 49 72 92 0.15438624 
797 423 104 134 0.14644334 
539 52 60 81 0.14478284 
246 24 42 53 0.14101453 
822 17 56 69 0.13680361 
936 11 28 31 0.13578738 
745 39 27 38 0.12482267 
256 125 51 71 0.12154325 
138 0 28 35 0.1146108 
255 65 47 68 0.09474132 
466 151 33 47 0.09203194 
57 45 51 68 0.090704374 
242 119 38 53 0.09013677 
573 646 40 62 0.08728788 
635 42 32 36 0.085910186 
944 175 62 99 0.08532739 
411 103 46 62 0.08285822 
112 247 53 64 0.082186185 
923 17 49 63 0.08168285 
358 94 68 90 0.08066472 
934 100 50 71 0.07461967 
-4 7 38 56 0.069591865 
471 171 61 80 0.064100176 
578 60 59 80 0.06385268 
867 650 47 45 0.063503474 
749 21 51 67 0.05928552 
751 191 53 67 0.056639224 
369 355 37 47 0.053805348 
270 191 52 69 0.052963234 
433 130 47 66 0.0527907 
739 14 42 55 0.050991464 
62 24 39 48 0.05064643 
7 -1 39 35 0.050546315 
343 335 57 75 0.04813732 
679 34 31 38 0.047284488 
938 70 56 77 0.045253675 
553 35 43 53 0.04523655 
748 606 109 133 0.04363745 
342 0 35 27 0.042782925 
649 188 51 66 0.042340968 
916 2 44 49 0.04181069 
202 149 37 58 0.04150332 
274 75 43 51 0.040157188 
756 96 33 40 0.040111244 
833 616 78 83 0.039296605 
168 146 49 65 0.038107295 
237 29 32 39 0.03713344 
754 33 32 41 0.03705892 
275 42 49 68 0.03625113 
756 0 32 33 0.03578126 
737 38 47 62 0.03577641 
297 316 17 22 0.03561282 
741 488 30 54 0.035504993 
229 129 44 64 0.03477436 
777 190 36 49 0.03435608 
898 106 27 38 0.03416379 
666 37 29 37 0.033712965 
381 520 97 133 0.033475515 
361 609 40 42 0.03314262 
433 105 36 49 0.032516297 
156 0 31 28 0.031618923 
277 284 27 46 0.030850546 
219 33 31 36 0.030604107 
522 25 62 83 0.030491242 
398 113 33 46 0.030470116 
117 211 48 62 0.030079665 
288 82 45 61 0.030029256 
802 22 51 68 0.029422475 
288 302 38 57 0.029364267 
326 162 31 46 0.02920204 
812 579 59 87 0.02918169 
879 0 27 32 0.028944153 
296 501 126 152 0.028363101 
802 98 57 67 0.02834991 
440 110 46 62 0.02797956 
904 24 48 61 0.027396109 
685 31 18 25 0.027165862 
721 172 54 75 0.027046256 
861 453 96 121 0.026839375 
718 152 45 59 0.026721954 
989 457 33 57 0.026501192 
475 215 37 43 0.026172385 
784 156 47 64 0.026154751 
598 43 52 61 0.02605049 
16 0 25 20 0.02590311 
565 23 45 53 0.02549792 
680 177 50 69 0.024868887 
689 46 27 33 0.024072593 
1000 3 24 35 0.023684107 
538 63 35 48 0.02348353 
266 103 50 64 0.02340017 
359 -2 47 39 0.023173533 
121 85 58 74 0.023084316 
311 73 49 68 0.022960022 
761 76 57 76 0.022950564 
488 16 29 46 0.022583304 
742 4 32 34 0.022316413 
658 36 18 22 0.02212985 
206 18 35 42 0.021763638 
663 616 104 124 0.021749385 
220 6 15 15 0.021518756 
109 271 32 45 0.021426361 
852 643 78 75 0.021244764 
939 248 39 57 0.021130765 
926 493 86 136 0.021097945 
-1 340 21 34 0.020906635 
123 210 27 42 0.020785157 
165 624 26 43 0.020613061 
745 345 17 21 0.02053814 
549 18 36 48 0.02035865 
991 444 12 15 0.020228606 
852 9 52 60 0.020221202 
