2_Demonstration_Political_Rally_2_319
768
618 457 33 46 0.9960918 
392 466 26 34 0.99448484 
116 446 23 29 0.9886479 
666 445 25 32 0.9841579 
157 486 24 36 0.978113 
716 531 29 51 0.92304146 
459 436 16 26 0.8909223 
137 685 23 38 0.8847135 
46 567 23 45 0.8496707 
192 412 18 23 0.76096 
0 395 11 17 0.7066454 
175 419 13 16 0.68441075 
308 422 13 16 0.6545449 
857 432 15 23 0.5815503 
876 388 9 12 0.5806786 
182 384 12 14 0.57899034 
158 386 13 17 0.5574535 
465 391 19 23 0.5564577 
261 377 12 15 0.5287317 
838 572 41 63 0.51631516 
57 459 21 29 0.51061845 
345 366 9 11 0.49325696 
220 394 13 16 0.47110695 
807 449 18 23 0.4642558 
238 398 12 16 0.45336 
511 480 16 21 0.44894707 
35 391 11 13 0.41469485 
198 381 11 14 0.39581564 
493 381 15 18 0.39400628 
24 366 9 11 0.38798836 
730 477 26 30 0.38786116 
748 404 10 15 0.38227487 
845 399 9 12 0.36434323 
243 379 12 15 0.3635232 
723 399 11 13 0.35448462 
997 489 16 23 0.3438162 
275 450 14 21 0.34028655 
42 436 17 22 0.33757618 
73 350 8 11 0.27929425 
323 396 15 19 0.278269 
320 342 10 12 0.2738431 
985 360 9 11 0.27290782 
279 444 24 31 0.2710529 
244 373 12 15 0.26599562 
174 413 12 16 0.25749558 
269 356 10 13 0.25186533 
312 379 12 14 0.24428748 
782 419 10 14 0.24114165 
223 350 8 11 0.23786218 
833 466 16 19 0.23685962 
380 416 17 22 0.23162787 
952 398 12 17 0.22692713 
686 405 10 13 0.22626841 
266 354 10 12 0.21819295 
45 457 23 30 0.21569929 
79 391 9 12 0.21436284 
109 371 9 12 0.21277213 
764 420 13 16 0.21156673 
56 371 9 12 0.20936279 
234 359 9 12 0.20667525 
208 444 23 27 0.19691376 
299 478 15 23 0.19492513 
147 412 11 14 0.17270142 
375 359 8 10 0.17066719 
424 366 10 11 0.16656303 
247 369 9 11 0.16462483 
386 410 15 19 0.16324334 
555 390 16 21 0.16079514 
895 394 13 15 0.15981142 
183 356 8 12 0.15934613 
926 375 8 11 0.15862666 
80 396 10 14 0.15806338 
967 365 7 9 0.15118122 
335 413 10 14 0.15087679 
388 405 13 16 0.15049537 
862 377 8 10 0.14962487 
582 523 34 45 0.14525367 
399 364 8 10 0.13886245 
192 358 9 12 0.13647312 
106 369 8 10 0.13326848 
436 411 14 18 0.12934975 
502 419 27 42 0.12920634 
136 367 8 10 0.12650298 
894 359 7 9 0.12615532 
966 374 9 12 0.1256491 
793 396 9 11 0.12470022 
739 472 27 33 0.122198276 
873 413 11 14 0.12126278 
542 445 25 32 0.12060482 
88 367 9 11 0.12038337 
191 335 6 8 0.12037773 
252 403 14 18 0.11980078 
30 463 14 19 0.1194723 
128 375 9 12 0.11934578 
798 397 9 12 0.11932985 
873 384 10 12 0.11719717 
0 331 8 12 0.11703971 
752 392 8 11 0.11642983 
222 399 14 20 0.116310194 
23 359 9 12 0.1159396 
190 382 10 14 0.11360701 
801 404 10 13 0.1133115 
302 359 9 12 0.11206861 
1000 352 8 9 0.10948748 
72 355 9 11 0.108744726 
1013 382 9 12 0.107834175 
273 466 24 33 0.107130215 
287 375 9 12 0.10501278 
370 357 9 11 0.10424115 
830 384 8 10 0.10385141 
255 333 9 11 0.103847474 
508 370 10 14 0.103698835 
341 411 14 20 0.102264695 
272 452 23 31 0.10188986 
143 371 10 13 0.101772375 
406 360 8 9 0.10122492 
982 382 10 12 0.10013522 
880 373 9 10 0.10012743 
540 450 17 23 0.0991229 
865 396 10 12 0.09893555 
330 326 8 11 0.09863002 
359 208 10 13 0.09753621 
54 319 8 10 0.097388975 
202 379 13 16 0.09720658 
239 390 11 15 0.09630279 
856 390 9 11 0.09540758 
165 365 9 11 0.09484413 
744 374 9 11 0.09465993 
750 398 10 16 0.09389182 
431 445 19 27 0.091478616 
223 345 8 10 0.091471024 
237 364 10 12 0.09142956 
284 358 8 11 0.09135898 
242 401 13 19 0.09123351 
310 358 9 10 0.091110684 
815 392 8 10 0.08964037 
1008 367 8 9 0.08944392 
863 406 10 12 0.089113 
5 368 8 11 0.08888147 
825 435 10 14 0.088724345 
30 320 8 9 0.088322915 
331 403 12 17 0.08729068 
110 450 17 22 0.08722176 
40 446 25 31 0.087075904 
315 419 11 17 0.08633372 
963 401 15 17 0.08517615 
382 358 8 11 0.08486274 
735 421 11 16 0.08404887 
76 381 10 12 0.08387695 
678 347 12 15 0.08349235 
229 402 13 19 0.08251619 
95 386 13 16 0.08130194 
257 328 8 10 0.08127487 
891 429 21 27 0.080975205 
326 392 10 14 0.08065287 
0 371 10 13 0.0805268 
311 520 21 36 0.080112755 
455 374 10 13 0.07940248 
389 398 10 14 0.07805573 
89 358 10 11 0.07775289 
864 438 16 22 0.0766186 
16 350 8 10 0.07642183 
365 421 12 18 0.07641519 
369 341 9 12 0.07582699 
892 441 16 21 0.07534465 
280 343 8 9 0.074941225 
297 352 8 10 0.07490993 
830 430 11 16 0.07394604 
89 352 8 10 0.07332949 
833 367 7 9 0.07325244 
1001 357 8 9 0.0727678 
10 349 9 11 0.07264056 
207 365 9 11 0.07209148 
320 401 12 18 0.07183384 
262 319 7 9 0.07119935 
179 413 13 18 0.07045987 
971 396 14 17 0.07029852 
799 359 7 9 0.06985513 
169 410 11 15 0.06922111 
684 408 14 20 0.069181405 
269 442 18 24 0.06903022 
197 358 9 12 0.06895427 
890 358 8 10 0.0687919 
198 351 9 10 0.06876942 
73 304 8 10 0.06803208 
369 349 9 11 0.06746697 
121 382 10 13 0.06739555 
724 479 19 23 0.06718759 
61 367 9 11 0.067039706 
509 419 14 22 0.066976294 
961 361 7 10 0.0668883 
248 344 8 9 0.06662836 
845 435 21 29 0.066528164 
619 329 13 17 0.066327654 
858 382 9 10 0.06627921 
159 366 11 12 0.06627831 
64 319 7 9 0.06576019 
438 408 20 27 0.06536804 
486 418 22 33 0.0652833 
303 412 14 17 0.06509068 
951 382 9 13 0.06470728 
897 404 11 14 0.06466087 
248 334 8 10 0.06443563 
765 406 11 15 0.06415893 
38 411 10 13 0.06406321 
346 414 16 20 0.06371188 
816 366 9 10 0.0635747 
745 380 9 11 0.06353619 
775 414 10 15 0.06333699 
202 343 7 9 0.062576175 
207 342 7 9 0.06242615 
416 365 8 12 0.06236559 
350 450 16 20 0.062181924 
204 375 11 13 0.062076654 
870 407 10 11 0.06190071 
326 407 13 18 0.061760888 
372 404 10 14 0.06113989 
814 396 9 12 0.06106901 
461 365 9 12 0.060582854 
595 404 16 20 0.06012081 
295 363 11 14 0.05975845 
279 351 11 13 0.05941202 
351 317 8 9 0.059067797 
889 353 7 9 0.058657877 
575 443 13 18 0.058651004 
193 362 10 13 0.058559682 
897 427 14 18 0.058424078 
743 439 14 18 0.05806003 
807 380 9 11 0.057818726 
41 365 8 11 0.057655428 
5 372 10 13 0.057626594 
222 355 10 12 0.056840174 
298 333 8 10 0.05650142 
177 386 12 15 0.056490287 
218 309 9 12 0.05619207 
807 359 8 9 0.056189418 
551 425 25 34 0.05616856 
7 327 8 12 0.055745553 
369 335 8 11 0.05555238 
953 375 8 11 0.055516664 
286 364 10 13 0.0554904 
841 401 10 13 0.055191327 
592 434 24 31 0.055168662 
710 391 9 12 0.05504285 
774 424 12 15 0.05491194 
710 419 11 14 0.054803178 
25 320 8 10 0.05459402 
286 464 24 35 0.05452375 
12 395 10 15 0.05437038 
40 359 9 11 0.05424482 
292 374 11 13 0.054201234 
988 364 9 11 0.054086365 
743 407 13 17 0.05406062 
971 523 32 35 0.053950105 
677 334 13 17 0.053643536 
315 341 9 12 0.053628277 
196 408 13 16 0.05276021 
109 395 10 13 0.052251276 
823 368 7 9 0.05193736 
318 388 12 15 0.05180657 
206 397 12 15 0.051211923 
1004 483 15 24 0.051075574 
534 394 13 16 0.05098732 
990 374 9 11 0.050700173 
838 366 7 10 0.050687682 
692 374 8 11 0.050602425 
64 451 23 33 0.050341286 
786 421 11 14 0.05022007 
278 320 8 9 0.050097194 
407 468 24 30 0.049994566 
912 343 9 12 0.049968097 
313 351 8 10 0.04983419 
253 367 9 11 0.04981756 
848 352 7 9 0.049794517 
1007 358 8 10 0.04965569 
119 389 9 12 0.04942204 
198 363 10 12 0.049329028 
262 334 8 10 0.049294874 
15 334 9 10 0.049223296 
754 460 22 31 0.049201343 
222 375 9 11 0.049199842 
801 411 10 14 0.049189575 
134 372 10 12 0.048874278 
239 326 8 10 0.048518073 
273 363 10 12 0.04830261 
879 342 6 8 0.048192326 
796 392 9 11 0.04790802 
880 358 7 8 0.04749827 
104 349 8 11 0.047354426 
282 477 17 23 0.046791367 
473 389 16 19 0.046772383 
241 412 21 29 0.04675799 
247 349 9 11 0.046593256 
818 457 14 21 0.046575714 
474 417 24 34 0.046495877 
528 390 11 14 0.046420466 
823 349 7 9 0.04591605 
396 412 13 17 0.04581037 
70 403 12 16 0.045743354 
368 381 10 13 0.045542456 
525 435 14 19 0.045359746 
523 371 13 15 0.04530747 
384 352 8 10 0.04524747 
261 384 14 18 0.04519627 
78 375 9 12 0.044978753 
371 419 19 26 0.044948768 
131 405 15 17 0.044940487 
285 343 7 9 0.044922415 
1001 366 8 11 0.04479854 
101 388 11 14 0.044619698 
822 345 7 9 0.044614583 
896 365 7 9 0.044592477 
397 419 14 19 0.044544913 
552 446 25 37 0.044234857 
885 389 10 13 0.044120803 
40 348 10 12 0.044032473 
709 412 12 15 0.04403019 
61 373 10 12 0.04399892 
881 369 8 9 0.043985914 
951 388 12 17 0.043963622 
960 531 48 55 0.043943647 
268 380 10 13 0.043817926 
151 368 8 12 0.043746766 
304 480 18 24 0.043732617 
791 365 8 11 0.043718345 
53 326 9 10 0.043682303 
255 378 12 16 0.043677587 
281 336 7 9 0.04357384 
703 390 11 13 0.043560527 
394 364 8 11 0.043354355 
717 410 12 15 0.04334339 
271 336 8 10 0.043343253 
825 384 8 10 0.043296944 
272 342 8 9 0.043228082 
610 326 19 27 0.043103665 
77 400 12 16 0.043055333 
184 336 8 9 0.043047566 
974 375 8 11 0.04302024 
360 470 24 32 0.043007094 
193 353 8 10 0.042980455 
319 337 8 11 0.042972475 
345 479 23 26 0.042941585 
209 337 7 9 0.04280642 
14 327 8 10 0.042625476 
733 389 9 12 0.042596493 
9 343 9 12 0.04251111 
859 375 8 10 0.042459615 
447 410 21 32 0.042341445 
871 382 18 24 0.042172797 
649 335 10 12 0.04212994 
286 335 7 9 0.042054176 
879 394 10 12 0.04194209 
570 533 30 41 0.041770406 
886 396 10 12 0.041717067 
528 437 28 34 0.041682426 
369 478 23 30 0.04142508 
450 373 10 13 0.0413128 
118 367 8 10 0.041280564 
984 375 9 12 0.04114028 
383 334 7 9 0.041071627 
284 351 9 11 0.04100835 
911 413 9 14 0.04099702 
73 344 9 12 0.040884327 
956 390 14 18 0.040715378 
765 523 39 56 0.040704742 
693 382 9 11 0.040704366 
393 360 7 9 0.040364124 
21 351 8 11 0.04023739 
757 402 12 16 0.040166683 
92 367 10 11 0.04010894 
861 422 12 17 0.039869405 
273 326 8 10 0.03966871 
1013 374 10 15 0.039663244 
40 304 7 9 0.039437044 
431 352 10 12 0.03942098 
358 368 8 11 0.039401546 
280 380 10 13 0.03925431 
922 379 10 12 0.03916156 
744 399 11 16 0.039082877 
222 326 8 9 0.03893517 
612 337 12 16 0.038913053 
864 337 8 10 0.038910877 
454 492 22 35 0.038837895 
848 367 7 9 0.038778745 
818 344 8 9 0.038675513 
358 419 13 17 0.038454082 
177 353 8 10 0.03839152 
80 327 7 9 0.038319256 
602 439 15 20 0.038305514 
193 376 20 24 0.038286973 
382 375 8 11 0.037900344 
162 391 14 17 0.037796617 
268 434 17 20 0.03767843 
886 367 8 9 0.03767041 
240 342 8 10 0.037628066 
158 373 11 13 0.0373402 
66 468 16 20 0.037308622 
298 342 7 10 0.037247457 
161 496 31 40 0.037168954 
489 385 14 18 0.03703047 
285 400 14 18 0.036896184 
117 394 11 14 0.036791157 
520 364 11 14 0.036754295 
80 334 8 10 0.036729645 
959 379 11 14 0.03671482 
65 325 8 10 0.036682166 
699 402 16 19 0.03653713 
224 380 10 14 0.036515888 
958 342 7 10 0.036495373 
730 536 36 50 0.03641725 
94 351 8 11 0.036372785 
311 384 14 17 0.036303353 
900 423 12 14 0.036276344 
517 429 27 35 0.03602687 
799 365 8 10 0.035992555 
104 395 11 14 0.03593669 
719 394 18 22 0.03582707 
608 340 11 13 0.03579199 
214 366 8 10 0.03569793 
9 332 8 11 0.03553006 
293 468 14 21 0.035527263 
139 407 18 22 0.03538616 
534 335 8 10 0.035195522 
206 360 8 10 0.035110377 
96 474 12 18 0.03504077 
166 373 10 13 0.03487567 
975 380 10 13 0.03485229 
791 342 8 10 0.034813836 
232 320 8 10 0.03476021 
897 527 33 46 0.034758568 
398 341 9 11 0.034747243 
208 326 8 10 0.03460007 
604 359 10 13 0.03457729 
807 398 10 13 0.034564447 
406 364 10 12 0.03446112 
289 443 20 24 0.034365356 
846 392 10 13 0.034318566 
175 496 28 35 0.03417823 
825 471 25 31 0.03414555 
56 312 8 10 0.034138087 
16 342 9 12 0.034000207 
871 341 8 10 0.033937536 
972 388 13 16 0.03393077 
112 333 7 9 0.033854716 
318 358 8 10 0.033844493 
349 372 10 12 0.033758212 
815 360 8 9 0.033753388 
433 334 9 10 0.033723544 
989 493 18 21 0.03363918 
691 402 13 19 0.033485368 
175 374 11 13 0.03329995 
46 381 10 14 0.033249285 
674 333 21 30 0.033165105 
124 687 42 58 0.03314349 
214 335 7 9 0.03312838 
866 418 21 27 0.033058263 
856 563 47 70 0.033033513 
302 352 8 10 0.032957092 
853 396 10 12 0.032925677 
861 411 12 14 0.03282248 
368 328 8 10 0.03279933 
335 348 8 11 0.032684933 
793 382 9 11 0.032666028 
381 469 23 32 0.032511838 
72 387 12 14 0.032499876 
54 377 10 15 0.032476116 
358 372 10 12 0.03243295 
62 410 14 17 0.03233893 
193 375 9 12 0.032277055 
996 405 13 16 0.032246154 
180 389 15 18 0.032231946 
103 343 8 10 0.032029517 
455 498 35 51 0.03200861 
750 533 32 43 0.032005165 
512 522 38 51 0.031911876 
764 457 15 26 0.031906027 
800 541 42 60 0.031889226 
240 321 7 9 0.031847328 
163 383 12 15 0.03178526 
961 374 9 12 0.031738065 
215 390 13 17 0.031728264 
237 524 38 53 0.031705596 
221 319 9 10 0.031689893 
177 366 8 11 0.0315863 
230 343 7 9 0.031576887 
406 379 13 15 0.031551354 
47 333 9 10 0.031410612 
215 326 8 10 0.031392198 
750 350 10 13 0.031251702 
314 336 8 10 0.03124622 
807 421 9 11 0.031233821 
853 448 13 19 0.031152884 
62 312 8 10 0.031130394 
544 359 9 11 0.031050226 
501 424 15 23 0.031023081 
780 423 14 18 0.031000188 
279 326 8 9 0.03093595 
234 326 7 10 0.03091844 
336 367 8 10 0.030782165 
877 406 10 13 0.03071453 
296 327 9 11 0.030701632 
457 367 11 13 0.030699855 
383 327 7 10 0.03066232 
837 427 13 18 0.030649215 
513 425 16 23 0.03059736 
952 342 10 12 0.030597284 
31 325 9 10 0.030596072 
793 359 7 10 0.030562947 
680 446 23 29 0.030490465 
198 537 35 37 0.03047643 
578 438 23 29 0.030446323 
835 441 23 30 0.030391129 
230 421 12 16 0.030350327 
854 424 12 16 0.030281024 
200 327 8 9 0.030180037 
63 378 11 14 0.030052874 
479 385 22 27 0.029938817 
379 484 16 23 0.029882414 
974 367 8 9 0.02985998 
288 451 26 35 0.029855441 
241 334 7 10 0.029805226 
965 387 14 17 0.029610509 
1012 386 11 15 0.02953868 
594 409 23 27 0.029536143 
823 442 12 17 0.02949865 
182 364 9 12 0.02948322 
122 469 27 33 0.029392825 
865 360 7 9 0.029390479 
465 398 25 33 0.029303662 
997 382 10 12 0.029189963 
327 511 37 53 0.028960723 
856 406 9 11 0.028957691 
407 371 12 14 0.028842846 
507 438 30 42 0.028737301 
265 506 12 16 0.028682737 
496 408 22 30 0.02862366 
858 335 7 10 0.028618304 
70 376 10 13 0.028606111 
71 320 8 10 0.028539352 
945 383 10 13 0.028534012 
131 414 16 19 0.028518682 
946 556 48 52 0.028428998 
715 418 13 16 0.028313305 
216 343 8 11 0.028249275 
693 443 23 31 0.02821998 
273 321 8 10 0.027956244 
991 350 9 11 0.027908865 
423 486 23 35 0.027891045 
807 353 7 8 0.027858658 
15 372 10 13 0.027855964 
997 388 10 13 0.02773432 
909 419 11 14 0.027582355 
71 397 12 16 0.027331984 
523 529 14 24 0.027322603 
248 406 20 26 0.027203603 
906 430 23 29 0.027139077 
991 398 10 13 0.02704881 
745 389 9 12 0.027043369 
682 398 10 15 0.02703608 
815 404 10 12 0.026966657 
871 367 7 9 0.026964413 
308 405 14 17 0.026924243 
510 459 24 36 0.026887426 
21 335 8 10 0.026878158 
872 359 7 8 0.026860278 
849 358 7 10 0.026806312 
493 386 21 26 0.026717218 
793 374 8 10 0.026602643 
270 386 11 16 0.026577337 
451 405 13 18 0.026551023 
97 335 8 9 0.026535165 
733 396 10 14 0.0264993 
277 361 13 15 0.026423592 
799 374 8 11 0.026411537 
35 458 18 24 0.02639374 
983 351 10 12 0.0263375 
901 411 11 14 0.026300995 
183 342 8 9 0.026296312 
493 410 16 20 0.026280085 
39 384 10 13 0.026266176 
905 351 7 9 0.02618454 
217 316 10 12 0.026184218 
347 405 16 20 0.026162831 
414 360 8 11 0.026109226 
400 372 9 12 0.026003728 
915 497 40 48 0.025977056 
39 320 8 9 0.025945809 
24 325 8 10 0.025883248 
318 409 12 19 0.025829352 
195 419 24 28 0.025785198 
453 403 23 34 0.025728608 
911 389 8 11 0.025719637 
6 356 9 12 0.025667747 
103 452 16 23 0.02564142 
799 353 7 9 0.025469573 
264 344 8 9 0.025353642 
902 367 8 10 0.025312176 
925 407 10 13 0.025255604 
25 455 10 14 0.025247183 
833 360 9 10 0.025197223 
229 352 9 10 0.025187321 
533 369 14 16 0.025181346 
683 334 10 14 0.025157057 
748 465 17 23 0.02503292 
130 368 7 11 0.025016358 
168 482 29 38 0.025006162 
232 335 7 10 0.024997706 
524 377 13 17 0.024990339 
223 336 8 9 0.024980465 
43 386 12 16 0.024932362 
917 429 16 18 0.024913967 
787 426 13 16 0.024887001 
353 455 18 21 0.024866598 
828 442 13 19 0.024812236 
734 383 9 12 0.024752261 
809 300 98 132 0.024735581 
760 423 14 19 0.02471542 
609 332 11 16 0.024663558 
1005 352 9 11 0.024562329 
839 391 8 11 0.024544477 
176 321 7 9 0.02449322 
200 336 7 9 0.024473686 
20 361 19 23 0.024472049 
387 420 16 23 0.024448039 
458 372 13 16 0.02443125 
958 337 8 10 0.024395581 
831 420 12 16 0.024394214 
519 360 9 12 0.024388388 
473 516 26 43 0.024372222 
366 411 13 18 0.024271766 
719 481 15 20 0.02422264 
1004 406 11 15 0.024217563 
46 343 10 11 0.024153681 
760 412 13 16 0.024093142 
552 543 32 37 0.024058526 
238 548 12 16 0.023999982 
328 322 8 10 0.023775378 
550 392 24 32 0.02377055 
725 391 13 14 0.023713104 
296 320 7 10 0.023687685 
466 486 22 35 0.023655504 
605 348 11 14 0.02360749 
354 460 25 30 0.023536548 
393 340 9 11 0.023457205 
627 326 11 14 0.023392428 
739 419 13 17 0.023389988 
507 377 12 16 0.023384724 
93 372 9 11 0.023369139 
794 350 7 10 0.023235777 
723 409 14 19 0.023156963 
911 382 8 11 0.023154473 
8 319 8 10 0.0231392 
823 374 8 10 0.023134416 
255 341 8 10 0.02311592 
462 359 9 13 0.023089726 
582 411 12 17 0.023089351 
799 419 11 13 0.023073286 
734 403 11 15 0.023059769 
879 352 7 9 0.02302247 
304 374 11 13 0.023018263 
744 367 10 13 0.022995677 
892 391 20 23 0.02298238 
128 409 14 18 0.022934524 
871 376 8 10 0.022932414 
717 391 13 16 0.022922743 
259 411 14 17 0.022921085 
15 319 8 10 0.022878975 
694 386 12 15 0.02287327 
702 395 13 16 0.0228703 
650 340 10 12 0.022848528 
223 365 9 11 0.022831107 
247 320 8 9 0.02267845 
918 412 11 14 0.022640947 
193 450 30 32 0.02263455 
950 519 46 52 0.022562949 
216 304 9 12 0.022555726 
650 472 16 22 0.02253599 
18 357 8 11 0.02253516 
955 401 25 28 0.022525322 
104 335 8 9 0.022434007 
885 521 32 37 0.022433355 
262 457 14 17 0.022359513 
496 369 18 23 0.022353362 
356 475 17 23 0.022351904 
627 419 17 22 0.022309791 
932 374 9 11 0.02229334 
997 399 11 13 0.022286924 
588 332 10 12 0.022201782 
262 452 23 30 0.022200068 
302 342 7 10 0.022180468 
499 404 13 18 0.02216234 
733 413 12 17 0.022162301 
26 459 12 17 0.022149613 
808 390 9 12 0.022132086 
772 458 14 23 0.02210291 
38 310 8 9 0.022066504 
953 358 8 11 0.022061368 
78 321 8 9 0.021931596 
1012 366 9 13 0.021902906 
247 328 8 11 0.021889266 
413 380 12 15 0.021877797 
176 325 8 10 0.02186824 
786 412 13 17 0.021768028 
333 381 12 14 0.021724332 
328 332 9 11 0.021701498 
381 364 9 11 0.021695893 
941 413 11 14 0.021533167 
754 445 22 32 0.021475244 
97 460 22 30 0.021464879 
109 427 12 17 0.021464229 
229 390 12 15 0.021450395 
256 312 8 9 0.021439455 
18 365 9 12 0.021437392 
1 302 6 10 0.021435838 
38 333 10 11 0.02142933 
791 403 10 14 0.021410447 
314 326 7 10 0.021410108 
27 372 10 13 0.021372875 
998 373 9 12 0.021336801 
20 613 54 69 0.021327365 
702 345 40 55 0.021267312 
119 374 10 12 0.021265615 
493 431 14 24 0.021259032 
640 606 34 45 0.021208119 
329 366 9 11 0.02114504 
150 392 14 19 0.02112235 
389 392 11 13 0.021075577 
214 373 9 13 0.021072371 
807 364 8 11 0.021025566 
79 454 21 30 0.021000395 
840 344 7 9 0.02096431 
502 344 8 10 0.020954123 
38 327 9 11 0.020939581 
847 428 14 21 0.020911124 
521 393 24 29 0.020882787 
192 342 7 10 0.0208798 
156 412 11 15 0.02085719 
32 386 17 22 0.020832498 
980 396 11 15 0.020777939 
847 314 101 132 0.02075575 
948 375 21 28 0.020697286 
919 398 10 12 0.020664515 
909 406 10 13 0.020617273 
839 373 8 10 0.020581264 
291 400 21 27 0.020571591 
32 404 12 17 0.020570135 
1011 367 19 27 0.020526724 
552 336 8 10 0.02049961 
77 308 9 11 0.020480972 
873 352 7 9 0.020464433 
199 439 25 27 0.020461448 
936 422 11 13 0.020444307 
278 386 12 16 0.020408286 
71 364 9 11 0.02037851 
707 402 14 18 0.020360913 
164 518 43 50 0.02034159 
990 380 10 13 0.020327948 
20 226 195 232 0.020308753 
869 410 19 24 0.020294229 
40 373 9 12 0.02021347 
709 424 15 19 0.020187661 
332 387 12 15 0.020168552 
686 387 11 16 0.020153884 
991 345 9 10 0.020036817 
879 382 19 25 0.020035896 
80 368 9 10 0.020021006 
29 360 9 11 0.02002048 
363 429 17 21 0.02001022 
