2_Demonstration_Political_Rally_2_18
240
166 331 21 28 0.9913224 
864 447 18 23 0.9841763 
453 295 15 21 0.9823799 
317 437 20 26 0.9796705 
66 337 18 23 0.97724426 
148 384 18 24 0.97464776 
243 421 18 26 0.9686327 
133 295 19 24 0.9656007 
363 428 17 22 0.9639584 
41 448 20 26 0.9639052 
12 353 19 24 0.96141243 
486 360 17 23 0.95578015 
480 402 18 22 0.9545753 
622 455 20 24 0.954419 
271 394 21 27 0.9542602 
379 436 19 24 0.9540361 
314 261 18 24 0.9511273 
530 396 17 23 0.9505473 
27 310 17 23 0.94753546 
171 450 20 27 0.9470656 
767 419 18 23 0.94699234 
103 239 16 23 0.94548374 
353 342 20 27 0.9409158 
96 447 21 24 0.93914074 
222 274 20 25 0.93793505 
442 458 20 28 0.93783915 
501 448 19 24 0.934127 
185 306 18 22 0.934019 
24 258 16 20 0.91946435 
238 310 18 22 0.91926426 
157 408 19 23 0.9169964 
914 435 16 19 0.90339595 
169 259 18 24 0.8971329 
263 202 20 27 0.896176 
422 426 19 22 0.89372337 
87 264 19 23 0.8908057 
298 331 19 27 0.8687704 
21 460 20 25 0.8636373 
40 425 20 23 0.846882 
81 288 19 22 0.8396418 
41 239 16 21 0.8253927 
228 362 21 28 0.80764616 
398 390 13 19 0.75358486 
228 252 16 19 0.7503231 
546 435 14 17 0.7088061 
57 259 12 17 0.696315 
76 319 15 20 0.6954865 
186 225 17 22 0.61839616 
299 318 19 26 0.59950644 
438 413 15 19 0.56071305 
154 302 18 22 0.52793354 
370 304 14 19 0.47064862 
343 276 11 15 0.44942084 
461 488 17 22 0.42707148 
39 336 14 19 0.42475542 
372 375 13 17 0.39327925 
428 363 14 18 0.35953256 
371 430 18 24 0.33592027 
0 469 11 16 0.33449325 
340 394 14 17 0.31924915 
299 444 16 22 0.31784132 
0 211 11 17 0.3100094 
382 395 15 19 0.28365156 
304 241 14 21 0.27173015 
123 248 14 18 0.2684749 
1 258 10 15 0.26837492 
421 364 13 17 0.26687554 
74 425 21 22 0.26005343 
279 267 15 19 0.25699797 
445 370 12 14 0.25244814 
26 300 16 22 0.2425722 
3 326 15 20 0.21687801 
99 312 12 16 0.21106993 
252 351 13 17 0.20950362 
130 431 15 21 0.20388117 
22 432 15 20 0.20249742 
368 345 15 20 0.18289219 
143 296 19 25 0.16667774 
382 362 14 17 0.16563044 
912 9 108 149 0.16493532 
333 201 15 21 0.14792705 
70 330 18 24 0.14760047 
435 365 14 17 0.13110605 
401 472 18 21 0.12553404 
754 487 14 15 0.12236312 
459 476 19 26 0.121653065 
46 282 13 17 0.11711254 
106 282 15 20 0.11428099 
165 219 14 17 0.11235238 
233 377 20 28 0.10946954 
83 425 20 24 0.10561646 
172 255 14 17 0.105290554 
391 291 14 18 0.102176815 
87 387 14 16 0.09329824 
186 281 14 17 0.09279353 
443 311 15 17 0.07318742 
213 363 15 18 0.07078395 
27 425 21 27 0.070757516 
352 454 18 23 0.06716035 
335 402 14 18 0.06324643 
387 287 23 28 0.062319838 
375 294 21 26 0.0613804 
149 318 16 21 0.060767926 
151 309 19 26 0.057200275 
372 276 12 16 0.056849007 
505 567 28 33 0.056739297 
386 355 15 21 0.056482792 
510 489 19 28 0.055258423 
396 296 13 16 0.05409201 
182 275 14 18 0.053224273 
413 358 16 19 0.052718543 
324 577 45 54 0.052143615 
845 490 10 13 0.049658835 
247 339 21 25 0.049514797 
339 380 16 23 0.0483368 
474 564 15 18 0.047850534 
895 554 14 19 0.046899557 
423 387 12 17 0.045734905 
67 427 20 23 0.04504159 
309 359 14 20 0.044641387 
301 435 16 22 0.043702036 
183 379 15 19 0.043604996 
67 249 14 17 0.04346317 
41 414 18 21 0.043438576 
30 335 14 19 0.042224277 
106 453 16 20 0.042170413 
85 338 13 19 0.04186874 
68 392 19 22 0.041436404 
518 565 13 18 0.03975716 
29 376 16 22 0.039268553 
415 367 14 17 0.03903516 
27 273 16 21 0.038575687 
524 567 34 41 0.03651322 
386 345 15 21 0.03585926 
188 371 16 20 0.034839023 
446 300 19 24 0.034808658 
448 451 17 23 0.034606252 
0 366 8 13 0.03458531 
349 365 15 21 0.034567926 
246 194 10 15 0.034530297 
50 445 22 27 0.034351293 
229 428 13 18 0.033328436 
68 469 13 16 0.032966617 
116 245 14 18 0.032962743 
246 174 11 15 0.03294445 
408 363 13 16 0.0328057 
460 313 13 16 0.03250957 
0 273 9 18 0.03237095 
450 373 11 14 0.032046 
34 276 14 18 0.03203893 
684 439 15 19 0.032002375 
23 422 12 16 0.03193543 
774 486 10 11 0.031805843 
895 467 12 14 0.03173452 
631 483 13 16 0.03170198 
364 267 22 28 0.03163971 
346 385 14 19 0.031359613 
389 389 17 22 0.030650245 
313 354 16 21 0.03047333 
359 483 18 22 0.030060897 
387 428 14 19 0.029912274 
533 558 44 52 0.029507102 
766 486 10 13 0.029424015 
-2 468 17 27 0.029136583 
116 397 14 18 0.028772563 
493 386 13 16 0.028414711 
333 171 14 17 0.028092436 
453 463 19 27 0.027577354 
91 390 15 19 0.027501892 
393 270 22 28 0.027281106 
194 232 15 20 0.02712052 
99 273 14 21 0.0268686 
172 224 12 18 0.026809858 
544 323 408 430 0.02678079 
274 454 16 21 0.026540365 
73 386 17 19 0.026525429 
132 514 15 19 0.026485883 
326 355 12 17 0.02625251 
411 274 12 19 0.025268123 
437 518 15 20 0.025096402 
910 420 26 31 0.025036337 
396 283 13 18 0.024968766 
329 217 12 17 0.024862638 
395 282 23 30 0.024820134 
346 270 14 19 0.024738865 
63 426 15 18 0.024720155 
326 182 23 30 0.024539223 
499 388 13 17 0.024522014 
839 485 13 17 0.024374733 
0 255 16 25 0.024336122 
382 292 14 17 0.024243802 
895 531 44 52 0.024208363 
948 550 17 20 0.024152983 
523 436 15 18 0.02415036 
60 498 15 22 0.024019603 
-1 404 9 16 0.023995917 
281 447 19 26 0.023801912 
323 158 25 29 0.023728477 
223 362 17 22 0.023711124 
433 357 14 18 0.023558281 
341 368 14 21 0.023427559 
223 245 16 20 0.023057966 
159 225 14 17 0.023053154 
80 476 18 21 0.023031382 
129 244 15 17 0.022777747 
197 468 15 20 0.022756474 
637 491 26 36 0.022745298 
716 475 12 17 0.022539811 
412 288 13 19 0.022501271 
394 410 14 19 0.0223422 
367 280 13 17 0.022181306 
454 312 13 17 0.021812445 
51 274 13 18 0.021810543 
346 278 15 20 0.0217791 
373 383 20 25 0.021736532 
605 495 24 33 0.021727845 
111 395 14 17 0.021710012 
283 243 15 21 0.021656882 
391 419 13 17 0.021655733 
51 250 17 23 0.021627085 
232 423 23 28 0.021558277 
282 569 29 39 0.021486154 
49 237 13 18 0.021446725 
115 465 14 17 0.021405075 
359 297 23 28 0.021240065 
377 343 18 25 0.021038856 
353 268 21 28 0.020969976 
554 441 15 20 0.020916358 
351 251 11 15 0.020866366 
79 270 24 28 0.020852258 
594 554 24 35 0.020713286 
114 458 13 17 0.020707948 
552 436 14 17 0.020614348 
9 198 21 28 0.020599037 
233 358 15 19 0.020554425 
191 357 22 27 0.02027088 
405 289 14 19 0.02015874 
405 269 14 20 0.02009261 
829 483 14 19 0.020069359 
-1 417 8 15 0.020053823 
