2_Demonstration_Protesters_2_589
21
586 330 35 42 0.14387669 
558 287 25 36 0.06486255 
615 329 40 43 0.064353146 
409 51 25 29 0.059545226 
674 146 403 492 0.05027044 
476 267 28 42 0.04438194 
570 291 16 25 0.03422967 
297 381 27 31 0.03159636 
504 103 8 11 0.030726943 
581 79 12 17 0.03013456 
663 359 47 51 0.029468957 
545 83 8 12 0.02912245 
628 332 54 55 0.028773287 
589 313 60 61 0.02656131 
101 41 39 51 0.02536821 
14 503 27 35 0.024770299 
772 271 42 70 0.023400392 
541 285 39 57 0.023355741 
414 63 37 52 0.021362616 
14 481 27 33 0.02098682 
71 126 199 298 0.020684464 
