2_Demonstration_Political_Rally_2_64
162
634 457 32 38 0.9938361 
851 381 32 41 0.987169 
790 260 23 31 0.97721946 
584 394 32 33 0.97572666 
706 335 18 21 0.79785913 
638 396 16 26 0.52072877 
522 355 18 21 0.36897483 
582 325 15 18 0.36049876 
559 294 9 12 0.32443675 
634 296 7 10 0.3068934 
765 356 14 17 0.17012778 
894 339 12 16 0.16178165 
525 284 12 16 0.1584112 
677 342 11 14 0.15180723 
848 392 45 53 0.12611671 
262 222 10 12 0.123768255 
553 286 9 12 0.11645147 
198 203 9 12 0.11576831 
673 342 10 12 0.11066607 
868 377 25 37 0.10608336 
615 352 11 15 0.08944831 
719 339 15 18 0.08158843 
225 236 10 12 0.07482776 
659 351 10 13 0.06799323 
608 465 11 15 0.06506759 
564 385 52 57 0.065046936 
660 377 17 21 0.06305866 
528 356 26 29 0.062696286 
636 300 8 11 0.060103565 
307 135 15 18 0.057883825 
668 373 14 19 0.056725305 
698 339 11 14 0.05657332 
527 252 10 13 0.055979837 
293 354 10 14 0.055103343 
198 260 8 12 0.05454092 
628 419 16 19 0.05164676 
826 354 16 19 0.05086565 
893 333 21 27 0.04970241 
183 215 10 13 0.04970083 
504 262 10 14 0.047837056 
531 319 11 14 0.04758089 
629 397 17 26 0.04673517 
302 129 24 29 0.046678614 
627 407 27 33 0.04651788 
652 355 15 17 0.04519028 
683 346 12 14 0.042408206 
734 357 13 17 0.04233637 
267 427 13 15 0.042161938 
312 367 25 32 0.041725077 
222 245 11 13 0.041358396 
714 382 16 19 0.041226745 
625 312 7 9 0.040597375 
532 277 12 14 0.04021944 
649 364 24 28 0.039738376 
525 268 12 15 0.039428342 
546 457 17 20 0.03935465 
918 175 39 51 0.039279122 
351 429 10 15 0.03892338 
328 417 27 40 0.03812954 
325 359 12 15 0.037841458 
555 287 12 15 0.037566476 
424 275 9 14 0.03576493 
225 191 7 9 0.035470176 
632 347 10 12 0.035337284 
638 391 13 18 0.035058733 
854 349 10 14 0.035054445 
644 382 26 32 0.034441732 
521 278 21 26 0.033709813 
910 251 10 13 0.03322569 
518 345 48 53 0.032942623 
228 230 12 16 0.032820262 
675 373 13 18 0.0327614 
798 346 14 18 0.032580964 
463 341 10 14 0.03243991 
529 309 10 12 0.03229266 
496 359 10 13 0.03174532 
876 373 16 21 0.031713735 
429 102 10 13 0.031574447 
192 205 10 12 0.031219745 
574 349 9 11 0.030838566 
418 450 13 17 0.030827878 
582 359 14 16 0.030648908 
623 396 13 19 0.030469187 
693 346 13 16 0.030452443 
510 278 9 13 0.030031892 
247 237 12 14 0.029206371 
857 414 40 50 0.029162547 
340 432 15 23 0.02876297 
284 389 23 30 0.028651774 
197 239 8 11 0.028642433 
221 251 10 12 0.028530087 
630 381 9 13 0.028319597 
670 365 13 15 0.028312223 
891 377 22 31 0.027698541 
648 401 18 22 0.027626077 
215 247 12 14 0.027165383 
533 270 11 14 0.027032968 
518 350 17 20 0.026482776 
639 356 22 27 0.026269507 
526 259 11 14 0.026057888 
632 309 8 11 0.02593293 
868 359 12 14 0.025583606 
638 309 9 11 0.025499864 
492 267 12 15 0.02547464 
300 479 13 17 0.025394881 
512 355 15 20 0.025230927 
168 183 8 11 0.02511371 
609 381 41 47 0.024969647 
827 264 15 21 0.024089769 
174 263 10 11 0.024073666 
511 283 10 13 0.024049234 
502 388 10 15 0.023974251 
624 379 11 15 0.023683952 
501 364 10 13 0.023680065 
292 133 11 15 0.023640929 
168 231 9 11 0.023476692 
188 212 11 15 0.023471644 
570 390 29 36 0.0234353 
539 374 93 97 0.0233956 
543 443 28 34 0.02332747 
638 348 10 13 0.023239058 
256 226 13 15 0.02310973 
671 419 28 36 0.02308569 
586 319 15 19 0.023029152 
292 84 11 13 0.023019725 
655 343 9 10 0.022969214 
759 359 15 19 0.022951767 
310 372 13 16 0.022944802 
266 425 9 12 0.022918535 
316 371 15 20 0.022875935 
668 436 14 19 0.022799948 
608 356 12 15 0.022680786 
769 358 16 20 0.02264712 
679 427 14 19 0.022516808 
638 327 8 11 0.022509316 
486 254 9 13 0.02230315 
307 399 27 31 0.021933507 
720 354 24 30 0.02193249 
329 201 7 9 0.021903947 
553 297 11 14 0.021818118 
347 435 12 17 0.021766398 
500 447 12 14 0.021680633 
333 78 10 12 0.021677934 
678 420 13 17 0.021531029 
316 378 25 33 0.021510717 
670 336 9 12 0.021312652 
679 396 26 33 0.021112397 
509 436 11 14 0.021093484 
231 191 7 10 0.020997854 
206 191 9 11 0.020945301 
355 428 10 12 0.020891277 
317 400 28 39 0.02083439 
398 357 9 12 0.020660177 
176 214 11 15 0.02066004 
527 300 11 13 0.020408647 
673 341 19 22 0.02035981 
334 206 8 9 0.020357642 
630 388 11 17 0.020317167 
251 311 12 13 0.020279601 
596 350 9 12 0.020146558 
639 407 30 32 0.0201355 
229 242 13 16 0.020049525 
