2_Demonstration_Demonstration_Or_Protest_2_183
44
291 327 94 119 0.999694 
103 511 49 54 0.97187465 
798 433 19 22 0.18732238 
4 498 20 33 0.15629816 
43 527 24 28 0.12327918 
834 586 56 51 0.06251637 
29 510 42 51 0.062218815 
758 361 13 15 0.058710188 
12 529 24 30 0.0562685 
115 908 38 53 0.056000587 
189 569 17 22 0.055378884 
7 512 26 35 0.04435511 
5 502 43 59 0.04428492 
862 487 11 12 0.042575095 
253 536 372 501 0.042194862 
23 505 27 34 0.037518166 
13 496 24 36 0.036992785 
988 443 23 31 0.036943763 
49 607 57 64 0.035817068 
864 509 16 20 0.0338534 
562 708 15 21 0.03253667 
66 1052 47 60 0.03172176 
178 560 16 22 0.031516757 
641 476 11 13 0.030488716 
66 560 49 57 0.030188804 
193 855 105 136 0.028401202 
38 632 58 54 0.027964976 
19 517 27 33 0.027260203 
799 444 24 28 0.026722135 
660 477 13 16 0.026370753 
868 562 17 18 0.025994768 
835 808 15 23 0.025911367 
696 464 9 11 0.025843596 
1011 440 13 24 0.025827065 
660 472 11 14 0.02556314 
57 529 15 21 0.02438721 
1000 440 21 31 0.024191717 
0 509 14 23 0.02385102 
218 634 49 54 0.022764089 
610 632 20 21 0.022644423 
195 565 15 21 0.022340924 
41 514 19 23 0.021049881 
172 556 15 21 0.020285383 
28 502 16 23 0.020022076 
