2_Demonstration_Protesters_2_508
130
949 175 33 38 0.9972807 
868 140 26 39 0.99329126 
987 146 25 32 0.9895169 
314 180 32 38 0.9879226 
956 111 23 30 0.97940356 
716 167 40 43 0.9759797 
95 175 22 32 0.95093626 
236 181 26 37 0.9211639 
788 139 23 28 0.9100466 
935 151 23 32 0.89912194 
182 203 25 29 0.8652605 
654 155 28 33 0.8499917 
441 203 34 39 0.5583177 
266 179 25 31 0.44472507 
175 88 10 13 0.36195043 
541 162 26 41 0.2848136 
271 72 17 20 0.23581117 
966 115 21 29 0.21720153 
29 185 25 32 0.21098778 
254 179 25 34 0.1600882 
643 152 25 31 0.1594394 
190 177 23 31 0.15125962 
782 146 18 22 0.14809938 
635 151 14 21 0.12741543 
980 122 15 20 0.12325555 
671 157 19 24 0.11976153 
699 180 34 45 0.11782545 
182 216 28 34 0.111432694 
561 235 41 43 0.10952765 
259 197 23 30 0.0968676 
219 249 40 58 0.095469594 
430 191 26 34 0.09052076 
637 159 16 23 0.083987586 
186 187 27 37 0.0839875 
455 201 19 24 0.0799069 
750 366 14 16 0.07277663 
580 161 26 38 0.06825111 
866 123 13 17 0.065356925 
37 170 43 51 0.063455835 
309 132 14 16 0.06328066 
360 168 24 34 0.06122944 
499 199 17 21 0.059849434 
178 192 19 28 0.055876296 
96 148 26 30 0.05302312 
775 136 38 44 0.05106709 
22 163 29 37 0.048755348 
71 169 37 46 0.048426524 
749 212 15 19 0.048189756 
451 196 18 21 0.04740233 
286 178 33 47 0.04689561 
659 132 26 33 0.045844756 
301 181 28 39 0.04535669 
548 180 33 37 0.04496121 
684 156 13 19 0.042899486 
364 180 15 21 0.03939429 
493 204 15 18 0.03718075 
797 175 24 30 0.036908895 
15 192 27 34 0.036744326 
949 411 13 19 0.036484856 
975 395 11 14 0.03534541 
589 145 15 18 0.034500603 
988 98 15 19 0.034234364 
765 175 16 21 0.033358235 
855 140 12 18 0.0332733 
873 229 28 34 0.033004645 
673 145 17 23 0.032916013 
746 214 26 31 0.03258583 
116 228 15 17 0.03197001 
23 186 14 20 0.03171148 
435 110 11 13 0.03161468 
611 191 26 38 0.03144547 
378 156 35 49 0.03128247 
496 184 27 32 0.031230815 
487 205 24 31 0.030927375 
967 147 40 49 0.030756231 
867 130 16 23 0.030345375 
615 189 39 57 0.030205805 
706 202 19 27 0.030002411 
506 193 15 21 0.029329738 
439 120 11 16 0.028949728 
361 226 30 34 0.028332578 
531 169 27 42 0.027778817 
235 34 12 15 0.02774513 
453 202 44 52 0.02772492 
35 160 31 34 0.027423047 
830 294 16 21 0.026866036 
724 190 46 56 0.026302129 
58 170 34 40 0.02627826 
507 189 26 35 0.026077757 
180 178 25 37 0.025904814 
187 232 18 20 0.0258306 
558 189 34 38 0.025737757 
692 176 26 39 0.025704635 
369 84 15 17 0.025671532 
449 214 20 23 0.02544831 
370 175 14 22 0.025392294 
195 172 17 23 0.024562767 
709 193 36 42 0.024409212 
429 190 16 25 0.024129236 
307 133 22 26 0.024066659 
156 354 27 32 0.02400461 
181 157 24 30 0.023565946 
638 144 11 14 0.023373911 
103 184 19 26 0.0231873 
357 146 27 36 0.02292146 
371 168 26 36 0.022625525 
982 128 21 26 0.022416813 
84 177 40 50 0.022287374 
772 163 14 18 0.022138275 
441 203 23 22 0.021976389 
417 254 30 34 0.021875925 
205 62 9 11 0.021718798 
68 157 32 39 0.02162361 
577 543 27 31 0.021589953 
551 161 32 40 0.021344982 
345 152 29 42 0.021228395 
47 157 31 35 0.02121201 
508 159 24 34 0.021197561 
854 137 22 30 0.02101167 
914 142 22 38 0.020948421 
828 165 15 20 0.020820681 
556 248 35 43 0.020734936 
21 180 47 52 0.020651795 
342 196 27 33 0.020577231 
265 204 28 32 0.020516219 
642 148 15 20 0.020486386 
1012 202 11 17 0.020429604 
564 174 33 38 0.020383984 
225 289 34 51 0.020237673 
998 149 18 25 0.020024069 
