2_Demonstration_Protesters_2_258
24
176 215 109 120 0.99942774 
73 157 91 111 0.99901104 
806 251 109 124 0.9989919 
599 187 102 125 0.99053043 
371 284 27 35 0.40806788 
388 337 29 40 0.18047817 
385 362 34 42 0.073751695 
394 350 32 41 0.067776084 
682 268 16 20 0.048405603 
358 240 27 35 0.04831726 
380 365 14 20 0.046426654 
380 383 54 77 0.041235115 
638 230 71 93 0.040066905 
371 361 29 44 0.032795485 
603 152 158 203 0.029338088 
130 126 38 38 0.026095448 
378 346 30 41 0.02592129 
1014 329 10 20 0.023990255 
395 344 19 24 0.023218617 
103 136 22 22 0.022643303 
391 376 35 44 0.021783803 
112 136 66 80 0.021311494 
133 132 16 16 0.021247694 
376 363 12 18 0.020441478 
