2_Demonstration_Protesters_2_345
56
680 87 65 75 0.999529 
437 63 60 85 0.99948895 
250 45 64 73 0.9983266 
825 114 42 59 0.45568052 
498 520 9 11 0.25484943 
233 9 39 42 0.254337 
417 511 9 11 0.2436072 
599 161 30 49 0.24169356 
436 515 11 13 0.184928 
479 519 9 11 0.17308967 
607 151 28 41 0.109849624 
520 520 8 10 0.089646384 
917 124 10 13 0.08434831 
548 170 31 49 0.07400108 
239 13 54 64 0.059605137 
167 41 9 11 0.057728514 
419 516 11 13 0.057579122 
378 107 40 61 0.052832957 
447 512 10 11 0.050070576 
389 509 9 11 0.04472648 
484 519 9 11 0.0445433 
751 684 74 72 0.044529606 
174 44 9 11 0.044262912 
455 517 9 10 0.03938121 
837 133 52 66 0.03910654 
620 140 14 19 0.03852946 
270 355 30 39 0.03797172 
609 137 28 33 0.037516303 
557 190 15 24 0.037007596 
239 351 26 32 0.036744665 
194 67 31 43 0.03245229 
539 521 8 9 0.031740174 
631 132 13 18 0.030789206 
525 520 8 10 0.029855179 
548 208 12 16 0.029345293 
198 312 416 437 0.028597945 
630 129 23 33 0.02825309 
546 191 23 36 0.028171798 
527 184 47 61 0.02808269 
126 3 12 11 0.027240543 
486 524 9 11 0.026981533 
452 513 10 11 0.026523737 
767 384 34 35 0.026140483 
190 40 8 11 0.025113087 
148 29 10 12 0.024613189 
183 43 12 13 0.024298087 
555 183 45 52 0.02372211 
517 193 34 46 0.022770151 
372 509 9 11 0.022371095 
431 510 19 23 0.021817116 
216 297 28 39 0.021489194 
591 135 49 52 0.02146781 
583 197 33 37 0.0213757 
546 158 25 34 0.021178009 
541 162 15 22 0.021146037 
812 124 31 45 0.020996511 
