2_Demonstration_Protesters_2_56
110
813 196 58 76 0.99894804 
393 399 66 90 0.9987503 
625 332 64 77 0.99856454 
880 279 63 78 0.9981786 
487 470 69 78 0.99421376 
737 432 81 91 0.990555 
238 392 53 64 0.97328633 
682 235 19 24 0.8817922 
25 358 100 145 0.68466604 
341 361 25 34 0.46977687 
697 220 15 18 0.40025753 
709 257 32 41 0.37204918 
654 225 25 31 0.32988355 
885 210 33 49 0.2852142 
985 285 31 43 0.26180625 
294 551 50 59 0.2521548 
4 210 180 250 0.23235089 
332 372 28 38 0.21627611 
796 154 24 28 0.20689522 
708 697 48 62 0.20684022 
687 221 22 28 0.1897819 
277 366 27 34 0.1666677 
849 160 27 28 0.15807983 
665 521 41 51 0.14609255 
965 240 50 76 0.14561413 
669 159 12 17 0.13555789 
316 709 52 66 0.10824353 
602 249 25 36 0.10377704 
665 201 21 29 0.10121865 
981 240 30 44 0.09144789 
664 231 24 32 0.08996619 
344 384 28 32 0.082021564 
672 217 35 48 0.08058565 
525 291 52 57 0.08052247 
331 392 15 23 0.077462085 
670 196 14 19 0.07719155 
275 93 37 40 0.07703851 
654 246 25 36 0.07029787 
867 166 36 42 0.069509596 
79 410 33 45 0.06426721 
659 210 25 30 0.063907646 
53 380 60 92 0.06004029 
857 160 34 35 0.057065163 
727 694 55 56 0.056716334 
949 223 50 68 0.056125358 
738 693 24 31 0.05273425 
806 686 13 17 0.052305967 
530 0 153 212 0.05125331 
670 209 22 28 0.051141027 
890 192 30 47 0.050951965 
877 184 32 49 0.049985778 
546 470 45 63 0.049496558 
253 373 49 58 0.046898257 
485 321 28 47 0.046789885 
666 240 15 20 0.046192195 
728 700 25 40 0.043430164 
485 60 10 13 0.037432045 
443 104 28 31 0.03721486 
760 704 27 33 0.036131468 
714 683 113 95 0.03575858 
641 259 27 32 0.03459179 
189 345 19 24 0.03440799 
610 255 27 37 0.032933958 
525 484 40 52 0.032617476 
857 158 15 17 0.03255962 
694 213 24 30 0.031822216 
447 85 13 14 0.030937511 
740 712 14 21 0.03047384 
973 223 34 41 0.030421222 
665 225 16 22 0.030018575 
680 675 83 103 0.0289999 
613 246 12 17 0.028516358 
591 198 21 27 0.028296698 
872 60 11 13 0.026595829 
627 209 15 19 0.026386524 
835 150 44 48 0.025867768 
644 232 17 21 0.02563892 
792 147 40 48 0.025620474 
619 207 26 30 0.024957571 
262 94 32 35 0.02483612 
84 240 54 67 0.024803488 
962 57 27 31 0.02452327 
989 252 17 25 0.024247864 
603 327 50 65 0.024226494 
359 380 29 37 0.0240255 
693 233 23 30 0.024018386 
644 270 36 46 0.02384296 
685 218 15 20 0.023627834 
449 40 9 11 0.023366248 
258 413 38 48 0.023270015 
751 553 238 247 0.023258727 
868 162 17 20 0.0229546 
847 163 16 18 0.022714555 
98 257 19 27 0.022388017 
512 37 102 125 0.022271 
655 219 16 20 0.022217302 
979 230 17 20 0.022060422 
351 371 30 35 0.021810576 
744 555 19 22 0.021786049 
986 220 34 50 0.021586098 
371 390 14 20 0.021516891 
855 151 11 14 0.021328762 
826 391 32 45 0.021107554 
465 47 8 10 0.020616252 
999 283 25 38 0.020544115 
-59 150 307 397 0.02043693 
996 252 24 39 0.020325933 
608 272 15 22 0.020319406 
739 709 30 36 0.020253707 
337 373 12 17 0.020163903 
