2_Demonstration_Protesters_2_213
139
960 587 51 75 0.9979971 
590 550 65 79 0.9975539 
362 311 77 96 0.98737586 
851 706 62 68 0.98368317 
754 541 37 51 0.98261654 
524 470 20 27 0.858071 
116 459 22 28 0.80652076 
69 393 8 10 0.53764445 
273 293 41 54 0.5305112 
48 399 12 15 0.49421576 
0 422 9 14 0.42446005 
773 611 40 56 0.35854223 
18 401 13 15 0.3178421 
6 471 16 23 0.31113002 
950 383 10 14 0.2360506 
100 404 11 14 0.21742186 
97 397 10 14 0.18501414 
0 398 7 12 0.18198082 
118 453 16 19 0.16381223 
887 380 13 17 0.12681901 
712 376 8 9 0.11874129 
31 439 9 12 0.10708598 
913 649 16 25 0.09609787 
69 426 13 15 0.09523358 
120 448 25 29 0.09387155 
22 419 12 14 0.09126373 
67 469 20 22 0.08735518 
817 391 7 9 0.08213146 
814 717 62 51 0.08042936 
496 476 13 21 0.08011905 
808 384 7 10 0.07460662 
165 468 16 18 0.07379742 
3 414 14 16 0.07284792 
82 442 14 18 0.071206436 
800 543 22 34 0.06568 
664 71 17 19 0.061650235 
727 492 22 27 0.06119928 
96 490 14 17 0.060238555 
687 560 35 40 0.0596371 
809 389 7 10 0.05956547 
93 414 10 13 0.05864514 
1 401 9 14 0.05637501 
640 46 10 12 0.05598446 
30 414 11 14 0.053100638 
956 388 11 13 0.052946012 
860 701 35 54 0.051437926 
23 389 10 12 0.05109596 
822 391 7 9 0.05017155 
44 443 15 17 0.050129242 
25 384 9 10 0.04926387 
903 634 35 55 0.046948817 
52 572 24 33 0.046022806 
5 406 10 12 0.045119878 
965 398 13 16 0.04400553 
878 387 11 14 0.043802645 
37 414 12 14 0.04366162 
64 404 12 15 0.042784665 
23 437 10 13 0.040483084 
0 434 11 17 0.03963334 
841 391 9 11 0.03860869 
68 433 12 14 0.03801242 
61 27 40 42 0.03690014 
901 381 11 16 0.035459384 
40 418 12 16 0.034818113 
117 472 23 29 0.03459198 
88 397 10 13 0.03453868 
1 424 15 19 0.0341682 
789 399 8 9 0.03329926 
134 483 15 20 0.032681003 
698 557 41 52 0.03246778 
499 470 25 33 0.03217249 
3 399 11 13 0.03184724 
995 377 12 15 0.031672306 
245 285 35 45 0.03099679 
131 436 16 18 0.030913828 
888 376 11 14 0.030058477 
106 436 15 18 0.0296104 
92 263 38 46 0.02940289 
910 395 11 13 0.02927878 
491 175 12 13 0.029223211 
14 420 12 16 0.029030833 
106 440 22 28 0.028944554 
142 477 20 27 0.02892616 
969 384 9 11 0.02879431 
829 735 34 33 0.028601436 
121 433 26 31 0.028571587 
122 464 25 30 0.028456949 
949 376 11 13 0.028268756 
844 629 14 20 0.028089521 
53 451 13 17 0.027983515 
8 473 24 32 0.027501907 
708 374 9 11 0.027191523 
63 466 16 20 0.02697668 
99 392 12 15 0.026777817 
739 503 15 21 0.026457587 
68 461 17 20 0.026411923 
945 387 13 16 0.026315492 
846 388 10 13 0.025950333 
68 412 13 16 0.025803449 
73 421 13 15 0.025617639 
88 418 13 15 0.025354043 
107 405 11 14 0.025259111 
101 422 12 13 0.024868969 
15 434 11 15 0.024694107 
0 476 20 35 0.024609895 
1007 659 16 21 0.024595533 
73 468 23 29 0.024193043 
652 60 26 29 0.024139816 
0 487 12 20 0.024043199 
475 350 24 30 0.024035677 
64 398 21 25 0.023644978 
873 390 11 13 0.02350633 
119 489 14 19 0.02340104 
772 374 9 12 0.022927186 
172 475 14 18 0.022654569 
65 416 19 24 0.022328272 
46 495 14 19 0.02223118 
783 602 35 43 0.02215738 
84 467 12 16 0.022123737 
441 354 27 42 0.02186194 
599 381 9 11 0.021780044 
181 479 10 14 0.021665102 
37 438 11 14 0.021654291 
834 616 23 34 0.021629313 
636 214 30 41 0.021543564 
153 475 22 26 0.021300066 
22 513 30 37 0.021261832 
762 622 35 50 0.021259122 
795 728 43 32 0.021218915 
966 389 12 15 0.021192204 
615 380 10 14 0.021074953 
0 532 17 19 0.02093131 
949 381 19 25 0.020789884 
811 733 40 32 0.020687979 
108 428 13 14 0.020478318 
807 574 26 30 0.020455806 
981 380 11 13 0.020413278 
455 135 207 285 0.02015058 
117 405 12 16 0.020095116 
