2_Demonstration_Demonstration_Or_Protest_2_173
311
846 291 52 67 0.99929166 
48 355 52 51 0.9981464 
671 278 47 63 0.99778914 
654 207 33 45 0.9976382 
353 229 27 35 0.9965115 
774 187 32 43 0.9963566 
273 278 36 42 0.9959776 
255 252 29 41 0.99442613 
170 313 43 54 0.9940661 
459 232 32 40 0.99319685 
581 233 44 56 0.9929503 
869 209 41 55 0.98449624 
360 295 40 56 0.98013157 
740 161 21 27 0.97805184 
504 216 40 54 0.9775237 
548 166 14 18 0.97128975 
108 247 38 51 0.9704514 
174 225 20 25 0.9561542 
0 301 24 51 0.9525443 
3 217 13 16 0.9484139 
671 153 19 27 0.9339169 
360 190 16 21 0.9017372 
320 207 17 23 0.87345123 
831 164 19 27 0.841363 
207 239 20 26 0.82115746 
889 175 26 30 0.816504 
439 192 14 19 0.81378853 
574 185 19 25 0.81345576 
452 210 24 28 0.81217265 
640 167 19 27 0.8045927 
286 195 14 18 0.78901523 
326 182 13 16 0.74781287 
17 241 14 17 0.7266929 
491 161 14 18 0.71624124 
100 216 18 22 0.714509 
252 221 16 20 0.71063954 
469 190 16 22 0.69792753 
515 191 23 29 0.66382766 
134 210 14 18 0.66107684 
517 156 10 13 0.652916 
401 182 9 11 0.5736626 
453 221 29 37 0.566358 
381 199 17 21 0.5243355 
965 120 13 16 0.52138555 
882 147 13 16 0.49354765 
184 275 31 36 0.47332716 
598 149 24 34 0.4609426 
389 198 13 16 0.4577559 
648 281 30 42 0.42803764 
157 192 8 10 0.349726 
223 205 13 17 0.34931207 
4 252 14 17 0.3357622 
212 197 11 14 0.3209464 
404 178 12 16 0.3142441 
439 175 10 12 0.31406793 
48 262 20 26 0.3122434 
38 216 10 13 0.30692926 
431 152 10 12 0.2957466 
30 214 10 14 0.2951813 
250 188 10 11 0.29509157 
116 201 11 13 0.289771 
231 188 9 12 0.28067532 
376 174 9 11 0.27487484 
192 190 9 11 0.27159935 
917 109 9 12 0.25081158 
453 205 17 20 0.24114229 
909 133 15 17 0.23335107 
265 181 9 11 0.22659005 
175 191 7 9 0.22584914 
168 202 11 14 0.21257925 
252 183 9 11 0.2035883 
972 299 29 36 0.1847262 
1006 169 14 19 0.17943753 
436 151 8 11 0.17138784 
749 208 23 31 0.16817033 
0 187 9 14 0.15262073 
997 171 14 18 0.15093331 
454 144 11 13 0.14890954 
344 175 10 12 0.14788611 
710 125 12 15 0.13726224 
237 208 13 17 0.13620296 
47 206 9 12 0.12991817 
166 217 13 18 0.12983918 
39 199 9 11 0.12436052 
12 250 14 18 0.12316409 
4 246 12 16 0.12305125 
491 101 10 15 0.11969807 
599 423 20 27 0.11383209 
428 168 10 12 0.10953076 
100 191 9 11 0.10528618 
365 192 20 25 0.10418871 
237 184 8 10 0.103182495 
69 197 10 12 0.098445795 
173 198 10 13 0.09128024 
47 212 9 13 0.09112453 
258 244 18 21 0.08890347 
437 179 14 16 0.08603095 
944 195 26 29 0.08143838 
906 137 12 17 0.08035179 
62 219 9 13 0.07918911 
413 193 14 19 0.0780746 
401 445 19 21 0.07722799 
41 203 10 12 0.07655221 
662 147 13 16 0.07439597 
117 218 11 15 0.07347075 
290 191 15 18 0.07266008 
374 177 13 17 0.07176725 
843 197 15 19 0.070809476 
561 150 10 13 0.06914892 
711 139 10 15 0.06518064 
127 197 9 13 0.06479954 
916 129 13 15 0.06260801 
300 199 17 20 0.061378825 
411 178 13 17 0.060613383 
474 195 16 23 0.059744906 
1000 159 22 34 0.059303463 
406 149 10 11 0.05722856 
426 151 10 13 0.056852397 
307 203 14 19 0.056597557 
435 155 10 13 0.05439321 
55 214 10 13 0.054360896 
255 96 14 17 0.054214258 
479 166 9 13 0.053592954 
718 152 14 17 0.05216141 
461 143 9 11 0.051546324 
180 207 10 12 0.0514966 
222 199 12 15 0.050942708 
556 155 13 18 0.050444826 
71 192 11 12 0.048463855 
636 257 16 20 0.04829428 
160 220 13 17 0.047512166 
232 226 15 19 0.04716615 
212 197 20 24 0.04701923 
882 184 30 34 0.045775678 
370 173 9 11 0.045334812 
296 182 11 13 0.045098793 
7 138 10 14 0.04415627 
139 219 13 16 0.043691937 
811 144 15 17 0.043589246 
421 178 12 16 0.043027047 
57 259 16 23 0.04288852 
170 190 9 11 0.0424957 
471 140 10 12 0.041670628 
24 208 9 12 0.04153987 
113 128 9 12 0.04133934 
268 187 10 12 0.041281726 
655 279 41 57 0.041191366 
169 183 7 10 0.041188728 
219 453 31 32 0.040725432 
466 250 19 24 0.04069857 
28 269 11 15 0.04056403 
914 105 9 12 0.040510833 
190 172 8 11 0.040419314 
442 198 20 25 0.040378906 
391 192 12 14 0.040309988 
229 196 11 14 0.039679393 
40 265 21 28 0.039132297 
1011 174 12 19 0.03900123 
71 150 11 16 0.03883034 
334 177 10 13 0.03872012 
303 173 11 14 0.038503464 
10 219 11 15 0.038270533 
247 175 9 11 0.03775696 
908 140 16 20 0.03747741 
208 173 9 11 0.0374116 
21 231 12 13 0.037053443 
991 171 23 28 0.03686548 
290 211 13 17 0.036810145 
101 196 9 11 0.03667728 
846 216 22 35 0.03648047 
638 253 23 33 0.036419388 
226 187 11 13 0.036363903 
143 226 13 17 0.036352854 
95 223 14 17 0.036296785 
79 214 8 11 0.035885114 
351 168 8 11 0.035835974 
26 332 49 64 0.035714515 
153 194 11 14 0.03525003 
618 410 22 29 0.034875605 
912 132 22 28 0.034811057 
300 178 12 15 0.034769285 
992 176 14 17 0.03475988 
510 102 15 17 0.034133837 
224 159 8 10 0.03412285 
208 199 13 17 0.034066454 
253 232 21 25 0.03394542 
196 241 16 21 0.033756368 
937 116 10 12 0.03364771 
20 198 9 11 0.033564456 
498 156 13 17 0.033348072 
1000 156 11 14 0.032980673 
692 141 10 14 0.032887645 
723 414 26 29 0.03288437 
877 202 30 39 0.032566156 
234 218 16 20 0.0325164 
28 266 36 50 0.03245687 
450 147 10 13 0.032342896 
30 209 9 11 0.03233776 
96 183 8 11 0.03222539 
80 222 9 12 0.032188963 
396 185 13 17 0.03218422 
34 467 41 35 0.032158285 
394 181 10 13 0.03202627 
406 158 10 11 0.03168594 
1015 143 11 17 0.031477585 
15 193 8 10 0.031428345 
512 162 15 18 0.031185733 
128 192 9 12 0.031087177 
762 193 27 39 0.030890198 
425 171 11 15 0.030888448 
737 21 16 21 0.030467639 
25 242 12 17 0.03021154 
179 213 14 17 0.030183053 
632 268 38 51 0.029460525 
485 201 13 19 0.029362595 
868 161 13 18 0.029312434 
45 200 9 11 0.028976819 
453 154 13 15 0.02881827 
88 220 10 14 0.028681321 
101 207 12 14 0.028651433 
246 227 20 26 0.028509239 
97 206 11 14 0.027236639 
109 216 21 25 0.027066002 
228 230 19 26 0.026998628 
110 61 10 13 0.0269053 
192 184 10 12 0.026766045 
284 219 14 17 0.02674564 
16 197 9 11 0.02673236 
430 177 13 17 0.026692826 
842 197 24 32 0.026689846 
438 169 10 13 0.026405998 
418 188 14 19 0.026395144 
510 186 17 20 0.026243616 
300 281 16 21 0.026169287 
903 179 15 19 0.0260067 
124 200 19 23 0.025996367 
64 204 11 13 0.02599635 
255 217 12 15 0.025931504 
375 204 23 30 0.025686286 
515 168 14 18 0.025673652 
229 164 9 12 0.02548719 
370 187 14 17 0.025474202 
644 410 13 18 0.025412505 
112 195 18 23 0.025392635 
983 289 30 42 0.025333008 
369 169 8 11 0.025234483 
24 217 12 14 0.025174862 
563 155 11 15 0.024971616 
419 696 23 33 0.024954772 
603 141 15 20 0.024922168 
407 194 13 18 0.024896158 
312 142 9 11 0.024723472 
655 230 34 39 0.024712538 
1012 215 12 20 0.024495214 
71 216 8 11 0.024447123 
87 176 8 10 0.024230167 
6 210 10 12 0.0241146 
132 198 10 13 0.023913588 
609 429 18 21 0.02384769 
182 190 9 11 0.023794862 
549 185 12 18 0.023630265 
175 185 8 11 0.023616595 
55 256 12 15 0.02355446 
449 158 11 13 0.023466207 
628 248 26 33 0.02322136 
643 252 41 55 0.023195535 
715 119 11 15 0.023029586 
581 154 13 17 0.022996765 
5 190 9 11 0.022941707 
4 237 13 17 0.022855788 
208 192 10 13 0.022779962 
53 207 9 13 0.022699846 
350 192 15 19 0.02257134 
69 220 9 12 0.02250126 
655 147 12 15 0.022421774 
134 105 12 17 0.022399133 
459 147 10 14 0.022308229 
838 180 24 32 0.022304649 
447 166 9 12 0.022285752 
631 169 16 22 0.022245891 
383 167 9 11 0.022243522 
148 222 13 17 0.022234196 
344 189 11 15 0.0219567 
944 260 25 29 0.021841682 
636 398 12 16 0.021813901 
29 274 13 16 0.021704875 
695 137 9 11 0.021642558 
704 130 12 14 0.021458456 
443 180 12 16 0.02141983 
246 182 18 23 0.021302922 
963 348 30 48 0.021288075 
272 196 11 16 0.021079483 
905 126 11 13 0.021043397 
0 239 10 15 0.020922447 
285 138 11 14 0.0208645 
322 195 16 20 0.020840459 
61 255 12 15 0.020830568 
922 145 13 16 0.020702403 
475 138 13 15 0.020700956 
783 197 20 27 0.020632979 
516 182 16 19 0.020611538 
345 170 9 11 0.020547649 
453 163 10 12 0.020450966 
526 140 13 15 0.020434747 
207 181 9 12 0.02042569 
586 144 22 32 0.020366147 
927 251 14 18 0.020285748 
79 208 8 11 0.020242864 
198 205 10 14 0.020239018 
452 173 11 13 0.020204656 
126 211 19 24 0.020008229 
