2_Demonstration_Protesters_2_92
166
244 300 30 37 0.99785477 
259 430 57 74 0.9918264 
735 347 64 76 0.98505336 
345 331 22 30 0.9264021 
197 326 25 35 0.92564636 
88 513 72 140 0.9117955 
687 340 34 44 0.88609105 
428 301 15 21 0.8842138 
316 319 24 36 0.85643065 
381 312 23 30 0.8183983 
826 329 35 47 0.8082949 
497 322 27 31 0.7329885 
590 327 13 21 0.6767141 
116 310 19 23 0.6752243 
649 299 25 32 0.54006964 
938 314 24 34 0.51216453 
91 295 11 15 0.4629645 
61 340 42 54 0.4580428 
790 469 48 62 0.36391068 
97 325 18 20 0.3390207 
720 495 28 37 0.33612582 
5 387 49 77 0.30841535 
467 301 18 24 0.29951614 
923 727 47 38 0.25902164 
926 365 22 37 0.25623065 
189 295 16 19 0.255863 
854 423 48 67 0.25489745 
1 312 33 47 0.25486147 
166 306 13 15 0.2511974 
70 419 56 73 0.23705007 
328 326 23 33 0.21096349 
422 458 10 14 0.1450364 
656 302 33 36 0.12529902 
295 379 40 50 0.12238673 
276 332 33 37 0.118297026 
196 526 53 61 0.106836386 
648 306 15 21 0.09849189 
146 374 24 40 0.09322651 
493 322 17 25 0.09182461 
725 484 33 40 0.09124703 
173 303 11 15 0.091218956 
666 437 50 67 0.09116369 
123 390 24 35 0.08764787 
129 376 36 49 0.08507662 
99 437 37 47 0.084838144 
7 324 49 66 0.084561944 
584 323 14 21 0.0838316 
21 397 56 74 0.08237944 
66 452 90 125 0.08169034 
140 316 13 17 0.08124343 
947 307 36 47 0.08059666 
377 314 39 48 0.07882564 
219 289 13 17 0.07727939 
132 314 12 17 0.074951574 
596 321 23 30 0.07228919 
980 390 33 46 0.07099091 
983 295 32 40 0.06772107 
185 292 13 17 0.06459137 
110 377 40 57 0.06223208 
119 439 31 47 0.0618453 
609 427 18 22 0.05943855 
487 330 12 17 0.059196603 
142 307 13 17 0.057395115 
392 320 18 23 0.056312863 
181 320 15 21 0.055103388 
473 299 23 29 0.05099675 
757 571 53 69 0.050210636 
38 356 51 64 0.05020595 
1001 436 23 35 0.048759393 
971 302 30 38 0.048757054 
585 317 24 32 0.04743048 
939 453 23 33 0.046262354 
289 320 35 38 0.04616113 
158 321 14 20 0.045545254 
980 357 50 69 0.0449404 
163 313 14 20 0.043508917 
118 304 16 18 0.043419883 
198 416 42 65 0.043385506 
375 313 15 21 0.042983573 
89 330 25 35 0.04220619 
496 296 30 37 0.041925367 
148 327 15 19 0.041163508 
148 303 11 14 0.041048888 
34 283 14 16 0.040636424 
15 425 99 104 0.040544882 
953 325 17 25 0.040461224 
832 336 52 61 0.040391523 
182 284 12 15 0.040339366 
48 392 55 76 0.04022768 
277 303 28 37 0.039678067 
363 554 14 18 0.03927717 
-1 338 36 55 0.038526095 
-2 492 62 86 0.038390696 
146 316 13 17 0.03838796 
727 462 43 50 0.038142167 
588 155 14 16 0.03775591 
91 295 20 25 0.037411723 
911 717 40 48 0.03695985 
564 346 10 13 0.036734458 
731 404 55 66 0.036542278 
165 294 9 12 0.034163885 
486 322 14 19 0.034150172 
366 302 10 14 0.033996627 
265 342 44 51 0.033471577 
633 482 16 19 0.033423893 
129 354 22 29 0.03291345 
957 329 27 36 0.032605097 
88 350 29 41 0.032146886 
672 311 20 23 0.032050855 
261 308 26 34 0.031778593 
280 329 21 26 0.03161266 
711 440 50 62 0.0313641 
820 367 26 37 0.031234438 
456 700 20 22 0.030988323 
13 307 30 36 0.030934658 
193 317 24 30 0.030735122 
306 399 18 24 0.030341003 
480 303 37 46 0.0302861 
532 459 13 18 0.030210072 
80 342 26 41 0.030067764 
99 389 44 66 0.029606694 
842 371 56 71 0.029235307 
49 346 38 40 0.028891303 
105 322 16 21 0.028406106 
401 313 17 22 0.028257277 
397 349 31 33 0.027954113 
973 395 26 35 0.02669176 
189 316 15 20 0.026388424 
604 329 26 30 0.02634822 
-1 391 31 53 0.026306082 
28 306 15 20 0.025773318 
31 491 102 125 0.025348363 
173 320 15 21 0.025122315 
266 313 15 21 0.025015226 
149 291 11 13 0.024794586 
99 295 11 13 0.024691567 
373 367 21 28 0.024363833 
740 440 49 57 0.024347605 
508 328 23 24 0.024339315 
544 430 10 13 0.024149638 
257 355 31 38 0.024081666 
908 357 37 52 0.023941822 
156 339 13 17 0.023896068 
33 279 11 13 0.023449255 
497 314 21 27 0.02312583 
989 410 31 46 0.023118021 
1010 442 14 23 0.022751516 
971 330 30 34 0.022709964 
750 544 44 59 0.022689333 
908 351 24 32 0.02240633 
683 540 27 40 0.022367261 
322 306 24 39 0.022195095 
74 371 51 77 0.021782396 
457 536 17 24 0.021639474 
163 321 21 29 0.021441232 
161 293 9 12 0.021427713 
608 540 22 29 0.021354318 
1 409 34 63 0.021313053 
111 318 24 28 0.021026596 
895 352 26 36 0.020990415 
112 351 27 33 0.020429889 
14 531 102 140 0.020185499 
166 408 46 65 0.020175008 
488 572 15 18 0.020140622 
827 370 32 43 0.020079266 
90 351 14 23 0.020030731 
