2_Demonstration_Demonstration_Or_Protest_2_200
288
276 217 38 47 0.9975435 
808 489 59 61 0.9961278 
85 129 31 42 0.9946918 
71 265 40 50 0.9935992 
285 169 24 31 0.9858385 
388 224 22 31 0.9833429 
851 323 40 49 0.9808384 
176 220 34 44 0.9798585 
792 383 42 53 0.9773812 
226 190 26 34 0.9687496 
13 364 39 52 0.96416205 
883 164 27 34 0.933359 
356 156 21 28 0.9194451 
22 71 14 18 0.86885434 
942 303 39 46 0.8648755 
275 67 12 15 0.86253196 
399 47 14 19 0.83229184 
365 113 14 16 0.819629 
895 299 33 40 0.7445172 
310 97 14 17 0.7293499 
315 371 42 50 0.718068 
461 10 14 17 0.6973975 
395 167 22 28 0.6591779 
905 117 18 23 0.61700076 
357 27 10 13 0.6046007 
949 180 34 37 0.55458254 
351 123 13 17 0.54931617 
526 165 31 40 0.53753805 
407 140 15 18 0.5334667 
118 258 23 32 0.5173169 
842 135 21 23 0.4926162 
903 0 16 17 0.4853657 
666 381 46 67 0.39652765 
91 29 12 17 0.39475453 
999 79 22 35 0.3923957 
681 36 17 21 0.3687815 
0 315 23 40 0.30463472 
306 362 36 43 0.29758835 
36 138 13 17 0.2578918 
288 82 14 18 0.21520872 
674 373 29 48 0.2029636 
672 58 35 38 0.20203906 
884 191 16 18 0.17938288 
16 128 17 21 0.17531338 
931 77 15 18 0.17287712 
508 164 35 38 0.16530068 
548 352 21 30 0.15353659 
909 152 14 20 0.15257661 
902 289 30 34 0.14154889 
356 115 17 22 0.14010683 
883 303 32 42 0.14003325 
362 146 16 23 0.13769338 
945 10 10 13 0.13718244 
501 5 11 15 0.12839013 
345 178 25 32 0.12560782 
44 114 21 32 0.12147363 
316 322 17 21 0.12024909 
529 86 10 14 0.11726179 
353 1 10 11 0.11395905 
407 486 54 51 0.109835595 
2 90 14 20 0.10886453 
977 28 10 13 0.108818695 
956 325 33 42 0.10194726 
844 192 24 30 0.098148294 
303 360 25 29 0.09644282 
349 168 24 30 0.0869966 
394 147 21 30 0.08608568 
54 256 25 34 0.084783755 
545 176 15 22 0.0827313 
341 311 18 23 0.07832271 
363 184 23 32 0.078057684 
1 86 10 16 0.07648384 
316 171 15 19 0.07611908 
300 171 24 30 0.074479975 
760 72 8 10 0.07376737 
525 115 12 16 0.07348632 
758 84 10 14 0.0716784 
312 172 23 30 0.071346 
488 39 11 13 0.071253926 
405 390 11 13 0.07074854 
799 12 15 18 0.07065124 
864 309 40 51 0.07062613 
77 91 14 19 0.07026099 
14 23 8 10 0.06935408 
813 0 9 10 0.06691931 
460 342 13 17 0.06678784 
35 145 14 20 0.06588338 
70 36 9 12 0.06486145 
681 374 18 25 0.062355153 
29 39 8 11 0.061425608 
210 188 14 19 0.060660474 
477 28 11 13 0.05993532 
692 3 16 19 0.056684166 
938 76 14 16 0.056074116 
357 173 24 31 0.056010243 
768 332 40 46 0.05598083 
92 1 15 12 0.055835254 
341 199 31 39 0.055497088 
63 53 11 15 0.054145023 
724 480 44 62 0.053264778 
197 185 14 18 0.052481227 
31 45 9 11 0.051659197 
24 127 21 29 0.050411213 
919 391 40 53 0.049333658 
379 150 25 36 0.048710622 
875 27 12 15 0.048020102 
99 1 15 15 0.047774315 
1 208 12 23 0.046518035 
898 144 24 30 0.046144843 
65 260 32 39 0.045410186 
855 35 13 16 0.04511538 
849 65 16 20 0.045064982 
912 115 22 29 0.044665363 
339 186 26 37 0.04445949 
713 20 10 12 0.044358566 
766 0 12 12 0.044011086 
11 248 26 40 0.043871563 
154 204 12 16 0.04354359 
84 391 14 19 0.042189542 
803 321 40 48 0.041966412 
758 76 10 14 0.0412808 
367 131 12 17 0.041099314 
517 98 26 38 0.040782485 
989 251 12 14 0.04047935 
85 20 15 19 0.03984029 
366 158 24 34 0.039649494 
157 246 11 15 0.03953515 
11 93 13 18 0.038654726 
366 145 20 33 0.038430963 
32 380 37 39 0.038316686 
386 209 25 33 0.038163617 
63 254 15 18 0.03765136 
803 4 12 14 0.037617862 
892 148 16 19 0.037153225 
524 86 22 31 0.03665261 
347 207 16 22 0.036391787 
22 23 9 11 0.03628377 
875 6 15 16 0.035989355 
372 273 25 31 0.035964552 
2 327 15 23 0.035576116 
399 139 15 20 0.035169166 
60 249 24 29 0.03511941 
80 29 11 14 0.034792986 
83 11 16 17 0.034711946 
48 127 23 37 0.034643646 
295 356 73 90 0.034549203 
262 76 8 12 0.034493085 
356 184 16 22 0.033877455 
911 48 10 12 0.03386252 
652 43 49 63 0.033776432 
40 126 21 32 0.0335616 
123 253 18 22 0.03349844 
392 501 101 101 0.032944784 
214 236 10 15 0.032815855 
886 156 15 17 0.032661486 
788 332 40 48 0.032313455 
319 79 10 12 0.032238226 
318 85 10 12 0.03217971 
127 255 26 34 0.031628273 
67 125 37 51 0.031608537 
62 1 9 9 0.030962031 
6 127 23 31 0.030753028 
691 42 13 17 0.03070527 
573 60 11 14 0.030654853 
544 11 44 59 0.030596811 
53 139 26 37 0.030574627 
140 0 13 10 0.030170925 
432 13 10 14 0.030151803 
392 21 9 12 0.030019324 
48 13 9 11 0.029929748 
911 290 19 21 0.02991754 
1 15 8 12 0.029739723 
567 55 11 12 0.02960259 
715 14 11 13 0.029386932 
680 354 45 59 0.029252997 
106 1 14 14 0.029196467 
373 193 25 32 0.029029595 
353 23 12 14 0.028827876 
189 184 15 19 0.028769158 
540 70 14 17 0.028537376 
314 355 18 23 0.028512951 
451 226 13 18 0.028286329 
359 111 13 16 0.028209455 
0 91 21 32 0.027997995 
236 142 15 19 0.02786691 
453 342 23 29 0.027798984 
907 7 14 17 0.027796175 
788 9 15 17 0.02762282 
862 187 12 17 0.027275529 
868 58 13 17 0.027150577 
1005 284 16 19 0.026955076 
539 343 43 53 0.026745528 
657 335 48 61 0.026675092 
892 299 18 23 0.026655797 
568 60 11 13 0.026377644 
447 356 10 14 0.02630727 
94 200 27 38 0.02625633 
816 11 11 15 0.026215015 
974 304 26 38 0.026190573 
467 339 16 19 0.026122315 
561 0 15 14 0.026117155 
665 366 29 41 0.026071424 
863 58 12 17 0.026043732 
806 0 13 11 0.026019663 
73 96 13 17 0.025992638 
902 128 27 33 0.025921922 
300 87 18 24 0.025921011 
789 83 14 18 0.025897013 
1007 24 15 22 0.02589399 
388 146 15 23 0.025880765 
325 172 24 32 0.025839169 
923 77 10 14 0.025756048 
585 329 47 60 0.025644874 
915 306 27 33 0.025358884 
77 383 23 32 0.02526879 
789 76 13 17 0.025165958 
617 387 51 65 0.024942324 
850 186 17 22 0.024931373 
41 31 9 12 0.024840932 
988 177 15 18 0.024736658 
371 177 17 21 0.024680397 
928 237 39 46 0.024647573 
584 54 9 12 0.024543695 
713 37 11 17 0.02445993 
309 170 15 20 0.024422407 
946 166 53 63 0.024347309 
6 16 9 11 0.024319643 
198 177 22 29 0.024253346 
884 6 14 15 0.024221288 
56 7 9 12 0.024195358 
392 28 10 14 0.02407531 
901 291 18 20 0.02398504 
359 139 14 19 0.023957983 
392 84 11 15 0.023955155 
364 130 21 27 0.023829397 
319 55 8 10 0.023664134 
753 84 11 16 0.02339227 
682 45 28 37 0.02314994 
858 3 12 15 0.022968655 
698 352 43 55 0.022876047 
543 341 12 15 0.022813773 
173 135 31 42 0.022740752 
576 18 12 14 0.022668118 
45 259 23 34 0.022638476 
477 34 11 14 0.02252195 
743 367 37 48 0.021980029 
210 199 26 35 0.021936798 
471 21 20 25 0.021935767 
901 110 16 22 0.021882419 
150 247 15 21 0.021851037 
398 125 9 13 0.021611452 
261 207 26 34 0.021598369 
846 61 13 16 0.021577151 
23 28 9 11 0.021575999 
1008 84 15 25 0.021457702 
397 464 50 51 0.021450605 
351 206 31 37 0.021268403 
318 8 9 11 0.021255683 
26 357 39 47 0.021248942 
400 40 12 17 0.021242734 
666 308 47 61 0.02123027 
169 189 17 19 0.02099464 
974 11 12 17 0.02098781 
59 49 21 29 0.02083838 
1 80 9 14 0.020830374 
820 7 11 14 0.02082179 
389 132 11 15 0.020776797 
-1 32 7 10 0.020767018 
114 273 20 30 0.020688348 
506 4 13 16 0.020668117 
894 201 15 20 0.020617045 
795 352 46 55 0.020616747 
356 349 24 36 0.020595547 
381 145 15 22 0.020576136 
878 50 14 16 0.020548815 
395 205 16 20 0.02045099 
392 340 11 14 0.020358836 
444 11 13 17 0.020352524 
474 338 15 17 0.020317832 
46 74 13 17 0.020301811 
815 4 11 14 0.020280084 
921 70 22 29 0.020216493 
-1 45 7 13 0.020195162 
754 348 41 49 0.020194737 
913 109 16 21 0.020086372 
250 247 27 32 0.02007126 
38 47 9 12 0.020035902 
926 313 13 19 0.020012563 
