2_Demonstration_Protesters_2_179
63
515 197 34 39 0.9981493 
643 155 32 43 0.9966537 
154 185 37 50 0.9884871 
3 317 12 15 0.7828227 
54 317 12 15 0.76469684 
966 191 21 25 0.7200809 
978 191 16 20 0.65293854 
846 152 29 42 0.6493478 
101 317 12 17 0.3007516 
80 325 13 16 0.21326862 
865 141 39 42 0.21032062 
63 347 10 13 0.19080283 
3 255 14 19 0.18039374 
79 338 11 14 0.15539177 
854 130 30 37 0.15188788 
80 331 12 16 0.15000947 
47 368 11 14 0.14804488 
799 157 13 17 0.12947914 
93 321 14 19 0.1001657 
96 418 9 12 0.083428 
671 456 13 14 0.08014872 
40 383 10 14 0.062459208 
688 140 25 37 0.053607948 
3 273 13 16 0.044734426 
84 320 14 17 0.041203205 
802 176 14 18 0.039651357 
749 158 11 14 0.037437905 
423 133 12 14 0.0373895 
869 130 30 35 0.035564803 
43 379 13 16 0.03394674 
91 396 10 14 0.033395283 
79 358 9 12 0.033313382 
700 133 13 15 0.031981196 
791 165 25 31 0.0317191 
6 282 13 17 0.03145423 
10 315 11 16 0.03135243 
716 160 15 17 0.030961579 
244 398 13 17 0.030936908 
13 307 12 16 0.030614002 
853 124 16 23 0.02991585 
923 236 44 51 0.029798277 
696 134 10 13 0.029795643 
70 359 11 13 0.0292747 
766 153 52 68 0.028684927 
701 138 25 31 0.028612915 
93 353 10 14 0.027314227 
106 232 24 32 0.027312923 
47 360 10 13 0.027100671 
21 308 12 17 0.026579015 
40 337 11 16 0.026380496 
70 342 10 13 0.026146783 
57 320 13 16 0.026052346 
13 285 11 14 0.026008584 
629 444 9 12 0.025846407 
42 365 11 14 0.024643293 
9 258 13 17 0.022709707 
10 266 12 16 0.022252489 
744 164 11 15 0.021863079 
38 310 11 14 0.021696711 
550 214 25 29 0.021652266 
963 190 37 44 0.021392483 
826 147 42 55 0.020861715 
87 356 10 13 0.02076823 
