2_Demonstration_Political_Rally_2_57
129
213 145 33 45 0.998137 
897 256 32 40 0.9979273 
492 166 33 42 0.99784446 
757 145 29 35 0.9969452 
781 145 32 41 0.99688846 
526 155 30 36 0.996182 
826 123 31 42 0.99605286 
384 120 29 39 0.99598014 
78 137 35 46 0.99412775 
664 183 29 35 0.9925976 
280 145 26 34 0.99159604 
274 204 33 41 0.99064064 
358 140 36 44 0.98877907 
944 171 27 31 0.9851687 
588 133 35 47 0.9802828 
261 130 21 29 0.9592191 
145 133 33 36 0.9494226 
930 216 23 29 0.9382882 
465 153 23 34 0.91644895 
-1 125 19 34 0.89089996 
480 307 54 68 0.8578014 
922 170 25 33 0.82638115 
486 134 23 28 0.77878857 
104 120 27 30 0.7668079 
444 77 18 23 0.61694413 
645 134 17 25 0.52633744 
58 66 16 19 0.50792444 
476 141 29 37 0.39304456 
763 140 39 48 0.3012404 
936 152 19 22 0.28367206 
473 104 15 19 0.25772226 
92 129 30 37 0.24503693 
133 153 24 32 0.24039637 
852 237 21 27 0.20093432 
929 160 26 32 0.18455115 
21 110 13 17 0.17871863 
646 156 16 22 0.17077038 
963 148 13 16 0.15543844 
109 108 27 30 0.14254703 
289 117 11 14 0.14190933 
989 236 14 18 0.14085853 
715 184 24 34 0.12661138 
9 130 19 26 0.12242254 
130 219 12 16 0.11796314 
544 169 27 35 0.11697978 
141 146 27 35 0.116062135 
366 121 40 54 0.09794291 
368 287 31 32 0.09118487 
489 147 28 37 0.08669837 
669 123 12 16 0.08580218 
579 126 13 17 0.08505829 
294 66 12 16 0.0840145 
555 116 12 16 0.07373957 
716 169 23 28 0.069786444 
56 65 11 14 0.06915354 
402 169 17 22 0.06897124 
17 92 10 13 0.068688355 
177 214 17 20 0.06557956 
815 277 13 16 0.060562454 
302 174 22 29 0.059998892 
466 169 18 24 0.05609725 
21 88 9 11 0.05594866 
119 131 20 25 0.05430846 
647 126 13 18 0.051596943 
295 109 22 30 0.048913624 
560 4 12 13 0.04826006 
457 43 11 13 0.047653202 
300 98 13 17 0.04762625 
273 134 16 19 0.04562983 
662 169 29 35 0.042085942 
575 123 20 28 0.042010535 
2 73 12 15 0.041717496 
306 157 25 33 0.039812297 
478 160 34 39 0.039422326 
292 337 16 20 0.03869389 
654 136 20 26 0.038086943 
580 118 10 14 0.037753392 
655 151 22 29 0.037688356 
292 110 12 16 0.035903066 
961 181 17 21 0.035829917 
123 146 24 32 0.03550943 
285 131 14 18 0.03509692 
551 122 12 16 0.034450553 
474 107 22 27 0.03414644 
288 111 19 26 0.03402937 
554 177 14 22 0.03397873 
292 152 24 32 0.032633793 
955 149 21 27 0.032255735 
924 165 15 19 0.03189582 
99 150 28 33 0.031790648 
811 125 30 36 0.02989763 
667 137 15 19 0.029270494 
971 151 9 12 0.029160043 
14 114 15 19 0.029078908 
809 593 35 36 0.028798366 
711 221 23 36 0.027342334 
22 106 20 27 0.027073469 
904 366 25 30 0.026808081 
311 190 25 34 0.026398862 
108 158 16 22 0.026030798 
434 64 23 31 0.025867932 
264 127 13 17 0.02571001 
316 152 26 33 0.02551525 
584 95 7 10 0.025305152 
574 110 20 30 0.024840262 
14 95 20 28 0.02480173 
283 194 31 39 0.024375407 
946 147 15 18 0.023754714 
553 111 10 15 0.023659647 
475 119 16 21 0.022791918 
476 129 15 20 0.022703892 
849 291 17 23 0.02264255 
663 145 14 20 0.022595087 
153 75 11 16 0.022439264 
446 126 14 18 0.02235504 
71 146 26 36 0.022111217 
416 237 34 48 0.02171986 
-1 68 18 27 0.021584878 
15 135 22 28 0.021582521 
279 132 24 31 0.021426264 
396 46 17 23 0.021192743 
364 133 12 15 0.021122783 
3 60 12 16 0.020902477 
557 108 22 29 0.020701163 
348 132 12 15 0.02057035 
124 128 34 44 0.020487057 
923 188 16 21 0.020279042 
662 130 15 20 0.020200597 
296 94 11 15 0.020063365 
