2_Demonstration_Protesters_2_912
294
880 333 25 33 0.99908686 
835 326 29 35 0.9963257 
146 433 23 30 0.9910875 
478 309 26 33 0.9875494 
42 348 15 19 0.9870481 
721 279 29 41 0.98376137 
252 337 17 21 0.97678614 
169 361 18 23 0.95482963 
996 351 23 29 0.94974774 
525 317 14 19 0.94386643 
548 314 18 22 0.9070094 
647 347 13 17 0.89707965 
599 319 21 29 0.71267635 
951 311 12 15 0.6908292 
64 348 10 16 0.63168854 
936 336 21 27 0.6306268 
367 326 13 16 0.6212394 
354 350 16 20 0.5864523 
260 389 20 35 0.53782594 
439 314 10 14 0.50185305 
115 370 19 22 0.47100484 
757 357 13 15 0.42947078 
787 332 18 22 0.42761263 
191 338 12 16 0.40680712 
643 550 16 20 0.35205355 
618 323 13 17 0.33910608 
653 326 12 15 0.33399293 
511 309 10 14 0.32871056 
919 341 12 18 0.32779956 
288 318 9 13 0.31881687 
637 324 9 12 0.30909768 
405 483 15 21 0.30466896 
232 372 20 28 0.29249874 
513 338 18 24 0.28617916 
325 343 10 13 0.28499642 
812 286 10 11 0.2565404 
341 330 9 12 0.24589628 
395 310 9 11 0.23254636 
327 410 12 17 0.22561792 
270 394 21 33 0.18154529 
655 318 11 13 0.1702962 
420 303 9 13 0.16094534 
179 523 14 16 0.14988734 
528 293 11 14 0.14786273 
390 302 9 11 0.1370343 
268 318 9 12 0.13672195 
284 408 15 21 0.13413073 
714 368 15 18 0.13226159 
293 323 9 11 0.1299255 
296 304 8 10 0.123501055 
302 347 12 16 0.114791 
496 285 8 10 0.114195295 
683 310 16 19 0.10962751 
565 319 13 19 0.1060063 
303 396 11 15 0.099761896 
457 322 22 30 0.09448681 
329 302 9 10 0.09300298 
390 269 8 10 0.092387415 
573 295 9 13 0.0898788 
393 315 9 11 0.08895097 
842 377 15 20 0.08877978 
409 331 11 15 0.087916 
723 276 17 22 0.08779205 
200 354 13 18 0.087262996 
447 298 11 15 0.0869912 
631 325 11 13 0.08682073 
659 323 11 15 0.086555496 
389 284 10 12 0.08626496 
334 311 8 11 0.08389552 
648 332 14 17 0.0827197 
661 317 10 13 0.08258333 
297 309 9 12 0.08190957 
711 281 26 36 0.080361694 
312 308 8 10 0.07796062 
269 335 11 15 0.07679526 
612 325 13 20 0.076500975 
292 404 14 18 0.0745315 
254 395 17 23 0.07218511 
412 327 11 14 0.070335425 
348 361 15 18 0.06768802 
369 308 10 12 0.06736537 
240 331 9 12 0.06665053 
397 341 10 13 0.06643996 
180 355 15 19 0.06620714 
922 336 18 27 0.066116266 
410 316 10 12 0.065888576 
598 308 14 18 0.06349572 
316 450 16 20 0.06268238 
230 381 15 25 0.062006604 
963 377 25 27 0.060709033 
974 307 13 17 0.060057756 
443 310 11 17 0.05953826 
970 395 24 28 0.05925455 
631 332 10 14 0.059108153 
439 287 9 11 0.05672427 
434 315 11 14 0.055745482 
282 317 9 12 0.054920495 
288 302 8 10 0.054845773 
282 425 15 21 0.054480385 
301 404 11 15 0.054446504 
599 303 11 13 0.05366351 
386 302 8 10 0.052818425 
361 287 8 10 0.05234711 
344 348 21 27 0.05174281 
529 273 8 10 0.051655002 
457 277 8 10 0.0513805 
302 304 8 10 0.050960246 
331 309 8 11 0.05068723 
352 308 8 11 0.050457414 
792 529 16 22 0.049783934 
982 345 12 19 0.049470924 
346 302 8 10 0.04912159 
781 340 19 27 0.048881285 
198 343 15 21 0.048792474 
513 272 8 10 0.04871823 
500 314 12 17 0.04779486 
417 296 8 11 0.04745634 
374 320 11 14 0.04728843 
265 322 10 14 0.04704313 
234 384 21 30 0.04694341 
390 342 14 16 0.04660934 
515 309 12 15 0.046412256 
360 296 8 9 0.045439843 
911 344 15 20 0.04492535 
359 302 8 11 0.044489533 
568 297 11 14 0.044222325 
388 294 10 13 0.0439955 
639 313 9 11 0.043845627 
374 304 8 10 0.04384351 
512 288 9 11 0.043575995 
304 295 7 9 0.0426247 
890 426 13 18 0.04222964 
311 294 8 9 0.04127897 
285 287 8 10 0.04122762 
621 294 9 12 0.041037984 
390 264 8 10 0.04065441 
351 296 8 10 0.040501602 
590 309 14 17 0.04040665 
327 335 9 12 0.040271398 
186 344 15 20 0.040182475 
321 342 18 24 0.040070757 
968 308 12 15 0.039880708 
668 315 13 16 0.039353613 
776 332 11 14 0.03907698 
709 294 14 21 0.038707644 
555 313 20 26 0.03857908 
945 309 12 15 0.03815048 
175 579 11 12 0.03812502 
433 288 9 10 0.037509058 
516 350 14 19 0.03742136 
516 302 11 14 0.037346754 
303 270 8 10 0.037258748 
663 577 14 16 0.03714605 
52 348 12 17 0.037045892 
641 538 17 19 0.036937762 
301 317 8 11 0.0367796 
800 300 12 16 0.036776777 
6 644 12 17 0.036571633 
398 327 10 12 0.036550738 
810 289 14 16 0.036458656 
375 495 14 18 0.036053006 
658 330 13 16 0.03586006 
791 335 22 27 0.03557198 
350 302 9 11 0.035271525 
302 336 8 11 0.0348563 
221 385 21 29 0.034364708 
345 296 7 10 0.034060787 
343 310 9 11 0.033766802 
339 335 21 28 0.03368085 
206 329 15 20 0.033633582 
571 321 13 19 0.033300087 
298 466 15 17 0.033189412 
332 418 11 15 0.033113528 
416 309 10 12 0.03258564 
645 357 14 19 0.03228664 
630 338 12 15 0.032159165 
489 279 8 10 0.03212097 
142 408 16 19 0.03205318 
590 308 23 30 0.031681024 
534 272 8 10 0.031672906 
844 288 9 11 0.03167174 
130 370 14 19 0.03158709 
329 295 9 11 0.03136084 
351 482 11 13 0.031293314 
287 312 9 12 0.030831091 
983 352 15 22 0.030705422 
453 294 10 14 0.030648546 
502 287 7 10 0.030565768 
548 324 16 21 0.03001359 
368 304 9 11 0.029915506 
231 327 10 13 0.029679565 
401 465 24 38 0.02958302 
445 285 8 11 0.029123282 
535 337 13 18 0.028991945 
263 379 13 20 0.028987186 
142 419 25 31 0.028963517 
577 271 7 9 0.028936997 
1011 408 11 18 0.0287687 
509 320 13 17 0.028718848 
312 318 8 11 0.02847043 
358 319 10 12 0.028428556 
581 323 14 21 0.028345456 
312 288 8 11 0.028244875 
359 309 8 10 0.027831323 
393 456 9 11 0.02778337 
661 346 12 15 0.027630242 
553 284 9 11 0.027331144 
589 321 16 23 0.027289588 
297 348 11 15 0.027255602 
280 312 10 12 0.027123693 
380 323 11 13 0.02689887 
339 431 11 14 0.026759986 
319 334 9 12 0.026627686 
198 318 9 11 0.026563216 
333 287 9 11 0.026561711 
918 389 13 16 0.02654862 
281 287 9 12 0.026529884 
901 317 12 15 0.02630319 
693 284 11 13 0.026204882 
798 286 9 13 0.02618314 
214 389 20 29 0.026061326 
583 310 11 15 0.026008632 
333 294 9 11 0.025856925 
185 334 13 16 0.025515633 
520 291 10 14 0.02546494 
327 335 20 26 0.025372082 
457 286 8 10 0.025327733 
357 367 12 16 0.025190419 
618 299 10 13 0.025182012 
513 278 8 10 0.024816554 
979 401 25 30 0.024711495 
342 317 10 11 0.02470735 
705 482 160 191 0.024591984 
543 284 9 11 0.024489002 
663 312 10 12 0.024451395 
309 342 10 14 0.024345824 
122 366 18 22 0.02427424 
245 395 16 20 0.024251848 
328 399 11 18 0.024206845 
311 478 13 15 0.02414567 
565 312 11 15 0.024072781 
433 292 11 13 0.024000876 
294 271 8 10 0.023989763 
407 336 11 16 0.023944186 
774 327 11 13 0.023924353 
631 527 24 29 0.02387888 
553 272 8 10 0.02382082 
775 328 23 26 0.023753852 
356 341 14 18 0.023728957 
968 401 14 19 0.023696177 
390 304 17 23 0.023691311 
472 321 26 33 0.023648754 
462 277 8 10 0.02355341 
280 323 10 13 0.023340864 
286 334 10 12 0.02333385 
852 297 22 26 0.02332197 
378 278 8 11 0.02322626 
659 365 14 16 0.02308634 
296 333 9 11 0.023066977 
351 342 13 17 0.02297546 
507 304 21 27 0.022973923 
383 279 10 12 0.022948408 
447 279 8 11 0.02291689 
513 334 13 17 0.022884678 
632 319 18 23 0.022866772 
997 394 24 36 0.022855625 
775 348 22 28 0.022689283 
665 313 21 26 0.02267574 
653 363 15 18 0.022612164 
329 288 8 10 0.022496078 
304 288 8 11 0.022325054 
319 253 10 12 0.022311036 
661 357 13 17 0.022268146 
343 362 14 18 0.022218669 
990 354 18 21 0.021955164 
398 333 11 15 0.021756029 
772 292 11 12 0.021751657 
532 309 12 16 0.021675607 
366 320 13 16 0.021632683 
802 295 21 24 0.021439496 
413 499 12 15 0.021189846 
794 324 17 19 0.021025458 
253 317 10 13 0.021003544 
591 302 10 12 0.02096702 
532 333 22 27 0.020907206 
462 286 9 10 0.020874418 
751 360 14 16 0.02084367 
518 287 9 12 0.020819746 
332 346 13 17 0.020629851 
780 560 16 17 0.020625902 
979 418 14 17 0.020564359 
388 353 15 17 0.020540131 
318 490 13 16 0.02007747 
532 300 11 14 0.020000463 
