2_Demonstration_Political_Rally_2_609
742
156 145 29 38 0.9992507 
636 392 14 18 0.9919218 
965 450 14 17 0.9760296 
749 371 12 16 0.97011125 
809 544 22 27 0.96778786 
127 251 80 138 0.9628655 
941 375 14 18 0.95792824 
997 350 15 18 0.9559762 
510 340 12 15 0.9290035 
757 449 14 18 0.91885364 
888 457 16 20 0.9171659 
691 412 14 17 0.90188235 
790 437 14 18 0.8957345 
909 431 15 19 0.89465994 
676 403 13 16 0.89036137 
982 489 17 20 0.8790539 
765 564 25 31 0.87588114 
712 405 11 16 0.8671431 
461 365 12 16 0.8594484 
589 388 13 17 0.8454063 
852 520 15 19 0.81661075 
758 323 12 15 0.81277984 
848 557 21 26 0.8086261 
995 376 15 20 0.80643016 
731 516 17 21 0.7923338 
967 347 15 18 0.7862883 
939 575 14 19 0.7830161 
555 364 12 16 0.771316 
772 494 16 19 0.7625347 
851 395 13 16 0.760123 
608 327 12 14 0.7512082 
993 467 13 17 0.7475331 
783 465 14 18 0.7418279 
722 425 13 17 0.72222257 
755 506 12 16 0.7194279 
644 429 14 16 0.7095241 
448 343 11 14 0.6992026 
739 401 12 16 0.6943821 
923 491 16 20 0.66400987 
664 319 13 15 0.6440211 
384 399 12 15 0.63167673 
903 475 14 18 0.6238863 
811 451 14 19 0.621545 
648 327 10 13 0.61328024 
820 405 13 16 0.6005167 
772 409 12 16 0.5997842 
477 409 12 17 0.5966974 
391 363 11 14 0.59500384 
643 348 11 15 0.58765894 
878 362 13 16 0.5550901 
491 389 13 16 0.5279148 
413 439 11 13 0.52675205 
940 464 13 18 0.52043164 
420 390 12 15 0.50350636 
851 485 16 21 0.50077444 
844 425 13 16 0.47027627 
322 372 13 16 0.46304923 
771 526 12 16 0.46098727 
536 341 9 12 0.46044 
967 410 14 18 0.45013443 
484 408 12 14 0.44908926 
620 429 10 13 0.44585553 
865 475 16 20 0.43040207 
891 551 15 20 0.42092285 
470 342 12 15 0.40860388 
743 475 14 19 0.39240786 
749 539 15 20 0.3923984 
597 320 9 12 0.3887062 
442 406 13 16 0.3814557 
806 280 10 13 0.37195733 
226 402 41 47 0.35794452 
743 615 28 32 0.35481185 
823 355 13 17 0.3465613 
533 400 13 16 0.34570277 
455 388 11 14 0.33961317 
719 458 14 17 0.33852836 
414 357 11 13 0.33582607 
707 386 13 16 0.33579662 
491 341 11 14 0.33205256 
965 620 13 17 0.33152756 
908 510 17 20 0.33039534 
812 324 15 18 0.31473905 
700 285 12 16 0.3102779 
696 355 12 15 0.3088994 
670 351 10 13 0.3043616 
597 342 12 14 0.30110413 
819 458 13 17 0.29756403 
800 299 10 12 0.2931569 
718 300 10 13 0.29099363 
884 392 13 16 0.2888902 
806 358 13 16 0.2756273 
438 431 11 13 0.27124926 
941 522 15 18 0.2637482 
357 382 11 14 0.2470635 
408 418 12 14 0.23502925 
555 346 11 14 0.23093103 
557 323 11 14 0.2264252 
389 445 11 13 0.2191912 
912 330 14 18 0.21671197 
796 405 13 15 0.2096762 
860 617 14 18 0.19754916 
605 470 18 22 0.19117402 
769 595 28 35 0.18742996 
830 476 13 16 0.18101303 
612 366 10 14 0.17439538 
581 440 13 17 0.17294694 
717 478 11 15 0.17278697 
573 442 13 16 0.16230623 
891 540 19 23 0.16032672 
591 416 11 15 0.15877837 
946 507 14 18 0.15817249 
428 291 11 13 0.15783612 
496 306 10 14 0.1560257 
824 433 12 15 0.15488182 
478 324 10 12 0.15442231 
366 311 8 11 0.15402938 
734 428 11 14 0.15339427 
869 417 13 16 0.14976199 
752 278 12 14 0.14970003 
393 334 10 12 0.14901581 
989 567 14 16 0.14263485 
817 295 9 11 0.14232557 
687 496 13 15 0.14078489 
564 443 16 19 0.13932236 
857 480 18 23 0.13525918 
956 528 16 19 0.13476327 
866 523 15 19 0.13329951 
344 359 11 14 0.13324067 
850 610 14 20 0.13106066 
835 478 12 15 0.12933739 
507 515 38 45 0.12853958 
576 394 12 14 0.12647474 
756 570 25 34 0.12200105 
575 411 10 12 0.12074052 
668 299 11 13 0.11790596 
554 442 18 19 0.11663932 
826 578 18 22 0.11380549 
958 478 11 15 0.11233535 
723 550 19 22 0.111377954 
812 357 12 16 0.11005533 
901 357 11 14 0.108827464 
790 526 15 18 0.10838777 
708 315 11 13 0.105975516 
672 372 11 14 0.10380588 
417 304 9 12 0.103612624 
472 271 11 12 0.102684915 
439 333 11 13 0.1014549 
460 307 12 14 0.100612685 
742 287 10 13 0.10060518 
709 428 10 13 0.097826146 
381 461 8 10 0.09772102 
772 295 11 14 0.097409 
70 489 208 213 0.09603837 
901 601 13 18 0.09551908 
354 325 9 11 0.09489016 
383 348 11 12 0.09345359 
352 429 11 16 0.09340957 
125 237 53 91 0.09280371 
904 513 13 17 0.09047739 
304 362 11 13 0.089877196 
550 322 12 15 0.089757815 
916 496 18 20 0.0896928 
517 316 10 13 0.08945574 
790 386 12 15 0.08909707 
710 436 12 15 0.087902926 
452 481 14 16 0.08779399 
1013 478 11 17 0.08752121 
476 526 14 18 0.087501876 
422 534 46 59 0.087307855 
727 316 12 16 0.084867075 
438 278 9 10 0.08465134 
599 322 11 14 0.08399122 
994 331 13 15 0.083255954 
620 342 13 15 0.083120294 
454 446 11 15 0.081956536 
726 311 10 12 0.081137665 
429 393 11 14 0.08072521 
704 428 10 14 0.08054443 
629 334 9 11 0.080496736 
467 372 12 16 0.08027311 
603 347 12 14 0.07986558 
622 423 12 16 0.07981101 
790 410 14 16 0.07975128 
587 436 12 17 0.0789925 
930 654 12 15 0.07896381 
621 451 15 19 0.07869773 
471 406 14 17 0.07846972 
549 436 14 18 0.078345135 
456 422 10 13 0.07697013 
909 576 14 19 0.073713966 
1010 181 10 14 0.07318354 
709 398 13 17 0.07294096 
618 469 16 19 0.072808996 
719 262 10 12 0.07274457 
648 432 16 19 0.072380066 
333 356 10 13 0.07152522 
566 364 11 14 0.071126886 
665 295 10 13 0.07100669 
500 365 10 14 0.07094265 
543 319 11 14 0.0690143 
878 118 10 10 0.06757766 
724 499 10 13 0.06718328 
652 307 11 14 0.06661968 
432 435 10 13 0.06642859 
846 390 14 17 0.06635666 
614 300 13 14 0.06469235 
615 345 12 15 0.06459441 
969 624 13 18 0.06387972 
651 330 12 15 0.063384235 
386 439 10 12 0.063023366 
844 431 15 19 0.062314138 
845 443 12 17 0.06222495 
620 298 12 15 0.06187136 
309 441 10 13 0.060928255 
616 396 11 14 0.06088239 
832 237 10 13 0.06049158 
597 412 12 16 0.06036373 
516 299 10 12 0.059998237 
549 423 12 16 0.059616696 
399 347 10 13 0.059198294 
945 514 16 20 0.05883846 
652 406 11 14 0.05855453 
703 313 10 12 0.058360096 
854 371 13 16 0.05835513 
757 302 9 12 0.058262125 
790 531 21 27 0.05772353 
804 294 10 13 0.05763252 
932 636 10 12 0.057556022 
35 235 91 135 0.057435386 
742 544 17 19 0.056857865 
582 356 11 14 0.05661057 
1008 295 11 13 0.05613248 
748 611 18 21 0.056018483 
681 404 14 17 0.05599923 
341 307 10 14 0.05544476 
391 293 9 11 0.0553954 
472 336 11 13 0.0551219 
398 278 9 11 0.054846045 
621 397 11 14 0.054673634 
717 465 14 18 0.05460031 
352 376 9 12 0.054558307 
666 507 14 19 0.05425789 
766 318 10 14 0.05422888 
1000 191 9 10 0.05384803 
128 241 30 37 0.053809036 
572 371 11 14 0.05369146 
614 389 11 13 0.053581644 
785 570 13 18 0.05357849 
517 397 11 14 0.053339653 
375 280 8 10 0.053273026 
860 365 12 15 0.053159986 
422 438 9 12 0.05309412 
672 459 12 16 0.052710544 
919 404 13 17 0.052477922 
789 316 16 19 0.052030545 
753 584 26 33 0.051991247 
958 135 8 10 0.05188694 
646 362 9 13 0.051739775 
812 278 9 12 0.051540863 
739 429 9 12 0.051466912 
603 409 12 16 0.051340584 
535 316 9 12 0.051245313 
997 144 9 12 0.05101293 
978 190 13 16 0.050622065 
397 341 9 13 0.050504163 
436 390 11 13 0.05047785 
862 347 11 14 0.049980216 
544 279 9 11 0.04996009 
475 333 12 14 0.049873065 
699 360 13 16 0.049698703 
481 389 12 14 0.049263008 
470 378 11 14 0.049097616 
773 316 10 13 0.04891424 
352 342 10 12 0.04882973 
948 526 16 20 0.048794363 
851 551 13 17 0.048589554 
360 399 9 12 0.04846879 
374 286 10 12 0.048419468 
430 483 12 16 0.0483363 
993 111 8 11 0.04820229 
391 339 11 14 0.04787659 
993 147 9 12 0.04786614 
417 382 10 11 0.04740243 
957 142 9 11 0.047215577 
718 561 14 21 0.04716457 
676 367 11 13 0.04695838 
702 281 10 13 0.046582982 
512 295 10 12 0.046547536 
883 443 13 17 0.046053745 
490 404 12 15 0.046030696 
434 278 9 11 0.045860168 
746 575 26 33 0.045575075 
359 484 10 13 0.045492277 
390 368 14 17 0.04535195 
1004 205 10 11 0.04506061 
425 230 9 11 0.04501471 
719 560 24 31 0.044842187 
838 386 12 16 0.044686183 
919 118 9 11 0.044668905 
605 358 12 14 0.04441344 
445 481 14 16 0.044219732 
494 294 8 11 0.04406743 
480 428 11 13 0.043943394 
829 215 8 10 0.043942943 
215 152 9 11 0.043765135 
572 365 10 12 0.043665785 
582 393 13 16 0.043390483 
441 339 10 13 0.04324685 
512 316 11 14 0.04298285 
598 472 15 20 0.04260099 
551 303 10 12 0.042476613 
712 330 12 14 0.04237592 
671 454 11 14 0.04234456 
528 253 9 11 0.04197004 
807 426 12 16 0.041677687 
459 491 14 17 0.04163537 
976 310 12 15 0.041471608 
782 311 9 12 0.04117241 
955 541 16 21 0.041164406 
840 213 9 10 0.041120965 
650 442 15 18 0.041086838 
382 317 9 11 0.040997468 
758 604 44 50 0.040918484 
82 242 94 133 0.04043318 
409 478 24 26 0.04041351 
906 660 13 16 0.040298346 
853 478 13 17 0.040060356 
845 297 13 16 0.040058743 
611 458 17 21 0.03984532 
787 498 14 17 0.039807066 
407 295 9 11 0.03971283 
372 366 10 12 0.039702646 
501 359 10 12 0.03953004 
455 278 10 12 0.039468978 
783 315 12 16 0.038984325 
427 373 12 13 0.038866412 
436 397 12 15 0.03871855 
1008 414 11 14 0.038484145 
248 395 40 42 0.038302507 
909 501 15 17 0.03815095 
782 526 20 25 0.03779107 
981 428 11 15 0.037721768 
788 417 14 17 0.037598383 
879 340 11 15 0.037590362 
445 335 11 13 0.037583996 
550 284 10 12 0.037290238 
775 311 10 13 0.037262227 
1013 120 8 12 0.037237607 
471 319 10 13 0.03723188 
994 481 12 19 0.037220303 
494 260 9 11 0.037208557 
375 292 10 12 0.037066806 
975 139 9 12 0.037034124 
812 428 12 15 0.036942594 
822 584 22 29 0.036941785 
648 411 12 15 0.036872923 
815 131 12 13 0.03683965 
878 438 13 16 0.036811322 
352 404 10 12 0.036732495 
853 443 13 18 0.036677267 
502 370 11 15 0.036586665 
730 321 13 16 0.03654368 
311 393 11 13 0.036178023 
359 348 10 12 0.03609941 
1007 475 13 18 0.036092382 
868 547 14 19 0.036085524 
754 365 14 17 0.036032345 
454 284 11 12 0.03592683 
648 304 11 12 0.035858106 
808 447 12 16 0.03582512 
274 398 13 14 0.035720643 
851 625 15 17 0.035666768 
532 448 13 18 0.035572246 
776 467 12 16 0.03548421 
381 312 10 11 0.03543275 
421 302 9 13 0.035290837 
949 650 12 14 0.03527086 
261 369 13 15 0.03525621 
639 492 12 16 0.03518547 
384 263 10 12 0.03468745 
405 349 10 14 0.034600902 
608 301 11 13 0.034533314 
487 293 10 12 0.034531243 
489 261 9 11 0.034362324 
794 430 14 17 0.03419707 
820 444 13 17 0.03411433 
756 376 12 14 0.034098938 
581 412 11 14 0.034083042 
461 428 9 12 0.03402302 
781 205 8 10 0.033994913 
393 288 9 12 0.03389849 
802 315 21 27 0.033896778 
319 388 9 12 0.033889305 
388 348 12 14 0.03387883 
798 347 11 13 0.033878654 
485 372 10 13 0.033819005 
873 363 12 16 0.033801146 
437 482 15 17 0.033605404 
548 424 19 27 0.033525635 
359 454 8 11 0.033493206 
485 318 11 14 0.0333736 
375 372 10 14 0.033299778 
958 396 12 15 0.03328517 
552 359 13 16 0.033203978 
820 308 11 13 0.033052783 
370 286 9 12 0.032794554 
984 570 14 17 0.0327262 
956 329 13 16 0.032617584 
976 348 14 16 0.032524675 
456 303 12 15 0.032431677 
600 356 11 14 0.032396354 
761 618 16 21 0.03235722 
751 260 10 12 0.032330308 
898 532 15 18 0.03232468 
574 358 11 13 0.032301042 
712 470 10 14 0.03225315 
982 477 21 26 0.032231577 
718 266 10 13 0.0322011 
904 572 13 17 0.03209496 
818 300 11 14 0.032027967 
935 181 12 14 0.03188274 
459 442 12 17 0.031862315 
840 208 9 10 0.031727556 
492 434 16 19 0.031687915 
826 457 14 18 0.031685982 
355 334 11 13 0.031678807 
718 325 10 15 0.031593766 
383 294 9 11 0.031470396 
391 328 10 12 0.031390693 
815 272 9 11 0.031359795 
475 275 11 12 0.031315703 
455 439 11 13 0.031287774 
650 450 15 20 0.031077085 
380 286 9 12 0.031046377 
725 330 14 18 0.030908614 
995 357 17 21 0.03077124 
933 394 13 15 0.030627713 
772 579 28 39 0.030377727 
567 341 11 14 0.030350845 
464 404 10 15 0.030337334 
372 358 11 13 0.030227317 
781 412 11 15 0.030115228 
724 261 10 12 0.030065382 
419 307 10 14 0.029836359 
702 421 11 15 0.029805409 
686 379 12 15 0.029734218 
512 276 9 11 0.029688865 
757 414 10 13 0.029651623 
1013 185 9 14 0.029617276 
825 274 10 14 0.029379547 
971 529 16 19 0.029333357 
506 215 7 10 0.029225856 
376 457 10 12 0.029148651 
819 316 12 15 0.029136235 
573 342 10 13 0.029061545 
720 307 10 13 0.029054118 
718 506 13 16 0.029012367 
510 365 13 16 0.029010048 
559 288 8 10 0.028945172 
494 221 9 11 0.02891427 
773 371 12 16 0.028892599 
395 357 11 14 0.028875146 
364 350 10 12 0.028782547 
614 286 9 11 0.02860847 
852 468 11 16 0.028591156 
412 431 12 14 0.028589996 
334 407 9 12 0.028563714 
576 277 9 11 0.028545909 
751 255 9 11 0.028482182 
532 362 13 17 0.028334823 
367 357 10 12 0.028286085 
960 128 8 9 0.02821863 
424 430 9 13 0.028154891 
478 373 12 15 0.02815105 
455 327 10 12 0.028070977 
750 215 8 11 0.028032139 
261 288 10 12 0.02799504 
750 271 12 14 0.027953912 
784 322 12 16 0.027890373 
322 532 30 39 0.02787639 
950 535 17 21 0.02784916 
1005 165 9 12 0.027827596 
450 451 12 14 0.027735779 
367 421 9 12 0.02772798 
862 355 12 16 0.027628234 
957 532 20 26 0.027594978 
692 506 13 16 0.027537018 
720 315 10 15 0.02750897 
897 216 9 11 0.027484642 
431 351 10 12 0.027419806 
829 271 10 13 0.027400687 
358 420 10 14 0.027347503 
802 403 12 16 0.027343458 
820 128 11 12 0.027321802 
570 412 10 13 0.027305262 
845 475 14 18 0.027291143 
448 284 9 12 0.027215019 
359 318 10 13 0.027170228 
694 425 12 17 0.027095385 
354 386 10 13 0.02692363 
763 371 13 16 0.026907528 
884 340 12 15 0.026862897 
795 648 16 21 0.02684821 
385 356 11 14 0.026814101 
453 271 10 11 0.026780056 
424 324 10 13 0.02677264 
327 335 10 11 0.026649486 
838 434 14 18 0.026520822 
448 270 9 11 0.026480574 
893 596 16 21 0.026140537 
741 510 12 16 0.02613225 
351 424 10 13 0.025989844 
516 365 12 15 0.025955802 
382 455 10 11 0.025814671 
446 479 23 24 0.025793072 
921 504 15 20 0.025710708 
789 270 9 11 0.025676085 
325 386 10 13 0.025661573 
391 377 12 15 0.025614442 
93 203 150 220 0.02559828 
376 301 9 11 0.025558976 
680 498 12 16 0.025503505 
449 387 12 14 0.025423598 
407 303 10 12 0.025409684 
416 376 9 12 0.025360554 
941 180 13 16 0.025358485 
488 308 10 13 0.025336508 
579 406 12 14 0.025291257 
960 346 13 18 0.025239056 
805 476 12 15 0.025141109 
485 286 10 13 0.02510174 
812 286 10 13 0.025036737 
822 464 14 18 0.02498467 
35 383 17 22 0.024944637 
360 238 8 10 0.024933742 
591 261 9 11 0.024921913 
736 287 11 13 0.024919556 
393 278 9 11 0.024917101 
470 263 9 11 0.024903057 
1007 187 11 13 0.024895152 
1007 174 10 13 0.02486565 
807 309 9 12 0.024823667 
437 284 10 12 0.02480794 
342 415 9 11 0.024755275 
559 292 10 13 0.024734482 
903 655 12 14 0.024733625 
415 278 9 11 0.024732927 
748 574 44 51 0.0247271 
461 278 9 12 0.024718361 
944 571 16 20 0.024669748 
360 413 9 12 0.024667144 
423 422 8 11 0.024611577 
429 231 9 11 0.02461073 
365 245 9 10 0.024571577 
790 393 14 17 0.024494948 
910 179 11 14 0.024484802 
950 512 21 27 0.024442907 
598 312 9 12 0.02443709 
785 270 9 11 0.024337357 
776 253 9 11 0.024335014 
510 214 8 9 0.024329558 
1000 373 15 19 0.024324825 
675 463 14 18 0.024285212 
956 506 15 19 0.024228252 
909 348 14 16 0.024190728 
370 291 8 12 0.024160618 
714 443 13 15 0.024140222 
627 420 12 16 0.024119033 
582 364 10 13 0.024074024 
847 255 9 11 0.02407268 
733 308 12 15 0.024048526 
699 351 12 15 0.024029035 
795 419 13 16 0.024018742 
980 200 13 17 0.023972955 
545 426 12 17 0.02396799 
976 485 16 20 0.023943173 
948 181 12 15 0.023814036 
502 403 11 14 0.02381256 
734 445 12 14 0.0237793 
884 259 11 15 0.023731714 
741 555 44 52 0.023719996 
941 331 13 17 0.023657417 
996 559 14 17 0.023548739 
923 331 12 17 0.023521496 
887 557 17 22 0.023492107 
676 377 13 17 0.023478817 
342 214 8 10 0.023471443 
685 300 10 13 0.02345217 
345 428 12 16 0.02341303 
568 487 10 14 0.023365803 
388 392 10 13 0.023346948 
907 353 14 17 0.023340333 
423 477 24 27 0.023315871 
753 446 13 17 0.02327334 
903 499 13 16 0.023240842 
711 293 11 14 0.023225222 
534 221 9 10 0.023208916 
959 417 14 18 0.02313656 
778 625 35 42 0.023110077 
502 260 9 12 0.02309791 
725 568 26 33 0.023045434 
765 599 18 22 0.023039926 
959 120 7 8 0.023030235 
517 276 10 12 0.02301142 
846 642 15 17 0.022995908 
798 537 24 31 0.02293773 
647 244 10 12 0.022915721 
825 409 14 17 0.022902992 
356 376 11 14 0.022856845 
334 293 8 10 0.022812674 
829 442 13 17 0.022770327 
29 191 9 10 0.02271978 
713 459 10 15 0.022659691 
863 596 24 28 0.022652859 
896 221 10 13 0.022650428 
865 611 17 22 0.022631785 
751 511 13 16 0.022610025 
720 257 9 11 0.022585578 
527 311 10 13 0.022581935 
627 235 11 15 0.022579994 
653 284 11 12 0.02257456 
790 312 12 13 0.022570224 
684 373 12 15 0.022557825 
527 355 11 13 0.022541871 
532 253 10 12 0.022541394 
462 293 9 12 0.022527978 
784 599 18 23 0.022480072 
383 334 10 11 0.022441052 
814 397 14 18 0.02243815 
358 270 10 12 0.022413678 
771 516 15 19 0.02237111 
772 436 14 17 0.022361862 
766 557 15 19 0.022342756 
674 508 13 16 0.0223223 
610 502 21 30 0.022280632 
1000 285 9 12 0.022241177 
358 254 9 10 0.022218842 
406 414 19 23 0.022218026 
593 380 13 17 0.022201845 
276 417 23 31 0.022163756 
478 286 11 13 0.022145571 
415 296 9 10 0.02211725 
381 279 9 10 0.022066904 
358 276 10 12 0.02202866 
566 333 9 12 0.022008453 
436 356 11 14 0.022001112 
880 221 10 13 0.021998355 
750 291 10 13 0.021936731 
870 356 13 16 0.021882186 
665 350 10 14 0.02187988 
585 381 13 17 0.021863358 
406 255 10 12 0.02186078 
685 529 14 21 0.021860592 
758 359 10 13 0.021858906 
814 308 12 15 0.021844098 
532 354 13 15 0.02175995 
597 277 9 12 0.021752764 
466 346 11 14 0.02175082 
593 277 9 10 0.021716777 
52 195 12 15 0.021649038 
318 279 10 11 0.021631483 
622 412 13 17 0.021620587 
924 346 13 16 0.021573704 
745 367 13 16 0.021483202 
455 254 9 11 0.021425633 
801 361 13 16 0.021420872 
433 412 9 12 0.02140929 
677 519 23 35 0.02139738 
956 487 14 19 0.021385036 
608 308 10 12 0.021381447 
951 394 11 14 0.02137501 
478 358 11 13 0.02137418 
1000 183 10 12 0.021372706 
457 483 15 18 0.021329753 
599 335 11 13 0.021319633 
445 399 13 15 0.021311909 
700 605 13 16 0.021289175 
436 444 12 14 0.02125617 
510 323 12 14 0.021234326 
417 245 8 10 0.02121888 
452 485 23 28 0.021181135 
605 451 16 19 0.021177625 
489 301 10 13 0.02117471 
845 363 12 15 0.02116642 
832 386 12 17 0.021161638 
675 348 11 15 0.021129934 
447 308 12 14 0.021108283 
451 456 15 18 0.021106534 
558 301 10 12 0.02109835 
671 408 13 16 0.021092972 
713 267 10 12 0.021062505 
511 311 10 12 0.021059006 
564 456 13 17 0.02105737 
591 475 12 17 0.02105448 
342 396 10 13 0.021046305 
589 375 12 15 0.021034045 
761 207 8 9 0.021026198 
460 285 10 12 0.02099957 
887 492 12 16 0.02099259 
583 272 9 11 0.020985879 
454 333 10 12 0.020972941 
479 310 10 12 0.020918809 
591 335 10 12 0.020853821 
659 508 24 33 0.02078933 
628 299 10 13 0.020783193 
1006 160 9 12 0.020780265 
647 404 11 15 0.020744968 
545 232 9 10 0.020721007 
768 248 9 10 0.020665532 
351 286 8 9 0.020655083 
751 413 11 15 0.020634422 
672 398 13 17 0.020633325 
863 127 7 9 0.02061125 
453 358 12 14 0.020594604 
493 336 11 14 0.02055768 
853 378 14 18 0.020539982 
407 308 10 13 0.020525785 
868 348 12 15 0.02051619 
526 364 12 16 0.020501189 
827 219 11 13 0.020470742 
446 328 10 12 0.020448096 
838 442 14 18 0.0204292 
434 425 19 23 0.020416081 
700 298 12 14 0.020388212 
685 342 11 13 0.020378808 
877 348 13 17 0.020356588 
422 269 9 12 0.0203546 
816 408 14 18 0.02032871 
407 427 13 15 0.02031642 
390 270 9 11 0.02025609 
723 302 10 13 0.020206427 
737 528 20 24 0.020173794 
729 553 30 35 0.020169962 
376 231 10 11 0.020139758 
792 231 9 9 0.020122139 
845 192 9 11 0.020083595 
326 303 8 10 0.020064304 
735 237 9 11 0.020063013 
901 214 10 12 0.020045077 
740 444 12 15 0.020030428 
886 603 15 19 0.020017818 
549 414 12 15 0.020008618 
