2_Demonstration_Protesters_2_57
83
385 234 37 47 0.99951756 
711 190 31 42 0.9989484 
223 229 39 43 0.9986327 
29 238 34 44 0.99735874 
514 261 32 36 0.99578625 
71 224 39 45 0.9921829 
933 264 22 33 0.6698499 
150 284 32 46 0.6450327 
653 241 22 29 0.546688 
362 262 23 30 0.54439855 
945 271 29 44 0.49788505 
888 225 26 40 0.40428084 
469 267 22 31 0.37560052 
488 268 23 32 0.24006462 
987 269 24 44 0.22336167 
500 272 15 21 0.18829508 
503 251 13 17 0.12785608 
571 295 23 26 0.11220675 
584 223 9 9 0.1068569 
340 184 21 29 0.101752736 
505 245 12 16 0.088544615 
497 339 11 14 0.08238857 
478 378 11 14 0.07425848 
928 272 15 21 0.065465726 
570 222 8 10 0.064302266 
162 300 19 26 0.062599644 
577 306 23 32 0.059515674 
607 251 12 17 0.058074664 
879 205 32 48 0.057018317 
454 273 13 20 0.05447118 
435 275 24 28 0.05148602 
359 266 16 21 0.048960745 
461 383 9 13 0.04841071 
868 220 40 53 0.046946142 
833 173 12 17 0.044646062 
981 279 17 26 0.04409255 
968 277 25 33 0.043298848 
100 231 29 36 0.042506255 
499 258 22 29 0.040765535 
995 254 28 54 0.040730122 
482 271 19 25 0.04064571 
461 267 16 25 0.039411746 
652 325 12 15 0.037647676 
89 153 26 31 0.036922067 
685 551 8 10 0.036593292 
164 289 30 41 0.0360853 
87 222 33 39 0.035421398 
598 252 11 15 0.03484312 
900 229 13 20 0.03479125 
587 315 18 25 0.033038627 
449 222 10 13 0.032826178 
370 252 28 37 0.03279266 
583 218 9 10 0.03257219 
1 334 40 85 0.0324527 
610 203 9 13 0.030988054 
710 433 13 15 0.027709724 
131 269 45 64 0.026700279 
506 267 28 35 0.026580945 
361 347 31 38 0.026548596 
990 266 14 24 0.026243357 
445 268 14 18 0.025655326 
462 294 24 32 0.025405774 
447 273 24 30 0.025229622 
593 254 11 14 0.02513882 
512 365 10 12 0.024813592 
-1 287 8 14 0.02478172 
621 226 12 16 0.024646213 
1002 204 20 32 0.024297487 
410 538 13 16 0.024117129 
585 297 15 19 0.023877636 
575 217 8 10 0.023755314 
569 227 10 12 0.023188854 
606 246 20 31 0.02293525 
901 180 10 14 0.022668317 
637 242 22 32 0.022624895 
63 251 12 17 0.021610936 
567 291 16 18 0.021548651 
614 226 12 17 0.021344092 
486 67 27 33 0.021314353 
822 250 12 18 0.021282578 
348 269 26 31 0.02049381 
557 283 11 15 0.020144792 
659 229 15 18 0.020078937 
