2_Demonstration_Protesters_2_131
1114
480 560 13 19 0.9903626 
316 593 16 23 0.98524994 
189 561 13 17 0.9558057 
265 584 16 19 0.95277655 
184 589 15 19 0.9476517 
34 597 20 24 0.9355708 
124 617 19 26 0.9231524 
211 617 18 24 0.92194366 
88 585 18 22 0.91927797 
305 555 13 17 0.9114524 
955 558 13 17 0.9111912 
408 540 13 16 0.9009973 
44 569 18 20 0.89199764 
149 540 10 14 0.85776114 
414 584 15 20 0.8353977 
551 552 13 16 0.8235602 
977 572 15 21 0.82154757 
405 520 10 13 0.8100914 
862 568 20 26 0.80394316 
319 541 10 13 0.79464394 
130 585 14 19 0.7299392 
464 618 16 23 0.69739103 
266 663 24 25 0.6915793 
298 629 17 21 0.67879385 
824 514 10 14 0.67575914 
894 560 15 19 0.6520036 
168 540 12 15 0.6366946 
135 524 10 12 0.62529975 
938 526 8 11 0.60619724 
465 536 10 11 0.60376525 
710 542 11 14 0.6002899 
656 551 11 13 0.58869314 
360 560 10 13 0.5662974 
607 557 10 12 0.5213621 
296 596 11 15 0.51740724 
220 515 10 12 0.50281465 
829 565 14 18 0.49912894 
219 554 10 13 0.4862647 
425 516 9 11 0.46957108 
286 522 8 12 0.46772423 
741 505 9 11 0.4374198 
390 518 8 11 0.42490688 
743 548 10 14 0.40444916 
321 526 9 10 0.3928299 
628 601 18 23 0.38071308 
692 548 11 15 0.37219763 
303 520 7 9 0.34613296 
846 491 8 11 0.3129001 
127 507 10 12 0.312127 
797 538 14 19 0.3090871 
325 526 9 12 0.30776164 
904 519 7 10 0.29972172 
892 538 12 15 0.29525003 
790 535 11 14 0.29337913 
1 508 9 13 0.29233095 
256 523 9 11 0.28856143 
710 509 9 11 0.28686967 
183 524 8 11 0.28403383 
865 516 10 12 0.2824087 
591 509 9 11 0.27840075 
722 620 22 26 0.27691528 
422 556 10 13 0.26538393 
117 523 10 12 0.2623306 
61 526 12 15 0.26119962 
379 612 14 20 0.2582733 
567 524 8 11 0.25766677 
446 534 9 11 0.25662363 
31 541 12 14 0.25594348 
961 529 7 10 0.2535225 
441 488 7 10 0.25064257 
750 524 9 11 0.24983245 
805 504 8 11 0.24676321 
622 524 9 11 0.24313511 
39 496 9 11 0.24159193 
86 216 112 155 0.23605587 
995 587 12 15 0.23353592 
375 532 9 12 0.232997 
842 493 9 10 0.23099686 
265 488 8 9 0.23011026 
870 512 8 11 0.2233717 
664 580 12 17 0.22015126 
754 587 14 19 0.21953231 
444 550 10 15 0.21710604 
726 508 8 10 0.21376772 
214 494 9 12 0.20943682 
687 541 10 15 0.20090972 
36 538 13 15 0.19998479 
167 516 9 11 0.19749182 
514 542 8 11 0.19729742 
93 491 10 12 0.19348454 
801 541 16 21 0.19248617 
367 512 9 11 0.1915682 
687 503 7 10 0.19152124 
328 501 7 9 0.18777815 
689 554 11 15 0.18370473 
839 549 10 12 0.18282019 
210 493 8 10 0.18076126 
29 644 14 20 0.18005402 
618 519 7 9 0.17618304 
776 515 10 12 0.17224406 
719 568 14 19 0.17198394 
174 479 6 9 0.17037979 
657 486 6 9 0.16819668 
778 497 7 9 0.16511856 
139 557 10 13 0.16282184 
1008 565 10 13 0.16101071 
888 510 7 9 0.15968738 
240 501 8 10 0.15761407 
24 514 11 13 0.15752478 
294 495 8 10 0.15750304 
669 585 13 16 0.15508187 
631 511 9 11 0.15496348 
206 510 9 11 0.15448907 
502 526 7 10 0.15419392 
240 531 10 13 0.14914772 
766 502 8 10 0.1478034 
798 496 7 9 0.14768648 
670 540 8 10 0.14627293 
710 503 9 11 0.14438818 
886 611 13 19 0.14082262 
664 541 9 12 0.13904795 
209 527 9 12 0.13863829 
56 504 8 9 0.13823393 
302 523 8 11 0.13543527 
345 560 10 12 0.13446948 
77 503 9 11 0.13279338 
785 512 8 11 0.13267094 
215 574 11 14 0.13050474 
198 504 8 10 0.12934664 
673 485 8 10 0.1288385 
287 550 11 14 0.12815668 
182 504 8 10 0.1279603 
968 503 7 9 0.12785472 
190 664 26 23 0.12717858 
711 572 10 15 0.12636478 
361 496 8 9 0.12634382 
769 488 7 9 0.12543704 
625 471 7 10 0.12506464 
785 486 7 9 0.124476686 
608 525 8 11 0.124469064 
106 470 7 10 0.124410644 
236 550 10 13 0.124126956 
368 527 8 11 0.12412645 
783 502 8 10 0.123061605 
744 524 9 12 0.12298674 
171 535 10 13 0.12086635 
502 558 11 13 0.120333135 
30 495 9 11 0.12000494 
260 519 9 11 0.11761246 
885 519 8 10 0.116905086 
7 533 12 16 0.11493775 
222 496 8 9 0.11344235 
663 513 7 9 0.11314834 
711 516 8 10 0.11252841 
342 511 8 10 0.111799374 
166 512 8 10 0.11145683 
922 611 17 20 0.11144711 
671 502 7 8 0.110487476 
786 533 10 13 0.11009793 
101 519 8 10 0.10965999 
801 508 9 12 0.10921238 
178 503 8 10 0.10915498 
609 503 7 10 0.108031526 
755 579 14 18 0.10755908 
744 520 8 10 0.1072164 
130 486 8 10 0.10680549 
612 556 9 12 0.10592114 
325 532 10 13 0.10578873 
533 511 8 10 0.1057586 
233 499 9 11 0.105584204 
153 526 9 11 0.10551846 
672 481 8 10 0.104356945 
199 509 9 10 0.103971355 
610 510 7 9 0.10374384 
789 511 9 12 0.10331037 
11 530 13 17 0.10262627 
214 489 8 10 0.10234339 
247 488 8 9 0.101936474 
902 492 8 11 0.10181012 
974 592 15 19 0.10099337 
951 518 8 9 0.1008198 
705 534 9 12 0.10062347 
63 512 8 10 0.10048144 
25 495 10 12 0.099238984 
680 495 7 9 0.09888717 
722 509 7 10 0.09887064 
747 548 12 17 0.09764525 
881 518 8 10 0.097254336 
290 496 8 10 0.09720357 
908 544 11 14 0.096971 
664 494 7 9 0.09620774 
715 577 14 20 0.09610134 
965 527 9 11 0.09564383 
551 533 7 10 0.09550365 
72 511 9 11 0.09481986 
818 509 8 11 0.094617024 
514 512 8 11 0.09461355 
678 567 11 14 0.094355755 
441 512 8 10 0.094310775 
758 575 11 13 0.093968116 
497 519 8 10 0.093486205 
95 510 9 10 0.09334075 
414 575 12 16 0.09299846 
622 532 9 13 0.09265686 
607 495 7 8 0.09208658 
383 527 9 11 0.09208447 
665 536 9 11 0.09186724 
269 488 8 9 0.091791555 
592 495 7 9 0.091058 
615 512 7 9 0.09098809 
361 501 8 10 0.09089644 
168 495 8 10 0.0907432 
428 512 9 11 0.09051703 
264 510 8 11 0.089962564 
264 504 9 10 0.0895604 
64 518 10 12 0.08908878 
358 551 10 12 0.08872321 
706 510 7 10 0.08846458 
529 512 8 9 0.0878409 
913 511 8 10 0.087556146 
651 593 12 16 0.08742335 
457 487 7 8 0.08695127 
975 578 19 28 0.08608841 
15 494 9 11 0.08601886 
369 532 9 11 0.08557423 
280 503 6 8 0.08542474 
97 519 9 11 0.08474231 
290 513 8 9 0.084093414 
232 551 9 12 0.083804086 
910 519 8 10 0.08356674 
373 516 9 11 0.08322719 
247 494 8 10 0.082972236 
882 9 42 54 0.082955025 
681 511 7 10 0.08160941 
781 496 8 9 0.08145248 
696 518 7 10 0.08123117 
146 536 10 13 0.08118971 
614 485 8 9 0.08037828 
118 542 9 13 0.08034682 
462 495 7 10 0.08010255 
255 496 7 9 0.08002372 
975 496 6 8 0.079617314 
279 495 7 10 0.07890639 
78 509 9 12 0.07853744 
876 548 12 15 0.07844326 
270 493 8 10 0.07841938 
761 502 8 11 0.078053035 
71 495 8 10 0.07801868 
652 575 14 18 0.07729988 
838 634 11 14 0.0772126 
362 512 8 9 0.07693381 
701 548 10 14 0.07673227 
246 533 10 13 0.07643568 
365 495 8 9 0.07619999 
942 502 7 9 0.076064065 
865 501 8 10 0.075953454 
246 526 8 11 0.0750917 
784 526 10 13 0.07479014 
423 503 7 9 0.07467156 
552 517 8 10 0.07436579 
789 525 11 14 0.0743585 
388 555 12 15 0.07408933 
736 532 9 11 0.07402477 
1001 536 8 11 0.073881276 
648 486 7 9 0.073846325 
162 510 8 10 0.07375074 
465 511 7 10 0.073576726 
115 28 140 213 0.07333404 
110 509 9 11 0.073242135 
591 463 8 10 0.072737575 
608 487 8 10 0.07251327 
646 574 12 16 0.07247313 
255 613 12 16 0.07218233 
400 496 7 9 0.07207916 
198 609 13 15 0.07164076 
656 516 8 10 0.071631856 
717 585 13 18 0.07144801 
269 510 8 11 0.07125818 
241 518 8 10 0.071159065 
614 456 7 10 0.07112147 
217 512 9 11 0.07091366 
470 511 7 9 0.070825934 
16 486 8 9 0.07032502 
350 558 9 13 0.06964342 
84 556 12 15 0.06956025 
381 606 13 17 0.069394656 
655 481 7 9 0.06923025 
193 462 8 10 0.069206156 
686 509 8 11 0.06884058 
111 546 13 17 0.068738006 
607 519 8 10 0.06856618 
401 501 8 10 0.06845906 
415 564 10 13 0.06804698 
184 657 20 29 0.067678384 
1014 549 8 12 0.067575246 
699 15 190 274 0.06753205 
282 520 9 12 0.06719911 
380 532 9 11 0.066853814 
265 493 8 9 0.06664443 
975 527 8 10 0.066331476 
29 511 10 12 0.066293925 
560 519 8 10 0.06617853 
938 497 7 8 0.06614928 
639 472 8 9 0.06604293 
56 549 11 13 0.06579787 
704 503 8 10 0.065561615 
988 579 14 18 0.06549055 
743 495 7 8 0.06530353 
894 549 11 14 0.064781226 
768 495 7 9 0.064657494 
800 481 7 9 0.06460152 
265 625 15 18 0.064565584 
37 547 13 16 0.064373724 
738 508 9 10 0.06419714 
696 580 12 16 0.064110726 
639 493 7 9 0.06391719 
789 517 10 12 0.063883774 
260 556 10 13 0.06382154 
321 501 8 9 0.06364906 
865 496 8 10 0.06361891 
131 502 10 12 0.06345784 
259 620 15 18 0.06345405 
517 463 8 10 0.06310264 
183 550 12 14 0.0630328 
37 625 14 16 0.06293534 
193 502 8 11 0.0627965 
296 518 8 11 0.06276721 
454 549 11 15 0.062764354 
581 565 9 14 0.06274026 
888 536 11 14 0.062461477 
518 535 10 13 0.062396605 
247 503 7 10 0.062380884 
578 471 7 9 0.062214 
350 542 8 12 0.061885063 
368 669 20 22 0.06162202 
320 522 8 10 0.061339866 
37 512 9 11 0.061182905 
290 501 7 9 0.06114635 
783 572 12 16 0.061040327 
256 502 7 10 0.060911745 
550 512 8 10 0.060657993 
951 512 7 10 0.060170468 
567 499 8 11 0.06015502 
256 557 9 12 0.060024776 
417 510 8 10 0.059933644 
322 589 14 20 0.0596444 
964 567 20 26 0.059506044 
814 470 7 9 0.059387483 
80 551 11 14 0.059194416 
225 620 16 19 0.058977824 
667 573 14 17 0.058966015 
291 193 39 45 0.058733176 
545 456 7 9 0.058669005 
425 496 7 8 0.05843784 
29 578 13 19 0.058416855 
836 555 15 19 0.058252852 
410 487 6 8 0.058072045 
166 555 11 14 0.05806709 
214 531 8 11 0.058005754 
889 620 16 20 0.057696115 
295 512 7 9 0.057435893 
80 517 10 12 0.05740687 
167 503 7 10 0.0573562 
527 495 10 13 0.057233296 
871 502 7 10 0.05720976 
57 530 11 14 0.05710339 
624 477 8 9 0.056807358 
703 117 32 36 0.056618337 
110 463 9 10 0.056552242 
677 487 7 9 0.056519397 
218 579 14 17 0.056496944 
640 488 7 11 0.056440927 
447 540 9 13 0.056355167 
215 499 9 11 0.056327317 
715 546 11 14 0.056323417 
967 509 8 9 0.05632233 
587 509 8 12 0.056287363 
904 542 10 14 0.056008328 
462 573 13 16 0.05595296 
169 486 8 10 0.05587896 
95 503 8 11 0.055657875 
461 606 14 19 0.05560662 
296 557 11 14 0.05498038 
815 505 8 10 0.054949544 
208 503 8 10 0.05437837 
926 503 7 9 0.054371435 
616 525 9 11 0.05433085 
295 500 7 10 0.054058015 
303 512 8 10 0.05387924 
389 523 9 12 0.053855207 
343 516 8 11 0.053635307 
533 553 12 16 0.053617787 
294 487 8 9 0.053480238 
889 504 8 10 0.05334527 
456 503 7 9 0.053239055 
760 478 6 9 0.05321586 
641 578 11 14 0.05302267 
609 457 7 9 0.05277806 
576 542 9 11 0.052703217 
129 526 9 11 0.052653737 
193 496 7 9 0.05226148 
248 479 8 10 0.052153815 
109 470 9 10 0.051781815 
791 592 13 20 0.051298153 
651 555 12 16 0.051261682 
175 486 8 10 0.05120943 
959 496 7 8 0.051086947 
686 536 8 11 0.051081926 
594 479 7 9 0.051052205 
602 494 7 10 0.05096953 
702 570 14 17 0.050919633 
125 589 15 21 0.05088867 
792 480 7 9 0.050885428 
133 528 12 15 0.050862752 
457 495 8 10 0.050815836 
687 496 7 9 0.050680097 
839 605 27 30 0.05058819 
502 606 12 16 0.050528597 
784 537 13 16 0.05044565 
303 503 7 9 0.0503458 
624 504 7 9 0.050256334 
393 495 7 9 0.05018836 
55 508 9 10 0.049889997 
977 532 8 10 0.049876723 
445 488 7 10 0.049749088 
455 541 10 13 0.049563564 
362 517 8 10 0.04946245 
626 465 7 9 0.049457368 
277 637 15 18 0.04936097 
462 501 8 10 0.04936081 
424 524 9 13 0.049349736 
398 578 10 14 0.04921363 
350 548 10 14 0.049102638 
175 495 8 9 0.049038023 
689 477 7 9 0.048825633 
828 513 9 11 0.048808187 
786 480 6 9 0.04879075 
975 567 12 17 0.048758294 
128 480 8 10 0.048714366 
3 539 9 14 0.048536375 
726 494 8 10 0.04841821 
18 481 8 10 0.048237246 
77 487 8 11 0.048166666 
551 528 9 11 0.048162386 
247 509 7 10 0.04814123 
312 481 7 8 0.048085395 
615 503 7 10 0.04784196 
445 511 9 11 0.047741484 
260 524 9 11 0.04761528 
290 487 8 9 0.04745068 
610 462 8 9 0.04742736 
941 530 9 12 0.047283337 
321 497 7 9 0.047276895 
600 487 8 9 0.047239047 
879 512 8 9 0.04697788 
561 469 7 10 0.046924792 
295 479 8 10 0.046870004 
871 574 16 20 0.04676323 
265 472 7 9 0.0466372 
720 494 7 10 0.046551876 
43 555 14 16 0.04648687 
836 595 12 17 0.046394598 
344 614 11 16 0.04584047 
326 521 8 9 0.045835108 
145 504 8 10 0.04579371 
1013 557 10 15 0.04569241 
117 594 14 18 0.045684323 
328 481 6 8 0.04559449 
667 108 47 58 0.045575984 
177 509 8 10 0.045499492 
111 504 9 10 0.04543141 
272 527 8 11 0.04506775 
634 494 7 9 0.045046914 
681 526 8 11 0.04499636 
975 518 8 10 0.044939317 
344 487 7 9 0.044903904 
191 479 8 10 0.044817224 
247 520 7 10 0.044705585 
561 524 9 12 0.044554483 
125 543 10 13 0.044538308 
685 563 12 15 0.04449382 
207 562 12 15 0.04447717 
238 565 12 15 0.044389322 
185 557 14 16 0.044088952 
839 469 8 10 0.044055182 
395 608 17 23 0.043968175 
815 480 7 9 0.043873545 
868 556 14 17 0.043867674 
142 548 11 13 0.04372511 
894 503 8 9 0.04359301 
1005 519 9 9 0.043543406 
377 496 7 8 0.04344492 
593 488 7 9 0.043435924 
742 533 10 12 0.043330878 
383 502 7 9 0.043259665 
952 552 10 14 0.0432596 
803 534 14 18 0.04323039 
601 456 7 9 0.043221526 
141 519 9 11 0.043036006 
672 497 7 10 0.042972337 
24 540 11 15 0.042960905 
113 519 9 12 0.04269009 
679 535 9 12 0.042661924 
791 503 8 10 0.042373843 
560 512 8 10 0.04234396 
127 455 8 10 0.04228474 
963 503 7 10 0.042218745 
641 477 7 9 0.042165942 
585 502 8 11 0.0419612 
284 635 12 17 0.04181337 
184 487 8 10 0.04179919 
938 501 8 10 0.041774794 
129 493 9 11 0.04168112 
376 478 7 10 0.04149069 
433 489 7 10 0.041473567 
376 502 8 9 0.041392967 
199 496 7 9 0.041192994 
713 496 8 10 0.041161448 
721 503 8 12 0.041128904 
910 533 10 12 0.04099957 
198 464 8 9 0.040934503 
550 569 11 15 0.040776912 
659 494 7 9 0.040753074 
667 502 7 9 0.040680762 
456 511 8 10 0.040660936 
126 462 8 9 0.040611964 
486 591 15 22 0.040535785 
879 524 10 12 0.040525477 
248 538 9 13 0.040405624 
416 558 11 14 0.040394418 
69 515 9 12 0.040279176 
470 528 8 10 0.040202912 
663 488 7 10 0.040176876 
917 511 8 10 0.04014062 
338 511 8 11 0.040123004 
680 517 8 10 0.039946377 
112 532 12 14 0.03982559 
545 511 8 11 0.03978973 
697 512 7 10 0.03969847 
1001 518 8 10 0.039681308 
417 505 8 9 0.039631903 
921 503 8 9 0.039584473 
945 510 7 9 0.039553612 
175 472 7 10 0.03939772 
682 502 7 10 0.039303984 
121 471 8 10 0.039302055 
672 512 7 9 0.03922762 
127 470 7 10 0.039220445 
688 519 7 10 0.03916853 
257 511 8 10 0.039140865 
565 486 9 10 0.039054904 
669 548 9 13 0.038725525 
321 481 7 9 0.038692355 
889 486 7 9 0.038652565 
497 471 7 9 0.038611557 
502 472 7 9 0.038603302 
520 501 8 11 0.038478453 
350 519 9 10 0.038432892 
721 487 7 10 0.038399745 
237 553 12 16 0.038290568 
1 534 9 14 0.038255285 
581 571 10 14 0.038234197 
592 470 7 9 0.03819512 
910 526 9 10 0.038085956 
304 486 7 9 0.03808243 
552 560 12 18 0.037929364 
393 471 7 8 0.037759315 
204 603 13 17 0.037717104 
168 527 10 14 0.03771378 
625 509 8 11 0.037615888 
399 480 7 8 0.037532113 
170 473 7 10 0.03733883 
103 511 9 10 0.037317153 
334 582 10 14 0.03730306 
114 224 140 196 0.037221286 
287 543 9 12 0.037167445 
748 562 11 15 0.037088968 
703 464 7 10 0.037038665 
936 522 9 10 0.037003968 
408 480 7 9 0.03697983 
757 524 10 12 0.03689024 
599 479 8 10 0.0367853 
343 505 8 9 0.036758527 
37 575 15 20 0.036464408 
944 567 9 12 0.036440905 
137 551 11 14 0.03636582 
552 448 6 9 0.03631791 
791 486 7 9 0.0362964 
176 464 8 9 0.036243483 
23 579 13 17 0.036099903 
743 488 7 8 0.036081646 
200 480 7 9 0.035961974 
335 494 7 10 0.035860587 
579 595 15 17 0.035823658 
406 496 7 9 0.03582363 
917 549 11 14 0.03579069 
662 463 8 10 0.035762776 
617 532 9 13 0.035663255 
176 517 9 12 0.03564207 
90 488 10 13 0.035568293 
426 487 7 10 0.03550878 
605 562 11 14 0.035454195 
200 470 8 9 0.035445254 
314 496 7 9 0.035423663 
530 471 7 9 0.035381846 
170 546 12 14 0.035328493 
360 533 9 11 0.035313915 
493 449 9 10 0.03525446 
973 501 8 10 0.035233244 
184 478 9 10 0.035222262 
663 471 7 9 0.03518599 
215 550 17 22 0.03512663 
360 586 11 16 0.035118483 
489 519 7 10 0.03509439 
961 563 14 16 0.035022005 
213 562 13 16 0.03497317 
872 542 10 12 0.034969315 
249 472 7 9 0.034922365 
472 464 7 9 0.03474007 
307 234 28 31 0.034622632 
337 487 7 10 0.034585908 
517 636 13 16 0.03457813 
20 531 11 15 0.034531772 
823 505 8 10 0.03449177 
403 516 18 22 0.034397066 
761 496 7 9 0.03433764 
329 487 6 8 0.03433555 
455 481 7 8 0.034327064 
447 494 8 9 0.034137983 
1 481 8 11 0.03412389 
253 532 10 13 0.034114517 
857 524 10 13 0.034106955 
350 487 8 9 0.03407289 
193 508 9 11 0.03404216 
695 525 9 12 0.03402051 
575 594 12 16 0.034006927 
353 495 7 9 0.03400414 
105 464 9 11 0.03397677 
493 603 14 17 0.033926055 
964 531 9 11 0.03389514 
516 586 14 18 0.03388572 
70 542 10 12 0.03379229 
560 500 10 12 0.033790566 
885 524 9 11 0.03378401 
513 536 9 12 0.03378392 
9 527 9 14 0.033749346 
871 525 9 11 0.03364549 
325 547 9 12 0.033616543 
86 520 9 12 0.033586036 
516 577 15 19 0.03353041 
72 478 7 9 0.03340518 
419 562 13 14 0.033280384 
576 494 8 11 0.033209465 
241 487 9 11 0.03320103 
608 480 8 10 0.03319775 
469 547 12 15 0.03319302 
925 580 11 15 0.03319074 
109 602 14 18 0.033028163 
796 550 14 20 0.03293325 
303 496 7 9 0.032897465 
583 494 8 10 0.03289167 
793 472 6 8 0.032888424 
921 565 9 11 0.032864437 
1000 504 8 10 0.032849304 
111 455 8 10 0.03273945 
694 477 8 10 0.032684617 
161 518 8 11 0.032613833 
584 488 7 9 0.032545127 
630 516 9 11 0.032542475 
952 526 8 11 0.032509238 
672 566 11 14 0.032501247 
365 502 9 11 0.032453857 
52 553 14 16 0.032433983 
533 494 8 12 0.03242945 
502 551 10 13 0.032332797 
246 556 12 15 0.03220963 
345 542 9 12 0.03214389 
795 595 16 22 0.032131437 
918 517 8 10 0.03211453 
29 525 12 15 0.032091465 
201 661 19 19 0.03208106 
887 548 11 14 0.032013945 
406 502 7 9 0.031960838 
344 536 8 11 0.031956296 
793 462 6 9 0.031859957 
6 480 7 10 0.031835966 
33 480 8 9 0.03179907 
718 557 10 13 0.03176294 
431 493 7 9 0.031753793 
805 517 10 11 0.031654507 
894 510 9 10 0.03159877 
965 577 14 20 0.031574484 
62 542 11 14 0.031567875 
361 488 7 9 0.03156189 
727 486 7 10 0.031528287 
81 524 9 11 0.031519797 
388 562 13 17 0.031516757 
632 504 7 9 0.03140112 
700 585 11 15 0.031372994 
313 486 7 9 0.03132874 
496 478 8 9 0.031323843 
194 256 81 130 0.031304706 
670 516 8 11 0.031292453 
562 94 10 12 0.031285778 
601 575 10 12 0.031263668 
670 592 13 16 0.031242872 
682 462 8 10 0.031238195 
335 503 7 9 0.031232381 
384 496 7 9 0.031226842 
143 509 9 11 0.031221302 
329 463 7 9 0.031219695 
684 569 11 15 0.031145934 
496 513 8 9 0.031088779 
597 503 9 11 0.031023884 
385 610 17 21 0.031022497 
304 479 7 10 0.030950487 
118 531 10 13 0.030930176 
277 605 11 15 0.030839974 
642 603 13 19 0.030832797 
989 593 13 15 0.03082688 
735 541 11 14 0.03080657 
953 532 9 12 0.030795654 
0 525 8 12 0.03074487 
278 665 17 22 0.030717347 
809 464 8 9 0.030625023 
583 456 8 10 0.030595288 
1014 544 8 12 0.030564046 
222 545 11 12 0.030528102 
545 572 10 13 0.03052196 
749 530 12 14 0.030516876 
320 487 6 8 0.030510865 
681 539 10 13 0.030489685 
270 503 8 9 0.03040111 
393 487 7 9 0.03037312 
737 487 6 9 0.030369136 
870 496 8 10 0.030354552 
184 542 11 13 0.030343704 
974 512 8 9 0.030342413 
461 589 13 15 0.030302694 
839 464 8 10 0.030254519 
242 510 8 10 0.030226912 
364 580 12 17 0.030167695 
653 545 18 23 0.03009291 
898 494 8 10 0.030059239 
751 509 8 10 0.030055763 
345 548 11 14 0.030023366 
521 528 8 10 0.03000269 
139 525 10 11 0.029930834 
319 509 8 10 0.02992504 
696 80 99 119 0.029910065 
206 471 7 9 0.029896332 
527 550 11 14 0.029873643 
742 479 7 9 0.029837817 
630 470 8 10 0.029832875 
585 463 7 9 0.029823838 
986 602 15 18 0.029715693 
311 511 9 10 0.029661285 
390 514 8 9 0.029644806 
192 457 8 10 0.029589744 
753 487 7 9 0.029535098 
548 501 11 13 0.029480748 
629 188 49 61 0.029465245 
615 439 7 9 0.029454289 
262 549 11 13 0.02943399 
384 511 8 10 0.029358763 
657 28 50 71 0.02932983 
561 453 7 9 0.0292932 
222 477 8 10 0.029161192 
127 518 10 12 0.029142303 
633 488 8 10 0.029093206 
957 568 13 17 0.029092144 
670 557 9 11 0.02907765 
534 516 8 10 0.0290004 
681 455 8 10 0.02892565 
991 527 9 10 0.028908713 
61 504 8 10 0.028890962 
162 504 8 10 0.028845102 
223 500 8 10 0.028837087 
975 557 10 13 0.028813727 
673 578 15 19 0.028768726 
449 503 8 9 0.028765475 
206 479 8 9 0.028762007 
949 571 12 16 0.028707266 
630 465 7 9 0.028672298 
896 525 10 12 0.028599275 
737 547 12 14 0.028595235 
68 532 12 13 0.028595181 
231 487 9 11 0.028579358 
234 532 9 11 0.028573783 
737 521 8 9 0.02845356 
703 99 52 63 0.028433515 
367 488 7 9 0.028397268 
582 471 7 9 0.02836442 
599 550 12 14 0.028257474 
131 508 10 12 0.028250905 
962 508 8 10 0.028056124 
559 480 8 10 0.02802752 
458 463 6 9 0.027999021 
599 580 12 17 0.027986726 
649 480 7 9 0.027964838 
270 517 8 10 0.027963461 
831 628 12 18 0.027924702 
479 503 8 9 0.027731536 
897 488 7 9 0.02762495 
72 472 7 9 0.027619775 
639 504 7 10 0.027598998 
985 511 8 9 0.027541392 
230 469 8 11 0.02752897 
697 502 8 10 0.027469443 
649 518 8 10 0.02745456 
245 564 11 14 0.02740932 
132 495 9 11 0.027394414 
695 471 8 10 0.02735595 
944 480 6 9 0.027294915 
686 525 9 11 0.027236944 
546 532 8 12 0.027195055 
270 479 8 9 0.027135521 
785 473 6 8 0.027087005 
888 557 13 16 0.027013626 
756 547 12 15 0.027010173 
294 592 17 24 0.027007448 
295 540 10 14 0.02694669 
49 511 8 9 0.02691293 
702 528 9 11 0.026895015 
207 516 9 11 0.026886793 
358 543 9 12 0.02687608 
477 581 11 15 0.02685671 
601 520 8 10 0.026810443 
455 610 16 21 0.02673447 
566 464 7 9 0.026700525 
470 518 8 10 0.026654579 
607 470 9 10 0.026614783 
481 487 6 9 0.026599454 
984 495 6 8 0.026584782 
557 571 10 13 0.026573205 
448 479 7 9 0.026571812 
576 500 8 10 0.026522264 
182 472 9 10 0.026507868 
518 548 9 13 0.026466904 
311 518 8 10 0.026376959 
503 477 7 9 0.026314387 
216 510 18 23 0.026296098 
862 522 10 13 0.026266592 
66 524 12 16 0.026228286 
502 521 7 10 0.026147058 
552 470 7 10 0.026111113 
728 532 8 11 0.026089603 
818 516 10 12 0.02603643 
289 480 8 10 0.025959551 
552 478 8 9 0.025951931 
32 486 8 9 0.02594818 
583 559 9 12 0.02592609 
517 516 8 10 0.025920428 
685 456 7 9 0.025919285 
922 487 7 9 0.025912067 
507 604 12 16 0.0258849 
621 -47 354 450 0.025844006 
845 544 10 13 0.02582616 
935 520 17 23 0.025774613 
223 471 8 10 0.025763528 
768 517 9 13 0.025743917 
493 607 20 25 0.025743905 
231 566 11 14 0.02573722 
337 480 8 9 0.025714634 
657 471 8 9 0.025673669 
152 521 9 11 0.02564018 
87 504 9 11 0.025585687 
765 565 11 14 0.025575098 
825 569 13 18 0.0255276 
790 531 17 24 0.02551996 
999 510 8 10 0.025513954 
192 533 10 12 0.025502685 
20 524 13 16 0.02549873 
317 557 10 13 0.025474302 
511 547 10 13 0.025460556 
576 547 9 11 0.025360571 
813 574 11 14 0.02535851 
159 557 10 13 0.025355402 
967 486 7 9 0.025312405 
110 478 9 9 0.025233043 
800 464 6 9 0.025198383 
738 499 17 22 0.025196543 
55 487 8 10 0.025169747 
696 532 9 13 0.02514307 
461 488 7 9 0.025134983 
392 500 7 10 0.02511545 
79 563 13 16 0.025105303 
28 585 20 28 0.025099825 
992 510 7 10 0.025095865 
423 532 9 11 0.025087388 
407 562 12 16 0.02506808 
43 535 10 13 0.025020042 
695 496 7 9 0.025019104 
159 570 13 17 0.024950521 
831 502 8 10 0.02489117 
296 524 9 11 0.024883553 
0 514 9 14 0.024840295 
271 556 10 13 0.024834128 
121 503 8 11 0.024800906 
464 516 8 11 0.024798505 
560 449 7 9 0.02478292 
896 481 6 8 0.024782471 
992 494 7 9 0.02476419 
671 567 20 23 0.024737567 
1006 541 9 11 0.024693187 
120 477 10 11 0.024676898 
920 556 10 13 0.024645207 
249 464 7 8 0.024619156 
313 501 7 10 0.024616092 
360 479 7 9 0.024598027 
890 603 16 19 0.024514278 
362 526 9 12 0.02451281 
528 455 7 9 0.024449456 
798 515 10 12 0.024422659 
299 621 16 20 0.02437581 
425 464 7 9 0.024375688 
920 479 7 9 0.024315367 
230 512 7 9 0.024299467 
132 574 14 17 0.024298115 
847 502 9 11 0.024296116 
281 518 19 23 0.024283653 
1004 536 10 11 0.02426734 
688 113 52 59 0.024262886 
222 487 8 10 0.024212781 
936 509 9 10 0.024179995 
685 461 8 11 0.024178384 
968 519 9 10 0.02416737 
496 464 7 9 0.024130944 
821 511 18 23 0.024124598 
546 462 7 9 0.024101691 
6 485 8 10 0.024082955 
920 496 7 9 0.024065217 
785 454 7 10 0.024010863 
324 557 10 13 0.023967404 
469 578 13 17 0.023931202 
595 585 13 19 0.023917053 
311 462 7 9 0.02387205 
321 521 18 22 0.023863068 
730 631 16 22 0.023850814 
201 517 8 10 0.023817683 
269 603 13 15 0.023797529 
614 541 10 13 0.02377009 
704 516 9 11 0.023767566 
501 531 10 12 0.023672251 
489 480 7 8 0.023643965 
864 487 7 9 0.02363837 
586 516 8 11 0.02362115 
982 535 8 9 0.02360747 
375 605 13 18 0.023606393 
551 579 10 14 0.023586398 
721 575 16 19 0.023581045 
100 523 11 12 0.023569416 
317 619 14 20 0.02354203 
316 536 18 23 0.023513049 
278 555 13 15 0.02346715 
412 526 10 12 0.023451068 
898 518 9 11 0.023408115 
829 646 10 13 0.02339513 
333 609 12 17 0.023394842 
858 519 9 12 0.023392944 
888 480 7 9 0.023367774 
551 464 7 9 0.023330627 
407 571 13 17 0.023281371 
429 526 9 12 0.023237433 
199 526 9 12 0.023215687 
912 494 7 9 0.023202049 
977 550 10 12 0.023175655 
751 504 7 10 0.023158848 
158 533 9 12 0.023149926 
757 533 11 12 0.02313988 
124 572 14 17 0.023138424 
706 29 101 124 0.023124363 
1004 503 9 10 0.02312043 
447 516 8 10 0.02308552 
551 544 11 13 0.023077942 
816 486 7 9 0.02307637 
512 455 9 12 0.02306321 
486 533 10 13 0.023022905 
799 497 19 24 0.023005038 
462 530 18 23 0.022983775 
741 593 16 19 0.022983205 
121 455 8 10 0.02295137 
4 503 9 12 0.022936316 
776 489 6 8 0.02290864 
519 479 8 9 0.022904072 
524 533 9 12 0.022891345 
678 480 8 10 0.022863565 
255 562 11 15 0.022836292 
597 510 8 10 0.02283032 
334 547 10 13 0.022827884 
1016 518 8 10 0.022793047 
573 518 9 12 0.022751002 
629 550 10 14 0.022729393 
752 463 7 9 0.022727806 
376 473 6 8 0.022727704 
589 594 13 17 0.02269853 
85 562 13 18 0.022656742 
852 546 14 16 0.022640271 
151 557 11 14 0.022638798 
560 484 10 12 0.022567986 
658 463 7 10 0.022538984 
580 541 10 13 0.022538323 
270 549 9 12 0.022528632 
1010 403 12 19 0.022512872 
656 544 12 15 0.022491513 
345 464 7 9 0.02248994 
133 480 9 11 0.022445953 
158 564 12 15 0.022422232 
360 473 7 9 0.02239795 
373 586 13 15 0.022392994 
376 486 8 9 0.02237863 
629 591 13 16 0.022351298 
414 486 6 9 0.022325382 
838 617 22 28 0.022321954 
300 600 13 18 0.022317303 
369 607 19 28 0.02230084 
334 542 9 12 0.022292005 
466 628 16 22 0.022267217 
903 535 8 12 0.022235673 
855 488 7 10 0.022204945 
727 479 7 9 0.02220151 
22 485 9 10 0.02219739 
175 525 9 12 0.022173803 
275 653 16 19 0.022146845 
908 554 11 15 0.022094395 
982 542 9 11 0.022083981 
709 566 10 15 0.02208185 
854 509 9 12 0.022073656 
806 304 15 18 0.022057945 
255 606 12 15 0.022028001 
865 464 7 8 0.02199579 
64 495 8 9 0.02198049 
782 587 13 19 0.021893559 
855 504 8 10 0.02188438 
134 541 11 13 0.021852745 
533 501 8 11 0.021845281 
412 599 14 20 0.021842118 
480 479 6 9 0.021832572 
261 563 12 16 0.021828676 
392 466 7 9 0.021827132 
680 448 7 9 0.021799942 
837 574 13 18 0.02171282 
927 487 7 9 0.02169247 
39 488 8 9 0.021676833 
338 471 8 10 0.02166482 
534 118 9 12 0.021653794 
512 430 8 11 0.021577468 
624 595 15 20 0.021564003 
363 570 13 18 0.021549763 
637 510 8 11 0.021545807 
590 515 9 12 0.021520622 
356 558 18 22 0.0215185 
135 453 7 10 0.021492027 
566 480 8 10 0.021468563 
992 517 8 11 0.021369087 
625 574 9 13 0.021325354 
202 651 17 20 0.021314867 
901 600 16 20 0.021283379 
14 463 8 10 0.021232216 
857 571 13 17 0.021218078 
719 527 10 12 0.021205448 
576 488 8 9 0.021177763 
703 454 7 10 0.021165686 
790 542 14 21 0.021151422 
837 517 9 12 0.021133209 
143 463 9 10 0.021130612 
577 454 8 10 0.021108229 
689 488 7 9 0.020921895 
544 491 12 14 0.020913769 
957 538 13 16 0.02090819 
496 531 11 14 0.020875843 
191 486 8 11 0.020871963 
136 432 9 11 0.020844275 
691 563 12 15 0.020839868 
456 517 9 10 0.020823129 
813 633 15 18 0.020800922 
257 204 46 58 0.020759918 
675 641 16 21 0.020723015 
265 479 8 9 0.02071909 
296 463 7 9 0.020708112 
570 550 228 204 0.020665744 
721 480 8 9 0.020659009 
301 212 31 38 0.020657238 
865 479 7 8 0.020657068 
796 526 12 14 0.020638919 
268 574 15 19 0.020613652 
366 551 10 13 0.020513125 
662 446 7 10 0.020506583 
461 548 12 15 0.02050623 
647 504 9 11 0.020474749 
91 557 13 17 0.020407807 
954 576 22 31 0.02037225 
172 557 11 14 0.020371689 
917 532 10 12 0.020343758 
651 601 13 18 0.020327888 
920 578 11 15 0.02031734 
245 571 11 13 0.020290503 
177 457 7 9 0.020257663 
38 566 15 19 0.020220077 
262 543 11 13 0.020219387 
105 449 7 9 0.020216657 
768 510 8 10 0.020200718 
218 239 61 94 0.020197328 
944 485 7 9 0.02016827 
424 480 7 9 0.020163832 
386 512 18 24 0.020155257 
136 470 7 10 0.020128675 
871 487 8 9 0.02010587 
1007 560 10 12 0.020101037 
325 580 12 18 0.020096537 
120 598 22 30 0.020087771 
981 527 9 10 0.020073852 
213 310 12 16 0.020050755 
662 455 8 9 0.02000992 
