2_Demonstration_Demonstrators_2_517
168
802 109 35 43 0.99892235 
463 359 66 78 0.99890435 
704 129 51 62 0.9986964 
884 98 34 37 0.9979298 
137 289 79 93 0.99750865 
778 293 77 96 0.9973099 
656 147 28 41 0.9963607 
168 126 43 53 0.9954645 
504 111 40 49 0.9945456 
109 92 30 35 0.99420434 
988 86 24 27 0.993765 
788 89 26 30 0.9781925 
258 122 42 60 0.9774279 
426 74 17 22 0.9648659 
919 104 24 28 0.8842656 
216 105 25 31 0.8227753 
612 67 17 20 0.74646395 
698 77 13 17 0.6578284 
485 97 15 20 0.60988486 
471 113 27 35 0.56250846 
767 65 15 18 0.50552416 
625 0 28 30 0.49841776 
636 59 12 16 0.38635123 
240 86 17 21 0.350887 
588 118 22 29 0.33286333 
897 306 32 41 0.31536853 
618 359 36 40 0.24176046 
569 90 16 21 0.19222413 
529 69 8 10 0.17166194 
551 66 9 12 0.16645785 
859 86 13 19 0.16511916 
546 123 16 21 0.15956731 
671 46 9 12 0.14574802 
559 70 9 11 0.12553732 
515 84 12 15 0.114524946 
147 97 12 16 0.11332363 
220 101 15 18 0.110147364 
1012 90 13 21 0.10005937 
477 106 18 20 0.08540951 
283 108 15 20 0.082596935 
700 72 11 14 0.07670463 
687 146 14 19 0.07642445 
181 77 9 12 0.07582049 
221 98 10 12 0.074577 
533 69 8 10 0.07206563 
680 54 9 11 0.07160604 
545 68 9 11 0.065495275 
445 63 8 11 0.0637764 
630 52 16 21 0.062454008 
719 78 8 11 0.059325382 
711 61 8 10 0.058529772 
456 35 11 15 0.05677583 
720 57 8 10 0.056055468 
509 69 8 11 0.055739988 
655 62 10 13 0.05430397 
719 85 10 12 0.054138396 
262 117 29 34 0.05369541 
541 77 11 13 0.052893344 
710 79 10 12 0.051548827 
781 91 17 21 0.0513812 
303 43 14 18 0.05063421 
513 79 10 13 0.050584193 
537 48 9 11 0.05047419 
719 92 15 17 0.049625777 
619 62 16 22 0.049553256 
196 67 11 13 0.04887646 
628 64 13 17 0.047944196 
455 44 10 13 0.047718253 
744 77 10 15 0.0475905 
557 64 9 12 0.04749054 
729 46 9 12 0.047149334 
462 54 9 10 0.04703726 
875 92 13 19 0.04612104 
181 84 10 15 0.045842323 
921 119 24 32 0.045221932 
568 95 24 34 0.04503195 
482 108 26 37 0.044006098 
400 4 11 13 0.04345417 
495 30 10 13 0.042614847 
679 139 28 36 0.04236184 
550 29 8 11 0.041984994 
690 35 9 12 0.04143033 
578 106 27 36 0.041293275 
644 61 10 14 0.040214762 
175 75 11 15 0.039603226 
602 54 41 50 0.03894811 
273 107 26 33 0.038521077 
245 80 13 16 0.03840733 
537 78 9 11 0.038026683 
560 75 9 12 0.03772702 
677 48 10 12 0.036618434 
606 61 16 21 0.0363715 
519 62 8 11 0.036233757 
889 85 28 34 0.034738906 
444 68 12 14 0.033512767 
175 82 12 17 0.033494066 
748 84 13 17 0.033141047 
720 72 8 11 0.033105675 
894 30 10 13 0.032597966 
11 493 59 72 0.0324432 
141 92 21 26 0.032147586 
421 368 29 39 0.03197297 
866 89 19 27 0.030933514 
487 45 8 10 0.03079029 
662 61 9 12 0.030432854 
565 71 9 11 0.030406453 
670 60 9 13 0.03032086 
926 133 16 21 0.030185025 
496 15 9 11 0.029866314 
634 12 16 19 0.029704943 
735 56 8 10 0.029654194 
724 78 9 12 0.029005162 
676 109 18 22 0.028901722 
271 102 42 61 0.028886324 
646 53 10 14 0.028884482 
688 84 10 14 0.028783493 
455 75 11 14 0.028531315 
639 6 17 21 0.028501224 
646 65 11 15 0.0283336 
226 100 25 31 0.028269544 
641 0 14 13 0.028209325 
445 83 12 15 0.028206108 
366 0 9 10 0.028198829 
81 58 29 34 0.027773615 
526 75 10 12 0.02736267 
486 36 11 14 0.027290719 
468 108 15 17 0.027216308 
251 88 13 19 0.026928566 
653 54 10 14 0.026789164 
719 61 8 9 0.026273971 
749 89 15 20 0.025966594 
456 51 9 11 0.02593765 
598 68 11 15 0.02579295 
469 115 18 23 0.02566515 
182 72 9 13 0.025586843 
518 39 7 10 0.02501739 
690 5 9 11 0.024940636 
449 44 11 14 0.024930023 
456 92 10 14 0.024745228 
873 89 23 32 0.024579544 
695 85 14 18 0.024541754 
736 61 10 12 0.0244155 
519 56 8 10 0.024380285 
559 92 11 14 0.024111528 
967 114 25 31 0.024053251 
551 86 10 13 0.02391898 
412 21 12 16 0.023914125 
648 329 15 18 0.023906993 
539 51 10 13 0.0234574 
449 5 9 12 0.023296196 
493 96 23 29 0.023147289 
512 90 13 17 0.022958761 
723 86 11 13 0.02265138 
677 113 28 36 0.022507325 
-3 464 55 86 0.022453329 
460 45 10 13 0.02237172 
904 34 11 13 0.022309912 
926 47 10 12 0.022296814 
85 62 17 20 0.022205453 
211 313 27 43 0.021509964 
261 89 13 18 0.02147296 
737 76 11 16 0.02137134 
741 339 35 51 0.021164086 
257 41 15 18 0.020605024 
584 58 46 55 0.020580249 
468 91 12 13 0.020420779 
462 87 10 12 0.020185137 
476 5 10 11 0.020114468 
