2_Demonstration_Protesters_2_486
41
816 116 112 124 0.99991095 
43 382 134 178 0.9989825 
26 536 37 47 0.9968605 
450 110 148 182 0.99528545 
232 427 56 61 0.97776127 
619 239 54 75 0.6257248 
814 316 16 20 0.11963879 
420 501 36 35 0.09081254 
838 310 12 14 0.07631657 
0 617 15 20 0.0570918 
815 317 23 33 0.049757212 
816 313 11 14 0.0462977 
731 611 52 54 0.044393674 
50 223 29 34 0.041320622 
891 572 64 61 0.04037281 
421 516 33 36 0.039662626 
404 107 13 17 0.03929877 
351 501 48 54 0.037766803 
402 99 14 17 0.03533891 
0 430 27 45 0.035019767 
41 232 53 62 0.031265523 
969 6 47 51 0.030389013 
195 421 60 76 0.03027964 
808 321 12 17 0.03019544 
403 114 15 19 0.029419877 
322 479 17 21 0.029023757 
577 233 95 117 0.028740034 
603 300 132 150 0.02757349 
0 510 25 36 0.026847675 
335 473 12 16 0.026348539 
773 319 15 20 0.025107574 
3 256 56 80 0.02480726 
826 310 22 29 0.024125846 
593 279 216 238 0.02371276 
27 263 18 23 0.022447644 
46 452 15 20 0.02205782 
778 315 15 20 0.021897389 
832 314 12 15 0.020937324 
393 538 19 20 0.020399965 
390 530 53 53 0.020188004 
0 508 13 23 0.020093577 
