2_Demonstration_Demonstration_Or_Protest_2_771
61
468 127 100 134 0.9999429 
672 471 28 35 0.9991296 
134 454 21 26 0.91342235 
691 164 13 17 0.4981187 
160 64 53 68 0.4414178 
732 172 13 17 0.3639949 
802 498 20 23 0.2933959 
760 166 11 14 0.26971406 
51 484 16 21 0.23936045 
760 170 14 19 0.2079323 
2 480 17 20 0.1740926 
731 179 16 23 0.16216627 
970 323 9 13 0.13516366 
99 484 16 19 0.1179467 
631 432 9 12 0.108476214 
953 325 9 11 0.097487435 
892 330 10 14 0.08305461 
218 376 16 21 0.07970372 
1014 348 9 13 0.058404762 
728 166 14 17 0.05607852 
234 244 11 13 0.055843875 
954 320 8 10 0.05039422 
868 476 51 59 0.047280394 
670 393 9 10 0.046871435 
257 277 9 11 0.040583268 
150 31 86 108 0.037578013 
966 398 9 10 0.035042062 
191 409 10 15 0.03039078 
317 359 14 18 0.03029714 
693 365 9 11 0.029325651 
208 365 28 34 0.02871039 
197 406 10 13 0.028455833 
667 177 13 15 0.02838866 
648 393 10 11 0.027697116 
301 291 12 16 0.027622035 
1011 492 11 17 0.027483128 
196 277 13 17 0.027279248 
735 315 12 16 0.026750205 
108 451 10 14 0.025783306 
700 485 14 18 0.025747852 
293 286 13 15 0.025652956 
701 190 10 13 0.0247711 
379 359 16 20 0.024416137 
375 312 13 17 0.023665413 
692 173 15 18 0.02366348 
767 198 10 12 0.023337854 
309 299 11 15 0.023240792 
698 170 12 16 0.022970734 
963 398 8 10 0.022471355 
58 475 17 24 0.022342477 
269 337 13 16 0.022300404 
42 482 28 32 0.022194773 
81 145 15 19 0.022090172 
968 344 8 10 0.022010883 
950 398 7 10 0.021457937 
315 105 109 129 0.021159032 
710 268 11 12 0.021123802 
921 318 9 11 0.020789245 
1014 268 9 15 0.020502733 
938 318 8 10 0.020367363 
197 54 49 67 0.020158853 
