2_Demonstration_Demonstration_Or_Protest_2_304
97
192 280 49 65 0.9992704 
762 285 107 130 0.99925643 
528 348 45 65 0.9970848 
303 387 36 44 0.9969959 
372 363 35 44 0.99692935 
681 403 45 55 0.9932429 
430 376 44 56 0.9930387 
79 382 34 47 0.98334575 
548 348 43 61 0.98296976 
261 382 40 54 0.9626125 
916 379 34 49 0.9090409 
726 394 33 47 0.86775917 
38 409 22 30 0.6180268 
699 399 41 50 0.6025594 
863 652 56 63 0.45812133 
610 373 26 32 0.24165945 
26 405 14 19 0.1497208 
774 571 70 75 0.14665326 
292 333 18 25 0.13725713 
972 441 41 56 0.1216613 
640 367 13 17 0.1076892 
27 402 23 30 0.097837515 
36 359 17 20 0.07485858 
924 372 14 18 0.07483301 
1001 720 24 38 0.06274475 
218 669 47 62 0.055660557 
927 376 49 62 0.054842126 
147 266 17 22 0.05136254 
0 557 10 17 0.048727453 
29 454 17 22 0.04806098 
563 296 15 20 0.04618436 
572 360 33 47 0.045958962 
51 367 16 24 0.04451957 
19 714 15 18 0.044076074 
0 405 7 14 0.04386022 
35 393 23 35 0.043144997 
86 456 23 33 0.041074555 
526 264 12 14 0.040337704 
623 376 15 22 0.038824797 
280 391 34 44 0.037677 
272 823 11 13 0.036890984 
578 259 17 21 0.036607474 
237 301 26 36 0.03582879 
134 734 165 235 0.035171077 
421 280 26 32 0.03416017 
97 663 44 52 0.034068424 
851 101 12 15 0.034051873 
207 347 39 51 0.03335567 
15 724 13 17 0.032836035 
170 638 46 53 0.03225772 
45 393 13 19 0.031562064 
6 454 12 16 0.031396706 
48 563 44 52 0.030811226 
863 102 10 13 0.028614545 
551 289 24 32 0.028371071 
908 100 11 14 0.028269123 
715 349 17 21 0.028034924 
589 368 30 38 0.027501198 
614 323 13 16 0.026883926 
316 259 51 66 0.025910946 
999 4 13 15 0.02579292 
452 257 33 43 0.025501177 
665 356 10 14 0.025469141 
284 304 40 54 0.024947988 
12 398 22 28 0.024351977 
927 401 28 43 0.024330534 
597 263 14 18 0.024234049 
339 -9 100 105 0.024025986 
322 381 29 38 0.023995725 
686 208 62 68 0.023859091 
579 252 14 18 0.023680847 
500 823 28 40 0.02351682 
518 260 11 15 0.023448102 
821 626 86 90 0.023357952 
429 291 29 35 0.023087194 
582 248 9 12 0.02270072 
510 252 13 15 0.022585453 
33 358 12 16 0.022574665 
211 242 12 16 0.022525659 
170 301 31 33 0.022484018 
606 309 22 35 0.022406507 
21 465 13 18 0.022397092 
324 276 31 43 0.022374265 
604 357 28 36 0.021830462 
765 585 95 104 0.02159603 
986 399 39 65 0.021165306 
863 94 10 12 0.021143258 
14 719 29 33 0.021111518 
225 361 18 24 0.02109661 
291 780 13 15 0.020835536 
979 462 21 26 0.020803163 
619 381 25 33 0.020585684 
956 391 48 69 0.02012432 
503 240 12 13 0.020111289 
254 710 10 13 0.02004017 
618 362 16 21 0.020006463 
24 365 12 15 0.02000381 
