2_Demonstration_Demonstration_Or_Protest_2_914
282
258 29 41 53 0.9913755 
606 302 13 18 0.9756825 
49 336 16 20 0.96892434 
376 317 13 18 0.96849257 
833 352 15 20 0.9560412 
637 315 10 14 0.95181185 
165 53 22 36 0.9240107 
907 346 21 28 0.9056871 
720 363 11 14 0.79116035 
186 342 10 14 0.75824195 
901 107 14 18 0.7227122 
779 358 13 16 0.6744211 
103 363 11 14 0.55179775 
855 121 12 20 0.5019532 
388 302 9 12 0.4693927 
165 335 13 16 0.4545108 
77 72 22 26 0.44364586 
513 329 10 13 0.43636125 
233 61 23 28 0.39337823 
250 343 9 10 0.38607705 
409 103 16 18 0.3617052 
293 313 12 16 0.32757533 
313 340 11 14 0.32464978 
392 151 12 15 0.296454 
99 29 12 14 0.26458722 
44 52 13 17 0.2609728 
508 314 10 12 0.25146022 
546 319 9 12 0.23388591 
596 133 11 13 0.21892685 
86 56 13 16 0.20582968 
574 316 11 12 0.18631877 
290 333 14 17 0.17416352 
119 340 12 17 0.15240322 
631 424 18 22 0.14480728 
759 389 10 13 0.14386894 
254 319 14 18 0.13516983 
465 312 9 10 0.13215719 
549 335 10 10 0.1264451 
302 316 13 16 0.11854236 
544 324 11 14 0.10912922 
479 340 9 11 0.10723793 
374 128 11 14 0.106633425 
488 315 9 13 0.105051346 
545 333 9 11 0.10164201 
290 311 9 13 0.09697954 
138 98 13 15 0.09618645 
575 324 13 16 0.09349542 
470 139 9 11 0.091036335 
419 109 14 17 0.08955039 
321 322 11 14 0.08933055 
304 303 10 12 0.0891412 
125 77 8 12 0.088587955 
851 107 26 33 0.08599286 
500 177 13 16 0.08561105 
895 348 24 30 0.08261624 
504 132 8 9 0.08121085 
763 380 12 16 0.07922257 
784 275 12 14 0.078238696 
487 137 8 10 0.076425165 
165 327 13 16 0.07478842 
315 334 13 17 0.07073452 
285 160 26 31 0.06857922 
234 334 9 12 0.06741532 
781 128 8 10 0.06628603 
205 73 20 31 0.063171335 
576 134 10 13 0.062066637 
278 341 8 12 0.061094444 
231 66 15 19 0.05985001 
815 367 11 13 0.05887741 
958 394 16 21 0.058309082 
231 350 8 10 0.057946336 
735 151 8 9 0.056020416 
557 327 12 14 0.054694537 
81 268 9 11 0.054403808 
502 352 10 11 0.053355813 
519 294 9 12 0.053177003 
433 335 9 11 0.05289056 
476 111 10 12 0.052336305 
419 119 15 18 0.052079238 
123 335 11 15 0.0517846 
480 139 9 11 0.05169354 
845 150 9 13 0.05149699 
140 317 11 14 0.051321942 
171 65 26 34 0.050260816 
38 47 13 15 0.050059307 
381 126 10 13 0.048767403 
241 269 10 11 0.048135072 
308 303 11 14 0.04735748 
247 346 11 13 0.04693222 
248 324 12 15 0.04681281 
418 324 8 11 0.0459453 
729 120 8 10 0.045146167 
792 391 8 10 0.04464889 
368 163 13 18 0.04452749 
438 341 8 10 0.043993644 
530 157 9 12 0.043771915 
471 99 11 13 0.043272868 
592 127 10 12 0.043046664 
213 343 9 11 0.042753313 
101 53 12 18 0.042129505 
246 285 9 12 0.042096563 
495 295 9 11 0.042060018 
39 40 9 12 0.04086939 
425 350 10 13 0.040374435 
429 180 15 17 0.038756944 
48 31 9 12 0.038508493 
235 299 12 15 0.03842912 
776 277 9 11 0.03830774 
839 155 13 18 0.038066443 
644 324 12 14 0.037863836 
405 142 10 12 0.03784252 
229 99 14 18 0.03748818 
645 332 11 13 0.037274364 
404 341 10 13 0.036499932 
400 105 13 17 0.03623488 
397 426 25 29 0.03611256 
171 339 12 15 0.035969183 
890 329 43 53 0.035699915 
56 339 14 17 0.035666324 
495 135 8 9 0.035450492 
806 112 10 11 0.0353129 
594 137 9 13 0.035161696 
183 337 17 22 0.035006497 
752 387 13 17 0.03497704 
422 325 9 11 0.03481339 
182 132 28 33 0.034630872 
579 309 11 16 0.034540527 
579 317 12 14 0.034213107 
825 165 16 21 0.034038987 
244 267 12 14 0.03382424 
501 292 10 13 0.033763938 
493 311 10 14 0.03340101 
734 125 8 11 0.033247925 
819 373 12 14 0.033221494 
370 122 20 26 0.033128213 
568 324 11 14 0.03303047 
189 73 25 30 0.03268946 
470 334 12 13 0.032469887 
371 169 13 17 0.032420818 
99 45 11 15 0.032399468 
798 314 11 13 0.032228645 
537 327 9 12 0.03206122 
471 150 10 12 0.031972345 
239 279 10 12 0.03190815 
639 336 11 13 0.031727962 
136 87 10 14 0.03167017 
135 322 15 17 0.03160846 
524 300 11 15 0.03145593 
392 144 11 13 0.03136541 
447 320 9 11 0.03125868 
816 146 9 13 0.030979179 
306 318 14 18 0.030968415 
33 287 7 10 0.030836547 
446 139 9 12 0.030740907 
603 132 11 14 0.030730462 
638 345 14 16 0.030461255 
750 380 13 16 0.030407563 
871 69 117 154 0.03010798 
843 191 15 19 0.029989455 
220 286 9 11 0.029924512 
778 127 8 10 0.029816858 
93 23 19 24 0.029811574 
569 316 12 14 0.02955166 
390 323 11 14 0.029453117 
380 310 11 16 0.029445969 
247 358 11 14 0.029338522 
832 151 8 11 0.029322686 
487 126 8 11 0.029116815 
71 291 9 11 0.029099256 
513 293 10 12 0.029090203 
556 275 13 16 0.028837608 
86 268 10 12 0.028776588 
765 374 12 16 0.028753955 
855 299 12 15 0.02858227 
252 333 13 16 0.02854416 
387 92 12 13 0.028525434 
125 84 10 13 0.028446743 
775 270 10 13 0.028399747 
144 310 11 13 0.028381914 
830 155 25 34 0.028381914 
241 284 9 13 0.028189681 
912 148 9 11 0.027904596 
304 372 10 12 0.027864791 
216 270 9 12 0.027778026 
798 396 10 11 0.027736317 
141 87 11 14 0.027667219 
899 333 12 15 0.027623858 
837 370 12 14 0.027481914 
619 342 12 14 0.027208215 
759 119 7 9 0.027167266 
560 415 31 44 0.027125658 
221 271 10 12 0.027063884 
638 397 8 10 0.027051212 
432 340 9 11 0.026994914 
788 362 11 14 0.026879018 
358 358 8 11 0.026851084 
297 304 9 11 0.0266414 
733 163 11 13 0.02645784 
239 342 8 10 0.026282964 
399 366 10 13 0.026200715 
234 342 7 10 0.02619163 
614 119 13 15 0.025988191 
496 127 9 11 0.025928328 
545 313 9 13 0.025916014 
511 301 12 14 0.025906408 
431 326 10 12 0.02589385 
491 417 12 15 0.025892442 
454 324 10 13 0.025874652 
591 120 9 11 0.02564541 
884 342 11 14 0.025644207 
167 319 12 14 0.02559224 
206 270 10 11 0.025574492 
316 320 19 25 0.025538487 
931 317 12 13 0.025403744 
471 126 8 12 0.02525254 
583 127 10 11 0.025017377 
845 306 10 14 0.02499479 
91 81 12 16 0.024939744 
439 334 8 12 0.024881333 
315 344 13 15 0.024785824 
281 144 40 44 0.024643246 
188 336 10 14 0.024447866 
178 269 9 11 0.024419943 
398 144 10 12 0.024405144 
247 335 12 14 0.024322856 
121 70 10 14 0.024321826 
486 174 9 12 0.024315797 
891 89 29 34 0.024313295 
358 151 8 12 0.024172548 
895 350 15 19 0.024130363 
167 103 39 48 0.024115363 
246 335 19 24 0.024073876 
272 286 9 13 0.024028927 
792 396 9 12 0.023958744 
462 351 11 13 0.02380774 
518 315 10 13 0.023792792 
788 284 11 13 0.023717698 
248 365 12 15 0.023561455 
482 316 10 13 0.023445848 
117 337 21 26 0.023416018 
490 294 9 13 0.023160001 
495 142 8 10 0.023131646 
861 212 13 17 0.02310323 
389 125 10 13 0.02299504 
374 138 10 13 0.022986727 
547 338 12 13 0.022726959 
260 92 17 23 0.022721369 
317 308 10 13 0.02263454 
356 309 11 13 0.022609519 
426 110 11 15 0.022540681 
94 270 9 11 0.022501783 
616 131 12 15 0.022463568 
500 301 13 15 0.02242544 
189 285 10 13 0.022265302 
185 390 8 11 0.022230543 
439 326 10 12 0.022189017 
559 144 8 10 0.02211731 
629 111 13 15 0.022061687 
199 270 11 12 0.022014702 
830 158 12 15 0.021902924 
502 310 19 23 0.02179858 
397 323 11 13 0.021795144 
225 93 25 31 0.021771288 
735 374 10 14 0.021675466 
225 351 9 10 0.021570513 
621 317 11 14 0.021564055 
544 326 21 25 0.021541217 
790 291 11 12 0.021538831 
509 128 8 10 0.021135192 
462 165 9 12 0.021099657 
397 74 11 14 0.020838108 
952 398 22 29 0.020803224 
936 342 11 15 0.02065202 
139 337 14 17 0.020601463 
524 294 10 14 0.020466832 
509 323 17 22 0.020453228 
237 327 10 12 0.02042258 
769 363 11 15 0.0203632 
384 295 17 23 0.020286476 
744 142 10 11 0.020151071 
288 346 12 15 0.020071357 
383 86 13 15 0.020028217 
