2_Demonstration_Protesters_2_800
19
374 186 31 36 0.99912685 
735 92 171 209 0.9988778 
225 165 46 51 0.99860436 
513 222 27 30 0.9954999 
930 232 15 19 0.24581924 
886 324 46 43 0.20642668 
673 449 131 165 0.1340486 
997 429 28 58 0.11472076 
515 227 39 49 0.0872235 
338 274 40 52 0.052765165 
305 209 27 32 0.051762912 
567 374 214 284 0.038781125 
437 254 14 20 0.038420327 
1004 279 19 33 0.036719713 
68 -11 111 135 0.035876907 
882 308 36 48 0.030254586 
765 285 192 278 0.02917857 
454 255 33 38 0.028497253 
438 249 23 31 0.023347959 
