2_Demonstration_Protesters_2_1033
27
109 38 94 118 0.9995252 
314 200 53 76 0.99894124 
414 312 30 39 0.99734396 
358 267 33 44 0.9631052 
495 344 25 35 0.9609426 
834 423 10 14 0.23626933 
548 416 10 12 0.18379241 
484 329 41 53 0.1181909 
800 467 10 12 0.10248018 
44 342 101 99 0.06931469 
809 430 8 11 0.05201346 
428 402 17 22 0.045632605 
562 428 10 12 0.044565078 
559 423 9 12 0.04299732 
428 482 59 73 0.040220287 
481 367 17 20 0.03701733 
448 384 9 11 0.035517532 
407 388 40 51 0.032598365 
479 342 26 33 0.030932654 
544 410 18 23 0.026833806 
336 210 53 71 0.026156446 
555 412 12 14 0.02466068 
484 359 17 21 0.024307005 
20 218 183 202 0.024059463 
84 286 100 115 0.023764513 
269 409 51 54 0.02256471 
563 510 15 21 0.020985018 
