2_Demonstration_Political_Rally_2_339
345
887 456 31 40 0.98441607 
783 487 68 106 0.9810628 
623 417 20 38 0.71225286 
620 292 36 50 0.69690084 
889 400 22 31 0.5536979 
722 426 17 20 0.28615505 
254 420 9 11 0.2391282 
638 332 14 19 0.23005757 
152 425 13 16 0.22911516 
205 423 8 10 0.21121347 
136 431 9 12 0.18265566 
882 413 22 31 0.17752582 
305 452 45 53 0.17310725 
127 422 9 12 0.1524809 
886 425 13 16 0.13871273 
686 429 15 18 0.12816143 
180 451 24 33 0.11852611 
58 415 25 38 0.11308751 
84 237 9 11 0.11190858 
219 416 7 10 0.11139523 
663 334 7 10 0.10511509 
973 418 40 63 0.10456788 
284 441 17 26 0.10407691 
194 438 8 11 0.095577426 
686 432 20 30 0.09326408 
438 411 10 15 0.09127386 
492 430 52 60 0.083437964 
1 247 8 12 0.08289212 
751 410 10 13 0.07879304 
304 326 9 11 0.07697515 
385 385 9 11 0.07572148 
178 425 8 9 0.074594736 
265 311 7 9 0.07443427 
93 417 14 16 0.07434703 
301 263 8 10 0.07240302 
130 427 9 12 0.072318114 
224 312 7 9 0.07219099 
908 460 26 39 0.07114035 
820 444 30 39 0.06977097 
766 384 8 10 0.06699602 
970 419 27 42 0.0665513 
875 404 17 19 0.06503221 
50 426 27 37 0.0643641 
693 270 8 10 0.06050781 
296 326 8 10 0.05983308 
129 352 7 8 0.058687646 
272 434 9 12 0.05867529 
425 417 22 30 0.057586152 
140 431 10 13 0.057573278 
561 458 25 47 0.057522662 
263 445 37 56 0.0574531 
558 327 10 12 0.05740413 
414 409 15 19 0.05604757 
286 312 7 10 0.056009352 
88 413 11 14 0.05581942 
383 176 418 478 0.055476498 
-15 64 424 495 0.05514579 
236 430 10 12 0.054451216 
286 423 9 12 0.054427043 
549 463 29 48 0.053964786 
319 421 12 14 0.053241044 
488 240 7 9 0.052699022 
713 400 8 10 0.05248021 
177 428 10 11 0.05231848 
450 431 15 22 0.051505122 
139 451 16 21 0.051482566 
367 385 10 12 0.05098362 
875 408 23 29 0.049870063 
928 423 11 14 0.049718354 
622 413 14 24 0.049636222 
139 294 7 10 0.049590547 
585 262 9 11 0.049539197 
675 426 23 29 0.049464747 
801 439 36 39 0.04931597 
744 436 13 17 0.048571765 
746 317 7 9 0.0485309 
522 247 8 9 0.047631208 
74 360 7 8 0.046913765 
576 349 11 14 0.045302007 
196 438 11 13 0.045195956 
664 437 25 29 0.044946276 
372 384 10 12 0.04461244 
678 433 14 18 0.044217635 
678 254 11 13 0.044014078 
466 305 8 11 0.04393409 
688 262 9 12 0.04384864 
627 290 17 23 0.04381913 
168 413 9 10 0.043704093 
738 343 8 11 0.042903107 
454 254 9 11 0.042874668 
730 270 9 11 0.042537786 
208 417 7 10 0.04239073 
162 302 6 9 0.04183305 
309 327 9 11 0.041467104 
159 450 14 20 0.041332766 
600 273 8 10 0.041185103 
250 416 8 10 0.041104652 
733 269 9 10 0.04079278 
542 269 10 12 0.04055157 
589 277 9 12 0.04037039 
529 448 43 59 0.040299512 
240 93 422 498 0.040021088 
677 358 8 10 0.039798666 
952 426 26 41 0.03969386 
693 264 8 10 0.039626863 
187 444 25 34 0.039112274 
271 436 25 32 0.038973488 
66 423 15 23 0.03859016 
387 388 11 14 0.038400322 
557 320 8 10 0.038075257 
32 231 9 11 0.03732947 
433 425 21 30 0.037122753 
189 311 8 10 0.037051592 
34 236 9 12 0.036957517 
429 412 15 19 0.0367142 
176 334 8 10 0.036586724 
740 501 58 94 0.03656904 
146 343 8 10 0.03633341 
632 320 22 30 0.036157154 
883 463 23 26 0.03613495 
430 404 14 17 0.036056206 
209 320 7 9 0.035749245 
230 431 11 13 0.03565286 
172 462 25 28 0.03557757 
68 414 38 52 0.035458043 
288 329 7 10 0.03529938 
152 434 12 15 0.03516387 
304 296 7 9 0.035158593 
417 392 9 10 0.035123263 
232 313 6 8 0.03500124 
184 336 7 9 0.03498218 
806 464 51 77 0.034938514 
444 428 14 22 0.03485393 
235 436 12 15 0.03483937 
225 328 7 9 0.0347884 
693 424 10 12 0.0347758 
585 268 9 12 0.034607917 
291 434 15 22 0.034494728 
761 432 10 13 0.03411544 
663 425 12 19 0.034085274 
118 304 8 10 0.033916205 
658 333 9 12 0.03390975 
588 271 9 11 0.033869863 
819 511 49 84 0.033775717 
200 428 10 11 0.03372252 
669 422 10 17 0.033524007 
193 432 8 10 0.03326884 
157 416 9 11 0.033187892 
295 427 11 15 0.033141106 
254 426 11 14 0.032843515 
70 411 12 18 0.03280307 
166 428 9 12 0.03279405 
286 427 10 14 0.03275005 
444 407 11 13 0.03263596 
105 383 8 9 0.032462843 
470 308 7 9 0.03230164 
134 351 6 9 0.0322785 
88 414 24 28 0.03218806 
587 456 30 41 0.032177683 
951 387 9 13 0.032094043 
820 380 10 11 0.032031097 
167 301 8 9 0.03192185 
100 440 15 20 0.031444296 
1013 391 8 12 0.03133259 
190 318 8 9 0.03130389 
481 239 7 9 0.031057103 
291 447 13 18 0.030910466 
833 440 26 39 0.030902088 
91 429 25 33 0.030737355 
305 321 8 10 0.030711368 
566 329 8 11 0.030624228 
300 425 12 16 0.030546347 
156 465 17 21 0.030327799 
750 318 7 10 0.030155135 
223 431 11 12 0.030146556 
613 421 39 53 0.03012478 
575 409 8 10 0.029924598 
730 431 15 17 0.029916868 
239 312 7 9 0.029745735 
722 358 8 10 0.029658558 
742 431 11 14 0.029643614 
669 433 15 20 0.029500922 
911 263 6 8 0.029483147 
638 476 34 46 0.029327432 
210 327 8 10 0.029313322 
297 451 30 38 0.029251644 
464 406 11 14 0.029096028 
137 336 7 9 0.028998025 
40 442 29 41 0.02883212 
208 334 8 9 0.02873774 
102 345 7 9 0.028323838 
76 419 11 17 0.028284637 
181 435 11 12 0.02817875 
281 312 8 10 0.028097957 
119 344 6 8 0.027991248 
811 443 18 19 0.027660055 
672 276 9 11 0.027659599 
308 427 15 19 0.02763482 
728 287 8 9 0.027540268 
990 433 37 57 0.027476754 
271 442 13 17 0.027459623 
132 432 21 27 0.027306553 
173 320 8 9 0.027097475 
130 437 11 14 0.027082054 
280 327 8 10 0.0269633 
504 247 7 9 0.026757296 
601 276 9 11 0.026746487 
495 240 6 9 0.026714018 
174 414 8 9 0.026697233 
42 368 8 10 0.026569346 
184 341 8 9 0.026307827 
309 442 34 37 0.026096435 
278 435 12 18 0.026053278 
919 493 23 34 0.026050212 
323 442 44 58 0.026027167 
736 254 7 9 0.02600857 
947 421 21 33 0.025984272 
795 424 31 39 0.025628116 
342 406 24 33 0.025499033 
183 256 9 10 0.025482038 
20 409 28 35 0.025450556 
120 351 7 8 0.02542674 
145 458 22 30 0.025401134 
86 407 11 14 0.025360376 
192 434 23 26 0.025343027 
748 390 9 11 0.025213186 
605 441 14 21 0.02520882 
820 453 18 23 0.025200311 
344 300 8 10 0.025106963 
256 312 7 9 0.025104174 
666 421 21 29 0.025030417 
175 327 8 10 0.024970315 
718 279 8 9 0.024959005 
719 222 9 10 0.02482408 
245 443 13 17 0.024815034 
441 354 40 49 0.024804052 
279 430 9 13 0.024785478 
73 345 6 8 0.024766792 
162 459 23 26 0.02467046 
286 414 8 11 0.024555674 
923 471 14 20 0.024545431 
137 424 18 25 0.02452044 
435 417 13 19 0.024485538 
479 248 8 9 0.024461068 
827 446 39 55 0.024385264 
700 434 12 20 0.024258519 
734 408 8 9 0.024139727 
854 418 12 17 0.02411594 
100 427 15 21 0.024109922 
973 422 16 26 0.024041632 
703 278 9 11 0.02404022 
899 448 27 40 0.02402005 
123 421 9 12 0.02391819 
247 436 12 15 0.023801945 
566 468 15 28 0.02376593 
944 426 11 17 0.023762867 
445 366 25 29 0.0237 
851 452 20 33 0.023662413 
730 326 8 10 0.023648005 
175 407 8 10 0.023620157 
617 419 12 18 0.023590798 
415 396 12 14 0.023541274 
214 327 7 8 0.023454562 
216 419 10 12 0.023452543 
134 447 15 20 0.023352692 
775 438 12 15 0.023341512 
96 352 7 8 0.023290768 
150 348 8 10 0.023215817 
614 460 39 57 0.023215473 
676 277 9 11 0.022996297 
605 277 10 12 0.022923734 
169 343 7 9 0.022879379 
921 460 24 34 0.022841651 
285 445 29 43 0.022769721 
962 415 25 38 0.02271736 
486 246 8 9 0.02262107 
233 399 9 10 0.022608252 
916 471 16 24 0.022606589 
687 380 9 11 0.022530837 
81 233 9 12 0.022489946 
679 248 10 12 0.02246394 
201 336 7 8 0.022254247 
537 328 8 10 0.02220685 
144 335 6 8 0.022203553 
145 358 8 10 0.022168588 
248 427 11 14 0.02210333 
281 422 9 13 0.022078006 
451 372 14 16 0.022038924 
916 474 25 41 0.02190673 
184 304 8 10 0.021899268 
567 408 9 12 0.021778647 
807 397 11 12 0.021776957 
201 311 8 10 0.02174927 
315 418 26 30 0.021737222 
334 321 9 10 0.021654332 
296 320 7 10 0.02161723 
45 372 8 9 0.02151735 
56 390 10 13 0.02149332 
100 253 12 14 0.021440562 
748 432 11 14 0.02142876 
886 398 15 20 0.021368379 
128 357 8 9 0.021320667 
448 379 13 15 0.02124518 
135 392 7 9 0.021212151 
190 336 7 9 0.021198142 
175 235 9 11 0.021146934 
352 271 8 10 0.02114581 
911 443 29 40 0.02113031 
435 406 20 28 0.021097723 
161 297 7 10 0.021059036 
864 428 10 14 0.021020368 
421 397 12 15 0.020956276 
420 416 17 21 0.020898862 
184 456 32 51 0.02089785 
868 426 14 16 0.020872405 
340 390 21 33 0.020770721 
126 416 9 13 0.020764971 
356 406 41 46 0.020708786 
299 443 15 19 0.020685634 
76 413 12 16 0.020679278 
777 417 9 10 0.020653827 
308 427 30 35 0.020647928 
305 231 7 8 0.020587528 
542 329 9 11 0.02058324 
628 431 30 33 0.02054663 
590 326 9 11 0.020489147 
502 254 8 9 0.020480718 
256 360 7 10 0.020476216 
301 267 9 12 0.020473586 
290 422 22 28 0.020423932 
244 451 13 17 0.020317664 
693 276 10 12 0.020316904 
224 317 7 9 0.020294514 
261 221 8 10 0.02028449 
737 348 9 11 0.020282121 
872 410 14 18 0.020243008 
107 434 12 18 0.020212658 
169 408 8 11 0.020149311 
167 238 9 10 0.020146834 
980 392 14 17 0.020122187 
702 398 9 10 0.020101082 
318 288 7 8 0.020098612 
111 357 7 9 0.020059187 
293 436 26 33 0.020029796 
895 467 40 52 0.020008532 
