2_Demonstration_Protesters_2_826
222
893 239 61 75 0.9995334 
627 72 32 45 0.99937004 
706 203 49 70 0.9988524 
604 140 36 43 0.9981889 
544 168 43 54 0.996903 
580 76 26 32 0.97967416 
56 86 29 40 0.9641128 
498 148 28 39 0.95741653 
517 68 13 18 0.92782366 
227 101 18 22 0.8945869 
179 114 15 21 0.8800062 
545 104 17 24 0.8398135 
424 83 17 24 0.7582638 
210 81 17 20 0.6634473 
519 124 20 24 0.57504433 
91 82 12 16 0.5286406 
256 68 10 12 0.4977423 
562 55 21 27 0.4773188 
686 68 13 16 0.41423202 
386 82 15 19 0.40933365 
617 67 13 16 0.36891207 
141 102 13 16 0.3104107 
536 75 12 14 0.30177402 
181 86 8 11 0.28299433 
200 108 11 17 0.27647546 
552 66 11 15 0.2682467 
509 132 27 36 0.24734567 
26 98 31 37 0.24085087 
359 88 21 26 0.23165694 
400 56 7 10 0.22627094 
545 32 8 10 0.22012466 
415 105 12 17 0.18820423 
405 89 10 14 0.16937453 
685 72 16 24 0.16383418 
435 136 27 34 0.1475547 
401 184 35 54 0.13539785 
99 85 12 14 0.1290692 
780 87 12 16 0.12475606 
399 86 10 12 0.12361562 
315 100 15 19 0.12306069 
488 77 11 14 0.12257338 
376 364 52 80 0.12221459 
131 99 15 18 0.11343397 
412 62 9 12 0.111880854 
372 189 51 58 0.111434214 
450 136 26 32 0.10565482 
369 89 15 19 0.105007805 
334 136 28 38 0.09703723 
504 65 11 14 0.09580084 
234 74 10 14 0.09246392 
576 67 24 30 0.0907801 
252 70 23 32 0.088696666 
869 62 14 16 0.08388862 
676 55 10 13 0.08293871 
423 77 15 20 0.08281484 
40 92 32 39 0.080150016 
254 44 8 11 0.07892158 
455 56 8 11 0.07848237 
0 128 10 18 0.07623944 
455 147 26 35 0.07140501 
148 106 11 15 0.071171544 
86 79 19 25 0.07068979 
431 90 16 19 0.06870636 
152 84 10 12 0.067862846 
255 73 14 19 0.066354126 
137 132 12 15 0.06241954 
311 94 11 15 0.061732184 
353 64 7 8 0.060573388 
684 80 21 29 0.06054473 
213 89 21 25 0.06021763 
465 154 25 30 0.05964932 
529 110 22 25 0.05836803 
618 68 28 37 0.057926364 
1002 167 8 12 0.057780463 
324 100 14 19 0.056334928 
121 99 12 16 0.05454928 
279 39 10 12 0.054448575 
852 92 23 34 0.05378916 
551 61 21 27 0.053264078 
200 78 21 27 0.053223003 
491 83 10 13 0.052278228 
993 159 7 9 0.052213293 
677 82 13 19 0.051693406 
455 60 10 13 0.05012514 
349 134 12 16 0.04967116 
540 70 12 16 0.048670884 
449 54 9 11 0.048504297 
883 80 13 16 0.04826661 
442 93 13 17 0.048250597 
466 97 16 22 0.04781678 
416 193 32 44 0.04659188 
487 72 8 11 0.045211054 
175 98 23 33 0.045154348 
175 110 13 18 0.045130648 
552 100 23 28 0.0449385 
27 104 19 22 0.044175398 
332 100 12 17 0.04413257 
157 80 8 10 0.043455716 
459 84 21 28 0.042628158 
670 83 13 19 0.042462967 
199 81 13 17 0.04229648 
321 37 9 12 0.042033587 
887 51 11 14 0.041890696 
68 82 24 33 0.04127447 
1014 182 7 10 0.04077079 
392 62 9 11 0.038402226 
562 99 16 21 0.038117442 
361 336 86 128 0.03773834 
412 68 10 12 0.037426684 
624 32 11 14 0.037313726 
59 14 13 17 0.037281655 
376 30 7 9 0.037140574 
215 101 22 27 0.03669839 
262 43 9 11 0.03666074 
193 106 19 26 0.036036056 
365 125 14 17 0.03559524 
522 61 13 16 0.035414245 
413 56 9 11 0.03536463 
503 170 31 40 0.035278272 
1006 172 8 10 0.035164803 
406 99 13 20 0.03489805 
734 62 11 15 0.034530137 
21 11 27 31 0.034468893 
203 110 14 20 0.034024835 
949 80 10 13 0.03389284 
126 95 15 18 0.033823706 
442 103 16 19 0.033805434 
334 93 11 16 0.033665463 
481 62 9 11 0.03299679 
1002 183 8 10 0.032909434 
218 80 12 14 0.032746054 
526 54 10 12 0.03233111 
519 110 12 16 0.032213032 
353 89 11 17 0.032206614 
193 77 10 12 0.032107256 
406 55 9 12 0.03182628 
211 157 25 29 0.031576876 
207 70 10 13 0.031297885 
476 99 16 22 0.031185757 
455 72 22 26 0.030778231 
529 46 8 11 0.030600538 
861 84 14 17 0.030499643 
285 40 8 10 0.030010281 
458 132 17 21 0.029704548 
454 69 12 17 0.029703392 
273 39 9 11 0.029456697 
340 137 17 23 0.029331608 
186 107 17 24 0.02930266 
529 31 7 10 0.029241178 
424 54 8 11 0.029105874 
597 60 15 18 0.028682185 
667 220 37 59 0.028084783 
419 93 16 23 0.027356662 
47 3 12 15 0.027130945 
693 83 21 31 0.027076995 
316 109 17 20 0.026804343 
545 139 30 34 0.026586074 
485 99 14 23 0.026482016 
384 5 97 121 0.026441798 
327 94 11 16 0.026338167 
589 69 24 30 0.026155405 
913 75 14 17 0.026148587 
249 81 10 17 0.026043916 
517 117 16 21 0.02580452 
501 74 13 17 0.025662608 
480 69 11 15 0.025538895 
729 132 10 13 0.025496852 
53 5 11 13 0.025494643 
167 107 12 15 0.02545883 
506 148 39 53 0.025222253 
405 325 96 137 0.02505969 
333 145 17 24 0.024913995 
550 54 11 13 0.024842363 
155 108 13 16 0.024789853 
46 10 25 32 0.02471997 
466 138 15 21 0.024636634 
271 61 10 13 0.024577295 
397 67 12 14 0.02436792 
173 130 14 18 0.02427368 
692 104 13 18 0.024271885 
1011 89 11 18 0.024077531 
485 111 13 20 0.02378684 
333 61 8 10 0.023697369 
701 105 12 17 0.02367741 
449 70 11 14 0.023329746 
395 55 8 10 0.023222154 
920 60 13 15 0.023178725 
355 130 13 16 0.022949457 
0 125 18 31 0.022768019 
690 62 12 15 0.022649657 
825 414 29 34 0.02250629 
358 63 7 9 0.022475945 
687 97 14 20 0.022334434 
529 37 8 10 0.022306897 
559 53 16 20 0.022275502 
495 54 8 11 0.022199478 
390 69 11 14 0.022036806 
452 125 15 18 0.022019845 
438 122 27 32 0.02186596 
866 73 15 19 0.021830743 
996 289 28 48 0.021640956 
858 82 22 30 0.021571698 
450 59 9 13 0.021376742 
663 160 39 53 0.021257479 
512 122 16 22 0.021185592 
421 138 27 35 0.021104725 
407 47 8 10 0.021007657 
259 64 11 13 0.020949418 
596 67 15 19 0.020918129 
357 185 35 37 0.020894589 
400 86 20 27 0.020864315 
384 86 23 30 0.020840432 
131 112 17 19 0.020686146 
284 74 12 18 0.020618774 
191 82 11 15 0.020608258 
329 61 8 11 0.020527918 
175 89 12 16 0.020477343 
140 111 16 18 0.020423157 
176 80 18 23 0.020365447 
134 128 21 24 0.020247765 
1007 184 8 10 0.020106934 
1003 189 8 11 0.020081507 
