2_Demonstration_Political_Rally_2_491
54
630 374 29 41 0.9919137 
648 500 35 50 0.98405993 
541 500 33 48 0.96931577 
968 535 17 23 0.937789 
747 538 19 25 0.91793734 
864 527 20 24 0.89130044 
789 526 20 25 0.88936 
564 386 26 35 0.8854449 
583 492 52 79 0.86623156 
908 540 19 22 0.8435386 
388 462 19 26 0.755216 
251 626 13 16 0.19515643 
221 584 18 22 0.18997845 
327 595 30 49 0.13154347 
447 612 56 53 0.12754439 
798 530 16 19 0.08259771 
273 616 10 13 0.08002567 
176 625 34 49 0.076587535 
634 372 20 25 0.0734619 
38 559 52 55 0.0636351 
112 570 64 75 0.041946024 
80 577 40 36 0.041375283 
286 638 21 35 0.04028056 
670 210 15 18 0.033693668 
187 604 44 62 0.033186834 
115 630 48 64 0.03296393 
909 576 24 27 0.03148465 
557 493 43 63 0.031044893 
2 532 96 120 0.030866897 
376 577 31 42 0.029461078 
336 644 10 15 0.029366829 
247 613 9 11 0.029158693 
572 336 14 16 0.028946022 
811 491 14 17 0.028937621 
796 171 12 15 0.027942332 
147 633 48 55 0.026977807 
43 563 30 36 0.026930276 
402 466 13 18 0.026657226 
27 578 95 113 0.026340839 
227 601 13 16 0.02552825 
396 525 27 32 0.02512737 
712 215 10 13 0.024783023 
216 590 24 33 0.022593433 
389 524 47 68 0.022314673 
199 660 29 33 0.02199066 
988 571 16 21 0.021802446 
89 570 62 58 0.02157783 
184 649 31 41 0.02140386 
981 575 17 22 0.020970292 
37 631 32 31 0.020821417 
967 181 13 14 0.02044675 
63 3 29 31 0.02032721 
51 565 16 20 0.020268127 
335 609 37 50 0.020202372 
