2_Demonstration_Protesters_2_54
257
21 211 22 27 0.99020326 
418 101 16 22 0.9872191 
333 66 16 18 0.9861649 
521 68 16 21 0.9846811 
314 144 17 20 0.9791975 
296 86 13 18 0.9621332 
172 162 17 22 0.959056 
150 208 21 24 0.93999845 
16 162 20 23 0.9269836 
808 106 17 20 0.92217547 
392 74 14 19 0.91135496 
679 126 17 21 0.91035646 
601 143 16 19 0.9071088 
440 135 16 22 0.8497284 
526 139 17 20 0.8496443 
548 58 15 17 0.8161007 
227 166 18 20 0.7916061 
873 139 13 18 0.7819961 
411 269 22 27 0.7039321 
364 78 13 16 0.6182545 
86 59 9 12 0.6165791 
279 54 9 11 0.52802163 
687 163 16 18 0.48299983 
73 99 12 15 0.46593392 
173 51 8 11 0.46038932 
328 108 12 15 0.34260914 
781 142 10 13 0.24099438 
103 86 10 12 0.22687292 
457 164 18 21 0.21734582 
207 105 14 18 0.21171238 
405 271 18 21 0.20679112 
372 149 11 14 0.19146831 
948 53 11 15 0.18920845 
348 106 11 14 0.16341951 
146 55 9 11 0.1562625 
347 226 23 30 0.15468542 
823 139 12 17 0.1473633 
524 146 20 25 0.14697391 
278 77 12 15 0.13767959 
632 182 11 16 0.13130568 
145 60 9 10 0.10568797 
590 106 12 15 0.10470057 
94 78 11 14 0.1032447 
144 168 17 21 0.10273634 
48 73 11 15 0.099393524 
250 143 17 20 0.099276826 
132 124 11 14 0.08997122 
429 224 14 18 0.08901276 
646 138 13 17 0.08886806 
459 316 17 20 0.08626974 
432 141 21 26 0.08191974 
159 65 8 9 0.07959845 
2 395 10 17 0.07913716 
620 163 15 19 0.06890448 
327 30 10 11 0.06870619 
287 29 9 11 0.06677468 
269 189 12 15 0.06651919 
312 30 10 11 0.06644787 
264 28 11 13 0.065125294 
784 137 9 12 0.06459025 
426 267 14 19 0.06394679 
107 87 11 13 0.0638202 
15 293 12 14 0.061166845 
279 28 10 11 0.06111991 
818 99 16 21 0.059046138 
80 83 12 14 0.058291137 
671 14 13 17 0.058142215 
798 117 12 16 0.05714776 
300 61 10 11 0.057026636 
100 79 10 14 0.056279827 
418 259 18 24 0.05627004 
502 111 12 15 0.055521943 
32 133 11 15 0.054744933 
221 156 17 22 0.054641206 
712 184 10 12 0.052702144 
540 141 12 16 0.051060863 
604 113 13 16 0.050540727 
381 56 14 17 0.050357282 
397 268 17 22 0.049814507 
828 97 15 19 0.049686737 
61 227 11 14 0.04900827 
150 61 9 10 0.048857342 
543 90 11 14 0.047957547 
331 101 14 18 0.047232155 
83 55 9 12 0.04706517 
350 44 13 14 0.047061514 
230 117 10 13 0.046921458 
301 56 9 10 0.04653158 
87 67 11 13 0.044407528 
538 120 14 17 0.04386778 
96 189 9 13 0.04379929 
59 91 13 17 0.043586962 
79 77 10 14 0.04320957 
284 258 11 14 0.043205526 
274 77 9 13 0.04318352 
317 30 10 11 0.043150757 
543 146 13 20 0.042915266 
292 30 10 11 0.04290156 
153 160 22 29 0.0425929 
262 85 10 13 0.042584084 
75 104 13 17 0.042211637 
191 125 10 13 0.04178439 
84 81 15 18 0.04160943 
403 125 22 28 0.041432757 
854 107 11 13 0.04107295 
457 302 9 12 0.04064711 
369 76 16 18 0.039960314 
269 34 12 15 0.039614398 
316 23 9 11 0.039570823 
206 95 10 13 0.039485764 
273 61 9 12 0.03907529 
1001 71 8 9 0.03868864 
806 183 11 13 0.038518224 
59 300 11 16 0.03845018 
272 132 12 16 0.038412843 
303 35 11 13 0.038407546 
783 173 12 14 0.03838833 
186 189 18 22 0.0382542 
651 143 15 18 0.03824138 
277 36 12 13 0.038226947 
754 184 15 17 0.03804011 
134 130 11 13 0.03796684 
492 122 11 16 0.0379202 
90 59 11 14 0.03781017 
145 69 8 11 0.03772084 
326 34 10 12 0.03740876 
270 84 10 14 0.03737853 
283 77 12 15 0.03727073 
788 133 10 14 0.03705475 
71 87 20 26 0.03691859 
182 69 8 11 0.036273595 
262 53 9 12 0.036081973 
444 334 14 16 0.03578261 
547 141 10 14 0.035699863 
272 123 10 14 0.035553046 
597 133 16 21 0.03531652 
319 35 10 12 0.035206147 
820 166 9 11 0.03486091 
488 174 12 14 0.034820728 
322 176 16 19 0.03374589 
150 69 9 11 0.033245195 
92 90 13 16 0.03323889 
840 211 11 15 0.033168547 
309 242 15 16 0.03309201 
329 22 9 11 0.033033874 
262 108 13 15 0.03298703 
56 86 9 13 0.0328721 
554 98 16 20 0.032272328 
563 178 13 17 0.031779855 
363 85 15 19 0.031763263 
268 24 12 12 0.031691264 
262 180 14 17 0.031520896 
269 92 10 13 0.031431507 
549 91 11 15 0.03141844 
286 122 15 18 0.031339105 
459 329 14 16 0.030477175 
201 87 10 11 0.030467672 
854 224 13 16 0.03026434 
850 218 24 31 0.030044882 
339 238 16 20 0.029850807 
293 181 20 25 0.029759288 
946 82 15 19 0.029751407 
941 48 20 25 0.029688168 
667 115 24 29 0.029559223 
284 54 9 11 0.029530695 
660 108 15 19 0.029327104 
597 110 12 14 0.02927478 
609 138 15 20 0.029248696 
467 308 15 18 0.029237945 
430 343 10 12 0.02917231 
143 210 19 21 0.029053109 
275 73 19 24 0.028942492 
614 123 14 18 0.028771766 
448 137 14 20 0.028716112 
246 122 13 17 0.02862154 
343 123 12 15 0.028490689 
128 118 12 16 0.028244888 
396 170 14 18 0.02824241 
655 112 13 17 0.028212732 
716 188 11 12 0.028055498 
320 61 10 13 0.027975235 
82 56 19 23 0.027840227 
174 59 9 11 0.027792806 
629 172 11 17 0.027384754 
88 74 20 23 0.027286395 
343 101 12 18 0.027251987 
321 106 12 16 0.027249716 
854 233 26 33 0.027128296 
73 76 11 13 0.02704617 
420 252 13 17 0.026868464 
330 145 15 19 0.026539972 
423 223 24 30 0.026339196 
297 55 9 11 0.02631387 
287 36 11 13 0.026273778 
414 176 15 19 0.02622293 
287 69 9 12 0.026128104 
47 103 10 12 0.026099382 
93 71 10 13 0.026050229 
874 125 16 18 0.0260193 
271 48 9 11 0.025710093 
270 116 11 16 0.025698641 
183 133 8 11 0.025623256 
318 89 12 15 0.025356459 
182 65 8 9 0.02501701 
269 146 13 18 0.024801124 
262 193 15 18 0.024800979 
941 88 15 19 0.024596756 
46 55 9 11 0.024397507 
429 360 13 16 0.024366882 
341 330 13 17 0.024263946 
293 23 9 11 0.024155749 
305 23 8 10 0.02405015 
60 86 11 14 0.02388848 
177 71 9 11 0.023790855 
231 124 13 15 0.023640538 
334 37 10 12 0.023544213 
246 49 12 15 0.023471827 
168 60 9 11 0.02336081 
294 36 9 12 0.023037706 
748 239 11 13 0.022945324 
599 125 13 16 0.022760354 
153 268 14 16 0.022717547 
257 138 17 21 0.022556733 
560 131 11 15 0.022470877 
70 84 13 16 0.0222374 
991 55 9 11 0.022095932 
262 33 13 15 0.02192482 
213 70 11 12 0.02171421 
176 77 9 11 0.021606702 
813 96 13 16 0.021579146 
146 50 9 11 0.021498471 
342 38 12 14 0.021458426 
546 86 21 26 0.021425352 
452 332 16 17 0.021389358 
882 132 13 17 0.021256143 
470 299 12 14 0.02120323 
286 62 9 12 0.02118668 
751 174 11 13 0.02117274 
941 77 15 18 0.021143949 
190 109 9 14 0.021097856 
235 60 12 13 0.02097258 
840 151 9 12 0.020925187 
264 62 8 11 0.02092257 
866 139 13 16 0.020892428 
404 177 13 17 0.020864062 
10 149 25 31 0.020846777 
860 101 10 13 0.02080504 
261 234 14 17 0.020725816 
678 301 9 13 0.020572508 
860 94 10 13 0.020452136 
275 187 13 18 0.020441774 
359 71 11 16 0.02040716 
343 116 11 15 0.020127876 
574 117 13 14 0.020090207 
256 81 8 10 0.02008801 
780 153 14 17 0.02005439 
454 308 14 16 0.020001628 
