2_Demonstration_Demonstration_Or_Protest_2_395
114
874 338 53 78 0.9943092 
809 493 96 107 0.9708571 
975 298 47 78 0.717582 
564 222 23 28 0.61059153 
966 250 30 39 0.27799383 
750 342 41 57 0.20201947 
477 127 32 38 0.19605394 
891 241 25 31 0.1526046 
972 244 15 19 0.12541053 
831 320 24 30 0.10774789 
916 285 28 41 0.10575801 
895 235 16 20 0.10265149 
691 465 51 69 0.09019617 
940 248 15 18 0.08993039 
77 17 47 74 0.088366196 
181 69 17 21 0.087509945 
978 260 27 33 0.08150967 
858 221 30 37 0.07933267 
966 270 48 74 0.07909969 
1007 257 11 16 0.07792624 
703 530 34 39 0.0764226 
258 102 12 16 0.07172015 
311 166 88 126 0.07080415 
971 269 27 34 0.069443196 
338 88 13 17 0.0676368 
904 292 29 35 0.065803446 
1007 274 14 20 0.06484043 
1012 269 11 19 0.063881114 
891 256 23 29 0.063761406 
800 264 41 54 0.059941985 
848 347 43 66 0.058050115 
971 254 19 24 0.055137325 
887 235 40 54 0.053707525 
610 206 16 20 0.050848108 
956 254 24 32 0.050021708 
327 558 50 68 0.048768546 
991 267 26 33 0.04592365 
981 -7 46 60 0.04551983 
780 257 46 60 0.043005332 
136 26 53 64 0.042469528 
588 99 75 116 0.041560523 
923 275 24 32 0.040632714 
967 248 17 24 0.04040754 
298 111 17 19 0.039739095 
839 317 28 33 0.03954643 
910 197 15 20 0.03633748 
229 0 13 11 0.036118515 
936 170 18 21 0.035899926 
213 76 13 15 0.035834555 
896 256 41 54 0.035062168 
995 264 16 24 0.033672743 
896 272 17 21 0.032858666 
194 94 29 36 0.032120433 
693 174 40 36 0.031976666 
894 301 53 66 0.031850535 
980 274 32 41 0.03174919 
247 384 45 68 0.031471368 
923 256 13 17 0.030910116 
917 302 31 39 0.030608611 
0 0 39 79 0.03053464 
894 284 24 35 0.029407257 
536 259 24 31 0.029276853 
818 277 18 28 0.028906733 
752 255 50 57 0.028869808 
554 204 17 19 0.02867099 
132 17 100 112 0.028514255 
826 274 25 37 0.028326008 
865 271 40 54 0.028065277 
859 230 18 23 0.027887497 
496 135 19 24 0.02781653 
486 209 17 20 0.027147803 
784 455 174 172 0.026492534 
461 136 48 62 0.026434457 
908 281 15 20 0.026280358 
256 11 12 15 0.026139932 
159 40 52 61 0.025711961 
481 148 19 22 0.025675232 
105 9 48 70 0.025573673 
219 77 11 14 0.025497828 
828 266 16 23 0.024553036 
933 253 47 60 0.024432369 
167 62 51 61 0.02432206 
466 122 30 41 0.024245963 
234 1 12 14 0.024136405 
731 326 74 101 0.02407208 
385 36 11 14 0.02390442 
678 212 50 57 0.023705713 
842 279 15 22 0.023654658 
951 266 14 21 0.023377765 
202 105 17 23 0.023331583 
825 334 30 41 0.023329861 
666 239 26 30 0.02325807 
1006 251 18 28 0.022933746 
885 271 25 35 0.022803597 
659 379 15 24 0.022503829 
913 188 12 15 0.022439955 
915 255 16 19 0.022315921 
436 231 38 43 0.021979764 
985 277 18 24 0.021851461 
485 233 29 36 0.021613471 
998 280 26 35 0.021574292 
962 321 49 71 0.021381745 
709 484 24 31 0.02136366 
272 113 26 32 0.021336183 
223 92 24 29 0.021258228 
139 96 25 28 0.02109279 
535 212 43 54 0.021001812 
901 271 25 34 0.020909758 
554 95 49 69 0.02089233 
681 492 52 74 0.02065843 
574 232 19 23 0.020394402 
270 90 11 14 0.020350575 
433 112 98 134 0.020225806 
963 380 40 60 0.020077998 
