2_Demonstration_Political_Rally_2_117
184
586 194 35 44 0.99791056 
382 213 28 34 0.9939412 
284 194 24 31 0.9876323 
839 203 26 34 0.9838578 
791 212 22 26 0.9664537 
66 198 16 23 0.9643408 
731 218 28 35 0.95125157 
24 205 19 22 0.9180285 
879 194 25 37 0.88147926 
142 208 15 21 0.8453302 
453 197 12 16 0.8198674 
413 206 18 24 0.8195535 
806 190 11 14 0.8037492 
636 203 21 27 0.63991505 
954 189 24 30 0.59761924 
476 191 11 15 0.504792 
780 201 14 18 0.4968179 
407 152 8 10 0.4536545 
730 181 9 13 0.3636151 
537 188 11 14 0.32231042 
471 172 9 11 0.2801712 
541 226 15 19 0.26275828 
762 183 9 11 0.25783104 
416 170 9 13 0.25352922 
247 191 13 21 0.25195473 
116 212 15 19 0.23848574 
123 218 14 22 0.236626 
541 185 9 11 0.21526656 
628 194 17 21 0.21461958 
486 175 8 10 0.19520028 
745 192 8 10 0.19343266 
695 201 14 20 0.18760985 
175 198 9 12 0.18542154 
372 183 9 11 0.15579838 
406 184 8 11 0.14819823 
398 188 8 12 0.14511223 
527 189 8 12 0.12027874 
359 197 12 15 0.117351875 
83 230 13 15 0.1162882 
430 144 7 10 0.1058604 
760 187 11 14 0.10158757 
21 156 11 14 0.09867823 
263 216 15 21 0.09000865 
999 259 12 15 0.08975176 
788 195 15 20 0.089455105 
684 230 14 18 0.08520197 
622 196 14 19 0.08099875 
12 176 8 10 0.07952952 
481 174 8 11 0.07928149 
783 201 20 25 0.07743109 
513 191 8 11 0.0731786 
741 228 27 30 0.0718867 
763 206 12 15 0.07124931 
823 177 11 15 0.0696428 
801 191 11 14 0.06910759 
497 204 14 16 0.068630554 
526 184 8 10 0.067988195 
186 227 25 28 0.06667302 
5 204 10 14 0.06571205 
259 194 14 18 0.061331693 
744 194 11 15 0.059888735 
494 198 13 15 0.05941759 
534 193 11 14 0.059340186 
250 190 19 27 0.057627115 
459 201 13 17 0.056428194 
551 183 7 10 0.056002785 
792 181 8 10 0.05579058 
128 210 19 26 0.052848037 
642 138 11 13 0.050060336 
728 176 9 12 0.049960945 
241 195 11 16 0.04795893 
709 166 9 11 0.04763545 
4 146 13 17 0.047587823 
495 172 10 12 0.04735002 
412 150 8 12 0.04651134 
421 168 9 12 0.046221536 
877 185 15 25 0.045820702 
521 183 8 12 0.045502253 
401 186 8 11 0.04532315 
759 194 13 16 0.04524487 
792 192 11 14 0.044911433 
867 201 24 35 0.044464 
484 179 11 14 0.04442494 
809 191 14 19 0.044218943 
857 208 15 20 0.044143528 
914 135 9 11 0.04357567 
520 189 9 12 0.043358296 
480 182 11 13 0.04291092 
371 187 11 13 0.042577066 
472 179 10 13 0.041319426 
11 180 10 13 0.04102041 
690 207 21 32 0.040198192 
698 201 22 29 0.039911687 
403 155 8 11 0.039517045 
721 169 8 11 0.03868651 
628 193 34 44 0.037845396 
880 181 11 16 0.037638936 
963 656 44 54 0.037439786 
447 151 9 11 0.03683297 
511 172 10 12 0.03585761 
869 187 11 16 0.035640813 
680 227 25 29 0.035537656 
110 215 16 20 0.0354477 
439 149 9 11 0.035274353 
241 278 13 16 0.035229012 
707 148 8 12 0.03489192 
424 209 14 18 0.034669667 
483 189 11 15 0.034467004 
193 221 18 19 0.0341698 
687 190 9 11 0.03416947 
680 189 11 14 0.034086965 
886 202 29 34 0.033987656 
979 119 40 51 0.033459272 
693 191 10 12 0.033403926 
713 183 9 10 0.033214405 
345 190 9 11 0.033138998 
113 220 26 30 0.032847922 
677 195 14 18 0.03241769 
527 175 8 11 0.03173751 
733 186 10 12 0.030792067 
684 202 16 21 0.029817136 
430 199 12 15 0.02975599 
469 202 11 15 0.029705198 
500 198 12 15 0.029027598 
732 178 11 13 0.0289491 
969 192 14 19 0.028931402 
202 227 15 20 0.0287112 
719 182 10 12 0.028584838 
57 134 9 11 0.027895054 
367 220 12 17 0.027855879 
659 188 14 17 0.027805539 
501 172 10 13 0.027779197 
784 93 8 9 0.027528929 
781 192 13 17 0.0272031 
93 228 11 15 0.027196558 
437 144 8 11 0.02691316 
11 187 12 15 0.026845254 
63 278 10 14 0.026348257 
783 203 35 43 0.02615857 
8 197 11 16 0.026157083 
330 10 10 13 0.025945641 
393 185 8 11 0.02560167 
142 197 13 16 0.024998393 
950 166 10 12 0.024210967 
683 212 21 31 0.02392714 
795 192 19 24 0.023335218 
327 135 8 12 0.023280958 
963 181 16 22 0.023146225 
477 200 12 15 0.02304248 
487 169 8 11 0.022988709 
759 206 22 25 0.022883916 
685 195 13 18 0.022757107 
890 187 28 36 0.022709232 
956 202 18 24 0.022642057 
200 193 10 11 0.02258768 
448 192 12 16 0.022363164 
529 195 9 12 0.0223221 
535 182 18 23 0.02220581 
425 148 11 14 0.022084847 
813 180 11 15 0.021998309 
425 155 9 12 0.021929078 
468 210 12 16 0.02186106 
821 330 185 277 0.02180971 
757 182 19 23 0.021762438 
790 488 24 28 0.021722827 
545 220 16 19 0.021666355 
898 159 9 11 0.021469926 
681 183 9 12 0.021445924 
942 193 11 19 0.021429425 
485 128 8 10 0.021309057 
641 196 16 21 0.02130021 
827 174 12 14 0.021264862 
421 183 10 11 0.021147324 
255 202 20 31 0.021079898 
642 77 9 11 0.021071589 
864 183 11 14 0.020983284 
943 169 9 11 0.020809304 
136 196 11 15 0.020798903 
817 176 8 11 0.020757273 
264 198 22 29 0.020746976 
789 92 9 10 0.020697096 
266 209 22 31 0.02040811 
717 186 11 14 0.020360589 
400 172 8 11 0.02009076 
