2_Demonstration_Political_Rally_2_90
137
539 270 53 75 0.9980615 
789 380 20 27 0.95009995 
300 364 10 13 0.47168875 
876 379 10 13 0.3846901 
921 378 12 16 0.36707097 
196 334 11 14 0.3628473 
236 379 14 17 0.35245255 
155 359 15 19 0.34226453 
5 327 13 18 0.31865507 
342 382 9 12 0.2743344 
40 371 13 16 0.2487473 
202 356 10 14 0.2185443 
24 316 10 13 0.20934501 
112 360 13 16 0.20587215 
170 387 15 20 0.18485112 
63 321 12 15 0.10683934 
318 371 13 15 0.105176635 
408 421 7 10 0.099742495 
1009 385 15 26 0.098179914 
302 298 15 18 0.09799592 
45 326 10 12 0.091673754 
325 367 11 14 0.08664938 
154 312 13 17 0.08401426 
745 458 17 19 0.08320278 
876 428 17 20 0.08288226 
289 390 9 11 0.07793527 
151 390 10 13 0.075556606 
73 297 13 17 0.06766903 
41 327 9 12 0.067017905 
303 382 8 10 0.06516509 
261 357 10 13 0.06491017 
201 350 21 27 0.06269208 
875 386 15 22 0.061557997 
40 348 9 11 0.059973724 
209 345 25 29 0.05724488 
11 325 11 15 0.054929666 
101 380 15 21 0.053817388 
313 372 10 12 0.052292973 
846 393 15 17 0.051945213 
249 301 11 14 0.05191313 
325 333 8 10 0.051637556 
230 372 15 20 0.05065269 
872 402 14 18 0.050451204 
29 408 14 18 0.050146315 
322 327 8 10 0.049648046 
22 323 12 16 0.04922084 
326 357 10 13 0.047733966 
294 383 8 11 0.047049258 
212 354 15 19 0.04627643 
235 348 13 17 0.04577798 
215 387 13 15 0.04570156 
28 312 10 12 0.04523573 
256 391 10 11 0.044516984 
297 370 9 13 0.041790027 
223 341 24 28 0.039179366 
162 360 14 18 0.038313504 
100 388 24 30 0.03787072 
259 380 11 14 0.037838448 
274 392 8 10 0.037098903 
356 310 12 16 0.03523311 
106 401 18 21 0.034349557 
221 382 12 15 0.034210216 
950 423 33 43 0.03415419 
43 375 15 17 0.03399144 
278 392 8 10 0.0335896 
80 374 10 12 0.03241032 
352 315 10 13 0.032266136 
0 404 11 16 0.031741038 
917 332 11 14 0.031245997 
217 375 22 27 0.030809188 
235 363 14 16 0.030473145 
155 347 17 22 0.030406756 
255 342 8 12 0.03021718 
935 463 34 38 0.029756075 
282 308 12 15 0.02934238 
279 398 8 11 0.02914683 
334 374 8 12 0.028900694 
22 409 13 19 0.028506221 
229 353 15 20 0.028247952 
268 357 9 13 0.02818806 
226 356 23 31 0.027783873 
28 331 10 14 0.027283024 
335 302 11 14 0.027014567 
330 404 9 12 0.026586665 
175 285 10 14 0.02645645 
181 393 12 15 0.0262563 
218 337 16 19 0.026183955 
263 309 10 13 0.025631828 
256 351 11 15 0.025123972 
940 406 12 15 0.025080891 
736 439 22 31 0.024959486 
344 326 8 11 0.024926247 
992 453 31 53 0.024674535 
6 321 12 15 0.0246636 
327 350 10 13 0.024625372 
203 369 13 17 0.024582615 
727 428 22 31 0.024487833 
147 300 23 31 0.024404453 
193 330 18 23 0.024343062 
392 357 10 15 0.024318263 
95 340 12 13 0.024114214 
103 376 11 14 0.023961777 
335 307 13 16 0.023805246 
784 408 16 20 0.02370773 
263 344 9 10 0.0236089 
280 318 11 12 0.023511726 
306 442 13 16 0.023462437 
823 374 11 15 0.023410317 
820 379 14 20 0.02331396 
284 356 11 14 0.023163473 
949 459 14 18 0.022888362 
802 381 13 18 0.022766205 
915 365 14 17 0.022731481 
403 422 9 10 0.022704279 
954 326 9 14 0.022690024 
1 335 12 19 0.022433763 
111 352 13 16 0.022255218 
191 390 9 13 0.022048792 
247 340 10 14 0.022029933 
324 377 12 15 0.021929182 
943 447 31 41 0.021840572 
44 342 10 13 0.021692107 
261 362 11 14 0.021679468 
256 372 12 15 0.02154932 
309 406 9 9 0.021289293 
912 397 11 15 0.020877352 
80 379 11 14 0.020851523 
838 387 14 18 0.020848291 
94 384 16 21 0.020664643 
94 366 38 47 0.020626927 
37 419 12 16 0.020604717 
297 299 13 17 0.02047989 
50 381 12 14 0.020378489 
328 398 10 12 0.02020377 
373 371 10 13 0.020170214 
159 343 12 15 0.020064346 
247 333 10 14 0.020052278 
