2_Demonstration_Demonstration_Or_Protest_2_162
61
524 181 31 40 0.99913543 
689 107 146 189 0.9973937 
442 145 47 52 0.9963451 
607 154 31 38 0.99482685 
93 222 27 32 0.9760066 
251 111 140 206 0.9683148 
2 218 26 36 0.8953925 
554 184 21 28 0.7190687 
430 0 59 60 0.3243795 
621 260 36 45 0.26273835 
481 196 25 32 0.23727812 
70 241 16 21 0.19156155 
156 215 18 20 0.16792844 
956 214 10 13 0.15327916 
422 225 44 55 0.11756813 
564 257 27 38 0.11034091 
921 198 9 11 0.10032168 
943 222 9 13 0.07429204 
934 197 11 15 0.06721131 
975 150 9 13 0.064618774 
0 155 19 37 0.061517157 
150 225 23 28 0.057682205 
372 200 47 60 0.052016895 
184 267 28 30 0.046225127 
960 197 12 14 0.042694308 
1001 152 10 12 0.041730665 
925 197 11 15 0.040729415 
403 3 61 57 0.038757514 
600 245 81 95 0.03663447 
191 206 10 12 0.036410578 
951 219 10 14 0.036343828 
1004 154 10 13 0.035189178 
528 327 31 45 0.033286672 
549 262 41 55 0.03276484 
944 245 11 14 0.032185152 
958 204 11 14 0.030727327 
600 239 45 55 0.030610284 
609 193 15 20 0.030121695 
223 214 13 17 0.029815532 
964 200 12 15 0.02962601 
153 267 18 22 0.028486433 
479 324 26 39 0.027320677 
972 227 11 13 0.02665402 
566 236 46 53 0.02658219 
580 217 44 52 0.026201192 
23 265 26 33 0.025640007 
592 209 30 37 0.02458689 
109 226 20 23 0.023540325 
960 175 8 10 0.023521366 
129 258 26 28 0.023491975 
936 220 12 14 0.02272185 
934 193 9 12 0.022360828 
32 260 26 32 0.022290658 
922 192 19 25 0.022120059 
924 235 13 17 0.021913927 
920 202 11 16 0.020730376 
196 211 10 13 0.020608079 
942 216 9 11 0.020430759 
541 278 35 46 0.020283518 
530 295 39 55 0.020172993 
953 208 10 13 0.020142194 
