2_Demonstration_Demonstration_Or_Protest_2_158
238
988 217 31 38 0.9893763 
516 186 43 54 0.9870582 
184 217 28 41 0.9704179 
473 232 26 34 0.9662537 
855 238 21 25 0.93934506 
9 192 25 39 0.8183844 
61 263 15 20 0.7521038 
694 259 10 12 0.7400118 
675 258 12 15 0.6898552 
173 248 32 46 0.5614841 
371 241 16 20 0.5482974 
522 135 16 19 0.47611424 
100 257 16 19 0.45050535 
279 252 13 16 0.41748542 
881 131 17 22 0.36793315 
302 253 10 14 0.36362162 
818 116 26 33 0.31993243 
760 260 39 40 0.2832179 
398 255 12 16 0.26998815 
814 426 187 209 0.2648552 
29 161 20 34 0.2373417 
851 122 17 24 0.2151667 
499 236 15 20 0.2042733 
749 269 43 48 0.18207315 
353 233 8 11 0.1552645 
630 243 14 16 0.15430297 
636 252 8 11 0.14352551 
293 252 12 15 0.13469304 
615 252 11 13 0.12164847 
284 248 14 17 0.1186768 
868 208 40 53 0.11231586 
887 132 21 26 0.103314206 
862 145 11 14 0.10188053 
31 246 11 16 0.10134282 
308 254 9 13 0.10133066 
648 247 9 12 0.09956875 
252 259 12 15 0.09931958 
18 165 25 39 0.09301793 
283 254 16 19 0.08835176 
270 257 11 15 0.08767873 
665 252 11 14 0.08711759 
810 230 23 29 0.08595589 
321 237 9 12 0.082948714 
858 222 38 50 0.08050627 
264 253 10 14 0.07915948 
869 22 9 10 0.077972755 
365 245 17 22 0.077387266 
729 244 15 19 0.07429886 
376 213 9 12 0.07327374 
822 84 14 19 0.07302261 
370 250 21 27 0.07266539 
805 238 21 28 0.06884098 
689 258 10 14 0.066838935 
361 221 7 9 0.06674894 
621 253 9 11 0.06513587 
668 245 16 20 0.06292817 
418 222 8 11 0.06206911 
814 18 10 14 0.06101111 
335 238 8 10 0.06042849 
356 127 12 15 0.05939914 
446 216 14 18 0.058883034 
320 224 8 10 0.058118284 
820 239 14 17 0.05637441 
61 255 12 15 0.05405087 
119 240 12 13 0.053639952 
308 149 9 12 0.053361002 
738 254 82 93 0.053315714 
252 267 12 14 0.052915778 
43 267 10 15 0.05204604 
320 229 9 11 0.051617146 
769 273 35 41 0.05143105 
140 246 13 18 0.050178897 
328 258 10 15 0.04998537 
342 341 36 37 0.049776044 
677 264 12 14 0.0484757 
116 248 21 27 0.04818741 
670 281 13 16 0.04720401 
468 238 20 24 0.04689236 
845 86 12 16 0.046613235 
523 145 14 17 0.0464872 
653 248 8 11 0.045535102 
397 223 8 10 0.04550073 
877 243 13 16 0.04523656 
654 280 15 19 0.04412503 
554 199 18 23 0.04397723 
391 252 13 18 0.04374261 
367 216 8 10 0.043527286 
94 264 14 17 0.043339536 
301 172 8 11 0.043100193 
377 209 9 11 0.042892754 
186 260 17 26 0.042617783 
98 255 13 14 0.042558733 
749 75 12 15 0.04237085 
382 208 8 11 0.04228642 
122 245 13 16 0.042114656 
431 191 9 12 0.041276667 
804 209 37 46 0.03998081 
767 74 13 15 0.03957081 
742 118 15 19 0.03939719 
896 134 17 21 0.0386924 
326 238 9 11 0.038387943 
543 152 10 12 0.038300414 
787 284 13 15 0.038221125 
127 247 25 31 0.037912574 
878 39 9 12 0.0372383 
357 231 9 13 0.037154317 
624 245 10 14 0.037079655 
229 97 216 253 0.036791075 
669 235 15 16 0.03672067 
379 239 10 13 0.035891835 
883 98 15 19 0.03530456 
521 154 16 19 0.035141353 
156 220 25 28 0.03436644 
533 189 34 40 0.03432093 
429 234 15 19 0.034174304 
877 16 9 11 0.033979964 
344 221 7 10 0.033733245 
5 197 39 54 0.033562157 
336 233 8 10 0.03301046 
631 257 12 14 0.03280983 
417 207 7 9 0.032779176 
845 156 22 30 0.03276282 
42 168 13 19 0.03258973 
620 238 20 26 0.032442484 
359 121 9 10 0.03172586 
701 256 9 12 0.031608757 
623 237 13 16 0.031077476 
718 230 10 11 0.030380629 
872 16 9 12 0.030234203 
881 71 9 11 0.030002553 
240 267 11 14 0.02998625 
654 252 9 12 0.029770778 
655 372 27 32 0.029739391 
775 263 23 24 0.028994413 
90 262 10 14 0.02862976 
417 228 10 13 0.028558196 
518 148 13 16 0.028425884 
754 68 14 18 0.028404512 
606 194 12 15 0.027889578 
667 289 17 20 0.027882421 
637 239 11 15 0.027435724 
264 240 10 12 0.027372174 
822 20 10 13 0.027137803 
269 246 12 16 0.02712016 
391 216 9 11 0.027102578 
378 260 17 22 0.027075045 
493 236 27 31 0.026894521 
607 251 16 17 0.026639074 
774 255 48 63 0.026602678 
383 221 8 11 0.026445094 
818 228 17 21 0.026297366 
334 243 9 13 0.02608547 
751 6 10 13 0.0260065 
187 212 18 27 0.025875991 
541 288 397 457 0.025860446 
288 237 11 13 0.025790805 
69 253 9 13 0.02553684 
325 230 9 11 0.025374854 
660 290 15 19 0.025302704 
436 218 16 19 0.025127128 
358 255 13 19 0.02499476 
690 254 19 24 0.024886098 
410 163 9 12 0.024859497 
424 235 10 14 0.0248009 
95 260 26 33 0.02476173 
286 191 8 12 0.024757175 
710 253 9 12 0.024673829 
803 84 13 18 0.024608178 
389 264 15 21 0.02454783 
796 244 25 31 0.024518752 
345 208 8 11 0.024223102 
837 83 13 19 0.02415313 
691 313 12 15 0.0240781 
815 83 14 19 0.02397475 
664 238 11 12 0.023925552 
664 304 13 17 0.02384811 
460 236 18 21 0.023801712 
813 71 12 14 0.023658166 
693 439 14 17 0.023647511 
260 277 11 15 0.023642765 
752 9 24 29 0.023562822 
646 238 9 12 0.023558322 
875 231 25 33 0.023555733 
862 46 9 11 0.023507943 
407 237 10 13 0.023471605 
868 76 11 13 0.023462221 
24 244 21 25 0.023424689 
744 25 10 14 0.023222081 
344 213 9 12 0.023181543 
261 267 12 15 0.023099443 
349 125 20 29 0.02305861 
89 255 8 11 0.023035798 
806 230 13 18 0.022798706 
660 384 15 18 0.022745712 
748 55 13 17 0.022709545 
370 271 17 20 0.02261188 
819 14 12 14 0.022546044 
309 156 9 11 0.022515016 
162 261 34 37 0.022408523 
794 229 22 30 0.02237894 
518 177 29 39 0.022328408 
245 266 12 14 0.022325838 
567 110 10 13 0.022257153 
124 262 17 24 0.022080965 
820 3 11 13 0.02197846 
621 231 11 14 0.02182534 
395 132 12 15 0.021817025 
336 222 7 9 0.021662597 
808 20 11 14 0.02166118 
675 230 13 17 0.02156857 
728 222 9 11 0.0215651 
727 239 13 16 0.02151077 
700 246 12 13 0.02142854 
512 148 11 16 0.02136427 
845 80 12 14 0.02134694 
614 245 20 25 0.021309711 
837 52 11 14 0.02104329 
342 236 9 12 0.020962674 
18 186 17 28 0.020957552 
343 232 8 10 0.02088198 
877 260 14 17 0.020835489 
382 229 9 12 0.020804437 
196 410 57 68 0.020797437 
431 224 21 26 0.020604173 
359 243 13 18 0.020530475 
740 6 11 13 0.020518597 
783 531 12 15 0.020395432 
1000 499 25 41 0.02037814 
174 227 15 18 0.02036146 
742 274 32 34 0.02032321 
288 230 9 12 0.020319197 
269 264 13 17 0.020266684 
36 260 14 18 0.020227222 
391 237 10 12 0.020213088 
312 229 8 11 0.020177213 
55 207 8 10 0.020081498 
163 225 51 55 0.020056311 
327 265 11 16 0.020009018 
