2_Demonstration_Political_Rally_2_637
138
725 404 33 43 0.99849236 
1 387 34 46 0.9934731 
733 99 50 75 0.9857247 
277 354 38 46 0.9781633 
157 392 38 60 0.9315738 
364 404 33 43 0.81223565 
896 402 24 27 0.79882526 
454 361 31 59 0.7509404 
901 779 41 46 0.63793576 
784 382 25 33 0.5967163 
907 400 22 29 0.3397058 
662 401 24 31 0.30056506 
701 300 20 27 0.25478244 
859 580 27 37 0.20081541 
619 288 17 21 0.18223967 
946 738 33 35 0.17587647 
884 551 19 23 0.1590151 
781 383 17 23 0.15530106 
841 368 27 38 0.13877994 
618 352 23 29 0.13211216 
951 492 14 18 0.12161934 
636 362 15 22 0.11724783 
752 516 33 36 0.1094851 
678 398 25 35 0.109052345 
343 385 53 72 0.099312395 
847 442 29 36 0.093330815 
555 370 18 22 0.09229204 
116 752 15 18 0.08960413 
683 361 21 31 0.079655655 
827 619 27 35 0.0756375 
809 409 35 35 0.074174576 
675 405 17 25 0.07337887 
753 397 23 31 0.06890342 
861 616 32 42 0.06275037 
912 682 31 41 0.061219063 
793 377 18 25 0.060298834 
30 379 29 42 0.06014922 
833 349 15 17 0.055578277 
646 347 16 20 0.05482119 
836 354 16 20 0.054779086 
748 460 27 35 0.051998474 
77 665 21 28 0.051207025 
858 449 16 20 0.051032912 
944 677 12 15 0.05021061 
609 277 26 34 0.049741298 
595 340 29 33 0.048634857 
933 653 12 15 0.048105035 
941 653 11 13 0.04809928 
737 303 11 15 0.04773398 
883 598 12 15 0.04698351 
525 496 10 14 0.04692872 
682 339 13 17 0.046702888 
695 348 11 16 0.046366088 
806 423 50 50 0.044264138 
834 436 15 19 0.043737438 
614 341 39 47 0.04361397 
948 684 14 18 0.043338936 
806 468 49 48 0.04317964 
839 358 22 32 0.04204875 
517 677 15 19 0.04126718 
853 443 17 20 0.041057497 
827 348 43 52 0.039767727 
956 732 19 21 0.039250262 
977 316 24 30 0.039113007 
195 404 32 44 0.03755581 
689 405 17 23 0.03620022 
811 485 13 14 0.03612015 
13 241 10 12 0.03581647 
172 397 36 49 0.03513271 
821 375 43 50 0.034318168 
950 696 18 24 0.033941306 
806 520 15 20 0.03386007 
774 388 22 32 0.033182032 
714 303 14 20 0.03294236 
740 401 26 37 0.032921523 
329 417 35 48 0.03271707 
351 352 54 79 0.032435253 
833 595 41 50 0.031810135 
632 346 21 31 0.031528533 
256 353 47 57 0.031311613 
825 582 30 33 0.030710598 
915 398 14 20 0.030440105 
814 447 50 51 0.030274909 
941 659 12 15 0.030223558 
859 385 13 18 0.03010759 
691 393 26 31 0.029077793 
369 403 20 24 0.02903782 
872 656 28 32 0.028825313 
383 356 43 68 0.028472736 
826 434 28 32 0.028461872 
844 383 16 21 0.028355679 
948 659 13 16 0.027772427 
774 327 12 15 0.027652359 
859 394 14 18 0.027651643 
950 689 15 20 0.027550438 
431 455 88 127 0.02743933 
940 673 22 27 0.027081463 
887 401 16 21 0.027046245 
766 393 23 33 0.026825612 
849 589 41 52 0.026701862 
0 813 33 59 0.02666619 
44 372 30 45 0.026414152 
871 589 25 30 0.026312066 
621 349 16 21 0.02628145 
892 671 28 33 0.026256433 
842 616 31 42 0.025551008 
677 395 15 20 0.025301859 
751 321 15 18 0.024809798 
609 346 17 22 0.024379909 
852 392 15 19 0.024231479 
837 431 31 36 0.023733648 
935 675 12 15 0.023662124 
853 355 13 20 0.023385702 
660 382 39 54 0.023385597 
810 388 43 47 0.023327647 
646 335 24 28 0.023240099 
647 353 22 30 0.023107743 
854 466 12 14 0.022931727 
874 666 33 39 0.022908267 
629 364 15 21 0.022834586 
805 477 25 28 0.022565842 
367 389 51 66 0.022434391 
776 385 14 19 0.022383759 
910 658 15 20 0.022314588 
637 272 11 14 0.022191757 
223 672 24 35 0.022110531 
836 390 17 21 0.022045696 
791 394 32 40 0.021945475 
695 303 16 23 0.021621365 
949 654 10 14 0.021466197 
673 329 24 30 0.021441787 
896 661 44 59 0.021166708 
737 361 14 16 0.021108987 
879 402 13 18 0.021037025 
668 396 14 18 0.02096792 
699 386 17 21 0.020810377 
856 432 26 30 0.020180648 
900 662 24 33 0.020169236 
