2_Demonstration_Demonstrators_2_712
86
889 426 35 44 0.99327236 
701 535 27 30 0.96982074 
648 531 48 59 0.95456356 
765 479 37 50 0.9105378 
994 376 30 42 0.7760408 
113 566 26 36 0.70811707 
554 269 17 21 0.26897982 
803 409 15 19 0.16213834 
683 491 12 14 0.14790301 
269 336 9 11 0.1461962 
741 40 43 43 0.1393991 
641 194 11 13 0.13466252 
685 521 16 20 0.11902846 
759 546 28 47 0.10466632 
772 425 14 17 0.09507839 
124 560 30 43 0.0945781 
135 536 11 14 0.087996066 
119 543 11 14 0.07088485 
71 204 423 495 0.06443721 
684 527 41 53 0.0640936 
42 98 9 13 0.063611485 
804 417 14 19 0.062359925 
862 436 15 18 0.059684463 
336 376 50 66 0.05819928 
455 588 13 15 0.056134317 
289 344 9 11 0.05326861 
321 368 9 11 0.048723083 
996 356 28 41 0.04690048 
351 327 10 12 0.046332143 
680 519 26 36 0.045461453 
822 369 12 14 0.045323573 
124 541 11 13 0.045259245 
620 192 11 13 0.0444356 
754 443 12 14 0.041122116 
693 562 32 37 0.040862035 
304 366 10 12 0.04025575 
128 532 10 14 0.039191004 
499 576 15 19 0.03819061 
666 525 34 46 0.03754624 
139 565 32 48 0.036627673 
749 411 16 20 0.03598887 
126 527 9 13 0.03402681 
365 536 9 11 0.033480186 
773 432 14 17 0.031710085 
348 371 9 12 0.031265147 
719 446 13 17 0.031175973 
188 503 54 67 0.030523708 
544 260 11 13 0.029478015 
901 18 65 80 0.029230613 
678 485 21 26 0.028904868 
866 419 24 32 0.028269006 
425 538 45 62 0.027687432 
266 338 10 14 0.027684247 
113 541 11 13 0.027394727 
768 432 11 16 0.026971687 
361 628 60 50 0.026257556 
632 209 9 12 0.025587149 
816 405 11 16 0.025433782 
779 459 13 16 0.025096053 
278 364 12 15 0.025074853 
601 370 10 12 0.024250662 
291 348 10 12 0.023886884 
673 514 25 28 0.02380229 
197 563 11 13 0.02367868 
778 435 13 17 0.022900186 
361 539 10 11 0.02280474 
344 368 10 13 0.022752814 
861 66 176 229 0.02269614 
325 370 8 12 0.0226637 
680 610 36 33 0.022485325 
590 219 13 16 0.022215383 
695 511 27 32 0.022058487 
434 540 26 38 0.022056522 
736 11 50 54 0.021585826 
141 557 13 18 0.02146141 
189 549 12 15 0.021284906 
376 534 8 11 0.021237627 
272 389 11 13 0.020774795 
592 214 10 12 0.020774156 
484 570 13 17 0.020701317 
575 192 11 12 0.020429088 
470 583 12 15 0.020424336 
336 368 9 11 0.020358834 
630 191 9 12 0.02018704 
6 587 32 61 0.020080406 
660 -45 398 445 0.020005392 
