2_Demonstration_Political_Rally_2_752
30
13 394 51 65 0.9992968 
800 176 199 326 0.9987747 
361 141 65 78 0.46088165 
93 391 27 41 0.36983728 
1 425 14 22 0.19363086 
657 312 67 67 0.08013552 
98 401 15 22 0.061373707 
99 418 13 19 0.053658135 
943 84 14 18 0.051314883 
347 165 83 114 0.045063876 
646 282 111 117 0.036277167 
317 5 15 17 0.032558236 
260 458 12 18 0.03141545 
284 490 17 21 0.030065412 
517 173 17 21 0.029280266 
483 436 16 20 0.028454727 
99 390 14 19 0.027015837 
286 482 16 20 0.026785012 
692 197 31 38 0.025082743 
350 460 15 16 0.024817025 
520 543 9 10 0.024181591 
391 177 59 75 0.024117002 
295 385 13 18 0.023465464 
595 621 56 72 0.023401782 
334 373 13 15 0.022286994 
1012 619 12 21 0.02174808 
358 352 418 477 0.021675844 
490 434 16 19 0.021461232 
407 220 52 75 0.020524757 
495 430 11 14 0.02043595 
