2_Demonstration_Demonstration_Or_Protest_2_159
82
817 336 106 117 0.99982005 
267 377 55 62 0.9991523 
581 345 55 68 0.9987571 
670 383 32 40 0.99837035 
426 180 46 59 0.9562144 
527 413 32 40 0.93377876 
563 393 24 33 0.915765 
174 157 49 58 0.8295503 
464 380 18 26 0.7959929 
215 416 17 23 0.7882916 
956 315 61 91 0.44810265 
293 200 17 23 0.24461472 
324 400 24 35 0.23826995 
240 392 27 40 0.22986971 
703 104 36 36 0.2182331 
509 78 22 25 0.20814705 
227 387 28 40 0.1772015 
740 73 40 42 0.1373232 
221 387 23 27 0.12155708 
294 381 47 57 0.116247326 
406 383 12 18 0.102424584 
770 325 33 48 0.091253944 
453 372 23 31 0.09013819 
406 371 25 32 0.08556153 
171 188 40 42 0.08136967 
223 391 13 17 0.077687584 
166 400 21 33 0.0704358 
500 344 25 34 0.06464423 
126 403 26 38 0.06418362 
216 394 13 16 0.05999107 
415 375 29 32 0.057304688 
431 374 24 27 0.05459359 
516 383 14 22 0.05330809 
476 371 15 24 0.050047565 
717 87 48 49 0.049874276 
612 83 10 14 0.048911463 
141 515 38 51 0.047925357 
185 438 27 39 0.046144534 
444 362 23 35 0.046128646 
200 411 12 16 0.045738604 
205 411 21 27 0.045029696 
374 398 11 16 0.04477783 
523 380 12 17 0.043367263 
222 400 26 34 0.04284719 
555 388 41 57 0.040715035 
367 399 12 15 0.03997955 
396 373 23 33 0.03878698 
488 357 26 34 0.038033433 
50 392 14 20 0.03538621 
484 371 14 22 0.034612656 
460 392 23 29 0.034327243 
194 445 29 35 0.03349237 
506 358 18 25 0.033199098 
233 376 25 33 0.03309731 
518 163 37 45 0.03153067 
474 377 21 30 0.031449348 
659 358 23 29 0.031153427 
154 403 28 37 0.03051912 
243 384 15 19 0.030384893 
712 366 24 30 0.02894439 
709 63 51 55 0.0288495 
49 340 12 15 0.027461598 
219 397 18 23 0.026414173 
200 420 27 34 0.02599719 
141 402 26 35 0.025505923 
176 427 24 37 0.025124291 
172 394 15 20 0.024986401 
510 95 15 19 0.024864553 
676 513 39 46 0.024635036 
380 379 22 29 0.024318784 
530 425 19 23 0.023996029 
757 371 47 58 0.02377328 
198 415 17 23 0.023705505 
382 400 12 17 0.022716666 
335 408 16 22 0.022612585 
359 398 12 15 0.02184848 
662 364 14 17 0.021833323 
144 435 25 33 0.021614531 
230 383 14 18 0.02123097 
28 318 54 69 0.02119406 
367 399 20 25 0.021007737 
383 388 13 16 0.020897778 
