2_Demonstration_Protesters_2_460
119
884 201 28 39 0.99962854 
787 67 31 40 0.99957985 
841 67 29 37 0.99944097 
34 66 27 32 0.9992976 
483 238 33 41 0.99909365 
484 97 35 44 0.99834836 
804 176 38 50 0.9968087 
75 89 25 33 0.9960174 
163 82 17 22 0.9927573 
272 232 42 53 0.9925679 
641 57 39 51 0.9917385 
133 74 16 19 0.99010324 
954 93 22 34 0.9839728 
434 73 23 26 0.9593627 
707 64 22 30 0.93707395 
283 75 12 16 0.8679085 
996 88 14 17 0.7408349 
749 92 13 15 0.5153107 
146 192 23 25 0.32612595 
1011 196 12 15 0.18386436 
681 18 29 33 0.11373604 
1012 58 10 18 0.11009725 
255 146 9 12 0.088141166 
0 69 11 18 0.088026315 
264 143 10 12 0.07477867 
200 105 13 17 0.0681278 
695 67 25 29 0.06794785 
68 132 32 39 0.066597804 
208 131 12 16 0.061162993 
162 148 11 15 0.057613343 
328 177 9 12 0.057155155 
1001 85 13 17 0.057133537 
183 75 14 18 0.05675173 
223 121 10 11 0.056036018 
990 116 13 18 0.05559883 
237 142 8 11 0.05508231 
974 74 12 15 0.053292938 
630 287 13 15 0.05233848 
291 195 11 12 0.05211589 
1 69 19 29 0.051879477 
925 274 16 19 0.051758975 
456 264 18 22 0.0512508 
221 228 15 17 0.05066278 
742 83 20 27 0.050077204 
151 203 24 27 0.047098286 
244 190 12 15 0.045556348 
326 207 8 10 0.04490157 
430 58 34 48 0.04421517 
679 66 13 17 0.042700853 
950 106 15 23 0.042007968 
508 242 28 33 0.04178961 
212 127 10 13 0.039705914 
246 119 7 11 0.03873535 
969 77 9 13 0.03590425 
245 125 8 10 0.034937933 
142 188 16 22 0.03468445 
280 62 9 12 0.034401603 
103 107 21 27 0.034186278 
968 64 9 10 0.03387958 
328 191 8 12 0.03366013 
67 75 14 19 0.033519022 
239 136 8 10 0.032631084 
963 89 32 47 0.03254618 
997 61 10 14 0.031898636 
336 199 8 10 0.03169632 
162 211 17 20 0.031416632 
446 77 24 34 0.031215087 
997 123 12 16 0.030298436 
203 187 13 17 0.029677486 
721 73 14 20 0.029315371 
231 119 8 11 0.02829701 
955 84 16 23 0.027722705 
239 192 14 18 0.027487028 
1004 50 20 29 0.027365705 
680 239 26 30 0.02717504 
160 194 16 20 0.027146801 
1007 203 12 14 0.02709695 
964 85 12 19 0.026991826 
908 68 11 14 0.026685024 
977 219 15 18 0.026285522 
521 247 18 23 0.026215024 
935 205 14 18 0.025696909 
278 158 12 16 0.025533812 
1001 219 10 15 0.02483189 
115 152 25 31 0.024441388 
109 170 15 21 0.024318136 
327 213 8 10 0.024258755 
332 175 10 11 0.024171907 
907 216 15 20 0.024035716 
269 148 9 12 0.023999883 
239 118 9 12 0.023582818 
147 182 17 21 0.023434311 
180 82 14 18 0.023348022 
225 235 32 41 0.023229161 
972 68 21 28 0.023168521 
224 157 9 11 0.023040472 
1003 213 12 15 0.022996029 
670 61 26 33 0.022444567 
248 148 11 14 0.022141993 
1003 128 12 17 0.022138886 
262 65 13 17 0.022022778 
46 71 18 22 0.0219876 
215 174 9 12 0.021838313 
334 168 8 10 0.021764811 
70 89 19 26 0.021733776 
3 63 16 20 0.021572981 
219 225 25 31 0.021560725 
186 89 13 17 0.021468703 
969 69 11 15 0.021414615 
586 316 18 22 0.021152375 
237 146 10 14 0.021056917 
980 101 24 34 0.020941976 
-1 77 13 23 0.020940363 
306 151 8 11 0.020856384 
326 196 9 12 0.020540945 
206 182 11 15 0.020244557 
919 69 12 14 0.020216845 
215 179 10 13 0.020041076 
198 191 14 17 0.020006893 
