2_Demonstration_Political_Rally_2_406
60
261 593 92 119 0.9990651 
624 616 132 160 0.9990441 
508 697 59 75 0.9988142 
490 580 25 33 0.99875915 
124 589 23 29 0.9976132 
559 612 37 51 0.99125516 
746 337 14 17 0.983255 
801 610 164 175 0.98162556 
138 559 23 27 0.97961825 
252 547 21 25 0.97587365 
69 553 21 26 0.93327916 
378 615 48 75 0.65093184 
165 650 25 48 0.624057 
210 629 20 23 0.5502657 
0 583 18 24 0.17666675 
13 656 54 96 0.15578945 
755 573 69 64 0.14146031 
809 360 9 11 0.1178633 
199 631 23 30 0.11431751 
327 545 16 24 0.08034398 
789 318 13 16 0.079152994 
106 662 27 44 0.06926821 
694 160 10 11 0.06775123 
69 665 16 21 0.056035332 
247 611 32 47 0.05241937 
710 613 150 167 0.049686793 
175 638 35 51 0.045920517 
812 363 9 11 0.04192853 
1012 125 10 15 0.0372339 
95 652 29 47 0.03672193 
28 584 16 18 0.036692295 
990 131 12 13 0.03482686 
13 610 24 37 0.03434062 
251 601 60 85 0.034137353 
343 588 82 114 0.03371608 
24 640 48 73 0.03256986 
10 583 14 21 0.031307448 
200 682 31 35 0.030801678 
60 657 26 34 0.030376764 
164 602 16 22 0.026831241 
771 21 58 73 0.025961695 
749 557 109 119 0.02546745 
688 160 9 10 0.02539731 
607 247 10 12 0.025141215 
905 628 112 149 0.025128108 
100 617 15 19 0.024718821 
805 389 10 12 0.02439191 
40 629 31 43 0.023868764 
792 -1 55 54 0.023500357 
67 565 18 21 0.023473877 
33 677 34 58 0.023302458 
198 632 39 58 0.02317809 
806 431 10 15 0.023173694 
676 184 27 31 0.022848092 
39 605 25 32 0.022720702 
197 627 16 22 0.022456698 
818 311 9 11 0.022221232 
796 322 12 15 0.022167975 
224 631 17 22 0.021181766 
734 358 11 13 0.020814052 
