2_Demonstration_Demonstration_Or_Protest_2_117
358
661 414 27 37 0.9991997 
15 525 26 32 0.9985405 
626 410 23 31 0.9967662 
697 448 33 47 0.9965932 
935 471 33 38 0.9963805 
607 454 32 39 0.996259 
512 436 29 37 0.9957573 
371 419 24 32 0.9945732 
437 428 27 30 0.9945437 
163 418 22 29 0.99407816 
972 432 25 30 0.992141 
912 606 34 47 0.99121827 
777 528 28 31 0.98528624 
803 458 29 32 0.9772798 
596 431 23 31 0.9750405 
281 438 23 30 0.97217137 
226 414 22 26 0.9700388 
173 385 19 24 0.96391433 
371 367 14 17 0.9445521 
129 427 21 27 0.9099654 
61 413 21 29 0.9026725 
364 347 11 14 0.89230156 
199 363 16 20 0.7866742 
992 265 17 22 0.76918143 
882 492 34 44 0.74228215 
183 340 14 19 0.7331861 
136 344 13 17 0.65336496 
435 332 10 14 0.6171377 
405 362 15 19 0.5843125 
25 414 23 27 0.5808259 
748 277 11 14 0.5345764 
182 330 16 18 0.5335712 
779 303 15 19 0.49773997 
277 335 13 16 0.49228346 
446 350 10 12 0.48678026 
835 473 29 39 0.47503883 
306 215 16 21 0.47015995 
344 331 11 15 0.44576997 
336 406 17 23 0.40976045 
490 356 11 14 0.40813804 
541 373 17 22 0.31568557 
659 263 16 18 0.31425467 
431 407 23 27 0.31191698 
496 327 10 14 0.31185248 
60 330 12 16 0.30112827 
226 358 12 15 0.2823638 
383 331 10 11 0.27831984 
420 334 9 12 0.27478117 
684 301 10 11 0.25116855 
716 372 13 19 0.24081175 
648 315 12 16 0.22855231 
102 316 9 13 0.21685603 
855 223 12 15 0.20921709 
942 222 15 21 0.20702119 
480 328 12 16 0.19971931 
757 294 10 14 0.18560308 
572 256 24 31 0.17875014 
295 347 14 18 0.16443379 
420 339 10 13 0.16169573 
3 405 15 18 0.15906753 
607 308 11 14 0.15635999 
96 309 10 14 0.15425931 
145 369 14 17 0.14820857 
666 326 12 15 0.14343508 
232 421 21 28 0.14216064 
704 351 11 14 0.14174168 
202 331 15 20 0.1328253 
531 376 15 20 0.12506558 
113 349 9 12 0.12455046 
669 311 9 12 0.123434305 
732 395 15 19 0.11572187 
981 208 13 18 0.114982024 
891 243 11 17 0.11250341 
157 350 11 15 0.10953297 
782 291 14 17 0.10779281 
117 417 14 19 0.1055387 
764 252 12 15 0.10500947 
420 269 11 13 0.09578333 
46 239 11 13 0.09496444 
815 258 10 12 0.09456453 
409 356 14 17 0.09178019 
441 351 10 12 0.08681369 
174 330 13 15 0.086812265 
680 296 11 13 0.08661817 
118 169 22 34 0.08565347 
1013 165 9 13 0.08500979 
763 345 13 18 0.08457631 
492 456 23 29 0.08376023 
939 209 22 32 0.081730105 
777 291 11 14 0.07673349 
957 173 9 12 0.074194714 
413 352 10 12 0.071407564 
931 242 12 16 0.07097957 
484 326 13 16 0.070342414 
895 263 10 14 0.07009971 
680 264 10 12 0.06999848 
708 324 11 14 0.06957737 
601 307 12 15 0.069128774 
512 307 12 15 0.069117315 
81 399 20 28 0.068989396 
533 390 24 30 0.0686578 
470 315 8 11 0.067151695 
826 277 10 13 0.06668504 
801 124 14 16 0.06637695 
72 401 22 31 0.06566786 
669 362 10 15 0.06519885 
776 286 10 13 0.06488843 
512 300 12 15 0.0643597 
645 285 9 11 0.063920066 
737 255 9 12 0.06375981 
56 321 15 21 0.06250299 
829 488 26 34 0.062231395 
788 286 11 14 0.06213747 
30 458 13 17 0.061868425 
559 246 10 13 0.06183024 
944 212 12 18 0.060907863 
151 341 9 14 0.06037198 
887 236 19 29 0.0599555 
489 319 8 11 0.059624836 
38 309 9 12 0.058168426 
843 211 12 14 0.056895867 
85 380 12 15 0.056618974 
774 284 24 29 0.056463227 
822 255 8 12 0.056101047 
399 368 15 19 0.05440698 
978 204 12 16 0.0539037 
119 385 14 20 0.053650565 
277 226 14 18 0.05282858 
834 480 19 24 0.05276111 
91 403 16 21 0.052442927 
661 271 14 17 0.05236579 
881 498 21 25 0.051672075 
230 404 15 17 0.05105593 
408 319 7 11 0.050467927 
46 402 16 19 0.04995629 
116 344 9 11 0.04954063 
118 429 22 28 0.049242757 
95 305 9 12 0.048879545 
619 232 15 22 0.048524164 
103 321 11 13 0.04821295 
766 310 11 14 0.04780463 
760 318 11 14 0.047226083 
31 447 13 20 0.047195345 
11 410 14 16 0.046648446 
866 596 14 18 0.04654029 
286 272 13 17 0.04457834 
906 596 27 41 0.04447043 
564 262 18 23 0.044389684 
671 285 9 11 0.044136267 
503 302 9 10 0.04378575 
281 338 14 18 0.043500617 
527 371 14 20 0.043416247 
144 430 16 23 0.043185282 
415 308 9 11 0.043096565 
256 290 12 16 0.04298728 
377 369 14 18 0.042856958 
81 383 10 13 0.04240174 
665 266 14 17 0.041856796 
496 442 26 33 0.041838236 
847 481 19 23 0.041810047 
231 307 11 15 0.041778006 
482 437 17 22 0.041707907 
551 246 9 12 0.040993415 
719 348 11 14 0.04095216 
571 251 18 21 0.040848054 
92 597 13 17 0.04009356 
825 283 10 12 0.03995774 
128 448 16 20 0.03975975 
792 521 27 35 0.03973985 
651 313 10 11 0.039729208 
680 325 10 13 0.039370533 
123 419 14 23 0.039359502 
421 328 10 13 0.039052416 
775 279 9 12 0.038811907 
151 348 10 14 0.038497776 
21 413 17 21 0.038435817 
1001 266 15 18 0.038423497 
594 435 37 50 0.038387425 
228 214 11 13 0.038122408 
450 348 12 15 0.037771463 
816 366 9 12 0.037555877 
151 355 12 17 0.037530843 
65 404 18 23 0.036989085 
255 324 13 18 0.036941413 
615 222 24 38 0.036571573 
162 355 12 16 0.036462173 
606 201 42 55 0.036213633 
109 432 16 21 0.03621303 
685 319 9 12 0.0352608 
846 572 39 51 0.034993507 
746 272 17 23 0.034868784 
696 435 25 30 0.034820452 
153 352 19 25 0.03467876 
739 258 12 13 0.03451019 
371 348 11 15 0.03430971 
683 355 16 19 0.034174077 
993 422 22 31 0.033971667 
93 353 11 14 0.033802662 
743 205 41 53 0.033579726 
815 299 11 16 0.033114422 
155 340 12 16 0.032958504 
648 349 11 13 0.03258078 
719 370 22 28 0.032417577 
382 188 30 36 0.032409843 
449 324 9 12 0.03225914 
465 311 9 12 0.032245815 
588 248 15 21 0.032136254 
490 326 20 24 0.03185796 
416 328 9 11 0.03175822 
901 262 11 13 0.03159923 
579 249 16 22 0.031291194 
832 489 14 20 0.031221287 
745 271 11 13 0.030699149 
661 294 10 13 0.030664958 
382 292 12 14 0.030593827 
737 398 17 22 0.030397274 
727 229 12 15 0.030190086 
432 351 10 12 0.030159194 
574 244 16 18 0.029925968 
152 336 9 13 0.029900756 
665 316 11 14 0.029868225 
211 324 13 16 0.029843641 
250 355 15 21 0.029595358 
406 337 10 14 0.029580217 
921 201 39 54 0.029545097 
346 401 18 23 0.029491395 
388 328 9 12 0.029460486 
149 377 12 17 0.029264051 
388 372 12 16 0.029253198 
751 289 19 25 0.028915392 
829 291 9 13 0.028831305 
759 259 11 14 0.028516933 
204 207 10 14 0.028485898 
843 464 28 37 0.028481347 
134 364 12 15 0.028446667 
665 283 10 13 0.028220769 
809 294 9 10 0.028028654 
678 361 15 18 0.027922658 
46 313 25 34 0.027807098 
434 397 17 19 0.027798582 
117 439 14 20 0.027688447 
273 337 21 28 0.0276396 
486 347 18 24 0.027580379 
814 294 9 12 0.027517643 
730 374 23 29 0.027479595 
854 478 36 47 0.027454492 
25 406 17 18 0.02741051 
565 253 15 18 0.02732579 
367 300 10 11 0.027317155 
842 490 19 27 0.027307313 
378 332 11 12 0.027201302 
346 337 12 16 0.026942417 
284 344 14 20 0.026922975 
640 302 8 11 0.02674847 
450 355 12 15 0.026533682 
725 347 11 13 0.026431331 
715 324 12 14 0.026276613 
416 328 17 22 0.026256274 
79 253 11 13 0.026193587 
112 352 12 17 0.026189202 
766 292 12 15 0.026183598 
93 306 18 23 0.026090063 
636 257 12 14 0.026009852 
744 550 21 29 0.025877496 
224 352 11 15 0.025735231 
27 436 22 29 0.025402546 
748 254 13 15 0.02531021 
746 346 16 19 0.025277834 
809 288 7 9 0.02524443 
35 458 15 19 0.025093913 
860 592 24 28 0.025031855 
416 273 14 16 0.024981266 
431 328 17 23 0.024784638 
587 260 16 24 0.024619052 
282 263 24 29 0.024584094 
934 218 20 30 0.024582405 
717 331 11 14 0.024576733 
815 287 9 10 0.024372684 
895 273 11 13 0.024369849 
334 394 22 29 0.024310784 
14 417 15 19 0.024208741 
28 424 24 30 0.023917533 
557 376 13 19 0.023874333 
756 286 9 13 0.023774529 
83 385 15 20 0.023676164 
527 382 16 21 0.02356764 
815 307 12 16 0.023556994 
869 515 46 58 0.02353914 
784 298 15 21 0.023477733 
660 350 11 12 0.023475464 
908 212 11 13 0.023383986 
133 353 14 19 0.023295201 
42 417 13 18 0.023231447 
100 610 17 23 0.023220837 
702 216 8 12 0.023208575 
915 165 13 15 0.023177631 
760 287 22 29 0.022970546 
684 263 9 11 0.022889145 
493 319 10 13 0.022889035 
797 285 9 11 0.02276572 
127 358 11 16 0.02273163 
4 441 14 21 0.022730136 
798 462 20 23 0.022676919 
650 355 15 17 0.022618733 
848 220 13 17 0.02258609 
660 255 15 18 0.022561079 
663 358 11 15 0.022546038 
118 362 10 15 0.022412404 
716 319 10 12 0.022357123 
860 474 14 19 0.022273792 
370 358 15 19 0.022187743 
80 282 11 17 0.022094643 
502 270 8 9 0.022091068 
765 302 22 28 0.022032704 
789 328 14 17 0.022014543 
748 334 13 14 0.021976013 
129 345 12 17 0.021967804 
528 285 12 15 0.021898858 
1 407 22 29 0.021775685 
809 259 10 13 0.021709057 
376 394 14 19 0.021684842 
901 492 15 19 0.021560442 
702 345 18 23 0.021550303 
552 252 38 47 0.02154117 
679 319 10 13 0.021500036 
674 419 26 35 0.021356266 
631 259 13 15 0.02134981 
12 419 23 30 0.02133401 
496 271 9 9 0.021313218 
19 426 22 30 0.021299765 
961 609 26 39 0.021281322 
677 295 19 23 0.021255491 
388 340 13 18 0.021192662 
927 230 19 28 0.02110817 
603 303 19 24 0.021096854 
377 341 21 27 0.0210479 
527 394 14 19 0.021021886 
509 301 19 26 0.020951547 
564 373 14 18 0.020936083 
617 204 12 16 0.020916931 
685 306 11 14 0.020734249 
776 388 13 17 0.020713093 
57 417 15 20 0.020638123 
757 268 10 14 0.020612257 
910 262 11 12 0.020604225 
732 342 13 15 0.020596212 
230 457 15 20 0.020586073 
818 293 20 28 0.020573528 
677 284 12 14 0.020519182 
90 308 11 14 0.020439873 
379 399 17 21 0.020427449 
693 355 12 16 0.020286025 
673 262 21 26 0.020228887 
101 486 13 15 0.020157663 
928 280 8 11 0.020041853 
36 407 23 29 0.020038567 
611 303 11 14 0.020036047 
102 434 14 18 0.020008719 
