2_Demonstration_Demonstration_Or_Protest_2_476
2431
623 560 28 32 0.99161035 
137 496 19 24 0.99098295 
991 592 24 33 0.99046284 
274 502 21 26 0.98786575 
692 599 35 39 0.98786235 
193 502 19 23 0.98504317 
428 366 17 22 0.9849519 
781 504 25 28 0.9845583 
192 553 22 27 0.9838133 
126 293 14 18 0.9825905 
81 343 17 21 0.98122567 
577 328 19 22 0.97986346 
333 222 13 16 0.97922266 
786 443 25 28 0.9772175 
604 333 17 23 0.9770996 
823 588 26 30 0.97260135 
749 469 24 29 0.9722758 
515 399 21 25 0.97205883 
121 359 18 22 0.9713098 
678 464 24 28 0.9703344 
947 445 26 30 0.96839404 
132 406 16 20 0.96711296 
754 578 30 32 0.9647298 
217 480 17 23 0.9627316 
627 455 24 29 0.9615455 
389 605 19 25 0.9607527 
474 283 16 19 0.9595543 
996 520 24 30 0.95886356 
875 532 27 35 0.9562434 
35 419 23 27 0.95253456 
28 223 15 17 0.94973916 
327 618 23 28 0.94916004 
740 373 24 28 0.94880146 
385 276 16 20 0.9472471 
524 467 17 22 0.94708306 
100 304 18 21 0.9440349 
235 163 16 20 0.9434419 
50 253 17 19 0.9427301 
691 377 21 25 0.940359 
274 294 19 22 0.94027036 
318 200 15 17 0.93608546 
589 386 22 26 0.93566865 
901 389 24 26 0.93443346 
267 227 14 19 0.9274657 
847 324 22 25 0.9272531 
767 403 24 27 0.9264662 
539 362 22 26 0.92524153 
643 324 21 26 0.92484146 
493 293 18 22 0.92449045 
12 251 16 20 0.92373025 
247 483 22 26 0.92341477 
801 413 23 28 0.92084277 
524 570 22 26 0.92049944 
460 427 22 28 0.92015594 
944 289 23 28 0.9175485 
173 304 18 22 0.9139358 
579 255 18 21 0.9138437 
989 373 26 29 0.91301936 
196 260 15 18 0.9102738 
439 344 19 24 0.9099421 
226 426 20 25 0.9078383 
7 330 18 22 0.90780526 
827 432 24 28 0.90595293 
91 481 19 22 0.90580916 
983 319 23 28 0.90483046 
928 402 26 29 0.9043242 
320 252 17 20 0.90361124 
530 249 17 21 0.90269107 
237 310 19 22 0.90095526 
303 610 22 27 0.9007652 
579 437 23 26 0.89666456 
730 508 24 28 0.8956086 
500 494 23 27 0.895394 
812 289 19 22 0.8947114 
880 473 22 28 0.8940996 
781 182 15 18 0.8935259 
752 263 20 23 0.8931706 
905 291 20 24 0.8912425 
620 174 14 18 0.8873337 
281 359 17 21 0.88726574 
804 221 17 20 0.8865759 
179 159 14 16 0.88076794 
63 439 20 25 0.87913114 
808 246 20 22 0.8764651 
46 380 15 18 0.8763269 
920 257 20 23 0.874461 
469 543 20 24 0.87444144 
108 427 22 24 0.873425 
516 608 20 24 0.8724611 
553 465 23 29 0.86910164 
622 300 21 25 0.8671402 
435 212 17 20 0.86642814 
443 462 19 23 0.8661923 
418 406 21 23 0.8656792 
283 405 19 23 0.86232775 
337 268 19 22 0.8598065 
425 491 23 27 0.85947937 
138 381 17 22 0.8583294 
639 429 21 25 0.8575566 
879 209 14 18 0.85499567 
46 233 14 16 0.8496133 
302 279 16 19 0.8485365 
401 170 14 18 0.84831107 
499 352 17 20 0.8481194 
468 375 15 19 0.8450343 
421 340 17 20 0.8410829 
293 246 14 17 0.8362433 
922 627 21 28 0.8330527 
111 131 14 16 0.8250292 
638 371 21 26 0.82367027 
520 299 18 21 0.81860113 
509 215 16 19 0.8170758 
912 319 23 24 0.8168727 
169 119 16 19 0.81668115 
328 334 18 20 0.8135301 
908 190 14 16 0.80625147 
992 150 19 21 0.8018593 
878 415 25 31 0.80105156 
258 74 14 17 0.8004425 
885 175 14 18 0.8002091 
262 204 13 17 0.79887855 
80 419 19 23 0.7976015 
489 650 28 31 0.7971041 
372 295 15 19 0.7957483 
701 245 14 17 0.7914456 
456 263 15 20 0.7903131 
27 356 17 21 0.7887849 
213 646 27 30 0.78860766 
887 357 22 27 0.7871396 
207 377 15 18 0.7839538 
661 215 17 21 0.7760419 
200 444 21 26 0.77311355 
213 281 13 17 0.7728818 
221 405 17 22 0.76621944 
646 74 13 16 0.7644741 
191 327 16 19 0.76445514 
733 104 13 17 0.76385087 
87 261 13 17 0.75538814 
722 147 16 19 0.7553051 
138 233 17 19 0.7534317 
562 554 22 29 0.75261676 
425 50 13 17 0.7480405 
789 101 14 16 0.7473422 
80 380 16 19 0.7468273 
575 364 19 21 0.74585885 
403 455 22 25 0.7421309 
572 501 23 25 0.7325943 
45 324 19 22 0.7314383 
825 181 15 17 0.73085445 
587 623 27 32 0.73032624 
360 247 19 22 0.72756016 
631 235 16 19 0.72721165 
733 281 19 21 0.7244934 
613 224 15 19 0.7202594 
181 404 16 20 0.7192673 
516 104 14 18 0.716499 
366 323 17 19 0.7143362 
402 225 17 19 0.7021482 
239 386 19 22 0.7011017 
732 419 25 30 0.69843525 
314 371 18 22 0.69724375 
252 344 19 20 0.6971794 
165 348 17 21 0.69549084 
503 179 13 16 0.693914 
185 428 17 22 0.6917226 
262 431 17 22 0.6910336 
360 441 21 25 0.6870983 
670 430 24 27 0.6851001 
133 155 12 16 0.6843231 
431 299 18 21 0.6835246 
927 164 14 18 0.68304336 
555 314 19 21 0.6816016 
701 145 14 17 0.68016684 
741 235 16 18 0.67675555 
112 178 13 17 0.6737947 
363 402 22 24 0.67174983 
383 188 18 20 0.67022663 
416 265 17 21 0.6640964 
143 210 14 17 0.66336477 
244 588 22 25 0.6581039 
714 96 13 17 0.6553738 
447 151 14 17 0.64443284 
94 232 15 17 0.643482 
252 189 15 17 0.6429344 
651 531 29 33 0.6412496 
382 223 17 19 0.64109033 
314 169 14 18 0.6368126 
506 332 18 20 0.63620406 
331 111 14 15 0.63475585 
275 555 25 28 0.63284916 
868 298 18 20 0.63179505 
650 496 21 24 0.6316151 
376 376 17 20 0.627595 
661 242 20 23 0.6246648 
215 221 14 18 0.62275887 
170 69 12 15 0.6226988 
629 123 13 15 0.6205265 
338 353 17 22 0.6193764 
517 196 16 19 0.6177346 
900 76 13 15 0.6105447 
690 214 16 19 0.60578144 
692 202 14 16 0.6028069 
557 227 16 19 0.6023931 
332 495 22 25 0.59914863 
169 273 14 17 0.59752417 
150 164 15 18 0.5939199 
209 139 12 15 0.5935264 
527 162 13 17 0.59244645 
540 206 17 20 0.59080064 
243 234 13 17 0.58898795 
601 82 14 17 0.5842127 
292 208 16 19 0.5805185 
229 199 14 17 0.57696337 
90 70 14 16 0.5728858 
334 178 16 19 0.5713846 
827 74 12 15 0.5655811 
140 104 13 16 0.5634857 
324 292 19 23 0.56297755 
865 237 20 23 0.5612199 
131 187 14 16 0.561089 
799 319 21 24 0.55790854 
303 341 20 22 0.5567778 
863 389 23 27 0.5543729 
675 181 12 15 0.5520371 
258 264 17 20 0.55175805 
734 206 16 19 0.5511995 
589 291 16 20 0.550218 
591 109 12 14 0.54514205 
1003 218 17 20 0.5407276 
756 150 14 15 0.53748983 
427 124 14 16 0.53654724 
905 238 18 21 0.5357782 
607 195 13 15 0.53335017 
623 52 12 15 0.5327996 
322 133 13 15 0.5295088 
398 255 16 19 0.5287762 
645 15 11 15 0.5287223 
625 198 12 14 0.5238617 
795 133 12 15 0.5140528 
552 297 17 19 0.51203823 
569 53 11 13 0.5106541 
458 235 17 21 0.506022 
301 86 14 17 0.5054631 
112 153 14 16 0.50479084 
13 220 12 16 0.5025356 
285 95 13 15 0.500876 
972 225 15 18 0.49938834 
20 271 17 19 0.49808937 
395 114 14 15 0.49789003 
846 131 13 15 0.49370468 
414 83 13 15 0.49308422 
171 185 15 18 0.4888369 
752 291 20 24 0.48510885 
440 49 12 15 0.48298007 
953 101 14 17 0.4798503 
259 195 15 18 0.4796633 
439 102 13 16 0.47905824 
137 468 21 24 0.4785364 
662 93 12 15 0.4762664 
680 156 14 16 0.47619617 
86 193 15 18 0.47087616 
188 283 17 18 0.4691852 
63 66 11 13 0.46668783 
973 89 15 19 0.4657795 
445 86 11 13 0.46343043 
431 73 12 16 0.4626644 
153 187 13 16 0.45624396 
941 190 16 20 0.45525968 
551 100 12 14 0.4526386 
482 101 13 16 0.4517043 
471 332 19 21 0.44788292 
536 116 13 15 0.44758105 
409 35 13 16 0.44743577 
454 304 16 21 0.44713384 
488 35 11 13 0.4374277 
705 551 27 32 0.43723735 
180 220 13 15 0.43701 
565 77 12 14 0.4354659 
993 242 21 27 0.4347279 
68 300 13 17 0.4347068 
671 274 15 19 0.4340244 
933 227 16 18 0.4313222 
402 433 19 22 0.42920455 
318 96 12 14 0.4284203 
270 111 12 14 0.42831 
150 309 20 24 0.42575902 
146 429 20 22 0.42182496 
293 157 16 18 0.42177695 
89 130 12 16 0.4207887 
682 93 12 14 0.41723824 
190 234 15 17 0.4152988 
491 472 23 26 0.4149659 
99 402 19 22 0.41462052 
404 60 13 16 0.40801612 
772 153 14 16 0.4012022 
501 68 13 15 0.3997975 
940 357 28 32 0.39873272 
59 214 13 16 0.39605144 
770 92 14 16 0.39280093 
44 282 17 20 0.38899842 
1002 265 17 19 0.38443235 
523 45 11 14 0.38164434 
364 174 12 14 0.3807391 
478 216 16 18 0.38067877 
73 125 12 15 0.37819526 
254 245 14 16 0.37652862 
520 285 17 18 0.37382782 
848 234 15 17 0.3737415 
254 166 13 15 0.37357482 
423 148 13 17 0.3727524 
189 78 11 12 0.3678155 
90 219 14 16 0.36733112 
835 49 14 18 0.36708835 
286 127 12 14 0.3660745 
278 571 24 28 0.36540192 
856 178 17 21 0.36534056 
90 456 18 22 0.3609452 
692 259 16 19 0.35836336 
602 161 14 17 0.35710642 
206 79 12 14 0.3551539 
366 122 13 16 0.353373 
332 435 18 22 0.35143209 
312 236 13 16 0.34679246 
333 63 15 18 0.3450075 
386 344 18 22 0.34257755 
477 181 13 16 0.3420827 
610 66 13 15 0.34147522 
812 268 17 20 0.34067193 
222 261 13 16 0.3403842 
40 203 13 15 0.33954245 
19 162 13 15 0.33936977 
402 126 12 15 0.335604 
504 43 11 14 0.3350536 
683 164 13 15 0.32755587 
480 83 11 14 0.32433942 
716 128 13 16 0.32353958 
798 66 16 17 0.32333404 
204 101 14 17 0.32253453 
560 150 13 16 0.3224452 
503 236 16 20 0.3211278 
956 179 15 18 0.32002813 
482 227 16 20 0.31948712 
606 420 20 25 0.31838864 
376 35 13 17 0.31782538 
841 265 17 20 0.3167523 
677 119 11 14 0.3157887 
388 304 17 20 0.31567904 
748 67 11 13 0.31536895 
292 30 11 14 0.31511533 
696 122 13 16 0.31507477 
770 110 14 16 0.31413248 
351 101 13 15 0.31363648 
830 235 15 17 0.313292 
341 400 18 22 0.3131769 
248 109 12 15 0.3125196 
651 42 11 14 0.31221437 
191 132 14 16 0.31101617 
944 243 18 22 0.3098616 
206 61 12 13 0.30657473 
583 140 12 14 0.3048383 
188 92 13 16 0.30214408 
641 166 11 14 0.29773158 
297 59 11 15 0.2975639 
1 488 16 21 0.29434663 
992 114 13 15 0.2924514 
899 197 14 17 0.29114342 
621 265 16 18 0.28552073 
645 60 11 14 0.28451824 
600 132 12 15 0.28183496 
361 367 18 21 0.2811825 
662 197 15 17 0.2808841 
863 219 15 18 0.27845943 
943 149 14 18 0.2771693 
231 116 14 16 0.2742084 
126 85 11 14 0.27172503 
210 242 14 16 0.27106613 
98 109 11 14 0.27106425 
368 69 11 13 0.2707029 
477 125 11 13 0.26955613 
803 157 12 15 0.26900685 
574 202 16 18 0.26885813 
688 171 13 16 0.2688121 
684 337 19 21 0.26770037 
780 250 17 20 0.2668817 
438 233 13 17 0.26654357 
945 383 27 29 0.26647943 
188 84 14 16 0.26555225 
415 91 13 18 0.2633874 
562 173 12 14 0.26160705 
908 296 24 28 0.25882232 
228 60 11 14 0.258644 
181 25 15 17 0.25717804 
579 125 12 14 0.25616294 
779 45 13 15 0.25320628 
536 186 15 16 0.25224313 
654 189 12 13 0.25106376 
683 86 13 15 0.25062162 
664 303 17 22 0.24864909 
726 33 12 16 0.24797253 
927 122 14 17 0.24773277 
139 599 17 20 0.24712297 
374 9 12 15 0.24657731 
459 75 12 14 0.24634878 
519 146 12 15 0.24626397 
695 67 11 15 0.24585807 
551 260 14 18 0.24558522 
672 115 12 15 0.2431648 
676 55 10 12 0.24186005 
57 110 12 15 0.23992066 
573 12 12 13 0.23845059 
642 213 15 17 0.23819242 
260 134 14 16 0.23770918 
596 535 25 31 0.2376478 
863 414 25 31 0.23746866 
646 141 12 15 0.2364053 
516 67 12 13 0.23619466 
651 273 16 18 0.23519999 
663 362 20 25 0.23518783 
141 72 10 12 0.2348249 
608 12 10 12 0.23466727 
455 172 15 17 0.23397398 
558 69 12 13 0.23380311 
839 201 15 18 0.23354745 
774 35 13 15 0.23249193 
746 117 13 15 0.23148149 
526 233 15 17 0.23142464 
470 126 11 14 0.22977477 
774 218 15 17 0.22803624 
958 153 14 18 0.22772124 
581 149 13 16 0.22643471 
225 69 13 15 0.22424953 
735 435 24 29 0.22348346 
130 332 14 17 0.22244152 
985 415 24 27 0.22052778 
620 22 11 13 0.22001092 
635 98 12 14 0.21954724 
181 227 14 18 0.21912745 
800 162 13 17 0.21847098 
743 458 25 32 0.21493252 
365 206 13 15 0.21466991 
195 185 15 18 0.21254283 
593 53 9 11 0.21191077 
671 111 10 13 0.21086746 
687 11 10 13 0.21059446 
583 63 12 13 0.21012342 
480 69 10 14 0.20899856 
878 142 14 16 0.2089889 
95 169 14 17 0.20821899 
595 258 16 20 0.20790549 
486 60 11 13 0.20478567 
76 83 10 13 0.20418534 
737 44 11 14 0.20393355 
73 85 9 12 0.20318389 
103 61 8 10 0.20256306 
503 165 12 14 0.20187509 
694 44 12 14 0.2017489 
868 141 12 15 0.20095706 
676 77 11 13 0.19981292 
0 523 40 55 0.19976191 
687 62 11 14 0.19938527 
520 368 18 21 0.19917318 
582 99 13 15 0.19909184 
234 282 15 17 0.19896309 
487 145 14 16 0.19733393 
991 123 13 17 0.19701222 
703 54 10 12 0.19607644 
916 267 21 27 0.19565484 
299 190 13 16 0.19551975 
120 100 11 13 0.19514501 
742 165 12 14 0.1951173 
629 5 11 12 0.19505732 
465 130 11 15 0.194199 
660 157 12 15 0.19336729 
700 46 11 12 0.19320957 
331 86 11 13 0.19312648 
607 209 13 16 0.19288483 
622 92 13 16 0.19267842 
69 305 15 19 0.19163871 
350 130 11 14 0.19143364 
6 286 15 21 0.19137934 
387 61 10 12 0.19134618 
894 123 14 17 0.19111969 
522 82 12 15 0.18953164 
65 194 14 15 0.18935126 
277 82 14 15 0.18793742 
629 30 9 13 0.18763927 
242 14 12 15 0.1876133 
56 86 10 13 0.18577121 
890 109 12 15 0.18333177 
270 153 15 16 0.18316048 
462 213 11 15 0.1830199 
203 169 16 19 0.18233484 
135 64 9 11 0.1789587 
279 45 10 12 0.17843576 
629 94 13 16 0.17808582 
844 138 14 16 0.17723379 
552 12 10 12 0.17663895 
907 414 22 29 0.17660756 
953 171 16 19 0.1751541 
343 27 13 14 0.17473581 
968 208 18 21 0.1745629 
132 263 15 18 0.17446879 
578 169 14 17 0.17435391 
485 454 25 27 0.1715189 
186 69 12 15 0.17068425 
865 227 17 20 0.17049508 
526 51 11 13 0.1689653 
168 100 11 14 0.16870107 
774 66 12 15 0.16786464 
840 147 12 16 0.1676998 
565 133 12 13 0.16755682 
975 173 13 17 0.16754971 
150 93 10 12 0.1666911 
436 70 11 14 0.16662338 
600 180 11 15 0.16651523 
968 115 13 16 0.16633262 
445 5 13 14 0.1652896 
865 467 24 30 0.16499805 
762 178 13 16 0.16473244 
535 94 12 14 0.16423126 
125 79 11 13 0.16407071 
405 519 22 26 0.16288348 
863 35 11 13 0.1618008 
137 69 9 11 0.16066289 
235 91 12 14 0.16014647 
700 118 13 15 0.15949455 
236 290 16 17 0.15936676 
95 101 13 15 0.15859446 
341 157 11 13 0.15832315 
239 140 13 14 0.15824246 
172 1 11 11 0.15816584 
10 181 12 14 0.15812051 
414 196 15 18 0.15768027 
928 76 11 13 0.15759633 
737 449 24 28 0.15646708 
762 193 14 17 0.15646164 
401 288 15 18 0.15579747 
803 641 33 36 0.15525937 
385 69 11 15 0.15519747 
693 101 12 14 0.15460819 
360 47 11 14 0.1542205 
28 181 12 14 0.15370649 
77 101 9 13 0.15351689 
560 114 13 15 0.15348186 
863 265 16 18 0.15283622 
371 203 12 15 0.1522206 
533 60 10 13 0.15184931 
345 46 11 13 0.1516856 
977 278 19 21 0.15118875 
951 67 10 14 0.15108213 
239 44 11 12 0.1503175 
309 111 12 15 0.14984126 
562 281 14 18 0.14886262 
283 78 13 15 0.14864263 
508 69 11 13 0.14821404 
16 101 9 11 0.14783606 
499 90 12 15 0.14732336 
203 158 13 15 0.1470489 
813 172 14 17 0.1469283 
345 36 12 13 0.14648505 
486 391 16 19 0.14648427 
541 147 13 16 0.14643042 
275 433 19 24 0.14599787 
780 69 11 14 0.14591467 
616 148 11 14 0.1457602 
720 52 11 14 0.1455081 
744 90 12 14 0.14545466 
74 227 13 16 0.14490943 
599 138 12 15 0.14386207 
669 188 13 15 0.14377774 
132 86 9 13 0.1436298 
591 11 10 12 0.14362237 
687 54 11 13 0.14301403 
324 68 14 16 0.14258716 
398 243 15 18 0.14184594 
1005 447 17 24 0.14139967 
181 45 11 12 0.14074354 
69 328 16 18 0.14002155 
40 164 12 15 0.13971837 
82 292 16 17 0.13938418 
894 157 13 15 0.1391854 
62 91 10 12 0.13884746 
252 39 10 11 0.13866381 
908 79 11 14 0.13796777 
75 299 15 17 0.1378895 
347 244 13 17 0.13774374 
763 155 13 16 0.13763703 
326 156 11 14 0.13745114 
702 60 11 14 0.13735838 
694 11 9 12 0.13617131 
647 55 11 13 0.1360481 
947 141 14 16 0.13583337 
399 198 13 16 0.13564599 
400 92 12 15 0.13557005 
787 232 15 19 0.1352064 
401 84 10 13 0.13458602 
612 14 11 12 0.1341399 
150 268 14 17 0.1340159 
327 77 12 15 0.13337709 
708 186 13 16 0.13337673 
273 466 23 26 0.13299583 
648 107 11 14 0.13233022 
718 171 11 15 0.13153215 
158 24 12 14 0.13149293 
152 86 10 12 0.13149284 
375 149 12 15 0.13109072 
563 71 13 14 0.13084875 
256 45 9 12 0.13051836 
844 155 12 15 0.13020495 
764 15 13 15 0.12950863 
568 6 10 12 0.12940556 
526 130 13 15 0.1289365 
805 212 16 20 0.12862702 
486 157 13 15 0.12848699 
510 125 12 16 0.12834506 
256 54 10 12 0.12795293 
859 117 11 14 0.1273492 
624 27 11 13 0.1266357 
854 172 15 19 0.12645805 
366 370 22 25 0.1263525 
767 131 12 15 0.12627682 
739 189 13 14 0.12609005 
564 142 12 13 0.12587404 
600 150 12 14 0.12546532 
805 29 12 15 0.1251691 
709 171 13 15 0.12486206 
303 114 12 14 0.12479334 
398 99 13 15 0.124624684 
303 432 16 20 0.12462121 
911 218 13 16 0.12396978 
204 187 15 19 0.12312125 
133 249 14 17 0.12224076 
316 158 13 16 0.12221415 
334 90 11 13 0.122030996 
559 219 18 20 0.121241085 
358 163 13 16 0.12046092 
494 487 22 27 0.119951084 
657 161 12 15 0.11959755 
365 131 13 16 0.11946818 
916 83 11 13 0.118470214 
134 240 16 18 0.11808735 
150 71 10 12 0.11789398 
259 92 11 14 0.11785255 
953 501 24 27 0.1175088 
660 190 13 15 0.1174891 
694 129 13 16 0.116663314 
310 126 11 13 0.11661667 
360 425 24 28 0.11626475 
816 136 10 12 0.11602789 
791 125 13 16 0.115909666 
768 543 32 35 0.11587389 
17 74 10 14 0.11536576 
126 63 9 11 0.11525112 
552 129 12 16 0.11524096 
492 197 14 17 0.114722826 
917 133 17 19 0.11463353 
272 102 12 14 0.11426487 
94 93 11 14 0.114043295 
254 59 11 13 0.11391314 
372 557 20 25 0.11385224 
533 131 12 15 0.1135546 
595 220 12 15 0.11304951 
542 76 12 14 0.112863995 
700 6 11 12 0.11238518 
866 77 14 16 0.11226814 
226 28 12 14 0.11223329 
559 179 13 15 0.11222315 
725 101 12 16 0.1122136 
685 100 12 13 0.11144409 
837 85 11 14 0.11127496 
577 355 19 22 0.11111569 
671 70 11 13 0.1107795 
877 164 11 15 0.109745786 
24 179 11 14 0.109611765 
787 19 14 17 0.10926262 
445 196 14 17 0.10915193 
779 38 12 16 0.10904901 
878 57 13 15 0.10894198 
232 277 13 15 0.10887649 
816 140 12 15 0.10845053 
278 93 13 16 0.10834851 
646 268 16 19 0.1081737 
628 150 11 14 0.1076446 
158 293 14 16 0.10747588 
877 197 14 16 0.107295625 
641 205 14 16 0.107134 
433 313 16 20 0.106780246 
738 221 15 17 0.10522041 
239 51 11 14 0.10473821 
557 187 13 17 0.104719274 
302 135 11 14 0.104346775 
660 88 11 14 0.10422833 
450 117 14 16 0.10421774 
471 152 13 16 0.10413285 
293 149 14 15 0.10393593 
577 209 15 18 0.10381001 
229 54 11 13 0.103685685 
835 36 13 15 0.1031827 
231 101 11 13 0.10303395 
261 47 9 10 0.10301006 
614 157 13 16 0.10293104 
577 196 14 16 0.102739416 
619 165 14 16 0.10216067 
427 35 13 15 0.10195491 
871 289 20 24 0.10167979 
398 79 12 14 0.10148074 
112 108 11 14 0.10143258 
125 91 12 14 0.10134424 
799 33 13 16 0.10122361 
341 132 12 15 0.100974955 
210 170 15 19 0.100526914 
185 640 23 27 0.10035442 
595 376 23 26 0.10032914 
78 150 11 14 0.10008243 
712 125 12 15 0.09997756 
415 180 13 16 0.099699505 
757 143 13 15 0.099537626 
71 276 14 17 0.099529825 
12 175 12 14 0.09949875 
599 89 13 16 0.09936092 
997 254 21 25 0.099219084 
680 555 25 32 0.09905981 
67 64 11 13 0.0989971 
891 226 16 19 0.09868116 
202 111 15 17 0.098440625 
247 103 11 14 0.0983976 
585 75 11 13 0.09821217 
773 18 14 17 0.09820547 
273 172 13 16 0.09791108 
317 67 13 16 0.097830065 
446 123 13 15 0.097377695 
815 43 13 16 0.09729266 
315 60 13 16 0.09699177 
751 43 14 17 0.0968061 
190 371 14 18 0.096598715 
193 124 14 16 0.09655032 
147 100 12 15 0.096430376 
678 11 11 15 0.096276194 
141 0 13 17 0.09626462 
644 94 11 13 0.09625819 
200 44 11 14 0.0961535 
587 69 12 14 0.09581729 
853 167 12 14 0.095277354 
702 171 12 15 0.09519425 
269 139 13 14 0.095168896 
172 63 13 16 0.095048964 
69 146 12 15 0.09478566 
740 180 13 14 0.09475209 
427 28 12 15 0.09474288 
21 173 13 15 0.094691396 
541 85 11 13 0.09398713 
582 37 12 15 0.09374417 
588 135 12 15 0.09368041 
833 241 15 18 0.09310175 
364 229 12 15 0.09300452 
154 159 15 18 0.09294477 
323 100 12 14 0.09259663 
366 62 11 14 0.09252318 
412 234 14 17 0.09247763 
640 18 11 14 0.09187708 
701 12 10 12 0.09182808 
954 162 15 20 0.09125986 
264 38 10 11 0.09123902 
831 30 12 15 0.090954095 
493 422 22 26 0.090839356 
891 411 25 32 0.09072966 
919 100 13 15 0.09050674 
614 143 11 13 0.09045594 
580 178 14 17 0.090117425 
1003 98 12 16 0.08996756 
480 130 12 13 0.089766145 
898 56 14 17 0.08969924 
362 414 19 21 0.0896942 
915 59 13 15 0.089572884 
286 71 10 12 0.089393064 
504 249 16 18 0.089114286 
148 576 22 26 0.08892902 
871 91 12 14 0.08878707 
413 187 15 16 0.08869476 
190 117 11 14 0.08858258 
290 132 13 15 0.08849552 
622 139 13 15 0.08843085 
336 138 11 14 0.08839903 
645 101 12 15 0.08829971 
503 51 11 13 0.08828223 
596 117 11 14 0.08756715 
417 251 15 19 0.08745709 
238 59 11 13 0.08745083 
733 12 11 12 0.08728297 
654 194 13 15 0.087156095 
102 77 10 12 0.087008886 
709 86 12 14 0.08676044 
579 187 14 16 0.0867372 
22 117 13 15 0.08673419 
337 471 21 26 0.08665463 
853 461 24 31 0.0866298 
242 146 14 16 0.08647869 
183 62 12 14 0.08641255 
447 142 12 14 0.08634877 
597 101 11 13 0.08622246 
916 108 13 15 0.08614962 
572 391 17 21 0.086130366 
612 115 13 16 0.08601587 
864 146 12 15 0.08585642 
597 246 16 20 0.08549595 
39 142 13 14 0.08511483 
417 243 16 19 0.085078724 
872 396 18 23 0.0846572 
394 342 16 20 0.08462715 
403 467 18 23 0.08460237 
914 41 15 17 0.08441065 
589 204 12 16 0.08429239 
482 76 13 15 0.084013015 
869 157 13 16 0.08396908 
205 66 11 14 0.08369415 
284 433 20 24 0.083684534 
975 267 18 19 0.083385065 
887 90 12 14 0.08331271 
636 442 24 31 0.08322298 
317 45 12 13 0.08304592 
739 196 14 15 0.08285326 
617 280 17 19 0.08278206 
459 82 14 16 0.08272994 
61 204 13 17 0.0826236 
247 37 11 13 0.08247473 
292 92 12 16 0.08243989 
296 84 13 17 0.08236257 
870 84 13 15 0.081963144 
205 54 12 15 0.081947856 
603 127 13 15 0.08187434 
338 115 13 16 0.08153078 
360 178 13 16 0.08148274 
660 37 12 15 0.081330575 
222 346 14 17 0.081305705 
117 70 11 13 0.08090622 
831 82 12 15 0.08071296 
249 115 13 15 0.08060694 
232 87 11 13 0.08059381 
534 431 21 26 0.080541536 
689 46 11 12 0.0805327 
472 119 11 13 0.08040459 
692 167 12 16 0.0794463 
233 110 13 15 0.079324454 
485 441 21 28 0.07921174 
155 613 14 20 0.07918995 
561 29 10 13 0.07900761 
314 108 12 14 0.07849665 
471 68 11 14 0.07848894 
895 319 23 26 0.078449704 
891 115 14 16 0.078448914 
262 323 15 20 0.07841868 
357 186 13 16 0.078328356 
230 37 11 13 0.078327745 
563 165 13 17 0.07817752 
399 234 15 18 0.07813972 
688 108 12 13 0.07802466 
705 249 15 18 0.077989615 
484 286 19 24 0.07795963 
250 237 14 17 0.07787617 
396 150 12 15 0.07743244 
907 274 16 18 0.07734234 
699 196 13 16 0.077096656 
484 125 11 13 0.077084124 
174 319 14 19 0.07708362 
73 322 16 19 0.0770182 
314 230 14 17 0.07700375 
278 441 22 25 0.07691329 
310 132 10 13 0.076907165 
150 77 11 14 0.076671824 
894 83 13 17 0.07666932 
470 51 11 14 0.07655092 
88 92 10 13 0.07651118 
383 86 12 15 0.07609368 
758 160 15 16 0.0760476 
26 91 11 15 0.076020606 
695 251 15 19 0.07599688 
311 337 20 25 0.07583298 
586 236 14 17 0.07507727 
673 60 11 13 0.075032055 
815 28 11 13 0.074932374 
568 101 11 13 0.07486106 
144 85 9 12 0.074805394 
360 211 13 16 0.074770205 
372 107 13 15 0.07473485 
533 67 12 14 0.074705616 
267 119 14 17 0.07442372 
556 7 10 12 0.07440214 
525 556 25 29 0.07426475 
228 337 15 18 0.07420169 
411 172 13 15 0.07412916 
490 30 12 14 0.07412861 
201 68 10 13 0.07373728 
133 13 14 17 0.07365008 
868 305 22 27 0.07360235 
805 206 15 17 0.07347328 
661 149 13 15 0.073232196 
572 48 11 12 0.07307815 
884 315 24 28 0.07306622 
93 64 11 13 0.07304928 
457 70 11 15 0.07280669 
714 259 14 18 0.07277535 
85 633 26 31 0.07262155 
676 444 28 36 0.07249223 
332 29 11 13 0.072440796 
627 129 13 16 0.072399534 
678 424 26 29 0.0723017 
157 220 14 18 0.07228984 
137 129 12 16 0.07220574 
411 69 11 13 0.07216015 
228 267 14 16 0.07213272 
742 173 11 14 0.07205238 
223 47 11 12 0.07192908 
86 213 14 17 0.07179467 
177 13 10 13 0.07119587 
642 171 13 15 0.07100445 
198 84 10 13 0.070506185 
895 397 28 35 0.07038789 
219 315 14 18 0.07016567 
802 75 13 17 0.06995786 
205 304 15 18 0.069923066 
181 149 15 18 0.06981126 
640 76 12 15 0.06976851 
102 85 11 13 0.0697683 
325 414 16 19 0.06972029 
150 63 10 11 0.06969994 
168 107 12 16 0.06960009 
73 313 16 18 0.0694526 
488 43 12 14 0.06944872 
120 62 10 12 0.06937125 
867 438 22 28 0.069273315 
769 60 11 14 0.06918771 
79 205 12 15 0.06908486 
567 58 11 13 0.06902695 
46 62 10 11 0.068859555 
836 250 15 17 0.068714224 
832 227 16 19 0.06863375 
265 30 10 11 0.06853065 
363 219 13 16 0.06848437 
98 221 13 15 0.06833573 
600 368 23 26 0.068301216 
453 29 11 14 0.06829536 
224 53 11 13 0.06814863 
441 93 12 15 0.06806689 
318 128 13 16 0.067962326 
139 123 14 17 0.06794663 
719 13 10 12 0.0679184 
698 264 16 20 0.06783255 
529 14 9 11 0.06776685 
118 21 9 11 0.0677403 
584 23 9 12 0.06770636 
308 91 14 16 0.06767574 
287 249 14 18 0.06752027 
564 126 11 13 0.06736995 
224 3 11 12 0.06727666 
341 150 13 15 0.06717392 
83 199 16 18 0.06704458 
910 52 14 16 0.066935636 
445 67 11 14 0.0667907 
271 55 10 11 0.06678361 
371 116 13 16 0.06661888 
585 106 12 15 0.06659625 
773 144 12 14 0.06653847 
68 220 12 16 0.066493094 
396 436 18 22 0.06627168 
820 12 14 16 0.066173546 
181 37 13 15 0.06609419 
131 324 15 18 0.06602855 
820 155 13 14 0.065830775 
854 27 13 15 0.06578832 
116 106 12 15 0.06572303 
279 584 23 27 0.065692544 
27 164 11 13 0.065660134 
507 222 16 20 0.06564627 
146 218 14 17 0.06560442 
555 95 12 14 0.065342344 
931 71 13 16 0.06526588 
93 48 10 12 0.06522664 
668 157 11 14 0.065157 
371 211 13 16 0.065129116 
272 84 11 14 0.06501365 
183 87 11 14 0.064954825 
327 55 10 12 0.06454878 
941 84 13 17 0.06452441 
263 124 14 16 0.06444445 
718 179 12 16 0.06431316 
559 23 9 11 0.06405414 
774 50 12 16 0.06391455 
914 212 13 15 0.063910596 
312 99 12 15 0.06390602 
349 78 11 13 0.063881405 
844 277 17 21 0.0638714 
392 110 12 15 0.06386532 
199 165 14 16 0.063655995 
198 298 13 18 0.063635245 
475 148 13 17 0.06332102 
911 403 23 29 0.06310949 
258 542 17 21 0.06300071 
275 141 12 14 0.06286363 
510 113 13 17 0.06283971 
174 95 10 14 0.06275693 
350 188 13 16 0.06256364 
706 141 13 17 0.06240674 
200 51 11 15 0.06223632 
331 35 11 14 0.062153105 
931 210 16 18 0.062071383 
558 132 12 13 0.062045515 
822 360 21 29 0.06201143 
205 390 16 21 0.061966747 
122 84 10 14 0.0616088 
437 170 13 15 0.06155468 
672 13 11 13 0.061553776 
612 7 10 12 0.06151041 
141 114 14 17 0.061463747 
94 177 14 17 0.06141024 
158 211 14 17 0.061265286 
98 242 15 17 0.061183423 
356 92 12 15 0.061172385 
143 292 13 15 0.06100041 
291 99 12 14 0.060970668 
316 616 22 29 0.060968176 
192 180 13 17 0.06093837 
453 163 15 17 0.06092679 
679 142 12 14 0.060905296 
875 400 25 33 0.06090388 
99 70 11 13 0.06079578 
326 37 11 12 0.06070173 
349 93 13 16 0.0606673 
744 64 12 14 0.0606294 
778 227 17 18 0.06047087 
837 78 12 14 0.060462777 
668 415 24 28 0.06036309 
189 334 17 22 0.06033058 
145 92 10 13 0.060244627 
295 109 11 13 0.060096778 
308 363 19 22 0.059993822 
796 421 26 32 0.059962247 
44 427 24 28 0.05969175 
485 473 17 22 0.05967758 
520 52 11 12 0.059671823 
779 259 20 26 0.059659727 
691 179 12 14 0.05956253 
485 3 10 13 0.059513606 
581 12 10 13 0.059467997 
120 77 10 12 0.0594544 
453 83 13 17 0.059427425 
746 84 13 16 0.059403174 
567 22 9 11 0.059391912 
660 29 11 13 0.059154257 
640 199 10 13 0.059048798 
651 51 12 16 0.05895035 
630 60 10 13 0.058819514 
803 84 13 15 0.05873156 
147 230 14 18 0.05869229 
773 173 13 16 0.058661573 
855 77 12 15 0.05834115 
808 92 11 14 0.05828779 
212 55 11 13 0.058219742 
37 208 14 17 0.05818904 
733 60 10 14 0.057982776 
176 28 11 14 0.057956617 
921 280 17 23 0.057901293 
204 95 13 15 0.057788912 
451 4 11 13 0.057751093 
129 354 17 22 0.057656873 
80 62 9 12 0.05760277 
956 118 12 15 0.05752362 
452 183 15 18 0.057507075 
185 162 14 16 0.05744093 
227 22 11 13 0.057344623 
239 77 12 14 0.0573102 
141 63 10 11 0.05727059 
68 203 13 16 0.05722954 
502 125 12 16 0.057131767 
815 422 23 26 0.056999207 
479 92 13 16 0.056939874 
261 420 15 19 0.056871653 
818 164 14 16 0.056816217 
285 120 13 14 0.056792527 
406 20 12 14 0.056782775 
442 302 19 24 0.05672135 
607 220 14 18 0.0566451 
827 116 14 17 0.056631885 
445 37 10 13 0.056605857 
525 318 14 19 0.056592822 
624 133 12 15 0.056523297 
342 126 12 15 0.056477178 
333 479 22 26 0.05643199 
881 216 16 19 0.056413703 
293 141 13 15 0.056401003 
600 170 13 17 0.05618535 
629 212 12 14 0.05597158 
531 158 13 16 0.055926748 
760 18 11 15 0.055872142 
421 172 11 13 0.055847626 
460 91 11 14 0.05550605 
261 220 14 17 0.05550554 
222 34 12 15 0.055360556 
948 276 16 18 0.05535246 
614 37 11 14 0.05528128 
83 150 13 15 0.05497783 
446 188 15 17 0.05496656 
76 178 11 14 0.054954994 
915 610 23 28 0.054818902 
572 492 20 22 0.05475749 
304 125 11 13 0.054706603 
550 105 13 16 0.05469065 
313 68 10 14 0.0546519 
721 228 13 17 0.054567385 
695 140 13 16 0.054471213 
589 211 13 17 0.054360732 
754 51 14 16 0.05435697 
934 82 13 17 0.054155603 
346 19 13 16 0.05411196 
726 59 12 14 0.054066572 
357 138 12 15 0.054041263 
707 60 11 13 0.05402045 
159 309 20 25 0.053999424 
423 129 14 16 0.053982843 
666 101 12 14 0.0539425 
630 35 11 13 0.05392371 
218 170 15 19 0.0538205 
390 256 16 20 0.053726822 
982 129 13 16 0.053719837 
231 234 13 17 0.05358089 
363 185 14 16 0.053521562 
764 138 12 15 0.05346314 
848 162 11 15 0.053406682 
93 155 13 16 0.05329501 
310 141 11 13 0.05327907 
576 142 10 13 0.05314547 
192 291 16 17 0.052792553 
731 38 13 14 0.05276352 
405 261 19 24 0.052760158 
519 93 11 14 0.052748483 
37 156 14 16 0.05256531 
477 639 26 31 0.052512206 
55 80 9 12 0.052448362 
469 37 11 13 0.05222551 
334 122 13 17 0.052118137 
568 91 10 14 0.05210186 
805 170 14 16 0.0520755 
511 63 11 13 0.05196169 
619 329 15 19 0.051937897 
320 37 10 12 0.05193328 
564 109 13 15 0.051837027 
882 429 27 31 0.051743317 
725 5 12 14 0.05172212 
323 93 12 15 0.05169738 
703 181 12 16 0.051676374 
278 51 10 13 0.051590424 
494 14 11 13 0.05155517 
175 52 11 14 0.051542427 
523 141 12 15 0.051433578 
6 410 22 30 0.051419068 
805 189 13 15 0.051399436 
799 82 12 14 0.05139876 
827 193 14 17 0.05132505 
824 106 13 17 0.05128733 
782 74 12 15 0.05125085 
184 140 14 16 0.05123373 
750 155 14 16 0.051113583 
937 233 16 19 0.051112443 
725 165 12 15 0.051081542 
820 29 12 14 0.05106709 
201 59 12 15 0.051040597 
560 34 10 14 0.050998393 
311 147 12 14 0.050990302 
566 1 9 9 0.050982688 
181 52 11 13 0.05093697 
273 92 11 14 0.050931178 
651 14 11 14 0.050902046 
445 131 13 15 0.05084739 
770 124 14 17 0.050832655 
748 12 11 14 0.05082578 
675 111 12 14 0.05053592 
88 64 9 11 0.050443258 
819 35 13 16 0.050363928 
257 250 15 17 0.0503194 
526 67 12 14 0.05027523 
343 13 11 16 0.050120138 
575 340 21 25 0.050108317 
392 154 12 15 0.050099336 
579 268 16 21 0.050035596 
591 47 11 13 0.049993746 
151 141 12 14 0.04994033 
812 186 13 15 0.04992715 
377 291 16 19 0.04984142 
211 313 16 20 0.049828414 
422 164 12 15 0.04980053 
135 4 14 16 0.04973324 
813 91 11 14 0.04972482 
573 59 11 14 0.049562175 
645 198 11 14 0.04952134 
531 171 14 16 0.049468078 
156 77 11 14 0.049393132 
832 90 11 14 0.049330365 
116 260 14 19 0.04929452 
957 226 14 18 0.049280327 
127 69 10 12 0.049276326 
693 52 11 13 0.049233217 
926 211 13 15 0.04912329 
819 211 14 16 0.04903873 
652 20 11 12 0.049022336 
724 235 13 18 0.049013793 
708 118 11 12 0.048953813 
672 121 12 16 0.048868656 
125 46 9 11 0.04879651 
824 233 13 18 0.048751526 
277 550 16 21 0.048703197 
141 315 15 19 0.04858402 
329 277 22 25 0.04854822 
414 166 11 14 0.048513506 
549 197 14 17 0.048430078 
619 223 12 16 0.048415482 
469 13 11 13 0.04837556 
582 28 11 14 0.048247863 
348 84 12 15 0.04824062 
301 270 15 19 0.048229404 
722 132 14 16 0.048210494 
818 173 16 18 0.04815904 
198 77 11 15 0.048152767 
634 118 13 16 0.048141513 
426 139 14 16 0.048106976 
544 8 9 11 0.048024897 
631 68 12 14 0.04799288 
548 148 12 16 0.047979172 
302 101 10 14 0.047975678 
242 134 13 16 0.047952488 
228 140 14 16 0.047929417 
229 190 14 17 0.047867354 
245 44 11 13 0.04784098 
237 299 16 19 0.047775924 
425 118 12 16 0.04774789 
374 165 11 13 0.047707733 
184 417 20 25 0.047679175 
913 283 20 27 0.047633123 
630 10 10 13 0.04762878 
727 12 10 13 0.047381926 
108 85 10 13 0.04736538 
44 464 20 27 0.04735114 
477 203 15 17 0.04733698 
471 100 12 15 0.047318667 
188 110 13 16 0.047291145 
270 47 10 10 0.04728613 
269 61 11 13 0.047208518 
444 390 16 20 0.04718968 
240 69 10 12 0.047175426 
202 178 16 19 0.047156777 
231 46 10 12 0.047103234 
468 76 12 15 0.047082808 
596 205 12 15 0.04707488 
723 170 12 15 0.0469697 
659 268 14 20 0.046905223 
818 19 14 16 0.04682703 
576 148 12 15 0.04669184 
411 312 16 21 0.04666901 
139 150 12 15 0.046660133 
383 232 15 19 0.04662641 
891 241 15 19 0.046491913 
844 190 14 17 0.046478227 
958 64 10 12 0.04642076 
168 2 11 14 0.04640013 
638 68 12 15 0.04639901 
276 187 14 17 0.046373 
677 175 13 15 0.046360336 
476 46 12 14 0.046334572 
93 86 12 14 0.046324186 
43 293 17 20 0.0462513 
886 124 13 16 0.04617155 
655 86 11 13 0.046164848 
288 4 10 12 0.046159707 
820 53 13 16 0.046131164 
55 126 13 16 0.04599177 
932 284 23 30 0.045922548 
179 249 14 17 0.045909513 
652 299 16 20 0.045803607 
653 148 12 15 0.045703314 
78 106 11 14 0.04565005 
20 72 9 12 0.045582127 
459 166 13 17 0.045523424 
701 26 13 15 0.045502346 
333 157 11 14 0.045437135 
857 493 23 30 0.04531397 
54 104 10 12 0.045305334 
112 70 10 13 0.045278832 
573 216 13 18 0.04523148 
330 507 21 27 0.045200907 
256 5 10 13 0.045159385 
138 260 15 19 0.045135252 
551 19 11 13 0.0451311 
260 62 13 14 0.045014873 
440 3 12 15 0.045009654 
522 102 13 16 0.044998314 
570 84 12 15 0.04496982 
265 273 15 18 0.04495786 
425 22 11 14 0.044919427 
14 274 14 18 0.044908136 
326 60 14 17 0.04484498 
7 115 10 14 0.044772957 
655 202 13 16 0.044745367 
903 99 11 14 0.044728763 
100 362 15 19 0.044655476 
128 183 13 16 0.04458718 
167 141 13 16 0.04455148 
734 124 12 15 0.044535473 
220 155 14 17 0.044427183 
950 135 13 15 0.044220366 
846 27 12 16 0.04415057 
278 0 9 11 0.04414608 
931 157 16 20 0.04406635 
894 150 14 15 0.04401078 
266 76 13 16 0.043986637 
516 126 11 14 0.04398023 
314 116 13 14 0.043860972 
13 86 10 12 0.04378216 
157 203 14 17 0.043743048 
193 137 14 17 0.043738425 
694 27 11 14 0.043566927 
504 1 10 10 0.043554395 
902 90 12 15 0.043481134 
494 125 10 13 0.043479703 
13 93 10 14 0.04346221 
176 45 10 13 0.04344241 
343 79 11 14 0.043377846 
604 100 11 13 0.043365326 
484 201 14 17 0.04333986 
511 76 10 14 0.043301336 
302 305 16 19 0.043252088 
822 204 13 16 0.04319883 
686 347 23 26 0.043195464 
518 170 12 16 0.04314314 
493 53 9 13 0.043128762 
247 32 11 12 0.043121267 
670 176 12 14 0.043099266 
139 346 16 21 0.043098487 
815 85 11 14 0.043089602 
329 406 21 24 0.042987477 
464 3 10 13 0.042972337 
167 50 11 14 0.042966295 
135 76 10 13 0.0429581 
259 99 13 15 0.042956524 
889 260 16 18 0.042925 
862 454 23 28 0.042873196 
807 99 12 15 0.042817846 
580 118 14 15 0.042806808 
252 101 13 15 0.042804085 
807 140 10 13 0.04280242 
384 242 12 15 0.042753726 
444 242 14 17 0.042732026 
490 431 18 22 0.04272183 
317 149 12 15 0.042587735 
371 172 12 14 0.042583156 
923 95 14 16 0.04252433 
719 69 11 14 0.04245875 
977 96 15 18 0.04239367 
598 62 10 12 0.042389985 
54 180 11 15 0.042365253 
90 289 15 18 0.042357083 
286 139 13 16 0.04229248 
268 38 10 11 0.04226427 
7 278 12 16 0.04218486 
182 116 12 16 0.042181645 
132 347 16 20 0.04216297 
168 180 14 18 0.042158965 
256 138 13 15 0.04215719 
612 492 24 29 0.042141635 
90 138 14 16 0.04211523 
723 181 12 15 0.042110894 
400 67 12 14 0.042089116 
742 12 12 13 0.042068947 
247 61 10 13 0.041993916 
28 194 12 15 0.04193235 
323 383 15 20 0.041916676 
260 0 10 10 0.04178288 
391 280 19 24 0.041628487 
818 148 13 15 0.04159672 
522 41 10 12 0.0415961 
603 141 12 14 0.04156072 
478 258 14 17 0.041544016 
534 75 11 14 0.04152329 
123 576 15 19 0.04151448 
575 155 13 16 0.041510493 
725 188 13 16 0.041482385 
880 171 13 16 0.041442644 
75 119 13 15 0.041360777 
955 131 12 16 0.041288763 
563 548 17 22 0.041259255 
486 117 11 13 0.041243404 
67 211 12 15 0.041231684 
70 179 12 14 0.041108336 
70 92 9 12 0.041090272 
941 272 16 19 0.041022956 
382 350 17 22 0.041015662 
480 139 12 16 0.041015547 
117 15 9 12 0.040937416 
669 141 12 14 0.04087742 
110 114 14 17 0.040868606 
49 104 9 11 0.040865503 
216 36 11 14 0.04083732 
245 78 10 14 0.040817086 
649 133 14 16 0.04076488 
6 354 14 20 0.04071791 
442 201 15 19 0.04069993 
694 189 12 15 0.04069445 
372 74 12 14 0.040665 
877 439 23 30 0.040619463 
718 235 13 17 0.040583234 
111 160 15 17 0.04056087 
94 302 16 19 0.0404673 
405 139 13 15 0.040427648 
24 187 13 18 0.04039896 
499 141 11 15 0.040359832 
277 454 24 28 0.040320408 
1002 188 16 18 0.04029239 
858 506 25 30 0.04025114 
877 65 14 17 0.040207993 
279 133 12 14 0.040192436 
612 123 12 14 0.040172487 
294 116 11 14 0.040171824 
381 166 11 13 0.040087674 
520 164 13 16 0.04007164 
126 202 13 16 0.040032145 
119 45 11 12 0.040029105 
468 212 13 17 0.039989308 
101 260 12 15 0.03998708 
639 146 12 16 0.03997838 
324 162 12 16 0.039955653 
597 213 12 14 0.03994138 
443 291 14 18 0.03989419 
29 88 11 13 0.039872114 
377 5 13 15 0.039857585 
179 240 15 19 0.039826076 
221 397 15 18 0.039794795 
702 111 12 14 0.03973048 
980 305 38 52 0.03970761 
910 103 11 14 0.039682098 
381 101 12 16 0.039669946 
229 15 10 12 0.039667185 
478 164 13 17 0.039602336 
885 156 12 15 0.039601278 
88 55 9 10 0.039520673 
655 276 21 24 0.039435957 
670 133 12 15 0.03935556 
42 170 13 15 0.039352372 
484 495 16 21 0.03935047 
508 534 22 29 0.0393449 
882 456 29 35 0.039334483 
781 84 12 14 0.03927118 
955 140 11 15 0.03925404 
707 193 13 17 0.039250612 
256 13 9 13 0.039238945 
469 140 13 15 0.039187323 
509 1 10 10 0.03917076 
649 503 27 31 0.039151568 
752 29 11 13 0.03914861 
183 97 12 16 0.039147556 
373 180 12 16 0.039141048 
582 6 11 13 0.039059903 
637 5 10 11 0.039040215 
856 111 11 14 0.03903824 
622 231 18 22 0.03899329 
648 283 22 26 0.038962547 
517 278 15 19 0.03883787 
623 36 11 14 0.03883721 
822 316 15 19 0.038816717 
536 140 11 14 0.038574573 
493 286 16 19 0.038507976 
512 85 10 13 0.038442444 
124 53 10 12 0.038439903 
227 394 15 19 0.038429458 
517 130 13 16 0.03840294 
573 18 11 13 0.038391788 
294 227 12 15 0.038308788 
503 213 15 18 0.038231093 
444 60 13 16 0.03814508 
447 30 11 13 0.038140513 
176 38 11 13 0.0381404 
261 5 11 13 0.038132846 
535 31 9 12 0.03800834 
908 225 15 18 0.037968624 
326 188 13 16 0.037951585 
735 50 12 15 0.037867595 
315 245 16 19 0.037867315 
898 9 14 16 0.037865143 
334 393 21 25 0.037793394 
274 115 13 16 0.037774973 
83 304 15 19 0.03774969 
259 170 11 14 0.037744716 
664 13 8 12 0.0376403 
198 376 14 19 0.037610225 
367 437 18 21 0.03758661 
197 149 13 14 0.037517905 
323 172 12 15 0.03749512 
830 220 15 17 0.037447892 
191 173 14 16 0.037402555 
511 203 19 23 0.03733335 
664 69 10 13 0.037328705 
780 26 13 16 0.037323616 
91 250 15 18 0.03730453 
762 202 14 17 0.037290774 
587 244 15 18 0.037288938 
517 180 13 16 0.0372548 
398 20 11 14 0.037215758 
973 305 16 21 0.037214898 
937 250 21 25 0.037212186 
165 451 14 19 0.03720703 
435 129 13 16 0.03716441 
759 556 32 37 0.03708858 
293 196 19 23 0.037057053 
583 540 22 29 0.037006535 
103 140 11 15 0.036992207 
462 62 11 14 0.03698903 
689 197 13 16 0.03698785 
59 225 14 17 0.03698402 
390 164 12 15 0.0369482 
319 31 10 12 0.036948096 
88 512 22 27 0.03688616 
724 66 13 16 0.03687443 
538 175 13 16 0.03683565 
863 247 16 20 0.036832426 
60 124 13 15 0.03675834 
964 63 10 11 0.036725342 
157 70 10 12 0.03670612 
988 179 13 15 0.03666463 
587 263 15 19 0.036627244 
300 596 25 30 0.0365021 
187 145 14 17 0.036464922 
72 108 9 12 0.036392666 
783 123 11 15 0.036319833 
470 82 11 15 0.036297854 
830 56 15 19 0.03626951 
574 69 10 13 0.036241297 
853 201 14 19 0.036232207 
253 31 11 12 0.036199246 
749 75 12 15 0.036109008 
198 12 11 14 0.036103614 
245 68 10 13 0.036080394 
279 13 10 13 0.03607167 
550 188 13 16 0.036061443 
582 84 12 15 0.035993308 
623 105 12 15 0.03593693 
101 148 10 14 0.035933204 
938 208 16 19 0.035915304 
141 56 11 12 0.03588392 
823 122 13 16 0.03587726 
848 451 24 29 0.0358661 
121 536 22 26 0.03581953 
264 109 12 15 0.035677213 
876 85 12 15 0.035656348 
621 15 11 12 0.03564826 
666 148 13 15 0.03564526 
869 212 14 18 0.03563985 
859 408 18 22 0.035630897 
630 221 12 15 0.035599165 
367 30 12 14 0.035503488 
842 207 15 18 0.035498396 
588 228 14 16 0.03538593 
510 53 10 12 0.035372414 
94 149 12 15 0.03536536 
223 84 11 14 0.035312437 
622 117 12 15 0.03530929 
309 77 11 13 0.035280645 
75 282 15 17 0.03522053 
935 90 12 16 0.03519612 
251 228 12 16 0.035150476 
503 358 17 19 0.035136487 
89 234 13 16 0.035115898 
352 139 11 15 0.035089474 
598 12 9 12 0.03507406 
806 150 11 15 0.035053656 
869 59 15 17 0.035029802 
685 117 12 15 0.035020586 
286 207 14 18 0.0350183 
261 317 13 16 0.034961965 
749 449 26 32 0.034928367 
132 316 14 17 0.034898642 
748 172 13 16 0.03488822 
72 53 10 11 0.034881208 
127 260 13 19 0.034866925 
46 182 12 15 0.03485664 
740 49 13 15 0.0348352 
727 22 11 14 0.034784146 
349 149 12 14 0.03477605 
62 293 15 19 0.03473868 
270 165 14 16 0.03473589 
101 204 12 15 0.03471935 
534 14 9 11 0.034715064 
557 214 14 17 0.0346966 
901 267 15 20 0.03469034 
769 86 12 15 0.034614366 
126 39 10 12 0.034604248 
455 245 21 25 0.0345938 
164 16 11 12 0.034586113 
439 36 11 14 0.034577142 
406 440 18 22 0.03451684 
875 100 12 15 0.03447155 
684 325 17 18 0.034443922 
278 206 12 14 0.034435086 
844 76 13 16 0.034429554 
920 460 23 29 0.03439664 
100 212 12 15 0.03439277 
858 427 23 29 0.03439184 
97 462 18 21 0.034369607 
794 20 14 17 0.03433367 
389 565 13 19 0.034311645 
887 248 15 19 0.034311216 
639 218 13 16 0.03430058 
246 54 9 12 0.03430001 
337 212 14 17 0.034284126 
358 69 11 14 0.03412718 
76 45 11 13 0.03412513 
6 313 14 17 0.034123752 
976 64 10 12 0.03412324 
540 196 15 17 0.03411223 
806 21 13 17 0.034061998 
223 16 11 12 0.034029208 
215 16 10 12 0.033970166 
591 441 17 21 0.033959873 
789 317 21 26 0.033950884 
784 243 16 19 0.033885937 
494 131 12 15 0.033823743 
372 18 15 18 0.033823717 
18 244 14 18 0.03376315 
432 107 14 16 0.033762086 
797 13 12 14 0.033760756 
772 160 13 17 0.033760004 
472 107 11 14 0.03374714 
301 258 14 17 0.033743884 
450 12 10 13 0.033743482 
209 298 16 20 0.033743348 
548 115 12 15 0.03373351 
79 196 13 16 0.03368191 
916 604 17 22 0.033658948 
374 142 12 14 0.033648536 
573 100 12 14 0.033624716 
628 87 12 14 0.033620834 
849 266 16 19 0.033587597 
892 198 18 22 0.033584647 
627 242 22 25 0.033571675 
191 12 12 13 0.03355781 
61 103 10 13 0.03355269 
136 54 10 12 0.033552237 
464 54 10 12 0.0335223 
735 211 19 23 0.033493686 
798 41 14 17 0.033442106 
329 22 10 12 0.033425257 
28 330 13 18 0.033378247 
756 58 12 16 0.03334974 
237 237 15 18 0.03332862 
356 149 12 14 0.033306383 
128 194 13 17 0.033275027 
405 1 12 15 0.033271726 
315 393 16 21 0.03322941 
261 282 15 18 0.03321236 
766 53 12 16 0.033202525 
356 18 12 16 0.033199336 
337 429 17 21 0.033182032 
673 20 10 14 0.033175793 
920 414 24 31 0.033160854 
571 407 18 22 0.033157926 
221 132 12 15 0.03315185 
573 271 15 20 0.033116896 
431 186 12 16 0.0330753 
495 275 14 18 0.032990243 
148 132 13 16 0.032926828 
808 180 13 15 0.032925736 
830 149 11 14 0.032904916 
290 396 17 21 0.032897267 
355 290 14 17 0.032880083 
344 6 10 13 0.032871198 
286 107 12 14 0.032867033 
99 376 16 19 0.032860667 
377 402 16 19 0.03285121 
553 70 10 12 0.032827087 
469 203 13 17 0.032781728 
210 190 14 18 0.03276423 
147 123 12 15 0.032690484 
397 27 12 14 0.03266964 
363 264 15 19 0.03266964 
781 118 11 14 0.03266804 
780 93 14 16 0.03266722 
708 54 11 13 0.032664277 
263 231 14 18 0.032655265 
127 150 12 15 0.032654934 
25 279 16 18 0.032635283 
140 10 13 16 0.032613475 
268 377 16 20 0.032559678 
380 214 15 18 0.032554433 
229 206 15 19 0.03254945 
617 93 10 14 0.032548074 
899 118 13 17 0.03251829 
465 241 14 18 0.032511976 
662 434 22 27 0.03250398 
636 29 12 15 0.032482725 
708 264 15 20 0.03245913 
890 209 16 17 0.03245797 
405 97 12 16 0.032445166 
454 229 15 19 0.032383453 
906 55 21 24 0.03235451 
267 69 12 15 0.032322027 
722 125 14 15 0.03231797 
249 314 14 17 0.03230316 
708 67 11 14 0.032301765 
519 154 13 15 0.03227506 
949 218 12 15 0.032263603 
73 139 14 16 0.03224141 
131 579 15 18 0.03219578 
331 102 14 16 0.032194115 
779 17 19 23 0.03211494 
505 172 14 18 0.032081123 
124 349 16 19 0.032071754 
313 54 11 15 0.03205997 
553 253 15 18 0.03204216 
291 253 16 20 0.032030363 
294 238 13 16 0.032021612 
308 350 22 26 0.032012913 
209 277 12 16 0.032012567 
805 41 13 17 0.031997476 
453 293 13 17 0.0319887 
61 46 9 11 0.03192359 
180 277 13 16 0.03191686 
105 396 18 22 0.031885073 
372 197 14 16 0.031836357 
441 226 14 18 0.031827115 
684 78 13 15 0.03182245 
79 93 9 13 0.03179878 
482 171 15 17 0.031789437 
548 85 12 13 0.031772982 
440 17 11 15 0.031771895 
924 265 23 26 0.031751264 
887 104 12 14 0.031747516 
170 377 16 19 0.03173295 
749 197 11 15 0.03171762 
846 20 12 15 0.0317036 
448 180 13 16 0.031688735 
147 301 16 18 0.031650845 
391 121 13 18 0.031637978 
302 370 14 18 0.031586587 
193 432 16 21 0.031555757 
501 257 16 19 0.03152495 
1000 197 21 28 0.0315105 
476 195 15 18 0.031452492 
88 226 14 17 0.031439967 
287 156 14 18 0.03143073 
676 218 13 18 0.03137833 
228 251 15 17 0.031358957 
158 108 11 15 0.03135241 
511 20 10 14 0.03133343 
718 141 14 17 0.031332158 
878 269 13 16 0.03121845 
668 409 19 22 0.031181738 
755 37 13 16 0.03116318 
287 53 9 12 0.03115759 
773 233 16 19 0.031062357 
734 240 15 18 0.031049926 
876 156 14 17 0.031039506 
227 363 16 20 0.030991381 
175 234 14 18 0.03097195 
537 256 15 18 0.030903049 
590 84 11 14 0.030892452 
222 147 14 17 0.030878635 
967 85 15 19 0.030857524 
624 2 10 11 0.03085607 
233 121 14 16 0.030835398 
475 362 16 20 0.030824687 
493 62 10 13 0.030814458 
621 69 11 14 0.030801427 
675 28 11 15 0.030758342 
382 258 14 18 0.030744607 
78 53 10 11 0.030743508 
168 193 13 17 0.030739732 
369 12 11 15 0.03070427 
388 28 11 14 0.030687053 
785 192 15 17 0.030683089 
977 232 16 19 0.030671379 
590 164 11 14 0.03062837 
630 107 11 14 0.03059533 
699 502 24 31 0.03058502 
608 110 11 12 0.030578088 
711 13 9 12 0.030567132 
863 154 12 16 0.03056385 
180 314 18 23 0.030501476 
542 100 11 14 0.030493282 
344 100 12 15 0.030492878 
926 49 13 19 0.030449359 
471 44 12 15 0.030436996 
574 132 11 13 0.030415993 
718 104 12 15 0.030392604 
497 147 13 15 0.030391555 
176 86 10 12 0.030359212 
903 171 11 14 0.030348925 
874 278 21 26 0.030344525 
614 28 12 13 0.030297665 
853 94 12 14 0.030286722 
922 108 13 15 0.030254839 
747 203 13 17 0.030219438 
643 156 14 16 0.030208627 
300 67 12 13 0.030206863 
535 86 11 14 0.030175447 
34 275 20 23 0.030173842 
944 68 10 13 0.030133735 
469 342 17 21 0.03005878 
998 224 23 32 0.030035561 
746 250 22 27 0.030007172 
6 394 14 20 0.029977601 
280 70 11 13 0.02996474 
343 93 11 13 0.029802324 
797 149 13 16 0.0297806 
229 157 15 19 0.029758427 
972 197 14 17 0.029745743 
374 225 14 17 0.02971676 
14 324 21 25 0.029712725 
491 233 14 19 0.02967373 
155 272 14 18 0.02966841 
790 85 11 13 0.02966586 
278 61 10 12 0.029661175 
523 92 13 15 0.029654026 
171 174 16 18 0.029645536 
100 411 21 26 0.029598124 
111 44 11 13 0.02953585 
564 214 14 17 0.029481713 
180 290 16 19 0.029475737 
176 179 15 18 0.029471127 
319 13 10 13 0.029460223 
786 266 21 26 0.029449819 
805 134 11 13 0.02943841 
600 390 19 22 0.029399022 
44 409 22 26 0.029393882 
608 30 10 12 0.029392384 
87 30 8 10 0.029392187 
14 118 11 14 0.029350895 
446 173 11 15 0.029337332 
293 25 10 13 0.029326182 
644 278 16 21 0.029322352 
287 23 10 13 0.029313385 
164 297 19 23 0.029297275 
430 93 10 14 0.02925397 
388 55 11 14 0.029240746 
279 252 12 16 0.029227147 
188 46 10 11 0.029195586 
204 253 12 16 0.029188992 
571 546 24 28 0.029159954 
301 458 16 21 0.029147185 
285 227 13 16 0.02913027 
492 117 11 15 0.029120946 
93 370 16 19 0.029061696 
266 314 17 19 0.029061 
248 391 19 21 0.02897038 
101 31 9 11 0.028932307 
261 13 10 13 0.028874395 
511 28 11 13 0.028868714 
143 299 13 16 0.028865946 
917 145 14 17 0.028851595 
386 357 17 21 0.028842084 
654 171 12 15 0.028823923 
550 28 11 13 0.028812727 
308 258 14 18 0.028808523 
153 28 11 13 0.028796343 
588 180 11 15 0.028789518 
42 543 18 25 0.028770732 
702 74 11 15 0.028755728 
101 46 10 12 0.028744914 
351 70 11 13 0.028540172 
109 53 10 13 0.028525447 
773 256 16 21 0.028504469 
139 586 23 26 0.028494727 
572 373 18 22 0.028490847 
224 101 11 14 0.028467089 
193 274 15 17 0.028449183 
478 473 16 21 0.028442739 
198 93 11 14 0.028404405 
424 69 10 14 0.02837785 
110 76 9 12 0.028367674 
670 47 11 13 0.028327692 
735 172 12 14 0.028274363 
636 106 13 16 0.028255321 
726 114 12 15 0.028234128 
87 162 14 18 0.028216902 
505 184 14 17 0.028188054 
279 21 10 12 0.028162356 
639 158 12 16 0.028130876 
27 400 14 18 0.028115217 
406 187 13 16 0.028092278 
180 5 10 12 0.02809181 
475 408 16 19 0.028083995 
879 36 14 16 0.028027829 
356 315 14 19 0.028017106 
469 4 11 13 0.02799469 
125 300 16 20 0.027964635 
518 249 13 17 0.027942946 
470 420 22 28 0.02793242 
641 421 17 20 0.027906127 
967 219 15 19 0.027865935 
533 45 10 12 0.027862187 
517 234 14 18 0.027842345 
8 314 21 25 0.027816975 
219 214 14 17 0.027783317 
65 143 10 13 0.02774778 
867 187 14 17 0.027747134 
403 107 13 16 0.027738534 
194 591 17 21 0.027732883 
641 55 9 12 0.027732296 
91 329 15 19 0.027696569 
10 92 8 12 0.027690127 
308 462 17 22 0.027682554 
726 287 16 21 0.027660297 
524 356 14 17 0.027646981 
53 156 11 14 0.027632585 
577 391 23 28 0.027592486 
6 386 12 17 0.027571356 
101 124 13 15 0.0275276 
392 350 17 20 0.027526315 
295 42 10 14 0.02750362 
287 568 19 22 0.027457751 
482 186 14 16 0.02737602 
72 428 21 26 0.027362041 
841 125 12 16 0.027286384 
300 37 11 13 0.02724858 
206 291 14 18 0.027236765 
912 138 13 17 0.02723525 
32 147 12 15 0.027195776 
396 2 15 16 0.02718871 
514 146 11 14 0.027188275 
531 320 14 20 0.027186744 
244 371 16 19 0.027148144 
163 35 13 14 0.027136104 
749 180 11 15 0.027129289 
719 21 11 14 0.027128516 
185 397 16 20 0.027127495 
925 58 12 16 0.02712206 
61 384 15 20 0.027073396 
512 62 19 23 0.027065462 
128 14 11 14 0.027045006 
311 175 14 17 0.02704411 
53 164 11 13 0.027043601 
214 127 11 14 0.027035406 
367 149 11 14 0.027024142 
212 143 13 17 0.02701241 
900 164 13 16 0.026993098 
13 453 22 28 0.026969766 
654 216 16 21 0.02695642 
933 139 11 16 0.026947465 
788 61 12 15 0.026917487 
747 221 12 16 0.026863309 
688 38 12 14 0.026841914 
758 77 11 14 0.026836507 
632 75 11 13 0.026832312 
455 62 11 14 0.026818782 
575 94 11 14 0.026798071 
118 28 10 11 0.026787385 
661 171 13 15 0.026784876 
415 157 12 14 0.02677379 
632 304 15 20 0.026750842 
589 37 10 14 0.026747491 
53 151 11 13 0.026741877 
646 179 11 14 0.026725637 
245 0 10 10 0.026696745 
413 14 10 13 0.026693568 
335 207 11 15 0.026684081 
177 214 12 16 0.026662137 
552 231 14 19 0.026632782 
554 324 18 22 0.026610523 
937 220 16 19 0.02658632 
876 189 14 16 0.02657043 
617 44 11 13 0.026531054 
609 161 18 23 0.026514057 
279 31 9 11 0.026484868 
876 75 13 15 0.026442878 
301 349 16 20 0.026441576 
268 327 21 24 0.02643414 
366 198 13 16 0.026418094 
502 35 18 21 0.026412874 
810 253 22 25 0.026369724 
790 35 11 15 0.026347607 
436 284 15 18 0.026342876 
389 102 12 15 0.026342828 
705 92 11 15 0.02631157 
293 78 11 14 0.026311204 
420 302 20 25 0.02627479 
106 275 14 17 0.026261892 
501 20 11 13 0.02623534 
8 166 9 12 0.026224319 
560 1 10 10 0.026194282 
286 147 12 16 0.026188333 
244 579 18 22 0.026150431 
112 14 10 12 0.026142461 
78 389 16 21 0.026130088 
255 219 12 15 0.026117219 
629 23 10 12 0.02608143 
49 276 15 19 0.026073348 
806 12 12 15 0.026067568 
952 123 12 15 0.02602819 
220 187 13 16 0.025997931 
99 505 16 21 0.025978357 
482 423 21 27 0.025975205 
471 377 20 25 0.025975153 
464 34 11 14 0.025963444 
954 286 23 30 0.025952002 
301 44 11 14 0.025933431 
382 55 12 14 0.025902523 
108 266 15 18 0.025885606 
133 201 14 17 0.025872843 
742 131 13 16 0.025868014 
861 302 17 20 0.025867209 
5 157 11 14 0.025866827 
360 234 19 24 0.025780823 
405 147 11 14 0.025769165 
317 191 14 18 0.025754936 
716 186 13 16 0.025721198 
748 188 12 14 0.025720308 
627 46 13 15 0.025720272 
332 44 11 13 0.025712362 
691 222 15 19 0.025711752 
836 189 14 17 0.025674755 
884 17 14 15 0.025641074 
224 93 11 13 0.02561815 
521 188 15 18 0.025598306 
539 314 14 19 0.025594302 
335 163 11 14 0.025582347 
27 231 14 18 0.025574801 
452 109 13 16 0.025572412 
910 67 12 14 0.02555627 
139 19 11 14 0.025516886 
590 22 10 12 0.02550252 
220 179 13 17 0.02546917 
155 261 14 17 0.0254464 
20 316 16 19 0.025436757 
724 42 13 16 0.025432413 
407 77 12 14 0.025409978 
862 42 13 16 0.025395848 
151 300 21 24 0.025284491 
26 112 12 13 0.025269717 
954 233 16 18 0.025267927 
516 223 15 19 0.025262343 
709 211 13 16 0.02523806 
960 184 15 19 0.025234966 
709 45 11 14 0.025166411 
204 123 13 16 0.025165197 
101 282 12 16 0.025145553 
31 203 12 15 0.025133915 
847 170 12 16 0.025128849 
884 267 14 17 0.025122272 
175 294 13 16 0.025073247 
545 346 22 27 0.025072025 
117 250 13 18 0.025067309 
332 22 12 14 0.025037687 
19 149 13 15 0.025032638 
221 140 14 16 0.025029564 
733 165 12 15 0.025020739 
473 185 13 17 0.025010739 
8 225 12 18 0.025004575 
245 180 13 16 0.024989815 
779 141 12 15 0.024989774 
541 536 16 21 0.024977919 
100 155 11 15 0.024975313 
452 130 13 16 0.024963072 
558 45 11 14 0.024958152 
358 124 13 16 0.02493797 
11 192 13 17 0.024937354 
821 82 13 15 0.024853056 
852 157 11 14 0.024831535 
400 505 24 30 0.024829188 
170 563 16 20 0.024820335 
502 99 10 14 0.024815317 
46 69 10 12 0.024812387 
216 259 12 16 0.024769751 
404 214 14 16 0.02472634 
36 180 12 15 0.02471989 
820 497 24 28 0.024705317 
59 552 26 28 0.02470162 
866 269 22 24 0.024673086 
629 187 12 15 0.024661915 
469 94 12 14 0.024646726 
254 298 13 18 0.024628066 
442 332 21 24 0.024624731 
105 458 16 19 0.024622133 
412 509 24 30 0.024618989 
885 235 14 20 0.024605116 
643 289 16 19 0.024601847 
495 268 13 16 0.024596334 
516 28 11 12 0.02459581 
154 92 12 14 0.024591984 
331 54 13 15 0.024590118 
259 290 14 17 0.024576023 
1001 148 15 19 0.024567401 
583 231 13 15 0.024561213 
732 111 13 17 0.024559423 
852 122 14 17 0.024551928 
471 217 13 17 0.024533229 
697 340 15 19 0.024518592 
645 304 16 20 0.024491055 
148 410 16 18 0.024473825 
613 0 10 11 0.024469042 
106 385 17 19 0.024455775 
70 154 13 15 0.024446744 
843 316 19 23 0.02444668 
157 99 11 16 0.024441177 
882 41 15 17 0.024409505 
300 228 12 16 0.024398642 
14 235 13 16 0.024392966 
415 458 17 20 0.024387417 
710 156 12 15 0.024381315 
963 69 12 13 0.024379011 
526 116 12 14 0.024371626 
365 86 11 13 0.024350608 
588 156 12 14 0.02433739 
278 211 13 17 0.024335306 
92 406 18 22 0.024303673 
285 188 12 16 0.024300652 
436 113 12 16 0.024292694 
478 21 10 13 0.024282714 
686 188 11 14 0.024258222 
922 41 14 19 0.02423807 
108 242 13 18 0.024235293 
453 367 14 18 0.024217365 
438 395 14 18 0.024211023 
933 351 26 29 0.024200993 
829 211 13 16 0.024188198 
842 56 15 20 0.024168735 
479 1 11 10 0.024167713 
509 159 10 13 0.024152271 
171 498 17 22 0.024115825 
378 309 20 24 0.024115117 
788 68 13 16 0.024079502 
60 180 13 15 0.024075178 
841 236 19 22 0.02406776 
312 46 10 13 0.02403815 
506 293 14 19 0.02403174 
893 141 12 15 0.024031263 
444 16 13 16 0.024022438 
948 94 14 17 0.024018051 
228 132 14 16 0.024006616 
973 165 14 17 0.023993986 
894 297 15 21 0.023993246 
649 443 23 29 0.02397386 
720 27 11 15 0.023960907 
863 317 21 27 0.023949083 
381 200 13 17 0.023917876 
806 271 15 20 0.023909586 
102 35 10 13 0.023879256 
889 331 25 29 0.023866212 
501 425 22 29 0.023860421 
438 30 11 14 0.023850065 
118 202 12 17 0.023849862 
391 130 12 14 0.023849389 
707 407 21 27 0.02379525 
563 187 13 17 0.023755848 
789 464 24 30 0.023755493 
799 188 12 16 0.02371453 
669 37 11 13 0.023713393 
177 21 11 14 0.023709089 
499 366 17 22 0.023693342 
813 385 24 28 0.023685327 
199 20 11 13 0.023648325 
932 57 13 16 0.023647109 
494 5 10 13 0.023621652 
177 346 14 18 0.02361386 
331 384 15 19 0.023608388 
789 219 13 18 0.023601292 
96 31 9 10 0.023596313 
45 222 12 15 0.023549963 
496 1 9 10 0.02354636 
555 202 14 17 0.023525676 
508 266 15 18 0.02352131 
46 56 10 11 0.02351768 
286 216 14 19 0.023514712 
193 343 15 19 0.023457816 
842 252 16 18 0.02345548 
647 8 10 12 0.023439093 
274 230 15 19 0.023424394 
844 35 12 14 0.023409368 
660 182 12 14 0.023369094 
608 19 10 12 0.023359085 
429 171 12 14 0.023344561 
715 291 17 21 0.023339495 
143 162 13 17 0.023334866 
749 21 12 15 0.023333747 
769 28 13 16 0.023326598 
765 75 12 15 0.023315791 
337 331 15 20 0.023310464 
318 88 12 15 0.02330608 
85 109 11 14 0.023295838 
377 187 12 16 0.02328483 
379 23 14 17 0.023263931 
162 225 14 18 0.023237607 
719 58 11 14 0.023223767 
212 249 14 17 0.023214655 
723 221 13 16 0.023198217 
255 272 14 18 0.023191769 
235 332 15 18 0.023191532 
677 132 12 15 0.023186632 
739 38 14 16 0.023184372 
468 401 16 21 0.023165332 
358 38 10 13 0.023150925 
454 220 12 16 0.023130676 
469 172 14 17 0.02311749 
253 400 15 19 0.023105647 
165 126 17 19 0.023089124 
828 203 13 17 0.023075791 
910 112 14 17 0.023066193 
828 11 14 16 0.023058789 
708 26 13 16 0.02305531 
691 270 17 21 0.023037199 
702 269 21 25 0.02300838 
231 313 15 19 0.023000129 
375 2 11 12 0.022997025 
872 194 13 17 0.022994716 
560 83 12 14 0.02296716 
549 76 10 13 0.022960247 
15 123 12 15 0.022958228 
481 408 21 26 0.022940658 
107 236 13 14 0.022914555 
127 252 12 15 0.022912428 
814 77 11 14 0.022911245 
360 59 11 14 0.022904301 
213 156 12 15 0.022901041 
385 379 14 18 0.022882663 
414 492 24 28 0.022878252 
575 31 11 12 0.022870854 
582 55 11 12 0.022854427 
708 237 15 18 0.022838704 
511 324 21 23 0.02283814 
479 37 10 13 0.022822991 
86 86 10 14 0.022820553 
229 398 21 25 0.022796193 
645 126 11 14 0.022792488 
481 329 17 21 0.022786032 
659 542 31 34 0.022785077 
550 181 12 15 0.022772629 
260 448 17 21 0.022769121 
862 80 13 16 0.022768045 
831 142 10 13 0.022742337 
740 241 20 25 0.022737058 
186 73 19 21 0.022716872 
964 120 15 17 0.022691233 
74 487 16 22 0.022652186 
335 14 11 13 0.022602724 
835 66 14 18 0.022602387 
180 450 15 20 0.02260152 
470 1 10 10 0.022580992 
481 29 10 13 0.022569321 
774 74 12 16 0.022564994 
637 178 12 16 0.022551175 
823 327 20 25 0.022539191 
345 358 16 21 0.022522476 
324 14 11 13 0.022520088 
468 363 16 21 0.022504339 
385 496 22 27 0.022498166 
244 94 11 14 0.022487944 
417 228 14 18 0.022467325 
364 91 12 15 0.022465073 
718 433 23 31 0.022462023 
717 203 13 16 0.022437297 
404 273 16 20 0.022412326 
700 100 12 15 0.02239404 
895 67 19 23 0.022333758 
91 376 15 20 0.022329386 
853 51 13 16 0.022313481 
4 473 14 20 0.02230425 
797 247 21 26 0.022298988 
8 213 13 18 0.022294374 
412 140 12 16 0.022270137 
114 20 9 11 0.02226078 
477 456 17 20 0.022252547 
126 315 13 17 0.022251125 
87 39 9 10 0.02222935 
148 10 11 13 0.022181418 
50 85 10 12 0.022176687 
777 147 14 18 0.02216924 
275 479 18 20 0.022158314 
397 521 22 30 0.022147516 
598 22 9 12 0.022142023 
653 6 11 12 0.022136558 
645 332 24 29 0.022126466 
789 76 12 14 0.022112265 
687 27 12 15 0.02210535 
366 101 12 15 0.022101177 
536 148 12 14 0.022099214 
30 157 11 15 0.022093078 
539 59 11 14 0.022072345 
709 204 13 16 0.022064915 
182 556 24 29 0.022050088 
853 308 15 18 0.022012968 
399 54 13 16 0.022001429 
654 249 15 19 0.021993872 
277 287 14 18 0.021988548 
125 19 11 14 0.021987382 
806 293 17 21 0.021978686 
633 384 21 28 0.021968884 
974 187 14 16 0.02196092 
233 269 15 17 0.021957658 
51 186 13 15 0.021942077 
322 365 15 20 0.021937432 
498 195 14 18 0.021935668 
731 19 13 16 0.02192271 
270 22 10 13 0.0219227 
205 320 14 19 0.021887237 
198 30 10 12 0.021878166 
118 347 14 18 0.021868937 
155 63 12 13 0.021810828 
625 271 16 19 0.021790307 
891 304 16 22 0.021788266 
862 133 12 15 0.021785319 
532 214 16 20 0.0217832 
576 35 12 14 0.02177601 
311 5 10 13 0.021749416 
820 92 12 15 0.021731758 
688 19 10 13 0.021689815 
908 256 15 20 0.021678235 
170 455 20 25 0.021671342 
246 121 13 16 0.021649301 
455 210 12 17 0.021648569 
723 94 12 15 0.021642733 
866 66 17 19 0.02163339 
389 385 15 18 0.02161527 
716 509 25 31 0.02159738 
113 539 21 27 0.021594398 
728 208 14 18 0.02153758 
723 75 13 16 0.021533255 
22 99 10 12 0.021532025 
159 116 10 14 0.02152615 
781 106 13 17 0.021522673 
799 205 13 17 0.021508368 
284 257 15 19 0.021501152 
187 297 14 19 0.02149008 
845 99 13 16 0.021489223 
709 440 23 30 0.021484943 
150 540 13 17 0.021469172 
435 179 14 17 0.021466399 
637 290 13 18 0.02145419 
548 139 12 17 0.021444404 
858 192 15 19 0.021427514 
583 504 18 21 0.021404697 
946 422 25 28 0.021398831 
372 60 12 15 0.021361059 
483 398 21 24 0.021360187 
934 98 11 15 0.021345207 
253 410 16 20 0.02132616 
230 242 14 18 0.021318229 
942 282 18 24 0.021269266 
671 82 12 15 0.02123732 
261 22 11 13 0.021232048 
556 285 21 24 0.021223724 
860 165 13 16 0.021218464 
402 116 13 16 0.021214522 
36 188 13 16 0.021202901 
691 364 18 20 0.021197923 
208 106 14 16 0.021189395 
451 22 12 14 0.021167742 
284 462 22 26 0.021158397 
189 53 11 13 0.021142257 
484 239 15 19 0.021141991 
143 307 15 19 0.021138044 
459 361 15 20 0.021110235 
518 5 10 11 0.021105463 
261 156 12 15 0.02110272 
218 278 13 16 0.021097207 
837 174 11 14 0.021094529 
512 14 9 12 0.02108617 
942 98 13 16 0.021080276 
848 309 24 30 0.021079564 
748 282 19 25 0.021059792 
109 292 14 18 0.021049162 
493 241 15 20 0.021032833 
330 527 18 22 0.021023562 
602 296 16 21 0.020984715 
662 22 10 13 0.02097764 
369 330 22 25 0.02095987 
829 247 15 19 0.02095514 
404 157 12 15 0.020915423 
878 133 13 16 0.02091504 
769 443 25 30 0.020906197 
689 430 23 29 0.020903116 
613 135 10 12 0.020862766 
618 316 20 26 0.020854332 
304 22 9 12 0.020850537 
349 59 12 15 0.020840082 
293 4 11 13 0.02082522 
464 46 10 12 0.020785384 
235 188 12 16 0.020782791 
938 160 16 19 0.020778239 
696 1 12 12 0.020710444 
266 544 16 20 0.020708105 
650 261 16 19 0.020684803 
647 30 9 12 0.020637887 
732 67 12 15 0.020612221 
-1 395 21 33 0.020609302 
487 13 10 13 0.020607343 
98 194 12 16 0.020592993 
273 0 10 11 0.020585194 
958 386 16 20 0.02055014 
717 196 13 15 0.02054989 
195 317 14 19 0.02054817 
391 13 12 15 0.020541301 
183 131 13 16 0.020537743 
465 387 20 27 0.020531407 
589 124 11 14 0.020512018 
326 441 22 27 0.020505888 
636 187 12 14 0.020503402 
32 347 17 22 0.020498384 
836 18 15 18 0.020487742 
215 44 11 13 0.020481981 
217 468 22 27 0.020455876 
654 101 12 14 0.020435683 
804 125 11 13 0.020408656 
221 124 13 15 0.020397203 
111 92 9 12 0.020382145 
781 202 13 16 0.020381479 
29 215 15 18 0.020366075 
867 31 12 14 0.02033203 
226 354 16 19 0.020330673 
637 35 12 15 0.020284282 
51 402 15 19 0.020264292 
590 296 22 25 0.020262053 
716 119 13 15 0.020253658 
588 171 11 16 0.020240141 
983 152 15 19 0.020222515 
863 93 10 13 0.020220721 
13 109 11 13 0.02021905 
517 385 24 29 0.020209178 
708 292 16 21 0.02017263 
644 379 22 27 0.020093879 
348 312 15 19 0.020093726 
861 70 15 17 0.020089462 
359 467 14 21 0.020070478 
524 638 22 30 0.020063085 
987 90 12 18 0.020059753 
731 154 12 15 0.020056942 
677 270 20 25 0.020041233 
382 56 18 23 0.020040404 
470 196 13 16 0.020026933 
