61_Street_Battle_streetfight_61_123
28
196 119 116 156 0.9998394 
777 120 111 184 0.97059333 
815 262 130 168 0.083460376 
796 155 144 206 0.07199099 
30 449 27 29 0.05453123 
567 131 13 15 0.03498591 
570 126 13 17 0.029170608 
554 210 16 21 0.028982682 
564 91 12 16 0.028781895 
579 248 24 30 0.027741767 
557 100 11 14 0.025255434 
874 138 90 147 0.024698123 
555 47 15 19 0.024639128 
857 239 121 149 0.024280604 
542 258 14 19 0.023853287 
591 101 10 13 0.023522029 
558 93 12 15 0.023253104 
605 164 195 276 0.02165697 
646 112 13 17 0.021619005 
606 235 16 19 0.021604344 
563 216 15 18 0.02136379 
576 111 9 12 0.021188835 
560 161 12 15 0.021044845 
589 108 11 13 0.02100193 
582 109 9 12 0.020630317 
583 103 9 11 0.020515237 
597 94 12 14 0.020463603 
581 40 192 241 0.02005494 
