61_Street_Battle_streetfight_61_815
21
342 238 51 60 0.9841888 
800 262 45 55 0.58568186 
113 102 471 476 0.5650299 
131 472 424 580 0.38488722 
1 398 40 57 0.08821082 
587 141 50 68 0.07312913 
127 241 50 54 0.059942443 
210 353 407 483 0.04157695 
789 228 79 102 0.039259963 
138 293 61 61 0.037157618 
270 337 111 103 0.034963682 
106 510 144 173 0.033146888 
709 253 186 243 0.03138799 
62 314 100 105 0.02804829 
751 84 189 272 0.026614163 
207 257 38 48 0.024558548 
844 588 73 84 0.024347493 
147 289 36 40 0.02348039 
758 357 114 127 0.021578252 
422 355 71 62 0.020247143 
118 234 37 46 0.020237338 
