61_Street_Battle_streetfight_61_375
31
374 150 328 432 0.9955264 
321 736 44 61 0.32928094 
8 955 68 63 0.27944764 
519 808 102 121 0.18415934 
758 195 55 62 0.15434606 
570 54 78 67 0.12626077 
340 743 33 44 0.076000564 
0 869 43 56 0.059389036 
538 27 125 108 0.053840704 
301 720 72 103 0.03840447 
469 854 29 39 0.038019985 
526 898 14 18 0.037750717 
38 984 47 40 0.035786536 
542 844 39 45 0.031918686 
553 993 18 24 0.029613575 
227 842 16 18 0.029478664 
-5 914 100 108 0.02848481 
21 980 45 41 0.028070586 
498 707 37 38 0.02712776 
468 643 425 458 0.025525099 
503 875 16 19 0.024766156 
202 937 54 68 0.024670197 
256 762 26 34 0.024163464 
594 920 15 19 0.022956055 
346 647 30 31 0.022548968 
-18 846 84 105 0.021615881 
978 982 37 44 0.02116128 
562 837 37 44 0.02114311 
768 804 119 129 0.020909 
3 864 30 35 0.020832732 
0 877 25 39 0.020311963 
