61_Street_Battle_streetfight_61_158
46
611 174 85 109 0.9976573 
749 166 27 30 0.99245703 
875 192 31 54 0.99196285 
315 273 23 30 0.7577822 
345 356 49 60 0.37246692 
518 175 14 21 0.23448358 
309 286 24 31 0.17846467 
-17 504 237 259 0.12303506 
374 294 38 45 0.06952977 
858 169 13 17 0.05809941 
312 280 17 20 0.054331366 
1005 658 19 31 0.049559634 
1004 163 21 31 0.049531516 
357 382 35 42 0.0483262 
967 162 31 39 0.04577784 
496 201 29 36 0.04189167 
407 260 398 429 0.040370703 
216 138 9 11 0.039314315 
222 149 12 18 0.039129604 
950 164 28 40 0.036910105 
0 658 41 67 0.03664626 
521 171 24 29 0.03594389 
823 219 31 40 0.035622895 
981 162 15 19 0.03358296 
369 542 26 34 0.033447627 
549 157 40 48 0.03218455 
514 177 12 18 0.029397516 
947 169 16 23 0.028452845 
494 194 15 19 0.027330754 
407 216 15 20 0.027055053 
838 146 14 19 0.026861027 
316 269 36 53 0.026383104 
-39 434 361 427 0.026152156 
500 189 26 32 0.0241012 
332 272 29 45 0.023698963 
567 106 27 35 0.023679754 
992 157 26 35 0.023420433 
814 178 14 16 0.023233762 
597 349 230 269 0.02259571 
955 167 39 53 0.021994581 
742 156 42 52 0.021984864 
394 285 54 70 0.021833649 
801 171 14 17 0.021827547 
208 141 10 12 0.020734593 
497 200 18 23 0.020621866 
827 143 23 29 0.020010412 
