61_Street_Battle_streetfight_61_432
159
645 320 26 34 0.99928445 
178 149 28 37 0.9972512 
637 518 33 43 0.99668866 
148 234 37 46 0.99610704 
101 152 29 39 0.9959858 
806 416 30 41 0.99530315 
846 324 23 29 0.9941293 
740 322 26 36 0.9906213 
621 271 23 29 0.98868775 
761 248 15 19 0.98782593 
966 374 28 33 0.9840322 
500 297 27 34 0.9834515 
586 218 17 23 0.97905743 
794 287 18 25 0.9767944 
899 283 16 20 0.9724504 
142 299 34 45 0.9646596 
845 273 18 22 0.96392584 
855 401 24 30 0.955408 
652 201 14 20 0.9545455 
824 268 12 15 0.95121694 
632 216 17 22 0.9490521 
708 396 35 45 0.94757515 
263 174 18 23 0.9357837 
524 209 18 24 0.89745724 
796 263 13 18 0.89457405 
887 324 22 26 0.88807076 
833 287 17 22 0.8853931 
548 237 24 32 0.8748659 
414 530 30 40 0.8087059 
499 506 34 38 0.7618031 
212 209 29 43 0.72558177 
262 210 29 34 0.6282185 
187 109 12 15 0.56114566 
319 150 23 32 0.54753923 
934 271 9 12 0.507606 
403 162 37 51 0.47757968 
507 185 17 23 0.41731936 
225 106 16 21 0.41589078 
615 244 12 16 0.3892307 
221 202 29 38 0.38395762 
715 349 20 28 0.37220395 
424 164 27 51 0.27165225 
952 372 25 32 0.25997415 
960 617 41 64 0.25070444 
921 384 22 32 0.21721874 
833 347 15 21 0.20472394 
875 297 15 22 0.19836837 
229 196 26 31 0.17767613 
367 169 32 41 0.17134757 
224 313 31 33 0.16336662 
205 194 25 37 0.1592859 
156 124 23 28 0.15503445 
442 180 26 40 0.15373926 
793 358 24 31 0.15303911 
205 191 17 25 0.1422418 
324 167 23 34 0.14020859 
121 121 17 19 0.1296134 
382 167 45 56 0.12163772 
458 178 15 19 0.12098797 
320 117 11 16 0.10862208 
837 372 16 21 0.10842434 
763 356 21 25 0.10473389 
451 176 24 34 0.09904105 
157 170 15 19 0.097214036 
320 149 14 20 0.0938009 
596 299 12 17 0.09276767 
468 170 11 15 0.08447175 
940 295 15 18 0.080191374 
941 374 22 30 0.078616574 
238 204 28 35 0.073853284 
946 333 19 22 0.072017364 
830 302 14 19 0.06742526 
281 193 15 19 0.06741579 
298 212 23 27 0.06731712 
981 380 23 31 0.06418571 
942 330 16 18 0.06327142 
217 300 31 36 0.062485386 
510 175 12 17 0.06168415 
248 220 13 16 0.06137753 
275 213 26 34 0.060703464 
929 393 14 19 0.059735287 
250 208 28 33 0.059439357 
630 241 14 17 0.05905352 
372 176 17 22 0.05792719 
213 188 24 32 0.052488096 
543 248 25 36 0.052012287 
789 388 23 30 0.05155108 
214 323 47 53 0.051386204 
930 276 11 16 0.049909234 
733 234 12 16 0.049106333 
218 226 18 25 0.04843918 
513 180 14 19 0.04716652 
452 196 15 22 0.046479728 
948 326 16 18 0.045054555 
837 317 23 31 0.04482804 
307 205 15 18 0.04453301 
801 267 13 16 0.044526964 
926 282 13 17 0.04441975 
911 389 25 34 0.04408428 
983 316 14 18 0.043855604 
281 248 16 19 0.04029667 
825 308 20 28 0.03796274 
907 278 12 16 0.03740012 
643 248 14 19 0.03671114 
131 123 13 17 0.03412628 
187 226 24 35 0.034060493 
277 187 15 19 0.033589628 
132 116 10 13 0.03344312 
980 342 15 19 0.03341435 
823 286 19 27 0.032167178 
466 177 13 19 0.032000855 
182 107 20 24 0.03172989 
463 166 13 15 0.031559866 
822 305 15 20 0.031197023 
954 331 13 17 0.031079967 
349 115 10 14 0.030980567 
813 289 15 20 0.03097829 
218 211 17 24 0.03092822 
625 307 11 15 0.030413575 
339 175 14 20 0.029222762 
832 359 22 29 0.027242681 
278 200 14 19 0.027230766 
283 218 15 21 0.027140163 
417 521 44 61 0.026861042 
617 246 17 21 0.026857724 
918 291 12 15 0.02604573 
965 275 12 16 0.025998715 
325 187 16 22 0.025740456 
197 210 24 36 0.025731327 
371 161 13 19 0.025022019 
913 308 23 28 0.024900489 
458 163 21 30 0.024647234 
437 637 12 16 0.024561955 
313 148 38 50 0.024334801 
166 195 16 21 0.024160622 
162 157 24 31 0.024088658 
411 661 15 16 0.023673894 
82 290 18 20 0.0236661 
736 267 12 17 0.023210272 
336 170 26 34 0.022852195 
149 168 25 32 0.022833029 
852 305 14 17 0.022745987 
270 294 41 51 0.022041801 
741 263 11 15 0.02199819 
495 182 25 33 0.02192776 
211 287 32 38 0.021919955 
468 184 13 20 0.021747805 
727 232 14 20 0.021721236 
615 255 25 31 0.021274388 
391 154 34 43 0.021027371 
219 174 18 21 0.020907687 
141 126 11 15 0.020736834 
317 111 18 26 0.02067687 
676 619 21 34 0.020676328 
924 379 16 23 0.020405471 
329 160 17 25 0.020359501 
285 218 27 33 0.020293511 
213 162 15 21 0.020054871 
377 645 10 12 0.02000137 
