61_Street_Battle_streetfight_61_913
92
231 314 29 35 0.9856737 
894 130 113 119 0.95207953 
109 306 42 52 0.52278066 
987 114 26 32 0.44707894 
142 462 10 12 0.31297937 
128 314 38 44 0.26967892 
143 202 15 19 0.2509798 
198 202 22 28 0.17187972 
316 164 15 20 0.11592371 
836 229 54 64 0.11376764 
131 99 30 37 0.08993855 
132 215 12 15 0.08772597 
271 464 8 10 0.07470388 
180 105 12 14 0.07346769 
191 126 11 17 0.072682835 
198 197 12 15 0.071397915 
119 39 26 30 0.0699311 
847 239 32 43 0.06692244 
824 217 88 103 0.06562705 
229 206 11 13 0.06548312 
146 209 16 19 0.0651608 
406 485 12 14 0.061487842 
205 148 12 15 0.060003553 
239 205 12 15 0.0591891 
177 207 15 17 0.056846224 
190 198 21 28 0.056663387 
800 159 41 52 0.0478431 
267 268 14 17 0.043566927 
171 129 12 16 0.04204187 
728 437 18 19 0.041880667 
240 306 25 32 0.041570105 
192 197 11 14 0.038641013 
707 172 17 20 0.03831897 
500 388 22 25 0.036881693 
453 350 14 19 0.036535468 
798 162 27 35 0.036171533 
301 449 11 14 0.036019396 
872 165 110 128 0.035597734 
513 389 13 17 0.034455396 
973 142 16 21 0.033498306 
996 120 25 40 0.033175223 
389 293 15 19 0.033052232 
109 238 14 18 0.032985326 
648 197 30 36 0.0327223 
875 228 56 66 0.031754654 
401 486 11 14 0.031567942 
999 121 17 22 0.031340603 
119 63 30 34 0.031314667 
123 107 28 36 0.03006826 
143 478 8 10 0.029235346 
133 209 21 26 0.028425751 
832 141 40 57 0.02786945 
168 106 12 15 0.027498426 
301 67 13 18 0.027491601 
634 66 158 218 0.027155807 
244 299 16 20 0.027057612 
416 538 12 15 0.026688663 
939 396 13 17 0.02631843 
497 377 23 26 0.0261365 
280 345 15 21 0.02601495 
238 198 11 14 0.025818046 
263 206 10 11 0.025467727 
160 191 11 13 0.024901126 
103 495 10 12 0.02461508 
186 121 20 28 0.02435199 
110 230 11 14 0.024197103 
167 219 13 16 0.023938091 
817 154 41 54 0.023817273 
135 94 49 58 0.023213191 
810 156 27 34 0.022539753 
266 464 9 10 0.02218095 
99 321 32 45 0.02199436 
173 91 12 14 0.021956835 
190 116 13 17 0.021544157 
388 489 10 11 0.021480763 
226 203 22 26 0.021466825 
362 154 20 26 0.021329839 
973 129 25 33 0.021136668 
916 483 36 38 0.021034684 
885 141 77 80 0.020957634 
218 317 31 38 0.02092978 
225 478 8 10 0.020905789 
676 135 14 18 0.020720746 
190 66 11 13 0.020620886 
249 121 10 15 0.020613836 
244 210 10 14 0.020570628 
230 477 9 10 0.020559965 
170 100 21 25 0.02049055 
964 588 27 31 0.020435844 
723 527 133 136 0.02043027 
381 441 12 15 0.020354874 
287 278 9 12 0.020128533 
