61_Street_Battle_streetfight_61_162
43
535 248 62 88 0.9993807 
631 267 41 52 0.9958171 
41 425 52 58 0.9957461 
778 243 34 55 0.99099207 
826 125 87 130 0.97571874 
135 593 34 41 0.18768416 
813 145 60 94 0.104370385 
244 407 9 12 0.10208319 
210 474 12 16 0.06572366 
312 329 7 10 0.056629967 
358 416 12 16 0.053014964 
227 108 11 14 0.04957346 
399 368 11 15 0.04824764 
435 461 15 21 0.048112616 
439 487 11 14 0.04792947 
306 190 7 9 0.046358813 
435 628 34 38 0.04489924 
277 327 8 9 0.0399099 
257 459 10 14 0.03502732 
421 335 10 14 0.0347654 
260 455 10 13 0.033736467 
139 579 35 40 0.032197133 
814 258 32 45 0.031676505 
407 149 7 9 0.028648436 
359 404 24 31 0.027873356 
270 311 9 12 0.02776418 
410 336 13 18 0.02774472 
569 346 32 40 0.026855195 
293 319 8 10 0.026483024 
238 172 9 11 0.026283989 
488 336 45 60 0.02601259 
279 311 9 10 0.025710452 
266 310 8 12 0.02558032 
243 430 10 12 0.025551984 
309 190 8 9 0.02502095 
290 319 7 10 0.024184858 
20 425 23 39 0.023152936 
222 157 11 15 0.022924807 
255 476 9 13 0.02191008 
246 469 9 12 0.021604383 
295 312 7 8 0.021230342 
372 397 13 17 0.021054873 
151 589 35 39 0.020027665 
