61_Street_Battle_streetfight_61_4
23
810 0 45 39 0.99901545 
388 47 53 81 0.9976591 
680 188 45 42 0.8795223 
791 2 28 25 0.658072 
854 554 40 50 0.64035636 
638 631 125 105 0.10199853 
75 295 35 43 0.079358846 
868 570 41 44 0.07255847 
184 105 19 23 0.040300157 
947 444 78 135 0.040025752 
678 169 33 49 0.034062486 
664 644 75 61 0.03402088 
330 360 28 31 0.03385275 
0 8 95 124 0.033818636 
1 277 42 47 0.033103924 
184 333 389 441 0.02994075 
699 167 47 53 0.028944781 
0 143 10 21 0.02542437 
53 40 12 16 0.02513014 
399 306 24 27 0.024257284 
768 56 44 57 0.020957096 
645 0 16 14 0.0206261 
755 61 33 46 0.020309178 
