61_Street_Battle_streetfight_61_936
28
832 382 36 42 0.9919045 
129 265 34 44 0.98314244 
497 217 35 52 0.9519675 
671 326 32 37 0.80386895 
705 328 35 33 0.5713723 
970 260 37 45 0.36095342 
846 278 30 31 0.17431179 
956 313 65 92 0.15178809 
195 262 27 36 0.13212088 
484 265 24 29 0.058302876 
361 334 27 30 0.05304079 
380 529 27 33 0.042356823 
546 208 23 35 0.04058001 
148 272 31 36 0.03748394 
346 308 39 46 0.032093123 
675 312 51 55 0.03054656 
868 390 22 30 0.029699044 
52 257 14 17 0.026069839 
1006 206 16 20 0.024843032 
987 236 17 19 0.02414235 
355 344 20 22 0.024012344 
958 209 15 17 0.023609811 
995 265 29 37 0.023410026 
120 267 28 37 0.023019435 
867 215 99 116 0.02215676 
672 88 126 194 0.020733356 
964 273 55 78 0.020672994 
190 242 29 38 0.02000726 
