24_Soldier_Firing_Soldier_Firing_24_405
124
333 376 61 81 0.9953225 
170 533 10 13 0.22339597 
452 223 8 10 0.118598215 
539 1021 61 74 0.09793549 
261 518 9 11 0.09578488 
889 487 11 13 0.09220897 
194 188 9 11 0.081553586 
0 528 9 12 0.078608096 
263 391 10 12 0.07238713 
874 484 12 14 0.07054077 
450 208 8 9 0.064262696 
165 421 10 12 0.064183205 
1 542 9 14 0.060716186 
455 207 7 9 0.058247678 
434 215 8 10 0.056747366 
799 576 7 9 0.05049512 
893 480 10 11 0.049651183 
195 546 11 13 0.04849783 
913 457 8 9 0.048410956 
873 480 9 11 0.046705935 
698 1119 149 181 0.046643607 
509 30 8 10 0.046240825 
918 456 8 10 0.044511754 
584 798 36 37 0.04448963 
263 599 10 12 0.04297667 
853 527 148 185 0.041331686 
432 193 8 10 0.040921997 
531 14 7 10 0.040736176 
117 507 10 13 0.040165856 
549 6 9 10 0.038314603 
873 491 12 14 0.03830778 
123 595 14 15 0.03724827 
463 142 8 10 0.036837384 
301 575 8 11 0.03577016 
918 471 12 13 0.035673928 
710 548 13 14 0.035350222 
845 532 10 12 0.03503179 
126 561 7 9 0.034713008 
176 571 10 13 0.034433693 
33 544 9 11 0.034422565 
290 508 8 11 0.034152735 
93 599 8 10 0.03348742 
903 464 8 10 0.033351175 
870 470 7 9 0.03332978 
840 534 10 11 0.03295793 
527 38 7 10 0.032643232 
437 222 8 11 0.032071833 
537 28 8 10 0.031767443 
450 213 8 10 0.031314116 
171 538 12 13 0.030968126 
438 230 7 9 0.03053535 
358 264 8 10 0.029899731 
329 382 10 12 0.029708203 
103 578 12 15 0.029417913 
5 547 9 12 0.02916657 
285 159 8 9 0.028693572 
692 1053 15 18 0.028616063 
545 64 7 10 0.028205879 
317 1495 9 11 0.02818019 
175 566 10 12 0.02793528 
917 460 9 11 0.02791426 
505 24 8 11 0.027728774 
112 598 10 12 0.027651833 
294 511 7 9 0.02725648 
121 579 10 12 0.027068023 
533 532 58 74 0.027041867 
829 536 8 9 0.026791196 
665 552 8 9 0.026753364 
533 309 8 12 0.02660924 
913 441 7 9 0.026472213 
694 542 11 14 0.026384367 
919 447 8 9 0.026383089 
534 15 8 8 0.026283013 
175 96 9 10 0.026000818 
842 528 9 10 0.025917515 
24 526 8 10 0.025800465 
940 1309 59 58 0.0257574 
510 94 7 9 0.025701292 
584 96 8 9 0.025370214 
526 32 7 9 0.025344063 
247 551 8 10 0.025314327 
721 296 7 9 0.025161266 
297 561 8 10 0.025145635 
544 69 7 9 0.024995606 
520 24 7 9 0.024976881 
122 559 8 10 0.024891123 
509 25 8 10 0.024716109 
167 551 9 11 0.02448897 
855 471 7 9 0.0243746 
193 504 8 11 0.02422584 
424 190 7 9 0.024163371 
73 540 9 11 0.024042394 
285 596 8 11 0.02394889 
162 166 8 10 0.02382203 
545 492 50 79 0.023693971 
937 469 9 12 0.023507232 
920 432 7 8 0.023476427 
805 564 9 10 0.02344734 
6 559 10 14 0.023254342 
206 534 8 11 0.023144612 
161 184 8 10 0.022974769 
912 446 8 9 0.0229734 
17 525 8 10 0.022900006 
627 1371 13 15 0.02265121 
535 9 7 9 0.022519305 
888 479 10 11 0.02246255 
839 519 8 9 0.022342091 
520 120 8 10 0.021804865 
886 448 9 10 0.021716287 
478 181 10 13 0.021715553 
176 580 10 12 0.02170175 
942 463 9 11 0.021593936 
865 466 8 9 0.021394739 
451 227 9 12 0.021193773 
1013 474 9 15 0.020756392 
853 477 9 11 0.020566734 
145 583 9 13 0.020558806 
741 252 10 14 0.020518936 
522 39 8 10 0.020348964 
88 600 9 11 0.02026975 
881 448 8 10 0.020267908 
162 189 8 10 0.020252401 
644 719 48 49 0.020141803 
183 96 8 10 0.02004029 
