24_Soldier_Firing_Soldier_Firing_24_702
65
176 59 47 57 0.997265 
833 83 38 47 0.9952689 
401 172 13 18 0.6590916 
634 112 27 29 0.6085987 
268 124 31 30 0.5567975 
387 167 19 24 0.51846087 
420 175 13 17 0.23890944 
565 278 22 31 0.20179904 
344 129 9 12 0.17233382 
470 170 11 13 0.14863853 
380 172 18 21 0.14817546 
414 171 14 19 0.13019285 
677 238 23 28 0.12501504 
914 275 24 26 0.12079459 
647 112 24 25 0.119255826 
629 118 16 24 0.10783208 
679 236 15 18 0.093939856 
205 437 12 19 0.08953469 
325 220 17 20 0.07592056 
372 148 10 13 0.065342955 
487 298 23 30 0.061632223 
298 287 18 23 0.05988408 
75 34 16 24 0.0509177 
350 163 10 11 0.04855437 
529 150 9 11 0.048136696 
821 96 39 43 0.044845074 
294 284 15 21 0.04261717 
477 172 11 14 0.04222688 
308 293 15 21 0.042212952 
411 213 15 19 0.04121461 
723 254 48 55 0.0386316 
415 201 11 13 0.03543076 
578 280 15 23 0.034130543 
469 324 16 22 0.03313385 
548 273 26 35 0.032222804 
424 340 16 19 0.03210087 
278 246 22 27 0.03174979 
634 123 19 23 0.03151702 
275 472 17 19 0.031342153 
389 158 14 18 0.030299652 
676 270 25 31 0.03029883 
483 173 11 13 0.028106838 
348 128 8 11 0.02781127 
335 150 9 11 0.026987504 
844 200 30 37 0.025856782 
302 279 31 36 0.024794586 
497 303 17 21 0.02470896 
814 226 45 52 0.024492145 
21 370 16 20 0.024003858 
612 174 13 15 0.023866003 
817 110 31 39 0.022618048 
271 371 42 54 0.02228927 
452 174 11 14 0.021807756 
300 493 10 14 0.021737244 
211 438 13 16 0.021622589 
465 165 11 14 0.021538418 
927 283 17 20 0.02133809 
27 372 18 21 0.021200191 
503 166 9 12 0.021040544 
456 155 12 15 0.021010451 
19 366 14 16 0.020937717 
198 432 22 28 0.020642355 
475 313 26 35 0.020615939 
332 488 14 17 0.02057195 
176 4 24 31 0.020287063 
