24_Soldier_Firing_Soldier_Firing_24_129
20
342 323 108 142 0.9958348 
296 337 108 127 0.33122188 
472 472 23 32 0.13588752 
473 729 11 14 0.06763341 
339 700 13 17 0.061251383 
252 416 18 20 0.040186726 
441 1289 25 30 0.03888986 
545 397 9 11 0.03604472 
472 483 30 43 0.033795953 
399 795 48 57 0.033766177 
478 468 34 41 0.032055907 
351 638 8 10 0.02634559 
991 1252 12 15 0.025705284 
382 288 53 84 0.02542622 
475 495 17 25 0.02435842 
368 238 11 13 0.022719711 
855 1510 10 13 0.022604998 
458 471 29 36 0.021849958 
552 253 24 28 0.021420943 
557 445 15 18 0.020788182 
