24_Soldier_Firing_Soldier_Firing_24_601
99
294 320 31 36 0.99967504 
859 303 36 39 0.99967325 
84 313 33 38 0.99885345 
472 305 33 37 0.99818367 
174 323 33 38 0.99733293 
390 308 33 38 0.99732506 
734 321 38 42 0.99593014 
594 305 42 44 0.96908253 
980 293 12 17 0.9175034 
311 291 34 38 0.87576246 
24 327 16 20 0.81598496 
415 285 30 37 0.6438047 
986 334 13 16 0.3645004 
905 322 17 21 0.34435034 
829 327 24 28 0.31666905 
63 316 24 31 0.25766912 
366 477 12 15 0.16753839 
627 299 32 38 0.134496 
513 302 16 22 0.1260169 
260 341 23 30 0.12534676 
306 489 16 20 0.11923168 
323 479 16 20 0.11780996 
97 473 24 27 0.11228221 
499 471 24 29 0.108266175 
33 484 17 21 0.107903905 
236 494 21 25 0.10781237 
833 323 17 20 0.098398544 
0 341 11 18 0.09411599 
997 332 11 15 0.08009109 
237 306 23 30 0.07850467 
975 339 9 13 0.07116863 
521 291 26 39 0.06865465 
310 480 21 25 0.06688623 
1007 345 7 10 0.063594595 
380 313 28 34 0.061756648 
386 452 12 16 0.061392147 
1007 349 10 12 0.059649475 
489 302 30 34 0.058453593 
636 467 17 24 0.055155046 
204 298 27 27 0.051655766 
986 323 15 18 0.05161502 
987 314 14 17 0.051367335 
505 300 27 36 0.04774409 
432 473 12 15 0.046242416 
985 298 12 15 0.043369167 
997 324 14 18 0.04283246 
397 357 31 37 0.041210964 
227 464 17 20 0.03967025 
1011 380 13 18 0.03771946 
46 360 15 20 0.03704863 
267 333 24 32 0.03678254 
605 291 50 53 0.036147285 
366 499 10 14 0.034847505 
644 291 424 483 0.034482714 
944 301 10 13 0.033957683 
951 332 12 16 0.03337756 
405 473 28 33 0.03289933 
107 456 29 32 0.031738315 
347 484 11 15 0.031504378 
198 474 16 19 0.02994131 
919 306 12 16 0.029376825 
975 383 11 14 0.028643856 
581 318 27 36 0.028485138 
1 336 18 29 0.028010081 
524 455 17 21 0.02782543 
370 315 23 30 0.027526893 
411 481 17 21 0.027442086 
280 328 28 34 0.027116623 
991 372 11 14 0.027076576 
888 313 29 32 0.026937177 
840 332 19 25 0.026642231 
16 318 19 27 0.02615479 
969 338 11 14 0.026124435 
384 468 10 12 0.025244702 
201 489 16 17 0.02451994 
860 416 28 37 0.02431227 
258 339 17 22 0.024121199 
328 284 20 23 0.024092786 
225 308 25 36 0.023712082 
405 313 28 34 0.023672879 
841 324 14 17 0.023395702 
375 508 12 15 0.023153668 
373 482 11 14 0.023049148 
1008 353 11 16 0.022870565 
33 471 22 27 0.02286357 
953 358 9 12 0.022762487 
528 559 25 30 0.022667674 
373 501 11 14 0.022464968 
822 329 17 24 0.02222544 
384 478 9 13 0.022179192 
992 366 10 12 0.021560572 
966 377 9 11 0.021189729 
994 314 15 20 0.02081786 
938 320 15 20 0.020777948 
384 459 11 15 0.02066064 
183 615 48 48 0.02045997 
496 653 21 26 0.02025253 
146 459 15 20 0.020087468 
786 318 25 39 0.020017993 
