24_Soldier_Firing_Soldier_Firing_24_133
37
465 307 64 51 0.9713714 
534 400 12 16 0.15367176 
92 438 15 16 0.123026036 
546 431 24 30 0.10820899 
344 351 20 20 0.104194336 
445 447 17 21 0.088041514 
372 537 22 27 0.080012955 
599 397 10 12 0.06613059 
507 461 16 18 0.056963153 
450 307 36 42 0.048882402 
538 408 13 19 0.045270357 
556 440 14 18 0.04375109 
563 443 10 15 0.042408668 
436 446 21 27 0.035533015 
526 399 21 28 0.029633807 
-2 148 201 293 0.028586043 
552 399 10 12 0.028313013 
591 405 12 16 0.027366357 
402 451 32 34 0.027252715 
590 453 9 11 0.02659244 
419 445 32 37 0.026505537 
501 272 34 38 0.02399644 
202 399 37 38 0.023363724 
354 162 15 18 0.02323399 
547 408 23 35 0.022724893 
586 454 9 11 0.022345548 
263 167 45 71 0.021768676 
554 457 12 15 0.021725625 
86 440 13 15 0.021021336 
509 404 17 22 0.020935541 
442 274 28 39 0.020730752 
126 201 139 112 0.020649938 
94 224 31 33 0.020579658 
494 456 52 59 0.020496968 
389 110 12 15 0.020382483 
534 414 13 18 0.020300614 
445 306 14 19 0.02010651 
