24_Soldier_Firing_Soldier_Firing_24_890
40
748 54 63 75 0.99907506 
61 213 42 54 0.9832659 
43 146 24 30 0.95461005 
132 151 22 31 0.94859 
300 146 24 29 0.9083599 
214 132 24 30 0.88144064 
476 157 19 26 0.74100465 
386 163 20 25 0.7143886 
36 462 13 18 0.29426742 
226 134 16 25 0.22740574 
313 146 16 23 0.13813776 
95 206 26 38 0.1174095 
663 148 11 15 0.109637864 
612 214 16 20 0.098657496 
55 150 16 24 0.054209754 
1 409 15 23 0.05113545 
395 158 16 22 0.050861157 
17 210 25 35 0.04474325 
890 228 44 56 0.04395519 
293 147 17 23 0.039903063 
524 197 11 12 0.03421019 
143 152 16 25 0.03403328 
86 483 46 60 0.03209796 
656 421 9 11 0.02860607 
401 165 14 22 0.026674112 
206 134 19 24 0.02591494 
376 204 35 49 0.02481327 
283 187 39 51 0.024533823 
330 402 40 51 0.024480028 
484 151 13 20 0.023892576 
607 217 23 29 0.023666741 
409 280 9 12 0.023614505 
352 208 26 37 0.022562586 
209 518 10 14 0.02180096 
233 139 16 25 0.021360768 
60 485 47 67 0.021238811 
859 273 18 19 0.021034045 
435 146 16 21 0.02063251 
236 385 42 52 0.020554148 
364 208 31 40 0.020098962 
