24_Soldier_Firing_Soldier_Firing_24_431
68
235 144 42 58 0.91683924 
188 147 60 74 0.3093655 
413 395 12 13 0.17138565 
319 256 38 47 0.12739499 
713 473 17 22 0.10799335 
195 119 61 76 0.08805961 
146 148 47 62 0.07234313 
1014 271 7 10 0.06518537 
503 285 12 14 0.060845867 
450 397 24 28 0.051361095 
806 253 14 17 0.049173564 
994 429 30 35 0.043880306 
957 404 21 25 0.04354874 
445 396 17 18 0.04223637 
810 445 27 28 0.04016714 
738 412 8 11 0.03933989 
616 108 463 479 0.038613837 
576 350 12 14 0.037256084 
522 122 12 15 0.034857154 
430 397 13 15 0.03359295 
206 109 36 51 0.03285888 
705 413 9 11 0.03261488 
736 408 9 10 0.030938208 
467 402 13 18 0.030842785 
494 360 10 12 0.030476239 
853 236 11 14 0.030132592 
678 398 8 11 0.029988823 
735 459 13 15 0.029730808 
777 481 18 21 0.029137097 
437 397 13 15 0.028323594 
333 267 38 50 0.028097821 
922 414 30 32 0.027869018 
970 302 8 9 0.02695689 
719 407 10 11 0.02623513 
733 444 13 15 0.02622848 
828 119 9 11 0.026126975 
409 392 20 22 0.025523925 
588 454 15 18 0.025472824 
496 285 12 14 0.025354737 
734 441 10 12 0.025267482 
429 289 8 10 0.0251556 
956 309 9 10 0.025141627 
1005 293 8 10 0.024499465 
339 297 16 20 0.02386037 
409 391 12 15 0.023762789 
1015 275 8 11 0.023646498 
684 439 10 11 0.023564205 
576 431 9 12 0.02342711 
1007 309 9 11 0.023016782 
324 293 29 32 0.02298775 
958 304 8 10 0.022634104 
742 412 9 11 0.022416787 
823 452 18 20 0.022263234 
725 407 9 11 0.022231096 
202 134 35 51 0.021604808 
964 621 31 33 0.021361507 
639 138 12 14 0.020866755 
535 109 11 13 0.020857567 
698 468 23 28 0.020721747 
829 124 8 11 0.02065268 
462 143 14 18 0.020482186 
651 427 11 13 0.020400139 
468 365 22 26 0.020249985 
952 284 10 12 0.020148925 
534 457 15 18 0.020130081 
364 287 18 23 0.020052899 
479 399 11 14 0.020045761 
419 390 11 14 0.02003781 
