24_Soldier_Firing_Soldier_Firing_24_633
83
877 395 44 61 0.98715836 
0 272 27 45 0.92848116 
437 453 51 64 0.7101658 
372 485 62 85 0.41063344 
774 405 35 39 0.33559433 
194 100 18 21 0.29941964 
502 411 43 59 0.15014967 
757 604 16 19 0.13087384 
811 436 15 19 0.119772255 
927 80 14 17 0.11443368 
337 431 22 32 0.098192066 
782 134 25 31 0.096720226 
717 574 25 30 0.08745595 
991 370 14 16 0.07795291 
410 460 58 72 0.07491475 
110 20 10 12 0.07122514 
591 117 8 11 0.06234224 
998 104 12 15 0.05644068 
972 139 16 20 0.056224745 
150 0 8 9 0.05576825 
868 399 32 49 0.05419011 
783 390 30 43 0.053909954 
996 187 27 41 0.052791677 
177 26 10 13 0.051755786 
464 447 34 59 0.05115812 
844 443 13 16 0.049743667 
791 414 18 23 0.04916813 
998 64 8 12 0.04236305 
669 458 51 89 0.040213365 
754 939 15 15 0.040122602 
839 430 27 34 0.039757144 
128 14 8 10 0.038664192 
0 250 12 17 0.037389107 
475 382 47 52 0.035394195 
841 413 43 52 0.03486797 
298 107 20 24 0.03319163 
953 62 9 12 0.033150475 
965 15 8 11 0.032753725 
809 433 25 29 0.032616585 
963 895 32 44 0.032517992 
495 434 43 52 0.03156991 
161 22 9 11 0.030893695 
823 7 11 11 0.030041423 
975 385 22 28 0.02899523 
167 21 9 11 0.028840614 
808 417 24 34 0.028787093 
64 747 34 40 0.028338326 
343 121 33 40 0.027897574 
829 601 14 21 0.027653014 
141 23 9 12 0.02755564 
826 436 29 31 0.027304666 
144 6 12 14 0.026460437 
962 19 9 12 0.02637931 
390 4 10 11 0.026270349 
994 386 24 32 0.026267435 
136 24 9 11 0.025435088 
751 394 43 52 0.025375916 
853 687 12 14 0.025237335 
81 55 8 11 0.025186779 
730 578 17 21 0.0251767 
137 28 9 11 0.024440497 
701 423 50 61 0.024269072 
129 23 8 10 0.024220353 
383 395 11 15 0.024035571 
987 399 17 24 0.023689834 
121 4 9 11 0.023181597 
853 438 32 39 0.023154268 
118 31 9 11 0.02257912 
738 605 14 19 0.021994364 
957 62 9 12 0.02199222 
976 381 12 17 0.021948082 
786 419 30 35 0.02184997 
505 395 33 43 0.021319723 
105 16 9 11 0.021158654 
112 27 10 13 0.021137651 
688 63 10 13 0.021016518 
457 817 56 72 0.020840162 
750 607 24 31 0.02062619 
119 16 7 10 0.020531395 
933 71 10 12 0.020407442 
859 377 70 98 0.020352706 
133 15 9 11 0.020157356 
126 6 9 12 0.02012795 
