19_Couple_Couple_19_319
45
486 590 33 44 0.99027926 
494 579 29 38 0.16824476 
35 547 12 16 0.14052372 
468 595 26 32 0.09537896 
639 503 193 282 0.070275396 
897 404 52 71 0.06806967 
0 761 49 69 0.06649234 
1 500 9 14 0.05873449 
500 599 32 41 0.058717493 
57 1324 15 18 0.05630033 
48 761 18 21 0.054642722 
549 537 467 545 0.048649527 
2 492 11 16 0.043360963 
0 673 22 36 0.04325296 
498 579 18 23 0.042887602 
869 1039 9 10 0.038600948 
5 543 12 14 0.03725688 
47 534 8 10 0.03412195 
0 509 8 12 0.03193672 
820 321 41 57 0.030455599 
62 782 13 16 0.028609928 
972 774 14 18 0.028154599 
491 683 43 54 0.027912196 
25 533 11 14 0.02722588 
1009 765 12 17 0.027071107 
1001 435 21 34 0.0265475 
496 603 20 27 0.026367718 
394 618 16 21 0.025743224 
459 599 18 23 0.025249003 
400 644 12 16 0.024552237 
109 677 12 16 0.024116928 
13 518 9 11 0.024081644 
-2 811 26 43 0.023991749 
925 474 30 34 0.022400808 
450 814 24 30 0.022174682 
534 637 22 30 0.02216246 
927 763 11 15 0.021879982 
972 758 10 11 0.02171203 
476 601 31 36 0.021495586 
758 931 25 27 0.020959934 
100 1332 11 14 0.02049022 
32 542 12 15 0.020230671 
668 541 13 16 0.020180445 
1004 510 17 33 0.020160927 
39 536 9 11 0.020013964 
