19_Couple_Couple_19_743
93
523 277 32 39 0.9968039 
447 306 30 38 0.99666613 
126 319 27 33 0.9955384 
403 304 33 41 0.9952786 
697 413 27 35 0.9902643 
858 298 34 43 0.9811808 
157 312 25 31 0.954319 
670 394 27 30 0.9130764 
279 415 22 35 0.7985399 
803 303 35 39 0.7377289 
636 326 17 23 0.7124972 
182 473 24 34 0.68170184 
664 365 17 20 0.655318 
141 315 26 33 0.6473493 
152 465 37 45 0.27817315 
657 395 24 31 0.24279425 
214 383 23 28 0.1881583 
648 398 21 30 0.13781981 
627 298 15 17 0.13635266 
266 423 26 31 0.13594615 
603 319 17 21 0.11214163 
735 392 25 30 0.10208704 
786 89 32 33 0.08705505 
757 215 25 27 0.08665769 
743 223 48 60 0.080346085 
783 127 43 60 0.062471703 
874 322 33 36 0.0624133 
596 296 17 19 0.058696464 
676 364 13 17 0.056055218 
550 38 147 140 0.05271833 
710 241 13 17 0.047512814 
644 360 16 19 0.047276136 
223 389 25 31 0.044430543 
404 108 56 65 0.04413043 
651 360 20 25 0.043171365 
909 319 14 17 0.04209405 
326 216 11 14 0.039953258 
670 379 25 30 0.034877997 
700 350 13 16 0.03474022 
109 347 17 20 0.034427233 
127 427 19 22 0.03370846 
716 213 11 15 0.03304098 
269 213 8 12 0.03296399 
464 177 17 19 0.032704994 
244 273 15 16 0.032043118 
458 463 24 29 0.03177533 
257 405 24 33 0.031144163 
890 387 35 35 0.030981598 
623 270 26 32 0.030405307 
285 406 16 23 0.02984686 
491 183 22 30 0.029704994 
594 302 23 29 0.0296369 
735 205 9 14 0.029400222 
281 228 10 11 0.029099451 
552 192 25 30 0.028873902 
256 428 12 16 0.028852329 
860 318 33 41 0.028504618 
111 380 32 40 0.027870424 
257 428 22 31 0.027609833 
534 179 35 46 0.027100038 
330 366 14 15 0.02705583 
207 384 16 22 0.02665077 
319 213 24 28 0.02613606 
635 304 14 18 0.025464188 
155 302 16 19 0.02533946 
300 238 9 12 0.025270259 
602 391 22 27 0.02499695 
681 405 28 34 0.024949104 
139 310 13 16 0.024836704 
645 385 17 22 0.024602007 
150 303 26 30 0.024019554 
112 324 30 34 0.023996653 
902 317 23 29 0.023859594 
628 378 13 19 0.023827108 
687 353 21 25 0.023664856 
595 186 15 15 0.023538474 
554 389 21 27 0.023509743 
278 327 10 12 0.023390051 
326 140 34 31 0.022499816 
634 265 18 27 0.02241103 
174 461 29 35 0.02237738 
647 412 16 22 0.022170492 
105 426 16 21 0.0221316 
643 207 17 18 0.022095721 
358 189 13 18 0.022074409 
310 318 11 14 0.02200993 
538 230 26 32 0.02197034 
679 357 21 27 0.021355594 
621 289 23 27 0.020929907 
153 477 21 26 0.020886596 
510 473 25 27 0.020856818 
221 344 16 20 0.020419205 
318 206 10 12 0.02040556 
