19_Couple_Couple_19_50
45
671 250 73 92 0.9978187 
585 147 73 93 0.9975569 
114 476 26 30 0.37223235 
586 451 43 54 0.34249184 
179 457 44 63 0.23747502 
894 430 24 29 0.17136301 
968 458 16 21 0.13552564 
236 444 24 29 0.113322616 
986 474 15 18 0.07728798 
869 436 26 28 0.06877403 
794 377 30 39 0.05718641 
884 525 18 23 0.05713536 
915 520 24 32 0.045033842 
864 555 27 37 0.044707425 
456 596 52 59 0.043568518 
35 214 416 507 0.038234837 
250 639 42 51 0.036388893 
147 460 74 92 0.035337094 
178 471 28 39 0.035146154 
231 439 40 49 0.03476512 
998 452 15 21 0.03410204 
90 506 15 20 0.034006484 
948 459 16 22 0.031961944 
206 446 45 57 0.029895803 
910 461 23 29 0.029297996 
127 480 17 22 0.028631238 
391 487 23 31 0.027506044 
113 476 79 99 0.025422433 
978 464 21 25 0.0248575 
874 429 18 20 0.024833562 
438 557 102 108 0.024815207 
542 495 40 56 0.024141308 
866 450 26 29 0.023916258 
545 449 39 49 0.023834594 
614 230 49 63 0.023778401 
58 527 17 22 0.023655724 
241 437 19 22 0.02356456 
116 486 47 60 0.023135217 
875 473 28 30 0.022726037 
108 481 19 22 0.022519773 
168 435 73 97 0.022237882 
187 475 15 21 0.021887932 
540 458 28 35 0.021042094 
940 458 14 21 0.021005573 
585 474 27 37 0.020420201 
