19_Couple_Couple_19_881
54
248 193 95 121 0.9993993 
585 231 92 121 0.9990563 
883 296 27 33 0.66871196 
226 564 38 38 0.22829688 
337 123 15 17 0.14825848 
358 74 12 14 0.14614163 
370 59 13 15 0.14048994 
459 91 14 16 0.11945565 
949 293 17 22 0.10613933 
358 144 14 18 0.07667968 
987 322 24 34 0.060900677 
482 72 14 15 0.059553877 
387 42 15 18 0.053998448 
973 311 23 31 0.053232163 
320 44 12 15 0.049183574 
898 12 37 44 0.045444943 
372 127 10 12 0.043310277 
996 260 17 22 0.04199294 
499 113 14 17 0.037417445 
950 297 26 33 0.036059305 
29 302 13 17 0.03485401 
495 86 12 14 0.034620643 
157 280 14 16 0.03421629 
508 266 13 15 0.034130376 
367 132 11 13 0.032181017 
859 11 30 35 0.032023083 
947 288 43 53 0.031646837 
173 246 12 14 0.031091025 
429 1297 15 17 0.030247185 
-2 403 87 157 0.029316375 
477 83 14 16 0.028924594 
478 90 14 16 0.028405743 
356 125 11 13 0.026828887 
917 334 22 28 0.025904039 
340 101 13 15 0.025752049 
949 141 31 35 0.025591228 
476 67 23 26 0.025051687 
-77 723 390 527 0.02446176 
382 48 15 17 0.02438669 
972 325 17 21 0.024122939 
921 331 14 17 0.02408485 
852 297 17 19 0.023029497 
907 211 31 34 0.022868995 
434 99 14 16 0.022151854 
40 338 20 22 0.021890515 
453 206 11 13 0.021204121 
362 70 13 16 0.021054948 
958 305 45 57 0.021001674 
389 118 12 14 0.020690668 
460 148 13 14 0.020645099 
440 146 12 14 0.020480325 
404 43 16 18 0.020372244 
385 118 10 12 0.02023367 
484 128 12 13 0.020116378 
