4_Dancing_Dancing_4_319
88
410 73 29 38 0.99968195 
148 63 29 36 0.99941874 
215 156 35 42 0.9992986 
344 44 30 38 0.9990181 
1 16 24 34 0.9989593 
593 -1 34 38 0.99891675 
732 52 32 42 0.9989127 
551 33 36 43 0.998887 
687 58 28 37 0.99859375 
954 26 29 37 0.9985869 
486 58 32 40 0.998073 
654 48 30 39 0.9977481 
199 89 24 31 0.997134 
320 9 24 29 0.9968659 
445 142 25 31 0.9966599 
961 79 41 45 0.9938969 
448 54 30 34 0.9843834 
83 68 52 57 0.9791975 
328 244 33 39 0.9732723 
212 25 22 27 0.955002 
272 42 22 30 0.95048034 
614 141 57 49 0.9444652 
304 45 27 31 0.8803103 
247 84 27 33 0.8585775 
427 47 25 34 0.84289414 
192 56 24 30 0.7745001 
230 89 23 29 0.67141896 
430 42 16 20 0.39194885 
232 60 23 26 0.37434733 
711 47 38 47 0.3719064 
712 34 32 40 0.35557875 
24 68 28 31 0.2644618 
270 171 21 27 0.2644577 
471 91 22 27 0.25681344 
42 2 16 20 0.1772969 
218 90 25 32 0.1591113 
998 29 25 34 0.1508231 
591 115 43 54 0.14492346 
234 85 16 20 0.13403627 
228 126 25 32 0.11986784 
-1 351 24 60 0.11271969 
435 63 17 21 0.10643581 
696 49 31 42 0.076390825 
615 128 37 48 0.06573705 
25 60 22 25 0.06139474 
284 41 27 33 0.060343023 
227 110 23 30 0.052406423 
378 241 27 41 0.048480712 
33 1 22 28 0.04591768 
264 84 18 24 0.044396967 
318 240 55 74 0.042890947 
49 4 15 17 0.04116809 
209 67 14 18 0.038503733 
0 288 22 36 0.037460316 
747 511 63 53 0.03440859 
324 151 42 50 0.03252797 
291 35 16 23 0.032452483 
344 239 48 63 0.03170642 
201 50 18 21 0.031484503 
866 41 52 76 0.031262867 
189 68 18 22 0.030678237 
815 4 30 38 0.029225444 
69 388 13 16 0.02916568 
800 12 52 66 0.028984172 
583 107 33 45 0.028510284 
250 98 18 23 0.026910186 
640 151 35 37 0.026483934 
956 44 45 56 0.02633877 
972 24 43 53 0.02552137 
-15 520 230 219 0.025412925 
819 0 20 19 0.024916794 
402 255 29 38 0.024880389 
533 140 36 37 0.024841197 
227 104 17 22 0.024804128 
200 36 25 31 0.024182554 
270 36 16 22 0.023755439 
860 218 25 30 0.023633152 
554 130 58 56 0.023163378 
537 116 47 54 0.023153303 
669 55 30 39 0.022427108 
555 16 25 29 0.022305239 
179 74 25 30 0.022071231 
583 130 36 47 0.021824373 
0 295 13 23 0.02136878 
397 187 24 35 0.021116689 
326 48 27 34 0.021074899 
642 57 33 41 0.020560915 
803 -30 197 225 0.020454042 
