4_Dancing_Dancing_4_422
79
393 390 77 108 0.94959176 
500 86 77 119 0.83757406 
578 83 83 119 0.7892841 
255 29 348 460 0.7146515 
533 6 339 445 0.5445359 
318 401 70 97 0.5061197 
692 397 27 38 0.48568204 
352 387 79 115 0.3590739 
604 512 102 142 0.35096425 
170 432 296 304 0.26398227 
546 90 79 122 0.22806925 
420 700 14 19 0.15613733 
571 573 18 22 0.11831867 
636 619 18 21 0.11738521 
545 79 221 259 0.100115806 
424 381 81 116 0.086058326 
500 244 409 571 0.064501956 
971 614 16 21 0.060798816 
564 189 151 145 0.057411324 
598 65 132 176 0.056674037 
187 457 134 164 0.050155062 
406 71 101 139 0.048922796 
843 666 13 17 0.04716716 
844 440 18 21 0.047091186 
522 127 60 103 0.045095675 
605 564 14 17 0.044037152 
540 559 18 22 0.043347716 
599 522 67 96 0.04005546 
954 599 14 19 0.037421282 
579 677 28 29 0.03690031 
435 739 15 19 0.036684416 
434 725 17 19 0.036594346 
556 534 23 28 0.03487018 
597 678 16 19 0.034835223 
420 545 32 40 0.034729112 
563 610 14 17 0.034615684 
250 413 131 167 0.034406245 
440 699 13 17 0.033721678 
858 754 16 15 0.03365311 
708 399 24 34 0.033583708 
723 735 15 18 0.032116387 
483 617 17 23 0.031547174 
279 198 134 154 0.031347167 
253 667 14 16 0.031142902 
208 498 164 191 0.030693145 
647 531 78 93 0.029107593 
783 557 121 158 0.02890867 
523 591 18 22 0.027897477 
469 602 17 21 0.027536845 
548 182 38 59 0.027507415 
327 708 13 16 0.027146956 
668 611 16 21 0.026886953 
529 707 15 18 0.026842482 
965 613 27 35 0.026123801 
801 604 16 18 0.02578955 
741 392 13 15 0.025656637 
918 437 10 14 0.025554935 
673 401 28 35 0.025514707 
564 601 16 20 0.025071086 
486 65 181 248 0.024541162 
663 393 29 37 0.02358601 
678 641 39 49 0.023233332 
928 443 11 14 0.023024026 
330 661 18 18 0.022752093 
588 645 24 29 0.022693178 
569 683 26 30 0.022411436 
621 566 10 13 0.02237247 
781 679 15 20 0.022268917 
612 565 13 15 0.022203501 
529 78 67 101 0.02215077 
789 212 11 15 0.02198629 
514 662 17 20 0.021556268 
724 407 16 21 0.021385485 
743 659 13 16 0.020753833 
630 597 27 33 0.020593628 
546 513 16 17 0.020582667 
557 591 16 20 0.020487215 
540 736 15 20 0.020461328 
356 431 37 45 0.020102603 
