4_Dancing_Dancing_4_224
25
532 51 95 136 0.9997149 
304 67 91 125 0.9996935 
284 420 14 16 0.06537766 
219 278 26 31 0.0652364 
716 206 42 52 0.06296896 
207 266 30 40 0.05650897 
239 89 42 65 0.052964818 
196 231 18 23 0.048906498 
226 273 19 22 0.045407195 
276 341 12 15 0.04283156 
187 250 42 57 0.03541306 
690 609 297 270 0.033049688 
781 165 49 53 0.02956792 
767 178 53 61 0.02519959 
223 259 27 33 0.02462497 
253 603 67 64 0.024512263 
266 52 27 42 0.02383302 
225 400 18 21 0.02362332 
773 205 42 46 0.023354761 
356 133 34 45 0.023087043 
184 253 24 34 0.023014218 
211 270 43 60 0.022961538 
204 215 28 30 0.022007275 
246 149 34 37 0.021542143 
244 120 50 67 0.020622019 
