4_Dancing_Dancing_4_715
276
487 470 37 45 0.9984145 
74 455 39 45 0.9975178 
417 444 31 35 0.9974476 
411 108 40 63 0.994021 
661 125 39 55 0.9840591 
295 464 31 38 0.9391677 
170 347 19 24 0.7359329 
627 451 32 39 0.68690336 
197 117 13 16 0.6641864 
424 12 16 18 0.5981535 
350 123 14 16 0.5870281 
153 453 29 38 0.5667167 
113 337 14 18 0.40763316 
141 388 16 21 0.31007978 
116 115 16 18 0.2890201 
241 45 10 13 0.26016942 
264 302 27 35 0.25672507 
862 675 14 18 0.25022474 
152 363 13 17 0.23100835 
199 98 10 13 0.20206557 
197 45 9 12 0.19749273 
525 661 39 44 0.19743414 
159 44 9 12 0.19648272 
298 654 41 48 0.18509722 
313 123 14 16 0.18358397 
260 111 10 12 0.17913494 
279 269 11 12 0.1727279 
159 3 10 11 0.17098671 
182 110 9 13 0.16871856 
194 344 13 16 0.16725104 
946 659 16 18 0.1634718 
920 642 10 12 0.16275583 
192 365 14 18 0.15999462 
635 253 17 24 0.15732181 
502 57 11 14 0.15456901 
518 1 14 18 0.15011072 
272 101 11 12 0.14658126 
464 14 15 17 0.14545389 
158 98 10 13 0.13881196 
268 277 29 35 0.13803324 
78 113 14 15 0.13631858 
613 397 61 79 0.13518287 
482 1 15 18 0.13296749 
115 397 21 27 0.13181402 
351 106 10 13 0.122625075 
556 6 15 18 0.119840585 
275 179 11 14 0.11526818 
120 96 9 11 0.10881435 
151 332 13 16 0.10682876 
841 28 13 15 0.10559591 
155 118 15 18 0.10535585 
142 107 11 15 0.100540325 
193 334 12 16 0.10006971 
276 229 11 13 0.09995722 
463 287 12 17 0.0975371 
389 8 14 15 0.09462904 
461 408 13 17 0.09255032 
575 109 11 15 0.09207021 
503 16 14 17 0.09191214 
313 158 9 12 0.09104935 
619 499 17 19 0.08924088 
124 397 22 31 0.08820373 
423 348 12 16 0.0839223 
499 0 12 13 0.08238734 
295 111 11 14 0.08176498 
899 651 21 28 0.08017878 
444 0 14 18 0.0780657 
814 630 11 15 0.07629011 
313 179 12 16 0.07552164 
934 647 12 14 0.07340534 
785 645 11 13 0.07272224 
390 52 11 14 0.07137299 
237 5 12 13 0.07030625 
723 725 17 19 0.06862116 
233 119 11 14 0.067344114 
425 412 11 15 0.06672735 
81 96 8 11 0.06577135 
728 296 161 251 0.06465924 
465 55 12 14 0.06278589 
310 4 14 13 0.06252622 
349 688 17 22 0.06214399 
497 432 16 18 0.061637934 
836 70 10 13 0.060994923 
535 474 13 16 0.06061722 
199 3 14 15 0.060582723 
236 177 11 16 0.060186874 
123 43 10 14 0.058722746 
865 661 10 15 0.058528036 
539 60 10 13 0.057001743 
268 301 17 22 0.056055315 
761 625 14 16 0.05584918 
887 692 12 13 0.053428456 
196 62 10 13 0.05239159 
28 455 16 22 0.052297156 
257 115 11 14 0.051435668 
74 338 12 16 0.05028466 
152 338 15 19 0.04892148 
274 120 15 17 0.048638895 
234 286 12 14 0.04837765 
352 6 13 14 0.047352728 
204 100 9 12 0.047332678 
854 681 10 15 0.047274105 
185 383 26 33 0.047237873 
904 646 10 13 0.046830874 
190 367 20 28 0.046661533 
543 184 10 12 0.045799483 
124 94 10 12 0.044814866 
153 356 14 17 0.04383979 
575 60 9 12 0.04352252 
351 46 12 15 0.042591147 
294 0 14 13 0.042572465 
768 23 12 16 0.042381182 
275 46 10 13 0.041584935 
466 109 10 13 0.041503575 
262 91 11 14 0.041227385 
822 199 9 12 0.040969055 
313 101 11 13 0.040655933 
271 106 11 13 0.03994706 
238 40 12 14 0.03990951 
111 362 15 19 0.039777633 
236 111 10 11 0.03975338 
286 242 14 17 0.038915433 
511 1 14 16 0.038872022 
116 304 15 17 0.038640756 
489 -1 20 23 0.038361523 
458 457 15 18 0.038058233 
275 274 18 23 0.037950177 
422 425 14 17 0.03780135 
334 113 11 16 0.037119854 
444 659 49 55 0.037104007 
372 656 49 60 0.036669802 
704 724 16 17 0.03649743 
426 53 11 15 0.036377132 
156 662 28 33 0.036156613 
206 111 9 12 0.036126025 
149 100 13 15 0.03573419 
118 151 9 12 0.035499282 
373 2 14 13 0.035426266 
157 112 12 14 0.03469452 
268 465 14 19 0.034617007 
275 261 14 18 0.034305338 
505 189 9 12 0.03427352 
115 391 15 19 0.034270376 
191 427 16 19 0.034195308 
464 235 11 15 0.03398186 
298 113 12 15 0.033675037 
189 0 9 9 0.03352461 
184 0 10 9 0.03350057 
34 338 12 16 0.033453804 
628 364 76 115 0.033242363 
268 687 23 31 0.0331232 
255 32 12 16 0.033026155 
196 289 12 15 0.032929502 
38 147 12 15 0.032751586 
767 729 13 13 0.03250753 
335 92 10 13 0.032385662 
924 644 11 13 0.032336418 
144 388 24 32 0.032316435 
897 659 12 17 0.032198843 
909 649 24 31 0.03218083 
892 199 11 14 0.032146983 
430 5 21 26 0.03210115 
425 123 46 66 0.03200535 
221 0 11 10 0.031939816 
723 24 11 13 0.0316596 
294 31 12 17 0.031373356 
763 437 11 14 0.03129369 
193 400 16 20 0.031185638 
152 95 11 14 0.031062612 
885 30 11 15 0.030804947 
758 454 12 14 0.030536365 
268 288 18 22 0.030332698 
234 155 13 17 0.029986165 
250 292 45 54 0.029519353 
181 660 11 14 0.029401433 
275 235 13 16 0.029296335 
954 660 14 16 0.029125568 
163 97 13 15 0.029117178 
155 342 21 25 0.029100778 
782 16 12 15 0.029035226 
275 96 12 14 0.028907346 
466 35 13 15 0.028882071 
249 474 15 21 0.028841082 
158 62 11 13 0.028803628 
578 165 9 13 0.028737757 
28 437 40 50 0.028707953 
215 662 50 56 0.02860609 
258 0 14 12 0.028571414 
296 87 10 13 0.028460031 
215 109 11 14 0.028302113 
276 109 11 12 0.028186085 
146 108 14 15 0.028011661 
236 102 10 11 0.027787182 
865 200 9 11 0.027758213 
273 251 12 15 0.027570335 
33 302 12 15 0.027383605 
257 85 10 14 0.027370548 
203 30 10 12 0.027032452 
175 340 20 25 0.027012981 
177 114 10 13 0.026798328 
826 659 16 18 0.026738904 
372 96 25 37 0.026630878 
580 190 10 13 0.026313422 
541 16 15 19 0.02630587 
534 489 15 18 0.026225803 
315 107 12 13 0.025852207 
355 674 27 34 0.02568785 
466 165 9 12 0.025683697 
234 225 13 17 0.025626745 
652 21 13 16 0.025497152 
636 246 30 41 0.025443288 
920 649 23 30 0.025297495 
295 125 11 14 0.024953488 
332 0 15 16 0.024755748 
220 109 11 14 0.02474907 
309 427 16 18 0.024747783 
543 166 9 13 0.024571624 
230 346 10 15 0.024537805 
27 259 24 33 0.024509432 
295 132 11 14 0.024220744 
155 282 13 17 0.024155974 
351 157 12 14 0.024143592 
492 703 15 18 0.024125397 
192 306 13 15 0.024023527 
578 195 13 17 0.023955755 
457 431 16 19 0.02392834 
770 68 12 14 0.023748746 
392 32 10 12 0.023652438 
574 1 13 12 0.023536976 
637 246 14 17 0.023523748 
719 714 25 27 0.023486666 
459 398 12 16 0.02338052 
548 7 21 25 0.02336429 
595 83 12 15 0.023317646 
818 634 12 16 0.023291828 
158 454 14 21 0.023103174 
79 173 12 16 0.023063648 
526 123 9 12 0.023010354 
216 84 11 15 0.022982862 
145 379 16 20 0.022977911 
189 355 14 18 0.022776002 
557 245 14 18 0.02263116 
274 5 14 15 0.02260805 
113 425 16 21 0.022499552 
910 646 11 14 0.02242263 
180 39 11 15 0.022406843 
230 31 12 14 0.022271905 
929 656 22 26 0.022151047 
171 378 12 17 0.022088261 
573 433 15 20 0.022039644 
509 79 11 12 0.021912029 
833 75 12 16 0.021894604 
126 29 8 11 0.02173188 
900 663 13 18 0.02168368 
224 28 100 128 0.02145583 
366 408 50 62 0.02144095 
133 397 26 36 0.021391565 
652 60 12 15 0.021300117 
245 101 12 15 0.021174427 
847 682 14 17 0.02111629 
667 627 13 17 0.02098965 
463 279 13 16 0.020933576 
191 98 12 15 0.020921197 
942 655 13 17 0.02090398 
24 460 28 40 0.020832853 
367 113 12 16 0.020799726 
248 461 24 34 0.020671003 
914 641 22 27 0.020665921 
652 228 39 50 0.02058247 
274 239 19 27 0.020450925 
176 38 10 14 0.020445667 
223 115 10 13 0.020421559 
173 419 26 31 0.020369265 
260 449 25 33 0.020263923 
379 4 24 25 0.020052806 
312 46 12 15 0.020013861 
