4_Dancing_Dancing_4_375
53
226 165 60 89 0.9976102 
557 306 98 64 0.9935156 
907 294 14 19 0.1484762 
796 312 15 19 0.13077642 
999 326 11 13 0.12046118 
845 298 16 19 0.10644992 
898 289 20 25 0.089414135 
778 300 14 16 0.08236185 
972 349 10 13 0.0684209 
984 336 10 12 0.06715222 
901 286 13 18 0.058230978 
511 295 12 14 0.05644649 
967 333 10 13 0.05534427 
943 350 12 15 0.052112572 
908 287 12 16 0.051624447 
991 334 10 13 0.051144034 
459 294 10 12 0.048590735 
969 341 10 12 0.04267912 
72 331 11 15 0.04201696 
511 298 16 19 0.03749035 
472 295 10 11 0.037207574 
528 291 12 15 0.03466924 
881 671 24 26 0.033547137 
19 331 14 17 0.030860225 
887 290 39 56 0.03019873 
16 329 9 12 0.029812977 
473 285 9 12 0.027778735 
459 297 12 16 0.02650225 
884 280 25 32 0.026237657 
525 297 13 16 0.025689265 
942 342 13 16 0.025466083 
901 303 15 18 0.025445545 
993 327 11 14 0.025440522 
93 305 11 14 0.025162531 
895 295 14 19 0.024921307 
14 330 22 28 0.02449371 
446 296 10 12 0.024236113 
580 290 111 101 0.02419925 
458 307 12 16 0.023712255 
886 314 11 14 0.023590716 
457 289 9 11 0.02328355 
116 396 25 31 0.022317039 
903 313 24 32 0.022154089 
453 324 11 13 0.022128766 
846 289 12 14 0.021395756 
9 332 10 16 0.021288574 
935 325 11 15 0.021205269 
902 317 13 18 0.020981336 
471 300 10 13 0.020873342 
908 316 14 18 0.020820858 
849 293 15 18 0.020813277 
941 333 12 14 0.020603476 
914 291 12 18 0.020490604 
