4_Dancing_Dancing_4_1026
68
99 113 116 149 0.99996173 
795 114 115 145 0.99993896 
469 146 104 128 0.999933 
602 89 103 140 0.9999294 
291 150 99 145 0.99971145 
893 136 77 118 0.73877907 
565 669 13 16 0.5593474 
536 643 12 16 0.47713724 
461 662 12 15 0.30370176 
436 691 12 14 0.21911962 
611 658 14 17 0.1365496 
899 697 28 34 0.13096641 
1012 86 10 14 0.12909245 
493 711 13 16 0.100454554 
550 662 12 15 0.09832406 
532 658 13 17 0.095236786 
1004 633 20 38 0.094548985 
580 693 16 17 0.09257862 
472 685 13 17 0.09094748 
504 692 12 15 0.08331208 
285 86 14 18 0.076534644 
534 696 17 19 0.07249316 
516 678 11 15 0.072318524 
994 172 21 29 0.068708785 
511 684 11 15 0.06475362 
458 666 10 13 0.05796309 
991 671 17 20 0.057766095 
942 91 11 14 0.055805426 
290 89 15 19 0.05455415 
976 78 11 16 0.052020278 
549 615 15 17 0.05028394 
499 664 15 17 0.04859518 
346 359 44 62 0.046737652 
580 639 19 21 0.044877324 
288 95 28 33 0.042484827 
528 649 14 16 0.040165 
410 57 55 73 0.039945293 
926 183 40 55 0.03949136 
612 734 14 16 0.03377917 
997 57 13 18 0.033450413 
993 211 28 42 0.032943066 
991 58 13 17 0.03125891 
556 662 15 20 0.030784264 
369 58 16 21 0.030061383 
587 715 15 18 0.02994304 
390 51 94 123 0.029895758 
1005 147 11 15 0.029277127 
516 625 13 14 0.028588742 
1003 155 12 17 0.02742704 
1008 139 13 17 0.026525801 
612 740 17 18 0.025318729 
298 92 15 18 0.025200404 
494 631 14 17 0.02481983 
533 621 13 16 0.024387337 
554 101 107 126 0.024041334 
1001 151 11 14 0.023883814 
608 735 11 14 0.023401143 
557 82 15 20 0.023248227 
749 121 14 18 0.02271772 
630 621 15 17 0.022644812 
799 5 13 16 0.022058118 
525 624 13 16 0.02202768 
982 233 26 37 0.021813406 
496 691 11 15 0.021479554 
462 77 21 31 0.020702418 
1013 259 9 15 0.02053757 
566 715 15 19 0.020456417 
996 100 10 13 0.02040951 
