4_Dancing_Dancing_4_228
21
445 115 42 55 0.996908 
848 39 46 62 0.9930583 
611 101 43 55 0.9620243 
274 158 39 53 0.93814486 
575 145 26 42 0.17330484 
805 93 11 14 0.060271576 
569 363 47 65 0.043640863 
779 93 11 14 0.037713226 
799 94 13 15 0.034544162 
802 141 41 61 0.03290966 
792 93 10 13 0.03056666 
1000 175 11 14 0.027861632 
646 113 25 35 0.02683908 
551 115 12 14 0.026420265 
1006 174 12 14 0.026049035 
320 463 9 11 0.023623304 
1013 173 11 16 0.023534264 
821 161 16 22 0.023393653 
171 313 46 50 0.0226936 
811 92 11 15 0.02039333 
324 189 343 435 0.020030282 
